1.000000e-03 5.524125e+03 5.523618e+03 
6.040404e-03 2.497516e+04 2.509996e+04 
1.108081e-02 3.432981e+04 3.432771e+04 
1.612121e-02 3.722733e+04 3.697940e+04 
2.116162e-02 3.596695e+04 3.498573e+04 
2.620202e-02 3.230703e+04 3.049075e+04 
3.124242e-02 2.767207e+04 2.573277e+04 
3.628283e-02 2.310770e+04 2.177768e+04 
4.132323e-02 1.923998e+04 1.871349e+04 
4.636364e-02 1.629988e+04 1.633291e+04 
5.140404e-02 1.431551e+04 1.443574e+04 
5.644444e-02 1.310746e+04 1.288250e+04 
6.148485e-02 1.244366e+04 1.158223e+04 
6.652525e-02 1.208623e+04 1.047505e+04 
7.156566e-02 1.180746e+04 9.520070e+03 
7.660606e-02 1.142825e+04 8.688181e+03 
8.164646e-02 1.083869e+04 7.957836e+03 
8.668687e-02 1.001930e+04 7.312542e+03 
9.172727e-02 9.030146e+03 6.739335e+03 
9.676768e-02 7.977979e+03 6.227802e+03 
1.018081e-01 6.979115e+03 5.769442e+03 
1.068485e-01 6.128561e+03 5.357219e+03 
1.118889e-01 5.478897e+03 4.985250e+03 
1.169293e-01 5.037870e+03 4.648571e+03 
1.219697e-01 4.780943e+03 4.342965e+03 
1.270101e-01 4.664505e+03 4.064822e+03 
1.320505e-01 4.633813e+03 3.811042e+03 
1.370909e-01 4.628936e+03 3.578941e+03 
1.421313e-01 4.594606e+03 3.366195e+03 
1.471717e-01 4.491607e+03 3.170775e+03 
1.522121e-01 4.303415e+03 2.990909e+03 
1.572525e-01 4.035523e+03 2.825040e+03 
1.622929e-01 3.712781e+03 2.671799e+03 
1.673333e-01 3.372697e+03 2.529977e+03 
1.723737e-01 3.053968e+03 2.398503e+03 
1.774141e-01 2.785387e+03 2.276426e+03 
1.824545e-01 2.581055e+03 2.162901e+03 
1.874949e-01 2.442484e+03 2.057171e+03 
1.925354e-01 2.362740e+03 1.958563e+03 
1.975758e-01 2.328509e+03 1.866471e+03 
2.026162e-01 2.321164e+03 1.780351e+03 
2.076566e-01 2.319429e+03 1.699715e+03 
2.126970e-01 2.304053e+03 1.624121e+03 
2.177374e-01 2.261979e+03 1.553171e+03 
2.227778e-01 2.188087e+03 1.486503e+03 
2.278182e-01 2.084856e+03 1.423792e+03 
2.328586e-01 1.960866e+03 1.364740e+03 
2.378990e-01 1.828573e+03 1.309076e+03 
2.429394e-01 1.701193e+03 1.256554e+03 
2.479798e-01 1.589587e+03 1.206950e+03 
2.530202e-01 1.500453e+03 1.160057e+03 
2.580606e-01 1.436006e+03 1.115689e+03 
2.631010e-01 1.394509e+03 1.073672e+03 
2.681414e-01 1.371050e+03 1.033849e+03 
2.731818e-01 1.358731e+03 9.960736e+02 
2.782222e-01 1.349970e+03 9.602127e+02 
2.832626e-01 1.337743e+03 9.261430e+02 
2.883030e-01 1.316764e+03 8.937507e+02 
2.933434e-01 1.284219e+03 8.629309e+02 
2.983838e-01 1.240156e+03 8.335865e+02 
3.034242e-01 1.187194e+03 8.056277e+02 
3.084646e-01 1.129627e+03 7.789713e+02 
3.135051e-01 1.072297e+03 7.535401e+02 
3.185455e-01 1.019579e+03 7.292624e+02 
3.235859e-01 9.746179e+02 7.060717e+02 
3.286263e-01 9.389234e+02 6.839059e+02 
3.336667e-01 9.124370e+02 6.627074e+02 
3.387071e-01 8.937803e+02 6.424223e+02 
3.437475e-01 8.806306e+02 6.230007e+02 
3.487879e-01 8.702053e+02 6.043956e+02 
3.538283e-01 8.596585e+02 5.865632e+02 
3.588687e-01 8.466334e+02 5.694627e+02 
3.639091e-01 8.297065e+02 5.530558e+02 
3.689495e-01 8.085065e+02 5.373066e+02 
3.739899e-01 7.836174e+02 5.221814e+02 
3.790303e-01 7.563249e+02 5.076488e+02 
3.840707e-01 7.282776e+02 4.936790e+02 
3.891111e-01 7.012024e+02 4.802443e+02 
3.941515e-01 6.766079e+02 4.673186e+02 
3.991919e-01 6.554417e+02 4.548772e+02 
4.042323e-01 6.380008e+02 4.428969e+02 
4.092727e-01 6.239911e+02 4.313560e+02 
4.143131e-01 6.126963e+02 4.202338e+02 
4.193535e-01 6.031560e+02 4.095109e+02 
4.243939e-01 5.943024e+02 3.991691e+02 
4.294343e-01 5.851281e+02 3.891910e+02 
4.344747e-01 5.748668e+02 3.795603e+02 
4.395152e-01 5.631336e+02 3.702616e+02 
4.445556e-01 5.499432e+02 3.612801e+02 
4.495960e-01 5.356270e+02 3.526022e+02 
4.546364e-01 5.207320e+02 3.442146e+02 
4.596768e-01 5.058881e+02 3.361050e+02 
4.647172e-01 4.917112e+02 3.282615e+02 
4.697576e-01 4.787131e+02 3.206731e+02 
4.747980e-01 4.671653e+02 3.133290e+02 
4.798384e-01 4.571056e+02 3.062193e+02 
4.848788e-01 4.483717e+02 2.993344e+02 
4.899192e-01 4.406447e+02 2.926652e+02 
4.949596e-01 4.335351e+02 2.862030e+02 
5.000000e-01 4.266478e+02 2.799397e+02 
