1.000000e-03 2.523262e+03 2.523026e+03 
6.040404e-03 1.129362e+04 1.133557e+04 
1.108081e-02 1.558740e+04 1.543823e+04 
1.612121e-02 1.728997e+04 1.682887e+04 
2.116162e-02 1.747990e+04 1.670691e+04 
2.620202e-02 1.684370e+04 1.591767e+04 
3.124242e-02 1.584296e+04 1.492029e+04 
3.628283e-02 1.477013e+04 1.389043e+04 
4.132323e-02 1.378014e+04 1.289071e+04 
4.636364e-02 1.291831e+04 1.194596e+04 
5.140404e-02 1.218358e+04 1.106619e+04 
5.644444e-02 1.151461e+04 1.025417e+04 
6.148485e-02 1.087055e+04 9.508755e+03 
6.652525e-02 1.022504e+04 8.826678e+03 
7.156566e-02 9.564784e+03 8.203631e+03 
7.660606e-02 8.905342e+03 7.634899e+03 
8.164646e-02 8.279549e+03 7.115733e+03 
8.668687e-02 7.714862e+03 6.641565e+03 
9.172727e-02 7.220395e+03 6.208117e+03 
9.676768e-02 6.795314e+03 5.811451e+03 
1.018081e-01 6.434500e+03 5.447984e+03 
1.068485e-01 6.124127e+03 5.114478e+03 
1.118889e-01 5.841020e+03 4.808020e+03 
1.169293e-01 5.564600e+03 4.525999e+03 
1.219697e-01 5.285959e+03 4.266077e+03 
1.270101e-01 5.006739e+03 4.026163e+03 
1.320505e-01 4.733502e+03 3.804387e+03 
1.370909e-01 4.473609e+03 3.599078e+03 
1.421313e-01 4.233807e+03 3.408738e+03 
1.471717e-01 4.017918e+03 3.232028e+03 
1.522121e-01 3.826598e+03 3.067743e+03 
1.572525e-01 3.657735e+03 2.914805e+03 
1.622929e-01 3.506922e+03 2.772244e+03 
1.673333e-01 3.368142e+03 2.639186e+03 
1.723737e-01 3.235350e+03 2.514843e+03 
1.774141e-01 3.105056e+03 2.398505e+03 
1.824545e-01 2.976804e+03 2.289529e+03 
1.874949e-01 2.851379e+03 2.187334e+03 
1.925354e-01 2.730024e+03 2.091390e+03 
1.975758e-01 2.614602e+03 2.001221e+03 
2.026162e-01 2.507226e+03 1.916390e+03 
2.076566e-01 2.408744e+03 1.836500e+03 
2.126970e-01 2.318391e+03 1.761191e+03 
2.177374e-01 2.234803e+03 1.690131e+03 
2.227778e-01 2.156685e+03 1.623020e+03 
2.278182e-01 2.082764e+03 1.559582e+03 
2.328586e-01 2.011737e+03 1.499562e+03 
2.378990e-01 1.942831e+03 1.442729e+03 
2.429394e-01 1.875949e+03 1.388869e+03 
2.479798e-01 1.811423e+03 1.337787e+03 
2.530202e-01 1.749502e+03 1.289300e+03 
2.580606e-01 1.690337e+03 1.243243e+03 
2.631010e-01 1.634235e+03 1.199461e+03 
2.681414e-01 1.581488e+03 1.157812e+03 
2.731818e-01 1.531924e+03 1.118165e+03 
2.782222e-01 1.484966e+03 1.080398e+03 
2.832626e-01 1.440092e+03 1.044398e+03 
2.883030e-01 1.397064e+03 1.010060e+03 
2.933434e-01 1.355769e+03 9.772867e+02 
2.983838e-01 1.315980e+03 9.459881e+02 
3.034242e-01 1.277532e+03 9.160797e+02 
3.084646e-01 1.240383e+03 8.874832e+02 
3.135051e-01 1.204655e+03 8.601256e+02 
3.185455e-01 1.170469e+03 8.339386e+02 
3.235859e-01 1.137784e+03 8.088586e+02 
3.286263e-01 1.106453e+03 7.848262e+02 
3.336667e-01 1.076404e+03 7.617857e+02 
3.387071e-01 1.047627e+03 7.396851e+02 
3.437475e-01 1.020024e+03 7.184756e+02 
3.487879e-01 9.934383e+02 6.981115e+02 
3.538283e-01 9.677431e+02 6.785499e+02 
3.588687e-01 9.428883e+02 6.597505e+02 
3.639091e-01 9.188990e+02 6.416756e+02 
3.689495e-01 8.957785e+02 6.242895e+02 
3.739899e-01 8.734690e+02 6.075589e+02 
3.790303e-01 8.519199e+02 5.914523e+02 
3.840707e-01 8.311255e+02 5.759400e+02 
3.891111e-01 8.110894e+02 5.609940e+02 
3.941515e-01 7.917829e+02 5.465880e+02 
3.991919e-01 7.731300e+02 5.326971e+02 
4.042323e-01 7.550807e+02 5.192979e+02 
4.092727e-01 7.376223e+02 5.063680e+02 
4.143131e-01 7.207391e+02 4.938867e+02 
4.193535e-01 7.043937e+02 4.818339e+02 
4.243939e-01 6.885574e+02 4.701910e+02 
4.294343e-01 6.732068e+02 4.589401e+02 
4.344747e-01 6.583359e+02 4.480643e+02 
4.395152e-01 6.439477e+02 4.375478e+02 
4.445556e-01 6.300179e+02 4.273753e+02 
4.495960e-01 6.165022e+02 4.175326e+02 
4.546364e-01 6.033921e+02 4.080058e+02 
4.596768e-01 5.906847e+02 3.987821e+02 
4.647172e-01 5.783659e+02 3.898492e+02 
4.697576e-01 5.664065e+02 3.811953e+02 
4.747980e-01 5.547859e+02 3.728093e+02 
4.798384e-01 5.434995e+02 3.646806e+02 
4.848788e-01 5.325387e+02 3.567992e+02 
4.899192e-01 5.218960e+02 3.491553e+02 
4.949596e-01 5.115538e+02 3.417398e+02 
5.000000e-01 5.014911e+02 3.345441e+02 
