1.000000e-03 3.345902e+03 3.345602e+03 
6.040404e-03 1.525516e+04 1.532339e+04 
1.108081e-02 2.118445e+04 2.110079e+04 
1.612121e-02 2.335397e+04 2.298778e+04 
2.116162e-02 2.315686e+04 2.233983e+04 
2.620202e-02 2.160581e+04 2.047300e+04 
3.124242e-02 1.947785e+04 1.841499e+04 
3.628283e-02 1.732137e+04 1.656548e+04 
4.132323e-02 1.545895e+04 1.497434e+04 
4.636364e-02 1.400650e+04 1.360212e+04 
5.140404e-02 1.297690e+04 1.240573e+04 
5.644444e-02 1.226237e+04 1.135261e+04 
6.148485e-02 1.172419e+04 1.041903e+04 
6.652525e-02 1.124401e+04 9.587133e+03 
7.156566e-02 1.071219e+04 8.842883e+03 
7.660606e-02 1.007320e+04 8.174848e+03 
8.164646e-02 9.331700e+03 7.573487e+03 
8.668687e-02 8.538591e+03 7.030717e+03 
9.172727e-02 7.758643e+03 6.539615e+03 
9.676768e-02 7.049625e+03 6.094213e+03 
1.018081e-01 6.455011e+03 5.689342e+03 
1.068485e-01 5.997530e+03 5.320507e+03 
1.118889e-01 5.671638e+03 4.983790e+03 
1.169293e-01 5.446707e+03 4.675765e+03 
1.219697e-01 5.280471e+03 4.393430e+03 
1.270101e-01 5.132155e+03 4.134146e+03 
1.320505e-01 4.969331e+03 3.895592e+03 
1.370909e-01 4.771536e+03 3.675718e+03 
1.421313e-01 4.533007e+03 3.472713e+03 
1.471717e-01 4.262373e+03 3.284969e+03 
1.522121e-01 3.978207e+03 3.111061e+03 
1.572525e-01 3.702473e+03 2.949718e+03 
1.622929e-01 3.454620e+03 2.799810e+03 
1.673333e-01 3.248032e+03 2.660323e+03 
1.723737e-01 3.087020e+03 2.530353e+03 
1.774141e-01 2.966931e+03 2.409086e+03 
1.824545e-01 2.877322e+03 2.295793e+03 
1.874949e-01 2.805284e+03 2.189816e+03 
1.925354e-01 2.738009e+03 2.090562e+03 
1.975758e-01 2.664375e+03 1.997495e+03 
2.026162e-01 2.577281e+03 1.910130e+03 
2.076566e-01 2.475333e+03 1.828027e+03 
2.126970e-01 2.362310e+03 1.750788e+03 
2.177374e-01 2.244859e+03 1.678049e+03 
2.227778e-01 2.130106e+03 1.609479e+03 
2.278182e-01 2.024552e+03 1.544778e+03 
2.328586e-01 1.932865e+03 1.483669e+03 
2.378990e-01 1.856889e+03 1.425900e+03 
2.429394e-01 1.795495e+03 1.371242e+03 
2.479798e-01 1.745521e+03 1.319481e+03 
2.530202e-01 1.702850e+03 1.270423e+03 
2.580606e-01 1.663073e+03 1.223891e+03 
2.631010e-01 1.622137e+03 1.179719e+03 
2.681414e-01 1.577221e+03 1.137755e+03 
2.731818e-01 1.527521e+03 1.097860e+03 
2.782222e-01 1.474133e+03 1.059904e+03 
2.832626e-01 1.419163e+03 1.023768e+03 
2.883030e-01 1.364894e+03 9.893406e+02 
2.933434e-01 1.313403e+03 9.565198e+02 
2.983838e-01 1.266438e+03 9.252103e+02 
3.034242e-01 1.225061e+03 8.953236e+02 
3.084646e-01 1.189333e+03 8.667775e+02 
3.135051e-01 1.158303e+03 8.394957e+02 
3.185455e-01 1.130473e+03 8.134069e+02 
3.235859e-01 1.104337e+03 7.884448e+02 
3.286263e-01 1.078617e+03 7.645474e+02 
3.336667e-01 1.052346e+03 7.416571e+02 
3.387071e-01 1.024959e+03 7.197197e+02 
3.437475e-01 9.964257e+02 6.986848e+02 
3.487879e-01 9.672604e+02 6.785050e+02 
3.538283e-01 9.383022e+02 6.591362e+02 
3.588687e-01 9.103837e+02 6.405368e+02 
3.639091e-01 8.840975e+02 6.226678e+02 
3.689495e-01 8.597750e+02 6.054927e+02 
3.739899e-01 8.375142e+02 5.889771e+02 
3.790303e-01 8.172190e+02 5.730888e+02 
3.840707e-01 7.985307e+02 5.577973e+02 
3.891111e-01 7.809322e+02 5.430741e+02 
3.941515e-01 7.638791e+02 5.288922e+02 
3.991919e-01 7.469955e+02 5.152262e+02 
4.042323e-01 7.300561e+02 5.020522e+02 
4.092727e-01 7.129875e+02 4.893476e+02 
4.143131e-01 6.958557e+02 4.770910e+02 
4.193535e-01 6.788359e+02 4.652622e+02 
4.243939e-01 6.621925e+02 4.538422e+02 
4.294343e-01 6.461780e+02 4.428129e+02 
4.344747e-01 6.309516e+02 4.321573e+02 
4.395152e-01 6.165688e+02 4.218591e+02 
4.445556e-01 6.030128e+02 4.119031e+02 
4.495960e-01 5.902210e+02 4.022748e+02 
4.546364e-01 5.780466e+02 3.929603e+02 
4.596768e-01 5.663286e+02 3.839465e+02 
4.647172e-01 5.548961e+02 3.752212e+02 
4.697576e-01 5.436274e+02 3.667723e+02 
4.747980e-01 5.324813e+02 3.585889e+02 
4.798384e-01 5.214523e+02 3.506601e+02 
4.848788e-01 5.105695e+02 3.429759e+02 
4.899192e-01 4.998889e+02 3.355266e+02 
4.949596e-01 4.894727e+02 3.283031e+02 
5.000000e-01 4.794013e+02 3.212965e+02 
