1.000000e-03 4.989803e+03 4.989338e+03 
6.040404e-03 2.246228e+04 2.256960e+04 
1.108081e-02 3.083137e+04 3.079631e+04 
1.612121e-02 3.344815e+04 3.313605e+04 
2.116162e-02 3.240398e+04 3.141603e+04 
2.620202e-02 2.927458e+04 2.762165e+04 
3.124242e-02 2.531530e+04 2.365111e+04 
3.628283e-02 2.143168e+04 2.032926e+04 
4.132323e-02 1.815577e+04 1.770572e+04 
4.636364e-02 1.567436e+04 1.561923e+04 
5.140404e-02 1.400892e+04 1.391949e+04 
5.644444e-02 1.298449e+04 1.250201e+04 
6.148485e-02 1.239127e+04 1.129778e+04 
6.652525e-02 1.201313e+04 1.026037e+04 
7.156566e-02 1.165059e+04 9.357270e+03 
7.660606e-02 1.115928e+04 8.564720e+03 
8.164646e-02 1.046936e+04 7.864681e+03 
8.668687e-02 9.595409e+03 7.243037e+03 
9.172727e-02 8.613213e+03 6.688474e+03 
9.676768e-02 7.625737e+03 6.191762e+03 
1.018081e-01 6.732519e+03 5.745256e+03 
1.068485e-01 6.005335e+03 5.342561e+03 
1.118889e-01 5.473931e+03 4.978276e+03 
1.169293e-01 5.129045e+03 4.647806e+03 
1.219697e-01 4.935026e+03 4.347220e+03 
1.270101e-01 4.842866e+03 4.073136e+03 
1.320505e-01 4.796900e+03 3.822627e+03 
1.370909e-01 4.742561e+03 3.593157e+03 
1.421313e-01 4.636923e+03 3.382512e+03 
1.471717e-01 4.458034e+03 3.188757e+03 
1.522121e-01 4.206469e+03 3.010196e+03 
1.572525e-01 3.901048e+03 2.845334e+03 
1.622929e-01 3.572804e+03 2.692852e+03 
1.673333e-01 3.257389e+03 2.551583e+03 
1.723737e-01 2.984350e+03 2.420491e+03 
1.774141e-01 2.770732e+03 2.298653e+03 
1.824545e-01 2.619481e+03 2.185249e+03 
1.874949e-01 2.524252e+03 2.079543e+03 
1.925354e-01 2.472523e+03 1.980877e+03 
1.975758e-01 2.447339e+03 1.888659e+03 
2.026162e-01 2.429129e+03 1.802360e+03 
2.076566e-01 2.399687e+03 1.721498e+03 
2.126970e-01 2.346554e+03 1.645642e+03 
2.177374e-01 2.265283e+03 1.574401e+03 
2.227778e-01 2.158761e+03 1.507419e+03 
2.278182e-01 2.035323e+03 1.444375e+03 
2.328586e-01 1.906325e+03 1.384975e+03 
2.378990e-01 1.783449e+03 1.328954e+03 
2.429394e-01 1.676220e+03 1.276067e+03 
2.479798e-01 1.590294e+03 1.226093e+03 
2.530202e-01 1.527215e+03 1.178829e+03 
2.580606e-01 1.484682e+03 1.134088e+03 
2.631010e-01 1.457565e+03 1.091699e+03 
2.681414e-01 1.439027e+03 1.051506e+03 
2.731818e-01 1.422057e+03 1.013364e+03 
2.782222e-01 1.400647e+03 9.771407e+02 
2.832626e-01 1.370764e+03 9.427130e+02 
2.883030e-01 1.330767e+03 9.099681e+02 
2.933434e-01 1.281599e+03 8.788015e+02 
2.983838e-01 1.226268e+03 8.491165e+02 
3.034242e-01 1.168997e+03 8.208235e+02 
3.084646e-01 1.114026e+03 7.938395e+02 
3.135051e-01 1.064814e+03 7.680876e+02 
3.185455e-01 1.023501e+03 7.434961e+02 
3.235859e-01 9.907751e+02 7.199985e+02 
3.286263e-01 9.659092e+02 6.975328e+02 
3.336667e-01 9.470903e+02 6.760414e+02 
3.387071e-01 9.318681e+02 6.554705e+02 
3.437475e-01 9.176689e+02 6.357698e+02 
3.487879e-01 9.022212e+02 6.168924e+02 
3.538283e-01 8.839238e+02 5.987946e+02 
3.588687e-01 8.620934e+02 5.814352e+02 
3.639091e-01 8.370002e+02 5.647758e+02 
3.689495e-01 8.096856e+02 5.487805e+02 
3.739899e-01 7.815766e+02 5.334155e+02 
3.790303e-01 7.541571e+02 5.186492e+02 
3.840707e-01 7.287204e+02 5.044517e+02 
3.891111e-01 7.062140e+02 4.907952e+02 
3.941515e-01 6.870362e+02 4.776532e+02 
3.991919e-01 6.710548e+02 4.650012e+02 
4.042323e-01 6.576303e+02 4.528157e+02 
4.092727e-01 6.458648e+02 4.410748e+02 
4.143131e-01 6.348178e+02 4.297578e+02 
4.193535e-01 6.236677e+02 4.188451e+02 
4.243939e-01 6.117631e+02 4.083183e+02 
4.294343e-01 5.987444e+02 3.981600e+02 
4.344747e-01 5.845904e+02 3.883537e+02 
4.395152e-01 5.695982e+02 3.788838e+02 
4.445556e-01 5.542787e+02 3.697355e+02 
4.495960e-01 5.391838e+02 3.608950e+02 
4.546364e-01 5.247890e+02 3.523489e+02 
4.596768e-01 5.114730e+02 3.440848e+02 
4.647172e-01 4.994524e+02 3.360907e+02 
4.697576e-01 4.887537e+02 3.283554e+02 
4.747980e-01 4.792017e+02 3.208681e+02 
4.798384e-01 4.704897e+02 3.136187e+02 
4.848788e-01 4.622655e+02 3.065976e+02 
4.899192e-01 4.541874e+02 2.997954e+02 
4.949596e-01 4.460110e+02 2.932036e+02 
5.000000e-01 4.375686e+02 2.868138e+02 
