1.000000e-03 2.870891e+03 2.870630e+03 
6.040404e-03 1.306598e+04 1.312031e+04 
1.108081e-02 1.809006e+04 1.796838e+04 
1.612121e-02 1.998666e+04 1.955883e+04 
2.116162e-02 1.999088e+04 1.919382e+04 
2.620202e-02 1.894501e+04 1.795480e+04 
3.124242e-02 1.745354e+04 1.653165e+04 
3.628283e-02 1.592322e+04 1.517281e+04 
4.132323e-02 1.457953e+04 1.392987e+04 
4.636364e-02 1.349038e+04 1.280308e+04 
5.140404e-02 1.267355e+04 1.178343e+04 
5.644444e-02 1.201510e+04 1.086117e+04 
6.148485e-02 1.142983e+04 1.002703e+04 
6.652525e-02 1.084355e+04 9.272353e+03 
7.156566e-02 1.020566e+04 8.589143e+03 
7.660606e-02 9.509643e+03 7.970038e+03 
8.164646e-02 8.787006e+03 7.408343e+03 
8.668687e-02 8.086905e+03 6.898018e+03 
9.172727e-02 7.450853e+03 6.433648e+03 
9.676768e-02 6.905438e+03 6.010401e+03 
1.018081e-01 6.463713e+03 5.623979e+03 
1.068485e-01 6.121360e+03 5.270567e+03 
1.118889e-01 5.854014e+03 4.946783e+03 
1.169293e-01 5.626470e+03 4.649629e+03 
1.219697e-01 5.407654e+03 4.376448e+03 
1.270101e-01 5.177623e+03 4.124883e+03 
1.320505e-01 4.928044e+03 3.892840e+03 
1.370909e-01 4.661066e+03 3.678460e+03 
1.421313e-01 4.387401e+03 3.480086e+03 
1.471717e-01 4.121880e+03 3.296243e+03 
1.522121e-01 3.877753e+03 3.125614e+03 
1.572525e-01 3.663745e+03 2.967021e+03 
1.622929e-01 3.484042e+03 2.819407e+03 
1.673333e-01 3.336885e+03 2.681828e+03 
1.723737e-01 3.214884e+03 2.553433e+03 
1.774141e-01 3.107480e+03 2.433455e+03 
1.824545e-01 3.005063e+03 2.321206e+03 
1.874949e-01 2.901066e+03 2.216061e+03 
1.925354e-01 2.791988e+03 2.117458e+03 
1.975758e-01 2.677329e+03 2.024886e+03 
2.026162e-01 2.559597e+03 1.937881e+03 
2.076566e-01 2.443422e+03 1.856022e+03 
2.126970e-01 2.333670e+03 1.778928e+03 
2.177374e-01 2.233604e+03 1.706248e+03 
2.227778e-01 2.144681e+03 1.637664e+03 
2.278182e-01 2.066789e+03 1.572885e+03 
2.328586e-01 1.998241e+03 1.511645e+03 
2.378990e-01 1.936359e+03 1.453699e+03 
2.429394e-01 1.878345e+03 1.398825e+03 
2.479798e-01 1.821836e+03 1.346815e+03 
2.530202e-01 1.765234e+03 1.297481e+03 
2.580606e-01 1.707700e+03 1.250649e+03 
2.631010e-01 1.649420e+03 1.206158e+03 
2.681414e-01 1.591574e+03 1.163860e+03 
2.731818e-01 1.535777e+03 1.123618e+03 
2.782222e-01 1.483192e+03 1.085305e+03 
2.832626e-01 1.434316e+03 1.048804e+03 
2.883030e-01 1.389256e+03 1.014006e+03 
2.933434e-01 1.347875e+03 9.808110e+02 
2.983838e-01 1.309702e+03 9.491244e+02 
3.034242e-01 1.273861e+03 9.188593e+02 
3.084646e-01 1.239399e+03 8.899349e+02 
3.135051e-01 1.205650e+03 8.622755e+02 
3.185455e-01 1.172355e+03 8.358109e+02 
3.235859e-01 1.139495e+03 8.104754e+02 
3.286263e-01 1.107143e+03 7.862078e+02 
3.336667e-01 1.075514e+03 7.629508e+02 
3.387071e-01 1.044976e+03 7.406508e+02 
3.437475e-01 1.015868e+03 7.192578e+02 
3.487879e-01 9.883642e+02 6.987246e+02 
3.538283e-01 9.624133e+02 6.790073e+02 
3.588687e-01 9.378366e+02 6.600647e+02 
3.639091e-01 9.144498e+02 6.418578e+02 
3.689495e-01 8.920410e+02 6.243504e+02 
3.739899e-01 8.703826e+02 6.075080e+02 
3.790303e-01 8.492926e+02 5.912986e+02 
3.840707e-01 8.286644e+02 5.756918e+02 
3.891111e-01 8.084932e+02 5.606590e+02 
3.941515e-01 7.888503e+02 5.461733e+02 
3.991919e-01 7.697709e+02 5.322092e+02 
4.042323e-01 7.513034e+02 5.187428e+02 
4.092727e-01 7.335141e+02 5.057515e+02 
4.143131e-01 7.164512e+02 4.932138e+02 
4.193535e-01 7.001066e+02 4.811095e+02 
4.243939e-01 6.843895e+02 4.694196e+02 
4.294343e-01 6.692137e+02 4.581258e+02 
4.344747e-01 6.545403e+02 4.472110e+02 
4.395152e-01 6.403252e+02 4.366590e+02 
4.445556e-01 6.265105e+02 4.264543e+02 
4.495960e-01 6.130422e+02 4.165824e+02 
4.546364e-01 5.999000e+02 4.070294e+02 
4.596768e-01 5.871232e+02 3.977821e+02 
4.647172e-01 5.747207e+02 3.888280e+02 
4.697576e-01 5.626862e+02 3.801551e+02 
4.747980e-01 5.510153e+02 3.717523e+02 
4.798384e-01 5.397063e+02 3.636088e+02 
4.848788e-01 5.287642e+02 3.557143e+02 
4.899192e-01 5.181797e+02 3.480591e+02 
4.949596e-01 5.079109e+02 3.406338e+02 
5.000000e-01 4.979208e+02 3.334298e+02 
