1.000000e-03 3.261249e+03 3.260949e+03 
6.040404e-03 1.446791e+04 1.452871e+04 
1.108081e-02 1.986857e+04 1.975379e+04 
1.612121e-02 2.179622e+04 2.137197e+04 
2.116162e-02 2.161917e+04 2.078392e+04 
2.620202e-02 2.027757e+04 1.920998e+04 
3.124242e-02 1.845905e+04 1.747814e+04 
3.628283e-02 1.662950e+04 1.588342e+04 
4.132323e-02 1.505034e+04 1.446898e+04 
4.636364e-02 1.380881e+04 1.321678e+04 
5.140404e-02 1.289237e+04 1.210341e+04 
5.644444e-02 1.220561e+04 1.110951e+04 
6.148485e-02 1.163071e+04 1.021955e+04 
6.652525e-02 1.106919e+04 9.420750e+03 
7.156566e-02 1.044905e+04 8.702233e+03 
7.660606e-02 9.747608e+03 8.054630e+03 
8.164646e-02 8.991287e+03 7.469777e+03 
8.668687e-02 8.234484e+03 6.940536e+03 
9.172727e-02 7.530082e+03 6.460656e+03 
9.676768e-02 6.917447e+03 6.024656e+03 
1.018081e-01 6.420397e+03 5.627732e+03 
1.068485e-01 6.042424e+03 5.265665e+03 
1.118889e-01 5.763140e+03 4.934750e+03 
1.169293e-01 5.545819e+03 4.631727e+03 
1.219697e-01 5.352050e+03 4.353728e+03 
1.270101e-01 5.152357e+03 4.098221e+03 
1.320505e-01 4.929296e+03 3.862970e+03 
1.370909e-01 4.677890e+03 3.645998e+03 
1.421313e-01 4.405314e+03 3.445550e+03 
1.471717e-01 4.127245e+03 3.260069e+03 
1.522121e-01 3.861388e+03 3.088169e+03 
1.572525e-01 3.622303e+03 2.928615e+03 
1.622929e-01 3.419704e+03 2.780303e+03 
1.673333e-01 3.256543e+03 2.642246e+03 
1.723737e-01 3.128116e+03 2.513559e+03 
1.774141e-01 3.024200e+03 2.393449e+03 
1.824545e-01 2.932885e+03 2.281198e+03 
1.874949e-01 2.844014e+03 2.176165e+03 
1.925354e-01 2.750111e+03 2.077766e+03 
1.975758e-01 2.647064e+03 1.985476e+03 
2.026162e-01 2.535088e+03 1.898818e+03 
2.076566e-01 2.418282e+03 1.817362e+03 
2.126970e-01 2.302593e+03 1.740713e+03 
2.177374e-01 2.193551e+03 1.668515e+03 
2.227778e-01 2.095198e+03 1.600442e+03 
2.278182e-01 2.009647e+03 1.536197e+03 
2.328586e-01 1.936830e+03 1.475508e+03 
2.378990e-01 1.874715e+03 1.418128e+03 
2.429394e-01 1.820016e+03 1.363828e+03 
2.479798e-01 1.769291e+03 1.312400e+03 
2.530202e-01 1.719506e+03 1.263651e+03 
2.580606e-01 1.668357e+03 1.217405e+03 
2.631010e-01 1.614693e+03 1.173499e+03 
2.681414e-01 1.558924e+03 1.131784e+03 
2.731818e-01 1.502685e+03 1.092121e+03 
2.782222e-01 1.447880e+03 1.054382e+03 
2.832626e-01 1.395987e+03 1.018449e+03 
2.883030e-01 1.347963e+03 9.842116e+02 
2.933434e-01 1.304367e+03 9.515695e+02 
2.983838e-01 1.265268e+03 9.204278e+02 
3.034242e-01 1.230030e+03 8.906991e+02 
3.084646e-01 1.197501e+03 8.623019e+02 
3.135051e-01 1.166459e+03 8.351606e+02 
3.185455e-01 1.136025e+03 8.092045e+02 
3.235859e-01 1.105670e+03 7.843679e+02 
3.286263e-01 1.075157e+03 7.605894e+02 
3.336667e-01 1.044519e+03 7.378118e+02 
3.387071e-01 1.014100e+03 7.159814e+02 
3.437475e-01 9.844560e+02 6.950481e+02 
3.487879e-01 9.561268e+02 6.749650e+02 
3.538283e-01 9.294576e+02 6.556883e+02 
3.588687e-01 9.045119e+02 6.371765e+02 
3.639091e-01 8.812047e+02 6.193912e+02 
3.689495e-01 8.593342e+02 6.022960e+02 
3.739899e-01 8.386344e+02 5.858568e+02 
3.790303e-01 8.187646e+02 5.700415e+02 
3.840707e-01 7.994062e+02 5.548200e+02 
3.891111e-01 7.803536e+02 5.401638e+02 
3.941515e-01 7.615488e+02 5.260462e+02 
3.991919e-01 7.430260e+02 5.124419e+02 
4.042323e-01 7.248553e+02 4.993272e+02 
4.092727e-01 7.071535e+02 4.866796e+02 
4.143131e-01 6.900642e+02 4.744778e+02 
4.193535e-01 6.737018e+02 4.627018e+02 
4.243939e-01 6.580999e+02 4.513326e+02 
4.294343e-01 6.432073e+02 4.403524e+02 
4.344747e-01 6.289488e+02 4.297440e+02 
4.395152e-01 6.152525e+02 4.194916e+02 
4.445556e-01 6.020318e+02 4.095797e+02 
4.495960e-01 5.891873e+02 3.999940e+02 
4.546364e-01 5.766342e+02 3.907207e+02 
4.596768e-01 5.643340e+02 3.817469e+02 
4.647172e-01 5.523015e+02 3.730601e+02 
4.697576e-01 5.405641e+02 3.646487e+02 
4.747980e-01 5.291295e+02 3.565016e+02 
4.798384e-01 5.180195e+02 3.486080e+02 
4.848788e-01 5.072624e+02 3.409579e+02 
4.899192e-01 4.968826e+02 3.335418e+02 
4.949596e-01 4.868717e+02 3.263504e+02 
5.000000e-01 4.771962e+02 3.193751e+02 
