1.000000e-03 5.462806e+03 5.462297e+03 
6.040404e-03 2.429715e+04 2.441329e+04 
1.108081e-02 3.305202e+04 3.301762e+04 
1.612121e-02 3.556474e+04 3.523045e+04 
2.116162e-02 3.417896e+04 3.311467e+04 
2.620202e-02 3.063406e+04 2.889695e+04 
3.124242e-02 2.629593e+04 2.461240e+04 
3.628283e-02 2.212593e+04 2.108048e+04 
4.132323e-02 1.866958e+04 1.831147e+04 
4.636364e-02 1.609521e+04 1.611778e+04 
5.140404e-02 1.440334e+04 1.433524e+04 
5.644444e-02 1.338428e+04 1.285189e+04 
6.148485e-02 1.280483e+04 1.159426e+04 
6.652525e-02 1.242309e+04 1.051302e+04 
7.156566e-02 1.203369e+04 9.573620e+03 
7.660606e-02 1.148957e+04 8.750773e+03 
8.164646e-02 1.072645e+04 8.025295e+03 
8.668687e-02 9.772513e+03 7.382171e+03 
9.172727e-02 8.720198e+03 6.809384e+03 
9.676768e-02 7.685425e+03 6.297138e+03 
1.018081e-01 6.772206e+03 5.837336e+03 
1.068485e-01 6.047987e+03 5.423216e+03 
1.118889e-01 5.534464e+03 5.049077e+03 
1.169293e-01 5.214161e+03 4.710079e+03 
1.219697e-01 5.044702e+03 4.402088e+03 
1.270101e-01 4.970095e+03 4.121555e+03 
1.320505e-01 4.928491e+03 3.865414e+03 
1.370909e-01 4.862787e+03 3.631010e+03 
1.421313e-01 4.732992e+03 3.416033e+03 
1.471717e-01 4.522962e+03 3.218467e+03 
1.522121e-01 4.239341e+03 3.036542e+03 
1.572525e-01 3.906611e+03 2.868706e+03 
1.622929e-01 3.561469e+03 2.713589e+03 
1.673333e-01 3.242067e+03 2.569982e+03 
1.723737e-01 2.976205e+03 2.436810e+03 
1.774141e-01 2.776325e+03 2.313120e+03 
1.824545e-01 2.640957e+03 2.198063e+03 
1.874949e-01 2.560848e+03 2.090880e+03 
1.925354e-01 2.520915e+03 1.990892e+03 
1.975758e-01 2.501426e+03 1.897490e+03 
2.026162e-01 2.480886e+03 1.810128e+03 
2.076566e-01 2.441688e+03 1.728312e+03 
2.126970e-01 2.374264e+03 1.651599e+03 
2.177374e-01 2.277560e+03 1.579585e+03 
2.227778e-01 2.157442e+03 1.511907e+03 
2.278182e-01 2.024333e+03 1.448236e+03 
2.328586e-01 1.891004e+03 1.388270e+03 
2.378990e-01 1.769434e+03 1.331737e+03 
2.429394e-01 1.668043e+03 1.278389e+03 
2.479798e-01 1.590553e+03 1.227998e+03 
2.530202e-01 1.536281e+03 1.180356e+03 
2.580606e-01 1.501207e+03 1.135273e+03 
2.631010e-01 1.478903e+03 1.092576e+03 
2.681414e-01 1.461781e+03 1.052103e+03 
2.731818e-01 1.442631e+03 1.013708e+03 
2.782222e-01 1.416017e+03 9.772549e+02 
2.832626e-01 1.379177e+03 9.426198e+02 
2.883030e-01 1.332017e+03 9.096872e+02 
2.933434e-01 1.276856e+03 8.783508e+02 
2.983838e-01 1.217675e+03 8.485122e+02 
3.034242e-01 1.159086e+03 8.200805e+02 
3.084646e-01 1.105312e+03 7.929712e+02 
3.135051e-01 1.059248e+03 7.671063e+02 
3.185455e-01 1.022134e+03 7.424129e+02 
3.235859e-01 9.936197e+02 7.188236e+02 
3.286263e-01 9.721681e+02 6.962755e+02 
3.336667e-01 9.554784e+02 6.747102e+02 
3.387071e-01 9.408021e+02 6.540731e+02 
3.437475e-01 9.255120e+02 6.343133e+02 
3.487879e-01 9.075996e+02 6.153833e+02 
3.538283e-01 8.860888e+02 5.972386e+02 
3.588687e-01 8.610599e+02 5.798379e+02 
3.639091e-01 8.333875e+02 5.631421e+02 
3.689495e-01 8.044178e+02 5.471150e+02 
3.739899e-01 7.757069e+02 5.317223e+02 
3.790303e-01 7.487661e+02 5.169320e+02 
3.840707e-01 7.247402e+02 5.027140e+02 
3.891111e-01 7.041717e+02 4.890401e+02 
3.941515e-01 6.869645e+02 4.758838e+02 
3.991919e-01 6.725440e+02 4.632200e+02 
4.042323e-01 6.600858e+02 4.510252e+02 
4.092727e-01 6.486297e+02 4.392772e+02 
4.143131e-01 6.371940e+02 4.279552e+02 
4.193535e-01 6.250403e+02 4.170393e+02 
4.243939e-01 6.117637e+02 4.065111e+02 
4.294343e-01 5.973300e+02 3.963529e+02 
4.344747e-01 5.819929e+02 3.865481e+02 
4.395152e-01 5.662365e+02 3.770810e+02 
4.445556e-01 5.505935e+02 3.679367e+02 
4.495960e-01 5.356401e+02 3.591013e+02 
4.546364e-01 5.217991e+02 3.505612e+02 
4.596768e-01 5.093025e+02 3.423041e+02 
4.647172e-01 4.981557e+02 3.343177e+02 
4.697576e-01 4.881881e+02 3.265909e+02 
4.747980e-01 4.791320e+02 3.191128e+02 
4.798384e-01 4.706252e+02 3.118732e+02 
4.848788e-01 4.622986e+02 3.048624e+02 
4.899192e-01 4.538589e+02 2.980710e+02 
4.949596e-01 4.451289e+02 2.914905e+02 
5.000000e-01 4.360783e+02 2.851122e+02 
