1.000000e-03 3.061967e+03 3.061688e+03 
6.040404e-03 1.356059e+04 1.361666e+04 
1.108081e-02 1.868857e+04 1.857010e+04 
1.612121e-02 2.060962e+04 2.018649e+04 
2.116162e-02 2.058416e+04 1.977806e+04 
2.620202e-02 1.947203e+04 1.845291e+04 
3.124242e-02 1.789651e+04 1.694226e+04 
3.628283e-02 1.627981e+04 1.551292e+04 
4.132323e-02 1.485868e+04 1.421647e+04 
4.636364e-02 1.371309e+04 1.304870e+04 
5.140404e-02 1.285759e+04 1.199680e+04 
5.644444e-02 1.218043e+04 1.104841e+04 
6.148485e-02 1.159132e+04 1.019260e+04 
6.652525e-02 1.101274e+04 9.419640e+03 
7.156566e-02 1.038299e+04 8.720778e+03 
7.660606e-02 9.685940e+03 8.088133e+03 
8.164646e-02 8.950504e+03 7.514630e+03 
8.668687e-02 8.228763e+03 6.993941e+03 
9.172727e-02 7.566380e+03 6.520423e+03 
9.676768e-02 6.992761e+03 6.089066e+03 
1.018081e-01 6.524129e+03 5.695426e+03 
1.068485e-01 6.160838e+03 5.335567e+03 
1.118889e-01 5.883080e+03 5.006008e+03 
1.169293e-01 5.655885e+03 4.703666e+03 
1.219697e-01 5.444157e+03 4.425813e+03 
1.270101e-01 5.223420e+03 4.170031e+03 
1.320505e-01 4.982462e+03 3.934173e+03 
1.370909e-01 4.720691e+03 3.716335e+03 
1.421313e-01 4.446865e+03 3.514822e+03 
1.471717e-01 4.175084e+03 3.328123e+03 
1.522121e-01 3.920030e+03 3.154891e+03 
1.572525e-01 3.693516e+03 2.993922e+03 
1.622929e-01 3.502217e+03 2.844138e+03 
1.673333e-01 3.346274e+03 2.704572e+03 
1.723737e-01 3.219376e+03 2.574355e+03 
1.774141e-01 3.111333e+03 2.452707e+03 
1.824545e-01 3.011836e+03 2.338922e+03 
1.874949e-01 2.912866e+03 2.232366e+03 
1.925354e-01 2.809088e+03 2.132462e+03 
1.975758e-01 2.698139e+03 2.038691e+03 
2.026162e-01 2.581456e+03 1.950580e+03 
2.076566e-01 2.463667e+03 1.867700e+03 
2.126970e-01 2.350243e+03 1.789661e+03 
2.177374e-01 2.245358e+03 1.716108e+03 
2.227778e-01 2.151325e+03 1.646715e+03 
2.278182e-01 2.068959e+03 1.581186e+03 
2.328586e-01 1.997646e+03 1.519251e+03 
2.378990e-01 1.935021e+03 1.460661e+03 
2.429394e-01 1.877772e+03 1.405187e+03 
2.479798e-01 1.822895e+03 1.352620e+03 
2.530202e-01 1.768280e+03 1.302769e+03 
2.580606e-01 1.712676e+03 1.255455e+03 
2.631010e-01 1.655701e+03 1.210516e+03 
2.681414e-01 1.597996e+03 1.167800e+03 
2.731818e-01 1.541070e+03 1.127169e+03 
2.782222e-01 1.486615e+03 1.088493e+03 
2.832626e-01 1.435808e+03 1.051654e+03 
2.883030e-01 1.389040e+03 1.016541e+03 
2.933434e-01 1.346268e+03 9.830511e+02 
2.983838e-01 1.307168e+03 9.510894e+02 
3.034242e-01 1.271102e+03 9.205676e+02 
3.084646e-01 1.237103e+03 8.914032e+02 
3.135051e-01 1.204181e+03 8.635197e+02 
3.185455e-01 1.171663e+03 8.368456e+02 
3.235859e-01 1.139296e+03 8.113143e+02 
3.286263e-01 1.107166e+03 7.868636e+02 
3.336667e-01 1.075507e+03 7.634354e+02 
3.387071e-01 1.044601e+03 7.409752e+02 
3.437475e-01 1.014802e+03 7.194324e+02 
3.487879e-01 9.864966e+02 6.987592e+02 
3.538283e-01 9.598852e+02 6.789109e+02 
3.588687e-01 9.349102e+02 6.598457e+02 
3.639091e-01 9.113447e+02 6.415243e+02 
3.689495e-01 8.889089e+02 6.239097e+02 
3.739899e-01 8.673577e+02 6.069672e+02 
3.790303e-01 8.464999e+02 5.906642e+02 
3.840707e-01 8.261580e+02 5.749698e+02 
3.891111e-01 8.061979e+02 5.598552e+02 
3.941515e-01 7.865823e+02 5.452931e+02 
3.991919e-01 7.673996e+02 5.312577e+02 
4.042323e-01 7.487788e+02 5.177248e+02 
4.092727e-01 7.307932e+02 5.046713e+02 
4.143131e-01 7.134992e+02 4.920757e+02 
4.193535e-01 6.969203e+02 4.799175e+02 
4.243939e-01 6.810397e+02 4.681772e+02 
4.294343e-01 6.658201e+02 4.568367e+02 
4.344747e-01 6.511806e+02 4.458784e+02 
4.395152e-01 6.370251e+02 4.352860e+02 
4.445556e-01 6.232596e+02 4.250438e+02 
4.495960e-01 6.098483e+02 4.151372e+02 
4.546364e-01 5.967785e+02 4.055520e+02 
4.596768e-01 5.840391e+02 3.962749e+02 
4.647172e-01 5.716159e+02 3.872934e+02 
4.697576e-01 5.595165e+02 3.785953e+02 
4.747980e-01 5.477719e+02 3.701692e+02 
4.798384e-01 5.364067e+02 3.620043e+02 
4.848788e-01 5.254220e+02 3.540903e+02 
4.899192e-01 5.147929e+02 3.464172e+02 
4.949596e-01 5.044876e+02 3.389757e+02 
5.000000e-01 4.945066e+02 3.317569e+02 
