1.000000e-03 3.119920e+03 3.119624e+03 
6.040404e-03 1.381419e+04 1.386653e+04 
1.108081e-02 1.886745e+04 1.870927e+04 
1.612121e-02 2.066925e+04 2.016185e+04 
2.116162e-02 2.057975e+04 1.969663e+04 
2.620202e-02 1.948260e+04 1.843378e+04 
3.124242e-02 1.798622e+04 1.700834e+04 
3.628283e-02 1.647942e+04 1.563537e+04 
4.132323e-02 1.516410e+04 1.436483e+04 
4.636364e-02 1.408579e+04 1.320337e+04 
5.140404e-02 1.324779e+04 1.214720e+04 
5.644444e-02 1.252873e+04 1.118950e+04 
6.148485e-02 1.185782e+04 1.032242e+04 
6.652525e-02 1.116976e+04 9.537824e+03 
7.156566e-02 1.043975e+04 8.827778e+03 
7.660606e-02 9.679565e+03 8.184763e+03 
8.164646e-02 8.930469e+03 7.601837e+03 
8.668687e-02 8.237162e+03 7.072683e+03 
9.172727e-02 7.628853e+03 6.591612e+03 
9.676768e-02 7.120146e+03 6.153538e+03 
1.018081e-01 6.710926e+03 5.753934e+03 
1.068485e-01 6.383405e+03 5.388784e+03 
1.118889e-01 6.104696e+03 5.054526e+03 
1.169293e-01 5.842341e+03 4.748008e+03 
1.219697e-01 5.575184e+03 4.466437e+03 
1.270101e-01 5.294901e+03 4.207338e+03 
1.320505e-01 5.003337e+03 3.968519e+03 
1.370909e-01 4.710428e+03 3.748029e+03 
1.421313e-01 4.430264e+03 3.544137e+03 
1.471717e-01 4.174274e+03 3.355300e+03 
1.522121e-01 3.948912e+03 3.180141e+03 
1.572525e-01 3.756255e+03 3.017433e+03 
1.622929e-01 3.594027e+03 2.866076e+03 
1.673333e-01 3.454972e+03 2.725084e+03 
1.723737e-01 3.328810e+03 2.593571e+03 
1.774141e-01 3.206579e+03 2.470743e+03 
1.824545e-01 3.083374e+03 2.355883e+03 
1.874949e-01 2.957730e+03 2.248343e+03 
1.925354e-01 2.830325e+03 2.147539e+03 
1.975758e-01 2.703850e+03 2.052942e+03 
2.026162e-01 2.582315e+03 1.964072e+03 
2.076566e-01 2.469594e+03 1.880494e+03 
2.126970e-01 2.367679e+03 1.801811e+03 
2.177374e-01 2.276558e+03 1.727662e+03 
2.227778e-01 2.194932e+03 1.657718e+03 
2.278182e-01 2.120683e+03 1.591679e+03 
2.328586e-01 2.051322e+03 1.529270e+03 
2.378990e-01 1.984683e+03 1.470238e+03 
2.429394e-01 1.919338e+03 1.414354e+03 
2.479798e-01 1.854507e+03 1.361405e+03 
2.530202e-01 1.790108e+03 1.311196e+03 
2.580606e-01 1.726878e+03 1.263548e+03 
2.631010e-01 1.666037e+03 1.218295e+03 
2.681414e-01 1.608627e+03 1.175286e+03 
2.731818e-01 1.555055e+03 1.134379e+03 
2.782222e-01 1.505186e+03 1.095444e+03 
2.832626e-01 1.458747e+03 1.058360e+03 
2.883030e-01 1.415300e+03 1.023017e+03 
2.933434e-01 1.374169e+03 9.893098e+02 
2.983838e-01 1.334628e+03 9.571429e+02 
3.034242e-01 1.296167e+03 9.264270e+02 
3.084646e-01 1.258612e+03 8.970789e+02 
3.135051e-01 1.221989e+03 8.690211e+02 
3.185455e-01 1.186386e+03 8.421817e+02 
3.235859e-01 1.151971e+03 8.164934e+02 
3.286263e-01 1.118944e+03 7.918934e+02 
3.336667e-01 1.087486e+03 7.683231e+02 
3.387071e-01 1.057640e+03 7.457277e+02 
3.437475e-01 1.029276e+03 7.240558e+02 
3.487879e-01 1.002215e+03 7.032595e+02 
3.538283e-01 9.762821e+02 6.832936e+02 
3.588687e-01 9.513045e+02 6.641160e+02 
3.639091e-01 9.271356e+02 6.456871e+02 
3.689495e-01 9.036628e+02 6.279695e+02 
3.739899e-01 8.808547e+02 6.109283e+02 
3.790303e-01 8.587653e+02 5.945306e+02 
3.840707e-01 8.373973e+02 5.787455e+02 
3.891111e-01 8.167486e+02 5.635437e+02 
3.941515e-01 7.968313e+02 5.488978e+02 
3.991919e-01 7.776769e+02 5.347818e+02 
4.042323e-01 7.592863e+02 5.211713e+02 
4.092727e-01 7.415767e+02 5.080432e+02 
4.143131e-01 7.244615e+02 4.953757e+02 
4.193535e-01 7.078929e+02 4.831481e+02 
4.243939e-01 6.918704e+02 4.713410e+02 
4.294343e-01 6.763397e+02 4.599359e+02 
4.344747e-01 6.612516e+02 4.489153e+02 
4.395152e-01 6.465910e+02 4.382626e+02 
4.445556e-01 6.323708e+02 4.279622e+02 
4.495960e-01 6.186060e+02 4.179992e+02 
4.546364e-01 6.052759e+02 4.083595e+02 
4.596768e-01 5.923484e+02 3.990297e+02 
4.647172e-01 5.798154e+02 3.899970e+02 
4.697576e-01 5.676821e+02 3.812493e+02 
4.747980e-01 5.559345e+02 3.727752e+02 
4.798384e-01 5.445321e+02 3.645638e+02 
4.848788e-01 5.334447e+02 3.566045e+02 
4.899192e-01 5.226613e+02 3.488875e+02 
4.949596e-01 5.121854e+02 3.414035e+02 
5.000000e-01 5.020189e+02 3.341433e+02 
