1.000000e-03 3.337037e+03 3.336732e+03 
6.040404e-03 1.506637e+04 1.513032e+04 
1.108081e-02 2.077553e+04 2.066981e+04 
1.612121e-02 2.279686e+04 2.238320e+04 
2.116162e-02 2.255371e+04 2.170261e+04 
2.620202e-02 2.105239e+04 1.994517e+04 
3.124242e-02 1.904272e+04 1.803872e+04 
3.628283e-02 1.703745e+04 1.631234e+04 
4.132323e-02 1.532476e+04 1.480451e+04 
4.636364e-02 1.399622e+04 1.348557e+04 
5.140404e-02 1.304646e+04 1.232315e+04 
5.644444e-02 1.235787e+04 1.129207e+04 
6.148485e-02 1.180265e+04 1.037319e+04 
6.652525e-02 1.126442e+04 9.551383e+03 
7.156566e-02 1.065810e+04 8.814261e+03 
7.660606e-02 9.952858e+03 8.151401e+03 
8.164646e-02 9.173751e+03 7.553897e+03 
8.668687e-02 8.379290e+03 7.014068e+03 
9.172727e-02 7.630785e+03 6.525259e+03 
9.676768e-02 6.976545e+03 6.081678e+03 
1.018081e-01 6.447816e+03 5.678278e+03 
1.068485e-01 6.051918e+03 5.310651e+03 
1.118889e-01 5.768677e+03 4.974940e+03 
1.169293e-01 5.559013e+03 4.667762e+03 
1.219697e-01 5.380535e+03 4.386148e+03 
1.270101e-01 5.198622e+03 4.127485e+03 
1.320505e-01 4.990087e+03 3.889470e+03 
1.370909e-01 4.745864e+03 3.670067e+03 
1.421313e-01 4.471733e+03 3.467476e+03 
1.471717e-01 4.184217e+03 3.280100e+03 
1.522121e-01 3.903768e+03 3.106519e+03 
1.572525e-01 3.648554e+03 2.945469e+03 
1.622929e-01 3.431810e+03 2.795825e+03 
1.673333e-01 3.258875e+03 2.656576e+03 
1.723737e-01 3.126347e+03 2.526822e+03 
1.774141e-01 3.023752e+03 2.405753e+03 
1.824545e-01 2.938074e+03 2.292640e+03 
1.874949e-01 2.857100e+03 2.186828e+03 
1.925354e-01 2.771071e+03 2.087725e+03 
1.975758e-01 2.673849e+03 1.994798e+03 
2.026162e-01 2.564342e+03 1.907562e+03 
2.076566e-01 2.446304e+03 1.825579e+03 
2.126970e-01 2.326351e+03 1.748450e+03 
2.177374e-01 2.211270e+03 1.675814e+03 
2.227778e-01 2.106461e+03 1.607341e+03 
2.278182e-01 2.015493e+03 1.542729e+03 
2.328586e-01 1.939151e+03 1.481704e+03 
2.378990e-01 1.875779e+03 1.424014e+03 
2.429394e-01 1.822034e+03 1.369429e+03 
2.479798e-01 1.773892e+03 1.317738e+03 
2.530202e-01 1.727478e+03 1.268745e+03 
2.580606e-01 1.679460e+03 1.222274e+03 
2.631010e-01 1.627982e+03 1.178160e+03 
2.681414e-01 1.573041e+03 1.136251e+03 
2.731818e-01 1.516250e+03 1.096408e+03 
2.782222e-01 1.459723e+03 1.058501e+03 
2.832626e-01 1.405384e+03 1.022411e+03 
2.883030e-01 1.354804e+03 9.880282e+02 
2.933434e-01 1.309076e+03 9.552493e+02 
2.983838e-01 1.268630e+03 9.239796e+02 
3.034242e-01 1.232938e+03 8.941308e+02 
3.084646e-01 1.200764e+03 8.656209e+02 
3.135051e-01 1.170662e+03 8.383735e+02 
3.185455e-01 1.141473e+03 8.123175e+02 
3.235859e-01 1.112303e+03 7.873868e+02 
3.286263e-01 1.082614e+03 7.635194e+02 
3.336667e-01 1.052265e+03 7.406577e+02 
3.387071e-01 1.021591e+03 7.187478e+02 
3.437475e-01 9.912785e+02 6.977392e+02 
3.487879e-01 9.620389e+02 6.775847e+02 
3.538283e-01 9.343980e+02 6.582400e+02 
3.588687e-01 9.086071e+02 6.396638e+02 
3.639091e-01 8.847204e+02 6.218171e+02 
3.689495e-01 8.626346e+02 6.046634e+02 
3.739899e-01 8.420240e+02 5.881684e+02 
3.790303e-01 8.224561e+02 5.722999e+02 
3.840707e-01 8.034841e+02 5.570275e+02 
3.891111e-01 7.848288e+02 5.423226e+02 
3.941515e-01 7.663122e+02 5.281584e+02 
3.991919e-01 7.478935e+02 5.145095e+02 
4.042323e-01 7.296235e+02 5.013520e+02 
4.092727e-01 7.116620e+02 4.886632e+02 
4.143131e-01 6.942225e+02 4.764219e+02 
4.193535e-01 6.775012e+02 4.646080e+02 
4.243939e-01 6.615677e+02 4.532023e+02 
4.294343e-01 6.464169e+02 4.421868e+02 
4.344747e-01 6.320264e+02 4.315446e+02 
4.395152e-01 6.183162e+02 4.212594e+02 
4.445556e-01 6.051644e+02 4.113159e+02 
4.495960e-01 5.924328e+02 4.016997e+02 
4.546364e-01 5.799835e+02 3.923970e+02 
4.596768e-01 5.677553e+02 3.833946e+02 
4.647172e-01 5.557576e+02 3.746803e+02 
4.697576e-01 5.439843e+02 3.662422e+02 
4.747980e-01 5.324473e+02 3.580691e+02 
4.798384e-01 5.211965e+02 3.501505e+02 
4.848788e-01 5.102871e+02 3.424760e+02 
4.899192e-01 4.997730e+02 3.350363e+02 
4.949596e-01 4.896524e+02 3.278219e+02 
5.000000e-01 4.798991e+02 3.208243e+02 
