1.000000e-03 3.100191e+03 3.099901e+03 
6.040404e-03 1.390565e+04 1.396093e+04 
1.108081e-02 1.911115e+04 1.897566e+04 
1.612121e-02 2.098767e+04 2.052408e+04 
2.116162e-02 2.087687e+04 2.002281e+04 
2.620202e-02 1.968383e+04 1.864063e+04 
3.124242e-02 1.805577e+04 1.710020e+04 
3.628283e-02 1.641839e+04 1.564859e+04 
4.132323e-02 1.500028e+04 1.433099e+04 
4.636364e-02 1.386796e+04 1.314305e+04 
5.140404e-02 1.302366e+04 1.207278e+04 
5.644444e-02 1.234164e+04 1.110828e+04 
6.148485e-02 1.173074e+04 1.023871e+04 
6.652525e-02 1.111001e+04 9.454181e+03 
7.156566e-02 1.043086e+04 8.745707e+03 
7.660606e-02 9.692051e+03 8.105141e+03 
8.164646e-02 8.931953e+03 7.525147e+03 
8.668687e-02 8.203247e+03 6.999167e+03 
9.172727e-02 7.548653e+03 6.521357e+03 
9.676768e-02 6.995124e+03 6.086536e+03 
1.018081e-01 6.553555e+03 5.690118e+03 
1.068485e-01 6.214625e+03 5.328048e+03 
1.118889e-01 5.948686e+03 4.996744e+03 
1.169293e-01 5.717562e+03 4.693043e+03 
1.219697e-01 5.489887e+03 4.414149e+03 
1.270101e-01 5.246949e+03 4.157586e+03 
1.320505e-01 4.982403e+03 3.921163e+03 
1.370909e-01 4.700831e+03 3.702937e+03 
1.421313e-01 4.415757e+03 3.501180e+03 
1.471717e-01 4.143386e+03 3.314356e+03 
1.522121e-01 3.896808e+03 3.141096e+03 
1.572525e-01 3.684049e+03 2.980177e+03 
1.622929e-01 3.507780e+03 2.830506e+03 
1.673333e-01 3.364474e+03 2.691105e+03 
1.723737e-01 3.244723e+03 2.561093e+03 
1.774141e-01 3.136841e+03 2.439681e+03 
1.824545e-01 3.031380e+03 2.326158e+03 
1.874949e-01 2.922454e+03 2.219881e+03 
1.925354e-01 2.807490e+03 2.120271e+03 
1.975758e-01 2.687064e+03 2.026803e+03 
2.026162e-01 2.564787e+03 1.939001e+03 
2.076566e-01 2.446033e+03 1.856434e+03 
2.126970e-01 2.335645e+03 1.778708e+03 
2.177374e-01 2.236414e+03 1.705467e+03 
2.227778e-01 2.149153e+03 1.636385e+03 
2.278182e-01 2.073081e+03 1.571163e+03 
2.328586e-01 2.005782e+03 1.509529e+03 
2.378990e-01 1.944226e+03 1.451235e+03 
2.429394e-01 1.885557e+03 1.396051e+03 
2.479798e-01 1.827576e+03 1.343769e+03 
2.530202e-01 1.768834e+03 1.294194e+03 
2.580606e-01 1.708933e+03 1.247150e+03 
2.631010e-01 1.648697e+03 1.202473e+03 
2.681414e-01 1.589735e+03 1.160013e+03 
2.731818e-01 1.533601e+03 1.119629e+03 
2.782222e-01 1.481147e+03 1.081193e+03 
2.832626e-01 1.432705e+03 1.044587e+03 
2.883030e-01 1.388307e+03 1.009699e+03 
2.933434e-01 1.347625e+03 9.764278e+02 
2.983838e-01 1.309830e+03 9.446776e+02 
3.034242e-01 1.273890e+03 9.143602e+02 
3.084646e-01 1.238946e+03 8.853935e+02 
3.135051e-01 1.204547e+03 8.577012e+02 
3.185455e-01 1.170562e+03 8.312119e+02 
3.235859e-01 1.136988e+03 8.058591e+02 
3.286263e-01 1.104035e+03 7.815810e+02 
3.336667e-01 1.072061e+03 7.583195e+02 
3.387071e-01 1.041492e+03 7.360204e+02 
3.437475e-01 1.012561e+03 7.146331e+02 
3.487879e-01 9.852830e+02 6.941101e+02 
3.538283e-01 9.595341e+02 6.744070e+02 
3.588687e-01 9.351147e+02 6.554820e+02 
3.639091e-01 9.118068e+02 6.372960e+02 
3.689495e-01 8.893616e+02 6.198122e+02 
3.739899e-01 8.675290e+02 6.029960e+02 
3.790303e-01 8.461893e+02 5.868150e+02 
3.840707e-01 8.253339e+02 5.712385e+02 
3.891111e-01 8.049929e+02 5.562378e+02 
3.941515e-01 7.852022e+02 5.417858e+02 
3.991919e-01 7.660261e+02 5.278567e+02 
4.042323e-01 7.475553e+02 5.144265e+02 
4.092727e-01 7.298537e+02 5.014724e+02 
4.143131e-01 7.129026e+02 4.889728e+02 
4.193535e-01 6.966181e+02 4.769074e+02 
4.243939e-01 6.809239e+02 4.652568e+02 
4.294343e-01 6.657755e+02 4.540030e+02 
4.344747e-01 6.511143e+02 4.431286e+02 
4.395152e-01 6.368694e+02 4.326174e+02 
4.445556e-01 6.229781e+02 4.224537e+02 
4.495960e-01 6.094341e+02 4.126229e+02 
4.546364e-01 5.962654e+02 4.031112e+02 
4.596768e-01 5.834849e+02 3.939052e+02 
4.647172e-01 5.710824e+02 3.849924e+02 
4.697576e-01 5.590491e+02 3.763609e+02 
4.747980e-01 5.473984e+02 3.679993e+02 
4.798384e-01 5.361456e+02 3.598968e+02 
4.848788e-01 5.252643e+02 3.520431e+02 
4.899192e-01 5.147013e+02 3.444286e+02 
4.949596e-01 5.044320e+02 3.370438e+02 
5.000000e-01 4.944472e+02 3.298799e+02 
