1.000000e-03 2.147938e+04 2.147732e+04 
6.040404e-03 9.571521e+04 9.626347e+04 
1.108081e-02 1.289423e+05 1.298275e+05 
1.612121e-02 1.355068e+05 1.372457e+05 
2.116162e-02 1.245577e+05 1.244625e+05 
2.620202e-02 1.036373e+05 9.857860e+04 
3.124242e-02 7.931066e+04 7.102866e+04 
3.628283e-02 5.655728e+04 4.965968e+04 
4.132323e-02 3.826342e+04 3.545559e+04 
4.636364e-02 2.526508e+04 2.641427e+04 
5.140404e-02 1.704735e+04 2.055498e+04 
5.644444e-02 1.247985e+04 1.659168e+04 
6.148485e-02 1.037384e+04 1.378001e+04 
6.652525e-02 9.864284e+03 1.169641e+04 
7.156566e-02 1.039292e+04 1.009449e+04 
7.660606e-02 1.148496e+04 8.825514e+03 
8.164646e-02 1.262474e+04 7.795923e+03 
8.668687e-02 1.331054e+04 6.944366e+03 
9.172727e-02 1.320386e+04 6.229059e+03 
9.676768e-02 1.222179e+04 5.620541e+03 
1.018081e-01 1.053650e+04 5.097403e+03 
1.068485e-01 8.490900e+03 4.643671e+03 
1.118889e-01 6.471275e+03 4.247152e+03 
1.169293e-01 4.772951e+03 3.898354e+03 
1.219697e-01 3.534861e+03 3.589766e+03 
1.270101e-01 2.757666e+03 3.315356e+03 
1.320505e-01 2.372393e+03 3.070220e+03 
1.370909e-01 2.300570e+03 2.850327e+03 
1.421313e-01 2.478241e+03 2.652331e+03 
1.471717e-01 2.843891e+03 2.473435e+03 
1.522121e-01 3.314327e+03 2.311278e+03 
1.572525e-01 3.775164e+03 2.163857e+03 
1.622929e-01 4.100802e+03 2.029464e+03 
1.673333e-01 4.194946e+03 1.906629e+03 
1.723737e-01 4.023684e+03 1.794085e+03 
1.774141e-01 3.621964e+03 1.690736e+03 
1.824545e-01 3.075000e+03 1.595625e+03 
1.874949e-01 2.488129e+03 1.507918e+03 
1.925354e-01 1.955082e+03 1.426880e+03 
1.975758e-01 1.534713e+03 1.351867e+03 
2.026162e-01 1.247746e+03 1.282311e+03 
2.076566e-01 1.088496e+03 1.217706e+03 
2.126970e-01 1.040641e+03 1.157605e+03 
2.177374e-01 1.086561e+03 1.101609e+03 
2.227778e-01 1.207089e+03 1.049361e+03 
2.278182e-01 1.376455e+03 1.000543e+03 
2.328586e-01 1.559451e+03 9.548683e+02 
2.378990e-01 1.714981e+03 9.120798e+02 
2.429394e-01 1.805049e+03 8.719457e+02 
2.479798e-01 1.805271e+03 8.342566e+02 
2.530202e-01 1.712501e+03 7.988233e+02 
2.580606e-01 1.545390e+03 7.654739e+02 
2.631010e-01 1.336998e+03 7.340527e+02 
2.681414e-01 1.123256e+03 7.044179e+02 
2.731818e-01 9.330265e+02 6.764403e+02 
2.782222e-01 7.840466e+02 6.500019e+02 
2.832626e-01 6.835199e+02 6.249951e+02 
2.883030e-01 6.310384e+02 6.013212e+02 
2.933434e-01 6.219748e+02 5.788898e+02 
2.983838e-01 6.493617e+02 5.576178e+02 
3.034242e-01 7.040660e+02 5.374290e+02 
3.084646e-01 7.741674e+02 5.182532e+02 
3.135051e-01 8.449726e+02 5.000257e+02 
3.185455e-01 9.008756e+02 4.826867e+02 
3.235859e-01 9.286651e+02 4.661810e+02 
3.286263e-01 9.210743e+02 4.504577e+02 
3.336667e-01 8.785170e+02 4.354695e+02 
3.387071e-01 8.083693e+02 4.211726e+02 
3.437475e-01 7.226460e+02 4.075264e+02 
3.487879e-01 6.344004e+02 3.944932e+02 
3.538283e-01 5.547562e+02 3.820378e+02 
3.588687e-01 4.911013e+02 3.701276e+02 
3.639091e-01 4.469932e+02 3.587322e+02 
3.689495e-01 4.229874e+02 3.478233e+02 
3.739899e-01 4.176649e+02 3.373743e+02 
3.790303e-01 4.281250e+02 3.273605e+02 
3.840707e-01 4.500791e+02 3.177589e+02 
3.891111e-01 4.780117e+02 3.085477e+02 
3.941515e-01 5.056224e+02 2.997067e+02 
3.991919e-01 5.267470e+02 2.912170e+02 
4.042323e-01 5.364035e+02 2.830608e+02 
4.092727e-01 5.317864e+02 2.752213e+02 
4.143131e-01 5.129261e+02 2.676828e+02 
4.193535e-01 4.825299e+02 2.604307e+02 
4.243939e-01 4.451347e+02 2.534509e+02 
4.294343e-01 4.058120e+02 2.467306e+02 
4.344747e-01 3.691517e+02 2.402573e+02 
4.395152e-01 3.386060e+02 2.340196e+02 
4.445556e-01 3.162266e+02 2.280063e+02 
4.495960e-01 3.027178e+02 2.222073e+02 
4.546364e-01 2.976732e+02 2.166128e+02 
4.596768e-01 2.998319e+02 2.112136e+02 
4.647172e-01 3.072915e+02 2.060010e+02 
4.697576e-01 3.176509e+02 2.009668e+02 
4.747980e-01 3.281692e+02 1.961031e+02 
4.798384e-01 3.361893e+02 1.914026e+02 
4.848788e-01 3.395489e+02 1.868583e+02 
4.899192e-01 3.370509e+02 1.824636e+02 
4.949596e-01 3.285535e+02 1.782121e+02 
5.000000e-01 3.149371e+02 1.740980e+02 
