1.000000e-03 2.623544e+03 2.623302e+03 
6.040404e-03 1.159292e+04 1.163708e+04 
1.108081e-02 1.595117e+04 1.580473e+04 
1.612121e-02 1.766185e+04 1.720321e+04 
2.116162e-02 1.782822e+04 1.705290e+04 
2.620202e-02 1.715109e+04 1.621967e+04 
3.124242e-02 1.610366e+04 1.518004e+04 
3.628283e-02 1.498617e+04 1.411502e+04 
4.132323e-02 1.395946e+04 1.308669e+04 
4.636364e-02 1.306961e+04 1.211838e+04 
5.140404e-02 1.231981e+04 1.121889e+04 
5.644444e-02 1.164228e+04 1.039012e+04 
6.148485e-02 1.099516e+04 9.630318e+03 
6.652525e-02 1.034727e+04 8.935782e+03 
7.156566e-02 9.682358e+03 8.301875e+03 
7.660606e-02 9.013426e+03 7.723624e+03 
8.164646e-02 8.373565e+03 7.196077e+03 
8.668687e-02 7.792957e+03 6.714500e+03 
9.172727e-02 7.283751e+03 6.274478e+03 
9.676768e-02 6.846371e+03 5.871962e+03 
1.018081e-01 6.476658e+03 5.503272e+03 
1.068485e-01 6.161714e+03 5.165089e+03 
1.118889e-01 5.878618e+03 4.854433e+03 
1.169293e-01 5.604781e+03 4.568634e+03 
1.219697e-01 5.328565e+03 4.305303e+03 
1.270101e-01 5.050017e+03 4.062308e+03 
1.320505e-01 4.774991e+03 3.837741e+03 
1.370909e-01 4.511041e+03 3.629897e+03 
1.421313e-01 4.265736e+03 3.437252e+03 
1.471717e-01 4.043837e+03 3.258440e+03 
1.522121e-01 3.847041e+03 3.092238e+03 
1.572525e-01 3.674146e+03 2.937546e+03 
1.622929e-01 3.521174e+03 2.793379e+03 
1.673333e-01 3.382002e+03 2.658847e+03 
1.723737e-01 3.250101e+03 2.533151e+03 
1.774141e-01 3.121029e+03 2.415567e+03 
1.824545e-01 2.993648e+03 2.305444e+03 
1.874949e-01 2.868296e+03 2.202189e+03 
1.925354e-01 2.746110e+03 2.105268e+03 
1.975758e-01 2.629017e+03 2.014194e+03 
2.026162e-01 2.519331e+03 1.928526e+03 
2.076566e-01 2.418593e+03 1.847860e+03 
2.126970e-01 2.326457e+03 1.771831e+03 
2.177374e-01 2.241665e+03 1.700102e+03 
2.227778e-01 2.162925e+03 1.632370e+03 
2.278182e-01 2.088878e+03 1.568352e+03 
2.328586e-01 2.018107e+03 1.507793e+03 
2.378990e-01 1.949519e+03 1.450457e+03 
2.429394e-01 1.882701e+03 1.396128e+03 
2.479798e-01 1.817989e+03 1.344607e+03 
2.530202e-01 1.755636e+03 1.295711e+03 
2.580606e-01 1.695856e+03 1.249270e+03 
2.631010e-01 1.638997e+03 1.205129e+03 
2.681414e-01 1.585418e+03 1.163144e+03 
2.731818e-01 1.535193e+03 1.123182e+03 
2.782222e-01 1.487843e+03 1.085119e+03 
2.832626e-01 1.442808e+03 1.048841e+03 
2.883030e-01 1.399706e+03 1.014242e+03 
2.933434e-01 1.358326e+03 9.812236e+02 
2.983838e-01 1.318502e+03 9.496941e+02 
3.034242e-01 1.280029e+03 9.195685e+02 
3.084646e-01 1.242770e+03 8.907675e+02 
3.135051e-01 1.206830e+03 8.632171e+02 
3.185455e-01 1.172349e+03 8.368484e+02 
3.235859e-01 1.139365e+03 8.115970e+02 
3.286263e-01 1.107804e+03 7.874028e+02 
3.336667e-01 1.077564e+03 7.642096e+02 
3.387071e-01 1.048605e+03 7.419648e+02 
3.437475e-01 1.020857e+03 7.206189e+02 
3.487879e-01 9.942021e+02 7.001259e+02 
3.538283e-01 9.684825e+02 6.804424e+02 
3.588687e-01 9.435885e+02 6.615277e+02 
3.639091e-01 9.195152e+02 6.433436e+02 
3.689495e-01 8.962902e+02 6.258542e+02 
3.739899e-01 8.738839e+02 6.090257e+02 
3.790303e-01 8.522515e+02 5.928263e+02 
3.840707e-01 8.313531e+02 5.772260e+02 
3.891111e-01 8.111998e+02 5.621966e+02 
3.941515e-01 7.917965e+02 5.477115e+02 
3.991919e-01 7.730747e+02 5.337456e+02 
4.042323e-01 7.549865e+02 5.202751e+02 
4.092727e-01 7.374777e+02 5.072776e+02 
4.143131e-01 7.205411e+02 4.947321e+02 
4.193535e-01 7.041567e+02 4.826183e+02 
4.243939e-01 6.882831e+02 4.709174e+02 
4.294343e-01 6.728957e+02 4.596114e+02 
4.344747e-01 6.579782e+02 4.486834e+02 
4.395152e-01 6.435248e+02 4.381171e+02 
4.445556e-01 6.295431e+02 4.278973e+02 
4.495960e-01 6.159987e+02 4.180096e+02 
4.546364e-01 6.028570e+02 4.084400e+02 
4.596768e-01 5.901122e+02 3.991756e+02 
4.647172e-01 5.777517e+02 3.902039e+02 
4.697576e-01 5.657737e+02 3.815132e+02 
4.747980e-01 5.541401e+02 3.730921e+02 
4.798384e-01 5.428271e+02 3.649300e+02 
4.848788e-01 5.318361e+02 3.570167e+02 
4.899192e-01 5.211685e+02 3.493426e+02 
4.949596e-01 5.108084e+02 3.418983e+02 
5.000000e-01 5.007303e+02 3.346751e+02 
