1.000000e-03 4.721448e+03 4.721008e+03 
6.040404e-03 2.084750e+04 2.094374e+04 
1.108081e-02 2.839819e+04 2.833705e+04 
1.612121e-02 3.069246e+04 3.032911e+04 
2.116162e-02 2.972138e+04 2.873604e+04 
2.620202e-02 2.693879e+04 2.543754e+04 
3.124242e-02 2.347003e+04 2.204820e+04 
3.628283e-02 2.010504e+04 1.919555e+04 
4.132323e-02 1.729292e+04 1.689847e+04 
4.636364e-02 1.517557e+04 1.503020e+04 
5.140404e-02 1.376032e+04 1.347753e+04 
5.644444e-02 1.287034e+04 1.216180e+04 
6.148485e-02 1.231183e+04 1.103016e+04 
6.652525e-02 1.188766e+04 1.004609e+04 
7.156566e-02 1.142911e+04 9.183193e+03 
7.660606e-02 1.082828e+04 8.421628e+03 
8.164646e-02 1.005390e+04 7.745913e+03 
8.668687e-02 9.148033e+03 7.143664e+03 
9.172727e-02 8.194688e+03 6.604768e+03 
9.676768e-02 7.287997e+03 6.120850e+03 
1.018081e-01 6.507435e+03 5.684891e+03 
1.068485e-01 5.900904e+03 5.290961e+03 
1.118889e-01 5.476706e+03 4.934010e+03 
1.169293e-01 5.209708e+03 4.609715e+03 
1.219697e-01 5.055466e+03 4.314356e+03 
1.270101e-01 4.962461e+03 4.044716e+03 
1.320505e-01 4.878453e+03 3.798005e+03 
1.370909e-01 4.759559e+03 3.571789e+03 
1.421313e-01 4.579947e+03 3.363945e+03 
1.471717e-01 4.335926e+03 3.172608e+03 
1.522121e-01 4.042528e+03 2.996139e+03 
1.572525e-01 3.726027e+03 2.833093e+03 
1.622929e-01 3.417410e+03 2.682190e+03 
1.673333e-01 3.145210e+03 2.542298e+03 
1.723737e-01 2.927257e+03 2.412408e+03 
1.774141e-01 2.768177e+03 2.291623e+03 
1.824545e-01 2.661618e+03 2.179141e+03 
1.874949e-01 2.595202e+03 2.074244e+03 
1.925354e-01 2.553074e+03 1.976289e+03 
1.975758e-01 2.517664e+03 1.884698e+03 
2.026162e-01 2.472510e+03 1.798950e+03 
2.076566e-01 2.406414e+03 1.718575e+03 
2.126970e-01 2.316063e+03 1.643149e+03 
2.177374e-01 2.205153e+03 1.572287e+03 
2.227778e-01 2.081990e+03 1.505640e+03 
2.278182e-01 1.956915e+03 1.442892e+03 
2.328586e-01 1.839924e+03 1.383754e+03 
2.378990e-01 1.738834e+03 1.327964e+03 
2.429394e-01 1.657849e+03 1.275282e+03 
2.479798e-01 1.597292e+03 1.225489e+03 
2.530202e-01 1.554262e+03 1.178385e+03 
2.580606e-01 1.523397e+03 1.133785e+03 
2.631010e-01 1.498185e+03 1.091521e+03 
2.681414e-01 1.472415e+03 1.051437e+03 
2.731818e-01 1.441369e+03 1.013392e+03 
2.782222e-01 1.402552e+03 9.772539e+02 
2.832626e-01 1.355693e+03 9.429008e+02 
2.883030e-01 1.302539e+03 9.102213e+02 
2.933434e-01 1.246313e+03 8.791117e+02 
2.983838e-01 1.190852e+03 8.494764e+02 
3.034242e-01 1.139547e+03 8.212265e+02 
3.084646e-01 1.094765e+03 7.942797e+02 
3.135051e-01 1.057540e+03 7.685597e+02 
3.185455e-01 1.027633e+03 7.439954e+02 
3.235859e-01 1.003749e+03 7.205208e+02 
3.286263e-01 9.838283e+02 6.980744e+02 
3.336667e-01 9.655591e+02 6.765990e+02 
3.387071e-01 9.468750e+02 6.560410e+02 
3.437475e-01 9.262782e+02 6.363505e+02 
3.487879e-01 9.030350e+02 6.174811e+02 
3.538283e-01 8.772208e+02 5.993890e+02 
3.588687e-01 8.496126e+02 5.820335e+02 
3.639091e-01 8.214367e+02 5.653763e+02 
3.689495e-01 7.939792e+02 5.493818e+02 
3.739899e-01 7.683261e+02 5.340162e+02 
3.790303e-01 7.452121e+02 5.192481e+02 
3.840707e-01 7.249681e+02 5.050478e+02 
3.891111e-01 7.074931e+02 4.913876e+02 
3.941515e-01 6.922750e+02 4.782411e+02 
3.991919e-01 6.785561e+02 4.655839e+02 
4.042323e-01 6.654592e+02 4.533926e+02 
4.092727e-01 6.523205e+02 4.416453e+02 
4.143131e-01 6.386414e+02 4.303215e+02 
4.193535e-01 6.242292e+02 4.194016e+02 
4.243939e-01 6.091034e+02 4.088673e+02 
4.294343e-01 5.934989e+02 3.987011e+02 
4.344747e-01 5.778425e+02 3.888867e+02 
4.395152e-01 5.626118e+02 3.794086e+02 
4.445556e-01 5.481905e+02 3.702519e+02 
4.495960e-01 5.348038e+02 3.614028e+02 
4.546364e-01 5.225395e+02 3.528481e+02 
4.596768e-01 5.113594e+02 3.445752e+02 
4.647172e-01 5.011035e+02 3.365724e+02 
4.697576e-01 4.915116e+02 3.288283e+02 
4.747980e-01 4.822656e+02 3.213323e+02 
4.798384e-01 4.731029e+02 3.140741e+02 
4.848788e-01 4.638712e+02 3.070442e+02 
4.899192e-01 4.544895e+02 3.002334e+02 
4.949596e-01 4.449743e+02 2.936330e+02 
5.000000e-01 4.353962e+02 2.872346e+02 
