1.000000e-03 3.691787e+03 3.691437e+03 
6.040404e-03 1.644758e+04 1.651479e+04 
1.108081e-02 2.245132e+04 2.233005e+04 
1.612121e-02 2.440844e+04 2.394727e+04 
2.116162e-02 2.393005e+04 2.299431e+04 
2.620202e-02 2.214173e+04 2.095471e+04 
3.124242e-02 1.986880e+04 1.882743e+04 
3.628283e-02 1.766221e+04 1.693749e+04 
4.132323e-02 1.581837e+04 1.530603e+04 
4.636364e-02 1.441535e+04 1.389102e+04 
5.140404e-02 1.343384e+04 1.265240e+04 
5.644444e-02 1.272570e+04 1.156007e+04 
6.148485e-02 1.215113e+04 1.059149e+04 
6.652525e-02 1.157563e+04 9.729066e+03 
7.156566e-02 1.091746e+04 8.958573e+03 
7.660606e-02 1.015206e+04 8.268170e+03 
8.164646e-02 9.313699e+03 7.647845e+03 
8.668687e-02 8.469058e+03 7.089046e+03 
9.172727e-02 7.685842e+03 6.584423e+03 
9.676768e-02 7.016074e+03 6.127627e+03 
1.018081e-01 6.489076e+03 5.713162e+03 
1.068485e-01 6.104600e+03 5.336255e+03 
1.118889e-01 5.833057e+03 4.992751e+03 
1.169293e-01 5.629926e+03 4.679024e+03 
1.219697e-01 5.450714e+03 4.391905e+03 
1.270101e-01 5.259282e+03 4.128614e+03 
1.320505e-01 5.033089e+03 3.886712e+03 
1.370909e-01 4.767130e+03 3.664047e+03 
1.421313e-01 4.472721e+03 3.458725e+03 
1.471717e-01 4.170491e+03 3.269068e+03 
1.522121e-01 3.882213e+03 3.093589e+03 
1.572525e-01 3.626296e+03 2.930968e+03 
1.622929e-01 3.415125e+03 2.780030e+03 
1.673333e-01 3.251605e+03 2.639727e+03 
1.723737e-01 3.128441e+03 2.509121e+03 
1.774141e-01 3.032130e+03 2.387373e+03 
1.824545e-01 2.948421e+03 2.273730e+03 
1.874949e-01 2.865209e+03 2.167516e+03 
1.925354e-01 2.773210e+03 2.068120e+03 
1.975758e-01 2.667630e+03 1.974992e+03 
2.026162e-01 2.549393e+03 1.887636e+03 
2.076566e-01 2.424517e+03 1.805601e+03 
2.126970e-01 2.300891e+03 1.728479e+03 
2.177374e-01 2.185500e+03 1.655899e+03 
2.227778e-01 2.083250e+03 1.587523e+03 
2.278182e-01 1.996447e+03 1.523045e+03 
2.328586e-01 1.924722e+03 1.462183e+03 
2.378990e-01 1.865428e+03 1.404681e+03 
2.429394e-01 1.814402e+03 1.350306e+03 
2.479798e-01 1.767037e+03 1.298841e+03 
2.530202e-01 1.719219e+03 1.250090e+03 
2.580606e-01 1.668174e+03 1.203871e+03 
2.631010e-01 1.613182e+03 1.160018e+03 
2.681414e-01 1.555289e+03 1.118378e+03 
2.731818e-01 1.496524e+03 1.078809e+03 
2.782222e-01 1.439095e+03 1.041180e+03 
2.832626e-01 1.385061e+03 1.005370e+03 
2.883030e-01 1.335936e+03 9.712690e+02 
2.933434e-01 1.292415e+03 9.387722e+02 
2.983838e-01 1.254186e+03 9.077841e+02 
3.034242e-01 1.220163e+03 8.782157e+02 
3.084646e-01 1.188944e+03 8.499844e+02 
3.135051e-01 1.159122e+03 8.230133e+02 
3.185455e-01 1.129512e+03 7.972309e+02 
3.235859e-01 1.099346e+03 7.725705e+02 
3.286263e-01 1.068386e+03 7.489701e+02 
3.336667e-01 1.036971e+03 7.263716e+02 
3.387071e-01 1.005715e+03 7.047210e+02 
3.437475e-01 9.753261e+02 6.839676e+02 
3.487879e-01 9.464290e+02 6.640641e+02 
3.538283e-01 9.194761e+02 6.449661e+02 
3.588687e-01 8.946054e+02 6.266321e+02 
3.639091e-01 8.716849e+02 6.090232e+02 
3.689495e-01 8.503661e+02 5.921028e+02 
3.739899e-01 8.302087e+02 5.758367e+02 
3.790303e-01 8.108041e+02 5.601924e+02 
3.840707e-01 7.917963e+02 5.451398e+02 
3.891111e-01 7.729160e+02 5.306503e+02 
3.941515e-01 7.540632e+02 5.166971e+02 
3.991919e-01 7.353292e+02 5.032547e+02 
4.042323e-01 7.169213e+02 4.902993e+02 
4.092727e-01 6.990466e+02 4.778085e+02 
4.143131e-01 6.818575e+02 4.657609e+02 
4.193535e-01 6.654538e+02 4.541365e+02 
4.243939e-01 6.499020e+02 4.429163e+02 
4.294343e-01 6.351908e+02 4.320823e+02 
4.344747e-01 6.212004e+02 4.216176e+02 
4.395152e-01 6.077772e+02 4.115061e+02 
4.445556e-01 5.947652e+02 4.017325e+02 
4.495960e-01 5.820726e+02 3.922825e+02 
4.546364e-01 5.696470e+02 3.831423e+02 
4.596768e-01 5.574344e+02 3.742989e+02 
4.647172e-01 5.454096e+02 3.657401e+02 
4.697576e-01 5.336259e+02 3.574541e+02 
4.747980e-01 5.221689e+02 3.494299e+02 
4.798384e-01 5.110834e+02 3.416567e+02 
4.848788e-01 5.003927e+02 3.341247e+02 
4.899192e-01 4.900792e+02 3.268242e+02 
4.949596e-01 4.801550e+02 3.197461e+02 
5.000000e-01 4.706104e+02 3.128818e+02 
