1.000000e-03 7.003713e+03 7.003074e+03 
6.040404e-03 3.137197e+04 3.153351e+04 
1.108081e-02 4.293686e+04 4.300149e+04 
1.612121e-02 4.628264e+04 4.615722e+04 
2.116162e-02 4.429333e+04 4.327480e+04 
2.620202e-02 3.921933e+04 3.698586e+04 
3.124242e-02 3.291708e+04 3.034019e+04 
3.628283e-02 2.676318e+04 2.491631e+04 
4.132323e-02 2.157993e+04 2.085302e+04 
4.636364e-02 1.767044e+04 1.781780e+04 
5.140404e-02 1.504436e+04 1.548786e+04 
5.644444e-02 1.347073e+04 1.364091e+04 
6.148485e-02 1.265969e+04 1.213530e+04 
6.652525e-02 1.231471e+04 1.088053e+04 
7.156566e-02 1.215370e+04 9.816931e+03 
7.660606e-02 1.193668e+04 8.903538e+03 
8.164646e-02 1.149087e+04 8.111072e+03 
8.668687e-02 1.074550e+04 7.417844e+03 
9.172727e-02 9.734369e+03 6.807295e+03 
9.676768e-02 8.569581e+03 6.266464e+03 
1.018081e-01 7.396847e+03 5.784999e+03 
1.068485e-01 6.349826e+03 5.354499e+03 
1.118889e-01 5.515092e+03 4.968052e+03 
1.169293e-01 4.923502e+03 4.619911e+03 
1.219697e-01 4.563187e+03 4.305253e+03 
1.270101e-01 4.396483e+03 4.019996e+03 
1.320505e-01 4.369660e+03 3.760667e+03 
1.370909e-01 4.417886e+03 3.524288e+03 
1.421313e-01 4.473164e+03 3.308297e+03 
1.471717e-01 4.475886e+03 3.110476e+03 
1.522121e-01 4.385342e+03 2.928897e+03 
1.572525e-01 4.185780e+03 2.761880e+03 
1.622929e-01 3.889029e+03 2.607951e+03 
1.673333e-01 3.531269e+03 2.465819e+03 
1.723737e-01 3.160640e+03 2.334343e+03 
1.774141e-01 2.821016e+03 2.212514e+03 
1.824545e-01 2.541713e+03 2.099441e+03 
1.874949e-01 2.336440e+03 1.994329e+03 
1.925354e-01 2.206689e+03 1.896469e+03 
1.975758e-01 2.144727e+03 1.805231e+03 
2.026162e-01 2.134714e+03 1.720048e+03 
2.076566e-01 2.154719e+03 1.640412e+03 
2.126970e-01 2.180624e+03 1.565866e+03 
2.177374e-01 2.190581e+03 1.495999e+03 
2.227778e-01 2.168647e+03 1.430439e+03 
2.278182e-01 2.106906e+03 1.368850e+03 
2.328586e-01 2.006651e+03 1.310928e+03 
2.378990e-01 1.877704e+03 1.256396e+03 
2.429394e-01 1.735314e+03 1.205002e+03 
2.479798e-01 1.595756e+03 1.156517e+03 
2.530202e-01 1.472552e+03 1.110734e+03 
2.580606e-01 1.374525e+03 1.067460e+03 
2.631010e-01 1.305213e+03 1.026522e+03 
2.681414e-01 1.263563e+03 9.877584e+02 
2.731818e-01 1.244839e+03 9.510238e+02 
2.782222e-01 1.241799e+03 9.161829e+02 
2.832626e-01 1.245842e+03 8.831117e+02 
2.883030e-01 1.248244e+03 8.516961e+02 
2.933434e-01 1.241530e+03 8.218305e+02 
2.983838e-01 1.220828e+03 7.934179e+02 
3.034242e-01 1.184633e+03 7.663684e+02 
3.084646e-01 1.134858e+03 7.405986e+02 
3.135051e-01 1.076096e+03 7.160317e+02 
3.185455e-01 1.014234e+03 6.925962e+02 
3.235859e-01 9.551302e+02 6.702257e+02 
3.286263e-01 9.034294e+02 6.488586e+02 
3.336667e-01 8.620451e+02 6.284377e+02 
3.387071e-01 8.319627e+02 6.089095e+02 
3.437475e-01 8.124905e+02 5.902243e+02 
3.487879e-01 8.015252e+02 5.723359e+02 
3.538283e-01 7.959682e+02 5.552008e+02 
3.588687e-01 7.923015e+02 5.387786e+02 
3.639091e-01 7.871719e+02 5.230316e+02 
3.689495e-01 7.780126e+02 5.079244e+02 
3.739899e-01 7.633457e+02 4.934237e+02 
3.790303e-01 7.428813e+02 4.794986e+02 
3.840707e-01 7.175052e+02 4.661199e+02 
3.891111e-01 6.890276e+02 4.532603e+02 
3.941515e-01 6.597559e+02 4.408940e+02 
3.991919e-01 6.319335e+02 4.289969e+02 
4.042323e-01 6.072981e+02 4.175463e+02 
4.092727e-01 5.868896e+02 4.065208e+02 
4.143131e-01 5.710391e+02 3.959002e+02 
4.193535e-01 5.594150e+02 3.856656e+02 
4.243939e-01 5.511533e+02 3.757991e+02 
4.294343e-01 5.449925e+02 3.662837e+02 
4.344747e-01 5.395228e+02 3.571035e+02 
4.395152e-01 5.334449e+02 3.482434e+02 
4.445556e-01 5.257764e+02 3.396892e+02 
4.495960e-01 5.159998e+02 3.314273e+02 
4.546364e-01 5.040307e+02 3.234451e+02 
4.596768e-01 4.902468e+02 3.157303e+02 
4.647172e-01 4.753529e+02 3.082716e+02 
4.697576e-01 4.602381e+02 3.010581e+02 
4.747980e-01 4.457678e+02 2.940795e+02 
4.798384e-01 4.326205e+02 2.873260e+02 
4.848788e-01 4.212224e+02 2.807883e+02 
4.899192e-01 4.117130e+02 2.744576e+02 
4.949596e-01 4.039685e+02 2.683256e+02 
5.000000e-01 3.976369e+02 2.623842e+02 
