1.000000e-03 3.175407e+03 3.175097e+03 
6.040404e-03 1.424697e+04 1.429981e+04 
1.108081e-02 1.949341e+04 1.934293e+04 
1.612121e-02 2.130252e+04 2.080484e+04 
2.116162e-02 2.108224e+04 2.018365e+04 
2.620202e-02 1.978215e+04 1.870927e+04 
3.124242e-02 1.807349e+04 1.711023e+04 
3.628283e-02 1.639103e+04 1.561999e+04 
4.132323e-02 1.496045e+04 1.427522e+04 
4.636364e-02 1.384078e+04 1.306773e+04 
5.140404e-02 1.299449e+04 1.198347e+04 
5.644444e-02 1.231821e+04 1.100925e+04 
6.148485e-02 1.169841e+04 1.013323e+04 
6.652525e-02 1.105493e+04 9.344769e+03 
7.156566e-02 1.034690e+04 8.634288e+03 
7.660606e-02 9.581756e+03 7.993173e+03 
8.164646e-02 8.804563e+03 7.413728e+03 
8.668687e-02 8.070736e+03 6.889112e+03 
9.172727e-02 7.422726e+03 6.413265e+03 
9.676768e-02 6.886134e+03 5.980838e+03 
1.018081e-01 6.466782e+03 5.587112e+03 
1.068485e-01 6.147325e+03 5.227933e+03 
1.118889e-01 5.892000e+03 4.899643e+03 
1.169293e-01 5.661907e+03 4.599019e+03 
1.219697e-01 5.427813e+03 4.323220e+03 
1.270101e-01 5.173690e+03 4.069736e+03 
1.320505e-01 4.896386e+03 3.836351e+03 
1.370909e-01 4.605212e+03 3.621103e+03 
1.421313e-01 4.317095e+03 3.422251e+03 
1.471717e-01 4.048103e+03 3.238249e+03 
1.522121e-01 3.809766e+03 3.067722e+03 
1.572525e-01 3.608522e+03 2.909444e+03 
1.622929e-01 3.444827e+03 2.762318e+03 
1.673333e-01 3.311868e+03 2.625366e+03 
1.723737e-01 3.197745e+03 2.497710e+03 
1.774141e-01 3.090628e+03 2.378559e+03 
1.824545e-01 2.982426e+03 2.267205e+03 
1.874949e-01 2.868939e+03 2.163009e+03 
1.925354e-01 2.748957e+03 2.065393e+03 
1.975758e-01 2.624683e+03 1.973835e+03 
2.026162e-01 2.501299e+03 1.887864e+03 
2.076566e-01 2.384564e+03 1.807049e+03 
2.126970e-01 2.278594e+03 1.731003e+03 
2.177374e-01 2.184956e+03 1.659369e+03 
2.227778e-01 2.103317e+03 1.591826e+03 
2.278182e-01 2.031854e+03 1.528079e+03 
2.328586e-01 1.967665e+03 1.467859e+03 
2.378990e-01 1.907563e+03 1.410918e+03 
2.429394e-01 1.848804e+03 1.357032e+03 
2.479798e-01 1.789506e+03 1.305992e+03 
2.530202e-01 1.728945e+03 1.257610e+03 
2.580606e-01 1.667703e+03 1.211709e+03 
2.631010e-01 1.607289e+03 1.168129e+03 
2.681414e-01 1.549348e+03 1.126721e+03 
2.731818e-01 1.494962e+03 1.087347e+03 
2.782222e-01 1.444705e+03 1.049882e+03 
2.832626e-01 1.398738e+03 1.014207e+03 
2.883030e-01 1.356727e+03 9.802136e+02 
2.933434e-01 1.317853e+03 9.478020e+02 
2.983838e-01 1.281082e+03 9.168782e+02 
3.034242e-01 1.245518e+03 8.873556e+02 
3.084646e-01 1.210590e+03 8.591535e+02 
3.135051e-01 1.176054e+03 8.321968e+02 
3.185455e-01 1.141890e+03 8.064156e+02 
3.235859e-01 1.108310e+03 7.817446e+02 
3.286263e-01 1.075751e+03 7.581231e+02 
3.336667e-01 1.044603e+03 7.354942e+02 
3.387071e-01 1.015096e+03 7.138048e+02 
3.437475e-01 9.872756e+02 6.930053e+02 
3.487879e-01 9.610698e+02 6.730492e+02 
3.538283e-01 9.362858e+02 6.538929e+02 
3.588687e-01 9.126344e+02 6.354955e+02 
3.639091e-01 8.898267e+02 6.178188e+02 
3.689495e-01 8.676595e+02 6.008267e+02 
3.739899e-01 8.460408e+02 5.844855e+02 
3.790303e-01 8.249253e+02 5.687634e+02 
3.840707e-01 8.043131e+02 5.536303e+02 
3.891111e-01 7.842453e+02 5.390583e+02 
3.941515e-01 7.648332e+02 5.250207e+02 
3.991919e-01 7.461790e+02 5.114925e+02 
4.042323e-01 7.283140e+02 4.984502e+02 
4.092727e-01 7.111877e+02 4.858714e+02 
4.143131e-01 6.947317e+02 4.737351e+02 
4.193535e-01 6.789024e+02 4.620215e+02 
4.243939e-01 6.636377e+02 4.507117e+02 
4.294343e-01 6.488440e+02 4.397880e+02 
4.344747e-01 6.344493e+02 4.292335e+02 
4.395152e-01 6.204190e+02 4.190323e+02 
4.445556e-01 6.067727e+02 4.091692e+02 
4.495960e-01 5.935155e+02 3.996300e+02 
4.546364e-01 5.806438e+02 3.904010e+02 
4.596768e-01 5.681399e+02 3.814694e+02 
4.647172e-01 5.560335e+02 3.728228e+02 
4.697576e-01 5.443504e+02 3.644497e+02 
4.747980e-01 5.330613e+02 3.563391e+02 
4.798384e-01 5.221185e+02 3.484803e+02 
4.848788e-01 5.114926e+02 3.408633e+02 
4.899192e-01 5.011760e+02 3.334788e+02 
4.949596e-01 4.911638e+02 3.263175e+02 
5.000000e-01 4.814201e+02 3.193708e+02 
