1.000000e-03 4.250700e+03 4.250308e+03 
6.040404e-03 1.936610e+04 1.945490e+04 
1.108081e-02 2.668942e+04 2.662708e+04 
1.612121e-02 2.907959e+04 2.872245e+04 
2.116162e-02 2.835367e+04 2.740583e+04 
2.620202e-02 2.587018e+04 2.444131e+04 
3.124242e-02 2.269340e+04 2.134350e+04 
3.628283e-02 1.957720e+04 1.870642e+04 
4.132323e-02 1.695699e+04 1.656019e+04 
4.636364e-02 1.497591e+04 1.479756e+04 
5.140404e-02 1.364775e+04 1.332036e+04 
5.644444e-02 1.280658e+04 1.205976e+04 
6.148485e-02 1.226930e+04 1.096912e+04 
6.652525e-02 1.185012e+04 1.001596e+04 
7.156566e-02 1.138744e+04 9.176615e+03 
7.660606e-02 1.078186e+04 8.433083e+03 
8.164646e-02 1.000907e+04 7.771213e+03 
8.668687e-02 9.114993e+03 7.179585e+03 
9.172727e-02 8.182400e+03 6.648804e+03 
9.676768e-02 7.301459e+03 6.171036e+03 
1.018081e-01 6.547707e+03 5.739677e+03 
1.068485e-01 5.965546e+03 5.349118e+03 
1.118889e-01 5.560456e+03 4.994560e+03 
1.169293e-01 5.305514e+03 4.671878e+03 
1.219697e-01 5.155424e+03 4.377509e+03 
1.270101e-01 5.058778e+03 4.108361e+03 
1.320505e-01 4.965264e+03 3.861745e+03 
1.370909e-01 4.833685e+03 3.635309e+03 
1.421313e-01 4.641244e+03 3.426993e+03 
1.471717e-01 4.387133e+03 3.234987e+03 
1.522121e-01 4.088184e+03 3.057694e+03 
1.572525e-01 3.771492e+03 2.893703e+03 
1.622929e-01 3.467523e+03 2.741766e+03 
1.673333e-01 3.202839e+03 2.600770e+03 
1.723737e-01 2.993205e+03 2.469728e+03 
1.774141e-01 2.841405e+03 2.347758e+03 
1.824545e-01 2.740048e+03 2.234070e+03 
1.874949e-01 2.675800e+03 2.127956e+03 
1.925354e-01 2.632292e+03 2.028783e+03 
1.975758e-01 2.592186e+03 1.935977e+03 
2.026162e-01 2.540040e+03 1.849025e+03 
2.076566e-01 2.466245e+03 1.767460e+03 
2.126970e-01 2.368944e+03 1.690861e+03 
2.177374e-01 2.252916e+03 1.618846e+03 
2.227778e-01 2.127052e+03 1.551070e+03 
2.278182e-01 2.001765e+03 1.487216e+03 
2.328586e-01 1.886677e+03 1.426997e+03 
2.378990e-01 1.788641e+03 1.370152e+03 
2.429394e-01 1.710866e+03 1.316441e+03 
2.479798e-01 1.652924e+03 1.265646e+03 
2.530202e-01 1.611341e+03 1.217566e+03 
2.580606e-01 1.580390e+03 1.172017e+03 
2.631010e-01 1.553462e+03 1.128830e+03 
2.681414e-01 1.524598e+03 1.087850e+03 
2.731818e-01 1.489695e+03 1.048934e+03 
2.782222e-01 1.446975e+03 1.011949e+03 
2.832626e-01 1.396773e+03 9.767741e+02 
2.883030e-01 1.341222e+03 9.432968e+02 
2.933434e-01 1.283708e+03 9.114128e+02 
2.983838e-01 1.228057e+03 8.810258e+02 
3.034242e-01 1.177454e+03 8.520463e+02 
3.084646e-01 1.133812e+03 8.243916e+02 
3.135051e-01 1.097708e+03 7.979845e+02 
3.185455e-01 1.068555e+03 7.727534e+02 
3.235859e-01 1.044834e+03 7.486317e+02 
3.286263e-01 1.024407e+03 7.255572e+02 
3.336667e-01 1.004958e+03 7.034721e+02 
3.387071e-01 9.845339e+02 6.823223e+02 
3.437475e-01 9.619291e+02 6.620573e+02 
3.487879e-01 9.367416e+02 6.426300e+02 
3.538283e-01 9.092954e+02 6.239962e+02 
3.588687e-01 8.805086e+02 6.061147e+02 
3.639091e-01 8.516258e+02 5.889466e+02 
3.689495e-01 8.239215e+02 5.724558e+02 
3.739899e-01 7.983704e+02 5.566080e+02 
3.790303e-01 7.755368e+02 5.413714e+02 
3.840707e-01 7.555569e+02 5.267158e+02 
3.891111e-01 7.381524e+02 5.126129e+02 
3.941515e-01 7.227559e+02 4.990362e+02 
3.991919e-01 7.085521e+02 4.859606e+02 
4.042323e-01 6.947251e+02 4.733625e+02 
4.092727e-01 6.806225e+02 4.612195e+02 
4.143131e-01 6.659079e+02 4.495108e+02 
4.193535e-01 6.504958e+02 4.382164e+02 
4.243939e-01 6.345093e+02 4.273177e+02 
4.294343e-01 6.182501e+02 4.167968e+02 
4.344747e-01 6.021429e+02 4.066372e+02 
4.395152e-01 5.866371e+02 3.968228e+02 
4.445556e-01 5.720835e+02 3.873388e+02 
4.495960e-01 5.586513e+02 3.781709e+02 
4.546364e-01 5.463273e+02 3.693056e+02 
4.596768e-01 5.350043e+02 3.607302e+02 
4.647172e-01 5.245043e+02 3.524325e+02 
4.697576e-01 5.145471e+02 3.444011e+02 
4.747980e-01 5.048393e+02 3.366249e+02 
4.798384e-01 4.951389e+02 3.290937e+02 
4.848788e-01 4.853270e+02 3.217976e+02 
4.899192e-01 4.753896e+02 3.147271e+02 
4.949596e-01 4.653835e+02 3.078734e+02 
5.000000e-01 4.553958e+02 3.012279e+02 
