1.000000e-03 2.930143e+03 2.929866e+03 
6.040404e-03 1.306360e+04 1.311247e+04 
1.108081e-02 1.795842e+04 1.781347e+04 
1.612121e-02 1.977010e+04 1.929822e+04 
2.116162e-02 1.975418e+04 1.891867e+04 
2.620202e-02 1.874585e+04 1.774260e+04 
3.124242e-02 1.733213e+04 1.639561e+04 
3.628283e-02 1.589417e+04 1.509352e+04 
4.132323e-02 1.463401e+04 1.388649e+04 
4.636364e-02 1.360539e+04 1.278119e+04 
5.140404e-02 1.281164e+04 1.177417e+04 
5.644444e-02 1.213659e+04 1.085926e+04 
6.148485e-02 1.150925e+04 1.002932e+04 
6.652525e-02 1.086831e+04 9.276969e+03 
7.156566e-02 1.017829e+04 8.594928e+03 
7.660606e-02 9.448709e+03 7.976290e+03 
8.164646e-02 8.721621e+03 7.414634e+03 
8.668687e-02 8.044020e+03 6.904089e+03 
9.172727e-02 7.446505e+03 6.439345e+03 
9.676768e-02 6.944482e+03 6.015640e+03 
1.018081e-01 6.540764e+03 5.628719e+03 
1.068485e-01 6.221452e+03 5.274795e+03 
1.118889e-01 5.955617e+03 4.950504e+03 
1.169293e-01 5.708809e+03 4.652858e+03 
1.219697e-01 5.457376e+03 4.379206e+03 
1.270101e-01 5.191540e+03 4.127197e+03 
1.320505e-01 4.912301e+03 3.894738e+03 
1.370909e-01 4.628563e+03 3.679969e+03 
1.421313e-01 4.353162e+03 3.481235e+03 
1.471717e-01 4.098580e+03 3.297059e+03 
1.522121e-01 3.873563e+03 3.126123e+03 
1.572525e-01 3.681619e+03 2.967246e+03 
1.622929e-01 3.521121e+03 2.819373e+03 
1.673333e-01 3.385170e+03 2.681556e+03 
1.723737e-01 3.263877e+03 2.552943e+03 
1.774141e-01 3.147904e+03 2.432766e+03 
1.824545e-01 3.031360e+03 2.320335e+03 
1.874949e-01 2.911581e+03 2.215024e+03 
1.925354e-01 2.788472e+03 2.116270e+03 
1.975758e-01 2.664579e+03 2.023560e+03 
2.026162e-01 2.544388e+03 1.936431e+03 
2.076566e-01 2.432153e+03 1.854460e+03 
2.126970e-01 2.330156e+03 1.777263e+03 
2.177374e-01 2.239035e+03 1.704491e+03 
2.227778e-01 2.158066e+03 1.635824e+03 
2.278182e-01 2.085395e+03 1.570970e+03 
2.328586e-01 2.018379e+03 1.509663e+03 
2.378990e-01 1.954330e+03 1.451658e+03 
2.429394e-01 1.891461e+03 1.396730e+03 
2.479798e-01 1.828951e+03 1.344673e+03 
2.530202e-01 1.766548e+03 1.295297e+03 
2.580606e-01 1.704655e+03 1.248428e+03 
2.631010e-01 1.644375e+03 1.203906e+03 
2.681414e-01 1.587100e+03 1.161580e+03 
2.731818e-01 1.533683e+03 1.121314e+03 
2.782222e-01 1.484204e+03 1.082981e+03 
2.832626e-01 1.438270e+03 1.046464e+03 
2.883030e-01 1.395431e+03 1.011652e+03 
2.933434e-01 1.355191e+03 9.784462e+02 
2.983838e-01 1.316835e+03 9.467515e+02 
3.034242e-01 1.279596e+03 9.164807e+02 
3.084646e-01 1.243050e+03 8.875528e+02 
3.135051e-01 1.207191e+03 8.598919e+02 
3.185455e-01 1.172209e+03 8.334277e+02 
3.235859e-01 1.138297e+03 8.080944e+02 
3.286263e-01 1.105614e+03 7.838304e+02 
3.336667e-01 1.074346e+03 7.605785e+02 
3.387071e-01 1.044676e+03 7.382848e+02 
3.437475e-01 1.016629e+03 7.168993e+02 
3.487879e-01 9.900191e+02 6.963748e+02 
3.538283e-01 9.645655e+02 6.766671e+02 
3.588687e-01 9.400590e+02 6.577350e+02 
3.639091e-01 9.163717e+02 6.395395e+02 
3.689495e-01 8.934182e+02 6.220441e+02 
3.739899e-01 8.710861e+02 6.052146e+02 
3.790303e-01 8.493441e+02 5.890186e+02 
3.840707e-01 8.282219e+02 5.734257e+02 
3.891111e-01 8.077999e+02 5.584073e+02 
3.941515e-01 7.881320e+02 5.439364e+02 
3.991919e-01 7.692004e+02 5.299876e+02 
4.042323e-01 7.509847e+02 5.165368e+02 
4.092727e-01 7.334730e+02 5.035613e+02 
4.143131e-01 7.166314e+02 4.910398e+02 
4.193535e-01 7.003663e+02 4.789520e+02 
4.243939e-01 6.846025e+02 4.672786e+02 
4.294343e-01 6.692944e+02 4.560016e+02 
4.344747e-01 6.544335e+02 4.451038e+02 
4.395152e-01 6.400075e+02 4.345688e+02 
4.445556e-01 6.259952e+02 4.243813e+02 
4.495960e-01 6.123901e+02 4.145266e+02 
4.546364e-01 5.991937e+02 4.049909e+02 
4.596768e-01 5.864180e+02 3.957609e+02 
4.647172e-01 5.740514e+02 3.868241e+02 
4.697576e-01 5.620758e+02 3.781687e+02 
4.747980e-01 5.504614e+02 3.697832e+02 
4.798384e-01 5.391935e+02 3.616570e+02 
4.848788e-01 5.282637e+02 3.537798e+02 
4.899192e-01 5.176519e+02 3.461418e+02 
4.949596e-01 5.073230e+02 3.387337e+02 
5.000000e-01 4.972585e+02 3.315468e+02 
