1.000000e-03 4.241609e+03 4.241214e+03 
6.040404e-03 1.854950e+04 1.862941e+04 
1.108081e-02 2.518518e+04 2.508744e+04 
1.612121e-02 2.723472e+04 2.680595e+04 
2.116162e-02 2.650260e+04 2.553333e+04 
2.620202e-02 2.426544e+04 2.295269e+04 
3.124242e-02 2.147849e+04 2.030968e+04 
3.628283e-02 1.878945e+04 1.802920e+04 
4.132323e-02 1.655310e+04 1.612232e+04 
4.636364e-02 1.486715e+04 1.451317e+04 
5.140404e-02 1.372296e+04 1.313443e+04 
5.644444e-02 1.295076e+04 1.193813e+04 
6.148485e-02 1.238546e+04 1.089042e+04 
6.652525e-02 1.186397e+04 9.966551e+03 
7.156566e-02 1.126512e+04 9.147537e+03 
7.660606e-02 1.053316e+04 8.418322e+03 
8.164646e-02 9.683355e+03 7.766629e+03 
8.668687e-02 8.780821e+03 7.182269e+03 
9.172727e-02 7.905600e+03 6.656677e+03 
9.676768e-02 7.128691e+03 6.182590e+03 
1.018081e-01 6.499756e+03 5.753805e+03 
1.068485e-01 6.035841e+03 5.364999e+03 
1.118889e-01 5.719441e+03 5.011583e+03 
1.169293e-01 5.509429e+03 4.689583e+03 
1.219697e-01 5.356038e+03 4.395552e+03 
1.270101e-01 5.212796e+03 4.126484e+03 
1.320505e-01 5.042289e+03 3.879753e+03 
1.370909e-01 4.823369e+03 3.653058e+03 
1.421313e-01 4.555153e+03 3.444377e+03 
1.471717e-01 4.253674e+03 3.251928e+03 
1.522121e-01 3.943276e+03 3.074139e+03 
1.572525e-01 3.649398e+03 2.909616e+03 
1.622929e-01 3.393924e+03 2.757123e+03 
1.673333e-01 3.189769e+03 2.615559e+03 
1.723737e-01 3.038075e+03 2.483945e+03 
1.774141e-01 2.929956e+03 2.361405e+03 
1.824545e-01 2.851204e+03 2.247153e+03 
1.874949e-01 2.786458e+03 2.140486e+03 
1.925354e-01 2.721199e+03 2.040773e+03 
1.975758e-01 2.643692e+03 1.947442e+03 
2.026162e-01 2.547960e+03 1.859980e+03 
2.076566e-01 2.435122e+03 1.777922e+03 
2.126970e-01 2.311542e+03 1.700849e+03 
2.177374e-01 2.186046e+03 1.628377e+03 
2.227778e-01 2.067205e+03 1.560161e+03 
2.278182e-01 1.961787e+03 1.495886e+03 
2.328586e-01 1.873611e+03 1.435263e+03 
2.378990e-01 1.803215e+03 1.378032e+03 
2.429394e-01 1.748172e+03 1.323951e+03 
2.479798e-01 1.704113e+03 1.272801e+03 
2.530202e-01 1.665523e+03 1.224383e+03 
2.580606e-01 1.626985e+03 1.178510e+03 
2.631010e-01 1.584523e+03 1.135014e+03 
2.681414e-01 1.536399e+03 1.093739e+03 
2.731818e-01 1.483015e+03 1.054541e+03 
2.782222e-01 1.426198e+03 1.017287e+03 
2.832626e-01 1.368547e+03 9.818559e+02 
2.883030e-01 1.312940e+03 9.481336e+02 
2.933434e-01 1.261939e+03 9.160158e+02 
2.983838e-01 1.217130e+03 8.854057e+02 
3.034242e-01 1.178822e+03 8.562134e+02 
3.084646e-01 1.146221e+03 8.283554e+02 
3.135051e-01 1.117906e+03 8.017544e+02 
3.185455e-01 1.092173e+03 7.763382e+02 
3.235859e-01 1.067240e+03 7.520397e+02 
3.286263e-01 1.041627e+03 7.287966e+02 
3.336667e-01 1.014530e+03 7.065504e+02 
3.387071e-01 9.858923e+02 6.852468e+02 
3.437475e-01 9.562052e+02 6.648350e+02 
3.487879e-01 9.263285e+02 6.452674e+02 
3.538283e-01 8.971919e+02 6.264997e+02 
3.588687e-01 8.696594e+02 6.084902e+02 
3.639091e-01 8.443358e+02 5.911999e+02 
3.689495e-01 8.214258e+02 5.745922e+02 
3.739899e-01 8.007696e+02 5.586328e+02 
3.790303e-01 7.819622e+02 5.432894e+02 
3.840707e-01 7.644704e+02 5.285318e+02 
3.891111e-01 7.477042e+02 5.143314e+02 
3.941515e-01 7.311115e+02 5.006615e+02 
3.991919e-01 7.143236e+02 4.874966e+02 
4.042323e-01 6.972306e+02 4.748132e+02 
4.092727e-01 6.799416e+02 4.625887e+02 
4.143131e-01 6.627106e+02 4.508018e+02 
4.193535e-01 6.458106e+02 4.394328e+02 
4.243939e-01 6.294875e+02 4.284625e+02 
4.294343e-01 6.139937e+02 4.178733e+02 
4.344747e-01 5.994617e+02 4.076481e+02 
4.395152e-01 5.859143e+02 3.977711e+02 
4.445556e-01 5.731998e+02 3.882271e+02 
4.495960e-01 5.611373e+02 3.790017e+02 
4.546364e-01 5.495517e+02 3.700814e+02 
4.596768e-01 5.382865e+02 3.614533e+02 
4.647172e-01 5.271815e+02 3.531051e+02 
4.697576e-01 5.161281e+02 3.450253e+02 
4.747980e-01 5.051143e+02 3.372029e+02 
4.798384e-01 4.942111e+02 3.296273e+02 
4.848788e-01 4.835244e+02 3.222886e+02 
4.899192e-01 4.731219e+02 3.151774e+02 
4.949596e-01 4.630703e+02 3.082847e+02 
5.000000e-01 4.534160e+02 3.016018e+02 
