1.000000e-03 3.251389e+03 3.251105e+03 
6.040404e-03 1.504683e+04 1.511624e+04 
1.108081e-02 2.109680e+04 2.103010e+04 
1.612121e-02 2.342296e+04 2.309746e+04 
2.116162e-02 2.334373e+04 2.256747e+04 
2.620202e-02 2.184720e+04 2.071086e+04 
3.124242e-02 1.971251e+04 1.860507e+04 
3.628283e-02 1.750531e+04 1.670608e+04 
4.132323e-02 1.557125e+04 1.508137e+04 
4.636364e-02 1.404671e+04 1.368970e+04 
5.140404e-02 1.296237e+04 1.248285e+04 
5.644444e-02 1.222210e+04 1.142429e+04 
6.148485e-02 1.168635e+04 1.048789e+04 
6.652525e-02 1.123995e+04 9.654429e+03 
7.156566e-02 1.076265e+04 8.909144e+03 
7.660606e-02 1.018045e+04 8.240224e+03 
8.164646e-02 9.480636e+03 7.637951e+03 
8.668687e-02 8.705082e+03 7.094165e+03 
9.172727e-02 7.918165e+03 6.601922e+03 
9.676768e-02 7.181208e+03 6.155259e+03 
1.018081e-01 6.544120e+03 5.749024e+03 
1.068485e-01 6.038774e+03 5.378745e+03 
1.118889e-01 5.671970e+03 5.040526e+03 
1.169293e-01 5.422474e+03 4.730960e+03 
1.219697e-01 5.251480e+03 4.447064e+03 
1.270101e-01 5.116463e+03 4.186213e+03 
1.320505e-01 4.979935e+03 3.946099e+03 
1.370909e-01 4.814991e+03 3.724682e+03 
1.421313e-01 4.608014e+03 3.520157e+03 
1.471717e-01 4.359776e+03 3.330924e+03 
1.522121e-01 4.083916e+03 3.155562e+03 
1.572525e-01 3.801703e+03 2.992804e+03 
1.622929e-01 3.535696e+03 2.841521e+03 
1.673333e-01 3.304331e+03 2.700702e+03 
1.723737e-01 3.117906e+03 2.569442e+03 
1.774141e-01 2.976901e+03 2.446929e+03 
1.824545e-01 2.874263e+03 2.332433e+03 
1.874949e-01 2.798844e+03 2.225295e+03 
1.925354e-01 2.737570e+03 2.124923e+03 
1.975758e-01 2.677338e+03 2.030778e+03 
2.026162e-01 2.607228e+03 1.942376e+03 
2.076566e-01 2.521086e+03 1.859275e+03 
2.126970e-01 2.419113e+03 1.781076e+03 
2.177374e-01 2.306240e+03 1.707412e+03 
2.227778e-01 2.189396e+03 1.637954e+03 
2.278182e-01 2.075929e+03 1.572398e+03 
2.328586e-01 1.972495e+03 1.510466e+03 
2.378990e-01 1.883792e+03 1.451906e+03 
2.429394e-01 1.811568e+03 1.396487e+03 
2.479798e-01 1.754420e+03 1.343993e+03 
2.530202e-01 1.708846e+03 1.294232e+03 
2.580606e-01 1.670427e+03 1.247021e+03 
2.631010e-01 1.634561e+03 1.202196e+03 
2.681414e-01 1.597003e+03 1.159604e+03 
2.731818e-01 1.554839e+03 1.119104e+03 
2.782222e-01 1.507184e+03 1.080565e+03 
2.832626e-01 1.455024e+03 1.043867e+03 
2.883030e-01 1.400572e+03 1.008899e+03 
2.933434e-01 1.346363e+03 9.755570e+02 
2.983838e-01 1.294753e+03 9.437447e+02 
3.034242e-01 1.247728e+03 9.133731e+02 
3.084646e-01 1.206512e+03 8.843593e+02 
3.135051e-01 1.171285e+03 8.566262e+02 
3.185455e-01 1.141276e+03 8.301019e+02 
3.235859e-01 1.114997e+03 8.047192e+02 
3.286263e-01 1.090731e+03 7.804158e+02 
3.336667e-01 1.066955e+03 7.571332e+02 
3.387071e-01 1.042521e+03 7.348169e+02 
3.437475e-01 1.016714e+03 7.134157e+02 
3.487879e-01 9.893995e+02 6.928819e+02 
3.538283e-01 9.609586e+02 6.731707e+02 
3.588687e-01 9.322091e+02 6.542401e+02 
3.639091e-01 9.041299e+02 6.360506e+02 
3.689495e-01 8.775286e+02 6.185654e+02 
3.739899e-01 8.529167e+02 6.017497e+02 
3.790303e-01 8.305225e+02 5.855707e+02 
3.840707e-01 8.102988e+02 5.699976e+02 
3.891111e-01 7.919554e+02 5.550017e+02 
3.941515e-01 7.750143e+02 5.405555e+02 
3.991919e-01 7.588720e+02 5.266333e+02 
4.042323e-01 7.429693e+02 5.132109e+02 
4.092727e-01 7.269383e+02 5.002654e+02 
4.143131e-01 7.106048e+02 4.877751e+02 
4.193535e-01 6.940174e+02 4.757196e+02 
4.243939e-01 6.773352e+02 4.640796e+02 
4.294343e-01 6.607843e+02 4.528367e+02 
4.344747e-01 6.446590e+02 4.419737e+02 
4.395152e-01 6.292244e+02 4.314742e+02 
4.445556e-01 6.146707e+02 4.213226e+02 
4.495960e-01 6.010567e+02 4.115041e+02 
4.546364e-01 5.883155e+02 4.020049e+02 
4.596768e-01 5.763089e+02 3.928116e+02 
4.647172e-01 5.648700e+02 3.839116e+02 
4.697576e-01 5.538377e+02 3.752930e+02 
4.747980e-01 5.430312e+02 3.669444e+02 
4.798384e-01 5.323122e+02 3.588550e+02 
4.848788e-01 5.216161e+02 3.510144e+02 
4.899192e-01 5.109443e+02 3.434129e+02 
4.949596e-01 5.003841e+02 3.360412e+02 
5.000000e-01 4.900256e+02 3.288904e+02 
