1.000000e-03 4.762124e+03 4.761680e+03 
6.040404e-03 2.116598e+04 2.126385e+04 
1.108081e-02 2.895168e+04 2.889556e+04 
1.612121e-02 3.138745e+04 3.103292e+04 
2.116162e-02 3.046127e+04 2.946977e+04 
2.620202e-02 2.764685e+04 2.609848e+04 
3.124242e-02 2.409532e+04 2.259848e+04 
3.628283e-02 2.062480e+04 1.964756e+04 
4.132323e-02 1.770816e+04 1.727665e+04 
4.636364e-02 1.550218e+04 1.535460e+04 
5.140404e-02 1.402119e+04 1.376187e+04 
5.644444e-02 1.309136e+04 1.241515e+04 
6.148485e-02 1.251593e+04 1.125860e+04 
6.652525e-02 1.209627e+04 1.025386e+04 
7.156566e-02 1.165304e+04 9.373406e+03 
7.660606e-02 1.106899e+04 8.596647e+03 
8.164646e-02 1.030450e+04 7.907603e+03 
8.668687e-02 9.396538e+03 7.293539e+03 
9.172727e-02 8.427351e+03 6.744088e+03 
9.676768e-02 7.492651e+03 6.250681e+03 
1.018081e-01 6.677123e+03 5.806149e+03 
1.068485e-01 6.035212e+03 5.404440e+03 
1.118889e-01 5.580921e+03 5.040406e+03 
1.169293e-01 5.292475e+03 4.709643e+03 
1.219697e-01 5.126802e+03 4.408358e+03 
1.270101e-01 5.032249e+03 4.133279e+03 
1.320505e-01 4.955596e+03 3.881561e+03 
1.370909e-01 4.849757e+03 3.650730e+03 
1.421313e-01 4.684099e+03 3.438621e+03 
1.471717e-01 4.450421e+03 3.243336e+03 
1.522121e-01 4.160657e+03 3.063207e+03 
1.572525e-01 3.840526e+03 2.896761e+03 
1.622929e-01 3.521611e+03 2.742697e+03 
1.673333e-01 3.234382e+03 2.599859e+03 
1.723737e-01 2.999806e+03 2.467221e+03 
1.774141e-01 2.825420e+03 2.343869e+03 
1.824545e-01 2.707292e+03 2.228986e+03 
1.874949e-01 2.634010e+03 2.121841e+03 
1.925354e-01 2.589960e+03 2.021778e+03 
1.975758e-01 2.557165e+03 1.928208e+03 
2.026162e-01 2.517998e+03 1.840600e+03 
2.076566e-01 2.459388e+03 1.758475e+03 
2.126970e-01 2.375644e+03 1.681401e+03 
2.177374e-01 2.268570e+03 1.608985e+03 
2.227778e-01 2.145654e+03 1.540872e+03 
2.278182e-01 2.017332e+03 1.476739e+03 
2.328586e-01 1.894407e+03 1.416291e+03 
2.378990e-01 1.785850e+03 1.359262e+03 
2.429394e-01 1.697138e+03 1.305407e+03 
2.479798e-01 1.629802e+03 1.254502e+03 
2.530202e-01 1.581939e+03 1.206342e+03 
2.580606e-01 1.548709e+03 1.160740e+03 
2.631010e-01 1.523564e+03 1.117525e+03 
2.681414e-01 1.499753e+03 1.076536e+03 
2.731818e-01 1.471755e+03 1.037630e+03 
2.782222e-01 1.436220e+03 1.000671e+03 
2.832626e-01 1.391988e+03 9.655368e+02 
2.883030e-01 1.340108e+03 9.321122e+02 
2.933434e-01 1.283475e+03 9.002918e+02 
2.983838e-01 1.226010e+03 8.699777e+02 
3.034242e-01 1.171614e+03 8.410795e+02 
3.084646e-01 1.123243e+03 8.135130e+02 
3.135051e-01 1.082465e+03 7.872002e+02 
3.185455e-01 1.049542e+03 7.620687e+02 
3.235859e-01 1.023576e+03 7.380510e+02 
3.286263e-01 1.002714e+03 7.150843e+02 
3.336667e-01 9.845913e+02 6.931100e+02 
3.387071e-01 9.668117e+02 6.720737e+02 
3.437475e-01 9.474812e+02 6.519243e+02 
3.487879e-01 9.255298e+02 6.326142e+02 
3.538283e-01 9.006604e+02 6.140990e+02 
3.588687e-01 8.733817e+02 5.963368e+02 
3.639091e-01 8.447918e+02 5.792888e+02 
3.689495e-01 8.162571e+02 5.629183e+02 
3.739899e-01 7.890999e+02 5.471910e+02 
3.790303e-01 7.643092e+02 5.320746e+02 
3.840707e-01 7.424247e+02 5.175390e+02 
3.891111e-01 7.235591e+02 5.035557e+02 
3.941515e-01 7.073696e+02 4.900979e+02 
3.991919e-01 6.931586e+02 4.771404e+02 
4.042323e-01 6.800643e+02 4.646595e+02 
4.092727e-01 6.672245e+02 4.526328e+02 
4.143131e-01 6.539799e+02 4.410392e+02 
4.193535e-01 6.399750e+02 4.298589e+02 
4.243939e-01 6.251224e+02 4.190730e+02 
4.294343e-01 6.095650e+02 4.086638e+02 
4.344747e-01 5.936468e+02 3.986144e+02 
4.395152e-01 5.778540e+02 3.889090e+02 
4.445556e-01 5.626815e+02 3.795325e+02 
4.495960e-01 5.484921e+02 3.704707e+02 
4.546364e-01 5.354701e+02 3.617102e+02 
4.596768e-01 5.236202e+02 3.532380e+02 
4.647172e-01 5.128480e+02 3.450422e+02 
4.697576e-01 5.029537e+02 3.371111e+02 
4.747980e-01 4.936114e+02 3.294339e+02 
4.798384e-01 4.844972e+02 3.220001e+02 
4.848788e-01 4.753480e+02 3.147999e+02 
4.899192e-01 4.660525e+02 3.078239e+02 
4.949596e-01 4.565607e+02 3.010633e+02 
5.000000e-01 4.469256e+02 2.945094e+02 
