1.000000e-03 4.462389e+03 4.461957e+03 
6.040404e-03 1.945886e+04 1.954050e+04 
1.108081e-02 2.628438e+04 2.617001e+04 
1.612121e-02 2.828595e+04 2.781163e+04 
2.116162e-02 2.739929e+04 2.635611e+04 
2.620202e-02 2.497883e+04 2.359616e+04 
3.124242e-02 2.202647e+04 2.081822e+04 
3.628283e-02 1.921296e+04 1.843975e+04 
4.132323e-02 1.689699e+04 1.645893e+04 
4.636364e-02 1.516813e+04 1.479190e+04 
5.140404e-02 1.400568e+04 1.336682e+04 
5.644444e-02 1.322544e+04 1.213288e+04 
6.148485e-02 1.265090e+04 1.105433e+04 
6.652525e-02 1.210702e+04 1.010501e+04 
7.156566e-02 1.147736e+04 9.264873e+03 
7.660606e-02 1.070843e+04 8.518043e+03 
8.164646e-02 9.819198e+03 7.851593e+03 
8.668687e-02 8.880978e+03 7.254818e+03 
9.172727e-02 7.979864e+03 6.718741e+03 
9.676768e-02 7.190260e+03 6.235765e+03 
1.018081e-01 6.559957e+03 5.799419e+03 
1.068485e-01 6.101070e+03 5.404160e+03 
1.118889e-01 5.791466e+03 5.045221e+03 
1.169293e-01 5.586442e+03 4.718480e+03 
1.219697e-01 5.434438e+03 4.420369e+03 
1.270101e-01 5.286726e+03 4.147780e+03 
1.320505e-01 5.105280e+03 3.898005e+03 
1.370909e-01 4.871606e+03 3.668672e+03 
1.421313e-01 4.588912e+03 3.457700e+03 
1.471717e-01 4.275645e+03 3.263260e+03 
1.522121e-01 3.957231e+03 3.083735e+03 
1.572525e-01 3.659872e+03 2.917697e+03 
1.622929e-01 3.405607e+03 2.763881e+03 
1.673333e-01 3.206300e+03 2.621161e+03 
1.723737e-01 3.060431e+03 2.488534e+03 
1.774141e-01 2.956680e+03 2.365105e+03 
1.824545e-01 2.879961e+03 2.250075e+03 
1.874949e-01 2.814787e+03 2.142726e+03 
1.925354e-01 2.746570e+03 2.042413e+03 
1.975758e-01 2.663743e+03 1.948556e+03 
2.026162e-01 2.561389e+03 1.860632e+03 
2.076566e-01 2.442525e+03 1.778170e+03 
2.126970e-01 2.314868e+03 1.700741e+03 
2.177374e-01 2.187535e+03 1.627958e+03 
2.227778e-01 2.068801e+03 1.559470e+03 
2.278182e-01 1.964925e+03 1.494956e+03 
2.328586e-01 1.879270e+03 1.434125e+03 
2.378990e-01 1.811690e+03 1.376712e+03 
2.429394e-01 1.758896e+03 1.322474e+03 
2.479798e-01 1.715784e+03 1.271189e+03 
2.530202e-01 1.676634e+03 1.222653e+03 
2.580606e-01 1.636343e+03 1.176679e+03 
2.631010e-01 1.591466e+03 1.133097e+03 
2.681414e-01 1.540738e+03 1.091749e+03 
2.731818e-01 1.484974e+03 1.052489e+03 
2.782222e-01 1.426454e+03 1.015184e+03 
2.832626e-01 1.368092e+03 9.797111e+02 
2.883030e-01 1.312747e+03 9.459551e+02 
2.933434e-01 1.262674e+03 9.138110e+02 
2.983838e-01 1.219043e+03 8.831810e+02 
3.034242e-01 1.181889e+03 8.539745e+02 
3.084646e-01 1.150235e+03 8.261075e+02 
3.135051e-01 1.122390e+03 7.995019e+02 
3.185455e-01 1.096461e+03 7.740852e+02 
3.235859e-01 1.070762e+03 7.497898e+02 
3.286263e-01 1.044105e+03 7.265528e+02 
3.336667e-01 1.015950e+03 7.043156e+02 
3.387071e-01 9.863609e+02 6.830234e+02 
3.437475e-01 9.559451e+02 6.626251e+02 
3.487879e-01 9.257136e+02 6.430730e+02 
3.538283e-01 8.966711e+02 6.243223e+02 
3.588687e-01 8.695477e+02 6.063312e+02 
3.639091e-01 8.447214e+02 5.890606e+02 
3.689495e-01 8.222533e+02 5.724737e+02 
3.739899e-01 8.019598e+02 5.565359e+02 
3.790303e-01 7.833964e+02 5.412150e+02 
3.840707e-01 7.659137e+02 5.264804e+02 
3.891111e-01 7.488756e+02 5.123037e+02 
3.941515e-01 7.318428e+02 4.986578e+02 
3.991919e-01 7.146015e+02 4.855173e+02 
4.042323e-01 6.971385e+02 4.728586e+02 
4.092727e-01 6.795764e+02 4.606589e+02 
4.143131e-01 6.621630e+02 4.488970e+02 
4.193535e-01 6.452195e+02 4.375530e+02 
4.243939e-01 6.290173e+02 4.266079e+02 
4.294343e-01 6.137322e+02 4.160437e+02 
4.344747e-01 5.994107e+02 4.058435e+02 
4.395152e-01 5.859975e+02 3.959914e+02 
4.445556e-01 5.733637e+02 3.864721e+02 
4.495960e-01 5.613338e+02 3.772714e+02 
4.546364e-01 5.497054e+02 3.683755e+02 
4.596768e-01 5.382926e+02 3.597716e+02 
4.647172e-01 5.269895e+02 3.514475e+02 
4.697576e-01 5.157655e+02 3.433915e+02 
4.747980e-01 5.046414e+02 3.355926e+02 
4.798384e-01 4.936790e+02 3.280402e+02 
4.848788e-01 4.829458e+02 3.207246e+02 
4.899192e-01 4.725494e+02 3.136360e+02 
4.949596e-01 4.625651e+02 3.067657e+02 
5.000000e-01 4.530047e+02 3.001049e+02 
