1.000000e-03 2.807751e+03 2.807502e+03 
6.040404e-03 1.283705e+04 1.289153e+04 
1.108081e-02 1.789970e+04 1.780036e+04 
1.612121e-02 1.986843e+04 1.949160e+04 
2.116162e-02 1.991022e+04 1.916138e+04 
2.620202e-02 1.885313e+04 1.788434e+04 
3.124242e-02 1.731474e+04 1.640919e+04 
3.628283e-02 1.572240e+04 1.501719e+04 
4.132323e-02 1.432366e+04 1.376117e+04 
4.636364e-02 1.320785e+04 1.263430e+04 
5.140404e-02 1.237407e+04 1.162155e+04 
5.644444e-02 1.174257e+04 1.070940e+04 
6.148485e-02 1.120429e+04 9.886504e+03 
6.652525e-02 1.068171e+04 9.143110e+03 
7.156566e-02 1.010545e+04 8.470658e+03 
7.660606e-02 9.451427e+03 7.861544e+03 
8.164646e-02 8.743879e+03 7.308990e+03 
8.668687e-02 8.035489e+03 6.806958e+03 
9.172727e-02 7.375783e+03 6.350077e+03 
9.676768e-02 6.799410e+03 5.933575e+03 
1.018081e-01 6.326941e+03 5.553226e+03 
1.068485e-01 5.963112e+03 5.205281e+03 
1.118889e-01 5.691784e+03 4.886423e+03 
1.169293e-01 5.479679e+03 4.593714e+03 
1.219697e-01 5.289689e+03 4.324549e+03 
1.270101e-01 5.093486e+03 4.076618e+03 
1.320505e-01 4.875762e+03 3.847872e+03 
1.370909e-01 4.632627e+03 3.636487e+03 
1.421313e-01 4.370735e+03 3.440840e+03 
1.471717e-01 4.103676e+03 3.259484e+03 
1.522121e-01 3.847515e+03 3.091127e+03 
1.572525e-01 3.616430e+03 2.934614e+03 
1.622929e-01 3.419879e+03 2.788909e+03 
1.673333e-01 3.260582e+03 2.653083e+03 
1.723737e-01 3.133953e+03 2.526302e+03 
1.774141e-01 3.030320e+03 2.407813e+03 
1.824545e-01 2.938747e+03 2.296939e+03 
1.874949e-01 2.849861e+03 2.193066e+03 
1.925354e-01 2.756736e+03 2.095642e+03 
1.975758e-01 2.655083e+03 2.004164e+03 
2.026162e-01 2.544852e+03 1.918175e+03 
2.076566e-01 2.430199e+03 1.837264e+03 
2.126970e-01 2.316980e+03 1.761051e+03 
2.177374e-01 2.210336e+03 1.689195e+03 
2.227778e-01 2.113761e+03 1.621381e+03 
2.278182e-01 2.029152e+03 1.557322e+03 
2.328586e-01 1.956748e+03 1.496757e+03 
2.378990e-01 1.894834e+03 1.439445e+03 
2.429394e-01 1.840139e+03 1.385165e+03 
2.479798e-01 1.789124e+03 1.333715e+03 
2.530202e-01 1.738908e+03 1.284907e+03 
2.580606e-01 1.687600e+03 1.238571e+03 
2.631010e-01 1.634214e+03 1.194548e+03 
2.681414e-01 1.578925e+03 1.152692e+03 
2.731818e-01 1.523064e+03 1.112867e+03 
2.782222e-01 1.468501e+03 1.074950e+03 
2.832626e-01 1.416891e+03 1.038823e+03 
2.883030e-01 1.369226e+03 1.004380e+03 
2.933434e-01 1.325847e+03 9.715206e+02 
2.983838e-01 1.286652e+03 9.401532e+02 
3.034242e-01 1.251111e+03 9.101916e+02 
3.084646e-01 1.218315e+03 8.815556e+02 
3.135051e-01 1.187118e+03 8.541708e+02 
3.185455e-01 1.156513e+03 8.279677e+02 
3.235859e-01 1.125907e+03 8.028815e+02 
3.286263e-01 1.095156e+03 7.788516e+02 
3.336667e-01 1.064412e+03 7.558214e+02 
3.387071e-01 1.033996e+03 7.337381e+02 
3.437475e-01 1.004330e+03 7.125521e+02 
3.487879e-01 9.758731e+02 6.922169e+02 
3.538283e-01 9.490130e+02 6.726891e+02 
3.588687e-01 9.239326e+02 6.539279e+02 
3.639091e-01 9.005040e+02 6.358949e+02 
3.689495e-01 8.784613e+02 6.185540e+02 
3.739899e-01 8.574971e+02 6.018715e+02 
3.790303e-01 8.373518e+02 5.858155e+02 
3.840707e-01 8.177787e+02 5.703559e+02 
3.891111e-01 7.985595e+02 5.554646e+02 
3.941515e-01 7.795683e+02 5.411149e+02 
3.991919e-01 7.608260e+02 5.272816e+02 
4.042323e-01 7.424553e+02 5.139410e+02 
4.092727e-01 7.245896e+02 5.010708e+02 
4.143131e-01 7.073592e+02 4.886498e+02 
4.193535e-01 6.908296e+02 4.766579e+02 
4.243939e-01 6.750082e+02 4.650763e+02 
4.294343e-01 6.599081e+02 4.538870e+02 
4.344747e-01 6.454726e+02 4.430730e+02 
4.395152e-01 6.316032e+02 4.326183e+02 
4.445556e-01 6.181899e+02 4.225075e+02 
4.495960e-01 6.051264e+02 4.127264e+02 
4.546364e-01 5.923625e+02 4.032610e+02 
4.596768e-01 5.798927e+02 3.940984e+02 
4.647172e-01 5.677007e+02 3.852263e+02 
4.697576e-01 5.557836e+02 3.766328e+02 
4.747980e-01 5.441554e+02 3.683067e+02 
4.798384e-01 5.328681e+02 3.602374e+02 
4.848788e-01 5.219505e+02 3.524148e+02 
4.899192e-01 5.114167e+02 3.448293e+02 
4.949596e-01 5.012296e+02 3.374716e+02 
5.000000e-01 4.913686e+02 3.303330e+02 
