1.000000e-03 2.466644e+03 2.466418e+03 
6.040404e-03 1.074935e+04 1.079276e+04 
1.108081e-02 1.475498e+04 1.460392e+04 
1.612121e-02 1.639591e+04 1.593329e+04 
2.116162e-02 1.669395e+04 1.593303e+04 
2.620202e-02 1.625688e+04 1.532270e+04 
3.124242e-02 1.547031e+04 1.447756e+04 
3.628283e-02 1.457121e+04 1.355938e+04 
4.132323e-02 1.368681e+04 1.264001e+04 
4.636364e-02 1.286377e+04 1.175419e+04 
5.140404e-02 1.211137e+04 1.091874e+04 
5.644444e-02 1.140531e+04 1.014078e+04 
6.148485e-02 1.072235e+04 9.421983e+03 
6.652525e-02 1.006391e+04 8.760958e+03 
7.156566e-02 9.421831e+03 8.154712e+03 
7.660606e-02 8.806617e+03 7.599473e+03 
8.164646e-02 8.237622e+03 7.091192e+03 
8.668687e-02 7.727512e+03 6.625830e+03 
9.172727e-02 7.273011e+03 6.199518e+03 
9.676768e-02 6.865708e+03 5.808637e+03 
1.018081e-01 6.500236e+03 5.449854e+03 
1.068485e-01 6.169068e+03 5.120133e+03 
1.118889e-01 5.859448e+03 4.816723e+03 
1.169293e-01 5.560190e+03 4.537142e+03 
1.219697e-01 5.269158e+03 4.279160e+03 
1.270101e-01 4.990105e+03 4.040771e+03 
1.320505e-01 4.728146e+03 3.820179e+03 
1.370909e-01 4.485933e+03 3.615769e+03 
1.421313e-01 4.264310e+03 3.426093e+03 
1.471717e-01 4.062247e+03 3.249851e+03 
1.522121e-01 3.877304e+03 3.085874e+03 
1.572525e-01 3.707047e+03 2.933110e+03 
1.622929e-01 3.548721e+03 2.790612e+03 
1.673333e-01 3.399265e+03 2.657525e+03 
1.723737e-01 3.256122e+03 2.533080e+03 
1.774141e-01 3.118659e+03 2.416579e+03 
1.824545e-01 2.987554e+03 2.307389e+03 
1.874949e-01 2.863407e+03 2.204940e+03 
1.925354e-01 2.746274e+03 2.108713e+03 
1.975758e-01 2.636193e+03 2.018233e+03 
2.026162e-01 2.533363e+03 1.933073e+03 
2.076566e-01 2.437438e+03 1.852840e+03 
2.126970e-01 2.347371e+03 1.777177e+03 
2.177374e-01 2.261974e+03 1.705758e+03 
2.227778e-01 2.180677e+03 1.638282e+03 
2.278182e-01 2.103213e+03 1.574477e+03 
2.328586e-01 2.029275e+03 1.514091e+03 
2.378990e-01 1.958456e+03 1.456894e+03 
2.429394e-01 1.890872e+03 1.402673e+03 
2.479798e-01 1.826659e+03 1.351233e+03 
2.530202e-01 1.765685e+03 1.302395e+03 
2.580606e-01 1.707624e+03 1.255992e+03 
2.631010e-01 1.652318e+03 1.211870e+03 
2.681414e-01 1.599693e+03 1.169889e+03 
2.731818e-01 1.549602e+03 1.129917e+03 
2.782222e-01 1.501736e+03 1.091832e+03 
2.832626e-01 1.455802e+03 1.055522e+03 
2.883030e-01 1.411693e+03 1.020881e+03 
2.933434e-01 1.369431e+03 9.878135e+02 
2.983838e-01 1.328999e+03 9.562280e+02 
3.034242e-01 1.290230e+03 9.260405e+02 
3.084646e-01 1.253005e+03 8.971726e+02 
3.135051e-01 1.217293e+03 8.695512e+02 
3.185455e-01 1.183076e+03 8.431080e+02 
3.235859e-01 1.150267e+03 8.177792e+02 
3.286263e-01 1.118736e+03 7.935051e+02 
3.336667e-01 1.088380e+03 7.702301e+02 
3.387071e-01 1.059165e+03 7.479019e+02 
3.437475e-01 1.031069e+03 7.264716e+02 
3.487879e-01 1.004040e+03 7.058932e+02 
3.538283e-01 9.779912e+02 6.861238e+02 
3.588687e-01 9.528481e+02 6.671229e+02 
3.639091e-01 9.286165e+02 6.488524e+02 
3.689495e-01 9.052869e+02 6.312768e+02 
3.739899e-01 8.828052e+02 6.143624e+02 
3.790303e-01 8.610948e+02 5.980774e+02 
3.840707e-01 8.401150e+02 5.823922e+02 
3.891111e-01 8.198537e+02 5.672785e+02 
3.941515e-01 8.002992e+02 5.527099e+02 
3.991919e-01 7.814155e+02 5.386613e+02 
4.042323e-01 7.631421e+02 5.251091e+02 
4.092727e-01 7.454522e+02 5.120310e+02 
4.143131e-01 7.283439e+02 4.994057e+02 
4.193535e-01 7.118100e+02 4.872133e+02 
4.243939e-01 6.958099e+02 4.754349e+02 
4.294343e-01 6.803009e+02 4.640526e+02 
4.344747e-01 6.652674e+02 4.530494e+02 
4.395152e-01 6.507150e+02 4.424091e+02 
4.445556e-01 6.366259e+02 4.321166e+02 
4.495960e-01 6.229665e+02 4.221573e+02 
4.546364e-01 6.097087e+02 4.125174e+02 
4.596768e-01 5.968417e+02 4.031838e+02 
4.647172e-01 5.843661e+02 3.941443e+02 
4.697576e-01 5.722692e+02 3.853868e+02 
4.747980e-01 5.605216e+02 3.769003e+02 
4.798384e-01 5.490974e+02 3.686739e+02 
4.848788e-01 5.380054e+02 3.606975e+02 
4.899192e-01 5.272433e+02 3.529614e+02 
4.949596e-01 5.167876e+02 3.454564e+02 
5.000000e-01 5.066122e+02 3.381736e+02 
