1.000000e-03 4.614566e+03 4.614139e+03 
6.040404e-03 2.058011e+04 2.067653e+04 
1.108081e-02 2.807948e+04 2.801097e+04 
1.612121e-02 3.038577e+04 3.000511e+04 
2.116162e-02 2.947804e+04 2.849026e+04 
2.620202e-02 2.678958e+04 2.531803e+04 
3.124242e-02 2.342334e+04 2.204513e+04 
3.628283e-02 2.015014e+04 1.927238e+04 
4.132323e-02 1.740960e+04 1.702241e+04 
4.636364e-02 1.534150e+04 1.517933e+04 
5.140404e-02 1.395185e+04 1.363854e+04 
5.644444e-02 1.307125e+04 1.232685e+04 
6.148485e-02 1.250973e+04 1.119462e+04 
6.652525e-02 1.206753e+04 1.020726e+04 
7.156566e-02 1.158806e+04 9.339546e+03 
7.660606e-02 1.096884e+04 8.572317e+03 
8.164646e-02 1.018089e+04 7.890533e+03 
8.668687e-02 9.266927e+03 7.282081e+03 
9.172727e-02 8.312404e+03 6.737018e+03 
9.676768e-02 7.410365e+03 6.247074e+03 
1.018081e-01 6.637371e+03 5.805293e+03 
1.068485e-01 6.037770e+03 5.405780e+03 
1.118889e-01 5.617368e+03 5.043506e+03 
1.169293e-01 5.350476e+03 4.714152e+03 
1.219697e-01 5.192825e+03 4.413999e+03 
1.270101e-01 5.092340e+03 4.139823e+03 
1.320505e-01 4.997035e+03 3.888825e+03 
1.370909e-01 4.864751e+03 3.658561e+03 
1.421313e-01 4.672528e+03 3.446895e+03 
1.471717e-01 4.419173e+03 3.251952e+03 
1.522121e-01 4.120239e+03 3.072078e+03 
1.572525e-01 3.801555e+03 2.905818e+03 
1.622929e-01 3.493439e+03 2.751880e+03 
1.673333e-01 3.223459e+03 2.609119e+03 
1.723737e-01 3.008494e+03 2.476519e+03 
1.774141e-01 2.851540e+03 2.353171e+03 
1.824545e-01 2.745226e+03 2.238263e+03 
1.874949e-01 2.676827e+03 2.131071e+03 
1.925354e-01 2.630901e+03 2.030941e+03 
1.975758e-01 2.590292e+03 1.937288e+03 
2.026162e-01 2.538927e+03 1.849584e+03 
2.076566e-01 2.466477e+03 1.767353e+03 
2.126970e-01 2.370791e+03 1.690164e+03 
2.177374e-01 2.256424e+03 1.617626e+03 
2.227778e-01 2.131721e+03 1.549387e+03 
2.278182e-01 2.006492e+03 1.485123e+03 
2.328586e-01 1.890245e+03 1.424542e+03 
2.378990e-01 1.790281e+03 1.367377e+03 
2.429394e-01 1.710318e+03 1.313385e+03 
2.479798e-01 1.650142e+03 1.262342e+03 
2.530202e-01 1.606370e+03 1.214045e+03 
2.580606e-01 1.573696e+03 1.168306e+03 
2.631010e-01 1.545919e+03 1.124954e+03 
2.681414e-01 1.517131e+03 1.083830e+03 
2.731818e-01 1.482940e+03 1.044790e+03 
2.782222e-01 1.441190e+03 1.007699e+03 
2.832626e-01 1.392069e+03 9.724335e+02 
2.883030e-01 1.337577e+03 9.388802e+02 
2.933434e-01 1.280873e+03 9.069331e+02 
2.983838e-01 1.225450e+03 8.764945e+02 
3.034242e-01 1.174440e+03 8.474739e+02 
3.084646e-01 1.130012e+03 8.197873e+02 
3.135051e-01 1.092985e+03 7.933567e+02 
3.185455e-01 1.062890e+03 7.681097e+02 
3.235859e-01 1.038271e+03 7.439788e+02 
3.286263e-01 1.017117e+03 7.209013e+02 
3.336667e-01 9.973320e+02 6.988186e+02 
3.387071e-01 9.770528e+02 6.776761e+02 
3.437475e-01 9.548960e+02 6.574228e+02 
3.487879e-01 9.302491e+02 6.380112e+02 
3.538283e-01 9.033620e+02 6.193965e+02 
3.588687e-01 8.751224e+02 6.015372e+02 
3.639091e-01 8.466773e+02 5.843942e+02 
3.689495e-01 8.191659e+02 5.679309e+02 
3.739899e-01 7.935080e+02 5.521128e+02 
3.790303e-01 7.703617e+02 5.369078e+02 
3.840707e-01 7.500061e+02 5.222856e+02 
3.891111e-01 7.322464e+02 5.082176e+02 
3.941515e-01 7.165010e+02 4.946770e+02 
3.991919e-01 7.020226e+02 4.816387e+02 
4.042323e-01 6.880823e+02 4.690788e+02 
4.092727e-01 6.740816e+02 4.569749e+02 
4.143131e-01 6.596074e+02 4.453059e+02 
4.193535e-01 6.444727e+02 4.340519e+02 
4.243939e-01 6.287613e+02 4.231939e+02 
4.294343e-01 6.127725e+02 4.127143e+02 
4.344747e-01 5.968987e+02 4.025961e+02 
4.395152e-01 5.815368e+02 3.928234e+02 
4.445556e-01 5.669732e+02 3.833813e+02 
4.495960e-01 5.534384e+02 3.742552e+02 
4.546364e-01 5.409910e+02 3.654319e+02 
4.596768e-01 5.295659e+02 3.568983e+02 
4.647172e-01 5.189519e+02 3.486425e+02 
4.697576e-01 5.089039e+02 3.406527e+02 
4.747980e-01 4.991639e+02 3.329181e+02 
4.798384e-01 4.895293e+02 3.254282e+02 
4.848788e-01 4.798538e+02 3.181731e+02 
4.899192e-01 4.700680e+02 3.111434e+02 
4.949596e-01 4.601979e+02 3.043302e+02 
5.000000e-01 4.503482e+02 2.977249e+02 
