1.000000e-03 2.218695e+03 2.218491e+03 
6.040404e-03 9.926445e+03 9.966554e+03 
1.108081e-02 1.377235e+04 1.362990e+04 
1.612121e-02 1.542311e+04 1.498492e+04 
2.116162e-02 1.580777e+04 1.508439e+04 
2.620202e-02 1.548602e+04 1.459056e+04 
3.124242e-02 1.481615e+04 1.385256e+04 
3.628283e-02 1.401979e+04 1.302636e+04 
4.132323e-02 1.321689e+04 1.218473e+04 
4.636364e-02 1.245091e+04 1.136448e+04 
5.140404e-02 1.175742e+04 1.058444e+04 
5.644444e-02 1.108674e+04 9.853411e+03 
6.148485e-02 1.043774e+04 9.174468e+03 
6.652525e-02 9.811862e+03 8.547397e+03 
7.156566e-02 9.202522e+03 7.970162e+03 
7.660606e-02 8.618716e+03 7.439785e+03 
8.164646e-02 8.079126e+03 6.952873e+03 
8.668687e-02 7.594873e+03 6.505930e+03 
9.172727e-02 7.161575e+03 6.095537e+03 
9.676768e-02 6.770219e+03 5.718451e+03 
1.018081e-01 6.415770e+03 5.371655e+03 
1.068485e-01 6.092101e+03 5.052372e+03 
1.118889e-01 5.788604e+03 4.758072e+03 
1.169293e-01 5.495763e+03 4.486461e+03 
1.219697e-01 5.211574e+03 4.235463e+03 
1.270101e-01 4.940215e+03 4.003207e+03 
1.320505e-01 4.686300e+03 3.788008e+03 
1.370909e-01 4.452197e+03 3.588350e+03 
1.421313e-01 4.237809e+03 3.402866e+03 
1.471717e-01 4.041328e+03 3.230327e+03 
1.522121e-01 3.860464e+03 3.069625e+03 
1.572525e-01 3.693059e+03 2.919761e+03 
1.622929e-01 3.536815e+03 2.779832e+03 
1.673333e-01 3.388875e+03 2.649025e+03 
1.723737e-01 3.247140e+03 2.526602e+03 
1.774141e-01 3.111272e+03 2.411896e+03 
1.824545e-01 2.982200e+03 2.304302e+03 
1.874949e-01 2.860371e+03 2.203271e+03 
1.925354e-01 2.745496e+03 2.108302e+03 
1.975758e-01 2.637393e+03 2.018942e+03 
2.026162e-01 2.536226e+03 1.934775e+03 
2.076566e-01 2.441640e+03 1.855425e+03 
2.126970e-01 2.352517e+03 1.780544e+03 
2.177374e-01 2.267750e+03 1.709818e+03 
2.227778e-01 2.186890e+03 1.642956e+03 
2.278182e-01 2.109870e+03 1.579694e+03 
2.328586e-01 2.036421e+03 1.519787e+03 
2.378990e-01 1.966224e+03 1.463011e+03 
2.429394e-01 1.899242e+03 1.409160e+03 
2.479798e-01 1.835566e+03 1.358045e+03 
2.530202e-01 1.775098e+03 1.309489e+03 
2.580606e-01 1.717549e+03 1.263331e+03 
2.631010e-01 1.662642e+03 1.219421e+03 
2.681414e-01 1.610282e+03 1.177621e+03 
2.731818e-01 1.560346e+03 1.137803e+03 
2.782222e-01 1.512603e+03 1.099847e+03 
2.832626e-01 1.466808e+03 1.063645e+03 
2.883030e-01 1.422845e+03 1.029092e+03 
2.933434e-01 1.380692e+03 9.960939e+02 
2.983838e-01 1.340337e+03 9.645621e+02 
3.034242e-01 1.301675e+03 9.344137e+02 
3.084646e-01 1.264576e+03 9.055719e+02 
3.135051e-01 1.228948e+03 8.779648e+02 
3.185455e-01 1.194755e+03 8.515252e+02 
3.235859e-01 1.161944e+03 8.261906e+02 
3.286263e-01 1.130420e+03 8.019022e+02 
3.336667e-01 1.100074e+03 7.786052e+02 
3.387071e-01 1.070836e+03 7.562481e+02 
3.437475e-01 1.042695e+03 7.347828e+02 
3.487879e-01 1.015622e+03 7.141640e+02 
3.538283e-01 9.895464e+02 6.943492e+02 
3.588687e-01 9.643890e+02 6.752986e+02 
3.639091e-01 9.401101e+02 6.569746e+02 
3.689495e-01 9.167028e+02 6.393420e+02 
3.739899e-01 8.941547e+02 6.223676e+02 
3.790303e-01 8.723941e+02 6.060200e+02 
3.840707e-01 8.513552e+02 5.902699e+02 
3.891111e-01 8.310117e+02 5.750893e+02 
3.941515e-01 8.113689e+02 5.604521e+02 
3.991919e-01 7.923999e+02 5.463334e+02 
4.042323e-01 7.740555e+02 5.327098e+02 
4.092727e-01 7.562935e+02 5.195593e+02 
4.143131e-01 7.390988e+02 5.068608e+02 
4.193535e-01 7.224656e+02 4.945945e+02 
4.243939e-01 7.063756e+02 4.827417e+02 
4.294343e-01 6.907939e+02 4.712845e+02 
4.344747e-01 6.756820e+02 4.602062e+02 
4.395152e-01 6.610332e+02 4.494908e+02 
4.445556e-01 6.468445e+02 4.391230e+02 
4.495960e-01 6.330972e+02 4.290884e+02 
4.546364e-01 6.197563e+02 4.193735e+02 
4.596768e-01 6.068010e+02 4.099651e+02 
4.647172e-01 5.942253e+02 4.008510e+02 
4.697576e-01 5.820279e+02 3.920193e+02 
4.747980e-01 5.701932e+02 3.834590e+02 
4.798384e-01 5.586939e+02 3.751593e+02 
4.848788e-01 5.475105e+02 3.671101e+02 
4.899192e-01 5.366420e+02 3.593017e+02 
4.949596e-01 5.260875e+02 3.517250e+02 
5.000000e-01 5.158320e+02 3.443711e+02 
