1.000000e-03 2.880077e+03 2.879814e+03 
6.040404e-03 1.288206e+04 1.293286e+04 
1.108081e-02 1.772882e+04 1.759624e+04 
1.612121e-02 1.952781e+04 1.908259e+04 
2.116162e-02 1.951326e+04 1.871302e+04 
2.620202e-02 1.850975e+04 1.754106e+04 
3.124242e-02 1.709883e+04 1.619718e+04 
3.628283e-02 1.566041e+04 1.490144e+04 
4.132323e-02 1.439902e+04 1.370373e+04 
4.636364e-02 1.337018e+04 1.260933e+04 
5.140404e-02 1.258173e+04 1.161367e+04 
5.644444e-02 1.191983e+04 1.070992e+04 
6.148485e-02 1.131119e+04 9.890609e+03 
6.652525e-02 1.069298e+04 9.148188e+03 
7.156566e-02 1.002616e+04 8.475337e+03 
7.660606e-02 9.316020e+03 7.865151e+03 
8.164646e-02 8.601208e+03 7.311240e+03 
8.668687e-02 7.928677e+03 6.807784e+03 
9.172727e-02 7.331196e+03 6.349525e+03 
9.676768e-02 6.826523e+03 5.931752e+03 
1.018081e-01 6.419946e+03 5.550261e+03 
1.068485e-01 6.100322e+03 5.201314e+03 
1.118889e-01 5.838712e+03 4.881588e+03 
1.169293e-01 5.601002e+03 4.588137e+03 
1.219697e-01 5.361800e+03 4.318344e+03 
1.270101e-01 5.108781e+03 4.069889e+03 
1.320505e-01 4.840835e+03 3.840709e+03 
1.370909e-01 4.564945e+03 3.628971e+03 
1.421313e-01 4.293490e+03 3.433040e+03 
1.471717e-01 4.039698e+03 3.251461e+03 
1.522121e-01 3.813191e+03 3.082935e+03 
1.572525e-01 3.618817e+03 2.926297e+03 
1.622929e-01 3.456430e+03 2.780507e+03 
1.673333e-01 3.320434e+03 2.644630e+03 
1.723737e-01 3.201427e+03 2.517827e+03 
1.774141e-01 3.089874e+03 2.399340e+03 
1.824545e-01 2.978854e+03 2.288489e+03 
1.874949e-01 2.864791e+03 2.184658e+03 
1.925354e-01 2.746796e+03 2.087290e+03 
1.975758e-01 2.626587e+03 1.995881e+03 
2.026162e-01 2.508266e+03 1.909973e+03 
2.076566e-01 2.396319e+03 1.829150e+03 
2.126970e-01 2.293798e+03 1.753034e+03 
2.177374e-01 2.201962e+03 1.681279e+03 
2.227778e-01 2.120503e+03 1.613572e+03 
2.278182e-01 2.048034e+03 1.549624e+03 
2.328586e-01 1.982089e+03 1.489173e+03 
2.378990e-01 1.919895e+03 1.431976e+03 
2.429394e-01 1.859365e+03 1.377814e+03 
2.479798e-01 1.799292e+03 1.326482e+03 
2.530202e-01 1.739131e+03 1.277793e+03 
2.580606e-01 1.679031e+03 1.231576e+03 
2.631010e-01 1.619861e+03 1.187672e+03 
2.681414e-01 1.563070e+03 1.145933e+03 
2.731818e-01 1.509760e+03 1.106226e+03 
2.782222e-01 1.460267e+03 1.068424e+03 
2.832626e-01 1.414422e+03 1.032412e+03 
2.883030e-01 1.371866e+03 9.980828e+02 
2.933434e-01 1.332149e+03 9.653358e+02 
2.983838e-01 1.294610e+03 9.340789e+02 
3.034242e-01 1.258410e+03 9.042260e+02 
3.084646e-01 1.222967e+03 8.756970e+02 
3.135051e-01 1.188121e+03 8.484174e+02 
3.185455e-01 1.153987e+03 8.223176e+02 
3.235859e-01 1.120743e+03 7.973327e+02 
3.286263e-01 1.088531e+03 7.734024e+02 
3.336667e-01 1.057580e+03 7.504698e+02 
3.387071e-01 1.028125e+03 7.284822e+02 
3.437475e-01 1.000263e+03 7.073900e+02 
3.487879e-01 9.739112e+02 6.871467e+02 
3.538283e-01 9.488191e+02 6.677089e+02 
3.588687e-01 9.247505e+02 6.490358e+02 
3.639091e-01 9.015577e+02 6.310891e+02 
3.689495e-01 8.791146e+02 6.138327e+02 
3.739899e-01 8.572884e+02 5.972329e+02 
3.790303e-01 8.360107e+02 5.812578e+02 
3.840707e-01 8.152908e+02 5.658774e+02 
3.891111e-01 7.952025e+02 5.510635e+02 
3.941515e-01 7.758097e+02 5.367896e+02 
3.991919e-01 7.571103e+02 5.230304e+02 
4.042323e-01 7.391133e+02 5.097624e+02 
4.092727e-01 7.218290e+02 4.969631e+02 
4.143131e-01 7.052164e+02 4.846115e+02 
4.193535e-01 6.892154e+02 4.726875e+02 
4.243939e-01 6.737312e+02 4.611723e+02 
4.294343e-01 6.587106e+02 4.500479e+02 
4.344747e-01 6.441321e+02 4.392975e+02 
4.395152e-01 6.299758e+02 4.289049e+02 
4.445556e-01 6.162200e+02 4.188550e+02 
4.495960e-01 6.028385e+02 4.091333e+02 
4.546364e-01 5.898418e+02 3.997261e+02 
4.596768e-01 5.772588e+02 3.906205e+02 
4.647172e-01 5.650724e+02 3.818041e+02 
4.697576e-01 5.532689e+02 3.732651e+02 
4.747980e-01 5.418303e+02 3.649924e+02 
4.798384e-01 5.307394e+02 3.569753e+02 
4.848788e-01 5.199880e+02 3.492039e+02 
4.899192e-01 5.095543e+02 3.416684e+02 
4.949596e-01 4.994039e+02 3.343596e+02 
5.000000e-01 4.895205e+02 3.272690e+02 
