1.000000e-03 3.549643e+03 3.549315e+03 
6.040404e-03 1.617228e+04 1.624263e+04 
1.108081e-02 2.238584e+04 2.229583e+04 
1.612121e-02 2.457825e+04 2.418844e+04 
2.116162e-02 2.425003e+04 2.337385e+04 
2.620202e-02 2.249637e+04 2.128710e+04 
3.124242e-02 2.015798e+04 1.904048e+04 
3.628283e-02 1.782367e+04 1.705090e+04 
4.132323e-02 1.583380e+04 1.535787e+04 
4.636364e-02 1.430158e+04 1.390997e+04 
5.140404e-02 1.323709e+04 1.265580e+04 
5.644444e-02 1.250937e+04 1.155750e+04 
6.148485e-02 1.197110e+04 1.058795e+04 
6.652525e-02 1.148706e+04 9.727026e+03 
7.156566e-02 1.094033e+04 8.959090e+03 
7.660606e-02 1.027411e+04 8.271566e+03 
8.164646e-02 9.496224e+03 7.654062e+03 
8.668687e-02 8.662916e+03 7.097842e+03 
9.172727e-02 7.845073e+03 6.595480e+03 
9.676768e-02 7.106241e+03 6.140612e+03 
1.018081e-01 6.494171e+03 5.727755e+03 
1.068485e-01 6.030911e+03 5.352162e+03 
1.118889e-01 5.707447e+03 5.009711e+03 
1.169293e-01 5.488802e+03 4.696807e+03 
1.219697e-01 5.329398e+03 4.410314e+03 
1.270101e-01 5.186261e+03 4.147480e+03 
1.320505e-01 5.024213e+03 3.905891e+03 
1.370909e-01 4.821605e+03 3.683419e+03 
1.421313e-01 4.573398e+03 3.478187e+03 
1.471717e-01 4.290734e+03 3.288536e+03 
1.522121e-01 3.994877e+03 3.112992e+03 
1.572525e-01 3.709580e+03 2.950248e+03 
1.622929e-01 3.455749e+03 2.799138e+03 
1.673333e-01 3.247160e+03 2.658624e+03 
1.723737e-01 3.087520e+03 2.527776e+03 
1.774141e-01 2.970989e+03 2.405761e+03 
1.824545e-01 2.885655e+03 2.291831e+03 
1.874949e-01 2.817377e+03 2.185314e+03 
1.925354e-01 2.752244e+03 2.085604e+03 
1.975758e-01 2.678534e+03 1.992155e+03 
2.026162e-01 2.589205e+03 1.904471e+03 
2.076566e-01 2.483553e+03 1.822105e+03 
2.126970e-01 2.366100e+03 1.744651e+03 
2.177374e-01 2.244391e+03 1.671738e+03 
2.227778e-01 2.126416e+03 1.603032e+03 
2.278182e-01 2.019192e+03 1.538226e+03 
2.328586e-01 1.927383e+03 1.477039e+03 
2.378990e-01 1.852405e+03 1.419218e+03 
2.429394e-01 1.792717e+03 1.364527e+03 
2.479798e-01 1.744775e+03 1.312752e+03 
2.530202e-01 1.703952e+03 1.263697e+03 
2.580606e-01 1.665274e+03 1.217180e+03 
2.631010e-01 1.624346e+03 1.173035e+03 
2.681414e-01 1.578497e+03 1.131109e+03 
2.731818e-01 1.527380e+03 1.091260e+03 
2.782222e-01 1.472445e+03 1.053358e+03 
2.832626e-01 1.415956e+03 1.017282e+03 
2.883030e-01 1.360382e+03 9.829209e+02 
2.933434e-01 1.308114e+03 9.501705e+02 
2.983838e-01 1.261092e+03 9.189352e+02 
3.034242e-01 1.220277e+03 8.891258e+02 
3.084646e-01 1.185373e+03 8.606597e+02 
3.135051e-01 1.155161e+03 8.334598e+02 
3.185455e-01 1.128042e+03 8.074546e+02 
3.235859e-01 1.102449e+03 7.825773e+02 
3.286263e-01 1.076974e+03 7.587657e+02 
3.336667e-01 1.050535e+03 7.359615e+02 
3.387071e-01 1.022621e+03 7.141107e+02 
3.437475e-01 9.934255e+02 6.931623e+02 
3.487879e-01 9.636801e+02 6.730690e+02 
3.538283e-01 9.343058e+02 6.537863e+02 
3.588687e-01 9.061205e+02 6.352725e+02 
3.639091e-01 8.797278e+02 6.174885e+02 
3.689495e-01 8.555142e+02 6.003977e+02 
3.739899e-01 8.335775e+02 5.839655e+02 
3.790303e-01 8.136931e+02 5.681597e+02 
3.840707e-01 7.953685e+02 5.529498e+02 
3.891111e-01 7.780047e+02 5.383070e+02 
3.941515e-01 7.610824e+02 5.242045e+02 
3.991919e-01 7.442307e+02 5.106168e+02 
4.042323e-01 7.272079e+02 4.975198e+02 
4.092727e-01 7.099446e+02 4.848911e+02 
4.143131e-01 6.925736e+02 4.727091e+02 
4.193535e-01 6.753714e+02 4.609537e+02 
4.243939e-01 6.586394e+02 4.496059e+02 
4.294343e-01 6.426024e+02 4.386476e+02 
4.344747e-01 6.274021e+02 4.280616e+02 
4.395152e-01 6.131058e+02 4.178319e+02 
4.445556e-01 5.997075e+02 4.079431e+02 
4.495960e-01 5.870987e+02 3.983806e+02 
4.546364e-01 5.750729e+02 3.891308e+02 
4.596768e-01 5.634435e+02 3.801806e+02 
4.647172e-01 5.520438e+02 3.715175e+02 
4.697576e-01 5.407906e+02 3.631297e+02 
4.747980e-01 5.296340e+02 3.550062e+02 
4.798384e-01 5.185573e+02 3.471362e+02 
4.848788e-01 5.076023e+02 3.395095e+02 
4.899192e-01 4.968675e+02 3.321167e+02 
4.949596e-01 4.864501e+02 3.249485e+02 
5.000000e-01 4.764167e+02 3.179962e+02 
