1.000000e-03 3.494337e+03 3.493998e+03 
6.040404e-03 1.598702e+04 1.578263e+04 
1.108081e-02 2.216698e+04 2.146788e+04 
1.612121e-02 2.436953e+04 2.355876e+04 
2.116162e-02 2.407101e+04 2.378143e+04 
2.620202e-02 2.235231e+04 2.309409e+04 
3.124242e-02 2.004622e+04 2.198872e+04 
3.628283e-02 1.773824e+04 2.071076e+04 
4.132323e-02 1.576825e+04 1.938809e+04 
4.636364e-02 1.425050e+04 1.808876e+04 
5.140404e-02 1.319638e+04 1.684817e+04 
5.644444e-02 1.247633e+04 1.568321e+04 
6.148485e-02 1.194406e+04 1.460026e+04 
6.652525e-02 1.146501e+04 1.359970e+04 
7.156566e-02 1.092263e+04 1.267862e+04 
7.660606e-02 1.026026e+04 1.183243e+04 
8.164646e-02 9.485732e+03 1.105578e+04 
8.668687e-02 8.655253e+03 1.034308e+04 
9.172727e-02 7.839707e+03 9.688878e+03 
9.676768e-02 7.102685e+03 9.087961e+03 
1.018081e-01 6.492020e+03 8.535489e+03 
1.068485e-01 6.029856e+03 8.027005e+03 
1.118889e-01 5.707278e+03 7.558448e+03 
1.169293e-01 5.489384e+03 7.126135e+03 
1.219697e-01 5.330641e+03 6.726739e+03 
1.270101e-01 5.188091e+03 6.357260e+03 
1.320505e-01 5.026554e+03 6.014998e+03 
1.370909e-01 4.824368e+03 5.697522e+03 
1.421313e-01 4.576485e+03 5.402647e+03 
1.471717e-01 4.294046e+03 5.128405e+03 
1.522121e-01 3.998332e+03 4.873023e+03 
1.572525e-01 3.713118e+03 4.634905e+03 
1.622929e-01 3.459340e+03 4.412610e+03 
1.673333e-01 3.250800e+03 4.204837e+03 
1.723737e-01 3.091225e+03 4.010408e+03 
1.774141e-01 2.974782e+03 3.828259e+03 
1.824545e-01 2.889552e+03 3.657423e+03 
1.874949e-01 2.821382e+03 3.497025e+03 
1.925354e-01 2.756347e+03 3.346268e+03 
1.975758e-01 2.682708e+03 3.204428e+03 
2.026162e-01 2.593408e+03 3.070844e+03 
2.076566e-01 2.487742e+03 2.944913e+03 
2.126970e-01 2.370237e+03 2.826086e+03 
2.177374e-01 2.248450e+03 2.713859e+03 
2.227778e-01 2.130387e+03 2.607771e+03 
2.278182e-01 2.023078e+03 2.507400e+03 
2.328586e-01 1.931199e+03 2.412357e+03 
2.378990e-01 1.856174e+03 2.322287e+03 
2.429394e-01 1.796460e+03 2.236861e+03 
2.479798e-01 1.748509e+03 2.155777e+03 
2.530202e-01 1.707685e+03 2.078756e+03 
2.580606e-01 1.669006e+03 2.005542e+03 
2.631010e-01 1.628066e+03 1.935895e+03 
2.681414e-01 1.582187e+03 1.869597e+03 
2.731818e-01 1.531022e+03 1.806443e+03 
2.782222e-01 1.476024e+03 1.746245e+03 
2.832626e-01 1.419461e+03 1.688828e+03 
2.883030e-01 1.363811e+03 1.634028e+03 
2.933434e-01 1.311467e+03 1.581695e+03 
2.983838e-01 1.264378e+03 1.531687e+03 
3.034242e-01 1.223508e+03 1.483874e+03 
3.084646e-01 1.188560e+03 1.438133e+03 
3.135051e-01 1.158314e+03 1.394350e+03 
3.185455e-01 1.131166e+03 1.352419e+03 
3.235859e-01 1.105545e+03 1.312240e+03 
3.286263e-01 1.080040e+03 1.273721e+03 
3.336667e-01 1.053565e+03 1.236773e+03 
3.387071e-01 1.025609e+03 1.201316e+03 
3.437475e-01 9.963644e+02 1.167272e+03 
3.487879e-01 9.665657e+02 1.134571e+03 
3.538283e-01 9.371365e+02 1.103145e+03 
3.588687e-01 9.088975e+02 1.072930e+03 
3.639091e-01 8.824541e+02 1.043867e+03 
3.689495e-01 8.581944e+02 1.015901e+03 
3.739899e-01 8.362168e+02 9.889778e+02 
3.790303e-01 8.162962e+02 9.630485e+02 
3.840707e-01 7.979387e+02 9.380663e+02 
3.891111e-01 7.805436e+02 9.139870e+02 
3.941515e-01 7.635900e+02 8.907691e+02 
3.991919e-01 7.467059e+02 8.683732e+02 
4.042323e-01 7.296487e+02 8.467622e+02 
4.092727e-01 7.123489e+02 8.259010e+02 
4.143131e-01 6.949397e+02 8.057565e+02 
4.193535e-01 6.776985e+02 7.862971e+02 
4.243939e-01 6.609279e+02 7.674931e+02 
4.294343e-01 6.448536e+02 7.493164e+02 
4.344747e-01 6.296177e+02 7.317403e+02 
4.395152e-01 6.152880e+02 7.147393e+02 
4.445556e-01 6.018585e+02 6.982894e+02 
4.495960e-01 5.892204e+02 6.823678e+02 
4.546364e-01 5.771666e+02 6.669529e+02 
4.596768e-01 5.655098e+02 6.520240e+02 
4.647172e-01 5.540827e+02 6.375615e+02 
4.697576e-01 5.428018e+02 6.235468e+02 
4.747980e-01 5.316173e+02 6.099622e+02 
4.798384e-01 5.205122e+02 5.967909e+02 
4.848788e-01 5.095285e+02 5.840166e+02 
4.899192e-01 4.987652e+02 5.716241e+02 
4.949596e-01 4.883199e+02 5.595989e+02 
5.000000e-01 4.782594e+02 5.479269e+02 
