1.000000e-03 4.362345e+03 4.361925e+03 
6.040404e-03 1.964608e+04 1.973188e+04 
1.108081e-02 2.680267e+04 2.670859e+04 
1.612121e-02 2.897510e+04 2.854020e+04 
2.116162e-02 2.809369e+04 2.706463e+04 
2.620202e-02 2.555449e+04 2.412738e+04 
3.124242e-02 2.241828e+04 2.114995e+04 
3.628283e-02 1.940989e+04 1.862287e+04 
4.132323e-02 1.692723e+04 1.654759e+04 
4.636364e-02 1.507929e+04 1.482386e+04 
5.140404e-02 1.385581e+04 1.336539e+04 
5.644444e-02 1.307029e+04 1.211200e+04 
6.148485e-02 1.253483e+04 1.102238e+04 
6.652525e-02 1.205737e+04 1.006707e+04 
7.156566e-02 1.150296e+04 9.224065e+03 
7.660606e-02 1.079591e+04 8.476307e+03 
8.164646e-02 9.937528e+03 7.810135e+03 
8.668687e-02 8.993161e+03 7.214382e+03 
9.172727e-02 8.055842e+03 6.679775e+03 
9.676768e-02 7.212573e+03 6.198526e+03 
1.018081e-01 6.524630e+03 5.764037e+03 
1.068485e-01 6.016470e+03 5.370684e+03 
1.118889e-01 5.675682e+03 5.013644e+03 
1.169293e-01 5.462871e+03 4.688763e+03 
1.219697e-01 5.326614e+03 4.392449e+03 
1.270101e-01 5.212698e+03 4.121581e+03 
1.320505e-01 5.074384e+03 3.873443e+03 
1.370909e-01 4.882365e+03 3.645661e+03 
1.421313e-01 4.630317e+03 3.436154e+03 
1.471717e-01 4.331277e+03 3.243092e+03 
1.522121e-01 4.009329e+03 3.064863e+03 
1.572525e-01 3.693647e+03 2.900041e+03 
1.622929e-01 3.412390e+03 2.747365e+03 
1.673333e-01 3.184869e+03 2.605713e+03 
1.723737e-01 3.016126e+03 2.474086e+03 
1.774141e-01 2.898869e+03 2.351594e+03 
1.824545e-01 2.819646e+03 2.237440e+03 
1.874949e-01 2.762695e+03 2.130910e+03 
1.925354e-01 2.711198e+03 2.031365e+03 
1.975758e-01 2.649459e+03 1.938227e+03 
2.026162e-01 2.567260e+03 1.850976e+03 
2.076566e-01 2.462933e+03 1.769143e+03 
2.126970e-01 2.341974e+03 1.692304e+03 
2.177374e-01 2.213297e+03 1.620075e+03 
2.227778e-01 2.086528e+03 1.552104e+03 
2.278182e-01 1.970570e+03 1.488077e+03 
2.328586e-01 1.871941e+03 1.427702e+03 
2.378990e-01 1.793424e+03 1.370716e+03 
2.429394e-01 1.733794e+03 1.316879e+03 
2.479798e-01 1.688893e+03 1.265970e+03 
2.530202e-01 1.652974e+03 1.217788e+03 
2.580606e-01 1.619907e+03 1.172147e+03 
2.631010e-01 1.584272e+03 1.128877e+03 
2.681414e-01 1.542536e+03 1.087823e+03 
2.731818e-01 1.493623e+03 1.048839e+03 
2.782222e-01 1.438751e+03 1.011794e+03 
2.832626e-01 1.380587e+03 9.765654e+02 
2.883030e-01 1.322405e+03 9.430397e+02 
2.933434e-01 1.267408e+03 9.111123e+02 
2.983838e-01 1.218135e+03 8.806864e+02 
3.034242e-01 1.175975e+03 8.516723e+02 
3.084646e-01 1.140936e+03 8.239866e+02 
3.135051e-01 1.111826e+03 7.975519e+02 
3.185455e-01 1.086749e+03 7.722964e+02 
3.235859e-01 1.063656e+03 7.481530e+02 
3.286263e-01 1.040680e+03 7.250594e+02 
3.336667e-01 1.016385e+03 7.029575e+02 
3.387071e-01 9.899978e+02 6.817930e+02 
3.437475e-01 9.615643e+02 6.615152e+02 
3.487879e-01 9.318618e+02 6.420769e+02 
3.538283e-01 9.020387e+02 6.234336e+02 
3.588687e-01 8.731823e+02 6.055441e+02 
3.639091e-01 8.461513e+02 5.883693e+02 
3.689495e-01 8.215458e+02 5.718729e+02 
3.739899e-01 7.996101e+02 5.560207e+02 
3.790303e-01 7.801856e+02 5.407806e+02 
3.840707e-01 7.627351e+02 5.261224e+02 
3.891111e-01 7.465093e+02 5.120178e+02 
3.941515e-01 7.308080e+02 4.984401e+02 
3.991919e-01 7.150975e+02 4.853642e+02 
4.042323e-01 6.990341e+02 4.727663e+02 
4.092727e-01 6.824744e+02 4.606241e+02 
4.143131e-01 6.655277e+02 4.489167e+02 
4.193535e-01 6.485151e+02 4.376241e+02 
4.243939e-01 6.318120e+02 4.267275e+02 
4.294343e-01 6.157436e+02 4.162092e+02 
4.344747e-01 6.005512e+02 4.060524e+02 
4.395152e-01 5.864014e+02 3.962412e+02 
4.445556e-01 5.732929e+02 3.867606e+02 
4.495960e-01 5.611185e+02 3.775964e+02 
4.546364e-01 5.496554e+02 3.687350e+02 
4.596768e-01 5.386550e+02 3.601636e+02 
4.647172e-01 5.279121e+02 3.518702e+02 
4.697576e-01 5.172676e+02 3.438431e+02 
4.747980e-01 5.066098e+02 3.360715e+02 
4.798384e-01 4.959253e+02 3.285449e+02 
4.848788e-01 4.852806e+02 3.212535e+02 
4.899192e-01 4.747866e+02 3.141878e+02 
4.949596e-01 4.645618e+02 3.073390e+02 
5.000000e-01 4.546912e+02 3.006984e+02 
