1.000000e-03 3.432862e+03 3.432543e+03 
6.040404e-03 1.521440e+04 1.527649e+04 
1.108081e-02 2.081301e+04 2.068673e+04 
1.612121e-02 2.273964e+04 2.228230e+04 
2.116162e-02 2.246413e+04 2.157761e+04 
2.620202e-02 2.099303e+04 1.988455e+04 
3.124242e-02 1.905583e+04 1.805927e+04 
3.628283e-02 1.713845e+04 1.639033e+04 
4.132323e-02 1.550510e+04 1.491391e+04 
4.636364e-02 1.423395e+04 1.360870e+04 
5.140404e-02 1.330434e+04 1.244966e+04 
5.644444e-02 1.260186e+04 1.141633e+04 
6.148485e-02 1.200392e+04 1.049230e+04 
6.652525e-02 1.140442e+04 9.663987e+03 
7.156566e-02 1.073611e+04 8.919871e+03 
7.660606e-02 9.984056e+03 8.249999e+03 
8.164646e-02 9.183638e+03 7.645719e+03 
8.668687e-02 8.394592e+03 7.099476e+03 
9.172727e-02 7.671324e+03 6.604671e+03 
9.676768e-02 7.053522e+03 6.155527e+03 
1.018081e-01 6.562236e+03 5.746990e+03 
1.068485e-01 6.194279e+03 5.374631e+03 
1.118889e-01 5.921714e+03 5.034567e+03 
1.169293e-01 5.703209e+03 4.723389e+03 
1.219697e-01 5.499769e+03 4.438097e+03 
1.270101e-01 5.283348e+03 4.176052e+03 
1.320505e-01 5.038954e+03 3.934924e+03 
1.370909e-01 4.765621e+03 3.712655e+03 
1.421313e-01 4.474854e+03 3.507421e+03 
1.471717e-01 4.185291e+03 3.317606e+03 
1.522121e-01 3.914812e+03 3.141772e+03 
1.572525e-01 3.677304e+03 2.978639e+03 
1.622929e-01 3.480545e+03 2.827065e+03 
1.673333e-01 3.324607e+03 2.686028e+03 
1.723737e-01 3.201693e+03 2.554614e+03 
1.774141e-01 3.099343e+03 2.432002e+03 
1.824545e-01 3.005240e+03 2.317455e+03 
1.874949e-01 2.909806e+03 2.210306e+03 
1.925354e-01 2.806748e+03 2.109958e+03 
1.975758e-01 2.693717e+03 2.015868e+03 
2.026162e-01 2.572897e+03 1.927546e+03 
2.076566e-01 2.450010e+03 1.844548e+03 
2.126970e-01 2.331513e+03 1.766469e+03 
2.177374e-01 2.222663e+03 1.692942e+03 
2.227778e-01 2.126536e+03 1.623634e+03 
2.278182e-01 2.044129e+03 1.558238e+03 
2.328586e-01 1.974154e+03 1.496476e+03 
2.378990e-01 1.913592e+03 1.438094e+03 
2.429394e-01 1.858784e+03 1.382857e+03 
2.479798e-01 1.806249e+03 1.330551e+03 
2.530202e-01 1.753131e+03 1.280980e+03 
2.580606e-01 1.697666e+03 1.233963e+03 
2.631010e-01 1.639700e+03 1.189333e+03 
2.681414e-01 1.580641e+03 1.146937e+03 
2.731818e-01 1.522466e+03 1.106633e+03 
2.782222e-01 1.466900e+03 1.068291e+03 
2.832626e-01 1.415110e+03 1.031788e+03 
2.883030e-01 1.367886e+03 9.970145e+02 
2.933434e-01 1.325488e+03 9.638651e+02 
2.983838e-01 1.287386e+03 9.322439e+02 
3.034242e-01 1.252450e+03 9.020614e+02 
3.084646e-01 1.219407e+03 8.732346e+02 
3.135051e-01 1.187253e+03 8.456860e+02 
3.185455e-01 1.155340e+03 8.193437e+02 
3.235859e-01 1.123290e+03 7.941405e+02 
3.286263e-01 1.091092e+03 7.700138e+02 
3.336667e-01 1.059065e+03 7.469051e+02 
3.387071e-01 1.027779e+03 7.247598e+02 
3.437475e-01 9.978145e+02 7.035267e+02 
3.487879e-01 9.695306e+02 6.831581e+02 
3.538283e-01 9.430475e+02 6.636091e+02 
3.588687e-01 9.183219e+02 6.448378e+02 
3.639091e-01 8.951622e+02 6.268047e+02 
3.689495e-01 8.732638e+02 6.094729e+02 
3.739899e-01 8.522601e+02 5.928076e+02 
3.790303e-01 8.318228e+02 5.767762e+02 
3.840707e-01 8.117588e+02 5.613478e+02 
3.891111e-01 7.919944e+02 5.464937e+02 
3.941515e-01 7.725263e+02 5.321866e+02 
3.991919e-01 7.534086e+02 5.184007e+02 
4.042323e-01 7.347965e+02 5.051119e+02 
4.092727e-01 7.168598e+02 4.922972e+02 
4.143131e-01 6.996990e+02 4.799352e+02 
4.193535e-01 6.833160e+02 4.680053e+02 
4.243939e-01 6.676638e+02 4.564884e+02 
4.294343e-01 6.526834e+02 4.453661e+02 
4.344747e-01 6.383117e+02 4.346213e+02 
4.395152e-01 6.244434e+02 4.242375e+02 
4.445556e-01 6.109458e+02 4.141992e+02 
4.495960e-01 5.977510e+02 4.044919e+02 
4.546364e-01 5.848510e+02 3.951014e+02 
4.596768e-01 5.722513e+02 3.860147e+02 
4.647172e-01 5.599663e+02 3.772192e+02 
4.697576e-01 5.479843e+02 3.687029e+02 
4.747980e-01 5.363619e+02 3.604545e+02 
4.798384e-01 5.251293e+02 3.524633e+02 
4.848788e-01 5.142960e+02 3.447190e+02 
4.899192e-01 5.038447e+02 3.372119e+02 
4.949596e-01 4.937316e+02 3.299326e+02 
5.000000e-01 4.839221e+02 3.228723e+02 
