1.000000e-03 3.182035e+03 3.181743e+03 
6.040404e-03 1.426164e+04 1.432124e+04 
1.108081e-02 1.961661e+04 1.949818e+04 
1.612121e-02 2.153505e+04 2.110312e+04 
2.116162e-02 2.137642e+04 2.054086e+04 
2.620202e-02 2.007432e+04 1.902218e+04 
3.124242e-02 1.830761e+04 1.734703e+04 
3.628283e-02 1.653255e+04 1.579577e+04 
4.132323e-02 1.500212e+04 1.441143e+04 
4.636364e-02 1.379886e+04 1.317969e+04 
5.140404e-02 1.290550e+04 1.208044e+04 
5.644444e-02 1.222740e+04 1.109650e+04 
6.148485e-02 1.164743e+04 1.021372e+04 
6.652525e-02 1.107181e+04 9.420196e+03 
7.156566e-02 1.043530e+04 8.705612e+03 
7.660606e-02 9.722061e+03 8.060969e+03 
8.164646e-02 8.962669e+03 7.478355e+03 
8.668687e-02 8.211761e+03 6.950810e+03 
9.172727e-02 7.520189e+03 6.472210e+03 
9.676768e-02 6.924487e+03 6.037169e+03 
1.018081e-01 6.445293e+03 5.640951e+03 
1.068485e-01 6.081838e+03 5.279391e+03 
1.118889e-01 5.810087e+03 4.948825e+03 
1.169293e-01 5.592240e+03 4.646026e+03 
1.219697e-01 5.391199e+03 4.368149e+03 
1.270101e-01 5.180452e+03 4.112684e+03 
1.320505e-01 4.945330e+03 3.877410e+03 
1.370909e-01 4.683678e+03 3.660364e+03 
1.421313e-01 4.405352e+03 3.459800e+03 
1.471717e-01 4.127097e+03 3.274170e+03 
1.522121e-01 3.865593e+03 3.102095e+03 
1.572525e-01 3.633816e+03 2.942346e+03 
1.622929e-01 3.439573e+03 2.793823e+03 
1.673333e-01 3.283712e+03 2.655544e+03 
1.723737e-01 3.159813e+03 2.526626e+03 
1.774141e-01 3.056775e+03 2.406278e+03 
1.824545e-01 2.962879e+03 2.293787e+03 
1.874949e-01 2.868945e+03 2.188510e+03 
1.925354e-01 2.768888e+03 2.089867e+03 
1.975758e-01 2.660078e+03 1.997333e+03 
2.026162e-01 2.543943e+03 1.910434e+03 
2.076566e-01 2.425369e+03 1.828737e+03 
2.126970e-01 2.310298e+03 1.751851e+03 
2.177374e-01 2.203730e+03 1.679419e+03 
2.227778e-01 2.108806e+03 1.611116e+03 
2.278182e-01 2.026646e+03 1.546645e+03 
2.328586e-01 1.956358e+03 1.485735e+03 
2.378990e-01 1.895372e+03 1.428138e+03 
2.429394e-01 1.840361e+03 1.373625e+03 
2.479798e-01 1.788087e+03 1.321989e+03 
2.530202e-01 1.735877e+03 1.273036e+03 
2.580606e-01 1.681944e+03 1.226592e+03 
2.631010e-01 1.625803e+03 1.182492e+03 
2.681414e-01 1.568468e+03 1.140588e+03 
2.731818e-01 1.511761e+03 1.100740e+03 
2.782222e-01 1.457338e+03 1.062822e+03 
2.832626e-01 1.406359e+03 1.026713e+03 
2.883030e-01 1.359535e+03 9.923053e+02 
2.933434e-01 1.317135e+03 9.594967e+02 
2.983838e-01 1.278897e+03 9.281929e+02 
3.034242e-01 1.243920e+03 8.983062e+02 
3.084646e-01 1.210984e+03 8.697551e+02 
3.135051e-01 1.179099e+03 8.424639e+02 
3.185455e-01 1.147622e+03 8.163618e+02 
3.235859e-01 1.116197e+03 7.913831e+02 
3.286263e-01 1.084727e+03 7.674661e+02 
3.336667e-01 1.053405e+03 7.445536e+02 
3.387071e-01 1.022702e+03 7.225918e+02 
3.437475e-01 9.931570e+02 7.015305e+02 
3.487879e-01 9.651595e+02 6.813227e+02 
3.538283e-01 9.388603e+02 6.619245e+02 
3.588687e-01 9.142107e+02 6.432944e+02 
3.639091e-01 8.910807e+02 6.253938e+02 
3.689495e-01 8.692174e+02 6.081862e+02 
3.739899e-01 8.483148e+02 5.916374e+02 
3.790303e-01 8.280556e+02 5.757154e+02 
3.840707e-01 8.082166e+02 5.603898e+02 
3.891111e-01 7.887073e+02 5.456322e+02 
3.941515e-01 7.695208e+02 5.314156e+02 
3.991919e-01 7.507067e+02 5.177149e+02 
4.042323e-01 7.323545e+02 5.045061e+02 
4.092727e-01 7.145932e+02 4.917667e+02 
4.143131e-01 6.975528e+02 4.794754e+02 
4.193535e-01 6.812749e+02 4.676120e+02 
4.243939e-01 6.657119e+02 4.561577e+02 
4.294343e-01 6.507887e+02 4.450942e+02 
4.344747e-01 6.364610e+02 4.344047e+02 
4.395152e-01 6.226492e+02 4.240730e+02 
4.445556e-01 6.092570e+02 4.140837e+02 
4.495960e-01 5.961868e+02 4.044225e+02 
4.546364e-01 5.834008e+02 3.950754e+02 
4.596768e-01 5.709141e+02 3.860295e+02 
4.647172e-01 5.587437e+02 3.772724e+02 
4.697576e-01 5.468943e+02 3.687922e+02 
4.747980e-01 5.353719e+02 3.605779e+02 
4.798384e-01 5.242020e+02 3.526186e+02 
4.848788e-01 5.134202e+02 3.449044e+02 
4.899192e-01 5.030244e+02 3.374255e+02 
4.949596e-01 4.929609e+02 3.301728e+02 
5.000000e-01 4.832018e+02 3.231375e+02 
