1.000000e-03 3.680058e+03 3.679700e+03 
6.040404e-03 1.600612e+04 1.606861e+04 
1.108081e-02 2.168705e+04 2.154339e+04 
1.612121e-02 2.352315e+04 2.302337e+04 
2.116162e-02 2.309627e+04 2.214797e+04 
2.620202e-02 2.147014e+04 2.030556e+04 
3.124242e-02 1.940364e+04 1.836985e+04 
3.628283e-02 1.739358e+04 1.661946e+04 
4.132323e-02 1.570158e+04 1.508102e+04 
4.636364e-02 1.439642e+04 1.372757e+04 
5.140404e-02 1.344662e+04 1.253064e+04 
5.644444e-02 1.272749e+04 1.146743e+04 
6.148485e-02 1.210732e+04 1.051979e+04 
6.652525e-02 1.147827e+04 9.672827e+03 
7.156566e-02 1.077701e+04 8.914002e+03 
7.660606e-02 9.993870e+03 8.232560e+03 
8.164646e-02 9.168492e+03 7.619218e+03 
8.668687e-02 8.362597e+03 7.065922e+03 
9.172727e-02 7.631974e+03 6.565677e+03 
9.676768e-02 7.015822e+03 6.112391e+03 
1.018081e-01 6.532325e+03 5.700758e+03 
1.068485e-01 6.173111e+03 5.326146e+03 
1.118889e-01 5.905370e+03 4.984509e+03 
1.169293e-01 5.686551e+03 4.672307e+03 
1.219697e-01 5.478108e+03 4.386435e+03 
1.270101e-01 5.252858e+03 4.124165e+03 
1.320505e-01 4.997552e+03 3.883100e+03 
1.370909e-01 4.714023e+03 3.661121e+03 
1.421313e-01 4.416943e+03 3.456361e+03 
1.471717e-01 4.125561e+03 3.267163e+03 
1.522121e-01 3.857246e+03 3.092059e+03 
1.572525e-01 3.624790e+03 2.929743e+03 
1.622929e-01 3.434781e+03 2.779051e+03 
1.673333e-01 3.285601e+03 2.638945e+03 
1.723737e-01 3.167360e+03 2.508496e+03 
1.774141e-01 3.066594e+03 2.386872e+03 
1.824545e-01 2.971339e+03 2.273325e+03 
1.874949e-01 2.872923e+03 2.167184e+03 
1.925354e-01 2.765949e+03 2.067842e+03 
1.975758e-01 2.649096e+03 1.974752e+03 
2.026162e-01 2.525768e+03 1.887421e+03 
2.076566e-01 2.402340e+03 1.805400e+03 
2.126970e-01 2.285290e+03 1.728282e+03 
2.177374e-01 2.179387e+03 1.655700e+03 
2.227778e-01 2.086835e+03 1.587316e+03 
2.278182e-01 2.007905e+03 1.522825e+03 
2.328586e-01 1.940669e+03 1.461947e+03 
2.378990e-01 1.881891e+03 1.404426e+03 
2.429394e-01 1.827758e+03 1.350029e+03 
2.479798e-01 1.774770e+03 1.298541e+03 
2.530202e-01 1.720381e+03 1.249765e+03 
2.580606e-01 1.663484e+03 1.203522e+03 
2.631010e-01 1.604641e+03 1.159643e+03 
2.681414e-01 1.545483e+03 1.117977e+03 
2.731818e-01 1.487874e+03 1.078383e+03 
2.782222e-01 1.433408e+03 1.040728e+03 
2.832626e-01 1.383187e+03 1.004894e+03 
2.883030e-01 1.337801e+03 9.707687e+02 
2.933434e-01 1.297083e+03 9.382483e+02 
2.983838e-01 1.260200e+03 9.072373e+02 
3.034242e-01 1.225979e+03 8.776468e+02 
3.084646e-01 1.193242e+03 8.493942e+02 
3.135051e-01 1.161126e+03 8.224026e+02 
3.185455e-01 1.129031e+03 7.966007e+02 
3.235859e-01 1.096753e+03 7.719216e+02 
3.286263e-01 1.064485e+03 7.483034e+02 
3.336667e-01 1.032721e+03 7.256881e+02 
3.387071e-01 1.002018e+03 7.040215e+02 
3.437475e-01 9.727888e+02 6.832529e+02 
3.487879e-01 9.453175e+02 6.633351e+02 
3.538283e-01 9.196997e+02 6.442236e+02 
3.588687e-01 8.957736e+02 6.258770e+02 
3.639091e-01 8.732582e+02 6.082563e+02 
3.689495e-01 8.517743e+02 5.913248e+02 
3.739899e-01 8.310363e+02 5.750483e+02 
3.790303e-01 8.107939e+02 5.593944e+02 
3.840707e-01 7.909028e+02 5.443329e+02 
3.891111e-01 7.712707e+02 5.298352e+02 
3.941515e-01 7.519619e+02 5.158743e+02 
3.991919e-01 7.331266e+02 5.024249e+02 
4.042323e-01 7.149222e+02 4.894632e+02 
4.092727e-01 6.974629e+02 4.769665e+02 
4.143131e-01 6.807607e+02 4.649137e+02 
4.193535e-01 6.648018e+02 4.532845e+02 
4.243939e-01 6.495767e+02 4.420601e+02 
4.294343e-01 6.349975e+02 4.312223e+02 
4.344747e-01 6.209528e+02 4.207543e+02 
4.395152e-01 6.073067e+02 4.106399e+02 
4.445556e-01 5.940123e+02 4.008639e+02 
4.495960e-01 5.810273e+02 3.914118e+02 
4.546364e-01 5.683505e+02 3.822699e+02 
4.596768e-01 5.559773e+02 3.734253e+02 
4.647172e-01 5.439061e+02 3.648655e+02 
4.697576e-01 5.321856e+02 3.565789e+02 
4.747980e-01 5.208666e+02 3.485543e+02 
4.798384e-01 5.099471e+02 3.407811e+02 
4.848788e-01 4.993944e+02 3.332493e+02 
4.899192e-01 4.891874e+02 3.259493e+02 
4.949596e-01 4.793215e+02 3.188720e+02 
5.000000e-01 4.697580e+02 3.120087e+02 
