1.000000e-03 4.493175e+03 4.492769e+03 
6.040404e-03 2.041799e+04 2.051663e+04 
1.108081e-02 2.823123e+04 2.819555e+04 
1.612121e-02 3.084914e+04 3.055292e+04 
2.116162e-02 3.012541e+04 2.921893e+04 
2.620202e-02 2.746384e+04 2.595608e+04 
3.124242e-02 2.399033e+04 2.245664e+04 
3.628283e-02 2.052527e+04 1.947791e+04 
4.132323e-02 1.756320e+04 1.708966e+04 
4.636364e-02 1.528895e+04 1.516532e+04 
5.140404e-02 1.373602e+04 1.358040e+04 
5.644444e-02 1.275845e+04 1.224666e+04 
6.148485e-02 1.216761e+04 1.110506e+04 
6.652525e-02 1.177645e+04 1.011545e+04 
7.156566e-02 1.140011e+04 9.249404e+03 
7.660606e-02 1.090731e+04 8.485916e+03 
8.164646e-02 1.023666e+04 7.808873e+03 
8.668687e-02 9.403688e+03 7.205544e+03 
9.172727e-02 8.477318e+03 6.665640e+03 
9.676768e-02 7.548091e+03 6.180694e+03 
1.018081e-01 6.704597e+03 5.743652e+03 
1.068485e-01 6.012972e+03 5.348570e+03 
1.118889e-01 5.502716e+03 4.990403e+03 
1.169293e-01 5.165833e+03 4.664838e+03 
1.219697e-01 4.968361e+03 4.368167e+03 
1.270101e-01 4.864001e+03 4.097187e+03 
1.320505e-01 4.802011e+03 3.849118e+03 
1.370909e-01 4.733079e+03 3.621541e+03 
1.421313e-01 4.617977e+03 3.412337e+03 
1.471717e-01 4.436316e+03 3.219652e+03 
1.522121e-01 4.189004e+03 3.041852e+03 
1.572525e-01 3.894081e+03 2.877497e+03 
1.622929e-01 3.580074e+03 2.725313e+03 
1.673333e-01 3.278752e+03 2.584168e+03 
1.723737e-01 3.016872e+03 2.453057e+03 
1.774141e-01 2.809997e+03 2.331085e+03 
1.824545e-01 2.661614e+03 2.217449e+03 
1.874949e-01 2.565609e+03 2.111434e+03 
1.925354e-01 2.509802e+03 2.012395e+03 
1.975758e-01 2.478190e+03 1.919755e+03 
2.026162e-01 2.452865e+03 1.832992e+03 
2.076566e-01 2.417401e+03 1.751637e+03 
2.126970e-01 2.360485e+03 1.675263e+03 
2.177374e-01 2.278005e+03 1.603486e+03 
2.227778e-01 2.172664e+03 1.535956e+03 
2.278182e-01 2.052286e+03 1.472356e+03 
2.328586e-01 1.927488e+03 1.412396e+03 
2.378990e-01 1.808980e+03 1.355812e+03 
2.429394e-01 1.705256e+03 1.302365e+03 
2.479798e-01 1.621326e+03 1.251834e+03 
2.530202e-01 1.558548e+03 1.204017e+03 
2.580606e-01 1.514948e+03 1.158730e+03 
2.631010e-01 1.485775e+03 1.115802e+03 
2.681414e-01 1.464553e+03 1.075079e+03 
2.731818e-01 1.444605e+03 1.036416e+03 
2.782222e-01 1.420483e+03 9.996816e+02 
2.832626e-01 1.388703e+03 9.647530e+02 
2.883030e-01 1.347938e+03 9.315175e+02 
2.933434e-01 1.298981e+03 8.998711e+02 
2.983838e-01 1.244532e+03 8.697171e+02 
3.034242e-01 1.188492e+03 8.409661e+02 
3.084646e-01 1.134877e+03 8.135351e+02 
3.135051e-01 1.086837e+03 7.873470e+02 
3.185455e-01 1.046184e+03 7.623301e+02 
3.235859e-01 1.013445e+03 7.384179e+02 
3.286263e-01 9.879849e+02 7.155481e+02 
3.336667e-01 9.681858e+02 6.936631e+02 
3.387071e-01 9.517630e+02 6.727086e+02 
3.437475e-01 9.362425e+02 6.526345e+02 
3.487879e-01 9.195160e+02 6.333935e+02 
3.538283e-01 9.002422e+02 6.149416e+02 
3.588687e-01 8.778673e+02 5.972375e+02 
3.639091e-01 8.526433e+02 5.802426e+02 
3.689495e-01 8.254592e+02 5.639208e+02 
3.739899e-01 7.976228e+02 5.482379e+02 
3.790303e-01 7.705690e+02 5.331621e+02 
3.840707e-01 7.454944e+02 5.186634e+02 
3.891111e-01 7.231894e+02 5.047137e+02 
3.941515e-01 7.039513e+02 4.912863e+02 
3.991919e-01 6.876252e+02 4.783564e+02 
4.042323e-01 6.737022e+02 4.659004e+02 
4.092727e-01 6.613733e+02 4.538962e+02 
4.143131e-01 6.497161e+02 4.423227e+02 
4.193535e-01 6.379282e+02 4.311604e+02 
4.243939e-01 6.254511e+02 4.203904e+02 
4.294343e-01 6.120354e+02 4.099953e+02 
4.344747e-01 5.976891e+02 3.999583e+02 
4.395152e-01 5.826409e+02 3.902637e+02 
4.445556e-01 5.673042e+02 3.808965e+02 
4.495960e-01 5.522139e+02 3.718427e+02 
4.546364e-01 5.378644e+02 3.630888e+02 
4.596768e-01 5.245768e+02 3.546221e+02 
4.647172e-01 5.124948e+02 3.464305e+02 
4.697576e-01 5.015959e+02 3.385027e+02 
4.747980e-01 4.917573e+02 3.308278e+02 
4.798384e-01 4.827379e+02 3.233955e+02 
4.848788e-01 4.741994e+02 3.161959e+02 
4.899192e-01 4.657987e+02 3.092198e+02 
4.949596e-01 4.572938e+02 3.024582e+02 
5.000000e-01 4.485693e+02 2.959028e+02 
