1.000000e-03 2.866641e+03 2.866371e+03 
6.040404e-03 1.277509e+04 1.282324e+04 
1.108081e-02 1.754539e+04 1.739964e+04 
1.612121e-02 1.931184e+04 1.884178e+04 
2.116162e-02 1.930907e+04 1.848708e+04 
2.620202e-02 1.834967e+04 1.736711e+04 
3.124242e-02 1.699873e+04 1.607508e+04 
3.628283e-02 1.562047e+04 1.481705e+04 
4.132323e-02 1.440763e+04 1.364429e+04 
4.636364e-02 1.340749e+04 1.256626e+04 
5.140404e-02 1.262646e+04 1.158159e+04 
5.644444e-02 1.195338e+04 1.068546e+04 
6.148485e-02 1.132313e+04 9.871609e+03 
6.652525e-02 1.067961e+04 9.133213e+03 
7.156566e-02 9.993705e+03 8.463406e+03 
7.660606e-02 9.277006e+03 7.855569e+03 
8.164646e-02 8.569588e+03 7.303505e+03 
8.668687e-02 7.914678e+03 6.801521e+03 
9.172727e-02 7.338892e+03 6.344449e+03 
9.676768e-02 6.854979e+03 5.927644e+03 
1.018081e-01 6.463646e+03 5.546948e+03 
1.068485e-01 6.150076e+03 5.198657e+03 
1.118889e-01 5.883731e+03 4.879477e+03 
1.169293e-01 5.633015e+03 4.586482e+03 
1.219697e-01 5.377460e+03 4.317071e+03 
1.270101e-01 5.109529e+03 4.068937e+03 
1.320505e-01 4.831590e+03 3.840028e+03 
1.370909e-01 4.552580e+03 3.628517e+03 
1.421313e-01 4.284704e+03 3.432779e+03 
1.471717e-01 4.039234e+03 3.251364e+03 
1.522121e-01 3.822908e+03 3.082975e+03 
1.572525e-01 3.637823e+03 2.926454e+03 
1.622929e-01 3.481694e+03 2.780762e+03 
1.673333e-01 3.347445e+03 2.644967e+03 
1.723737e-01 3.225590e+03 2.518233e+03 
1.774141e-01 3.107927e+03 2.399805e+03 
1.824545e-01 2.989600e+03 2.289002e+03 
1.874949e-01 2.868874e+03 2.185210e+03 
1.925354e-01 2.746294e+03 2.087875e+03 
1.975758e-01 2.624462e+03 1.996492e+03 
2.026162e-01 2.507454e+03 1.910605e+03 
2.076566e-01 2.398852e+03 1.829799e+03 
2.126970e-01 2.300403e+03 1.753695e+03 
2.177374e-01 2.212205e+03 1.681949e+03 
2.227778e-01 2.133222e+03 1.614248e+03 
2.278182e-01 2.061482e+03 1.550304e+03 
2.328586e-01 1.994496e+03 1.489854e+03 
2.378990e-01 1.930048e+03 1.432657e+03 
2.429394e-01 1.866774e+03 1.378492e+03 
2.479798e-01 1.804146e+03 1.327157e+03 
2.530202e-01 1.742036e+03 1.278463e+03 
2.580606e-01 1.680946e+03 1.232241e+03 
2.631010e-01 1.621973e+03 1.188330e+03 
2.681414e-01 1.566263e+03 1.146584e+03 
2.731818e-01 1.514372e+03 1.106869e+03 
2.782222e-01 1.466134e+03 1.069059e+03 
2.832626e-01 1.421097e+03 1.033038e+03 
2.883030e-01 1.378871e+03 9.986998e+02 
2.933434e-01 1.338965e+03 9.659436e+02 
2.983838e-01 1.300714e+03 9.346772e+02 
3.034242e-01 1.263492e+03 9.048147e+02 
3.084646e-01 1.227045e+03 8.762760e+02 
3.135051e-01 1.191464e+03 8.489866e+02 
3.185455e-01 1.156936e+03 8.228770e+02 
3.235859e-01 1.123584e+03 7.978824e+02 
3.286263e-01 1.091526e+03 7.739423e+02 
3.336667e-01 1.060925e+03 7.510001e+02 
3.387071e-01 1.031885e+03 7.290028e+02 
3.437475e-01 1.004350e+03 7.079011e+02 
3.487879e-01 9.781008e+02 6.876484e+02 
3.538283e-01 9.528990e+02 6.682013e+02 
3.588687e-01 9.285998e+02 6.495190e+02 
3.639091e-01 9.051090e+02 6.315633e+02 
3.689495e-01 8.823300e+02 6.142980e+02 
3.739899e-01 8.601916e+02 5.976894e+02 
3.790303e-01 8.386865e+02 5.817056e+02 
3.840707e-01 8.178665e+02 5.663168e+02 
3.891111e-01 7.977867e+02 5.514946e+02 
3.941515e-01 7.784408e+02 5.372124e+02 
3.991919e-01 7.598046e+02 5.234453e+02 
4.042323e-01 7.418708e+02 5.101694e+02 
4.092727e-01 7.246199e+02 4.973624e+02 
4.143131e-01 7.079900e+02 4.850032e+02 
4.193535e-01 6.918943e+02 4.730718e+02 
4.243939e-01 6.762762e+02 4.615493e+02 
4.294343e-01 6.611340e+02 4.504179e+02 
4.344747e-01 6.464506e+02 4.396605e+02 
4.395152e-01 6.321940e+02 4.292611e+02 
4.445556e-01 6.183493e+02 4.192045e+02 
4.495960e-01 6.049211e+02 4.094763e+02 
4.546364e-01 5.919170e+02 4.000628e+02 
4.596768e-01 5.793306e+02 3.909510e+02 
4.647172e-01 5.671371e+02 3.821284e+02 
4.697576e-01 5.553116e+02 3.735835e+02 
4.747980e-01 5.438443e+02 3.653049e+02 
4.798384e-01 5.327197e+02 3.572822e+02 
4.848788e-01 5.219228e+02 3.495051e+02 
4.899192e-01 5.114282e+02 3.419642e+02 
4.949596e-01 5.012092e+02 3.346501e+02 
5.000000e-01 4.912718e+02 3.275542e+02 
