1.000000e-03 4.777882e+03 4.777432e+03 
6.040404e-03 2.108540e+04 2.118287e+04 
1.108081e-02 2.870347e+04 2.863367e+04 
1.612121e-02 3.102399e+04 3.063831e+04 
2.116162e-02 3.006420e+04 2.905424e+04 
2.620202e-02 2.728708e+04 2.576630e+04 
3.124242e-02 2.381796e+04 2.237919e+04 
3.628283e-02 2.044602e+04 1.951812e+04 
4.132323e-02 1.762186e+04 1.720568e+04 
4.636364e-02 1.548927e+04 1.531885e+04 
5.140404e-02 1.405594e+04 1.374679e+04 
5.644444e-02 1.314949e+04 1.241208e+04 
6.148485e-02 1.257515e+04 1.126245e+04 
6.652525e-02 1.213328e+04 1.026162e+04 
7.156566e-02 1.165873e+04 9.383272e+03 
7.660606e-02 1.104449e+04 8.607533e+03 
8.164646e-02 1.025781e+04 7.918854e+03 
8.668687e-02 9.340028e+03 7.304759e+03 
9.172727e-02 8.375543e+03 6.755042e+03 
9.676768e-02 7.458497e+03 6.261235e+03 
1.018081e-01 6.668217e+03 5.816231e+03 
1.068485e-01 6.051958e+03 5.414018e+03 
1.118889e-01 5.618454e+03 5.049472e+03 
1.169293e-01 5.342765e+03 4.718203e+03 
1.219697e-01 5.180992e+03 4.416431e+03 
1.270101e-01 5.081221e+03 4.140885e+03 
1.320505e-01 4.990822e+03 3.888726e+03 
1.370909e-01 4.865976e+03 3.657478e+03 
1.421313e-01 4.681132e+03 3.444979e+03 
1.471717e-01 4.432982e+03 3.249329e+03 
1.522121e-01 4.135995e+03 3.068858e+03 
1.572525e-01 3.816037e+03 2.902093e+03 
1.622929e-01 3.503764e+03 2.747731e+03 
1.673333e-01 3.227538e+03 2.604616e+03 
1.723737e-01 3.005732e+03 2.471719e+03 
1.774141e-01 2.842812e+03 2.348126e+03 
1.824545e-01 2.732410e+03 2.233017e+03 
1.874949e-01 2.662175e+03 2.125662e+03 
1.925354e-01 2.616499e+03 2.025402e+03 
1.975758e-01 2.578116e+03 1.931648e+03 
2.026162e-01 2.530462e+03 1.843867e+03 
2.076566e-01 2.462254e+03 1.761581e+03 
2.126970e-01 2.370116e+03 1.684355e+03 
2.177374e-01 2.257781e+03 1.611797e+03 
2.227778e-01 2.133467e+03 1.543551e+03 
2.278182e-01 2.007124e+03 1.479293e+03 
2.328586e-01 1.888681e+03 1.418728e+03 
2.378990e-01 1.785890e+03 1.361588e+03 
2.429394e-01 1.703068e+03 1.307628e+03 
2.479798e-01 1.640577e+03 1.256625e+03 
2.530202e-01 1.595501e+03 1.208372e+03 
2.580606e-01 1.562635e+03 1.162683e+03 
2.631010e-01 1.535632e+03 1.119384e+03 
2.681414e-01 1.508371e+03 1.078318e+03 
2.731818e-01 1.476120e+03 1.039338e+03 
2.782222e-01 1.436311e+03 1.002309e+03 
2.832626e-01 1.388681e+03 9.671082e+02 
2.883030e-01 1.334945e+03 9.336207e+02 
2.933434e-01 1.278236e+03 9.017406e+02 
2.983838e-01 1.222173e+03 8.713700e+02 
3.034242e-01 1.170114e+03 8.424179e+02 
3.084646e-01 1.124447e+03 8.148003e+02 
3.135051e-01 1.086245e+03 7.884390e+02 
3.185455e-01 1.055313e+03 7.632612e+02 
3.235859e-01 1.030322e+03 7.391995e+02 
3.286263e-01 1.009320e+03 7.161908e+02 
3.336667e-01 9.900697e+02 6.941767e+02 
3.387071e-01 9.705660e+02 6.731022e+02 
3.437475e-01 9.493182e+02 6.529165e+02 
3.487879e-01 9.255373e+02 6.335717e+02 
3.538283e-01 8.992790e+02 6.150233e+02 
3.588687e-01 8.713132e+02 5.972295e+02 
3.639091e-01 8.428231e+02 5.801512e+02 
3.689495e-01 8.150254e+02 5.637517e+02 
3.739899e-01 7.889444e+02 5.479967e+02 
3.790303e-01 7.653201e+02 5.328538e+02 
3.840707e-01 7.445141e+02 5.182928e+02 
3.891111e-01 7.264549e+02 5.042851e+02 
3.941515e-01 7.106266e+02 4.908039e+02 
3.991919e-01 6.962849e+02 4.778240e+02 
4.042323e-01 6.826422e+02 4.653217e+02 
4.092727e-01 6.690059e+02 4.532744e+02 
4.143131e-01 6.549435e+02 4.416610e+02 
4.193535e-01 6.401856e+02 4.304617e+02 
4.243939e-01 6.247660e+02 4.196575e+02 
4.294343e-01 6.089101e+02 4.092307e+02 
4.344747e-01 5.930323e+02 3.991644e+02 
4.395152e-01 5.775609e+02 3.894428e+02 
4.445556e-01 5.628570e+02 3.800507e+02 
4.495960e-01 5.491610e+02 3.709739e+02 
4.546364e-01 5.365589e+02 3.621988e+02 
4.596768e-01 5.250327e+02 3.537127e+02 
4.647172e-01 5.144232e+02 3.455034e+02 
4.697576e-01 5.044655e+02 3.375594e+02 
4.747980e-01 4.948811e+02 3.298697e+02 
4.798384e-01 4.854172e+02 3.224238e+02 
4.848788e-01 4.759257e+02 3.152120e+02 
4.899192e-01 4.663241e+02 3.082248e+02 
4.949596e-01 4.565954e+02 3.014533e+02 
5.000000e-01 4.468241e+02 2.948889e+02 
