1.000000e-03 2.728444e+03 2.728184e+03 
6.040404e-03 1.201794e+04 1.206245e+04 
1.108081e-02 1.643082e+04 1.626724e+04 
1.612121e-02 1.810027e+04 1.760313e+04 
2.116162e-02 1.820297e+04 1.737983e+04 
2.620202e-02 1.746803e+04 1.648915e+04 
3.124242e-02 1.637676e+04 1.540196e+04 
3.628283e-02 1.522690e+04 1.429483e+04 
4.132323e-02 1.417273e+04 1.322941e+04 
4.636364e-02 1.325899e+04 1.222922e+04 
5.140404e-02 1.247406e+04 1.130287e+04 
5.644444e-02 1.176460e+04 1.045178e+04 
6.148485e-02 1.107960e+04 9.673591e+03 
6.652525e-02 1.039592e+04 8.964006e+03 
7.156566e-02 9.705000e+03 8.317831e+03 
7.660606e-02 9.023653e+03 7.729617e+03 
8.164646e-02 8.382120e+03 7.194006e+03 
8.668687e-02 7.804873e+03 6.705927e+03 
9.172727e-02 7.300099e+03 6.260690e+03 
9.676768e-02 6.867044e+03 5.854013e+03 
1.018081e-01 6.499271e+03 5.482031e+03 
1.068485e-01 6.180256e+03 5.141271e+03 
1.118889e-01 5.886228e+03 4.828626e+03 
1.169293e-01 5.598913e+03 4.541321e+03 
1.219697e-01 5.311233e+03 4.276883e+03 
1.270101e-01 5.025153e+03 4.033108e+03 
1.320505e-01 4.746704e+03 3.808030e+03 
1.370909e-01 4.483380e+03 3.599897e+03 
1.421313e-01 4.242122e+03 3.407144e+03 
1.471717e-01 4.025962e+03 3.228372e+03 
1.522121e-01 3.834087e+03 3.062330e+03 
1.572525e-01 3.663668e+03 2.907897e+03 
1.622929e-01 3.510612e+03 2.764066e+03 
1.673333e-01 3.369055e+03 2.629934e+03 
1.723737e-01 3.233344e+03 2.504686e+03 
1.774141e-01 3.100215e+03 2.387590e+03 
1.824545e-01 2.969476e+03 2.277983e+03 
1.874949e-01 2.842443e+03 2.175266e+03 
1.925354e-01 2.720461e+03 2.078899e+03 
1.975758e-01 2.605130e+03 1.988388e+03 
2.026162e-01 2.498022e+03 1.903288e+03 
2.076566e-01 2.399626e+03 1.823193e+03 
2.126970e-01 2.309200e+03 1.747733e+03 
2.177374e-01 2.225389e+03 1.676570e+03 
2.227778e-01 2.146760e+03 1.609398e+03 
2.278182e-01 2.071943e+03 1.545933e+03 
2.328586e-01 1.999965e+03 1.485919e+03 
2.378990e-01 1.930368e+03 1.429118e+03 
2.429394e-01 1.863191e+03 1.375314e+03 
2.479798e-01 1.798554e+03 1.324306e+03 
2.530202e-01 1.736531e+03 1.275912e+03 
2.580606e-01 1.677437e+03 1.229962e+03 
2.631010e-01 1.621663e+03 1.186300e+03 
2.681414e-01 1.569240e+03 1.144782e+03 
2.731818e-01 1.519738e+03 1.105275e+03 
2.782222e-01 1.472638e+03 1.067654e+03 
2.832626e-01 1.427640e+03 1.031807e+03 
2.883030e-01 1.384591e+03 9.976274e+02 
2.933434e-01 1.343241e+03 9.650164e+02 
2.983838e-01 1.303336e+03 9.338830e+02 
3.034242e-01 1.264804e+03 9.041422e+02 
3.084646e-01 1.227750e+03 8.757149e+02 
3.135051e-01 1.192257e+03 8.485275e+02 
3.185455e-01 1.158257e+03 8.225114e+02 
3.235859e-01 1.125656e+03 7.976024e+02 
3.286263e-01 1.094432e+03 7.737406e+02 
3.336667e-01 1.064563e+03 7.508702e+02 
3.387071e-01 1.035937e+03 7.289386e+02 
3.437475e-01 1.008391e+03 7.078970e+02 
3.487879e-01 9.818184e+02 6.876993e+02 
3.538283e-01 9.561837e+02 6.683025e+02 
3.588687e-01 9.314693e+02 6.496662e+02 
3.639091e-01 9.076232e+02 6.317524e+02 
3.689495e-01 8.845957e+02 6.145255e+02 
3.739899e-01 8.623786e+02 5.979519e+02 
3.790303e-01 8.409802e+02 5.820000e+02 
3.840707e-01 8.203639e+02 5.666401e+02 
3.891111e-01 8.004690e+02 5.518443e+02 
3.941515e-01 7.812502e+02 5.375861e+02 
3.991919e-01 7.626932e+02 5.238406e+02 
4.042323e-01 7.447816e+02 5.105843e+02 
4.092727e-01 7.274641e+02 4.977951e+02 
4.143131e-01 7.106793e+02 4.854518e+02 
4.193535e-01 6.944191e+02 4.735347e+02 
4.243939e-01 6.786954e+02 4.620250e+02 
4.294343e-01 6.634900e+02 4.509050e+02 
4.344747e-01 6.487564e+02 4.401577e+02 
4.395152e-01 6.344663e+02 4.297673e+02 
4.445556e-01 6.206309e+02 4.197186e+02 
4.495960e-01 6.072404e+02 4.099972e+02 
4.546364e-01 5.942665e+02 4.005896e+02 
4.596768e-01 5.816711e+02 3.914828e+02 
4.647172e-01 5.694397e+02 3.826645e+02 
4.697576e-01 5.575808e+02 3.741231e+02 
4.747980e-01 5.460835e+02 3.658474e+02 
4.798384e-01 5.349132e+02 3.578268e+02 
4.848788e-01 5.240516e+02 3.500514e+02 
4.899192e-01 5.134990e+02 3.425115e+02 
4.949596e-01 5.032570e+02 3.351981e+02 
5.000000e-01 4.933104e+02 3.281023e+02 
