1.000000e-03 3.485790e+03 3.485469e+03 
6.040404e-03 1.603907e+04 1.610964e+04 
1.108081e-02 2.225176e+04 2.216631e+04 
1.612121e-02 2.444825e+04 2.406935e+04 
2.116162e-02 2.411763e+04 2.325404e+04 
2.620202e-02 2.235499e+04 2.115486e+04 
3.124242e-02 2.000390e+04 1.889574e+04 
3.628283e-02 1.765774e+04 1.690035e+04 
4.132323e-02 1.565989e+04 1.520786e+04 
4.636364e-02 1.412498e+04 1.376454e+04 
5.140404e-02 1.306399e+04 1.251709e+04 
5.644444e-02 1.234536e+04 1.142648e+04 
6.148485e-02 1.182175e+04 1.046487e+04 
6.652525e-02 1.135426e+04 9.611757e+03 
7.156566e-02 1.082468e+04 8.851317e+03 
7.660606e-02 1.017409e+04 8.170869e+03 
8.164646e-02 9.407991e+03 7.559984e+03 
8.668687e-02 8.581127e+03 7.009920e+03 
9.172727e-02 7.764936e+03 6.513263e+03 
9.676768e-02 7.024969e+03 6.063673e+03 
1.018081e-01 6.410802e+03 5.655691e+03 
1.068485e-01 5.946115e+03 5.284601e+03 
1.118889e-01 5.622582e+03 4.946308e+03 
1.169293e-01 5.406186e+03 4.637248e+03 
1.219697e-01 5.252041e+03 4.354307e+03 
1.270101e-01 5.116237e+03 4.094760e+03 
1.320505e-01 4.962976e+03 3.856215e+03 
1.370909e-01 4.768771e+03 3.636564e+03 
1.421313e-01 4.527505e+03 3.433950e+03 
1.471717e-01 4.249699e+03 3.246729e+03 
1.522121e-01 3.956286e+03 3.073445e+03 
1.572525e-01 3.671241e+03 2.912805e+03 
1.622929e-01 3.416152e+03 2.763655e+03 
1.673333e-01 3.205777e+03 2.624969e+03 
1.723737e-01 3.044766e+03 2.495827e+03 
1.774141e-01 2.927876e+03 2.375406e+03 
1.824545e-01 2.843455e+03 2.262968e+03 
1.874949e-01 2.777394e+03 2.157848e+03 
1.925354e-01 2.715591e+03 2.059447e+03 
1.975758e-01 2.645867e+03 1.967226e+03 
2.026162e-01 2.560581e+03 1.880696e+03 
2.076566e-01 2.458279e+03 1.799414e+03 
2.126970e-01 2.343142e+03 1.722979e+03 
2.177374e-01 2.222555e+03 1.651027e+03 
2.227778e-01 2.104758e+03 1.583226e+03 
2.278182e-01 1.997042e+03 1.519273e+03 
2.328586e-01 1.904419e+03 1.458892e+03 
2.378990e-01 1.828697e+03 1.401832e+03 
2.429394e-01 1.768680e+03 1.347860e+03 
2.479798e-01 1.721073e+03 1.296766e+03 
2.530202e-01 1.681254e+03 1.248355e+03 
2.580606e-01 1.644073e+03 1.202448e+03 
2.631010e-01 1.604920e+03 1.158882e+03 
2.681414e-01 1.560905e+03 1.117505e+03 
2.731818e-01 1.511453e+03 1.078178e+03 
2.782222e-01 1.457777e+03 1.040771e+03 
2.832626e-01 1.402011e+03 1.005166e+03 
2.883030e-01 1.346669e+03 9.712526e+02 
2.933434e-01 1.294309e+03 9.389284e+02 
2.983838e-01 1.247049e+03 9.080989e+02 
3.034242e-01 1.205996e+03 8.786762e+02 
3.084646e-01 1.170962e+03 8.505788e+02 
3.135051e-01 1.140848e+03 8.237307e+02 
3.185455e-01 1.114138e+03 7.980612e+02 
3.235859e-01 1.089222e+03 7.735045e+02 
3.286263e-01 1.064569e+03 7.499991e+02 
3.336667e-01 1.038977e+03 7.274877e+02 
3.387071e-01 1.011856e+03 7.059169e+02 
3.437475e-01 9.833283e+02 6.852365e+02 
3.487879e-01 9.540684e+02 6.653997e+02 
3.538283e-01 9.249604e+02 6.463626e+02 
3.588687e-01 8.968545e+02 6.280842e+02 
3.639091e-01 8.704507e+02 6.105259e+02 
3.689495e-01 8.462053e+02 5.936514e+02 
3.739899e-01 8.242821e+02 5.774269e+02 
3.790303e-01 8.044816e+02 5.618204e+02 
3.840707e-01 7.863242e+02 5.468018e+02 
3.891111e-01 7.692425e+02 5.323429e+02 
3.941515e-01 7.527074e+02 5.184170e+02 
3.991919e-01 7.362782e+02 5.049991e+02 
4.042323e-01 7.196566e+02 4.920655e+02 
4.092727e-01 7.027402e+02 4.795939e+02 
4.143131e-01 6.856560e+02 4.675632e+02 
4.193535e-01 6.686715e+02 4.559534e+02 
4.243939e-01 6.520811e+02 4.447458e+02 
4.294343e-01 6.361228e+02 4.339226e+02 
4.344747e-01 6.209650e+02 4.234668e+02 
4.395152e-01 6.067201e+02 4.133626e+02 
4.445556e-01 5.934050e+02 4.035949e+02 
4.495960e-01 5.809073e+02 3.941493e+02 
4.546364e-01 5.690274e+02 3.850122e+02 
4.596768e-01 5.575645e+02 3.761707e+02 
4.647172e-01 5.463722e+02 3.676127e+02 
4.697576e-01 5.353398e+02 3.593265e+02 
4.747980e-01 5.243850e+02 3.513010e+02 
4.798384e-01 5.134736e+02 3.435257e+02 
4.848788e-01 5.026611e+02 3.359907e+02 
4.899192e-01 4.920434e+02 3.286865e+02 
4.949596e-01 4.817226e+02 3.216039e+02 
5.000000e-01 4.717631e+02 3.147345e+02 
