1.000000e-03 3.798621e+03 3.798254e+03 
6.040404e-03 1.699264e+04 1.671922e+04 
1.108081e-02 2.335863e+04 2.250296e+04 
1.612121e-02 2.552564e+04 2.457934e+04 
2.116162e-02 2.508652e+04 2.478301e+04 
2.620202e-02 2.318776e+04 2.405711e+04 
3.124242e-02 2.070246e+04 2.289007e+04 
3.628283e-02 1.823995e+04 2.153909e+04 
4.132323e-02 1.614982e+04 2.014171e+04 
4.636364e-02 1.454576e+04 1.877111e+04 
5.140404e-02 1.343549e+04 1.746488e+04 
5.644444e-02 1.268111e+04 1.624056e+04 
6.148485e-02 1.212968e+04 1.510441e+04 
6.652525e-02 1.163785e+04 1.405639e+04 
7.156566e-02 1.108415e+04 1.309307e+04 
7.660606e-02 1.040831e+04 1.220928e+04 
8.164646e-02 9.616115e+03 1.139914e+04 
8.668687e-02 8.763630e+03 1.065658e+04 
9.172727e-02 7.923762e+03 9.975685e+03 
9.676768e-02 7.163203e+03 9.350878e+03 
1.018081e-01 6.532186e+03 8.776974e+03 
1.068485e-01 6.054466e+03 8.249224e+03 
1.118889e-01 5.721195e+03 7.763310e+03 
1.169293e-01 5.497453e+03 7.315328e+03 
1.219697e-01 5.337386e+03 6.901755e+03 
1.270101e-01 5.196260e+03 6.519424e+03 
1.320505e-01 5.037687e+03 6.165487e+03 
1.370909e-01 4.837854e+03 5.837386e+03 
1.421313e-01 4.590612e+03 5.532823e+03 
1.471717e-01 4.306681e+03 5.249730e+03 
1.522121e-01 4.007303e+03 4.986249e+03 
1.572525e-01 3.716756e+03 4.740707e+03 
1.622929e-01 3.456856e+03 4.511595e+03 
1.673333e-01 3.242473e+03 4.297552e+03 
1.723737e-01 3.078233e+03 4.097349e+03 
1.774141e-01 2.958763e+03 3.909873e+03 
1.824545e-01 2.872228e+03 3.734117e+03 
1.874949e-01 2.804335e+03 3.569168e+03 
1.925354e-01 2.740825e+03 3.414196e+03 
1.975758e-01 2.669401e+03 3.268446e+03 
2.026162e-01 2.582363e+03 3.131232e+03 
2.076566e-01 2.478261e+03 3.001926e+03 
2.126970e-01 2.361321e+03 2.879957e+03 
2.177374e-01 2.238997e+03 2.764803e+03 
2.227778e-01 2.119586e+03 2.655984e+03 
2.278182e-01 2.010423e+03 2.553063e+03 
2.328586e-01 1.916536e+03 2.455637e+03 
2.378990e-01 1.839728e+03 2.363336e+03 
2.429394e-01 1.778777e+03 2.275821e+03 
2.479798e-01 1.730353e+03 2.192779e+03 
2.530202e-01 1.689798e+03 2.113920e+03 
2.580606e-01 1.651928e+03 2.038980e+03 
2.631010e-01 1.612109e+03 1.967711e+03 
2.681414e-01 1.567439e+03 1.899887e+03 
2.731818e-01 1.517346e+03 1.835296e+03 
2.782222e-01 1.463049e+03 1.773744e+03 
2.832626e-01 1.406693e+03 1.715051e+03 
2.883030e-01 1.350800e+03 1.659046e+03 
2.933434e-01 1.297933e+03 1.605576e+03 
2.983838e-01 1.250213e+03 1.554493e+03 
3.034242e-01 1.208743e+03 1.505664e+03 
3.084646e-01 1.173332e+03 1.458961e+03 
3.135051e-01 1.142871e+03 1.414268e+03 
3.185455e-01 1.115839e+03 1.371474e+03 
3.235859e-01 1.090621e+03 1.330477e+03 
3.286263e-01 1.065683e+03 1.291182e+03 
3.336667e-01 1.039820e+03 1.253498e+03 
3.387071e-01 1.012442e+03 1.217342e+03 
3.437475e-01 9.836742e+02 1.182634e+03 
3.487879e-01 9.541895e+02 1.149301e+03 
3.538283e-01 9.248728e+02 1.117274e+03 
3.588687e-01 8.965735e+02 1.086488e+03 
3.639091e-01 8.699905e+02 1.056881e+03 
3.689495e-01 8.455781e+02 1.028396e+03 
3.739899e-01 8.234982e+02 1.000978e+03 
3.790303e-01 8.035502e+02 9.745779e+02 
3.840707e-01 7.852533e+02 9.491462e+02 
3.891111e-01 7.680398e+02 9.246379e+02 
3.941515e-01 7.513807e+02 9.010103e+02 
3.991919e-01 7.348358e+02 8.782232e+02 
4.042323e-01 7.181072e+02 8.562383e+02 
4.092727e-01 7.010926e+02 8.350197e+02 
4.143131e-01 6.839186e+02 8.145333e+02 
4.193535e-01 6.668521e+02 7.947469e+02 
4.243939e-01 6.501863e+02 7.756299e+02 
4.294343e-01 6.341582e+02 7.571535e+02 
4.344747e-01 6.189351e+02 7.392903e+02 
4.395152e-01 6.046285e+02 7.220142e+02 
4.445556e-01 5.912545e+02 7.053007e+02 
4.495960e-01 5.787007e+02 6.891264e+02 
4.546364e-01 5.667678e+02 6.734691e+02 
4.596768e-01 5.552552e+02 6.583076e+02 
4.647172e-01 5.440170e+02 6.436218e+02 
4.697576e-01 5.329428e+02 6.293928e+02 
4.747980e-01 5.219503e+02 6.156024e+02 
4.798384e-01 5.110056e+02 6.022333e+02 
4.848788e-01 5.001637e+02 5.892690e+02 
4.899192e-01 4.895199e+02 5.766939e+02 
4.949596e-01 4.791757e+02 5.644931e+02 
5.000000e-01 4.691948e+02 5.526523e+02 
