1.000000e-03 6.508466e+03 6.507847e+03 
6.040404e-03 2.922992e+04 2.937347e+04 
1.108081e-02 3.970457e+04 3.971736e+04 
1.612121e-02 4.247782e+04 4.221282e+04 
2.116162e-02 4.039684e+04 3.924023e+04 
2.620202e-02 3.563583e+04 3.353204e+04 
3.124242e-02 2.992943e+04 2.780383e+04 
3.628283e-02 2.451031e+04 2.320419e+04 
4.132323e-02 2.006790e+04 1.972650e+04 
4.636364e-02 1.680767e+04 1.707251e+04 
5.140404e-02 1.470630e+04 1.498629e+04 
5.644444e-02 1.350242e+04 1.329701e+04 
6.148485e-02 1.290235e+04 1.189582e+04 
6.652525e-02 1.260852e+04 1.071204e+04 
7.156566e-02 1.236412e+04 9.697957e+03 
7.660606e-02 1.196237e+04 8.819903e+03 
8.164646e-02 1.128389e+04 8.053173e+03 
8.668687e-02 1.032623e+04 7.379010e+03 
9.172727e-02 9.184999e+03 6.782787e+03 
9.676768e-02 8.003210e+03 6.252844e+03 
1.018081e-01 6.919603e+03 5.779731e+03 
1.068485e-01 6.033023e+03 5.355679e+03 
1.118889e-01 5.388679e+03 4.974233e+03 
1.169293e-01 4.982813e+03 4.629977e+03 
1.219697e-01 4.778619e+03 4.318337e+03 
1.270101e-01 4.718223e+03 4.035418e+03 
1.320505e-01 4.731955e+03 3.777888e+03 
1.370909e-01 4.749339e+03 3.542879e+03 
1.421313e-01 4.711558e+03 3.327914e+03 
1.471717e-01 4.581120e+03 3.130843e+03 
1.522121e-01 4.346293e+03 2.949792e+03 
1.572525e-01 4.023185e+03 2.783121e+03 
1.622929e-01 3.651413e+03 2.629394e+03 
1.673333e-01 3.280502e+03 2.487344e+03 
1.723737e-01 2.952341e+03 2.355853e+03 
1.774141e-01 2.691537e+03 2.233934e+03 
1.824545e-01 2.506816e+03 2.120706e+03 
1.874949e-01 2.395609e+03 2.015389e+03 
1.925354e-01 2.346460e+03 1.917285e+03 
1.975758e-01 2.339490e+03 1.825770e+03 
2.026162e-01 2.349617e+03 1.740285e+03 
2.076566e-01 2.352518e+03 1.660328e+03 
2.126970e-01 2.329695e+03 1.585447e+03 
2.177374e-01 2.270834e+03 1.515234e+03 
2.227778e-01 2.174296e+03 1.449321e+03 
2.278182e-01 2.047320e+03 1.387375e+03 
2.328586e-01 1.904023e+03 1.329093e+03 
2.378990e-01 1.761012e+03 1.274201e+03 
2.429394e-01 1.632412e+03 1.222448e+03 
2.479798e-01 1.527573e+03 1.173607e+03 
2.530202e-01 1.450823e+03 1.127471e+03 
2.580606e-01 1.401704e+03 1.083849e+03 
2.631010e-01 1.375661e+03 1.042567e+03 
2.681414e-01 1.364899e+03 1.003465e+03 
2.731818e-01 1.360389e+03 9.663988e+02 
2.782222e-01 1.353582e+03 9.312321e+02 
2.832626e-01 1.337759e+03 8.978417e+02 
2.883030e-01 1.308754e+03 8.661134e+02 
2.933434e-01 1.265544e+03 8.359421e+02 
2.983838e-01 1.210601e+03 8.072306e+02 
3.034242e-01 1.148923e+03 7.798890e+02 
3.084646e-01 1.086535e+03 7.538341e+02 
3.135051e-01 1.028720e+03 7.289888e+02 
3.185455e-01 9.793018e+02 7.052818e+02 
3.235859e-01 9.402996e+02 6.826464e+02 
3.286263e-01 9.120779e+02 6.610211e+02 
3.336667e-01 8.932695e+02 6.403484e+02 
3.387071e-01 8.811348e+02 6.205748e+02 
3.437475e-01 8.722478e+02 6.016505e+02 
3.487879e-01 8.632540e+02 5.835290e+02 
3.538283e-01 8.514785e+02 5.661669e+02 
3.588687e-01 8.351777e+02 5.495236e+02 
3.639091e-01 8.137303e+02 5.335610e+02 
3.689495e-01 7.876989e+02 5.182438e+02 
3.739899e-01 7.586714e+02 5.035386e+02 
3.790303e-01 7.287468e+02 4.894142e+02 
3.840707e-01 7.000074e+02 4.758413e+02 
3.891111e-01 6.741193e+02 4.627925e+02 
3.941515e-01 6.521349e+02 4.502419e+02 
3.991919e-01 6.344379e+02 4.381652e+02 
4.042323e-01 6.207029e+02 4.265395e+02 
4.092727e-01 6.100164e+02 4.153435e+02 
4.143131e-01 6.011519e+02 4.045567e+02 
4.193535e-01 5.928592e+02 3.941600e+02 
4.243939e-01 5.840209e+02 3.841355e+02 
4.294343e-01 5.737998e+02 3.744661e+02 
4.344747e-01 5.617487e+02 3.651357e+02 
4.395152e-01 5.479172e+02 3.561292e+02 
4.445556e-01 5.327978e+02 3.474322e+02 
4.495960e-01 5.171242e+02 3.390310e+02 
4.546364e-01 5.016358e+02 3.309129e+02 
4.596768e-01 4.870237e+02 3.230656e+02 
4.647172e-01 4.738157e+02 3.154775e+02 
4.697576e-01 4.623243e+02 3.081378e+02 
4.747980e-01 4.525349e+02 3.010360e+02 
4.798384e-01 4.441799e+02 2.941622e+02 
4.848788e-01 4.368156e+02 2.875072e+02 
4.899192e-01 4.299862e+02 2.810619e+02 
4.949596e-01 4.232556e+02 2.748180e+02 
5.000000e-01 4.162216e+02 2.687673e+02 
