1.000000e-03 2.812613e+03 2.812350e+03 
6.040404e-03 1.253348e+04 1.258094e+04 
1.108081e-02 1.724485e+04 1.710384e+04 
1.612121e-02 1.901626e+04 1.855823e+04 
2.116162e-02 1.904716e+04 1.824263e+04 
2.620202e-02 1.813014e+04 1.716404e+04 
3.124242e-02 1.681920e+04 1.590715e+04 
3.628283e-02 1.547290e+04 1.467780e+04 
4.132323e-02 1.428305e+04 1.352848e+04 
4.636364e-02 1.329867e+04 1.246971e+04 
5.140404e-02 1.252873e+04 1.150096e+04 
5.644444e-02 1.186501e+04 1.061802e+04 
6.148485e-02 1.124380e+04 9.815134e+03 
6.652525e-02 1.061187e+04 9.085881e+03 
7.156566e-02 9.937831e+03 8.423720e+03 
7.660606e-02 9.231539e+03 7.822297e+03 
8.164646e-02 8.532630e+03 7.275629e+03 
8.668687e-02 7.884302e+03 6.778195e+03 
9.172727e-02 7.313235e+03 6.324970e+03 
9.676768e-02 6.831702e+03 5.911426e+03 
1.018081e-01 6.440969e+03 5.533500e+03 
1.068485e-01 6.127405e+03 5.187567e+03 
1.118889e-01 5.862446e+03 4.870398e+03 
1.169293e-01 5.614204e+03 4.579119e+03 
1.219697e-01 5.361583e+03 4.311177e+03 
1.270101e-01 5.096772e+03 4.064301e+03 
1.320505e-01 4.821907e+03 3.836469e+03 
1.370909e-01 4.545552e+03 3.625883e+03 
1.421313e-01 4.279467e+03 3.430938e+03 
1.471717e-01 4.034769e+03 3.250203e+03 
1.522121e-01 3.818567e+03 3.082398e+03 
1.572525e-01 3.633287e+03 2.926377e+03 
1.622929e-01 3.476807e+03 2.781113e+03 
1.673333e-01 3.342411e+03 2.645686e+03 
1.723737e-01 3.220866e+03 2.519264e+03 
1.774141e-01 3.103947e+03 2.401102e+03 
1.824545e-01 2.986688e+03 2.290525e+03 
1.874949e-01 2.867153e+03 2.186925e+03 
1.925354e-01 2.745552e+03 2.089751e+03 
1.975758e-01 2.624358e+03 1.998503e+03 
2.026162e-01 2.507689e+03 1.912727e+03 
2.076566e-01 2.399124e+03 1.832012e+03 
2.126970e-01 2.300597e+03 1.755982e+03 
2.177374e-01 2.212162e+03 1.684296e+03 
2.227778e-01 2.132893e+03 1.616640e+03 
2.278182e-01 2.061101e+03 1.552731e+03 
2.328586e-01 1.994331e+03 1.492305e+03 
2.378990e-01 1.930188e+03 1.435123e+03 
2.429394e-01 1.867206e+03 1.380967e+03 
2.479798e-01 1.804857e+03 1.329633e+03 
2.530202e-01 1.743087e+03 1.280935e+03 
2.580606e-01 1.682291e+03 1.234703e+03 
2.631010e-01 1.623410e+03 1.190779e+03 
2.681414e-01 1.567592e+03 1.149017e+03 
2.731818e-01 1.515552e+03 1.109282e+03 
2.782222e-01 1.467249e+03 1.071449e+03 
2.832626e-01 1.422196e+03 1.035404e+03 
2.883030e-01 1.379929e+03 1.001038e+03 
2.933434e-01 1.339995e+03 9.682537e+02 
2.983838e-01 1.301801e+03 9.369577e+02 
3.034242e-01 1.264727e+03 9.070645e+02 
3.084646e-01 1.228417e+03 8.784943e+02 
3.135051e-01 1.192892e+03 8.511727e+02 
3.185455e-01 1.158382e+03 8.250304e+02 
3.235859e-01 1.125066e+03 8.000028e+02 
3.286263e-01 1.093028e+03 7.760294e+02 
3.336667e-01 1.062381e+03 7.530537e+02 
3.387071e-01 1.033269e+03 7.310231e+02 
3.437475e-01 1.005668e+03 7.098879e+02 
3.487879e-01 9.794084e+02 6.896020e+02 
3.538283e-01 9.542325e+02 6.701219e+02 
3.588687e-01 9.299424e+02 6.514068e+02 
3.639091e-01 9.064433e+02 6.334185e+02 
3.689495e-01 8.836774e+02 6.161211e+02 
3.739899e-01 8.615761e+02 5.994807e+02 
3.790303e-01 8.400931e+02 5.834655e+02 
3.840707e-01 8.192587e+02 5.680456e+02 
3.891111e-01 7.991415e+02 5.531929e+02 
3.941515e-01 7.797737e+02 5.388807e+02 
3.991919e-01 7.611371e+02 5.250839e+02 
4.042323e-01 7.431878e+02 5.117789e+02 
4.092727e-01 7.258975e+02 4.989432e+02 
4.143131e-01 7.092385e+02 4.865559e+02 
4.193535e-01 6.931467e+02 4.745969e+02 
4.243939e-01 6.775452e+02 4.630472e+02 
4.294343e-01 6.623935e+02 4.518891e+02 
4.344747e-01 6.476829e+02 4.411056e+02 
4.395152e-01 6.334179e+02 4.306805e+02 
4.445556e-01 6.195773e+02 4.205988e+02 
4.495960e-01 6.061456e+02 4.108459e+02 
4.546364e-01 5.931185e+02 4.014082e+02 
4.596768e-01 5.805013e+02 3.922727e+02 
4.647172e-01 5.682934e+02 3.834269e+02 
4.697576e-01 5.564645e+02 3.748592e+02 
4.747980e-01 5.449842e+02 3.665584e+02 
4.798384e-01 5.338444e+02 3.585138e+02 
4.848788e-01 5.230286e+02 3.507154e+02 
4.899192e-01 5.125260e+02 3.431534e+02 
4.949596e-01 5.023099e+02 3.358188e+02 
5.000000e-01 4.923604e+02 3.287029e+02 
