1.000000e-03 6.397732e+03 6.397145e+03 
6.040404e-03 2.875506e+04 2.890028e+04 
1.108081e-02 3.924374e+04 3.927419e+04 
1.612121e-02 4.219144e+04 4.198209e+04 
2.116162e-02 4.032324e+04 3.926135e+04 
2.620202e-02 3.573626e+04 3.368276e+04 
3.124242e-02 3.012483e+04 2.794519e+04 
3.628283e-02 2.471605e+04 2.328824e+04 
4.132323e-02 2.021815e+04 1.976094e+04 
4.636364e-02 1.686825e+04 1.707599e+04 
5.140404e-02 1.466291e+04 1.497335e+04 
5.644444e-02 1.336742e+04 1.327666e+04 
6.148485e-02 1.270531e+04 1.187311e+04 
6.652525e-02 1.239116e+04 1.068963e+04 
7.156566e-02 1.216688e+04 9.677134e+03 
7.660606e-02 1.182287e+04 8.801212e+03 
8.164646e-02 1.122722e+04 8.036750e+03 
8.668687e-02 1.035495e+04 7.364785e+03 
9.172727e-02 9.277420e+03 6.770589e+03 
9.676768e-02 8.123289e+03 6.242467e+03 
1.018081e-01 7.030513e+03 5.770959e+03 
1.068485e-01 6.107936e+03 5.348307e+03 
1.118889e-01 5.412602e+03 4.968073e+03 
1.169293e-01 4.951902e+03 4.624862e+03 
1.219697e-01 4.698217e+03 4.314118e+03 
1.270101e-01 4.602722e+03 4.031966e+03 
1.320505e-01 4.602980e+03 3.775091e+03 
1.370909e-01 4.630764e+03 3.540642e+03 
1.421313e-01 4.623705e+03 3.326154e+03 
1.471717e-01 4.537173e+03 3.129489e+03 
1.522121e-01 4.350565e+03 2.948782e+03 
1.572525e-01 4.068996e+03 2.782405e+03 
1.622929e-01 3.722120e+03 2.628926e+03 
1.673333e-01 3.355023e+03 2.487085e+03 
1.723737e-01 3.012820e+03 2.355772e+03 
1.774141e-01 2.727107e+03 2.234002e+03 
1.824545e-01 2.512799e+03 2.120899e+03 
1.874949e-01 2.371948e+03 2.015686e+03 
1.925354e-01 2.297498e+03 1.917669e+03 
1.975758e-01 2.274430e+03 1.826225e+03 
2.026162e-01 2.280960e+03 1.740799e+03 
2.076566e-01 2.292731e+03 1.660889e+03 
2.126970e-01 2.288318e+03 1.586045e+03 
2.177374e-01 2.253146e+03 1.515862e+03 
2.227778e-01 2.180900e+03 1.449971e+03 
2.278182e-01 2.073853e+03 1.388042e+03 
2.328586e-01 1.942020e+03 1.329771e+03 
2.378990e-01 1.800451e+03 1.274885e+03 
2.429394e-01 1.664655e+03 1.223136e+03 
2.479798e-01 1.546857e+03 1.174295e+03 
2.530202e-01 1.454373e+03 1.128156e+03 
2.580606e-01 1.389621e+03 1.084528e+03 
2.631010e-01 1.350628e+03 1.043240e+03 
2.681414e-01 1.331873e+03 1.004130e+03 
2.731818e-01 1.325488e+03 9.670536e+02 
2.782222e-01 1.322756e+03 9.318761e+02 
2.832626e-01 1.315658e+03 8.984740e+02 
2.883030e-01 1.298165e+03 8.667334e+02 
2.933434e-01 1.267035e+03 8.365492e+02 
2.983838e-01 1.222222e+03 8.078243e+02 
3.034242e-01 1.166789e+03 7.804691e+02 
3.084646e-01 1.105895e+03 7.544004e+02 
3.135051e-01 1.045303e+03 7.295412e+02 
3.185455e-01 9.900438e+02 7.058201e+02 
3.235859e-01 9.435680e+02 6.831708e+02 
3.286263e-01 9.075608e+02 6.615316e+02 
3.336667e-01 8.819903e+02 6.408450e+02 
3.387071e-01 8.653190e+02 6.210578e+02 
3.437475e-01 8.548458e+02 6.021200e+02 
3.487879e-01 8.472102e+02 5.839852e+02 
3.538283e-01 8.391260e+02 5.666099e+02 
3.588687e-01 8.279749e+02 5.499537e+02 
3.639091e-01 8.121943e+02 5.339786e+02 
3.689495e-01 7.912762e+02 5.186490e+02 
3.739899e-01 7.658524e+02 5.039317e+02 
3.790303e-01 7.374244e+02 4.897955e+02 
3.840707e-01 7.080966e+02 4.762111e+02 
3.891111e-01 6.799690e+02 4.631510e+02 
3.941515e-01 6.547082e+02 4.505893e+02 
3.991919e-01 6.333202e+02 4.385019e+02 
4.042323e-01 6.161420e+02 4.268659e+02 
4.092727e-01 6.029072e+02 4.156596e+02 
4.143131e-01 5.927866e+02 4.048629e+02 
4.193535e-01 5.845829e+02 3.944567e+02 
4.243939e-01 5.770053e+02 3.844228e+02 
4.294343e-01 5.688887e+02 3.747443e+02 
4.344747e-01 5.594152e+02 3.654051e+02 
4.395152e-01 5.481315e+02 3.563900e+02 
4.445556e-01 5.350044e+02 3.476846e+02 
4.495960e-01 5.204476e+02 3.392754e+02 
4.546364e-01 5.051512e+02 3.311494e+02 
4.596768e-01 4.899162e+02 3.232944e+02 
4.647172e-01 4.754650e+02 3.156990e+02 
4.697576e-01 4.623395e+02 3.083520e+02 
4.747980e-01 4.508726e+02 3.012432e+02 
4.798384e-01 4.411229e+02 2.943627e+02 
4.848788e-01 4.329024e+02 2.877011e+02 
4.899192e-01 4.258193e+02 2.812495e+02 
4.949596e-01 4.193657e+02 2.749993e+02 
5.000000e-01 4.130627e+02 2.689427e+02 
