1.000000e-03 3.236042e+03 3.235740e+03 
6.040404e-03 1.408115e+04 1.413669e+04 
1.108081e-02 1.915796e+04 1.901363e+04 
1.612121e-02 2.093198e+04 2.045144e+04 
2.116162e-02 2.077689e+04 1.991545e+04 
2.620202e-02 1.959078e+04 1.855106e+04 
3.124242e-02 1.799713e+04 1.703688e+04 
3.628283e-02 1.640032e+04 1.560242e+04 
4.132323e-02 1.501392e+04 1.429300e+04 
4.636364e-02 1.389156e+04 1.310789e+04 
5.140404e-02 1.303837e+04 1.203777e+04 
5.644444e-02 1.233095e+04 1.107232e+04 
6.148485e-02 1.168671e+04 1.020148e+04 
6.652525e-02 1.103414e+04 9.415752e+03 
7.156566e-02 1.033332e+04 8.706298e+03 
7.660606e-02 9.588146e+03 8.065023e+03 
8.164646e-02 8.836535e+03 7.484593e+03 
8.668687e-02 8.127110e+03 6.958422e+03 
9.172727e-02 7.495886e+03 6.480634e+03 
9.676768e-02 6.963603e+03 6.046014e+03 
1.018081e-01 6.536383e+03 5.649943e+03 
1.068485e-01 6.202135e+03 5.288337e+03 
1.118889e-01 5.931143e+03 4.957591e+03 
1.169293e-01 5.687632e+03 4.654520e+03 
1.219697e-01 5.444707e+03 4.376309e+03 
1.270101e-01 5.187881e+03 4.120471e+03 
1.320505e-01 4.914328e+03 3.884802e+03 
1.370909e-01 4.630929e+03 3.667347e+03 
1.421313e-01 4.350728e+03 3.466373e+03 
1.471717e-01 4.087791e+03 3.280336e+03 
1.522121e-01 3.852561e+03 3.107862e+03 
1.572525e-01 3.650246e+03 2.947725e+03 
1.622929e-01 3.481409e+03 2.798827e+03 
1.673333e-01 3.341306e+03 2.660187e+03 
1.723737e-01 3.220247e+03 2.530924e+03 
1.774141e-01 3.107764e+03 2.410247e+03 
1.824545e-01 2.996185e+03 2.297442e+03 
1.874949e-01 2.881555e+03 2.191867e+03 
1.925354e-01 2.762793e+03 2.092942e+03 
1.975758e-01 2.641227e+03 2.000142e+03 
2.026162e-01 2.520644e+03 1.912990e+03 
2.076566e-01 2.405874e+03 1.831055e+03 
2.126970e-01 2.300449e+03 1.753944e+03 
2.177374e-01 2.206037e+03 1.681301e+03 
2.227778e-01 2.122518e+03 1.612798e+03 
2.278182e-01 2.048510e+03 1.548139e+03 
2.328586e-01 1.981569e+03 1.487052e+03 
2.378990e-01 1.918936e+03 1.429289e+03 
2.429394e-01 1.858382e+03 1.374620e+03 
2.479798e-01 1.798397e+03 1.322837e+03 
2.530202e-01 1.738142e+03 1.273746e+03 
2.580606e-01 1.677645e+03 1.227172e+03 
2.631010e-01 1.617933e+03 1.182951e+03 
2.681414e-01 1.560431e+03 1.140933e+03 
2.731818e-01 1.506266e+03 1.100978e+03 
2.782222e-01 1.455856e+03 1.062958e+03 
2.832626e-01 1.409198e+03 1.026756e+03 
2.883030e-01 1.366096e+03 9.922596e+02 
2.933434e-01 1.326063e+03 9.593681e+02 
2.983838e-01 1.288329e+03 9.279866e+02 
3.034242e-01 1.252049e+03 8.980272e+02 
3.084646e-01 1.216615e+03 8.694081e+02 
3.135051e-01 1.181820e+03 8.420531e+02 
3.185455e-01 1.147695e+03 8.158915e+02 
3.235859e-01 1.114330e+03 7.908570e+02 
3.286263e-01 1.081905e+03 7.668879e+02 
3.336667e-01 1.050716e+03 7.439267e+02 
3.387071e-01 1.021039e+03 7.219194e+02 
3.437475e-01 9.929687e+02 7.008157e+02 
3.487879e-01 9.664066e+02 6.805685e+02 
3.538283e-01 9.411597e+02 6.611334e+02 
3.588687e-01 9.170514e+02 6.424690e+02 
3.639091e-01 8.938893e+02 6.245365e+02 
3.689495e-01 8.714761e+02 6.072992e+02 
3.739899e-01 8.496657e+02 5.907230e+02 
3.790303e-01 8.284010e+02 5.747754e+02 
3.840707e-01 8.077142e+02 5.594262e+02 
3.891111e-01 7.876484e+02 5.446468e+02 
3.941515e-01 7.682153e+02 5.304101e+02 
3.991919e-01 7.494580e+02 5.166908e+02 
4.042323e-01 7.314267e+02 5.034649e+02 
4.092727e-01 7.141281e+02 4.907098e+02 
4.143131e-01 6.975200e+02 4.784041e+02 
4.193535e-01 6.815148e+02 4.665277e+02 
4.243939e-01 6.660422e+02 4.550614e+02 
4.294343e-01 6.510666e+02 4.439872e+02 
4.344747e-01 6.365549e+02 4.332879e+02 
4.395152e-01 6.224573e+02 4.229474e+02 
4.445556e-01 6.087299e+02 4.129503e+02 
4.495960e-01 5.953743e+02 4.032821e+02 
4.546364e-01 5.824317e+02 3.939289e+02 
4.596768e-01 5.698949e+02 3.848777e+02 
4.647172e-01 5.577338e+02 3.761160e+02 
4.697576e-01 5.459466e+02 3.676319e+02 
4.747980e-01 5.345378e+02 3.594143e+02 
4.798384e-01 5.235018e+02 3.514524e+02 
4.848788e-01 5.128087e+02 3.437360e+02 
4.899192e-01 5.024154e+02 3.362556e+02 
4.949596e-01 4.923041e+02 3.290019e+02 
5.000000e-01 4.824724e+02 3.219661e+02 
