1.000000e-03 3.293529e+03 3.293238e+03 
6.040404e-03 1.468526e+04 1.475002e+04 
1.108081e-02 2.024030e+04 2.014485e+04 
1.612121e-02 2.224514e+04 2.185953e+04 
2.116162e-02 2.206557e+04 2.126183e+04 
2.620202e-02 2.065917e+04 1.959519e+04 
3.124242e-02 1.874053e+04 1.775673e+04 
3.628283e-02 1.680196e+04 1.607923e+04 
4.132323e-02 1.512630e+04 1.460855e+04 
4.636364e-02 1.381144e+04 1.331920e+04 
5.140404e-02 1.285671e+04 1.218097e+04 
5.644444e-02 1.216392e+04 1.116993e+04 
6.148485e-02 1.160637e+04 1.026777e+04 
6.652525e-02 1.108118e+04 9.459983e+03 
7.156566e-02 1.050068e+04 8.734675e+03 
7.660606e-02 9.828216e+03 8.081808e+03 
8.164646e-02 9.081407e+03 7.492790e+03 
8.668687e-02 8.313626e+03 6.960196e+03 
9.172727e-02 7.582727e+03 6.477575e+03 
9.676768e-02 6.934750e+03 6.039308e+03 
1.018081e-01 6.401041e+03 5.640487e+03 
1.068485e-01 5.993264e+03 5.276820e+03 
1.118889e-01 5.697812e+03 4.944544e+03 
1.169293e-01 5.480590e+03 4.640357e+03 
1.219697e-01 5.301047e+03 4.361355e+03 
1.270101e-01 5.124490e+03 4.104979e+03 
1.320505e-01 4.927180e+03 3.868973e+03 
1.370909e-01 4.697990e+03 3.651341e+03 
1.421313e-01 4.439003e+03 3.450315e+03 
1.471717e-01 4.163211e+03 3.264325e+03 
1.522121e-01 3.889050e+03 3.091976e+03 
1.572525e-01 3.634898e+03 2.932024e+03 
1.622929e-01 3.414416e+03 2.783359e+03 
1.673333e-01 3.234830e+03 2.644989e+03 
1.723737e-01 3.094948e+03 2.516022e+03 
1.774141e-01 2.986747e+03 2.395662e+03 
1.824545e-01 2.898536e+03 2.283188e+03 
1.874949e-01 2.818545e+03 2.177953e+03 
1.925354e-01 2.736827e+03 2.079374e+03 
1.975758e-01 2.646155e+03 1.986922e+03 
2.026162e-01 2.543780e+03 1.900119e+03 
2.076566e-01 2.431857e+03 1.818530e+03 
2.126970e-01 2.316008e+03 1.741762e+03 
2.177374e-01 2.202588e+03 1.669456e+03 
2.227778e-01 2.097076e+03 1.601285e+03 
2.278182e-01 2.003510e+03 1.536952e+03 
2.328586e-01 1.923839e+03 1.476183e+03 
2.378990e-01 1.857452e+03 1.418730e+03 
2.429394e-01 1.801623e+03 1.364364e+03 
2.479798e-01 1.752683e+03 1.312875e+03 
2.530202e-01 1.706918e+03 1.264071e+03 
2.580606e-01 1.661057e+03 1.217774e+03 
2.631010e-01 1.612717e+03 1.173823e+03 
2.681414e-01 1.560951e+03 1.132066e+03 
2.731818e-01 1.506551e+03 1.092365e+03 
2.782222e-01 1.451453e+03 1.054591e+03 
2.832626e-01 1.397685e+03 1.018626e+03 
2.883030e-01 1.346883e+03 9.843597e+02 
2.933434e-01 1.300201e+03 9.516909e+02 
2.983838e-01 1.258341e+03 9.205249e+02 
3.034242e-01 1.221337e+03 8.907739e+02 
3.084646e-01 1.188409e+03 8.623564e+02 
3.135051e-01 1.158243e+03 8.351964e+02 
3.185455e-01 1.129502e+03 8.092233e+02 
3.235859e-01 1.101179e+03 7.843711e+02 
3.286263e-01 1.072642e+03 7.605783e+02 
3.336667e-01 1.043590e+03 7.377876e+02 
3.387071e-01 1.014064e+03 7.159453e+02 
3.437475e-01 9.844509e+02 6.950011e+02 
3.487879e-01 9.554254e+02 6.749081e+02 
3.538283e-01 9.276631e+02 6.556222e+02 
3.588687e-01 9.015832e+02 6.371022e+02 
3.639091e-01 8.773300e+02 6.193093e+02 
3.689495e-01 8.548402e+02 6.022073e+02 
3.739899e-01 8.339310e+02 5.857618e+02 
3.790303e-01 8.143077e+02 5.699408e+02 
3.840707e-01 7.955701e+02 5.547142e+02 
3.891111e-01 7.773263e+02 5.400533e+02 
3.941515e-01 7.592954e+02 5.259315e+02 
3.991919e-01 7.413518e+02 5.123235e+02 
4.042323e-01 7.235419e+02 4.992053e+02 
4.092727e-01 7.059474e+02 4.865546e+02 
4.143131e-01 6.887086e+02 4.743501e+02 
4.193535e-01 6.719984e+02 4.625717e+02 
4.243939e-01 6.559849e+02 4.512004e+02 
4.294343e-01 6.407569e+02 4.402183e+02 
4.344747e-01 6.262962e+02 4.296083e+02 
4.395152e-01 6.125337e+02 4.193544e+02 
4.445556e-01 5.993756e+02 4.094413e+02 
4.495960e-01 5.867185e+02 3.998546e+02 
4.546364e-01 5.744525e+02 3.905805e+02 
4.596768e-01 5.624622e+02 3.816059e+02 
4.647172e-01 5.506767e+02 3.729187e+02 
4.697576e-01 5.390857e+02 3.645069e+02 
4.747980e-01 5.277154e+02 3.563594e+02 
4.798384e-01 5.166041e+02 3.484657e+02 
4.848788e-01 5.057850e+02 3.408156e+02 
4.899192e-01 4.952916e+02 3.333994e+02 
4.949596e-01 4.851570e+02 3.262082e+02 
5.000000e-01 4.754013e+02 3.192331e+02 
