1.000000e-03 2.654512e+03 2.654263e+03 
6.040404e-03 1.170924e+04 1.175292e+04 
1.108081e-02 1.612372e+04 1.597313e+04 
1.612121e-02 1.787116e+04 1.740267e+04 
2.116162e-02 1.805926e+04 1.726793e+04 
2.620202e-02 1.739224e+04 1.644021e+04 
3.124242e-02 1.634712e+04 1.539966e+04 
3.628283e-02 1.522691e+04 1.432967e+04 
4.132323e-02 1.419477e+04 1.329396e+04 
4.636364e-02 1.329765e+04 1.231694e+04 
5.140404e-02 1.254019e+04 1.140811e+04 
5.644444e-02 1.185399e+04 1.056980e+04 
6.148485e-02 1.119678e+04 9.800559e+03 
6.652525e-02 1.053969e+04 9.096849e+03 
7.156566e-02 9.865385e+03 8.454140e+03 
7.660606e-02 9.186206e+03 7.867516e+03 
8.164646e-02 8.536573e+03 7.332050e+03 
8.668687e-02 7.947506e+03 6.843014e+03 
9.172727e-02 7.431165e+03 6.395988e+03 
9.676768e-02 6.987179e+03 5.986905e+03 
1.018081e-01 6.611005e+03 5.612067e+03 
1.068485e-01 6.289796e+03 5.268132e+03 
1.118889e-01 6.001037e+03 4.952096e+03 
1.169293e-01 5.721658e+03 4.661266e+03 
1.219697e-01 5.439827e+03 4.393230e+03 
1.270101e-01 5.155457e+03 4.145832e+03 
1.320505e-01 4.874978e+03 3.917144e+03 
1.370909e-01 4.606438e+03 3.705441e+03 
1.421313e-01 4.356875e+03 3.509179e+03 
1.471717e-01 4.131063e+03 3.326976e+03 
1.522121e-01 3.930640e+03 3.157591e+03 
1.572525e-01 3.754480e+03 2.999911e+03 
1.622929e-01 3.598571e+03 2.852934e+03 
1.673333e-01 3.456526e+03 2.715761e+03 
1.723737e-01 3.321644e+03 2.587577e+03 
1.774141e-01 3.189565e+03 2.467651e+03 
1.824545e-01 3.059293e+03 2.355320e+03 
1.874949e-01 2.931338e+03 2.249982e+03 
1.925354e-01 2.806675e+03 2.151094e+03 
1.975758e-01 2.687167e+03 2.058161e+03 
2.026162e-01 2.575249e+03 1.970735e+03 
2.076566e-01 2.472507e+03 1.888406e+03 
2.126970e-01 2.378630e+03 1.810801e+03 
2.177374e-01 2.292135e+03 1.737580e+03 
2.227778e-01 2.211680e+03 1.668432e+03 
2.278182e-01 2.135974e+03 1.603071e+03 
2.328586e-01 2.063637e+03 1.541236e+03 
2.378990e-01 1.993541e+03 1.482688e+03 
2.429394e-01 1.925248e+03 1.427206e+03 
2.479798e-01 1.859012e+03 1.374587e+03 
2.530202e-01 1.795257e+03 1.324646e+03 
2.580606e-01 1.734243e+03 1.277211e+03 
2.631010e-01 1.676226e+03 1.232121e+03 
2.681414e-01 1.621516e+03 1.189231e+03 
2.731818e-01 1.570172e+03 1.148405e+03 
2.782222e-01 1.521794e+03 1.109518e+03 
2.832626e-01 1.475792e+03 1.072452e+03 
2.883030e-01 1.431755e+03 1.037099e+03 
2.933434e-01 1.389436e+03 1.003360e+03 
2.983838e-01 1.348676e+03 9.711413e+02 
3.034242e-01 1.309321e+03 9.403555e+02 
3.084646e-01 1.271259e+03 9.109219e+02 
3.135051e-01 1.234524e+03 8.827653e+02 
3.185455e-01 1.199258e+03 8.558153e+02 
3.235859e-01 1.165532e+03 8.300063e+02 
3.286263e-01 1.133278e+03 8.052769e+02 
3.336667e-01 1.102391e+03 7.815698e+02 
3.387071e-01 1.072792e+03 7.588312e+02 
3.437475e-01 1.044404e+03 7.370109e+02 
3.487879e-01 1.017131e+03 7.160617e+02 
3.538283e-01 9.908373e+02 6.959394e+02 
3.588687e-01 9.653947e+02 6.766025e+02 
3.639091e-01 9.407769e+02 6.580119e+02 
3.689495e-01 9.170051e+02 6.401311e+02 
3.739899e-01 8.940806e+02 6.229255e+02 
3.790303e-01 8.719671e+02 6.063626e+02 
3.840707e-01 8.506105e+02 5.904119e+02 
3.891111e-01 8.300045e+02 5.750446e+02 
3.941515e-01 8.101416e+02 5.602335e+02 
3.991919e-01 7.909955e+02 5.459529e+02 
4.042323e-01 7.725058e+02 5.321786e+02 
4.092727e-01 7.546071e+02 5.188877e+02 
4.143131e-01 7.372721e+02 5.060587e+02 
4.193535e-01 7.205000e+02 4.936709e+02 
4.243939e-01 7.042665e+02 4.817052e+02 
4.294343e-01 6.885369e+02 4.701431e+02 
4.344747e-01 6.732828e+02 4.589673e+02 
4.395152e-01 6.584949e+02 4.481613e+02 
4.445556e-01 6.441789e+02 4.377095e+02 
4.495960e-01 6.303275e+02 4.275970e+02 
4.546364e-01 6.169001e+02 4.178099e+02 
4.596768e-01 6.038629e+02 4.083347e+02 
4.647172e-01 5.912098e+02 3.991588e+02 
4.697576e-01 5.789458e+02 3.902701e+02 
4.747980e-01 5.670504e+02 3.816570e+02 
4.798384e-01 5.554864e+02 3.733088e+02 
4.848788e-01 5.442442e+02 3.652149e+02 
4.899192e-01 5.333218e+02 3.573656e+02 
4.949596e-01 5.227155e+02 3.497512e+02 
5.000000e-01 5.124142e+02 3.423630e+02 
