1.000000e-03 4.133641e+03 4.133255e+03 
6.040404e-03 1.822290e+04 1.830155e+04 
1.108081e-02 2.485104e+04 2.475585e+04 
1.612121e-02 2.696471e+04 2.654464e+04 
2.116162e-02 2.631457e+04 2.535703e+04 
2.620202e-02 2.415109e+04 2.284027e+04 
3.124242e-02 2.141769e+04 2.023686e+04 
3.628283e-02 1.876072e+04 1.798217e+04 
4.132323e-02 1.653922e+04 1.609399e+04 
4.636364e-02 1.485735e+04 1.449922e+04 
5.140404e-02 1.371240e+04 1.313171e+04 
5.644444e-02 1.294042e+04 1.194417e+04 
6.148485e-02 1.237837e+04 1.090324e+04 
6.652525e-02 1.186731e+04 9.984547e+03 
7.156566e-02 1.128227e+04 9.169444e+03 
7.660606e-02 1.056437e+04 8.443127e+03 
8.164646e-02 9.725901e+03 7.793529e+03 
8.668687e-02 8.830669e+03 7.210630e+03 
9.172727e-02 7.957085e+03 6.685997e+03 
9.676768e-02 7.176299e+03 6.212474e+03 
1.018081e-01 6.539463e+03 5.783944e+03 
1.068485e-01 6.066664e+03 5.395152e+03 
1.118889e-01 5.743128e+03 5.041561e+03 
1.169293e-01 5.528788e+03 4.719242e+03 
1.219697e-01 5.374428e+03 4.424781e+03 
1.270101e-01 5.233562e+03 4.155199e+03 
1.320505e-01 5.068302e+03 3.907894e+03 
1.370909e-01 4.855876e+03 3.680580e+03 
1.421313e-01 4.593199e+03 3.471250e+03 
1.471717e-01 4.294798e+03 3.278133e+03 
1.522121e-01 3.984530e+03 3.099665e+03 
1.572525e-01 3.688219e+03 2.934460e+03 
1.622929e-01 3.428320e+03 2.781287e+03 
1.673333e-01 3.218741e+03 2.639049e+03 
1.723737e-01 3.061826e+03 2.506771e+03 
1.774141e-01 2.949744e+03 2.383578e+03 
1.824545e-01 2.868976e+03 2.268687e+03 
1.874949e-01 2.804170e+03 2.161397e+03 
1.925354e-01 2.740403e+03 2.061076e+03 
1.975758e-01 2.665436e+03 1.967155e+03 
2.026162e-01 2.572587e+03 1.879120e+03 
2.076566e-01 2.462026e+03 1.796507e+03 
2.126970e-01 2.339474e+03 1.718895e+03 
2.177374e-01 2.213538e+03 1.645902e+03 
2.227778e-01 2.092976e+03 1.577183e+03 
2.278182e-01 1.985049e+03 1.512420e+03 
2.328586e-01 1.894137e+03 1.451327e+03 
2.378990e-01 1.821179e+03 1.393641e+03 
2.429394e-01 1.764141e+03 1.339121e+03 
2.479798e-01 1.718935e+03 1.287548e+03 
2.530202e-01 1.680181e+03 1.238721e+03 
2.580606e-01 1.642324e+03 1.192453e+03 
2.631010e-01 1.600961e+03 1.148577e+03 
2.681414e-01 1.553926e+03 1.106934e+03 
2.731818e-01 1.501340e+03 1.067381e+03 
2.782222e-01 1.444887e+03 1.029784e+03 
2.832626e-01 1.387018e+03 9.940223e+02 
2.883030e-01 1.330613e+03 9.599807e+02 
2.933434e-01 1.278382e+03 9.275547e+02 
2.983838e-01 1.232186e+03 8.966469e+02 
3.034242e-01 1.192618e+03 8.671670e+02 
3.084646e-01 1.159044e+03 8.390312e+02 
3.135051e-01 1.130094e+03 8.121618e+02 
3.185455e-01 1.104078e+03 7.864862e+02 
3.235859e-01 1.079233e+03 7.619370e+02 
3.286263e-01 1.053990e+03 7.384514e+02 
3.336667e-01 1.027304e+03 7.159708e+02 
3.387071e-01 9.989325e+02 6.944405e+02 
3.437475e-01 9.693168e+02 6.738094e+02 
3.487879e-01 9.392966e+02 6.540296e+02 
3.538283e-01 9.098093e+02 6.350564e+02 
3.588687e-01 8.817176e+02 6.168480e+02 
3.639091e-01 8.557302e+02 5.993651e+02 
3.689495e-01 8.321783e+02 5.825709e+02 
3.739899e-01 8.110086e+02 5.664308e+02 
3.790303e-01 7.918310e+02 5.509123e+02 
3.840707e-01 7.741007e+02 5.359850e+02 
3.891111e-01 7.572283e+02 5.216201e+02 
3.941515e-01 7.406573e+02 5.077906e+02 
3.991919e-01 7.239647e+02 4.944711e+02 
4.042323e-01 7.069437e+02 4.816375e+02 
4.092727e-01 6.896352e+02 4.692674e+02 
4.143131e-01 6.722877e+02 4.573392e+02 
4.193535e-01 6.552001e+02 4.458329e+02 
4.243939e-01 6.386344e+02 4.347294e+02 
4.294343e-01 6.228296e+02 4.240108e+02 
4.344747e-01 6.079612e+02 4.136600e+02 
4.395152e-01 5.941025e+02 4.036608e+02 
4.445556e-01 5.811517e+02 3.939981e+02 
4.495960e-01 5.689323e+02 3.846574e+02 
4.546364e-01 5.572249e+02 3.756249e+02 
4.596768e-01 5.458758e+02 3.668877e+02 
4.647172e-01 5.347184e+02 3.584335e+02 
4.697576e-01 5.236431e+02 3.502505e+02 
4.747980e-01 5.125964e+02 3.423276e+02 
4.798384e-01 5.016087e+02 3.346543e+02 
4.848788e-01 4.907892e+02 3.272205e+02 
4.899192e-01 4.802450e+02 3.200167e+02 
4.949596e-01 4.700418e+02 3.130338e+02 
5.000000e-01 4.602246e+02 3.062630e+02 
