1.000000e-03 3.948091e+03 3.947726e+03 
6.040404e-03 1.776505e+04 1.792404e+04 
1.108081e-02 2.439318e+04 2.464603e+04 
1.612121e-02 2.657877e+04 2.734723e+04 
2.116162e-02 2.601567e+04 2.790694e+04 
2.620202e-02 2.393231e+04 2.736058e+04 
3.124242e-02 2.126401e+04 2.626071e+04 
3.628283e-02 1.865605e+04 2.490255e+04 
4.132323e-02 1.646990e+04 2.344859e+04 
4.636364e-02 1.481335e+04 2.198939e+04 
5.140404e-02 1.368695e+04 2.057471e+04 
5.644444e-02 1.292942e+04 1.923060e+04 
6.148485e-02 1.237928e+04 1.796917e+04 
6.652525e-02 1.187831e+04 1.679441e+04 
7.156566e-02 1.130171e+04 1.570557e+04 
7.660606e-02 1.059042e+04 1.469928e+04 
8.164646e-02 9.756687e+03 1.377077e+04 
8.668687e-02 8.864447e+03 1.291467e+04 
9.172727e-02 7.992491e+03 1.212545e+04 
9.676768e-02 7.212488e+03 1.139766e+04 
1.018081e-01 6.576134e+03 1.072613e+04 
1.068485e-01 6.103953e+03 1.010601e+04 
1.118889e-01 5.781388e+03 9.532824e+03 
1.169293e-01 5.568349e+03 9.002461e+03 
1.219697e-01 5.415431e+03 8.511169e+03 
1.270101e-01 5.275875e+03 8.055540e+03 
1.320505e-01 5.111501e+03 7.632481e+03 
1.370909e-01 4.899318e+03 7.239193e+03 
1.421313e-01 4.636165e+03 6.873140e+03 
1.471717e-01 4.336666e+03 6.532030e+03 
1.522121e-01 4.024894e+03 6.213787e+03 
1.572525e-01 3.726944e+03 5.916533e+03 
1.622929e-01 3.465544e+03 5.638564e+03 
1.673333e-01 3.254809e+03 5.378339e+03 
1.723737e-01 3.097169e+03 5.134457e+03 
1.774141e-01 2.984761e+03 4.905647e+03 
1.824545e-01 2.903950e+03 4.690752e+03 
1.874949e-01 2.839225e+03 4.488720e+03 
1.925354e-01 2.775491e+03 4.298590e+03 
1.975758e-01 2.700349e+03 4.119490e+03 
2.026162e-01 2.607024e+03 3.950618e+03 
2.076566e-01 2.495675e+03 3.791245e+03 
2.126970e-01 2.372090e+03 3.640701e+03 
2.177374e-01 2.244991e+03 3.498373e+03 
2.227778e-01 2.123264e+03 3.363697e+03 
2.278182e-01 2.014284e+03 3.236158e+03 
2.328586e-01 1.922508e+03 3.115280e+03 
2.378990e-01 1.848904e+03 3.000625e+03 
2.429394e-01 1.791422e+03 2.891789e+03 
2.479798e-01 1.745921e+03 2.788400e+03 
2.530202e-01 1.706946e+03 2.690115e+03 
2.580606e-01 1.668858e+03 2.596615e+03 
2.631010e-01 1.627183e+03 2.507607e+03 
2.681414e-01 1.579716e+03 2.422817e+03 
2.731818e-01 1.526579e+03 2.341994e+03 
2.782222e-01 1.469480e+03 2.264901e+03 
2.832626e-01 1.410913e+03 2.191322e+03 
2.883030e-01 1.353806e+03 2.121054e+03 
2.933434e-01 1.300919e+03 2.053908e+03 
2.983838e-01 1.254150e+03 1.989708e+03 
3.034242e-01 1.214107e+03 1.928290e+03 
3.084646e-01 1.180148e+03 1.869502e+03 
3.135051e-01 1.150882e+03 1.813200e+03 
3.185455e-01 1.124590e+03 1.759252e+03 
3.235859e-01 1.099479e+03 1.707531e+03 
3.286263e-01 1.073950e+03 1.657923e+03 
3.336667e-01 1.046938e+03 1.610316e+03 
3.387071e-01 1.018198e+03 1.564608e+03 
3.437475e-01 9.881761e+02 1.520703e+03 
3.487879e-01 9.577296e+02 1.478511e+03 
3.538283e-01 9.278144e+02 1.437946e+03 
3.588687e-01 8.993107e+02 1.398929e+03 
3.639091e-01 8.729426e+02 1.361385e+03 
3.689495e-01 8.490492e+02 1.325242e+03 
3.739899e-01 8.275775e+02 1.290435e+03 
3.790303e-01 8.081306e+02 1.256899e+03 
3.840707e-01 7.901536e+02 1.224577e+03 
3.891111e-01 7.730454e+02 1.193412e+03 
3.941515e-01 7.562385e+02 1.163352e+03 
3.991919e-01 7.393012e+02 1.134346e+03 
4.042323e-01 7.220223e+02 1.106347e+03 
4.092727e-01 7.044436e+02 1.079311e+03 
4.143131e-01 6.868189e+02 1.053196e+03 
4.193535e-01 6.694537e+02 1.027961e+03 
4.243939e-01 6.526160e+02 1.003569e+03 
4.294343e-01 6.365504e+02 9.799832e+02 
4.344747e-01 6.214366e+02 9.571704e+02 
4.395152e-01 6.073501e+02 9.350980e+02 
4.445556e-01 5.941874e+02 9.137353e+02 
4.495960e-01 5.817684e+02 8.930532e+02 
4.546364e-01 5.698689e+02 8.730240e+02 
4.596768e-01 5.583320e+02 8.536213e+02 
4.647172e-01 5.469878e+02 8.348202e+02 
4.697576e-01 5.357238e+02 8.165967e+02 
4.747980e-01 5.244858e+02 7.989282e+02 
4.798384e-01 5.133047e+02 7.817932e+02 
4.848788e-01 5.022925e+02 7.651709e+02 
4.899192e-01 4.915589e+02 7.490419e+02 
4.949596e-01 4.811712e+02 7.333874e+02 
5.000000e-01 4.711758e+02 7.181895e+02 
