1.000000e-03 4.638695e+03 4.638266e+03 
6.040404e-03 2.124061e+04 2.134210e+04 
1.108081e-02 2.937218e+04 2.933517e+04 
1.612121e-02 3.204783e+04 3.174076e+04 
2.116162e-02 3.121151e+04 3.025939e+04 
2.620202e-02 2.834818e+04 2.675997e+04 
3.124242e-02 2.464957e+04 2.304261e+04 
3.628283e-02 2.098400e+04 1.990365e+04 
4.132323e-02 1.786954e+04 1.740561e+04 
4.636364e-02 1.549552e+04 1.540584e+04 
5.140404e-02 1.389144e+04 1.376761e+04 
5.644444e-02 1.289689e+04 1.239494e+04 
6.148485e-02 1.231251e+04 1.122410e+04 
6.652525e-02 1.193520e+04 1.021200e+04 
7.156566e-02 1.157135e+04 9.328320e+03 
7.660606e-02 1.108239e+04 8.550803e+03 
8.164646e-02 1.040230e+04 7.862465e+03 
8.668687e-02 9.546209e+03 7.249956e+03 
9.172727e-02 8.587245e+03 6.702529e+03 
9.676768e-02 7.623533e+03 6.211378e+03 
1.018081e-01 6.750397e+03 5.769189e+03 
1.068485e-01 6.037797e+03 5.369817e+03 
1.118889e-01 5.515527e+03 5.008059e+03 
1.169293e-01 5.174637e+03 4.679478e+03 
1.219697e-01 4.980113e+03 4.380265e+03 
1.270101e-01 4.883824e+03 4.107138e+03 
1.320505e-01 4.832091e+03 3.857251e+03 
1.370909e-01 4.772109e+03 3.628130e+03 
1.421313e-01 4.662221e+03 3.417616e+03 
1.471717e-01 4.481177e+03 3.223815e+03 
1.522121e-01 4.229881e+03 3.045066e+03 
1.572525e-01 3.927173e+03 2.879901e+03 
1.622929e-01 3.603233e+03 2.727027e+03 
1.673333e-01 3.292072e+03 2.585294e+03 
1.723737e-01 3.022475e+03 2.453682e+03 
1.774141e-01 2.810976e+03 2.331283e+03 
1.824545e-01 2.660698e+03 2.217285e+03 
1.874949e-01 2.565228e+03 2.110963e+03 
1.925354e-01 2.512044e+03 2.011664e+03 
1.975758e-01 2.484408e+03 1.918805e+03 
2.026162e-01 2.463316e+03 1.831858e+03 
2.076566e-01 2.431198e+03 1.750349e+03 
2.126970e-01 2.376009e+03 1.673848e+03 
2.177374e-01 2.293393e+03 1.601966e+03 
2.227778e-01 2.186308e+03 1.534351e+03 
2.278182e-01 2.063053e+03 1.470682e+03 
2.328586e-01 1.934787e+03 1.410669e+03 
2.378990e-01 1.812866e+03 1.354044e+03 
2.429394e-01 1.706407e+03 1.300567e+03 
2.479798e-01 1.620854e+03 1.250015e+03 
2.530202e-01 1.557682e+03 1.202186e+03 
2.580606e-01 1.514667e+03 1.156893e+03 
2.631010e-01 1.486713e+03 1.113967e+03 
2.681414e-01 1.467054e+03 1.073249e+03 
2.731818e-01 1.448717e+03 1.034596e+03 
2.782222e-01 1.425940e+03 9.978755e+02 
2.832626e-01 1.394918e+03 9.629639e+02 
2.883030e-01 1.354115e+03 9.297483e+02 
2.933434e-01 1.304434e+03 8.981239e+02 
2.983838e-01 1.248844e+03 8.679939e+02 
3.034242e-01 1.191519e+03 8.392683e+02 
3.084646e-01 1.136649e+03 8.118640e+02 
3.135051e-01 1.087540e+03 7.857037e+02 
3.185455e-01 1.046211e+03 7.607153e+02 
3.235859e-01 1.013275e+03 7.368321e+02 
3.286263e-01 9.880463e+02 7.139919e+02 
3.336667e-01 9.687530e+02 6.921366e+02 
3.387071e-01 9.529380e+02 6.712122e+02 
3.437475e-01 9.380301e+02 6.511680e+02 
3.487879e-01 9.218539e+02 6.319570e+02 
3.538283e-01 9.029185e+02 6.135349e+02 
3.588687e-01 8.805787e+02 5.958604e+02 
3.639091e-01 8.551029e+02 5.788949e+02 
3.689495e-01 8.274853e+02 5.626021e+02 
3.739899e-01 7.991607e+02 5.469479e+02 
3.790303e-01 7.716271e+02 5.319004e+02 
3.840707e-01 7.461108e+02 5.174296e+02 
3.891111e-01 7.234739e+02 5.035073e+02 
3.941515e-01 7.041083e+02 4.901069e+02 
3.991919e-01 6.878604e+02 4.772035e+02 
4.042323e-01 6.741312e+02 4.647735e+02 
4.092727e-01 6.620298e+02 4.527948e+02 
4.143131e-01 6.506065e+02 4.412463e+02 
4.193535e-01 6.390331e+02 4.301084e+02 
4.243939e-01 6.267242e+02 4.193625e+02 
4.294343e-01 6.133717e+02 4.089908e+02 
4.344747e-01 5.989529e+02 3.989768e+02 
4.395152e-01 5.837274e+02 3.893046e+02 
4.445556e-01 5.681906e+02 3.799593e+02 
4.495960e-01 5.529206e+02 3.709269e+02 
4.546364e-01 5.383987e+02 3.621939e+02 
4.596768e-01 5.249524e+02 3.537477e+02 
4.647172e-01 5.127677e+02 3.455761e+02 
4.697576e-01 5.018722e+02 3.376678e+02 
4.747980e-01 4.921124e+02 3.300119e+02 
4.798384e-01 4.831843e+02 3.225982e+02 
4.848788e-01 4.747260e+02 3.154167e+02 
4.899192e-01 4.664025e+02 3.084583e+02 
4.949596e-01 4.579743e+02 3.017140e+02 
5.000000e-01 4.492917e+02 2.951753e+02 
