1.000000e-03 2.737849e+03 2.737593e+03 
6.040404e-03 1.208496e+04 1.213052e+04 
1.108081e-02 1.654947e+04 1.639429e+04 
1.612121e-02 1.823822e+04 1.775718e+04 
2.116162e-02 1.832719e+04 1.751970e+04 
2.620202e-02 1.755687e+04 1.659594e+04 
3.124242e-02 1.642259e+04 1.547949e+04 
3.628283e-02 1.523556e+04 1.435224e+04 
4.132323e-02 1.415814e+04 1.327376e+04 
4.636364e-02 1.323354e+04 1.226498e+04 
5.140404e-02 1.245858e+04 1.133272e+04 
5.644444e-02 1.176227e+04 1.047738e+04 
6.148485e-02 1.109545e+04 9.695985e+03 
6.652525e-02 1.042522e+04 8.983884e+03 
7.156566e-02 9.738716e+03 8.335671e+03 
7.660606e-02 9.051737e+03 7.745763e+03 
8.164646e-02 8.397717e+03 7.208716e+03 
8.668687e-02 7.805802e+03 6.719401e+03 
9.172727e-02 7.288301e+03 6.273084e+03 
9.676768e-02 6.846902e+03 5.865457e+03 
1.018081e-01 6.476674e+03 5.492631e+03 
1.068485e-01 6.161448e+03 5.151115e+03 
1.118889e-01 5.876191e+03 4.837790e+03 
1.169293e-01 5.598467e+03 4.549871e+03 
1.219697e-01 5.318370e+03 4.284877e+03 
1.270101e-01 5.036085e+03 4.040595e+03 
1.320505e-01 4.757354e+03 3.815054e+03 
1.370909e-01 4.490340e+03 3.606498e+03 
1.421313e-01 4.243174e+03 3.413355e+03 
1.471717e-01 4.021174e+03 3.234225e+03 
1.522121e-01 3.825011e+03 3.067853e+03 
1.572525e-01 3.652886e+03 2.913115e+03 
1.622929e-01 3.500588e+03 2.769002e+03 
1.673333e-01 3.361788e+03 2.634608e+03 
1.723737e-01 3.229825e+03 2.509117e+03 
1.774141e-01 3.100234e+03 2.391795e+03 
1.824545e-01 2.972046e+03 2.281977e+03 
1.874949e-01 2.845831e+03 2.179064e+03 
1.925354e-01 2.723148e+03 2.082513e+03 
1.975758e-01 2.606094e+03 1.991830e+03 
2.026162e-01 2.496819e+03 1.906570e+03 
2.076566e-01 2.396617e+03 1.826324e+03 
2.126970e-01 2.305065e+03 1.750722e+03 
2.177374e-01 2.220975e+03 1.679427e+03 
2.227778e-01 2.142877e+03 1.612130e+03 
2.278182e-01 2.069213e+03 1.548547e+03 
2.328586e-01 1.998529e+03 1.488422e+03 
2.378990e-01 1.929934e+03 1.431517e+03 
2.429394e-01 1.863326e+03 1.377614e+03 
2.479798e-01 1.798846e+03 1.326513e+03 
2.530202e-01 1.736601e+03 1.278031e+03 
2.580606e-01 1.676974e+03 1.231998e+03 
2.631010e-01 1.620520e+03 1.188257e+03 
2.681414e-01 1.567557e+03 1.146664e+03 
2.731818e-01 1.517857e+03 1.107085e+03 
2.782222e-01 1.470816e+03 1.069397e+03 
2.832626e-01 1.426035e+03 1.033486e+03 
2.883030e-01 1.383272e+03 9.992453e+02 
2.933434e-01 1.342271e+03 9.665763e+02 
2.983838e-01 1.302700e+03 9.353876e+02 
3.034242e-01 1.264350e+03 9.055942e+02 
3.084646e-01 1.227296e+03 8.771168e+02 
3.135051e-01 1.191678e+03 8.498816e+02 
3.185455e-01 1.157555e+03 8.238199e+02 
3.235859e-01 1.124850e+03 7.988673e+02 
3.286263e-01 1.093524e+03 7.749639e+02 
3.336667e-01 1.063581e+03 7.520537e+02 
3.387071e-01 1.034962e+03 7.300841e+02 
3.437475e-01 1.007524e+03 7.090061e+02 
3.487879e-01 9.810740e+02 6.887735e+02 
3.538283e-01 9.555294e+02 6.693434e+02 
3.588687e-01 9.308694e+02 6.506751e+02 
3.639091e-01 9.070638e+02 6.327306e+02 
3.689495e-01 8.840677e+02 6.154743e+02 
3.739899e-01 8.618477e+02 5.988724e+02 
3.790303e-01 8.404016e+02 5.828934e+02 
3.840707e-01 8.197555e+02 5.675075e+02 
3.891111e-01 7.998608e+02 5.526866e+02 
3.941515e-01 7.806610e+02 5.384044e+02 
3.991919e-01 7.621184e+02 5.246357e+02 
4.042323e-01 7.442107e+02 5.113572e+02 
4.092727e-01 7.269264e+02 4.985465e+02 
4.143131e-01 7.101916e+02 4.861826e+02 
4.193535e-01 6.939688e+02 4.742457e+02 
4.243939e-01 6.782477e+02 4.627169e+02 
4.294343e-01 6.630330e+02 4.515784e+02 
4.344747e-01 6.483109e+02 4.408133e+02 
4.395152e-01 6.340395e+02 4.304057e+02 
4.445556e-01 6.202045e+02 4.203405e+02 
4.495960e-01 6.068059e+02 4.106031e+02 
4.546364e-01 5.938365e+02 4.011801e+02 
4.596768e-01 5.812622e+02 3.920584e+02 
4.647172e-01 5.690519e+02 3.832257e+02 
4.697576e-01 5.571987e+02 3.746703e+02 
4.747980e-01 5.456996e+02 3.663811e+02 
4.798384e-01 5.345415e+02 3.583476e+02 
4.848788e-01 5.237037e+02 3.505596e+02 
4.899192e-01 5.131618e+02 3.430075e+02 
4.949596e-01 5.029127e+02 3.356823e+02 
5.000000e-01 4.929641e+02 3.285751e+02 
