1.000000e-03 3.425971e+03 3.425643e+03 
6.040404e-03 1.522303e+04 1.528165e+04 
1.108081e-02 2.077200e+04 2.062696e+04 
1.612121e-02 2.264281e+04 2.214594e+04 
2.116162e-02 2.233797e+04 2.141426e+04 
2.620202e-02 2.087423e+04 1.975694e+04 
3.124242e-02 1.897724e+04 1.798443e+04 
3.628283e-02 1.711973e+04 1.635567e+04 
4.132323e-02 1.554923e+04 1.490365e+04 
4.636364e-02 1.433041e+04 1.361179e+04 
5.140404e-02 1.342921e+04 1.245951e+04 
5.644444e-02 1.272737e+04 1.142922e+04 
6.148485e-02 1.210234e+04 1.050621e+04 
6.652525e-02 1.145789e+04 9.677844e+03 
7.156566e-02 1.074131e+04 8.933134e+03 
7.660606e-02 9.952845e+03 8.262421e+03 
8.164646e-02 9.137096e+03 7.657215e+03 
8.668687e-02 8.354710e+03 7.110049e+03 
9.172727e-02 7.655641e+03 6.614366e+03 
9.676768e-02 7.072531e+03 6.164412e+03 
1.018081e-01 6.617266e+03 5.755139e+03 
1.068485e-01 6.276345e+03 5.382119e+03 
1.118889e-01 6.013993e+03 5.041464e+03 
1.169293e-01 5.787785e+03 4.729759e+03 
1.219697e-01 5.563085e+03 4.443999e+03 
1.270101e-01 5.318000e+03 4.181539e+03 
1.320505e-01 5.044776e+03 3.940042e+03 
1.370909e-01 4.750054e+03 3.717444e+03 
1.421313e-01 4.450161e+03 3.511918e+03 
1.471717e-01 4.163796e+03 3.321842e+03 
1.522121e-01 3.906029e+03 3.145775e+03 
1.572525e-01 3.686415e+03 2.982432e+03 
1.622929e-01 3.508381e+03 2.830670e+03 
1.673333e-01 3.366918e+03 2.689463e+03 
1.723737e-01 3.250450e+03 2.557895e+03 
1.774141e-01 3.145783e+03 2.435144e+03 
1.824545e-01 3.042468e+03 2.320469e+03 
1.874949e-01 2.933931e+03 2.213205e+03 
1.925354e-01 2.817016e+03 2.112752e+03 
1.975758e-01 2.692606e+03 2.018565e+03 
2.026162e-01 2.565567e+03 1.930153e+03 
2.076566e-01 2.442303e+03 1.847072e+03 
2.126970e-01 2.328428e+03 1.768917e+03 
2.177374e-01 2.227103e+03 1.695319e+03 
2.227778e-01 2.139165e+03 1.625945e+03 
2.278182e-01 2.063585e+03 1.560487e+03 
2.328586e-01 1.997620e+03 1.498667e+03 
2.378990e-01 1.937707e+03 1.440230e+03 
2.429394e-01 1.880457e+03 1.384942e+03 
2.479798e-01 1.823079e+03 1.332588e+03 
2.530202e-01 1.763943e+03 1.282972e+03 
2.580606e-01 1.702973e+03 1.235911e+03 
2.631010e-01 1.641403e+03 1.191240e+03 
2.681414e-01 1.581119e+03 1.148805e+03 
2.731818e-01 1.523764e+03 1.108464e+03 
2.782222e-01 1.470366e+03 1.070085e+03 
2.832626e-01 1.421564e+03 1.033549e+03 
2.883030e-01 1.377408e+03 9.987423e+02 
2.933434e-01 1.337287e+03 9.655614e+02 
2.983838e-01 1.300113e+03 9.339098e+02 
3.034242e-01 1.264705e+03 9.036982e+02 
3.084646e-01 1.230191e+03 8.748432e+02 
3.135051e-01 1.196029e+03 8.472674e+02 
3.185455e-01 1.161945e+03 8.208987e+02 
3.235859e-01 1.128015e+03 7.956701e+02 
3.286263e-01 1.094637e+03 7.715187e+02 
3.336667e-01 1.062318e+03 7.483860e+02 
3.387071e-01 1.031521e+03 7.262174e+02 
3.437475e-01 1.002472e+03 7.049618e+02 
3.487879e-01 9.752106e+02 6.845712e+02 
3.538283e-01 9.496538e+02 6.650009e+02 
3.588687e-01 9.255341e+02 6.462088e+02 
3.639091e-01 9.025133e+02 6.281554e+02 
3.689495e-01 8.802863e+02 6.108038e+02 
3.739899e-01 8.586232e+02 5.941193e+02 
3.790303e-01 8.374149e+02 5.780690e+02 
3.840707e-01 8.166109e+02 5.626224e+02 
3.891111e-01 7.962141e+02 5.477503e+02 
3.941515e-01 7.763365e+02 5.334256e+02 
3.991919e-01 7.571244e+02 5.196226e+02 
4.042323e-01 7.386937e+02 5.063170e+02 
4.092727e-01 7.210589e+02 4.934860e+02 
4.143131e-01 7.041739e+02 4.811079e+02 
4.193535e-01 6.879979e+02 4.691623e+02 
4.243939e-01 6.724618e+02 4.576300e+02 
4.294343e-01 6.574983e+02 4.464926e+02 
4.344747e-01 6.429862e+02 4.357330e+02 
4.395152e-01 6.288233e+02 4.253347e+02 
4.445556e-01 6.150074e+02 4.152823e+02 
4.495960e-01 6.015551e+02 4.055610e+02 
4.546364e-01 5.884569e+02 3.961569e+02 
4.596768e-01 5.757126e+02 3.870568e+02 
4.647172e-01 5.633308e+02 3.782481e+02 
4.697576e-01 5.513630e+02 3.697189e+02 
4.747980e-01 5.398183e+02 3.614579e+02 
4.798384e-01 5.286607e+02 3.534542e+02 
4.848788e-01 5.178544e+02 3.456977e+02 
4.899192e-01 5.073835e+02 3.381785e+02 
4.949596e-01 4.972233e+02 3.308874e+02 
5.000000e-01 4.873534e+02 3.238156e+02 
