1.000000e-03 3.798022e+03 3.797664e+03 
6.040404e-03 1.664435e+04 1.671342e+04 
1.108081e-02 2.259781e+04 2.247328e+04 
1.612121e-02 2.450215e+04 2.403510e+04 
2.116162e-02 2.399664e+04 2.305964e+04 
2.620202e-02 2.220273e+04 2.101649e+04 
3.124242e-02 1.993386e+04 1.888683e+04 
3.628283e-02 1.773062e+04 1.699142e+04 
4.132323e-02 1.588352e+04 1.535265e+04 
4.636364e-02 1.447137e+04 1.392997e+04 
5.140404e-02 1.347068e+04 1.268415e+04 
5.644444e-02 1.274555e+04 1.158539e+04 
6.148485e-02 1.215281e+04 1.061123e+04 
6.652525e-02 1.156478e+04 9.744048e+03 
7.156566e-02 1.090146e+04 8.969525e+03 
7.660606e-02 1.013797e+04 8.275728e+03 
8.164646e-02 9.305570e+03 7.652553e+03 
8.668687e-02 8.467882e+03 7.091366e+03 
9.172727e-02 7.690093e+03 6.584743e+03 
9.676768e-02 7.022728e+03 6.126276e+03 
1.018081e-01 6.494204e+03 5.710416e+03 
1.068485e-01 6.104578e+03 5.332348e+03 
1.118889e-01 5.826249e+03 4.987879e+03 
1.169293e-01 5.616482e+03 4.673354e+03 
1.219697e-01 5.431945e+03 4.385577e+03 
1.270101e-01 5.237590e+03 4.121747e+03 
1.320505e-01 5.011296e+03 3.879407e+03 
1.370909e-01 4.747493e+03 3.656390e+03 
1.421313e-01 4.456737e+03 3.450788e+03 
1.471717e-01 4.158675e+03 3.260913e+03 
1.522121e-01 3.873799e+03 3.085270e+03 
1.572525e-01 3.619485e+03 2.922529e+03 
1.622929e-01 3.407974e+03 2.771509e+03 
1.673333e-01 3.242630e+03 2.631157e+03 
1.723737e-01 3.116916e+03 2.500529e+03 
1.774141e-01 3.017879e+03 2.378783e+03 
1.824545e-01 2.931846e+03 2.265163e+03 
1.874949e-01 2.847166e+03 2.158988e+03 
1.925354e-01 2.755098e+03 2.059645e+03 
1.975758e-01 2.650690e+03 1.966583e+03 
2.026162e-01 2.534365e+03 1.879303e+03 
2.076566e-01 2.411551e+03 1.797352e+03 
2.126970e-01 2.289734e+03 1.720320e+03 
2.177374e-01 2.175683e+03 1.647836e+03 
2.227778e-01 2.073963e+03 1.579562e+03 
2.278182e-01 1.986871e+03 1.515188e+03 
2.328586e-01 1.914345e+03 1.454434e+03 
2.378990e-01 1.853965e+03 1.397042e+03 
2.429394e-01 1.801899e+03 1.342778e+03 
2.479798e-01 1.753774e+03 1.291426e+03 
2.530202e-01 1.705668e+03 1.242787e+03 
2.580606e-01 1.654926e+03 1.196682e+03 
2.631010e-01 1.600658e+03 1.152943e+03 
2.681414e-01 1.543703e+03 1.111415e+03 
2.731818e-01 1.485881e+03 1.071958e+03 
2.782222e-01 1.429263e+03 1.034440e+03 
2.832626e-01 1.375807e+03 9.987412e+02 
2.883030e-01 1.326940e+03 9.647490e+02 
2.933434e-01 1.283354e+03 9.323601e+02 
2.983838e-01 1.244839e+03 9.014785e+02 
3.034242e-01 1.210463e+03 8.720151e+02 
3.084646e-01 1.178943e+03 8.438872e+02 
3.135051e-01 1.148936e+03 8.170180e+02 
3.185455e-01 1.119329e+03 7.913358e+02 
3.235859e-01 1.089357e+03 7.667740e+02 
3.286263e-01 1.058767e+03 7.432705e+02 
3.336667e-01 1.027805e+03 7.207672e+02 
3.387071e-01 9.970009e+02 6.992100e+02 
3.437475e-01 9.669864e+02 6.785484e+02 
3.487879e-01 9.383631e+02 6.587348e+02 
3.538283e-01 9.115588e+02 6.397252e+02 
3.588687e-01 8.867489e+02 6.214778e+02 
3.639091e-01 8.638020e+02 6.039538e+02 
3.689495e-01 8.424096e+02 5.871167e+02 
3.739899e-01 8.221969e+02 5.709322e+02 
3.790303e-01 8.027925e+02 5.553679e+02 
3.840707e-01 7.838516e+02 5.403937e+02 
3.891111e-01 7.651043e+02 5.259811e+02 
3.941515e-01 7.464430e+02 5.121030e+02 
3.991919e-01 7.279294e+02 4.987344e+02 
4.042323e-01 7.097389e+02 4.858513e+02 
4.092727e-01 6.920611e+02 4.734313e+02 
4.143131e-01 6.750298e+02 4.614530e+02 
4.193535e-01 6.587442e+02 4.498965e+02 
4.243939e-01 6.432710e+02 4.387428e+02 
4.294343e-01 6.286018e+02 4.279740e+02 
4.344747e-01 6.146450e+02 4.175732e+02 
4.395152e-01 6.012491e+02 4.075242e+02 
4.445556e-01 5.882875e+02 3.978119e+02 
4.495960e-01 5.756723e+02 3.884218e+02 
4.546364e-01 5.633350e+02 3.793404e+02 
4.596768e-01 5.512214e+02 3.705547e+02 
4.647172e-01 5.393245e+02 3.620523e+02 
4.697576e-01 5.276721e+02 3.538217e+02 
4.747980e-01 5.163275e+02 3.458516e+02 
4.798384e-01 5.053465e+02 3.381315e+02 
4.848788e-01 4.947343e+02 3.306515e+02 
4.899192e-01 4.844990e+02 3.234020e+02 
4.949596e-01 4.746405e+02 3.163739e+02 
5.000000e-01 4.651446e+02 3.095586e+02 
