1.000000e-03 2.809808e+03 2.809542e+03 
6.040404e-03 1.257514e+04 1.262151e+04 
1.108081e-02 1.727578e+04 1.712113e+04 
1.612121e-02 1.903105e+04 1.854517e+04 
2.116162e-02 1.906583e+04 1.823549e+04 
2.620202e-02 1.817516e+04 1.719106e+04 
3.124242e-02 1.690385e+04 1.596603e+04 
3.628283e-02 1.559851e+04 1.475540e+04 
4.132323e-02 1.444024e+04 1.361402e+04 
4.636364e-02 1.346997e+04 1.255666e+04 
5.140404e-02 1.269322e+04 1.158580e+04 
5.644444e-02 1.200503e+04 1.069904e+04 
6.148485e-02 1.135329e+04 9.891599e+03 
6.652525e-02 1.068573e+04 9.157603e+03 
7.156566e-02 9.985652e+03 8.490785e+03 
7.660606e-02 9.268792e+03 7.884931e+03 
8.164646e-02 8.574927e+03 7.334118e+03 
8.668687e-02 7.941229e+03 6.832848e+03 
9.172727e-02 7.388259e+03 6.376092e+03 
9.676768e-02 6.923376e+03 5.959307e+03 
1.018081e-01 6.543757e+03 5.578411e+03 
1.068485e-01 6.230771e+03 5.229757e+03 
1.118889e-01 5.954826e+03 4.910093e+03 
1.169293e-01 5.688307e+03 4.616526e+03 
1.219697e-01 5.415802e+03 4.346482e+03 
1.270101e-01 5.134531e+03 4.097672e+03 
1.320505e-01 4.849412e+03 3.868059e+03 
1.370909e-01 4.570083e+03 3.655828e+03 
1.421313e-01 4.308227e+03 3.459364e+03 
1.471717e-01 4.072007e+03 3.277221e+03 
1.522121e-01 3.864930e+03 3.108111e+03 
1.572525e-01 3.686731e+03 2.950878e+03 
1.622929e-01 3.533343e+03 2.804487e+03 
1.673333e-01 3.397283e+03 2.668008e+03 
1.723737e-01 3.269899e+03 2.540605e+03 
1.774141e-01 3.144577e+03 2.421526e+03 
1.824545e-01 3.018674e+03 2.310091e+03 
1.874949e-01 2.892186e+03 2.205686e+03 
1.925354e-01 2.766545e+03 2.107756e+03 
1.975758e-01 2.644656e+03 2.015798e+03 
2.026162e-01 2.529915e+03 1.929354e+03 
2.076566e-01 2.424644e+03 1.848009e+03 
2.126970e-01 2.329401e+03 1.771386e+03 
2.177374e-01 2.243384e+03 1.699138e+03 
2.227778e-01 2.164974e+03 1.630953e+03 
2.278182e-01 2.092071e+03 1.566541e+03 
2.328586e-01 2.022658e+03 1.505639e+03 
2.378990e-01 1.955181e+03 1.448007e+03 
2.429394e-01 1.889016e+03 1.393422e+03 
2.479798e-01 1.824089e+03 1.341681e+03 
2.530202e-01 1.760549e+03 1.292597e+03 
2.580606e-01 1.699077e+03 1.245996e+03 
2.631010e-01 1.640657e+03 1.201721e+03 
2.681414e-01 1.585932e+03 1.159624e+03 
2.731818e-01 1.534891e+03 1.119570e+03 
2.782222e-01 1.487047e+03 1.081432e+03 
2.832626e-01 1.441951e+03 1.045095e+03 
2.883030e-01 1.399233e+03 1.010451e+03 
2.933434e-01 1.358399e+03 9.774002e+02 
2.983838e-01 1.318915e+03 9.458488e+02 
3.034242e-01 1.280456e+03 9.157108e+02 
3.084646e-01 1.243044e+03 8.869059e+02 
3.135051e-01 1.206870e+03 8.593592e+02 
3.185455e-01 1.172039e+03 8.330007e+02 
3.235859e-01 1.138565e+03 8.077654e+02 
3.286263e-01 1.106535e+03 7.835924e+02 
3.336667e-01 1.076046e+03 7.604249e+02 
3.387071e-01 1.047038e+03 7.382095e+02 
3.437475e-01 1.019342e+03 7.168966e+02 
3.487879e-01 9.927341e+02 6.964395e+02 
3.538283e-01 9.670595e+02 6.767943e+02 
3.588687e-01 9.422669e+02 6.579202e+02 
3.639091e-01 9.182908e+02 6.397784e+02 
3.689495e-01 8.950509e+02 6.223329e+02 
3.739899e-01 8.725296e+02 6.055496e+02 
3.790303e-01 8.507662e+02 5.893963e+02 
3.840707e-01 8.297861e+02 5.738431e+02 
3.891111e-01 8.095789e+02 5.588614e+02 
3.941515e-01 7.900883e+02 5.444245e+02 
3.991919e-01 7.713118e+02 5.305071e+02 
4.042323e-01 7.532270e+02 5.170853e+02 
4.092727e-01 7.357797e+02 5.041367e+02 
4.143131e-01 7.188942e+02 4.916399e+02 
4.193535e-01 7.025115e+02 4.795748e+02 
4.243939e-01 6.866342e+02 4.679224e+02 
4.294343e-01 6.712614e+02 4.566647e+02 
4.344747e-01 6.563650e+02 4.457845e+02 
4.395152e-01 6.419075e+02 4.352658e+02 
4.445556e-01 6.278874e+02 4.250931e+02 
4.495960e-01 6.143161e+02 4.152519e+02 
4.546364e-01 6.011821e+02 4.057285e+02 
4.596768e-01 5.884568e+02 3.965097e+02 
4.647172e-01 5.761108e+02 3.875830e+02 
4.697576e-01 5.641212e+02 3.789367e+02 
4.747980e-01 5.525063e+02 3.705594e+02 
4.798384e-01 5.412330e+02 3.624405e+02 
4.848788e-01 5.302684e+02 3.545698e+02 
4.899192e-01 5.196032e+02 3.469375e+02 
4.949596e-01 5.092384e+02 3.395345e+02 
5.000000e-01 4.991724e+02 3.323519e+02 
