1.000000e-03 3.547838e+03 3.547510e+03 
6.040404e-03 1.579259e+04 1.586065e+04 
1.108081e-02 2.164904e+04 2.154580e+04 
1.612121e-02 2.364393e+04 2.323087e+04 
2.116162e-02 2.328127e+04 2.241153e+04 
2.620202e-02 2.161608e+04 2.046677e+04 
3.124242e-02 1.943491e+04 1.839067e+04 
3.628283e-02 1.727490e+04 1.653734e+04 
4.132323e-02 1.543847e+04 1.494047e+04 
4.636364e-02 1.402172e+04 1.355953e+04 
5.140404e-02 1.301907e+04 1.235340e+04 
5.644444e-02 1.230877e+04 1.129107e+04 
6.148485e-02 1.175559e+04 1.034958e+04 
6.652525e-02 1.123163e+04 9.511346e+03 
7.156566e-02 1.064375e+04 8.762282e+03 
7.660606e-02 9.951923e+03 8.090807e+03 
8.164646e-02 9.174335e+03 7.487185e+03 
8.668687e-02 8.367479e+03 6.943133e+03 
9.172727e-02 7.595961e+03 6.451545e+03 
9.676768e-02 6.913970e+03 6.006296e+03 
1.018081e-01 6.358355e+03 5.602083e+03 
1.068485e-01 5.941037e+03 5.234300e+03 
1.118889e-01 5.645527e+03 4.898938e+03 
1.169293e-01 5.434466e+03 4.592496e+03 
1.219697e-01 5.265111e+03 4.311911e+03 
1.270101e-01 5.099751e+03 4.054498e+03 
1.320505e-01 4.910599e+03 3.817894e+03 
1.370909e-01 4.683703e+03 3.600019e+03 
1.421313e-01 4.421179e+03 3.399037e+03 
1.471717e-01 4.138033e+03 3.213321e+03 
1.522121e-01 3.854746e+03 3.041430e+03 
1.572525e-01 3.591379e+03 2.882083e+03 
1.622929e-01 3.363627e+03 2.734137e+03 
1.673333e-01 3.180110e+03 2.596575e+03 
1.723737e-01 3.040155e+03 2.468485e+03 
1.774141e-01 2.934864e+03 2.349051e+03 
1.824545e-01 2.851378e+03 2.237540e+03 
1.874949e-01 2.776875e+03 2.133294e+03 
1.925354e-01 2.700209e+03 2.035717e+03 
1.975758e-01 2.613280e+03 1.944275e+03 
2.026162e-01 2.512732e+03 1.858482e+03 
2.076566e-01 2.400648e+03 1.777899e+03 
2.126970e-01 2.282957e+03 1.702127e+03 
2.177374e-01 2.166863e+03 1.630805e+03 
2.227778e-01 2.058916e+03 1.563604e+03 
2.278182e-01 1.963685e+03 1.500222e+03 
2.328586e-01 1.883319e+03 1.440386e+03 
2.378990e-01 1.817278e+03 1.383846e+03 
2.429394e-01 1.762904e+03 1.330372e+03 
2.479798e-01 1.716348e+03 1.279753e+03 
2.530202e-01 1.673332e+03 1.231797e+03 
2.580606e-01 1.629864e+03 1.186327e+03 
2.631010e-01 1.583192e+03 1.143179e+03 
2.681414e-01 1.532455e+03 1.102204e+03 
2.731818e-01 1.478587e+03 1.063262e+03 
2.782222e-01 1.423456e+03 1.026226e+03 
2.832626e-01 1.369147e+03 9.909770e+02 
2.883030e-01 1.317641e+03 9.574063e+02 
2.933434e-01 1.270543e+03 9.254123e+02 
2.983838e-01 1.228791e+03 8.949009e+02 
3.034242e-01 1.192307e+03 8.657850e+02 
3.084646e-01 1.160142e+03 8.379834e+02 
3.135051e-01 1.130957e+03 8.114208e+02 
3.185455e-01 1.103427e+03 7.860269e+02 
3.235859e-01 1.076354e+03 7.617365e+02 
3.286263e-01 1.048861e+03 7.384884e+02 
3.336667e-01 1.020482e+03 7.162260e+02 
3.387071e-01 9.913239e+02 6.948959e+02 
3.437475e-01 9.619499e+02 6.744484e+02 
3.487879e-01 9.330800e+02 6.548372e+02 
3.538283e-01 9.053770e+02 6.360186e+02 
3.588687e-01 8.793267e+02 6.179519e+02 
3.639091e-01 8.552057e+02 6.005988e+02 
3.689495e-01 8.330553e+02 5.839233e+02 
3.739899e-01 8.126554e+02 5.678918e+02 
3.790303e-01 7.935953e+02 5.524726e+02 
3.840707e-01 7.754417e+02 5.376358e+02 
3.891111e-01 7.577886e+02 5.233535e+02 
3.941515e-01 7.403423e+02 5.095991e+02 
3.991919e-01 7.229149e+02 4.963478e+02 
4.042323e-01 7.054610e+02 4.835762e+02 
4.092727e-01 6.881099e+02 4.712620e+02 
4.143131e-01 6.710784e+02 4.593843e+02 
4.193535e-01 6.545880e+02 4.479235e+02 
4.243939e-01 6.387836e+02 4.368608e+02 
4.294343e-01 6.237372e+02 4.261786e+02 
4.344747e-01 6.094924e+02 4.158602e+02 
4.395152e-01 5.960241e+02 4.058897e+02 
4.445556e-01 5.832322e+02 3.962523e+02 
4.495960e-01 5.709425e+02 3.869335e+02 
4.546364e-01 5.590126e+02 3.779201e+02 
4.596768e-01 5.473420e+02 3.691992e+02 
4.647172e-01 5.358811e+02 3.607587e+02 
4.697576e-01 5.245966e+02 3.525870e+02 
4.747980e-01 5.134736e+02 3.446733e+02 
4.798384e-01 5.025481e+02 3.370071e+02 
4.848788e-01 4.919040e+02 3.295785e+02 
4.899192e-01 4.816105e+02 3.223782e+02 
4.949596e-01 4.716864e+02 3.153971e+02 
5.000000e-01 4.621264e+02 3.086266e+02 
