1.000000e-03 2.347054e+03 2.346841e+03 
6.040404e-03 1.070979e+04 1.075102e+04 
1.108081e-02 1.492250e+04 1.478201e+04 
1.612121e-02 1.668011e+04 1.623995e+04 
2.116162e-02 1.698510e+04 1.624399e+04 
2.620202e-02 1.648011e+04 1.558290e+04 
3.124242e-02 1.560055e+04 1.469066e+04 
3.628283e-02 1.462452e+04 1.374154e+04 
4.132323e-02 1.370226e+04 1.280320e+04 
4.636364e-02 1.288510e+04 1.190527e+04 
5.140404e-02 1.217185e+04 1.106136e+04 
5.644444e-02 1.151784e+04 1.027686e+04 
6.148485e-02 1.088290e+04 9.552517e+03 
6.652525e-02 1.025155e+04 8.886515e+03 
7.156566e-02 9.608566e+03 8.275632e+03 
7.660606e-02 8.967801e+03 7.715987e+03 
8.164646e-02 8.359941e+03 7.203482e+03 
8.668687e-02 7.810901e+03 6.734053e+03 
9.172727e-02 7.328242e+03 6.303824e+03 
9.676768e-02 6.909079e+03 5.909171e+03 
1.018081e-01 6.547982e+03 5.546763e+03 
1.068485e-01 6.233454e+03 5.213560e+03 
1.118889e-01 5.945569e+03 4.906809e+03 
1.169293e-01 5.665514e+03 4.624028e+03 
1.219697e-01 5.384325e+03 4.362981e+03 
1.270101e-01 5.104092e+03 4.121662e+03 
1.320505e-01 4.831609e+03 3.898267e+03 
1.370909e-01 4.573807e+03 3.691178e+03 
1.421313e-01 4.336097e+03 3.498941e+03 
1.471717e-01 4.121196e+03 3.320253e+03 
1.522121e-01 3.929177e+03 3.153937e+03 
1.572525e-01 3.758152e+03 2.998939e+03 
1.622929e-01 3.604303e+03 2.854305e+03 
1.673333e-01 3.461878e+03 2.719178e+03 
1.723737e-01 3.325318e+03 2.592780e+03 
1.774141e-01 3.191750e+03 2.474412e+03 
1.824545e-01 3.061075e+03 2.363436e+03 
1.874949e-01 2.934131e+03 2.259277e+03 
1.925354e-01 2.811830e+03 2.161412e+03 
1.975758e-01 2.695588e+03 2.069364e+03 
2.026162e-01 2.587218e+03 1.982701e+03 
2.076566e-01 2.487570e+03 1.901027e+03 
2.126970e-01 2.395821e+03 1.823982e+03 
2.177374e-01 2.310378e+03 1.751236e+03 
2.227778e-01 2.229986e+03 1.682488e+03 
2.278182e-01 2.153760e+03 1.617460e+03 
2.328586e-01 2.080695e+03 1.555900e+03 
2.378990e-01 2.009963e+03 1.497574e+03 
2.429394e-01 1.941419e+03 1.442268e+03 
2.479798e-01 1.875426e+03 1.389784e+03 
2.530202e-01 1.812299e+03 1.339941e+03 
2.580606e-01 1.752119e+03 1.292571e+03 
2.631010e-01 1.694978e+03 1.247518e+03 
2.681414e-01 1.640984e+03 1.204639e+03 
2.731818e-01 1.590037e+03 1.163802e+03 
2.782222e-01 1.541755e+03 1.124883e+03 
2.832626e-01 1.495597e+03 1.087768e+03 
2.883030e-01 1.451245e+03 1.052351e+03 
2.933434e-01 1.408578e+03 1.018533e+03 
2.983838e-01 1.367517e+03 9.862238e+02 
3.034242e-01 1.327972e+03 9.553369e+02 
3.084646e-01 1.289849e+03 9.257931e+02 
3.135051e-01 1.253171e+03 8.975182e+02 
3.185455e-01 1.217994e+03 8.704429e+02 
3.235859e-01 1.184333e+03 8.445027e+02 
3.286263e-01 1.152120e+03 8.196370e+02 
3.336667e-01 1.121199e+03 7.957891e+02 
3.387071e-01 1.091466e+03 7.729062e+02 
3.437475e-01 1.062887e+03 7.509386e+02 
3.487879e-01 1.035395e+03 7.298396e+02 
3.538283e-01 1.008870e+03 7.095655e+02 
3.588687e-01 9.832191e+02 6.900753e+02 
3.639091e-01 9.584152e+02 6.713303e+02 
3.689495e-01 9.344935e+02 6.532943e+02 
3.739899e-01 9.114460e+02 6.359331e+02 
3.790303e-01 8.892157e+02 6.192145e+02 
3.840707e-01 8.677410e+02 6.031082e+02 
3.891111e-01 8.469951e+02 5.875856e+02 
3.941515e-01 8.269831e+02 5.726197e+02 
3.991919e-01 8.076761e+02 5.581851e+02 
4.042323e-01 7.890063e+02 5.442577e+02 
4.092727e-01 7.709164e+02 5.308147e+02 
4.143131e-01 7.533935e+02 5.178347e+02 
4.193535e-01 7.364442e+02 5.052972e+02 
4.243939e-01 7.200393e+02 4.931831e+02 
4.294343e-01 7.041432e+02 4.814741e+02 
4.344747e-01 6.887255e+02 4.701529e+02 
4.395152e-01 6.737816e+02 4.592030e+02 
4.445556e-01 6.593195e+02 4.486089e+02 
4.495960e-01 6.453132e+02 4.383559e+02 
4.546364e-01 6.317217e+02 4.284299e+02 
4.596768e-01 6.185185e+02 4.188175e+02 
4.647172e-01 6.057062e+02 4.095062e+02 
4.697576e-01 5.932837e+02 4.004838e+02 
4.747980e-01 5.812237e+02 3.917389e+02 
4.798384e-01 5.695048e+02 3.832606e+02 
4.848788e-01 5.581044e+02 3.750385e+02 
4.899192e-01 5.470267e+02 3.670627e+02 
4.949596e-01 5.362738e+02 3.593237e+02 
5.000000e-01 5.258250e+02 3.518126e+02 
