1.000000e-03 7.267848e+03 7.267170e+03 
6.040404e-03 3.219766e+04 3.235914e+04 
1.108081e-02 4.350170e+04 4.354449e+04 
1.612121e-02 4.632345e+04 4.610423e+04 
2.116162e-02 4.382575e+04 4.263863e+04 
2.620202e-02 3.841323e+04 3.614988e+04 
3.124242e-02 3.200634e+04 2.968196e+04 
3.628283e-02 2.596152e+04 2.453473e+04 
4.132323e-02 2.102939e+04 2.068828e+04 
4.636364e-02 1.742854e+04 1.778854e+04 
5.140404e-02 1.511537e+04 1.553437e+04 
5.644444e-02 1.380150e+04 1.372626e+04 
6.148485e-02 1.316411e+04 1.223809e+04 
6.652525e-02 1.288109e+04 1.098878e+04 
7.156566e-02 1.267243e+04 9.924133e+03 
7.660606e-02 1.230769e+04 9.006303e+03 
8.164646e-02 1.164705e+04 8.207790e+03 
8.668687e-02 1.067642e+04 7.507905e+03 
9.172727e-02 9.490933e+03 6.890643e+03 
9.676768e-02 8.243037e+03 6.343341e+03 
1.018081e-01 7.084940e+03 5.855796e+03 
1.068485e-01 6.128734e+03 5.419668e+03 
1.118889e-01 5.427438e+03 5.028061e+03 
1.169293e-01 4.982132e+03 4.675215e+03 
1.219697e-01 4.756709e+03 4.356281e+03 
1.270101e-01 4.692861e+03 4.067145e+03 
1.320505e-01 4.718680e+03 3.804298e+03 
1.370909e-01 4.759434e+03 3.564730e+03 
1.421313e-01 4.750081e+03 3.345845e+03 
1.471717e-01 4.645509e+03 3.145395e+03 
1.522121e-01 4.427491e+03 2.961425e+03 
1.572525e-01 4.108192e+03 2.792231e+03 
1.622929e-01 3.727276e+03 2.636317e+03 
1.673333e-01 3.337583e+03 2.492371e+03 
1.723737e-01 2.985863e+03 2.359235e+03 
1.774141e-01 2.701276e+03 2.235886e+03 
1.824545e-01 2.496116e+03 2.121417e+03 
1.874949e-01 2.370321e+03 2.015021e+03 
1.925354e-01 2.313603e+03 1.915979e+03 
1.975758e-01 2.306482e+03 1.823651e+03 
2.026162e-01 2.323259e+03 1.737460e+03 
2.076566e-01 2.337854e+03 1.656891e+03 
2.126970e-01 2.329073e+03 1.581481e+03 
2.177374e-01 2.283324e+03 1.510813e+03 
2.227778e-01 2.196144e+03 1.444507e+03 
2.278182e-01 2.072980e+03 1.382225e+03 
2.328586e-01 1.927755e+03 1.323656e+03 
2.378990e-01 1.778112e+03 1.268521e+03 
2.429394e-01 1.640018e+03 1.216563e+03 
2.479798e-01 1.524919e+03 1.167552e+03 
2.530202e-01 1.438846e+03 1.121274e+03 
2.580606e-01 1.382761e+03 1.077538e+03 
2.631010e-01 1.352841e+03 1.036164e+03 
2.681414e-01 1.341675e+03 9.969926e+02 
2.731818e-01 1.339963e+03 9.598736e+02 
2.782222e-01 1.338467e+03 9.246708e+02 
2.832626e-01 1.329244e+03 8.912583e+02 
2.883030e-01 1.306700e+03 8.595206e+02 
2.933434e-01 1.268554e+03 8.293509e+02 
2.983838e-01 1.216306e+03 8.006508e+02 
3.034242e-01 1.154764e+03 7.733290e+02 
3.084646e-01 1.090197e+03 7.473016e+02 
3.135051e-01 1.028582e+03 7.224904e+02 
3.185455e-01 9.746278e+02 6.988231e+02 
3.235859e-01 9.312413e+02 6.762325e+02 
3.286263e-01 8.994909e+02 6.546564e+02 
3.336667e-01 8.784949e+02 6.340366e+02 
3.387071e-01 8.657594e+02 6.143192e+02 
3.437475e-01 8.578156e+02 5.954539e+02 
3.487879e-01 8.510439e+02 5.773937e+02 
3.538283e-01 8.422336e+02 5.600949e+02 
3.588687e-01 8.290409e+02 5.435166e+02 
3.639091e-01 8.102488e+02 5.276204e+02 
3.689495e-01 7.859610e+02 5.123706e+02 
3.739899e-01 7.575520e+02 4.977337e+02 
3.790303e-01 7.271344e+02 4.836782e+02 
3.840707e-01 6.970358e+02 4.701748e+02 
3.891111e-01 6.692573e+02 4.571956e+02 
3.941515e-01 6.452598e+02 4.447148e+02 
3.991919e-01 6.258119e+02 4.327079e+02 
4.042323e-01 6.108485e+02 4.211520e+02 
4.092727e-01 5.996307e+02 4.100255e+02 
4.143131e-01 5.909565e+02 3.993078e+02 
4.193535e-01 5.834851e+02 3.889800e+02 
4.243939e-01 5.759164e+02 3.790239e+02 
4.294343e-01 5.671349e+02 3.694223e+02 
4.344747e-01 5.564391e+02 3.601592e+02 
4.395152e-01 5.436499e+02 3.512193e+02 
4.445556e-01 5.291106e+02 3.425882e+02 
4.495960e-01 5.135025e+02 3.342523e+02 
4.546364e-01 4.976369e+02 3.261987e+02 
4.596768e-01 4.823229e+02 3.184152e+02 
4.647172e-01 4.682673e+02 3.108901e+02 
4.697576e-01 4.559511e+02 3.036126e+02 
4.747980e-01 4.455203e+02 2.965722e+02 
4.798384e-01 4.367859e+02 2.897590e+02 
4.848788e-01 4.293711e+02 2.831637e+02 
4.899192e-01 4.228043e+02 2.767773e+02 
4.949596e-01 4.165702e+02 2.705914e+02 
5.000000e-01 4.101740e+02 2.645980e+02 
