1.000000e-03 5.294178e+03 5.293685e+03 
6.040404e-03 2.365743e+04 2.377154e+04 
1.108081e-02 3.223736e+04 3.220107e+04 
1.612121e-02 3.474730e+04 3.441580e+04 
2.116162e-02 3.345742e+04 3.242273e+04 
2.620202e-02 3.005251e+04 2.836060e+04 
3.124242e-02 2.585266e+04 2.419986e+04 
3.628283e-02 2.179370e+04 2.075299e+04 
4.132323e-02 1.841175e+04 1.804294e+04 
4.636364e-02 1.587856e+04 1.589234e+04 
5.140404e-02 1.420188e+04 1.414289e+04 
5.644444e-02 1.318569e+04 1.268586e+04 
6.148485e-02 1.260574e+04 1.144969e+04 
6.652525e-02 1.222607e+04 1.038625e+04 
7.156566e-02 1.184912e+04 9.461789e+03 
7.660606e-02 1.132925e+04 8.651614e+03 
8.164646e-02 1.059822e+04 7.936966e+03 
8.668687e-02 9.677414e+03 7.303163e+03 
9.172727e-02 8.653552e+03 6.738445e+03 
9.676768e-02 7.638793e+03 6.233219e+03 
1.018081e-01 6.734984e+03 5.779556e+03 
1.068485e-01 6.010368e+03 5.370827e+03 
1.118889e-01 5.489629e+03 5.001440e+03 
1.169293e-01 5.159240e+03 4.666649e+03 
1.219697e-01 4.980217e+03 4.362394e+03 
1.270101e-01 4.899170e+03 4.085188e+03 
1.320505e-01 4.856383e+03 3.832022e+03 
1.370909e-01 4.795562e+03 3.600284e+03 
1.421313e-01 4.676306e+03 3.387704e+03 
1.471717e-01 4.480277e+03 3.192297e+03 
1.522121e-01 4.211256e+03 3.012324e+03 
1.572525e-01 3.890779e+03 2.846255e+03 
1.622929e-01 3.553245e+03 2.692743e+03 
1.673333e-01 3.235939e+03 2.550594e+03 
1.723737e-01 2.967873e+03 2.418752e+03 
1.774141e-01 2.762681e+03 2.296277e+03 
1.824545e-01 2.620728e+03 2.182331e+03 
1.874949e-01 2.534060e+03 2.076167e+03 
1.925354e-01 2.489087e+03 1.977114e+03 
1.975758e-01 2.467344e+03 1.884573e+03 
2.026162e-01 2.447993e+03 1.798004e+03 
2.076566e-01 2.413060e+03 1.716919e+03 
2.126970e-01 2.351947e+03 1.640881e+03 
2.177374e-01 2.262380e+03 1.569493e+03 
2.227778e-01 2.148806e+03 1.502395e+03 
2.278182e-01 2.020487e+03 1.439261e+03 
2.328586e-01 1.889471e+03 1.379795e+03 
2.378990e-01 1.767738e+03 1.323727e+03 
2.429394e-01 1.664243e+03 1.270811e+03 
2.479798e-01 1.583407e+03 1.220823e+03 
2.530202e-01 1.525390e+03 1.173558e+03 
2.580606e-01 1.486987e+03 1.128827e+03 
2.631010e-01 1.462528e+03 1.086458e+03 
2.681414e-01 1.444808e+03 1.046293e+03 
2.731818e-01 1.426624e+03 1.008187e+03 
2.782222e-01 1.402297e+03 9.720053e+02 
2.832626e-01 1.368574e+03 9.376245e+02 
2.883030e-01 1.324808e+03 9.049309e+02 
2.933434e-01 1.272658e+03 8.738193e+02 
2.983838e-01 1.215537e+03 8.441924e+02 
3.034242e-01 1.157831e+03 8.159600e+02 
3.084646e-01 1.103809e+03 7.890388e+02 
3.135051e-01 1.056644e+03 7.633512e+02 
3.185455e-01 1.017901e+03 7.388254e+02 
3.235859e-01 9.876167e+02 7.153944e+02 
3.286263e-01 9.646361e+02 6.929961e+02 
3.336667e-01 9.469601e+02 6.715724e+02 
3.387071e-01 9.320419e+02 6.510694e+02 
3.437475e-01 9.172458e+02 6.314367e+02 
3.487879e-01 9.004314e+02 6.126272e+02 
3.538283e-01 8.803715e+02 5.945969e+02 
3.588687e-01 8.568723e+02 5.773047e+02 
3.639091e-01 8.305463e+02 5.607121e+02 
3.689495e-01 8.025354e+02 5.447829e+02 
3.739899e-01 7.742803e+02 5.294834e+02 
3.790303e-01 7.472905e+02 5.147817e+02 
3.840707e-01 7.228069e+02 5.006482e+02 
3.891111e-01 7.015202e+02 4.870547e+02 
3.941515e-01 6.835172e+02 4.739749e+02 
3.991919e-01 6.684220e+02 4.613842e+02 
4.042323e-01 6.555311e+02 4.492590e+02 
4.092727e-01 6.439396e+02 4.375775e+02 
4.143131e-01 6.327030e+02 4.263189e+02 
4.193535e-01 6.210031e+02 4.154637e+02 
4.243939e-01 6.083563e+02 4.049934e+02 
4.294343e-01 5.946154e+02 3.948906e+02 
4.344747e-01 5.799174e+02 3.851388e+02 
4.395152e-01 5.646218e+02 3.757223e+02 
4.445556e-01 5.492282e+02 3.666266e+02 
4.495960e-01 5.343050e+02 3.578376e+02 
4.546364e-01 5.203223e+02 3.493421e+02 
4.596768e-01 5.075518e+02 3.411275e+02 
4.647172e-01 4.960798e+02 3.331821e+02 
4.697576e-01 4.858145e+02 3.254945e+02 
4.747980e-01 4.765495e+02 3.180540e+02 
4.798384e-01 4.679788e+02 3.108505e+02 
4.848788e-01 4.597176e+02 3.038743e+02 
4.899192e-01 4.514575e+02 2.971163e+02 
4.949596e-01 4.429977e+02 2.905676e+02 
5.000000e-01 4.342502e+02 2.842201e+02 
