1.000000e-03 6.741680e+03 6.741027e+03 
6.040404e-03 2.943623e+04 2.957589e+04 
1.108081e-02 3.961719e+04 3.960797e+04 
1.612121e-02 4.216047e+04 4.184060e+04 
2.116162e-02 3.997292e+04 3.875291e+04 
2.620202e-02 3.522355e+04 3.311613e+04 
3.124242e-02 2.961707e+04 2.754988e+04 
3.628283e-02 2.434036e+04 2.309382e+04 
4.132323e-02 2.004404e+04 1.970946e+04 
4.636364e-02 1.690921e+04 1.710782e+04 
5.140404e-02 1.489794e+04 1.504805e+04 
5.644444e-02 1.374140e+04 1.337029e+04 
6.148485e-02 1.314641e+04 1.197233e+04 
6.652525e-02 1.281839e+04 1.078733e+04 
7.156566e-02 1.250647e+04 9.769738e+03 
7.660606e-02 1.201800e+04 8.887098e+03 
8.164646e-02 1.125683e+04 8.115381e+03 
8.668687e-02 1.024118e+04 7.436209e+03 
9.172727e-02 9.076822e+03 6.835153e+03 
9.676768e-02 7.906369e+03 6.300659e+03 
1.018081e-01 6.860596e+03 5.823319e+03 
1.068485e-01 6.026326e+03 5.395377e+03 
1.118889e-01 5.435511e+03 5.010370e+03 
1.169293e-01 5.074405e+03 4.662868e+03 
1.219697e-01 4.899328e+03 4.348273e+03 
1.270101e-01 4.848502e+03 4.062667e+03 
1.320505e-01 4.850815e+03 3.802695e+03 
1.370909e-01 4.837678e+03 3.565469e+03 
1.421313e-01 4.756769e+03 3.348488e+03 
1.471717e-01 4.579992e+03 3.149584e+03 
1.522121e-01 4.306056e+03 2.966865e+03 
1.572525e-01 3.959170e+03 2.798675e+03 
1.622929e-01 3.582732e+03 2.643563e+03 
1.673333e-01 3.224330e+03 2.500251e+03 
1.723737e-01 2.919991e+03 2.367608e+03 
1.774141e-01 2.687660e+03 2.244635e+03 
1.824545e-01 2.530455e+03 2.130443e+03 
1.874949e-01 2.441656e+03 2.024244e+03 
1.925354e-01 2.406306e+03 1.925332e+03 
1.975758e-01 2.402211e+03 1.833076e+03 
2.026162e-01 2.404010e+03 1.746910e+03 
2.076566e-01 2.389509e+03 1.666329e+03 
2.126970e-01 2.344225e+03 1.590873e+03 
2.177374e-01 2.262624e+03 1.520132e+03 
2.227778e-01 2.147775e+03 1.453733e+03 
2.278182e-01 2.010314e+03 1.391338e+03 
2.328586e-01 1.865616e+03 1.332643e+03 
2.378990e-01 1.729169e+03 1.277370e+03 
2.429394e-01 1.612650e+03 1.225266e+03 
2.479798e-01 1.522434e+03 1.176101e+03 
2.530202e-01 1.459927e+03 1.129664e+03 
2.580606e-01 1.422238e+03 1.085765e+03 
2.631010e-01 1.402953e+03 1.044227e+03 
2.681414e-01 1.393463e+03 1.004889e+03 
2.731818e-01 1.384893e+03 9.676031e+02 
2.782222e-01 1.369803e+03 9.322336e+02 
2.832626e-01 1.343244e+03 8.986554e+02 
2.883030e-01 1.303276e+03 8.667533e+02 
2.933434e-01 1.251140e+03 8.364210e+02 
2.983838e-01 1.190887e+03 8.075603e+02 
3.034242e-01 1.128137e+03 7.800806e+02 
3.084646e-01 1.068506e+03 7.538978e+02 
3.135051e-01 1.016233e+03 7.289340e+02 
3.185455e-01 9.737488e+02 7.051172e+02 
3.235859e-01 9.417394e+02 6.823801e+02 
3.286263e-01 9.193022e+02 6.606607e+02 
3.336667e-01 9.041469e+02 6.399008e+02 
3.387071e-01 8.930706e+02 6.200465e+02 
3.437475e-01 8.826483e+02 6.010476e+02 
3.487879e-01 8.700508e+02 5.828571e+02 
3.538283e-01 8.534276e+02 5.654311e+02 
3.588687e-01 8.320676e+02 5.487288e+02 
3.639091e-01 8.063003e+02 5.327118e+02 
3.689495e-01 7.774189e+02 5.173443e+02 
3.739899e-01 7.473864e+02 5.025928e+02 
3.790303e-01 7.182846e+02 4.884257e+02 
3.840707e-01 6.918089e+02 4.748136e+02 
3.891111e-01 6.690376e+02 4.617287e+02 
3.941515e-01 6.503481e+02 4.491450e+02 
3.991919e-01 6.355262e+02 4.370380e+02 
4.042323e-01 6.237883e+02 4.253846e+02 
4.092727e-01 6.139525e+02 4.141632e+02 
4.143131e-01 6.047558e+02 4.033533e+02 
4.193535e-01 5.951121e+02 3.929358e+02 
4.243939e-01 5.842409e+02 3.828923e+02 
4.294343e-01 5.717342e+02 3.732057e+02 
4.344747e-01 5.575987e+02 3.638599e+02 
4.395152e-01 5.422506e+02 3.548396e+02 
4.445556e-01 5.263972e+02 3.461303e+02 
4.495960e-01 5.108004e+02 3.377182e+02 
4.546364e-01 4.960977e+02 3.295905e+02 
4.596768e-01 4.827549e+02 3.217348e+02 
4.647172e-01 4.710404e+02 3.141396e+02 
4.697576e-01 4.609550e+02 3.067937e+02 
4.747980e-01 4.522490e+02 2.996868e+02 
4.798384e-01 4.444922e+02 2.928089e+02 
4.848788e-01 4.371966e+02 2.861505e+02 
4.899192e-01 4.299577e+02 2.797028e+02 
4.949596e-01 4.224502e+02 2.734572e+02 
5.000000e-01 4.144518e+02 2.674055e+02 
