1.000000e-03 6.660396e+03 6.659754e+03 
6.040404e-03 2.926851e+04 2.951468e+04 
1.108081e-02 3.947537e+04 3.999708e+04 
1.612121e-02 4.206336e+04 4.386455e+04 
2.116162e-02 3.991682e+04 4.431446e+04 
2.620202e-02 3.519832e+04 4.307942e+04 
3.124242e-02 2.961226e+04 4.105341e+04 
3.628283e-02 2.434769e+04 3.869333e+04 
4.132323e-02 2.005809e+04 3.624112e+04 
4.636364e-02 1.692703e+04 3.382661e+04 
5.140404e-02 1.491834e+04 3.151767e+04 
5.644444e-02 1.376417e+04 2.934709e+04 
6.148485e-02 1.317168e+04 2.732754e+04 
6.652525e-02 1.284617e+04 2.546031e+04 
7.156566e-02 1.253644e+04 2.374041e+04 
7.660606e-02 1.204939e+04 2.215954e+04 
8.164646e-02 1.128853e+04 2.070794e+04 
8.668687e-02 1.027199e+04 1.937537e+04 
9.172727e-02 9.105791e+03 1.815173e+04 
9.676768e-02 7.932981e+03 1.702741e+04 
1.018081e-01 6.884832e+03 1.599345e+04 
1.068485e-01 6.048576e+03 1.504157e+04 
1.118889e-01 5.456412e+03 1.416423e+04 
1.169293e-01 5.094663e+03 1.335460e+04 
1.219697e-01 4.919579e+03 1.260647e+04 
1.270101e-01 4.869203e+03 1.191426e+04 
1.320505e-01 4.872162e+03 1.127295e+04 
1.370909e-01 4.859581e+03 1.067799e+04 
1.421313e-01 4.778889e+03 1.012532e+04 
1.471717e-01 4.601832e+03 9.611268e+03 
1.522121e-01 4.327085e+03 9.132518e+03 
1.572525e-01 3.978945e+03 8.686089e+03 
1.622929e-01 3.601014e+03 8.269292e+03 
1.673333e-01 3.241122e+03 7.879693e+03 
1.723737e-01 2.935495e+03 7.515093e+03 
1.774141e-01 2.702197e+03 7.173500e+03 
1.824545e-01 2.544386e+03 6.853109e+03 
1.874949e-01 2.455327e+03 6.552279e+03 
1.925354e-01 2.420000e+03 6.269521e+03 
1.975758e-01 2.416096e+03 6.003478e+03 
2.026162e-01 2.418115e+03 5.752913e+03 
2.076566e-01 2.403732e+03 5.516700e+03 
2.126970e-01 2.358374e+03 5.293807e+03 
2.177374e-01 2.276465e+03 5.083292e+03 
2.227778e-01 2.161084e+03 4.884290e+03 
2.278182e-01 2.022927e+03 4.696012e+03 
2.328586e-01 1.877463e+03 4.517729e+03 
2.378990e-01 1.740278e+03 4.348773e+03 
2.429394e-01 1.623128e+03 4.188530e+03 
2.479798e-01 1.532435e+03 4.036433e+03 
2.530202e-01 1.469620e+03 3.891960e+03 
2.580606e-01 1.431779e+03 3.754628e+03 
2.631010e-01 1.412459e+03 3.623991e+03 
2.681414e-01 1.402998e+03 3.499636e+03 
2.731818e-01 1.394458e+03 3.381183e+03 
2.782222e-01 1.379352e+03 3.268276e+03 
2.832626e-01 1.352692e+03 3.160587e+03 
2.883030e-01 1.312523e+03 3.057810e+03 
2.933434e-01 1.260094e+03 2.959662e+03 
2.983838e-01 1.199481e+03 2.865878e+03 
3.034242e-01 1.136344e+03 2.776213e+03 
3.084646e-01 1.076340e+03 2.690436e+03 
3.135051e-01 1.023742e+03 2.608335e+03 
3.185455e-01 9.809985e+02 2.529709e+03 
3.235859e-01 9.488027e+02 2.454371e+03 
3.286263e-01 9.262471e+02 2.382148e+03 
3.336667e-01 9.110256e+02 2.312874e+03 
3.387071e-01 8.999121e+02 2.246397e+03 
3.437475e-01 8.894559e+02 2.182575e+03 
3.487879e-01 8.768058e+02 2.121271e+03 
3.538283e-01 8.600966e+02 2.062359e+03 
3.588687e-01 8.386112e+02 2.005721e+03 
3.639091e-01 8.126808e+02 1.951246e+03 
3.689495e-01 7.836086e+02 1.898827e+03 
3.739899e-01 7.533728e+02 1.848366e+03 
3.790303e-01 7.240717e+02 1.799770e+03 
3.840707e-01 6.974150e+02 1.752952e+03 
3.891111e-01 6.744899e+02 1.707828e+03 
3.941515e-01 6.556776e+02 1.664320e+03 
3.991919e-01 6.407628e+02 1.622355e+03 
4.042323e-01 6.289559e+02 1.581862e+03 
4.092727e-01 6.190655e+02 1.542776e+03 
4.143131e-01 6.098184e+02 1.505035e+03 
4.193535e-01 6.001195e+02 1.468580e+03 
4.243939e-01 5.891815e+02 1.433354e+03 
4.294343e-01 5.765929e+02 1.399305e+03 
4.344747e-01 5.623603e+02 1.366382e+03 
4.395152e-01 5.469033e+02 1.334539e+03 
4.445556e-01 5.309352e+02 1.303730e+03 
4.495960e-01 5.152244e+02 1.273911e+03 
4.546364e-01 5.004139e+02 1.245043e+03 
4.596768e-01 4.869739e+02 1.217087e+03 
4.647172e-01 4.751752e+02 1.190005e+03 
4.697576e-01 4.650190e+02 1.163764e+03 
4.747980e-01 4.562534e+02 1.138329e+03 
4.798384e-01 4.484446e+02 1.113669e+03 
4.848788e-01 4.411004e+02 1.089754e+03 
4.899192e-01 4.338126e+02 1.066555e+03 
4.949596e-01 4.262532e+02 1.044045e+03 
5.000000e-01 4.181977e+02 1.022197e+03 
