1.000000e-03 6.775134e+03 6.774501e+03 
6.040404e-03 2.975571e+04 3.021608e+04 
1.108081e-02 4.011718e+04 4.121553e+04 
1.612121e-02 4.273029e+04 4.553043e+04 
2.116162e-02 4.053358e+04 4.635308e+04 
2.620202e-02 3.572878e+04 4.536682e+04 
3.124242e-02 3.004843e+04 4.347149e+04 
3.628283e-02 2.469912e+04 4.115741e+04 
4.132323e-02 2.034256e+04 3.869578e+04 
4.636364e-02 1.716351e+04 3.623658e+04 
5.140404e-02 1.512410e+04 3.386104e+04 
5.644444e-02 1.395196e+04 3.161076e+04 
6.148485e-02 1.334972e+04 2.950428e+04 
6.652525e-02 1.301844e+04 2.754683e+04 
7.156566e-02 1.270343e+04 2.573606e+04 
7.660606e-02 1.220896e+04 2.406545e+04 
8.164646e-02 1.143727e+04 2.252635e+04 
8.668687e-02 1.040675e+04 2.110927e+04 
9.172727e-02 9.224802e+03 1.980454e+04 
9.676768e-02 8.036321e+03 1.860280e+04 
1.018081e-01 6.974257e+03 1.749516e+04 
1.068485e-01 6.126936e+03 1.647336e+04 
1.118889e-01 5.526937e+03 1.552977e+04 
1.169293e-01 5.160376e+03 1.465745e+04 
1.219697e-01 4.982916e+03 1.385005e+04 
1.270101e-01 4.931784e+03 1.310185e+04 
1.320505e-01 4.934684e+03 1.240764e+04 
1.370909e-01 4.921852e+03 1.176274e+04 
1.421313e-01 4.840045e+03 1.116289e+04 
1.471717e-01 4.660650e+03 1.060426e+04 
1.522121e-01 4.382328e+03 1.008339e+04 
1.572525e-01 4.029689e+03 9.597158e+03 
1.622929e-01 3.646891e+03 9.142718e+03 
1.673333e-01 3.282374e+03 8.717508e+03 
1.723737e-01 2.972823e+03 8.319203e+03 
1.774141e-01 2.736528e+03 7.945693e+03 
1.824545e-01 2.576685e+03 7.595059e+03 
1.874949e-01 2.486471e+03 7.265560e+03 
1.925354e-01 2.450672e+03 6.955607e+03 
1.975758e-01 2.446695e+03 6.663754e+03 
2.026162e-01 2.448718e+03 6.388680e+03 
2.076566e-01 2.434132e+03 6.129178e+03 
2.126970e-01 2.388179e+03 5.884143e+03 
2.177374e-01 2.305216e+03 5.652565e+03 
2.227778e-01 2.188361e+03 5.433515e+03 
2.278182e-01 2.048444e+03 5.226143e+03 
2.328586e-01 1.901131e+03 5.029666e+03 
2.378990e-01 1.762204e+03 4.843363e+03 
2.429394e-01 1.643566e+03 4.666571e+03 
2.479798e-01 1.551720e+03 4.498678e+03 
2.530202e-01 1.488105e+03 4.339119e+03 
2.580606e-01 1.449777e+03 4.187373e+03 
2.631010e-01 1.430205e+03 4.042956e+03 
2.681414e-01 1.420616e+03 3.905422e+03 
2.731818e-01 1.411961e+03 3.774355e+03 
2.782222e-01 1.396655e+03 3.649371e+03 
2.832626e-01 1.369653e+03 3.530113e+03 
2.883030e-01 1.328973e+03 3.416249e+03 
2.933434e-01 1.275879e+03 3.307470e+03 
2.983838e-01 1.214500e+03 3.203489e+03 
3.034242e-01 1.150566e+03 3.104036e+03 
3.084646e-01 1.089805e+03 3.008863e+03 
3.135051e-01 1.036544e+03 2.917735e+03 
3.185455e-01 9.932602e+02 2.830435e+03 
3.235859e-01 9.606570e+02 2.746758e+03 
3.286263e-01 9.378148e+02 2.666513e+03 
3.336667e-01 9.223986e+02 2.589523e+03 
3.387071e-01 9.111419e+02 2.515618e+03 
3.437475e-01 9.005508e+02 2.444642e+03 
3.487879e-01 8.877387e+02 2.376447e+03 
3.538283e-01 8.708172e+02 2.310896e+03 
3.588687e-01 8.490600e+02 2.247856e+03 
3.639091e-01 8.228029e+02 2.187207e+03 
3.689495e-01 7.933650e+02 2.128832e+03 
3.739899e-01 7.627494e+02 2.072624e+03 
3.790303e-01 7.330805e+02 2.018479e+03 
3.840707e-01 7.060892e+02 1.966302e+03 
3.891111e-01 6.828762e+02 1.916001e+03 
3.941515e-01 6.638273e+02 1.867490e+03 
3.991919e-01 6.487245e+02 1.820688e+03 
4.042323e-01 6.367683e+02 1.775519e+03 
4.092727e-01 6.267527e+02 1.731909e+03 
4.143131e-01 6.173884e+02 1.689791e+03 
4.193535e-01 6.075668e+02 1.649099e+03 
4.243939e-01 5.964909e+02 1.609771e+03 
4.294343e-01 5.837440e+02 1.571750e+03 
4.344747e-01 5.693329e+02 1.534979e+03 
4.395152e-01 5.536823e+02 1.499407e+03 
4.445556e-01 5.375144e+02 1.464983e+03 
4.495960e-01 5.216071e+02 1.431660e+03 
4.546364e-01 5.066114e+02 1.399394e+03 
4.596768e-01 4.930034e+02 1.368141e+03 
4.647172e-01 4.810571e+02 1.337860e+03 
4.697576e-01 4.707736e+02 1.308514e+03 
4.747980e-01 4.618981e+02 1.280066e+03 
4.798384e-01 4.539912e+02 1.252479e+03 
4.848788e-01 4.465548e+02 1.225722e+03 
4.899192e-01 4.391756e+02 1.199761e+03 
4.949596e-01 4.315215e+02 1.174567e+03 
5.000000e-01 4.233651e+02 1.150111e+03 
