1.000000e-03 2.710250e+03 2.709993e+03 
6.040404e-03 1.216205e+04 1.220665e+04 
1.108081e-02 1.671938e+04 1.655757e+04 
1.612121e-02 1.845780e+04 1.796103e+04 
2.116162e-02 1.856530e+04 1.773670e+04 
2.620202e-02 1.779752e+04 1.681607e+04 
3.124242e-02 1.665967e+04 1.569749e+04 
3.628283e-02 1.546897e+04 1.456419e+04 
4.132323e-02 1.438922e+04 1.347719e+04 
4.636364e-02 1.346279e+04 1.245860e+04 
5.140404e-02 1.268441e+04 1.151608e+04 
5.644444e-02 1.198024e+04 1.065052e+04 
6.148485e-02 1.130154e+04 9.859230e+03 
6.652525e-02 1.061580e+04 9.137705e+03 
7.156566e-02 9.913361e+03 8.480613e+03 
7.660606e-02 9.213064e+03 7.882391e+03 
8.164646e-02 8.549596e+03 7.337592e+03 
8.668687e-02 7.951474e+03 6.841065e+03 
9.172727e-02 7.430230e+03 6.388048e+03 
9.676768e-02 6.987129e+03 5.974200e+03 
1.018081e-01 6.615832e+03 5.595596e+03 
1.068485e-01 6.297630e+03 5.248714e+03 
1.118889e-01 6.006348e+03 4.930402e+03 
1.169293e-01 5.720231e+03 4.637843e+03 
1.219697e-01 5.431102e+03 4.368529e+03 
1.270101e-01 5.140463e+03 4.120221e+03 
1.320505e-01 4.854722e+03 3.890924e+03 
1.370909e-01 4.582658e+03 3.678859e+03 
1.421313e-01 4.332541e+03 3.482436e+03 
1.471717e-01 4.108839e+03 3.300235e+03 
1.522121e-01 3.911613e+03 3.130985e+03 
1.572525e-01 3.738429e+03 2.973546e+03 
1.622929e-01 3.584487e+03 2.826896e+03 
1.673333e-01 3.443007e+03 2.690117e+03 
1.723737e-01 3.307307e+03 2.562381e+03 
1.774141e-01 3.173475e+03 2.442943e+03 
1.824545e-01 3.041114e+03 2.331129e+03 
1.874949e-01 2.911304e+03 2.226332e+03 
1.925354e-01 2.785707e+03 2.128000e+03 
1.975758e-01 2.666524e+03 2.035633e+03 
2.026162e-01 2.555867e+03 1.948778e+03 
2.076566e-01 2.454613e+03 1.867020e+03 
2.126970e-01 2.362080e+03 1.789985e+03 
2.177374e-01 2.276865e+03 1.717328e+03 
2.227778e-01 2.197347e+03 1.648738e+03 
2.278182e-01 2.121910e+03 1.583926e+03 
2.328586e-01 2.049208e+03 1.522630e+03 
2.378990e-01 1.978657e+03 1.464611e+03 
2.429394e-01 1.910244e+03 1.409646e+03 
2.479798e-01 1.844045e+03 1.357532e+03 
2.530202e-01 1.780296e+03 1.308083e+03 
2.580606e-01 1.719472e+03 1.261127e+03 
2.631010e-01 1.662143e+03 1.216503e+03 
2.681414e-01 1.608388e+03 1.174067e+03 
2.731818e-01 1.557775e+03 1.133681e+03 
2.782222e-01 1.509766e+03 1.095220e+03 
2.832626e-01 1.464002e+03 1.058568e+03 
2.883030e-01 1.420264e+03 1.023618e+03 
2.933434e-01 1.378217e+03 9.902677e+02 
2.983838e-01 1.337535e+03 9.584258e+02 
3.034242e-01 1.298155e+03 9.280051e+02 
3.084646e-01 1.260215e+03 8.989251e+02 
3.135051e-01 1.223817e+03 8.711108e+02 
3.185455e-01 1.188926e+03 8.444921e+02 
3.235859e-01 1.155491e+03 8.190037e+02 
3.286263e-01 1.123508e+03 7.945846e+02 
3.336667e-01 1.092957e+03 7.711778e+02 
3.387071e-01 1.063715e+03 7.487297e+02 
3.437475e-01 1.035597e+03 7.271905e+02 
3.487879e-01 1.008467e+03 7.065134e+02 
3.538283e-01 9.822799e+02 6.866543e+02 
3.588687e-01 9.570124e+02 6.675720e+02 
3.639091e-01 9.326019e+02 6.492279e+02 
3.689495e-01 9.090158e+02 6.315856e+02 
3.739899e-01 8.862538e+02 6.146108e+02 
3.790303e-01 8.643203e+02 5.982714e+02 
3.840707e-01 8.431945e+02 5.825370e+02 
3.891111e-01 8.228131e+02 5.673791e+02 
3.941515e-01 8.031336e+02 5.527707e+02 
3.991919e-01 7.841423e+02 5.386864e+02 
4.042323e-01 7.658145e+02 5.251022e+02 
4.092727e-01 7.480874e+02 5.119954e+02 
4.143131e-01 7.309031e+02 4.993447e+02 
4.193535e-01 7.142541e+02 4.871298e+02 
4.243939e-01 6.981447e+02 4.753315e+02 
4.294343e-01 6.825539e+02 4.639316e+02 
4.344747e-01 6.674502e+02 4.529130e+02 
4.395152e-01 6.528069e+02 4.422594e+02 
4.445556e-01 6.386222e+02 4.319553e+02 
4.495960e-01 6.248968e+02 4.219861e+02 
4.546364e-01 6.115965e+02 4.123379e+02 
4.596768e-01 5.986862e+02 4.029975e+02 
4.647172e-01 5.861498e+02 3.939523e+02 
4.697576e-01 5.739936e+02 3.851903e+02 
4.747980e-01 5.622044e+02 3.767003e+02 
4.798384e-01 5.507512e+02 3.684715e+02 
4.848788e-01 5.396128e+02 3.604935e+02 
4.899192e-01 5.287867e+02 3.527567e+02 
4.949596e-01 5.182839e+02 3.452516e+02 
5.000000e-01 5.080790e+02 3.379694e+02 
