1.000000e-03 5.556072e+03 5.555536e+03 
6.040404e-03 2.419973e+04 2.430953e+04 
1.108081e-02 3.254511e+04 3.248028e+04 
1.612121e-02 3.472600e+04 3.431700e+04 
2.116162e-02 3.316525e+04 3.202752e+04 
2.620202e-02 2.961294e+04 2.790967e+04 
3.124242e-02 2.540284e+04 2.386035e+04 
3.628283e-02 2.144360e+04 2.054507e+04 
4.132323e-02 1.822306e+04 1.792865e+04 
4.636364e-02 1.586593e+04 1.583345e+04 
5.140404e-02 1.434589e+04 1.411371e+04 
5.644444e-02 1.343123e+04 1.267128e+04 
6.148485e-02 1.288359e+04 1.144131e+04 
6.652525e-02 1.246232e+04 1.037961e+04 
7.156566e-02 1.198379e+04 9.454626e+03 
7.660606e-02 1.132649e+04 8.642890e+03 
8.164646e-02 1.045982e+04 7.926303e+03 
8.668687e-02 9.442118e+03 7.290531e+03 
9.172727e-02 8.381683e+03 6.723987e+03 
9.676768e-02 7.392473e+03 6.217160e+03 
1.018081e-01 6.562286e+03 5.762142e+03 
1.068485e-01 5.936480e+03 5.352301e+03 
1.118889e-01 5.516072e+03 4.982031e+03 
1.169293e-01 5.268206e+03 4.646559e+03 
1.219697e-01 5.140020e+03 4.341803e+03 
1.270101e-01 5.069276e+03 4.064251e+03 
1.320505e-01 4.994908e+03 3.810870e+03 
1.370909e-01 4.869903e+03 3.579030e+03 
1.421313e-01 4.670849e+03 3.366441e+03 
1.471717e-01 4.398421e+03 3.171103e+03 
1.522121e-01 4.072308e+03 2.991264e+03 
1.572525e-01 3.725738e+03 2.825383e+03 
1.622929e-01 3.396821e+03 2.672101e+03 
1.673333e-01 3.117096e+03 2.530219e+03 
1.723737e-01 2.901968e+03 2.398671e+03 
1.774141e-01 2.751703e+03 2.276511e+03 
1.824545e-01 2.657329e+03 2.162898e+03 
1.874949e-01 2.604198e+03 2.057079e+03 
1.925354e-01 2.573256e+03 1.958380e+03 
1.975758e-01 2.543086e+03 1.866199e+03 
2.026162e-01 2.495721e+03 1.779993e+03 
2.076566e-01 2.421539e+03 1.699273e+03 
2.126970e-01 2.319979e+03 1.623599e+03 
2.177374e-01 2.197144e+03 1.552573e+03 
2.227778e-01 2.063240e+03 1.485834e+03 
2.278182e-01 1.930558e+03 1.423055e+03 
2.328586e-01 1.810647e+03 1.363939e+03 
2.378990e-01 1.711266e+03 1.308216e+03 
2.429394e-01 1.635249e+03 1.255639e+03 
2.479798e-01 1.581200e+03 1.205983e+03 
2.530202e-01 1.544694e+03 1.159043e+03 
2.580606e-01 1.519159e+03 1.114631e+03 
2.631010e-01 1.497004e+03 1.072574e+03 
2.681414e-01 1.471433e+03 1.032714e+03 
2.731818e-01 1.437949e+03 9.949049e+02 
2.782222e-01 1.394882e+03 9.590132e+02 
2.832626e-01 1.343088e+03 9.249154e+02 
2.883030e-01 1.285346e+03 8.924978e+02 
2.933434e-01 1.225722e+03 8.616551e+02 
2.983838e-01 1.168591e+03 8.322902e+02 
3.034242e-01 1.117576e+03 8.043131e+02 
3.084646e-01 1.074768e+03 7.776405e+02 
3.135051e-01 1.040469e+03 7.521950e+02 
3.185455e-01 1.013692e+03 7.279048e+02 
3.235859e-01 9.925541e+02 7.047032e+02 
3.286263e-01 9.746199e+02 6.825282e+02 
3.336667e-01 9.572468e+02 6.613219e+02 
3.387071e-01 9.382185e+02 6.410305e+02 
3.437475e-01 9.162298e+02 6.216037e+02 
3.487879e-01 8.910641e+02 6.029947e+02 
3.538283e-01 8.633417e+02 5.851595e+02 
3.588687e-01 8.342131e+02 5.680573e+02 
3.639091e-01 8.050678e+02 5.516495e+02 
3.689495e-01 7.773376e+02 5.359003e+02 
3.739899e-01 7.521786e+02 5.207761e+02 
3.790303e-01 7.302104e+02 5.062451e+02 
3.840707e-01 7.114309e+02 4.922777e+02 
3.891111e-01 6.953753e+02 4.788460e+02 
3.941515e-01 6.813169e+02 4.659239e+02 
3.991919e-01 6.683455e+02 4.534867e+02 
4.042323e-01 6.555572e+02 4.415111e+02 
4.092727e-01 6.422416e+02 4.299754e+02 
4.143131e-01 6.280230e+02 4.188588e+02 
4.193535e-01 6.128971e+02 4.081420e+02 
4.243939e-01 5.970874e+02 3.978065e+02 
4.294343e-01 5.809797e+02 3.878352e+02 
4.344747e-01 5.650831e+02 3.782116e+02 
4.395152e-01 5.499111e+02 3.689201e+02 
4.445556e-01 5.358505e+02 3.599463e+02 
4.495960e-01 5.230380e+02 3.512762e+02 
4.546364e-01 5.114534e+02 3.428966e+02 
4.596768e-01 5.009262e+02 3.347952e+02 
4.647172e-01 4.912064e+02 3.269602e+02 
4.697576e-01 4.819760e+02 3.193803e+02 
4.747980e-01 4.728809e+02 3.120450e+02 
4.798384e-01 4.636812e+02 3.049441e+02 
4.848788e-01 4.542882e+02 2.980681e+02 
4.899192e-01 4.446984e+02 2.914079e+02 
4.949596e-01 4.349854e+02 2.849548e+02 
5.000000e-01 4.252682e+02 2.787006e+02 
