1.000000e-03 4.731885e+03 4.731434e+03 
6.040404e-03 2.143512e+04 2.153347e+04 
1.108081e-02 2.930589e+04 2.924559e+04 
1.612121e-02 3.165439e+04 3.128112e+04 
2.116162e-02 3.055821e+04 2.952629e+04 
2.620202e-02 2.756297e+04 2.599697e+04 
3.124242e-02 2.387112e+04 2.241766e+04 
3.628283e-02 2.032361e+04 1.943749e+04 
4.132323e-02 1.739157e+04 1.705886e+04 
4.636364e-02 1.521431e+04 1.513765e+04 
5.140404e-02 1.379012e+04 1.354950e+04 
5.644444e-02 1.292121e+04 1.220927e+04 
6.148485e-02 1.239794e+04 1.106028e+04 
6.652525e-02 1.200198e+04 1.006372e+04 
7.156566e-02 1.155956e+04 9.191732e+03 
7.660606e-02 1.095630e+04 8.423513e+03 
8.164646e-02 1.015894e+04 7.742929e+03 
8.668687e-02 9.215512e+03 7.137133e+03 
9.172727e-02 8.221754e+03 6.595683e+03 
9.676768e-02 7.282484e+03 6.109961e+03 
1.018081e-01 6.483107e+03 5.672769e+03 
1.068485e-01 5.871127e+03 5.278040e+03 
1.118889e-01 5.452014e+03 4.920622e+03 
1.169293e-01 5.197885e+03 4.596114e+03 
1.219697e-01 5.061234e+03 4.300733e+03 
1.270101e-01 4.985554e+03 4.031217e+03 
1.320505e-01 4.913429e+03 3.784738e+03 
1.370909e-01 4.798468e+03 3.558836e+03 
1.421313e-01 4.615569e+03 3.351362e+03 
1.471717e-01 4.362559e+03 3.160437e+03 
1.522121e-01 4.056324e+03 2.984406e+03 
1.572525e-01 3.726000e+03 2.821815e+03 
1.622929e-01 3.406929e+03 2.671375e+03 
1.673333e-01 3.129848e+03 2.531948e+03 
1.723737e-01 2.912385e+03 2.402520e+03 
1.774141e-01 2.757227e+03 2.282190e+03 
1.824545e-01 2.656655e+03 2.170153e+03 
1.874949e-01 2.597660e+03 2.065691e+03 
1.925354e-01 2.562953e+03 1.968157e+03 
1.975758e-01 2.532833e+03 1.876973e+03 
2.026162e-01 2.489398e+03 1.791617e+03 
2.076566e-01 2.421690e+03 1.711619e+03 
2.126970e-01 2.327542e+03 1.636555e+03 
2.177374e-01 2.211758e+03 1.566039e+03 
2.227778e-01 2.083521e+03 1.499724e+03 
2.278182e-01 1.954094e+03 1.437293e+03 
2.328586e-01 1.834526e+03 1.378458e+03 
2.378990e-01 1.733099e+03 1.322957e+03 
2.429394e-01 1.653709e+03 1.270551e+03 
2.479798e-01 1.595983e+03 1.221021e+03 
2.530202e-01 1.556147e+03 1.174166e+03 
2.580606e-01 1.528320e+03 1.129805e+03 
2.631010e-01 1.505463e+03 1.087767e+03 
2.681414e-01 1.480906e+03 1.047900e+03 
2.731818e-01 1.449752e+03 1.010060e+03 
2.782222e-01 1.409616e+03 9.741162e+02 
2.832626e-01 1.360751e+03 9.399488e+02 
2.883030e-01 1.305439e+03 9.074457e+02 
2.933434e-01 1.247326e+03 8.765039e+02 
2.983838e-01 1.190493e+03 8.470281e+02 
3.034242e-01 1.138637e+03 8.189299e+02 
3.084646e-01 1.094174e+03 7.921274e+02 
3.135051e-01 1.057952e+03 7.665446e+02 
3.185455e-01 1.029385e+03 7.421107e+02 
3.235859e-01 1.006803e+03 7.187601e+02 
3.286263e-01 9.879776e+02 6.964317e+02 
3.336667e-01 9.704760e+02 6.750683e+02 
3.387071e-01 9.520681e+02 6.546170e+02 
3.437475e-01 9.311667e+02 6.350280e+02 
3.487879e-01 9.071659e+02 6.162549e+02 
3.538283e-01 8.804500e+02 5.982546e+02 
3.588687e-01 8.520268e+02 5.809864e+02 
3.639091e-01 8.231966e+02 5.644122e+02 
3.689495e-01 7.952938e+02 5.484967e+02 
3.739899e-01 7.694760e+02 5.332062e+02 
3.790303e-01 7.465697e+02 5.185096e+02 
3.840707e-01 7.268216e+02 5.043773e+02 
3.891111e-01 7.099297e+02 4.907818e+02 
3.941515e-01 6.952116e+02 4.776969e+02 
3.991919e-01 6.818561e+02 4.650983e+02 
4.042323e-01 6.689948e+02 4.529627e+02 
4.092727e-01 6.559015e+02 4.412685e+02 
4.143131e-01 6.420670e+02 4.299952e+02 
4.193535e-01 6.273110e+02 4.191233e+02 
4.243939e-01 6.117854e+02 4.086347e+02 
4.294343e-01 5.958535e+02 3.985121e+02 
4.344747e-01 5.799595e+02 3.887391e+02 
4.395152e-01 5.645637e+02 3.793003e+02 
4.445556e-01 5.500947e+02 3.701811e+02 
4.495960e-01 5.367975e+02 3.613677e+02 
4.546364e-01 5.247318e+02 3.528469e+02 
4.596768e-01 5.137861e+02 3.446064e+02 
4.647172e-01 5.037201e+02 3.366342e+02 
4.697576e-01 4.942453e+02 3.289194e+02 
4.747980e-01 4.850636e+02 3.214511e+02 
4.798384e-01 4.759096e+02 3.142194e+02 
4.848788e-01 4.665900e+02 3.072146e+02 
4.899192e-01 4.570566e+02 3.004277e+02 
4.949596e-01 4.473720e+02 2.938500e+02 
5.000000e-01 4.376561e+02 2.874732e+02 
