1.000000e-03 2.022404e+03 2.022218e+03 
6.040404e-03 9.252960e+03 9.295787e+03 
1.108081e-02 1.294625e+04 1.281418e+04 
1.612121e-02 1.462292e+04 1.420039e+04 
2.116162e-02 1.514290e+04 1.443650e+04 
2.620202e-02 1.500621e+04 1.409891e+04 
3.124242e-02 1.451987e+04 1.349114e+04 
3.628283e-02 1.387016e+04 1.276449e+04 
4.132323e-02 1.316131e+04 1.199836e+04 
4.636364e-02 1.244082e+04 1.123603e+04 
5.140404e-02 1.175752e+04 1.050097e+04 
5.644444e-02 1.108217e+04 9.805204e+03 
6.148485e-02 1.043224e+04 9.154080e+03 
6.652525e-02 9.818396e+03 8.549031e+03 
7.156566e-02 9.235482e+03 7.989249e+03 
7.660606e-02 8.688127e+03 7.472693e+03 
8.164646e-02 8.185060e+03 6.996693e+03 
8.668687e-02 7.728197e+03 6.558319e+03 
9.172727e-02 7.307786e+03 6.154602e+03 
9.676768e-02 6.915549e+03 5.782655e+03 
1.018081e-01 6.550219e+03 5.439746e+03 
1.068485e-01 6.211595e+03 5.123332e+03 
1.118889e-01 5.894634e+03 4.831069e+03 
1.169293e-01 5.594341e+03 4.560815e+03 
1.219697e-01 5.310518e+03 4.310619e+03 
1.270101e-01 5.045531e+03 4.078713e+03 
1.320505e-01 4.800599e+03 3.863496e+03 
1.370909e-01 4.574325e+03 3.663520e+03 
1.421313e-01 4.364069e+03 3.477476e+03 
1.471717e-01 4.167367e+03 3.304182e+03 
1.522121e-01 3.982577e+03 3.142570e+03 
1.572525e-01 3.808911e+03 2.991672e+03 
1.622929e-01 3.645725e+03 2.850615e+03 
1.673333e-01 3.491557e+03 2.718606e+03 
1.723737e-01 3.345600e+03 2.594926e+03 
1.774141e-01 3.207992e+03 2.478924e+03 
1.824545e-01 3.078616e+03 2.370007e+03 
1.874949e-01 2.956982e+03 2.267636e+03 
1.925354e-01 2.842007e+03 2.171322e+03 
1.975758e-01 2.733143e+03 2.080616e+03 
2.026162e-01 2.630448e+03 1.995110e+03 
2.076566e-01 2.533379e+03 1.914431e+03 
2.126970e-01 2.441206e+03 1.838237e+03 
2.177374e-01 2.353438e+03 1.766215e+03 
2.227778e-01 2.269932e+03 1.698079e+03 
2.278182e-01 2.190778e+03 1.633565e+03 
2.328586e-01 2.115584e+03 1.572430e+03 
2.378990e-01 2.043913e+03 1.514452e+03 
2.429394e-01 1.975659e+03 1.459425e+03 
2.479798e-01 1.910696e+03 1.407160e+03 
2.530202e-01 1.848824e+03 1.357482e+03 
2.580606e-01 1.789737e+03 1.310229e+03 
2.631010e-01 1.733200e+03 1.265252e+03 
2.681414e-01 1.679183e+03 1.222411e+03 
2.731818e-01 1.627592e+03 1.181580e+03 
2.782222e-01 1.578255e+03 1.142637e+03 
2.832626e-01 1.530992e+03 1.105474e+03 
2.883030e-01 1.485671e+03 1.069986e+03 
2.933434e-01 1.442246e+03 1.036078e+03 
2.983838e-01 1.400650e+03 1.003661e+03 
3.034242e-01 1.360778e+03 9.726517e+02 
3.084646e-01 1.322478e+03 9.429725e+02 
3.135051e-01 1.285645e+03 9.145510e+02 
3.185455e-01 1.250267e+03 8.873195e+02 
3.235859e-01 1.216291e+03 8.612147e+02 
3.286263e-01 1.183627e+03 8.361774e+02 
3.336667e-01 1.152179e+03 8.121521e+02 
3.387071e-01 1.121881e+03 7.890868e+02 
3.437475e-01 1.092720e+03 7.669326e+02 
3.487879e-01 1.064649e+03 7.456439e+02 
3.538283e-01 1.037600e+03 7.251775e+02 
3.588687e-01 1.011497e+03 7.054930e+02 
3.639091e-01 9.862984e+02 6.865525e+02 
3.689495e-01 9.620072e+02 6.683200e+02 
3.739899e-01 9.385835e+02 6.507619e+02 
3.790303e-01 9.159638e+02 6.338464e+02 
3.840707e-01 8.940911e+02 6.175435e+02 
3.891111e-01 8.729413e+02 6.018249e+02 
3.941515e-01 8.525231e+02 5.866639e+02 
3.991919e-01 8.327967e+02 5.720354e+02 
4.042323e-01 8.137053e+02 5.579153e+02 
4.092727e-01 7.952167e+02 5.442813e+02 
4.143131e-01 7.773187e+02 5.311119e+02 
4.193535e-01 7.600112e+02 5.183869e+02 
4.243939e-01 7.432616e+02 5.060873e+02 
4.294343e-01 7.270275e+02 4.941947e+02 
4.344747e-01 7.112813e+02 4.826921e+02 
4.395152e-01 6.960143e+02 4.715631e+02 
4.445556e-01 6.812294e+02 4.607922e+02 
4.495960e-01 6.668963e+02 4.503646e+02 
4.546364e-01 6.529797e+02 4.402665e+02 
4.596768e-01 6.394663e+02 4.304844e+02 
4.647172e-01 6.263516e+02 4.210058e+02 
4.697576e-01 6.136321e+02 4.118186e+02 
4.747980e-01 6.012788e+02 4.029114e+02 
4.798384e-01 5.892640e+02 3.942732e+02 
4.848788e-01 5.775831e+02 3.858936e+02 
4.899192e-01 5.662359e+02 3.777628e+02 
4.949596e-01 5.552187e+02 3.698714e+02 
5.000000e-01 5.445029e+02 3.622102e+02 
