1.000000e-03 5.798542e+03 5.797998e+03 
6.040404e-03 2.537862e+04 2.549920e+04 
1.108081e-02 3.430193e+04 3.426840e+04 
1.612121e-02 3.673193e+04 3.639051e+04 
2.116162e-02 3.514391e+04 3.404297e+04 
2.620202e-02 3.135991e+04 2.956282e+04 
3.124242e-02 2.679834e+04 2.506714e+04 
3.628283e-02 2.245055e+04 2.138936e+04 
4.132323e-02 1.886929e+04 1.852289e+04 
4.636364e-02 1.621786e+04 1.626287e+04 
5.140404e-02 1.448610e+04 1.443377e+04 
5.644444e-02 1.345012e+04 1.291678e+04 
6.148485e-02 1.286613e+04 1.163432e+04 
6.652525e-02 1.248382e+04 1.053447e+04 
7.156566e-02 1.209164e+04 9.580957e+03 
7.660606e-02 1.153831e+04 8.747352e+03 
8.164646e-02 1.075935e+04 8.013644e+03 
8.668687e-02 9.785314e+03 7.364230e+03 
9.172727e-02 8.712261e+03 6.786652e+03 
9.676768e-02 7.660192e+03 6.270785e+03 
1.018081e-01 6.735499e+03 5.808283e+03 
1.068485e-01 6.005915e+03 5.392188e+03 
1.118889e-01 5.491907e+03 5.016648e+03 
1.169293e-01 5.174407e+03 4.676707e+03 
1.219697e-01 5.009664e+03 4.368136e+03 
1.270101e-01 4.940184e+03 4.087309e+03 
1.320505e-01 4.902476e+03 3.831105e+03 
1.370909e-01 4.838586e+03 3.596820e+03 
1.421313e-01 4.708265e+03 3.382104e+03 
1.471717e-01 4.495524e+03 3.184911e+03 
1.522121e-01 4.207736e+03 3.003448e+03 
1.572525e-01 3.870636e+03 2.836140e+03 
1.622929e-01 3.522238e+03 2.681603e+03 
1.673333e-01 3.201377e+03 2.538611e+03 
1.723737e-01 2.936016e+03 2.406082e+03 
1.774141e-01 2.737736e+03 2.283053e+03 
1.824545e-01 2.604890e+03 2.168667e+03 
1.874949e-01 2.527784e+03 2.062160e+03 
1.925354e-01 2.490895e+03 1.962848e+03 
1.975758e-01 2.473749e+03 1.870119e+03 
2.026162e-01 2.454505e+03 1.783423e+03 
2.076566e-01 2.415526e+03 1.702265e+03 
2.126970e-01 2.347508e+03 1.626198e+03 
2.177374e-01 2.249755e+03 1.554818e+03 
2.227778e-01 2.128311e+03 1.487762e+03 
2.278182e-01 1.994150e+03 1.424698e+03 
2.328586e-01 1.860414e+03 1.365325e+03 
2.378990e-01 1.739217e+03 1.309370e+03 
2.429394e-01 1.638870e+03 1.256585e+03 
2.479798e-01 1.562840e+03 1.206741e+03 
2.530202e-01 1.510265e+03 1.159631e+03 
2.580606e-01 1.476877e+03 1.115066e+03 
2.631010e-01 1.456018e+03 1.072871e+03 
2.681414e-01 1.439921e+03 1.032886e+03 
2.731818e-01 1.421310e+03 9.949638e+02 
2.782222e-01 1.394826e+03 9.589703e+02 
2.832626e-01 1.357777e+03 9.247806e+02 
2.883030e-01 1.310247e+03 8.922800e+02 
2.933434e-01 1.254721e+03 8.613625e+02 
2.983838e-01 1.195336e+03 8.319301e+02 
3.034242e-01 1.136859e+03 8.038922e+02 
3.084646e-01 1.083535e+03 7.771648e+02 
3.135051e-01 1.038188e+03 7.516701e+02 
3.185455e-01 1.001938e+03 7.273357e+02 
3.235859e-01 9.743515e+02 7.040945e+02 
3.286263e-01 9.537902e+02 6.818840e+02 
3.336667e-01 9.378657e+02 6.606461e+02 
3.387071e-01 9.237621e+02 6.403265e+02 
3.437475e-01 9.088018e+02 6.208747e+02 
3.487879e-01 8.910144e+02 6.022434e+02 
3.538283e-01 8.695017e+02 5.843887e+02 
3.588687e-01 8.444376e+02 5.672693e+02 
3.639091e-01 8.167372e+02 5.508467e+02 
3.689495e-01 7.878049e+02 5.350846e+02 
3.739899e-01 7.592564e+02 5.199492e+02 
3.790303e-01 7.326239e+02 5.054087e+02 
3.840707e-01 7.090327e+02 4.914334e+02 
3.891111e-01 6.889609e+02 4.779953e+02 
3.941515e-01 6.722589e+02 4.650680e+02 
3.991919e-01 6.583346e+02 4.526266e+02 
4.042323e-01 6.463171e+02 4.406481e+02 
4.092727e-01 6.351986e+02 4.291103e+02 
4.143131e-01 6.240098e+02 4.179926e+02 
4.193535e-01 6.120081e+02 4.072754e+02 
4.243939e-01 5.988224e+02 3.969404e+02 
4.294343e-01 5.844608e+02 3.869701e+02 
4.344747e-01 5.692023e+02 3.773482e+02 
4.395152e-01 5.535268e+02 3.680590e+02 
4.445556e-01 5.380338e+02 3.590879e+02 
4.495960e-01 5.232872e+02 3.504210e+02 
4.546364e-01 5.097134e+02 3.420451e+02 
4.596768e-01 4.974996e+02 3.339478e+02 
4.647172e-01 4.866476e+02 3.261171e+02 
4.697576e-01 4.769774e+02 3.185418e+02 
4.747980e-01 4.681858e+02 3.112115e+02 
4.798384e-01 4.599095e+02 3.041158e+02 
4.848788e-01 4.517623e+02 2.972452e+02 
4.899192e-01 4.434575e+02 2.905906e+02 
4.949596e-01 4.348463e+02 2.841433e+02 
5.000000e-01 4.258977e+02 2.778951e+02 
