1.000000e-03 2.782093e+03 2.781845e+03 
6.040404e-03 1.256865e+04 1.262214e+04 
1.108081e-02 1.752248e+04 1.742013e+04 
1.612121e-02 1.949647e+04 1.911633e+04 
2.116162e-02 1.961563e+04 1.887202e+04 
2.620202e-02 1.866754e+04 1.770317e+04 
3.124242e-02 1.723748e+04 1.631700e+04 
3.628283e-02 1.573161e+04 1.498763e+04 
4.132323e-02 1.438693e+04 1.377392e+04 
4.636364e-02 1.329215e+04 1.267559e+04 
5.140404e-02 1.247077e+04 1.168215e+04 
5.644444e-02 1.182945e+04 1.078300e+04 
6.148485e-02 1.127648e+04 9.968699e+03 
6.652525e-02 1.074324e+04 9.230751e+03 
7.156566e-02 1.016676e+04 8.561467e+03 
7.660606e-02 9.520708e+03 7.953858e+03 
8.164646e-02 8.825647e+03 7.401589e+03 
8.668687e-02 8.130968e+03 6.898949e+03 
9.172727e-02 7.483937e+03 6.440808e+03 
9.676768e-02 6.915956e+03 6.022578e+03 
1.018081e-01 6.444564e+03 5.640167e+03 
1.068485e-01 6.074458e+03 5.289934e+03 
1.118889e-01 5.792596e+03 4.968639e+03 
1.169293e-01 5.569447e+03 4.673404e+03 
1.219697e-01 5.370019e+03 4.401672e+03 
1.270101e-01 5.166437e+03 4.151166e+03 
1.320505e-01 4.944066e+03 3.919864e+03 
1.370909e-01 4.699838e+03 3.705960e+03 
1.421313e-01 4.439894e+03 3.507846e+03 
1.471717e-01 4.176279e+03 3.324087e+03 
1.522121e-01 3.923011e+03 3.153396e+03 
1.572525e-01 3.692872e+03 2.994623e+03 
1.622929e-01 3.494903e+03 2.846736e+03 
1.673333e-01 3.332233e+03 2.708807e+03 
1.723737e-01 3.201069e+03 2.580001e+03 
1.774141e-01 3.092232e+03 2.459566e+03 
1.824545e-01 2.995449e+03 2.346822e+03 
1.874949e-01 2.902018e+03 2.241156e+03 
1.925354e-01 2.805795e+03 2.142011e+03 
1.975758e-01 2.702913e+03 2.048883e+03 
2.026162e-01 2.592708e+03 1.961315e+03 
2.076566e-01 2.478358e+03 1.878889e+03 
2.126970e-01 2.365357e+03 1.801227e+03 
2.177374e-01 2.258816e+03 1.727981e+03 
2.227778e-01 2.161903e+03 1.658837e+03 
2.278182e-01 2.076096e+03 1.593504e+03 
2.328586e-01 2.001599e+03 1.531718e+03 
2.378990e-01 1.937093e+03 1.473237e+03 
2.429394e-01 1.879878e+03 1.417836e+03 
2.479798e-01 1.826638e+03 1.365312e+03 
2.530202e-01 1.774530e+03 1.315476e+03 
2.580606e-01 1.721761e+03 1.268153e+03 
2.631010e-01 1.667525e+03 1.223184e+03 
2.681414e-01 1.611923e+03 1.180420e+03 
2.731818e-01 1.555957e+03 1.139725e+03 
2.782222e-01 1.501165e+03 1.100971e+03 
2.832626e-01 1.449106e+03 1.064042e+03 
2.883030e-01 1.400810e+03 1.028829e+03 
2.933434e-01 1.356623e+03 9.952298e+02 
2.983838e-01 1.316408e+03 9.631517e+02 
3.034242e-01 1.279648e+03 9.325069e+02 
3.084646e-01 1.245543e+03 9.032142e+02 
3.135051e-01 1.213171e+03 8.751978e+02 
3.185455e-01 1.181653e+03 8.483872e+02 
3.235859e-01 1.150361e+03 8.227164e+02 
3.286263e-01 1.119062e+03 7.981238e+02 
3.336667e-01 1.087859e+03 7.745519e+02 
3.387071e-01 1.057079e+03 7.519468e+02 
3.437475e-01 1.027117e+03 7.302581e+02 
3.487879e-01 9.983376e+02 7.094386e+02 
3.538283e-01 9.710276e+02 6.894438e+02 
3.588687e-01 9.453441e+02 6.702323e+02 
3.639091e-01 9.212681e+02 6.517649e+02 
3.689495e-01 8.986065e+02 6.340051e+02 
3.739899e-01 8.770581e+02 6.169182e+02 
3.790303e-01 8.563150e+02 6.004717e+02 
3.840707e-01 8.361505e+02 5.846352e+02 
3.891111e-01 8.164382e+02 5.693797e+02 
3.941515e-01 7.970717e+02 5.546781e+02 
3.991919e-01 7.780386e+02 5.405047e+02 
4.042323e-01 7.593732e+02 5.268354e+02 
4.092727e-01 7.411878e+02 5.136474e+02 
4.143131e-01 7.236231e+02 5.009189e+02 
4.193535e-01 7.067662e+02 4.886295e+02 
4.243939e-01 6.906331e+02 4.767600e+02 
4.294343e-01 6.751812e+02 4.652920e+02 
4.344747e-01 6.603424e+02 4.542082e+02 
4.395152e-01 6.460756e+02 4.434922e+02 
4.445556e-01 6.323123e+02 4.331283e+02 
4.495960e-01 6.189408e+02 4.231018e+02 
4.546364e-01 6.058855e+02 4.133987e+02 
4.596768e-01 5.931168e+02 4.040057e+02 
4.647172e-01 5.806429e+02 3.949101e+02 
4.697576e-01 5.684881e+02 3.860998e+02 
4.747980e-01 5.566596e+02 3.775635e+02 
4.798384e-01 5.451522e+02 3.692902e+02 
4.848788e-01 5.339841e+02 3.612697e+02 
4.899192e-01 5.231880e+02 3.534919e+02 
4.949596e-01 5.127638e+02 3.459476e+02 
5.000000e-01 5.026885e+02 3.386277e+02 
