1.000000e-03 4.403615e+03 4.403193e+03 
6.040404e-03 1.907303e+04 1.915372e+04 
1.108081e-02 2.572959e+04 2.561752e+04 
1.612121e-02 2.768663e+04 2.722207e+04 
2.116162e-02 2.683732e+04 2.582182e+04 
2.620202e-02 2.449778e+04 2.315480e+04 
3.124242e-02 2.163924e+04 2.046223e+04 
3.628283e-02 1.890968e+04 1.814870e+04 
4.132323e-02 1.665689e+04 1.621556e+04 
4.636364e-02 1.496869e+04 1.458429e+04 
5.140404e-02 1.382563e+04 1.318692e+04 
5.644444e-02 1.305109e+04 1.197511e+04 
6.148485e-02 1.247573e+04 1.091468e+04 
6.652525e-02 1.193019e+04 9.980448e+03 
7.156566e-02 1.130313e+04 9.153073e+03 
7.660606e-02 1.054368e+04 8.417150e+03 
8.164646e-02 9.670922e+03 7.760108e+03 
8.668687e-02 8.753749e+03 7.171509e+03 
9.172727e-02 7.874475e+03 6.642584e+03 
9.676768e-02 7.103760e+03 6.165899e+03 
1.018081e-01 6.487476e+03 5.735117e+03 
1.068485e-01 6.037235e+03 5.344800e+03 
1.118889e-01 5.730967e+03 4.990269e+03 
1.169293e-01 5.525491e+03 4.667476e+03 
1.219697e-01 5.370740e+03 4.372911e+03 
1.270101e-01 5.219921e+03 4.103521e+03 
1.320505e-01 5.037056e+03 3.856639e+03 
1.370909e-01 4.804265e+03 3.629930e+03 
1.421313e-01 4.525033e+03 3.421347e+03 
1.471717e-01 4.217579e+03 3.229084e+03 
1.522121e-01 3.906375e+03 3.051551e+03 
1.572525e-01 3.616150e+03 2.887339e+03 
1.622929e-01 3.367832e+03 2.735200e+03 
1.673333e-01 3.172551e+03 2.594024e+03 
1.723737e-01 3.028935e+03 2.462822e+03 
1.774141e-01 2.925963e+03 2.340711e+03 
1.824545e-01 2.848678e+03 2.226901e+03 
1.874949e-01 2.782219e+03 2.120684e+03 
1.925354e-01 2.712725e+03 2.021423e+03 
1.975758e-01 2.629454e+03 1.928545e+03 
2.026162e-01 2.527724e+03 1.841535e+03 
2.076566e-01 2.410342e+03 1.759926e+03 
2.126970e-01 2.284918e+03 1.683294e+03 
2.177374e-01 2.160319e+03 1.611259e+03 
2.227778e-01 2.044333e+03 1.543471e+03 
2.278182e-01 1.942831e+03 1.479615e+03 
2.328586e-01 1.858891e+03 1.419403e+03 
2.378990e-01 1.792280e+03 1.362573e+03 
2.429394e-01 1.739827e+03 1.308883e+03 
2.479798e-01 1.696591e+03 1.258115e+03 
2.530202e-01 1.657098e+03 1.210068e+03 
2.580606e-01 1.616503e+03 1.164557e+03 
2.631010e-01 1.571543e+03 1.121413e+03 
2.681414e-01 1.521079e+03 1.080479e+03 
2.731818e-01 1.465969e+03 1.041613e+03 
2.782222e-01 1.408417e+03 1.004681e+03 
2.832626e-01 1.351200e+03 9.695622e+02 
2.883030e-01 1.297012e+03 9.361433e+02 
2.933434e-01 1.247969e+03 9.043198e+02 
2.983838e-01 1.205161e+03 8.739951e+02 
3.034242e-01 1.168558e+03 8.450797e+02 
3.084646e-01 1.137177e+03 8.174903e+02 
3.135051e-01 1.109425e+03 7.911496e+02 
3.185455e-01 1.083505e+03 7.659860e+02 
3.235859e-01 1.057793e+03 7.419324e+02 
3.286263e-01 1.031194e+03 7.189268e+02 
3.336667e-01 1.003203e+03 6.969109e+02 
3.387071e-01 9.739263e+02 6.758307e+02 
3.437475e-01 9.439673e+02 6.556355e+02 
3.487879e-01 9.142520e+02 6.362782e+02 
3.538283e-01 8.857187e+02 6.177143e+02 
3.588687e-01 8.590794e+02 5.999026e+02 
3.639091e-01 8.346900e+02 5.828042e+02 
3.689495e-01 8.125655e+02 5.663828e+02 
3.739899e-01 7.924984e+02 5.506042e+02 
3.790303e-01 7.740575e+02 5.354363e+02 
3.840707e-01 7.566679e+02 5.208491e+02 
3.891111e-01 7.397219e+02 5.068142e+02 
3.941515e-01 7.227938e+02 4.933049e+02 
3.991919e-01 7.056737e+02 4.802962e+02 
4.042323e-01 6.883803e+02 4.677643e+02 
4.092727e-01 6.710423e+02 4.556871e+02 
4.143131e-01 6.538984e+02 4.440434e+02 
4.193535e-01 6.372148e+02 4.328135e+02 
4.243939e-01 6.212624e+02 4.219785e+02 
4.294343e-01 6.062102e+02 4.115208e+02 
4.344747e-01 5.920990e+02 4.014235e+02 
4.395152e-01 5.788528e+02 3.916709e+02 
4.445556e-01 5.663437e+02 3.822478e+02 
4.495960e-01 5.544133e+02 3.731402e+02 
4.546364e-01 5.428778e+02 3.643344e+02 
4.596768e-01 5.315682e+02 3.558178e+02 
4.647172e-01 5.203698e+02 3.475782e+02 
4.697576e-01 5.092559e+02 3.396041e+02 
4.747980e-01 4.982574e+02 3.318845e+02 
4.798384e-01 4.874389e+02 3.244092e+02 
4.848788e-01 4.768583e+02 3.171682e+02 
4.899192e-01 4.666097e+02 3.101521e+02 
4.949596e-01 4.567539e+02 3.033520e+02 
5.000000e-01 4.473298e+02 2.967594e+02 
