1.000000e-03 3.997646e+03 3.997280e+03 
6.040404e-03 1.752057e+04 1.759849e+04 
1.108081e-02 2.393665e+04 2.384512e+04 
1.612121e-02 2.607159e+04 2.566944e+04 
2.116162e-02 2.557543e+04 2.466701e+04 
2.620202e-02 2.361535e+04 2.235310e+04 
3.124242e-02 2.107079e+04 1.989924e+04 
3.628283e-02 1.855243e+04 1.774394e+04 
4.132323e-02 1.641029e+04 1.592323e+04 
4.636364e-02 1.475965e+04 1.437642e+04 
5.140404e-02 1.360651e+04 1.304428e+04 
5.644444e-02 1.281884e+04 1.188345e+04 
6.148485e-02 1.224150e+04 1.086300e+04 
6.652525e-02 1.173237e+04 9.960165e+03 
7.156566e-02 1.116999e+04 9.157389e+03 
7.660606e-02 1.049156e+04 8.440679e+03 
8.164646e-02 9.698925e+03 7.798567e+03 
8.668687e-02 8.845160e+03 7.221485e+03 
9.172727e-02 8.001214e+03 6.701351e+03 
9.676768e-02 7.232909e+03 6.231279e+03 
1.018081e-01 6.590385e+03 5.805365e+03 
1.068485e-01 6.099017e+03 5.418520e+03 
1.118889e-01 5.752042e+03 5.066342e+03 
1.169293e-01 5.517026e+03 4.745008e+03 
1.219697e-01 5.349159e+03 4.451188e+03 
1.270101e-01 5.204280e+03 4.181973e+03 
1.320505e-01 5.045785e+03 3.934814e+03 
1.370909e-01 4.849051e+03 3.707471e+03 
1.421313e-01 4.606297e+03 3.497972e+03 
1.471717e-01 4.326414e+03 3.304578e+03 
1.522121e-01 4.029324e+03 3.125746e+03 
1.572525e-01 3.738664e+03 2.960111e+03 
1.622929e-01 3.475840e+03 2.806456e+03 
1.673333e-01 3.256382e+03 2.663700e+03 
1.723737e-01 3.086082e+03 2.530876e+03 
1.774141e-01 2.961013e+03 2.407119e+03 
1.824545e-01 2.869973e+03 2.291653e+03 
1.874949e-01 2.799257e+03 2.183782e+03 
1.925354e-01 2.734867e+03 2.082878e+03 
1.975758e-01 2.664525e+03 1.988376e+03 
2.026162e-01 2.580034e+03 1.899766e+03 
2.076566e-01 2.478872e+03 1.816585e+03 
2.126970e-01 2.364437e+03 1.738415e+03 
2.177374e-01 2.243659e+03 1.664876e+03 
2.227778e-01 2.124508e+03 1.595621e+03 
2.278182e-01 2.014339e+03 1.530335e+03 
2.328586e-01 1.918412e+03 1.468733e+03 
2.378990e-01 1.839085e+03 1.410551e+03 
2.429394e-01 1.775601e+03 1.355549e+03 
2.479798e-01 1.725082e+03 1.303508e+03 
2.530202e-01 1.683160e+03 1.254227e+03 
2.580606e-01 1.644923e+03 1.207519e+03 
2.631010e-01 1.605696e+03 1.163216e+03 
2.681414e-01 1.562234e+03 1.121160e+03 
2.731818e-01 1.513543e+03 1.081207e+03 
2.782222e-01 1.460483e+03 1.043224e+03 
2.832626e-01 1.405026e+03 1.007087e+03 
2.883030e-01 1.349547e+03 9.726832e+02 
2.933434e-01 1.296503e+03 9.399069e+02 
2.983838e-01 1.248062e+03 9.086603e+02 
3.034242e-01 1.205531e+03 8.788528e+02 
3.084646e-01 1.169050e+03 8.504004e+02 
3.135051e-01 1.137701e+03 8.232247e+02 
3.185455e-01 1.110065e+03 7.972531e+02 
3.235859e-01 1.084578e+03 7.724176e+02 
3.286263e-01 1.059763e+03 7.486553e+02 
3.336667e-01 1.034370e+03 7.259070e+02 
3.387071e-01 1.007622e+03 7.041178e+02 
3.437475e-01 9.794845e+02 6.832363e+02 
3.487879e-01 9.504725e+02 6.632144e+02 
3.538283e-01 9.214240e+02 6.440069e+02 
3.588687e-01 8.931752e+02 6.255719e+02 
3.639091e-01 8.664259e+02 6.078697e+02 
3.689495e-01 8.416916e+02 5.908632e+02 
3.739899e-01 8.192096e+02 5.745176e+02 
3.790303e-01 7.988775e+02 5.588002e+02 
3.840707e-01 7.802994e+02 5.436803e+02 
3.891111e-01 7.629542e+02 5.291289e+02 
3.941515e-01 7.462986e+02 5.151187e+02 
3.991919e-01 7.298954e+02 5.016242e+02 
4.042323e-01 7.134212e+02 4.886210e+02 
4.092727e-01 6.966909e+02 4.760865e+02 
4.143131e-01 6.797719e+02 4.639990e+02 
4.193535e-01 6.628764e+02 4.523383e+02 
4.243939e-01 6.462986e+02 4.410850e+02 
4.294343e-01 6.302773e+02 4.302212e+02 
4.344747e-01 6.149988e+02 4.197294e+02 
4.395152e-01 6.005725e+02 4.095936e+02 
4.445556e-01 5.870509e+02 3.997982e+02 
4.495960e-01 5.743888e+02 3.903288e+02 
4.546364e-01 5.624009e+02 3.811713e+02 
4.596768e-01 5.508940e+02 3.723128e+02 
4.647172e-01 5.396948e+02 3.637407e+02 
4.697576e-01 5.287047e+02 3.554433e+02 
4.747980e-01 5.178341e+02 3.474093e+02 
4.798384e-01 5.070222e+02 3.396279e+02 
4.848788e-01 4.962983e+02 3.320892e+02 
4.899192e-01 4.857312e+02 3.247833e+02 
4.949596e-01 4.754258e+02 3.177011e+02 
5.000000e-01 4.654560e+02 3.108339e+02 
