1.000000e-03 5.887444e+03 5.886882e+03 
6.040404e-03 2.563209e+04 2.575225e+04 
1.108081e-02 3.458896e+04 3.455328e+04 
1.612121e-02 3.699532e+04 3.664815e+04 
2.116162e-02 3.535116e+04 3.423093e+04 
2.620202e-02 3.149780e+04 2.966659e+04 
3.124242e-02 2.686955e+04 2.510216e+04 
3.628283e-02 2.246749e+04 2.137935e+04 
4.132323e-02 1.884751e+04 1.848621e+04 
4.636364e-02 1.617296e+04 1.621111e+04 
5.140404e-02 1.442947e+04 1.437385e+04 
5.644444e-02 1.338923e+04 1.285285e+04 
6.148485e-02 1.280644e+04 1.156889e+04 
6.652525e-02 1.242873e+04 1.046908e+04 
7.156566e-02 1.204122e+04 9.516570e+03 
7.660606e-02 1.149124e+04 8.684553e+03 
8.164646e-02 1.071362e+04 7.952788e+03 
8.668687e-02 9.739128e+03 7.305514e+03 
9.172727e-02 8.664294e+03 6.730174e+03 
9.676768e-02 7.609842e+03 6.216574e+03 
1.018081e-01 6.683123e+03 5.756321e+03 
1.068485e-01 5.953020e+03 5.342428e+03 
1.118889e-01 5.439562e+03 4.969026e+03 
1.169293e-01 5.123433e+03 4.631143e+03 
1.219697e-01 4.960863e+03 4.324547e+03 
1.270101e-01 4.894091e+03 4.045607e+03 
1.320505e-01 4.859499e+03 3.791201e+03 
1.370909e-01 4.798763e+03 3.558626e+03 
1.421313e-01 4.671099e+03 3.345536e+03 
1.471717e-01 4.460333e+03 3.149885e+03 
1.522121e-01 4.173624e+03 2.969885e+03 
1.572525e-01 3.836932e+03 2.803964e+03 
1.622929e-01 3.488764e+03 2.650741e+03 
1.673333e-01 3.168186e+03 2.508996e+03 
1.723737e-01 2.903066e+03 2.377649e+03 
1.774141e-01 2.705312e+03 2.255740e+03 
1.824545e-01 2.573314e+03 2.142416e+03 
1.874949e-01 2.497363e+03 2.036918e+03 
1.925354e-01 2.461852e+03 1.938563e+03 
1.975758e-01 2.446213e+03 1.846743e+03 
2.026162e-01 2.428462e+03 1.760910e+03 
2.076566e-01 2.390882e+03 1.680572e+03 
2.126970e-01 2.324036e+03 1.605285e+03 
2.177374e-01 2.227055e+03 1.534648e+03 
2.227778e-01 2.106101e+03 1.468298e+03 
2.278182e-01 1.972232e+03 1.405907e+03 
2.328586e-01 1.838671e+03 1.347175e+03 
2.378990e-01 1.717665e+03 1.291832e+03 
2.429394e-01 1.617632e+03 1.239630e+03 
2.479798e-01 1.542045e+03 1.190342e+03 
2.530202e-01 1.490083e+03 1.143764e+03 
2.580606e-01 1.457447e+03 1.099707e+03 
2.631010e-01 1.437375e+03 1.057997e+03 
2.681414e-01 1.422092e+03 1.018476e+03 
2.731818e-01 1.404297e+03 9.809981e+02 
2.782222e-01 1.378527e+03 9.454297e+02 
2.832626e-01 1.342020e+03 9.116473e+02 
2.883030e-01 1.294869e+03 8.795369e+02 
2.933434e-01 1.239586e+03 8.489936e+02 
2.983838e-01 1.180362e+03 8.199201e+02 
3.034242e-01 1.122054e+03 7.922266e+02 
3.084646e-01 1.068896e+03 7.658298e+02 
3.135051e-01 1.023750e+03 7.406527e+02 
3.185455e-01 9.877980e+02 7.166235e+02 
3.235859e-01 9.605875e+02 6.936757e+02 
3.286263e-01 9.404725e+02 6.717473e+02 
3.336667e-01 9.250168e+02 6.507809e+02 
3.387071e-01 9.113849e+02 6.307226e+02 
3.437475e-01 8.968612e+02 6.115224e+02 
3.487879e-01 8.794616e+02 5.931336e+02 
3.538283e-01 8.582759e+02 5.755126e+02 
3.588687e-01 8.334412e+02 5.586184e+02 
3.639091e-01 8.059125e+02 5.424129e+02 
3.689495e-01 7.771055e+02 5.268603e+02 
3.739899e-01 7.486633e+02 5.119272e+02 
3.790303e-01 7.221566e+02 4.975821e+02 
3.840707e-01 6.987205e+02 4.837954e+02 
3.891111e-01 6.788430e+02 4.705394e+02 
3.941515e-01 6.623801e+02 4.577882e+02 
3.991919e-01 6.487216e+02 4.455172e+02 
4.042323e-01 6.369793e+02 4.337032e+02 
4.092727e-01 6.261427e+02 4.223248e+02 
4.143131e-01 6.152231e+02 4.113612e+02 
4.193535e-01 6.034541e+02 4.007933e+02 
4.243939e-01 5.904647e+02 3.906028e+02 
4.294343e-01 5.762579e+02 3.807725e+02 
4.344747e-01 5.611252e+02 3.712862e+02 
4.395152e-01 5.455596e+02 3.621284e+02 
4.445556e-01 5.301642e+02 3.532848e+02 
4.495960e-01 5.155131e+02 3.447415e+02 
4.546364e-01 5.020452e+02 3.364854e+02 
4.596768e-01 4.899628e+02 3.285043e+02 
4.647172e-01 4.792658e+02 3.207865e+02 
4.697576e-01 4.697572e+02 3.133209e+02 
4.747980e-01 4.611409e+02 3.060969e+02 
4.798384e-01 4.530255e+02 2.991045e+02 
4.848788e-01 4.450466e+02 2.923344e+02 
4.899192e-01 4.368992e+02 2.857773e+02 
4.949596e-01 4.284131e+02 2.794249e+02 
5.000000e-01 4.195752e+02 2.732688e+02 
