1.000000e-03 3.225919e+03 3.225628e+03 
6.040404e-03 1.447068e+04 1.453251e+04 
1.108081e-02 1.996444e+04 1.985696e+04 
1.612121e-02 2.196252e+04 2.155223e+04 
2.116162e-02 2.181999e+04 2.099601e+04 
2.620202e-02 2.048142e+04 1.941677e+04 
3.124242e-02 1.864604e+04 1.766699e+04 
3.628283e-02 1.679125e+04 1.605549e+04 
4.132323e-02 1.518764e+04 1.462801e+04 
4.636364e-02 1.392704e+04 1.336562e+04 
5.140404e-02 1.300256e+04 1.224382e+04 
5.644444e-02 1.231611e+04 1.124253e+04 
6.148485e-02 1.174708e+04 1.034584e+04 
6.652525e-02 1.119549e+04 9.540767e+03 
7.156566e-02 1.058393e+04 8.816346e+03 
7.660606e-02 9.885423e+03 8.163159e+03 
8.164646e-02 9.124942e+03 7.573015e+03 
8.668687e-02 8.358115e+03 7.038765e+03 
9.172727e-02 7.639895e+03 6.554145e+03 
9.676768e-02 7.012122e+03 6.113665e+03 
1.018081e-01 6.501025e+03 5.712510e+03 
1.068485e-01 6.112511e+03 5.346451e+03 
1.118889e-01 5.827724e+03 5.011770e+03 
1.169293e-01 5.609961e+03 4.705199e+03 
1.219697e-01 5.419393e+03 4.423854e+03 
1.270101e-01 5.224425e+03 4.165194e+03 
1.320505e-01 5.005854e+03 3.926972e+03 
1.370909e-01 4.757205e+03 3.707197e+03 
1.421313e-01 4.484218e+03 3.504107e+03 
1.471717e-01 4.202408e+03 3.316133e+03 
1.522121e-01 3.930134e+03 3.141879e+03 
1.572525e-01 3.683586e+03 2.980103e+03 
1.622929e-01 3.473727e+03 2.829691e+03 
1.673333e-01 3.304532e+03 2.689649e+03 
1.723737e-01 3.172119e+03 2.559085e+03 
1.774141e-01 3.066486e+03 2.437196e+03 
1.824545e-01 2.975546e+03 2.323263e+03 
1.874949e-01 2.888389e+03 2.216633e+03 
1.925354e-01 2.796605e+03 2.116722e+03 
1.975758e-01 2.695225e+03 2.022996e+03 
2.026162e-01 2.583685e+03 1.934975e+03 
2.076566e-01 2.465871e+03 1.852223e+03 
2.126970e-01 2.347901e+03 1.774343e+03 
2.177374e-01 2.235728e+03 1.700973e+03 
2.227778e-01 2.133803e+03 1.631785e+03 
2.278182e-01 2.044848e+03 1.566478e+03 
2.328586e-01 1.969405e+03 1.504777e+03 
2.378990e-01 1.905640e+03 1.446431e+03 
2.429394e-01 1.850221e+03 1.391210e+03 
2.479798e-01 1.799499e+03 1.338902e+03 
2.530202e-01 1.750184e+03 1.289312e+03 
2.580606e-01 1.699688e+03 1.242263e+03 
2.631010e-01 1.646453e+03 1.197589e+03 
2.681414e-01 1.590568e+03 1.155139e+03 
2.731818e-01 1.533577e+03 1.114772e+03 
2.782222e-01 1.477506e+03 1.076359e+03 
2.832626e-01 1.424083e+03 1.039780e+03 
2.883030e-01 1.374463e+03 1.004923e+03 
2.933434e-01 1.329361e+03 9.716869e+02 
2.983838e-01 1.288988e+03 9.399749e+02 
3.034242e-01 1.252865e+03 9.096985e+02 
3.084646e-01 1.219887e+03 8.807752e+02 
3.135051e-01 1.188717e+03 8.531281e+02 
3.185455e-01 1.158267e+03 8.266858e+02 
3.235859e-01 1.127897e+03 8.013815e+02 
3.286263e-01 1.097305e+03 7.771529e+02 
3.336667e-01 1.066451e+03 7.539418e+02 
3.387071e-01 1.035594e+03 7.316940e+02 
3.437475e-01 1.005283e+03 7.103585e+02 
3.487879e-01 9.761694e+02 6.898877e+02 
3.538283e-01 9.487049e+02 6.702370e+02 
3.588687e-01 9.230411e+02 6.513647e+02 
3.639091e-01 8.991106e+02 6.332313e+02 
3.689495e-01 8.767406e+02 6.158000e+02 
3.739899e-01 8.556825e+02 5.990363e+02 
3.790303e-01 8.355796e+02 5.829075e+02 
3.840707e-01 8.160659e+02 5.673830e+02 
3.891111e-01 7.968742e+02 5.524339e+02 
3.941515e-01 7.778865e+02 5.380331e+02 
3.991919e-01 7.591118e+02 5.241548e+02 
4.042323e-01 7.406425e+02 5.107749e+02 
4.092727e-01 7.225880e+02 4.978706e+02 
4.143131e-01 7.050911e+02 4.854202e+02 
4.193535e-01 6.882980e+02 4.734035e+02 
4.243939e-01 6.722873e+02 4.618011e+02 
4.294343e-01 6.570441e+02 4.505948e+02 
4.344747e-01 6.424935e+02 4.397673e+02 
4.395152e-01 6.285383e+02 4.293023e+02 
4.445556e-01 6.150871e+02 4.191843e+02 
4.495960e-01 6.020623e+02 4.093986e+02 
4.546364e-01 5.893406e+02 3.999312e+02 
4.596768e-01 5.768755e+02 3.907689e+02 
4.647172e-01 5.646419e+02 3.818992e+02 
4.697576e-01 5.526825e+02 3.733101e+02 
4.747980e-01 5.410214e+02 3.649903e+02 
4.798384e-01 5.296745e+02 3.569289e+02 
4.848788e-01 5.186742e+02 3.491157e+02 
4.899192e-01 5.080491e+02 3.415410e+02 
4.949596e-01 4.978081e+02 3.341955e+02 
5.000000e-01 4.879278e+02 3.270702e+02 
