1.000000e-03 4.999791e+03 4.999333e+03 
6.040404e-03 2.221778e+04 2.232327e+04 
1.108081e-02 3.035474e+04 3.031704e+04 
1.612121e-02 3.283747e+04 3.251645e+04 
2.116162e-02 3.175799e+04 3.077177e+04 
2.620202e-02 2.867686e+04 2.707199e+04 
3.124242e-02 2.482257e+04 2.324566e+04 
3.628283e-02 2.106954e+04 2.004934e+04 
4.132323e-02 1.792344e+04 1.751411e+04 
4.636364e-02 1.555242e+04 1.548540e+04 
5.140404e-02 1.396916e+04 1.382309e+04 
5.644444e-02 1.299146e+04 1.243026e+04 
6.148485e-02 1.241200e+04 1.124268e+04 
6.652525e-02 1.201871e+04 1.021686e+04 
7.156566e-02 1.161860e+04 9.322048e+03 
7.660606e-02 1.107888e+04 8.535584e+03 
8.164646e-02 1.034513e+04 7.840119e+03 
8.668687e-02 9.445235e+03 7.221986e+03 
9.172727e-02 8.460537e+03 6.670170e+03 
9.676768e-02 7.492703e+03 6.175640e+03 
1.018081e-01 6.635490e+03 5.730897e+03 
1.068485e-01 5.951986e+03 5.329643e+03 
1.118889e-01 5.463199e+03 4.966551e+03 
1.169293e-01 5.152474e+03 4.637080e+03 
1.219697e-01 4.979427e+03 4.337338e+03 
1.270101e-01 4.892687e+03 4.063974e+03 
1.320505e-01 4.836746e+03 3.814085e+03 
1.370909e-01 4.759889e+03 3.585153e+03 
1.421313e-01 4.624918e+03 3.374978e+03 
1.471717e-01 4.416889e+03 3.181638e+03 
1.522121e-01 4.143166e+03 3.003444e+03 
1.572525e-01 3.826939e+03 2.838910e+03 
1.622929e-01 3.500997e+03 2.686722e+03 
1.673333e-01 3.198981e+03 2.545718e+03 
1.723737e-01 2.946319e+03 2.414866e+03 
1.774141e-01 2.754910e+03 2.293247e+03 
1.824545e-01 2.623764e+03 2.180044e+03 
1.874949e-01 2.543586e+03 2.074522e+03 
1.925354e-01 2.499846e+03 1.976026e+03 
1.975758e-01 2.474444e+03 1.883967e+03 
2.026162e-01 2.448180e+03 1.797814e+03 
2.076566e-01 2.405136e+03 1.717090e+03 
2.126970e-01 2.336343e+03 1.641363e+03 
2.177374e-01 2.240874e+03 1.570242e+03 
2.227778e-01 2.124418e+03 1.503374e+03 
2.278182e-01 1.996904e+03 1.440437e+03 
2.328586e-01 1.869982e+03 1.381140e+03 
2.378990e-01 1.754266e+03 1.325215e+03 
2.429394e-01 1.657223e+03 1.272420e+03 
2.479798e-01 1.582322e+03 1.222534e+03 
2.530202e-01 1.529072e+03 1.175353e+03 
2.580606e-01 1.493617e+03 1.130692e+03 
2.631010e-01 1.469772e+03 1.088380e+03 
2.681414e-01 1.450442e+03 1.048260e+03 
2.731818e-01 1.429149e+03 1.010188e+03 
2.782222e-01 1.401122e+03 9.740326e+02 
2.832626e-01 1.363840e+03 9.396701e+02 
2.883030e-01 1.317196e+03 9.069880e+02 
2.933434e-01 1.263379e+03 8.758819e+02 
2.983838e-01 1.206178e+03 8.462553e+02 
3.034242e-01 1.149933e+03 8.180188e+02 
3.084646e-01 1.098330e+03 7.910895e+02 
3.135051e-01 1.053909e+03 7.653905e+02 
3.185455e-01 1.017768e+03 7.408502e+02 
3.235859e-01 9.896584e+02 7.174022e+02 
3.286263e-01 9.681453e+02 6.949847e+02 
3.336667e-01 9.509402e+02 6.735400e+02 
3.387071e-01 9.354542e+02 6.530144e+02 
3.437475e-01 9.193627e+02 6.333577e+02 
3.487879e-01 9.009385e+02 6.145231e+02 
3.538283e-01 8.792950e+02 5.964669e+02 
3.588687e-01 8.544354e+02 5.791480e+02 
3.639091e-01 8.272012e+02 5.625280e+02 
3.689495e-01 7.989426e+02 5.465711e+02 
3.739899e-01 7.711325e+02 5.312435e+02 
3.790303e-01 7.450814e+02 5.165135e+02 
3.840707e-01 7.217298e+02 5.023515e+02 
3.891111e-01 7.015653e+02 4.887296e+02 
3.941515e-01 6.845646e+02 4.756214e+02 
3.991919e-01 6.702081e+02 4.630022e+02 
4.042323e-01 6.576395e+02 4.508488e+02 
4.092727e-01 6.459028e+02 4.391393e+02 
4.143131e-01 6.341695e+02 4.278528e+02 
4.193535e-01 6.218178e+02 4.169700e+02 
4.243939e-01 6.084899e+02 4.064725e+02 
4.294343e-01 5.941224e+02 3.963427e+02 
4.344747e-01 5.789498e+02 3.865642e+02 
4.395152e-01 5.634362e+02 3.771215e+02 
4.445556e-01 5.481329e+02 3.679999e+02 
4.495960e-01 5.335548e+02 3.591854e+02 
4.546364e-01 5.200116e+02 3.506648e+02 
4.596768e-01 5.077110e+02 3.424256e+02 
4.647172e-01 4.966754e+02 3.344559e+02 
4.697576e-01 4.867751e+02 3.267444e+02 
4.747980e-01 4.777163e+02 3.192805e+02 
4.798384e-01 4.691377e+02 3.120540e+02 
4.848788e-01 4.607092e+02 3.050552e+02 
4.899192e-01 4.521920e+02 2.982750e+02 
4.949596e-01 4.434531e+02 2.917046e+02 
5.000000e-01 4.344370e+02 2.853358e+02 
