1.000000e-03 3.195000e+03 3.194713e+03 
6.040404e-03 1.454169e+04 1.460532e+04 
1.108081e-02 2.024660e+04 2.016058e+04 
1.612121e-02 2.239400e+04 2.203072e+04 
2.116162e-02 2.229178e+04 2.149618e+04 
2.620202e-02 2.089362e+04 1.979781e+04 
3.124242e-02 1.893138e+04 1.789683e+04 
3.628283e-02 1.692403e+04 1.616906e+04 
4.132323e-02 1.517904e+04 1.466749e+04 
4.636364e-02 1.380787e+04 1.336141e+04 
5.140404e-02 1.282662e+04 1.221487e+04 
5.644444e-02 1.213369e+04 1.120014e+04 
6.148485e-02 1.159731e+04 1.029667e+04 
6.652525e-02 1.111414e+04 9.488734e+03 
7.156566e-02 1.057991e+04 8.763767e+03 
7.660606e-02 9.943454e+03 8.111387e+03 
8.164646e-02 9.212547e+03 7.522825e+03 
8.668687e-02 8.439303e+03 6.990577e+03 
9.172727e-02 7.686164e+03 6.508163e+03 
9.676768e-02 7.005507e+03 6.069962e+03 
1.018081e-01 6.435645e+03 5.671074e+03 
1.068485e-01 5.995987e+03 5.307224e+03 
1.118889e-01 5.680674e+03 4.974664e+03 
1.169293e-01 5.459246e+03 4.670111e+03 
1.219697e-01 5.290215e+03 4.390676e+03 
1.270101e-01 5.134172e+03 4.133814e+03 
1.320505e-01 4.961657e+03 3.897281e+03 
1.370909e-01 4.755672e+03 3.679091e+03 
1.421313e-01 4.512844e+03 3.477484e+03 
1.471717e-01 4.242606e+03 3.290899e+03 
1.522121e-01 3.962869e+03 3.117946e+03 
1.572525e-01 3.694338e+03 2.957387e+03 
1.622929e-01 3.455271e+03 2.808114e+03 
1.673333e-01 3.257396e+03 2.669139e+03 
1.723737e-01 3.103144e+03 2.539575e+03 
1.774141e-01 2.986813e+03 2.418624e+03 
1.824545e-01 2.897623e+03 2.305570e+03 
1.874949e-01 2.823414e+03 2.199767e+03 
1.925354e-01 2.752222e+03 2.100631e+03 
1.975758e-01 2.673831e+03 2.007635e+03 
2.026162e-01 2.582153e+03 1.920301e+03 
2.076566e-01 2.476845e+03 1.838195e+03 
2.126970e-01 2.362496e+03 1.760924e+03 
2.177374e-01 2.245911e+03 1.688129e+03 
2.227778e-01 2.133684e+03 1.619483e+03 
2.278182e-01 2.031349e+03 1.554688e+03 
2.328586e-01 1.942890e+03 1.493472e+03 
2.378990e-01 1.869661e+03 1.435584e+03 
2.429394e-01 1.810153e+03 1.380796e+03 
2.479798e-01 1.760823e+03 1.328899e+03 
2.530202e-01 1.717385e+03 1.279699e+03 
2.580606e-01 1.675791e+03 1.233019e+03 
2.631010e-01 1.632594e+03 1.188696e+03 
2.681414e-01 1.585538e+03 1.146578e+03 
2.731818e-01 1.534173e+03 1.106528e+03 
2.782222e-01 1.479756e+03 1.068416e+03 
2.832626e-01 1.424514e+03 1.032123e+03 
2.883030e-01 1.370764e+03 9.975392e+02 
2.933434e-01 1.320405e+03 9.645627e+02 
2.983838e-01 1.274785e+03 9.330984e+02 
3.034242e-01 1.234570e+03 9.030583e+02 
3.084646e-01 1.199588e+03 8.743605e+02 
3.135051e-01 1.168863e+03 8.469288e+02 
3.185455e-01 1.140907e+03 8.206923e+02 
3.235859e-01 1.114207e+03 7.955847e+02 
3.286263e-01 1.087569e+03 7.715442e+02 
3.336667e-01 1.060246e+03 7.485131e+02 
3.387071e-01 1.031945e+03 7.264376e+02 
3.437475e-01 1.002817e+03 7.052672e+02 
3.487879e-01 9.733785e+02 6.849546e+02 
3.538283e-01 9.444167e+02 6.654555e+02 
3.588687e-01 9.167112e+02 6.467286e+02 
3.639091e-01 8.908076e+02 6.287348e+02 
3.689495e-01 8.669400e+02 6.114375e+02 
3.739899e-01 8.450498e+02 5.948024e+02 
3.790303e-01 8.249038e+02 5.787973e+02 
3.840707e-01 8.061546e+02 5.633916e+02 
3.891111e-01 7.883307e+02 5.485567e+02 
3.941515e-01 7.709588e+02 5.342657e+02 
3.991919e-01 7.536748e+02 5.204932e+02 
4.042323e-01 7.362842e+02 5.072151e+02 
4.092727e-01 7.188361e+02 4.944088e+02 
4.143131e-01 7.014565e+02 4.820529e+02 
4.193535e-01 6.843467e+02 4.701271e+02 
4.243939e-01 6.677162e+02 4.586125e+02 
4.294343e-01 6.517501e+02 4.474908e+02 
4.344747e-01 6.365992e+02 4.367449e+02 
4.395152e-01 6.223184e+02 4.263587e+02 
4.445556e-01 6.088454e+02 4.163167e+02 
4.495960e-01 5.960533e+02 4.066044e+02 
4.546364e-01 5.837819e+02 3.972079e+02 
4.596768e-01 5.718866e+02 3.881141e+02 
4.647172e-01 5.602741e+02 3.793106e+02 
4.697576e-01 5.488340e+02 3.707856e+02 
4.747980e-01 5.375092e+02 3.625276e+02 
4.798384e-01 5.263023e+02 3.545262e+02 
4.848788e-01 5.152789e+02 3.467710e+02 
4.899192e-01 5.045304e+02 3.392523e+02 
4.949596e-01 4.941061e+02 3.319611e+02 
5.000000e-01 4.840361e+02 3.248884e+02 
