1.000000e-03 3.734787e+03 3.734437e+03 
6.040404e-03 1.633225e+04 1.640019e+04 
1.108081e-02 2.215163e+04 2.202696e+04 
1.612121e-02 2.401047e+04 2.354648e+04 
2.116162e-02 2.352154e+04 2.260113e+04 
2.620202e-02 2.178166e+04 2.062428e+04 
3.124242e-02 1.958188e+04 1.856052e+04 
3.628283e-02 1.744520e+04 1.671743e+04 
4.132323e-02 1.565173e+04 1.511823e+04 
4.636364e-02 1.427791e+04 1.372595e+04 
5.140404e-02 1.329705e+04 1.250421e+04 
5.644444e-02 1.258111e+04 1.142511e+04 
6.148485e-02 1.198817e+04 1.046737e+04 
6.652525e-02 1.139761e+04 9.614128e+03 
7.156566e-02 1.073480e+04 8.851609e+03 
7.660606e-02 9.977831e+03 8.168248e+03 
8.164646e-02 9.158343e+03 7.554220e+03 
8.668687e-02 8.338307e+03 7.001101e+03 
9.172727e-02 7.580308e+03 6.501634e+03 
9.676768e-02 6.932026e+03 6.049544e+03 
1.018081e-01 6.419101e+03 5.639391e+03 
1.068485e-01 6.039752e+03 5.266449e+03 
1.118889e-01 5.766369e+03 4.926599e+03 
1.169293e-01 5.557083e+03 4.616251e+03 
1.219697e-01 5.370049e+03 4.332261e+03 
1.270101e-01 5.172066e+03 4.071874e+03 
1.320505e-01 4.942950e+03 3.832672e+03 
1.370909e-01 4.678741e+03 3.612523e+03 
1.421313e-01 4.390694e+03 3.409548e+03 
1.471717e-01 4.098102e+03 3.222083e+03 
1.522121e-01 3.820315e+03 3.048656e+03 
1.572525e-01 3.573583e+03 2.887958e+03 
1.622929e-01 3.368856e+03 2.738825e+03 
1.673333e-01 3.208629e+03 2.600216e+03 
1.723737e-01 3.085969e+03 2.471204e+03 
1.774141e-01 2.987821e+03 2.350958e+03 
1.824545e-01 2.900959e+03 2.238731e+03 
1.874949e-01 2.814605e+03 2.133853e+03 
1.925354e-01 2.720873e+03 2.035720e+03 
1.975758e-01 2.615476e+03 1.943786e+03 
2.026162e-01 2.499288e+03 1.857561e+03 
2.076566e-01 2.377944e+03 1.776597e+03 
2.126970e-01 2.258665e+03 1.700491e+03 
2.177374e-01 2.147750e+03 1.628875e+03 
2.227778e-01 2.049178e+03 1.561416e+03 
2.278182e-01 1.964828e+03 1.497809e+03 
2.328586e-01 1.894243e+03 1.437776e+03 
2.378990e-01 1.834976e+03 1.381064e+03 
2.429394e-01 1.783184e+03 1.327441e+03 
2.479798e-01 1.734710e+03 1.276695e+03 
2.530202e-01 1.685961e+03 1.228629e+03 
2.580606e-01 1.634672e+03 1.183065e+03 
2.631010e-01 1.580232e+03 1.139838e+03 
2.681414e-01 1.523562e+03 1.098796e+03 
2.731818e-01 1.466503e+03 1.059800e+03 
2.782222e-01 1.411041e+03 1.022719e+03 
2.832626e-01 1.358939e+03 9.874356e+02 
2.883030e-01 1.311442e+03 9.538382e+02 
2.933434e-01 1.269000e+03 9.218248e+02 
2.983838e-01 1.231329e+03 8.913007e+02 
3.034242e-01 1.197442e+03 8.621779e+02 
3.084646e-01 1.166118e+03 8.343748e+02 
3.135051e-01 1.136100e+03 8.078152e+02 
3.185455e-01 1.106373e+03 7.824287e+02 
3.235859e-01 1.076302e+03 7.581493e+02 
3.286263e-01 1.045768e+03 7.349156e+02 
3.336667e-01 1.015051e+03 7.126704e+02 
3.387071e-01 9.846532e+02 6.913602e+02 
3.437475e-01 9.551781e+02 6.709349e+02 
3.487879e-01 9.271539e+02 6.513479e+02 
3.538283e-01 9.009657e+02 6.325552e+02 
3.588687e-01 8.766860e+02 6.145160e+02 
3.639091e-01 8.541532e+02 5.971917e+02 
3.689495e-01 8.330290e+02 5.805463e+02 
3.739899e-01 8.129800e+02 5.645458e+02 
3.790303e-01 7.936692e+02 5.491584e+02 
3.840707e-01 7.747794e+02 5.343542e+02 
3.891111e-01 7.560937e+02 5.201051e+02 
3.941515e-01 7.375279e+02 5.063843e+02 
3.991919e-01 7.191831e+02 4.931671e+02 
4.042323e-01 7.012357e+02 4.804298e+02 
4.092727e-01 6.838315e+02 4.681502e+02 
4.143131e-01 6.670933e+02 4.563073e+02 
4.193535e-01 6.510969e+02 4.448814e+02 
4.243939e-01 6.358924e+02 4.338536e+02 
4.294343e-01 6.214462e+02 4.232062e+02 
4.344747e-01 6.076609e+02 4.129226e+02 
4.395152e-01 5.943939e+02 4.029868e+02 
4.445556e-01 5.815387e+02 3.933838e+02 
4.495960e-01 5.690125e+02 3.840994e+02 
4.546364e-01 5.567685e+02 3.751201e+02 
4.596768e-01 5.447604e+02 3.664331e+02 
4.647172e-01 5.329733e+02 3.580263e+02 
4.697576e-01 5.214599e+02 3.498880e+02 
4.747980e-01 5.102794e+02 3.420073e+02 
4.798384e-01 4.994530e+02 3.343739e+02 
4.848788e-01 4.889927e+02 3.269778e+02 
4.899192e-01 4.789075e+02 3.198095e+02 
4.949596e-01 4.691857e+02 3.128601e+02 
5.000000e-01 4.598069e+02 3.061211e+02 
