1.000000e-03 3.122151e+03 3.121855e+03 
6.040404e-03 1.416299e+04 1.421989e+04 
1.108081e-02 1.956941e+04 1.945004e+04 
1.612121e-02 2.152613e+04 2.109354e+04 
2.116162e-02 2.137273e+04 2.052445e+04 
2.620202e-02 2.004861e+04 1.897452e+04 
3.124242e-02 1.824881e+04 1.727242e+04 
3.628283e-02 1.644437e+04 1.570661e+04 
4.132323e-02 1.489727e+04 1.431725e+04 
4.636364e-02 1.368973e+04 1.308610e+04 
5.140404e-02 1.281041e+04 1.199035e+04 
5.644444e-02 1.214984e+04 1.101127e+04 
6.148485e-02 1.159323e+04 1.013387e+04 
6.652525e-02 1.103773e+04 9.345781e+03 
7.156566e-02 1.041354e+04 8.636462e+03 
7.660606e-02 9.702566e+03 7.996798e+03 
8.164646e-02 8.937971e+03 7.418828e+03 
8.668687e-02 8.177848e+03 6.895580e+03 
9.172727e-02 7.476539e+03 6.420938e+03 
9.676768e-02 6.873321e+03 5.989532e+03 
1.018081e-01 6.391198e+03 5.596649e+03 
1.068485e-01 6.030113e+03 5.238146e+03 
1.118889e-01 5.765226e+03 4.910384e+03 
1.169293e-01 5.556685e+03 4.610157e+03 
1.219697e-01 5.365383e+03 4.334643e+03 
1.270101e-01 5.162723e+03 4.081348e+03 
1.320505e-01 4.932851e+03 3.848072e+03 
1.370909e-01 4.673176e+03 3.632864e+03 
1.421313e-01 4.393568e+03 3.433997e+03 
1.471717e-01 4.111640e+03 3.249933e+03 
1.522121e-01 3.845727e+03 3.079306e+03 
1.572525e-01 3.610563e+03 2.920896e+03 
1.622929e-01 3.414886e+03 2.773615e+03 
1.673333e-01 3.259687e+03 2.636487e+03 
1.723737e-01 3.138198e+03 2.508639e+03 
1.774141e-01 3.038743e+03 2.389286e+03 
1.824545e-01 2.949098e+03 2.277720e+03 
1.874949e-01 2.859205e+03 2.173306e+03 
1.925354e-01 2.761977e+03 2.075468e+03 
1.975758e-01 2.654347e+03 1.983686e+03 
2.026162e-01 2.538013e+03 1.897489e+03 
2.076566e-01 2.418267e+03 1.816449e+03 
2.126970e-01 2.301549e+03 1.740179e+03 
2.177374e-01 2.193298e+03 1.668325e+03 
2.227778e-01 2.097175e+03 1.600563e+03 
2.278182e-01 2.014731e+03 1.536601e+03 
2.328586e-01 1.945120e+03 1.476169e+03 
2.378990e-01 1.885520e+03 1.419022e+03 
2.429394e-01 1.832256e+03 1.364933e+03 
2.479798e-01 1.781773e+03 1.313695e+03 
2.530202e-01 1.731076e+03 1.265119e+03 
2.580606e-01 1.678112e+03 1.219030e+03 
2.631010e-01 1.622327e+03 1.175266e+03 
2.681414e-01 1.564795e+03 1.133679e+03 
2.731818e-01 1.507532e+03 1.094131e+03 
2.782222e-01 1.452463e+03 1.056496e+03 
2.832626e-01 1.400909e+03 1.020656e+03 
2.883030e-01 1.353739e+03 9.865030e+02 
2.933434e-01 1.311348e+03 9.539359e+02 
2.983838e-01 1.273472e+03 9.228612e+02 
3.034242e-01 1.239128e+03 8.931920e+02 
3.084646e-01 1.206954e+03 8.648475e+02 
3.135051e-01 1.175784e+03 8.377527e+02 
3.185455e-01 1.144867e+03 8.118374e+02 
3.235859e-01 1.113809e+03 7.870363e+02 
3.286263e-01 1.082494e+03 7.632886e+02 
3.336667e-01 1.051124e+03 7.405371e+02 
3.387071e-01 1.020227e+03 7.187289e+02 
3.437475e-01 9.904513e+02 6.978141e+02 
3.487879e-01 9.622810e+02 6.777460e+02 
3.538283e-01 9.359225e+02 6.584810e+02 
3.588687e-01 9.113407e+02 6.399782e+02 
3.639091e-01 8.883638e+02 6.221992e+02 
3.689495e-01 8.667577e+02 6.051078e+02 
3.739899e-01 8.461634e+02 5.886701e+02 
3.790303e-01 8.262073e+02 5.728543e+02 
3.840707e-01 8.066043e+02 5.576304e+02 
3.891111e-01 7.872418e+02 5.429701e+02 
3.941515e-01 7.681252e+02 5.288468e+02 
3.991919e-01 7.493173e+02 5.152353e+02 
4.042323e-01 7.309316e+02 5.021121e+02 
4.092727e-01 7.131178e+02 4.894547e+02 
4.143131e-01 6.960333e+02 4.772421e+02 
4.193535e-01 6.797478e+02 4.654543e+02 
4.243939e-01 6.642265e+02 4.540723e+02 
4.294343e-01 6.493961e+02 4.430785e+02 
4.344747e-01 6.351812e+02 4.324558e+02 
4.395152e-01 6.214877e+02 4.221883e+02 
4.445556e-01 6.082109e+02 4.122607e+02 
4.495960e-01 5.952478e+02 4.026588e+02 
4.546364e-01 5.825440e+02 3.933687e+02 
4.596768e-01 5.701000e+02 3.843777e+02 
4.647172e-01 5.579454e+02 3.756734e+02 
4.697576e-01 5.461005e+02 3.672440e+02 
4.747980e-01 5.345784e+02 3.590786e+02 
4.798384e-01 5.234180e+02 3.511665e+02 
4.848788e-01 5.126474e+02 3.434976e+02 
4.899192e-01 5.022643e+02 3.360625e+02 
4.949596e-01 4.922443e+02 3.288519e+02 
5.000000e-01 4.825437e+02 3.218573e+02 
