1.000000e-03 3.204964e+03 3.204671e+03 
6.040404e-03 1.447191e+04 1.453349e+04 
1.108081e-02 1.999953e+04 1.989587e+04 
1.612121e-02 2.200147e+04 2.159978e+04 
2.116162e-02 2.183027e+04 2.100730e+04 
2.620202e-02 2.044111e+04 1.936642e+04 
3.124242e-02 1.854824e+04 1.756238e+04 
3.628283e-02 1.664192e+04 1.591604e+04 
4.132323e-02 1.500165e+04 1.447017e+04 
4.636364e-02 1.372021e+04 1.320017e+04 
5.140404e-02 1.279507e+04 1.207725e+04 
5.644444e-02 1.212032e+04 1.107862e+04 
6.148485e-02 1.157247e+04 1.018675e+04 
6.652525e-02 1.104575e+04 9.387657e+03 
7.156566e-02 1.045649e+04 8.669792e+03 
7.660606e-02 9.773412e+03 8.023368e+03 
8.164646e-02 9.019494e+03 7.439976e+03 
8.668687e-02 8.250816e+03 6.912327e+03 
9.172727e-02 7.525480e+03 6.434078e+03 
9.676768e-02 6.888624e+03 5.999694e+03 
1.018081e-01 6.370288e+03 5.604337e+03 
1.068485e-01 5.978842e+03 5.243768e+03 
1.118889e-01 5.696456e+03 4.914274e+03 
1.169293e-01 5.486331e+03 4.612591e+03 
1.219697e-01 5.307657e+03 4.335848e+03 
1.270101e-01 5.126846e+03 4.081517e+03 
1.320505e-01 4.921868e+03 3.847365e+03 
1.370909e-01 4.683953e+03 3.631416e+03 
1.421313e-01 4.417734e+03 3.431923e+03 
1.471717e-01 4.138116e+03 3.247330e+03 
1.522121e-01 3.864478e+03 3.076258e+03 
1.572525e-01 3.614612e+03 2.917474e+03 
1.622929e-01 3.401114e+03 2.769879e+03 
1.673333e-01 3.229521e+03 2.632491e+03 
1.723737e-01 3.096872e+03 2.504427e+03 
1.774141e-01 2.993483e+03 2.384897e+03 
1.824545e-01 2.907168e+03 2.273188e+03 
1.874949e-01 2.826257e+03 2.168659e+03 
1.925354e-01 2.741183e+03 2.070731e+03 
1.975758e-01 2.645881e+03 1.978882e+03 
2.026162e-01 2.538976e+03 1.892636e+03 
2.076566e-01 2.423823e+03 1.811564e+03 
2.126970e-01 2.306644e+03 1.735275e+03 
2.177374e-01 2.193826e+03 1.663414e+03 
2.227778e-01 2.090561e+03 1.595656e+03 
2.278182e-01 2.000303e+03 1.531707e+03 
2.328586e-01 1.924207e+03 1.471296e+03 
2.378990e-01 1.860775e+03 1.414176e+03 
2.429394e-01 1.806793e+03 1.360120e+03 
2.479798e-01 1.758480e+03 1.308921e+03 
2.530202e-01 1.712149e+03 1.260387e+03 
2.580606e-01 1.664715e+03 1.214343e+03 
2.631010e-01 1.614236e+03 1.170628e+03 
2.681414e-01 1.560439e+03 1.129092e+03 
2.731818e-01 1.504706e+03 1.089597e+03 
2.782222e-01 1.449152e+03 1.052017e+03 
2.832626e-01 1.395677e+03 1.016234e+03 
2.883030e-01 1.345734e+03 9.821376e+02 
2.933434e-01 1.300339e+03 9.496284e+02 
2.983838e-01 1.259942e+03 9.186121e+02 
3.034242e-01 1.224219e+03 8.890017e+02 
3.084646e-01 1.192068e+03 8.607163e+02 
3.135051e-01 1.162074e+03 8.336804e+02 
3.185455e-01 1.133027e+03 8.078240e+02 
3.235859e-01 1.104104e+03 7.830816e+02 
3.286263e-01 1.074807e+03 7.593922e+02 
3.336667e-01 1.044964e+03 7.366987e+02 
3.387071e-01 1.014809e+03 7.149479e+02 
3.437475e-01 9.849139e+02 6.940899e+02 
3.487879e-01 9.559823e+02 6.740782e+02 
3.538283e-01 9.285985e+02 6.548689e+02 
3.588687e-01 9.030165e+02 6.364210e+02 
3.639091e-01 8.792529e+02 6.186962e+02 
3.689495e-01 8.572103e+02 6.016584e+02 
3.739899e-01 8.366269e+02 5.852735e+02 
3.790303e-01 8.171405e+02 5.695097e+02 
3.840707e-01 7.983209e+02 5.543369e+02 
3.891111e-01 7.798226e+02 5.397270e+02 
3.941515e-01 7.614763e+02 5.256533e+02 
3.991919e-01 7.432612e+02 5.120906e+02 
4.042323e-01 7.252254e+02 4.990153e+02 
4.092727e-01 7.074819e+02 4.864051e+02 
4.143131e-01 6.902186e+02 4.742388e+02 
4.193535e-01 6.736129e+02 4.624965e+02 
4.243939e-01 6.577723e+02 4.511593e+02 
4.294343e-01 6.427275e+02 4.402094e+02 
4.344747e-01 6.284192e+02 4.296298e+02 
4.395152e-01 6.147570e+02 4.194047e+02 
4.445556e-01 6.016550e+02 4.095187e+02 
4.495960e-01 5.890012e+02 3.999576e+02 
4.546364e-01 5.766585e+02 3.907077e+02 
4.596768e-01 5.645417e+02 3.817560e+02 
4.647172e-01 5.526385e+02 3.730903e+02 
4.697576e-01 5.409588e+02 3.646989e+02 
4.747980e-01 5.295316e+02 3.565707e+02 
4.798384e-01 5.183915e+02 3.486951e+02 
4.848788e-01 5.075664e+02 3.410621e+02 
4.899192e-01 4.971088e+02 3.336621e+02 
4.949596e-01 4.870400e+02 3.264861e+02 
5.000000e-01 4.773428e+02 3.195253e+02 
