1.000000e-03 3.095439e+03 3.095160e+03 
6.040404e-03 1.377274e+04 1.382977e+04 
1.108081e-02 1.895214e+04 1.882882e+04 
1.612121e-02 2.086098e+04 2.042441e+04 
2.116162e-02 2.080228e+04 1.998219e+04 
2.620202e-02 1.965806e+04 1.863750e+04 
3.124242e-02 1.806172e+04 1.711616e+04 
3.628283e-02 1.643675e+04 1.567622e+04 
4.132323e-02 1.501611e+04 1.436740e+04 
4.636364e-02 1.387267e+04 1.318644e+04 
5.140404e-02 1.301781e+04 1.212154e+04 
5.644444e-02 1.233235e+04 1.116096e+04 
6.148485e-02 1.172784e+04 1.029405e+04 
6.652525e-02 1.112513e+04 9.511123e+03 
7.156566e-02 1.046815e+04 8.803399e+03 
7.660606e-02 9.748252e+03 8.162909e+03 
8.164646e-02 8.998722e+03 7.582472e+03 
8.668687e-02 8.272019e+03 7.055654e+03 
9.172727e-02 7.611469e+03 6.576715e+03 
9.676768e-02 7.045071e+03 6.140553e+03 
1.018081e-01 6.586775e+03 5.742647e+03 
1.068485e-01 6.232703e+03 5.378992e+03 
1.118889e-01 5.958369e+03 5.046045e+03 
1.169293e-01 5.727342e+03 4.740673e+03 
1.219697e-01 5.505778e+03 4.460103e+03 
1.270101e-01 5.272488e+03 4.201877e+03 
1.320505e-01 5.018516e+03 3.963817e+03 
1.370909e-01 4.745754e+03 3.743988e+03 
1.421313e-01 4.464899e+03 3.540671e+03 
1.471717e-01 4.191141e+03 3.352335e+03 
1.522121e-01 3.938751e+03 3.177613e+03 
1.572525e-01 3.717650e+03 3.015284e+03 
1.622929e-01 3.532396e+03 2.864257e+03 
1.673333e-01 3.381437e+03 2.723552e+03 
1.723737e-01 3.257028e+03 2.592289e+03 
1.774141e-01 3.148262e+03 2.469679e+03 
1.824545e-01 3.045192e+03 2.355007e+03 
1.874949e-01 2.940666e+03 2.247632e+03 
1.925354e-01 2.830510e+03 2.146971e+03 
1.975758e-01 2.713961e+03 2.052497e+03 
2.026162e-01 2.593683e+03 1.963735e+03 
2.076566e-01 2.474580e+03 1.880249e+03 
2.126970e-01 2.361754e+03 1.801645e+03 
2.177374e-01 2.258802e+03 1.727565e+03 
2.227778e-01 2.167383e+03 1.657680e+03 
2.278182e-01 2.087561e+03 1.591692e+03 
2.328586e-01 2.017866e+03 1.529325e+03 
2.378990e-01 1.955404e+03 1.470330e+03 
2.429394e-01 1.896991e+03 1.414477e+03 
2.479798e-01 1.840123e+03 1.361553e+03 
2.530202e-01 1.783111e+03 1.311365e+03 
2.580606e-01 1.725004e+03 1.263735e+03 
2.631010e-01 1.665878e+03 1.218496e+03 
2.681414e-01 1.606910e+03 1.175498e+03 
2.731818e-01 1.549784e+03 1.134599e+03 
2.782222e-01 1.495937e+03 1.095670e+03 
2.832626e-01 1.445989e+03 1.058591e+03 
2.883030e-01 1.400020e+03 1.023250e+03 
2.933434e-01 1.357915e+03 9.895437e+02 
2.983838e-01 1.319227e+03 9.573766e+02 
3.034242e-01 1.283069e+03 9.266592e+02 
3.084646e-01 1.248414e+03 8.973086e+02 
3.135051e-01 1.214476e+03 8.692476e+02 
3.185455e-01 1.180882e+03 8.424043e+02 
3.235859e-01 1.147619e+03 8.167115e+02 
3.286263e-01 1.114838e+03 7.921065e+02 
3.336667e-01 1.082735e+03 7.685308e+02 
3.387071e-01 1.051645e+03 7.459296e+02 
3.437475e-01 1.021979e+03 7.242516e+02 
3.487879e-01 9.939912e+02 7.034490e+02 
3.538283e-01 9.676696e+02 6.834767e+02 
3.588687e-01 9.428125e+02 6.642925e+02 
3.639091e-01 9.191813e+02 6.458569e+02 
3.689495e-01 8.965543e+02 6.281326e+02 
3.739899e-01 8.747270e+02 6.110847e+02 
3.790303e-01 8.535093e+02 5.946803e+02 
3.840707e-01 8.327196e+02 5.788884e+02 
3.891111e-01 8.123402e+02 5.636799e+02 
3.941515e-01 7.924447e+02 5.490274e+02 
3.991919e-01 7.731182e+02 5.349049e+02 
4.042323e-01 7.544155e+02 5.212879e+02 
4.092727e-01 7.364015e+02 5.081535e+02 
4.143131e-01 7.191186e+02 4.954797e+02 
4.193535e-01 7.025653e+02 4.832459e+02 
4.243939e-01 6.866946e+02 4.714328e+02 
4.294343e-01 6.714127e+02 4.600217e+02 
4.344747e-01 6.566275e+02 4.489953e+02 
4.395152e-01 6.422882e+02 4.383370e+02 
4.445556e-01 6.283595e+02 4.280311e+02 
4.495960e-01 6.147955e+02 4.180627e+02 
4.546364e-01 6.015574e+02 4.084178e+02 
4.596768e-01 5.886545e+02 3.990828e+02 
4.647172e-01 5.761166e+02 3.900451e+02 
4.697576e-01 5.639556e+02 3.812926e+02 
4.747980e-01 5.521767e+02 3.728138e+02 
4.798384e-01 5.407758e+02 3.645977e+02 
4.848788e-01 5.297337e+02 3.566340e+02 
4.899192e-01 5.190478e+02 3.489127e+02 
4.949596e-01 5.087011e+02 3.414244e+02 
5.000000e-01 4.986477e+02 3.341601e+02 
