1.000000e-03 4.869090e+03 4.868636e+03 
6.040404e-03 2.145691e+04 2.155636e+04 
1.108081e-02 2.917213e+04 2.910942e+04 
1.612121e-02 3.147361e+04 3.109969e+04 
2.116162e-02 3.042700e+04 2.941506e+04 
2.620202e-02 2.753431e+04 2.600046e+04 
3.124242e-02 2.395370e+04 2.251167e+04 
3.628283e-02 2.049410e+04 1.958326e+04 
4.132323e-02 1.761251e+04 1.722860e+04 
4.636364e-02 1.544957e+04 1.531528e+04 
5.140404e-02 1.400895e+04 1.372632e+04 
5.644444e-02 1.310621e+04 1.238072e+04 
6.148485e-02 1.254106e+04 1.122409e+04 
6.652525e-02 1.210864e+04 1.021885e+04 
7.156566e-02 1.163838e+04 9.337871e+03 
7.660606e-02 1.102087e+04 8.560732e+03 
8.164646e-02 1.022499e+04 7.871520e+03 
8.668687e-02 9.295177e+03 7.257507e+03 
9.172727e-02 8.319001e+03 6.708306e+03 
9.676768e-02 7.393440e+03 6.215320e+03 
1.018081e-01 6.599839e+03 5.771348e+03 
1.068485e-01 5.985888e+03 5.370309e+03 
1.118889e-01 5.558271e+03 5.007027e+03 
1.169293e-01 5.290257e+03 4.677075e+03 
1.219697e-01 5.136594e+03 4.376645e+03 
1.270101e-01 5.043922e+03 4.102445e+03 
1.320505e-01 4.958388e+03 3.851620e+03 
1.370909e-01 4.835377e+03 3.621686e+03 
1.421313e-01 4.649634e+03 3.410469e+03 
1.471717e-01 4.398278e+03 3.216067e+03 
1.522121e-01 4.097237e+03 3.036805e+03 
1.572525e-01 3.773724e+03 2.871207e+03 
1.622929e-01 3.459587e+03 2.717970e+03 
1.673333e-01 3.183912e+03 2.575937e+03 
1.723737e-01 2.964548e+03 2.444080e+03 
1.774141e-01 2.805308e+03 2.321484e+03 
1.824545e-01 2.699117e+03 2.207331e+03 
1.874949e-01 2.633194e+03 2.100891e+03 
1.925354e-01 2.591358e+03 2.001508e+03 
1.975758e-01 2.555452e+03 1.908592e+03 
2.026162e-01 2.508660e+03 1.821615e+03 
2.076566e-01 2.439991e+03 1.740097e+03 
2.126970e-01 2.346563e+03 1.663606e+03 
2.177374e-01 2.232577e+03 1.591751e+03 
2.227778e-01 2.106728e+03 1.524177e+03 
2.278182e-01 1.979514e+03 1.460562e+03 
2.328586e-01 1.861089e+03 1.400614e+03 
2.378990e-01 1.759325e+03 1.344064e+03 
2.429394e-01 1.678274e+03 1.290669e+03 
2.479798e-01 1.617993e+03 1.240206e+03 
2.530202e-01 1.575226e+03 1.192472e+03 
2.580606e-01 1.544414e+03 1.147279e+03 
2.631010e-01 1.518921e+03 1.104457e+03 
2.681414e-01 1.492477e+03 1.063847e+03 
2.731818e-01 1.460407e+03 1.025304e+03 
2.782222e-01 1.420283e+03 9.886959e+02 
2.832626e-01 1.372011e+03 9.538985e+02 
2.883030e-01 1.317568e+03 9.207983e+02 
2.933434e-01 1.260331e+03 8.892902e+02 
2.983838e-01 1.204140e+03 8.592770e+02 
3.034242e-01 1.152404e+03 8.306685e+02 
3.084646e-01 1.107446e+03 8.033813e+02 
3.135051e-01 1.070240e+03 7.773377e+02 
3.185455e-01 1.040426e+03 7.524658e+02 
3.235859e-01 1.016543e+03 7.286984e+02 
3.286263e-01 9.964849e+02 7.059731e+02 
3.336667e-01 9.779278e+02 6.842319e+02 
3.387071e-01 9.587943e+02 6.634205e+02 
3.437475e-01 9.376304e+02 6.434883e+02 
3.487879e-01 9.137360e+02 6.243879e+02 
3.538283e-01 8.872586e+02 6.060753e+02 
3.588687e-01 8.590960e+02 5.885089e+02 
3.639091e-01 8.305068e+02 5.716502e+02 
3.689495e-01 8.027569e+02 5.554626e+02 
3.739899e-01 7.769043e+02 5.399123e+02 
3.790303e-01 7.536772e+02 5.249671e+02 
3.840707e-01 7.333982e+02 5.105972e+02 
3.891111e-01 7.159144e+02 4.967742e+02 
3.941515e-01 7.006405e+02 4.834716e+02 
3.991919e-01 6.867624e+02 4.706645e+02 
4.042323e-01 6.734439e+02 4.583292e+02 
4.092727e-01 6.600339e+02 4.464437e+02 
4.143131e-01 6.460786e+02 4.349869e+02 
4.193535e-01 6.313365e+02 4.239392e+02 
4.243939e-01 6.158821e+02 4.132818e+02 
4.294343e-01 6.000073e+02 4.029973e+02 
4.344747e-01 5.841509e+02 3.930689e+02 
4.395152e-01 5.687719e+02 3.834809e+02 
4.445556e-01 5.542325e+02 3.742184e+02 
4.495960e-01 5.407571e+02 3.652673e+02 
4.546364e-01 5.284332e+02 3.566142e+02 
4.596768e-01 5.172054e+02 3.482464e+02 
4.647172e-01 5.068818e+02 3.401519e+02 
4.697576e-01 4.971701e+02 3.323194e+02 
4.747980e-01 4.877758e+02 3.247379e+02 
4.798384e-01 4.784613e+02 3.173972e+02 
4.848788e-01 4.690672e+02 3.102876e+02 
4.899192e-01 4.595233e+02 3.033996e+02 
4.949596e-01 4.498309e+02 2.967246e+02 
5.000000e-01 4.400990e+02 2.902541e+02 
