1.000000e-03 3.356583e+03 3.356264e+03 
6.040404e-03 1.509229e+04 1.515275e+04 
1.108081e-02 2.075159e+04 2.062776e+04 
1.612121e-02 2.272960e+04 2.227769e+04 
2.116162e-02 2.247203e+04 2.158097e+04 
2.620202e-02 2.098868e+04 1.986328e+04 
3.124242e-02 1.902274e+04 1.801157e+04 
3.628283e-02 1.707453e+04 1.632677e+04 
4.132323e-02 1.541897e+04 1.484397e+04 
4.636364e-02 1.413653e+04 1.353823e+04 
5.140404e-02 1.321348e+04 1.238176e+04 
5.644444e-02 1.252557e+04 1.135245e+04 
6.148485e-02 1.195123e+04 1.043300e+04 
6.652525e-02 1.137555e+04 9.609364e+03 
7.156566e-02 1.072600e+04 8.869760e+03 
7.660606e-02 9.983472e+03 8.204127e+03 
8.164646e-02 9.182938e+03 7.603767e+03 
8.668687e-02 8.386185e+03 7.061117e+03 
9.172727e-02 7.651314e+03 6.569585e+03 
9.676768e-02 7.021471e+03 6.123416e+03 
1.018081e-01 6.521197e+03 5.717578e+03 
1.068485e-01 6.149738e+03 5.347667e+03 
1.118889e-01 5.879714e+03 5.009824e+03 
1.169293e-01 5.668781e+03 4.700660e+03 
1.219697e-01 5.476104e+03 4.417199e+03 
1.270101e-01 5.271067e+03 4.156818e+03 
1.320505e-01 5.036112e+03 3.917205e+03 
1.370909e-01 4.768414e+03 3.696317e+03 
1.421313e-01 4.478911e+03 3.492344e+03 
1.471717e-01 4.186479e+03 3.303680e+03 
1.522121e-01 3.910664e+03 3.128900e+03 
1.572525e-01 3.667274e+03 2.966732e+03 
1.622929e-01 3.465599e+03 2.816043e+03 
1.673333e-01 3.306924e+03 2.675819e+03 
1.723737e-01 3.183893e+03 2.545153e+03 
1.774141e-01 3.083998e+03 2.423228e+03 
1.824545e-01 2.994224e+03 2.309314e+03 
1.874949e-01 2.903837e+03 2.202751e+03 
1.925354e-01 2.805388e+03 2.102943e+03 
1.975758e-01 2.695593e+03 2.009352e+03 
2.026162e-01 2.576171e+03 1.921492e+03 
2.076566e-01 2.452831e+03 1.838922e+03 
2.126970e-01 2.332510e+03 1.761240e+03 
2.177374e-01 2.221042e+03 1.688081e+03 
2.227778e-01 2.122353e+03 1.619115e+03 
2.278182e-01 2.038151e+03 1.554037e+03 
2.328586e-01 1.967443e+03 1.492570e+03 
2.378990e-01 1.907289e+03 1.434463e+03 
2.429394e-01 1.853834e+03 1.379482e+03 
2.479798e-01 1.803246e+03 1.327416e+03 
2.530202e-01 1.752196e+03 1.278068e+03 
2.580606e-01 1.698483e+03 1.231259e+03 
2.631010e-01 1.641623e+03 1.186823e+03 
2.681414e-01 1.582857e+03 1.144609e+03 
2.731818e-01 1.524279e+03 1.104475e+03 
2.782222e-01 1.467850e+03 1.066292e+03 
2.832626e-01 1.415035e+03 1.029938e+03 
2.883030e-01 1.366860e+03 9.953040e+02 
2.933434e-01 1.323811e+03 9.622854e+02 
2.983838e-01 1.285531e+03 9.307868e+02 
3.034242e-01 1.250876e+03 9.007194e+02 
3.084646e-01 1.218456e+03 8.720005e+02 
3.135051e-01 1.187076e+03 8.445533e+02 
3.185455e-01 1.155922e+03 8.183062e+02 
3.235859e-01 1.124503e+03 7.931924e+02 
3.286263e-01 1.092682e+03 7.691498e+02 
3.336667e-01 1.060725e+03 7.461201e+02 
3.387071e-01 1.029252e+03 7.240491e+02 
3.437475e-01 9.989426e+02 7.028860e+02 
3.487879e-01 9.702809e+02 6.825832e+02 
3.538283e-01 9.434735e+02 6.630962e+02 
3.588687e-01 9.185269e+02 6.443832e+02 
3.639091e-01 8.953267e+02 6.264050e+02 
3.689495e-01 8.735495e+02 6.091250e+02 
3.739899e-01 8.527829e+02 5.925084e+02 
3.790303e-01 8.326436e+02 5.765229e+02 
3.840707e-01 8.128591e+02 5.611379e+02 
3.891111e-01 7.932961e+02 5.463246e+02 
3.941515e-01 7.739433e+02 5.320559e+02 
3.991919e-01 7.548625e+02 5.183062e+02 
4.042323e-01 7.361900e+02 5.050516e+02 
4.092727e-01 7.181211e+02 4.922691e+02 
4.143131e-01 7.008163e+02 4.799374e+02 
4.193535e-01 6.843227e+02 4.680362e+02 
4.243939e-01 6.686076e+02 4.565463e+02 
4.294343e-01 6.536179e+02 4.454495e+02 
4.344747e-01 6.392796e+02 4.347286e+02 
4.395152e-01 6.254885e+02 4.243674e+02 
4.445556e-01 6.121028e+02 4.143504e+02 
4.495960e-01 5.990050e+02 4.046631e+02 
4.546364e-01 5.861698e+02 3.952916e+02 
4.596768e-01 5.736048e+02 3.862227e+02 
4.647172e-01 5.613208e+02 3.774439e+02 
4.697576e-01 5.493327e+02 3.689434e+02 
4.747980e-01 5.376681e+02 3.607099e+02 
4.798384e-01 5.263806e+02 3.527326e+02 
4.848788e-01 5.155091e+02 3.450014e+02 
4.899192e-01 5.050324e+02 3.375066e+02 
4.949596e-01 4.949076e+02 3.302389e+02 
5.000000e-01 4.851079e+02 3.231895e+02 
