1.000000e-03 3.169293e+03 3.168985e+03 
6.040404e-03 1.393557e+04 1.398565e+04 
1.108081e-02 1.894172e+04 1.877453e+04 
1.612121e-02 2.066422e+04 2.013985e+04 
2.116162e-02 2.049619e+04 1.959613e+04 
2.620202e-02 1.933874e+04 1.828517e+04 
3.124242e-02 1.780661e+04 1.683439e+04 
3.628283e-02 1.628691e+04 1.544793e+04 
4.132323e-02 1.497391e+04 1.417048e+04 
4.636364e-02 1.390763e+04 1.300640e+04 
5.140404e-02 1.307841e+04 1.195064e+04 
5.644444e-02 1.236244e+04 1.099552e+04 
6.148485e-02 1.168713e+04 1.013254e+04 
6.652525e-02 1.098888e+04 9.353094e+03 
7.156566e-02 1.024813e+04 8.648870e+03 
7.660606e-02 9.482154e+03 8.012084e+03 
8.164646e-02 8.734844e+03 7.435594e+03 
8.668687e-02 8.050408e+03 6.912935e+03 
9.172727e-02 7.456372e+03 6.438315e+03 
9.676768e-02 6.965251e+03 6.006575e+03 
1.018081e-01 6.573287e+03 5.613137e+03 
1.068485e-01 6.257978e+03 5.253948e+03 
1.118889e-01 5.984794e+03 4.925428e+03 
1.169293e-01 5.722048e+03 4.624411e+03 
1.219697e-01 5.451414e+03 4.348101e+03 
1.270101e-01 5.166987e+03 4.094023e+03 
1.320505e-01 4.872905e+03 3.859986e+03 
1.370909e-01 4.581235e+03 3.644047e+03 
1.421313e-01 4.306296e+03 3.444480e+03 
1.471717e-01 4.058400e+03 3.259753e+03 
1.522121e-01 3.842435e+03 3.088499e+03 
1.572525e-01 3.659396e+03 2.929498e+03 
1.622929e-01 3.505581e+03 2.781660e+03 
1.673333e-01 3.372032e+03 2.644009e+03 
1.723737e-01 3.248014e+03 2.515670e+03 
1.774141e-01 3.125713e+03 2.395856e+03 
1.824545e-01 3.001589e+03 2.283859e+03 
1.874949e-01 2.875044e+03 2.179041e+03 
1.925354e-01 2.747534e+03 2.080824e+03 
1.975758e-01 2.622397e+03 1.988687e+03 
2.026162e-01 2.503899e+03 1.902158e+03 
2.076566e-01 2.395531e+03 1.820807e+03 
2.126970e-01 2.298381e+03 1.744245e+03 
2.177374e-01 2.211651e+03 1.672117e+03 
2.227778e-01 2.133608e+03 1.604100e+03 
2.278182e-01 2.061908e+03 1.539897e+03 
2.328586e-01 1.994122e+03 1.479240e+03 
2.378990e-01 1.928315e+03 1.421881e+03 
2.429394e-01 1.863312e+03 1.367594e+03 
2.479798e-01 1.798693e+03 1.316170e+03 
2.530202e-01 1.734794e+03 1.267420e+03 
2.580606e-01 1.672707e+03 1.221166e+03 
2.631010e-01 1.613645e+03 1.177248e+03 
2.681414e-01 1.558332e+03 1.135515e+03 
2.731818e-01 1.506868e+03 1.095831e+03 
2.782222e-01 1.459028e+03 1.058068e+03 
2.832626e-01 1.414436e+03 1.022107e+03 
2.883030e-01 1.372490e+03 9.878406e+02 
2.933434e-01 1.332425e+03 9.551666e+02 
2.983838e-01 1.293625e+03 9.239912e+02 
3.034242e-01 1.255797e+03 8.942272e+02 
3.084646e-01 1.218873e+03 8.657934e+02 
3.135051e-01 1.182931e+03 8.386144e+02 
3.185455e-01 1.148125e+03 8.126198e+02 
3.235859e-01 1.114654e+03 7.877439e+02 
3.286263e-01 1.082724e+03 7.639256e+02 
3.336667e-01 1.052417e+03 7.411077e+02 
3.387071e-01 1.023649e+03 7.192367e+02 
3.437475e-01 9.962614e+02 6.982627e+02 
3.487879e-01 9.700704e+02 6.781388e+02 
3.538283e-01 9.449089e+02 6.588212e+02 
3.588687e-01 9.205738e+02 6.402686e+02 
3.639091e-01 8.969537e+02 6.224427e+02 
3.689495e-01 8.740430e+02 6.053070e+02 
3.739899e-01 8.518428e+02 5.888275e+02 
3.790303e-01 8.303480e+02 5.729722e+02 
3.840707e-01 8.095750e+02 5.577111e+02 
3.891111e-01 7.895502e+02 5.430156e+02 
3.941515e-01 7.702958e+02 5.288590e+02 
3.991919e-01 7.518103e+02 5.152162e+02 
4.042323e-01 7.340304e+02 5.020634e+02 
4.092727e-01 7.168563e+02 4.893781e+02 
4.143131e-01 7.002472e+02 4.771391e+02 
4.193535e-01 6.841943e+02 4.653264e+02 
4.243939e-01 6.686458e+02 4.539210e+02 
4.294343e-01 6.535380e+02 4.429050e+02 
4.344747e-01 6.388608e+02 4.322614e+02 
4.395152e-01 6.246367e+02 4.219742e+02 
4.445556e-01 6.108696e+02 4.120280e+02 
4.495960e-01 5.975431e+02 4.024086e+02 
4.546364e-01 5.846177e+02 3.931021e+02 
4.596768e-01 5.720981e+02 3.840955e+02 
4.647172e-01 5.599838e+02 3.753765e+02 
4.697576e-01 5.482560e+02 3.669334e+02 
4.747980e-01 5.368736e+02 3.587550e+02 
4.798384e-01 5.258071e+02 3.508307e+02 
4.848788e-01 5.150581e+02 3.431505e+02 
4.899192e-01 5.046193e+02 3.357046e+02 
4.949596e-01 4.944818e+02 3.284839e+02 
5.000000e-01 4.846084e+02 3.214798e+02 
