1.000000e-03 5.044861e+03 5.044400e+03 
6.040404e-03 2.241580e+04 2.252270e+04 
1.108081e-02 3.062346e+04 3.058778e+04 
1.612121e-02 3.312474e+04 3.280679e+04 
2.116162e-02 3.203030e+04 3.104294e+04 
2.620202e-02 2.891444e+04 2.729986e+04 
3.124242e-02 2.501699e+04 2.342692e+04 
3.628283e-02 2.122169e+04 2.019275e+04 
4.132323e-02 1.803921e+04 1.762978e+04 
4.636364e-02 1.564017e+04 1.558098e+04 
5.140404e-02 1.403784e+04 1.390377e+04 
5.644444e-02 1.304893e+04 1.249953e+04 
6.148485e-02 1.246462e+04 1.130296e+04 
6.652525e-02 1.207099e+04 1.026986e+04 
7.156566e-02 1.167330e+04 9.369043e+03 
7.660606e-02 1.113609e+04 8.577543e+03 
8.164646e-02 1.040347e+04 7.877799e+03 
8.668687e-02 9.501713e+03 7.255994e+03 
9.172727e-02 8.512066e+03 6.701000e+03 
9.676768e-02 7.536945e+03 6.203700e+03 
1.018081e-01 6.671193e+03 5.756525e+03 
1.068485e-01 5.979355e+03 5.353127e+03 
1.118889e-01 5.483619e+03 4.988134e+03 
1.169293e-01 5.167764e+03 4.656971e+03 
1.219697e-01 4.991814e+03 4.355717e+03 
1.270101e-01 4.904436e+03 4.080996e+03 
1.320505e-01 4.849721e+03 3.829886e+03 
1.370909e-01 4.775350e+03 3.599851e+03 
1.421313e-01 4.643339e+03 3.388678e+03 
1.471717e-01 4.437793e+03 3.194432e+03 
1.522121e-01 4.165176e+03 3.015413e+03 
1.572525e-01 3.848593e+03 2.850125e+03 
1.622929e-01 3.520704e+03 2.697248e+03 
1.673333e-01 3.215722e+03 2.555612e+03 
1.723737e-01 2.959631e+03 2.424180e+03 
1.774141e-01 2.764891e+03 2.302028e+03 
1.824545e-01 2.631030e+03 2.188332e+03 
1.874949e-01 2.548983e+03 2.082356e+03 
1.925354e-01 2.504435e+03 1.983440e+03 
1.975758e-01 2.479223e+03 1.890990e+03 
2.026162e-01 2.453980e+03 1.804476e+03 
2.076566e-01 2.412451e+03 1.723415e+03 
2.126970e-01 2.345239e+03 1.647375e+03 
2.177374e-01 2.250945e+03 1.575962e+03 
2.227778e-01 2.135008e+03 1.508821e+03 
2.278182e-01 2.007304e+03 1.445629e+03 
2.328586e-01 1.879525e+03 1.386093e+03 
2.378990e-01 1.762423e+03 1.329944e+03 
2.429394e-01 1.663787e+03 1.276940e+03 
2.479798e-01 1.587381e+03 1.226856e+03 
2.530202e-01 1.532896e+03 1.179490e+03 
2.580606e-01 1.496647e+03 1.134655e+03 
2.631010e-01 1.472505e+03 1.092178e+03 
2.681414e-01 1.453346e+03 1.051903e+03 
2.731818e-01 1.432586e+03 1.013685e+03 
2.782222e-01 1.405293e+03 9.773913e+02 
2.832626e-01 1.368730e+03 9.428980e+02 
2.883030e-01 1.322621e+03 9.100921e+02 
2.933434e-01 1.269048e+03 8.788688e+02 
2.983838e-01 1.211754e+03 8.491310e+02 
3.034242e-01 1.155097e+03 8.207890e+02 
3.084646e-01 1.102867e+03 7.937595e+02 
3.135051e-01 1.057717e+03 7.679653e+02 
3.185455e-01 1.020876e+03 7.433344e+02 
3.235859e-01 9.921987e+02 7.198003e+02 
3.286263e-01 9.703139e+02 6.973007e+02 
3.336667e-01 9.529519e+02 6.757778e+02 
3.387071e-01 9.375295e+02 6.551777e+02 
3.437475e-01 9.216691e+02 6.354499e+02 
3.487879e-01 9.035647e+02 6.165474e+02 
3.538283e-01 8.822339e+02 5.984263e+02 
3.588687e-01 8.576085e+02 5.810453e+02 
3.639091e-01 8.304834e+02 5.643661e+02 
3.689495e-01 8.021835e+02 5.483524e+02 
3.739899e-01 7.741879e+02 5.329704e+02 
3.790303e-01 7.478535e+02 5.181884e+02 
3.840707e-01 7.241805e+02 5.039765e+02 
3.891111e-01 7.036925e+02 4.903067e+02 
3.941515e-01 6.864121e+02 4.771525e+02 
3.991919e-01 6.718658e+02 4.644893e+02 
4.042323e-01 6.592087e+02 4.522936e+02 
4.092727e-01 6.474817e+02 4.405433e+02 
4.143131e-01 6.358244e+02 4.292178e+02 
4.193535e-01 6.235911e+02 4.182975e+02 
4.243939e-01 6.103930e+02 4.077637e+02 
4.294343e-01 5.961163e+02 3.975991e+02 
4.344747e-01 5.809924e+02 3.877871e+02 
4.395152e-01 5.654636e+02 3.783122e+02 
4.445556e-01 5.500860e+02 3.691595e+02 
4.495960e-01 5.353776e+02 3.603150e+02 
4.546364e-01 5.216907e+02 3.517655e+02 
4.596768e-01 5.092330e+02 3.434983e+02 
4.647172e-01 4.980686e+02 3.355017e+02 
4.697576e-01 4.880663e+02 3.277642e+02 
4.747980e-01 4.789521e+02 3.202752e+02 
4.798384e-01 4.703580e+02 3.130245e+02 
4.848788e-01 4.619455e+02 3.060023e+02 
4.899192e-01 4.534725e+02 2.991994e+02 
4.949596e-01 4.447709e+02 2.926071e+02 
5.000000e-01 4.357858e+02 2.862171e+02 
