1.000000e-03 3.114436e+03 3.114147e+03 
6.040404e-03 1.394564e+04 1.400176e+04 
1.108081e-02 1.920382e+04 1.908507e+04 
1.612121e-02 2.109867e+04 2.067051e+04 
2.116162e-02 2.095253e+04 2.012626e+04 
2.620202e-02 1.968316e+04 1.864925e+04 
3.124242e-02 1.796038e+04 1.702208e+04 
3.628283e-02 1.623412e+04 1.551403e+04 
4.132323e-02 1.475166e+04 1.416575e+04 
4.636364e-02 1.358859e+04 1.296378e+04 
5.140404e-02 1.273060e+04 1.188934e+04 
5.644444e-02 1.207140e+04 1.092630e+04 
6.148485e-02 1.150260e+04 1.006135e+04 
6.652525e-02 1.093125e+04 9.283133e+03 
7.156566e-02 1.029374e+04 8.581807e+03 
7.660606e-02 9.577989e+03 7.948712e+03 
8.164646e-02 8.820632e+03 7.376211e+03 
8.668687e-02 8.078867e+03 6.857564e+03 
9.172727e-02 7.402280e+03 6.386827e+03 
9.676768e-02 6.824517e+03 5.958760e+03 
1.018081e-01 6.363688e+03 5.568752e+03 
1.068485e-01 6.016896e+03 5.212741e+03 
1.118889e-01 5.757254e+03 4.887148e+03 
1.169293e-01 5.545215e+03 4.588821e+03 
1.219697e-01 5.344102e+03 4.314977e+03 
1.270101e-01 5.128921e+03 4.063158e+03 
1.320505e-01 4.888021e+03 3.831190e+03 
1.370909e-01 4.622040e+03 3.617148e+03 
1.421313e-01 4.342127e+03 3.419321e+03 
1.471717e-01 4.065459e+03 3.236191e+03 
1.522121e-01 3.808704e+03 3.066404e+03 
1.572525e-01 3.584626e+03 2.908753e+03 
1.622929e-01 3.399501e+03 2.762159e+03 
1.673333e-01 3.252095e+03 2.625655e+03 
1.723737e-01 3.134241e+03 2.498375e+03 
1.774141e-01 3.034201e+03 2.379540e+03 
1.824545e-01 2.940898e+03 2.268449e+03 
1.874949e-01 2.845534e+03 2.164471e+03 
1.925354e-01 2.742532e+03 2.067034e+03 
1.975758e-01 2.630420e+03 1.975623e+03 
2.026162e-01 2.512006e+03 1.889768e+03 
2.076566e-01 2.393087e+03 1.809046e+03 
2.126970e-01 2.279562e+03 1.733070e+03 
2.177374e-01 2.175753e+03 1.661490e+03 
2.227778e-01 2.084303e+03 1.593984e+03 
2.278182e-01 2.005861e+03 1.530261e+03 
2.328586e-01 1.938962e+03 1.470053e+03 
2.378990e-01 1.880369e+03 1.413115e+03 
2.429394e-01 1.826441e+03 1.359223e+03 
2.479798e-01 1.774095e+03 1.308171e+03 
2.530202e-01 1.721012e+03 1.259769e+03 
2.580606e-01 1.665853e+03 1.213845e+03 
2.631010e-01 1.608608e+03 1.170237e+03 
2.681414e-01 1.550647e+03 1.128797e+03 
2.731818e-01 1.494005e+03 1.089389e+03 
2.782222e-01 1.440352e+03 1.051886e+03 
2.832626e-01 1.390669e+03 1.016173e+03 
2.883030e-01 1.345386e+03 9.821398e+02 
2.933434e-01 1.304513e+03 9.496870e+02 
2.983838e-01 1.267578e+03 9.187213e+02 
3.034242e-01 1.233502e+03 8.891562e+02 
3.084646e-01 1.201027e+03 8.609113e+02 
3.135051e-01 1.169170e+03 8.339117e+02 
3.185455e-01 1.137410e+03 8.080876e+02 
3.235859e-01 1.105620e+03 7.833740e+02 
3.286263e-01 1.073884e+03 7.597101e+02 
3.336667e-01 1.042487e+03 7.370393e+02 
3.387071e-01 1.011932e+03 7.153084e+02 
3.437475e-01 9.827561e+02 6.944681e+02 
3.487879e-01 9.553300e+02 6.744717e+02 
3.538283e-01 9.297112e+02 6.552758e+02 
3.588687e-01 9.057120e+02 6.368396e+02 
3.639091e-01 8.830935e+02 6.191248e+02 
3.689495e-01 8.615950e+02 6.020954e+02 
3.739899e-01 8.409224e+02 5.857177e+02 
3.790303e-01 8.207794e+02 5.699598e+02 
3.840707e-01 8.009452e+02 5.547919e+02 
3.891111e-01 7.813774e+02 5.401858e+02 
3.941515e-01 7.621592e+02 5.261149e+02 
3.991919e-01 7.433985e+02 5.125543e+02 
4.042323e-01 7.251971e+02 4.994803e+02 
4.092727e-01 7.076555e+02 4.868707e+02 
4.143131e-01 6.908654e+02 4.747045e+02 
4.193535e-01 6.748571e+02 4.629616e+02 
4.243939e-01 6.595745e+02 4.516234e+02 
4.294343e-01 6.449184e+02 4.406720e+02 
4.344747e-01 6.307863e+02 4.300906e+02 
4.395152e-01 6.171019e+02 4.198631e+02 
4.445556e-01 6.037915e+02 4.099746e+02 
4.495960e-01 5.907938e+02 4.004106e+02 
4.546364e-01 5.780775e+02 3.911575e+02 
4.596768e-01 5.656399e+02 3.822025e+02 
4.647172e-01 5.535215e+02 3.735332e+02 
4.697576e-01 5.417641e+02 3.651380e+02 
4.747980e-01 5.303748e+02 3.570058e+02 
4.798384e-01 5.193554e+02 3.491261e+02 
4.848788e-01 5.087090e+02 3.414889e+02 
4.899192e-01 4.984350e+02 3.340847e+02 
4.949596e-01 4.884977e+02 3.269042e+02 
5.000000e-01 4.788575e+02 3.199390e+02 
