1.000000e-03 3.002684e+03 3.002393e+03 
6.040404e-03 1.375635e+04 1.380680e+04 
1.108081e-02 1.895457e+04 1.880747e+04 
1.612121e-02 2.080009e+04 2.031268e+04 
2.116162e-02 2.064639e+04 1.976803e+04 
2.620202e-02 1.942179e+04 1.837903e+04 
3.124242e-02 1.778802e+04 1.685530e+04 
3.628283e-02 1.617403e+04 1.542448e+04 
4.132323e-02 1.479649e+04 1.412531e+04 
4.636364e-02 1.371998e+04 1.295295e+04 
5.140404e-02 1.291755e+04 1.189610e+04 
5.644444e-02 1.225921e+04 1.094350e+04 
6.148485e-02 1.165043e+04 1.008470e+04 
6.652525e-02 1.101063e+04 9.310057e+03 
7.156566e-02 1.030283e+04 8.610722e+03 
7.660606e-02 9.539027e+03 7.978634e+03 
8.164646e-02 8.768215e+03 7.406522e+03 
8.668687e-02 8.045622e+03 6.887873e+03 
9.172727e-02 7.411926e+03 6.416884e+03 
9.676768e-02 6.890576e+03 5.988408e+03 
1.018081e-01 6.485471e+03 5.597894e+03 
1.068485e-01 6.176453e+03 5.241316e+03 
1.118889e-01 5.925735e+03 4.915124e+03 
1.169293e-01 5.694769e+03 4.616181e+03 
1.219697e-01 5.455864e+03 4.341716e+03 
1.270101e-01 5.195151e+03 4.089279e+03 
1.320505e-01 4.912167e+03 3.856701e+03 
1.370909e-01 4.617832e+03 3.642059e+03 
1.421313e-01 4.329622e+03 3.443647e+03 
1.471717e-01 4.063513e+03 3.259945e+03 
1.522121e-01 3.830177e+03 3.089601e+03 
1.572525e-01 3.635006e+03 2.931408e+03 
1.622929e-01 3.476746e+03 2.784288e+03 
1.673333e-01 3.347018e+03 2.647273e+03 
1.723737e-01 3.233506e+03 2.519498e+03 
1.774141e-01 3.124793e+03 2.400182e+03 
1.824545e-01 3.013522e+03 2.288626e+03 
1.874949e-01 2.896183e+03 2.184195e+03 
1.925354e-01 2.772558e+03 2.086320e+03 
1.975758e-01 2.645899e+03 1.994483e+03 
2.026162e-01 2.521782e+03 1.908215e+03 
2.076566e-01 2.405829e+03 1.827093e+03 
2.126970e-01 2.301462e+03 1.750728e+03 
2.177374e-01 2.209784e+03 1.678770e+03 
2.227778e-01 2.129971e+03 1.610899e+03 
2.278182e-01 2.059635e+03 1.546820e+03 
2.328586e-01 1.995602e+03 1.486266e+03 
2.378990e-01 1.934707e+03 1.428993e+03 
2.429394e-01 1.874476e+03 1.374775e+03 
2.479798e-01 1.813388e+03 1.323406e+03 
2.530202e-01 1.751077e+03 1.274697e+03 
2.580606e-01 1.688488e+03 1.228473e+03 
2.631010e-01 1.627390e+03 1.184574e+03 
2.681414e-01 1.569361e+03 1.142852e+03 
2.731818e-01 1.515266e+03 1.103169e+03 
2.782222e-01 1.465494e+03 1.065399e+03 
2.832626e-01 1.419973e+03 1.029425e+03 
2.883030e-01 1.378249e+03 9.951384e+02 
2.933434e-01 1.339357e+03 9.624390e+02 
2.983838e-01 1.302174e+03 9.312333e+02 
3.034242e-01 1.265924e+03 9.014344e+02 
3.084646e-01 1.230194e+03 8.729619e+02 
3.135051e-01 1.194860e+03 8.457405e+02 
3.185455e-01 1.160003e+03 8.197004e+02 
3.235859e-01 1.125910e+03 7.947762e+02 
3.286263e-01 1.093044e+03 7.709072e+02 
3.336667e-01 1.061770e+03 7.480364e+02 
3.387071e-01 1.032251e+03 7.261106e+02 
3.437475e-01 1.004451e+03 7.050801e+02 
3.487879e-01 9.781884e+02 6.848983e+02 
3.538283e-01 9.532566e+02 6.655216e+02 
3.588687e-01 9.293529e+02 6.469090e+02 
3.639091e-01 9.062075e+02 6.290220e+02 
3.689495e-01 8.836523e+02 6.118246e+02 
3.739899e-01 8.616142e+02 5.952829e+02 
3.790303e-01 8.401053e+02 5.793649e+02 
3.840707e-01 8.191590e+02 5.640407e+02 
3.891111e-01 7.988219e+02 5.492819e+02 
3.941515e-01 7.792042e+02 5.350620e+02 
3.991919e-01 7.604019e+02 5.213558e+02 
4.042323e-01 7.424015e+02 5.081395e+02 
4.092727e-01 7.251376e+02 4.953909e+02 
4.143131e-01 7.085188e+02 4.830888e+02 
4.193535e-01 6.924958e+02 4.712132e+02 
4.243939e-01 6.770221e+02 4.597451e+02 
4.294343e-01 6.619946e+02 4.486668e+02 
4.344747e-01 6.473506e+02 4.379613e+02 
4.395152e-01 6.330781e+02 4.276125e+02 
4.445556e-01 6.192062e+02 4.176052e+02 
4.495960e-01 6.057520e+02 4.079251e+02 
4.546364e-01 5.926906e+02 3.985584e+02 
4.596768e-01 5.800216e+02 3.894922e+02 
4.647172e-01 5.677705e+02 3.807141e+02 
4.697576e-01 5.559397e+02 3.722124e+02 
4.747980e-01 5.444995e+02 3.639759e+02 
4.798384e-01 5.333966e+02 3.559942e+02 
4.848788e-01 5.226118e+02 3.482571e+02 
4.899192e-01 5.121382e+02 3.407549e+02 
4.949596e-01 5.019548e+02 3.334786e+02 
5.000000e-01 4.920391e+02 3.264195e+02 
