1.000000e-03 3.407711e+03 3.407388e+03 
6.040404e-03 1.497419e+04 1.512388e+04 
1.108081e-02 2.034112e+04 2.052869e+04 
1.612121e-02 2.212320e+04 2.258730e+04 
2.116162e-02 2.181573e+04 2.291951e+04 
2.620202e-02 2.041482e+04 2.236890e+04 
3.124242e-02 1.861666e+04 2.138215e+04 
3.628283e-02 1.686506e+04 2.020057e+04 
4.132323e-02 1.537918e+04 1.895623e+04 
4.636364e-02 1.421986e+04 1.772129e+04 
5.140404e-02 1.335428e+04 1.653412e+04 
5.644444e-02 1.264469e+04 1.541382e+04 
6.148485e-02 1.199173e+04 1.436838e+04 
6.652525e-02 1.131152e+04 1.339949e+04 
7.156566e-02 1.056569e+04 1.250525e+04 
7.660606e-02 9.766366e+03 1.168190e+04 
8.164646e-02 8.963456e+03 1.092473e+04 
8.668687e-02 8.212987e+03 1.022872e+04 
9.172727e-02 7.555909e+03 9.588837e+03 
9.676768e-02 7.015493e+03 9.000257e+03 
1.018081e-01 6.595088e+03 8.458438e+03 
1.068485e-01 6.273659e+03 7.959178e+03 
1.118889e-01 6.012438e+03 7.498628e+03 
1.169293e-01 5.772086e+03 7.073282e+03 
1.219697e-01 5.524439e+03 6.679962e+03 
1.270101e-01 5.255437e+03 6.315793e+03 
1.320505e-01 4.964624e+03 5.978181e+03 
1.370909e-01 4.663042e+03 5.664786e+03 
1.421313e-01 4.368307e+03 5.373499e+03 
1.471717e-01 4.096471e+03 5.102417e+03 
1.522121e-01 3.858198e+03 4.849823e+03 
1.572525e-01 3.658806e+03 4.614169e+03 
1.622929e-01 3.496927e+03 4.394054e+03 
1.673333e-01 3.364039e+03 4.188213e+03 
1.723737e-01 3.247695e+03 3.995499e+03 
1.774141e-01 3.136391e+03 3.814874e+03 
1.824545e-01 3.022728e+03 3.645394e+03 
1.874949e-01 2.903183e+03 3.486205e+03 
1.925354e-01 2.777538e+03 3.336525e+03 
1.975758e-01 2.649053e+03 3.195646e+03 
2.026162e-01 2.523303e+03 3.062922e+03 
2.076566e-01 2.405901e+03 2.937760e+03 
2.126970e-01 2.300244e+03 2.819620e+03 
2.177374e-01 2.207407e+03 2.708010e+03 
2.227778e-01 2.126545e+03 2.602475e+03 
2.278182e-01 2.055250e+03 2.502599e+03 
2.328586e-01 1.990337e+03 2.408002e+03 
2.378990e-01 1.928640e+03 2.318331e+03 
2.429394e-01 1.867685e+03 2.233264e+03 
2.479798e-01 1.805953e+03 2.152503e+03 
2.530202e-01 1.743080e+03 2.075773e+03 
2.580606e-01 1.680004e+03 2.002820e+03 
2.631010e-01 1.618484e+03 1.933408e+03 
2.681414e-01 1.560082e+03 1.867322e+03 
2.731818e-01 1.505654e+03 1.804359e+03 
2.782222e-01 1.455577e+03 1.744332e+03 
2.832626e-01 1.409775e+03 1.687069e+03 
2.883030e-01 1.367788e+03 1.632408e+03 
2.933434e-01 1.328655e+03 1.580200e+03 
2.983838e-01 1.291257e+03 1.530305e+03 
3.034242e-01 1.254822e+03 1.482594e+03 
3.084646e-01 1.218937e+03 1.436944e+03 
3.135051e-01 1.183480e+03 1.393243e+03 
3.185455e-01 1.148528e+03 1.351386e+03 
3.235859e-01 1.114365e+03 1.311273e+03 
3.286263e-01 1.081447e+03 1.272813e+03 
3.336667e-01 1.050132e+03 1.235919e+03 
3.387071e-01 1.020581e+03 1.200509e+03 
3.437475e-01 9.927542e+02 1.166509e+03 
3.487879e-01 9.664699e+02 1.133846e+03 
3.538283e-01 9.415224e+02 1.102454e+03 
3.588687e-01 9.176110e+02 1.072269e+03 
3.639091e-01 8.944678e+02 1.043234e+03 
3.689495e-01 8.719257e+02 1.015291e+03 
3.739899e-01 8.499119e+02 9.883894e+02 
3.790303e-01 8.284371e+02 9.624790e+02 
3.840707e-01 8.075337e+02 9.375134e+02 
3.891111e-01 7.872465e+02 9.134488e+02 
3.941515e-01 7.676833e+02 8.902436e+02 
3.991919e-01 7.489377e+02 8.678589e+02 
4.042323e-01 7.309955e+02 8.462576e+02 
4.092727e-01 7.137912e+02 8.254047e+02 
4.143131e-01 6.972341e+02 8.052673e+02 
4.193535e-01 6.812748e+02 7.858140e+02 
4.243939e-01 6.658669e+02 7.670151e+02 
4.294343e-01 6.509085e+02 7.488426e+02 
4.344747e-01 6.363372e+02 7.312699e+02 
4.395152e-01 6.221408e+02 7.142716e+02 
4.445556e-01 6.083474e+02 6.978239e+02 
4.495960e-01 5.949733e+02 6.819039e+02 
4.546364e-01 5.819936e+02 6.664900e+02 
4.596768e-01 5.694074e+02 6.515618e+02 
4.647172e-01 5.572394e+02 6.370996e+02 
4.697576e-01 5.454913e+02 6.230848e+02 
4.747980e-01 5.341338e+02 6.094999e+02 
4.798384e-01 5.231141e+02 5.963278e+02 
4.848788e-01 5.124128e+02 5.835527e+02 
4.899192e-01 5.020231e+02 5.711592e+02 
4.949596e-01 4.919239e+02 5.591328e+02 
5.000000e-01 4.820930e+02 5.474595e+02 
