1.000000e-03 3.170143e+03 3.169852e+03 
6.040404e-03 1.427916e+04 1.433838e+04 
1.108081e-02 1.967631e+04 1.955885e+04 
1.612121e-02 2.161621e+04 2.118630e+04 
2.116162e-02 2.145733e+04 2.061969e+04 
2.620202e-02 2.014039e+04 1.908401e+04 
3.124242e-02 1.835366e+04 1.739316e+04 
3.628283e-02 1.656110e+04 1.583116e+04 
4.132323e-02 1.501990e+04 1.443995e+04 
4.636364e-02 1.381195e+04 1.320378e+04 
5.140404e-02 1.292209e+04 1.210151e+04 
5.644444e-02 1.224859e+04 1.111540e+04 
6.148485e-02 1.167565e+04 1.023098e+04 
6.652525e-02 1.110471e+04 9.436127e+03 
7.156566e-02 1.046924e+04 8.720447e+03 
7.660606e-02 9.752806e+03 8.074866e+03 
8.164646e-02 8.987588e+03 7.491431e+03 
8.668687e-02 8.230013e+03 6.963157e+03 
9.172727e-02 7.532427e+03 6.483900e+03 
9.676768e-02 6.932473e+03 6.048261e+03 
1.018081e-01 6.451393e+03 5.651496e+03 
1.068485e-01 6.088558e+03 5.289433e+03 
1.118889e-01 5.819175e+03 4.958402e+03 
1.169293e-01 5.604247e+03 4.655171e+03 
1.219697e-01 5.405901e+03 4.376893e+03 
1.270101e-01 5.196756e+03 4.121053e+03 
1.320505e-01 4.961866e+03 3.885429e+03 
1.370909e-01 4.699047e+03 3.668054e+03 
1.421313e-01 4.418544e+03 3.467183e+03 
1.471717e-01 4.137604e+03 3.281263e+03 
1.522121e-01 3.873512e+03 3.108916e+03 
1.572525e-01 3.639971e+03 2.948910e+03 
1.622929e-01 3.444978e+03 2.800145e+03 
1.673333e-01 3.289325e+03 2.661637e+03 
1.723737e-01 3.166301e+03 2.532502e+03 
1.774141e-01 3.064389e+03 2.411949e+03 
1.824545e-01 2.971678e+03 2.299263e+03 
1.874949e-01 2.878627e+03 2.193801e+03 
1.925354e-01 2.778795e+03 2.094982e+03 
1.975758e-01 2.669546e+03 2.002282e+03 
2.026162e-01 2.552534e+03 1.915223e+03 
2.076566e-01 2.432821e+03 1.833375e+03 
2.126970e-01 2.316638e+03 1.756345e+03 
2.177374e-01 2.209161e+03 1.683775e+03 
2.227778e-01 2.113612e+03 1.615341e+03 
2.278182e-01 2.031253e+03 1.550745e+03 
2.328586e-01 1.961180e+03 1.489714e+03 
2.378990e-01 1.900627e+03 1.432002e+03 
2.429394e-01 1.846074e+03 1.377379e+03 
2.479798e-01 1.794195e+03 1.325637e+03 
2.530202e-01 1.742208e+03 1.276584e+03 
2.580606e-01 1.688216e+03 1.230043e+03 
2.631010e-01 1.631790e+03 1.185850e+03 
2.681414e-01 1.574006e+03 1.143856e+03 
2.731818e-01 1.516796e+03 1.103923e+03 
2.782222e-01 1.461910e+03 1.065922e+03 
2.832626e-01 1.410560e+03 1.029734e+03 
2.883030e-01 1.363503e+03 9.952495e+02 
2.933434e-01 1.321038e+03 9.623673e+02 
2.983838e-01 1.282856e+03 9.309926e+02 
3.034242e-01 1.248010e+03 9.010375e+02 
3.084646e-01 1.215233e+03 8.724206e+02 
3.135051e-01 1.183440e+03 8.450658e+02 
3.185455e-01 1.151972e+03 8.189024e+02 
3.235859e-01 1.120487e+03 7.938645e+02 
3.286263e-01 1.088872e+03 7.698903e+02 
3.336667e-01 1.057349e+03 7.469225e+02 
3.387071e-01 1.026422e+03 7.249073e+02 
3.437475e-01 9.966688e+02 7.037943e+02 
3.487879e-01 9.685127e+02 6.835366e+02 
3.538283e-01 9.421088e+02 6.640900e+02 
3.588687e-01 9.174138e+02 6.454131e+02 
3.639091e-01 8.942683e+02 6.274671e+02 
3.689495e-01 8.724156e+02 6.102156e+02 
3.739899e-01 8.515378e+02 5.936243e+02 
3.790303e-01 8.312958e+02 5.776610e+02 
3.840707e-01 8.114338e+02 5.622954e+02 
3.891111e-01 7.918580e+02 5.474990e+02 
3.941515e-01 7.726005e+02 5.332448e+02 
3.991919e-01 7.536893e+02 5.195075e+02 
4.042323e-01 7.352333e+02 5.062632e+02 
4.092727e-01 7.173841e+02 4.934894e+02 
4.143131e-01 7.002564e+02 4.811646e+02 
4.193535e-01 6.839089e+02 4.692687e+02 
4.243939e-01 6.683073e+02 4.577827e+02 
4.294343e-01 6.533637e+02 4.466886e+02 
4.344747e-01 6.390154e+02 4.359692e+02 
4.395152e-01 6.251849e+02 4.256084e+02 
4.445556e-01 6.117795e+02 4.155908e+02 
4.495960e-01 5.986768e+02 4.059020e+02 
4.546364e-01 5.858543e+02 3.965282e+02 
4.596768e-01 5.733200e+02 3.874562e+02 
4.647172e-01 5.610975e+02 3.786737e+02 
4.697576e-01 5.491950e+02 3.701688e+02 
4.747980e-01 5.376174e+02 3.619303e+02 
4.798384e-01 5.264013e+02 3.539475e+02 
4.848788e-01 5.155829e+02 3.462104e+02 
4.899192e-01 5.051464e+02 3.387092e+02 
4.949596e-01 4.950515e+02 3.314347e+02 
5.000000e-01 4.852743e+02 3.243781e+02 
