1.000000e-03 3.256577e+03 3.256271e+03 
6.040404e-03 1.424879e+04 1.430424e+04 
1.108081e-02 1.942962e+04 1.928514e+04 
1.612121e-02 2.124729e+04 2.076459e+04 
2.116162e-02 2.108727e+04 2.021388e+04 
2.620202e-02 1.986563e+04 1.880930e+04 
3.124242e-02 1.822577e+04 1.725613e+04 
3.628283e-02 1.658610e+04 1.579130e+04 
4.132323e-02 1.516718e+04 1.445891e+04 
4.636364e-02 1.402920e+04 1.325588e+04 
5.140404e-02 1.317108e+04 1.217126e+04 
5.644444e-02 1.246596e+04 1.119369e+04 
6.148485e-02 1.182678e+04 1.031247e+04 
6.652525e-02 1.117719e+04 9.517701e+03 
7.156566e-02 1.047287e+04 8.800291e+03 
7.660606e-02 9.717004e+03 8.151952e+03 
8.164646e-02 8.950104e+03 7.565209e+03 
8.668687e-02 8.223744e+03 7.033366e+03 
9.172727e-02 7.576761e+03 6.550462e+03 
9.676768e-02 7.031978e+03 6.111211e+03 
1.018081e-01 6.597264e+03 5.710933e+03 
1.068485e-01 6.260469e+03 5.345496e+03 
1.118889e-01 5.990356e+03 5.011253e+03 
1.169293e-01 5.749801e+03 4.704980e+03 
1.219697e-01 5.509497e+03 4.423833e+03 
1.270101e-01 5.253706e+03 4.165296e+03 
1.320505e-01 4.978909e+03 3.927139e+03 
1.370909e-01 4.691489e+03 3.707390e+03 
1.421313e-01 4.405427e+03 3.504294e+03 
1.471717e-01 4.135958e+03 3.316291e+03 
1.522121e-01 3.894524e+03 3.141994e+03 
1.572525e-01 3.687504e+03 2.980162e+03 
1.622929e-01 3.515918e+03 2.829688e+03 
1.673333e-01 3.374753e+03 2.689578e+03 
1.723737e-01 3.253982e+03 2.558944e+03 
1.774141e-01 3.142532e+03 2.436984e+03 
1.824545e-01 3.032113e+03 2.322980e+03 
1.874949e-01 2.917958e+03 2.216281e+03 
1.925354e-01 2.798552e+03 2.116301e+03 
1.975758e-01 2.675341e+03 2.022510e+03 
2.026162e-01 2.552430e+03 1.934427e+03 
2.076566e-01 2.434958e+03 1.851615e+03 
2.126970e-01 2.326929e+03 1.773677e+03 
2.177374e-01 2.230325e+03 1.700254e+03 
2.227778e-01 2.145336e+03 1.631015e+03 
2.278182e-01 2.070554e+03 1.565660e+03 
2.328586e-01 2.003472e+03 1.503915e+03 
2.378990e-01 1.941007e+03 1.445528e+03 
2.429394e-01 1.880666e+03 1.390268e+03 
2.479798e-01 1.820721e+03 1.337924e+03 
2.530202e-01 1.760198e+03 1.288301e+03 
2.580606e-01 1.699063e+03 1.241222e+03 
2.631010e-01 1.638354e+03 1.196519e+03 
2.681414e-01 1.579693e+03 1.154043e+03 
2.731818e-01 1.524375e+03 1.113653e+03 
2.782222e-01 1.472965e+03 1.075218e+03 
2.832626e-01 1.425510e+03 1.038619e+03 
2.883030e-01 1.381821e+03 1.003745e+03 
2.933434e-01 1.341468e+03 9.704929e+02 
2.983838e-01 1.303600e+03 9.387666e+02 
3.034242e-01 1.267238e+03 9.084775e+02 
3.084646e-01 1.231682e+03 8.795430e+02 
3.135051e-01 1.196668e+03 8.518861e+02 
3.185455e-01 1.162213e+03 8.254353e+02 
3.235859e-01 1.128415e+03 8.001236e+02 
3.286263e-01 1.095479e+03 7.758889e+02 
3.336667e-01 1.063742e+03 7.526727e+02 
3.387071e-01 1.033540e+03 7.304208e+02 
3.437475e-01 1.005028e+03 7.090822e+02 
3.487879e-01 9.781155e+02 6.886091e+02 
3.538283e-01 9.525992e+02 6.689570e+02 
3.588687e-01 9.282726e+02 6.500840e+02 
3.639091e-01 9.049261e+02 6.319506e+02 
3.689495e-01 8.823535e+02 6.145201e+02 
3.739899e-01 8.603829e+02 5.977578e+02 
3.790303e-01 8.389217e+02 5.816309e+02 
3.840707e-01 8.179885e+02 5.661088e+02 
3.891111e-01 7.976398e+02 5.511627e+02 
3.941515e-01 7.779371e+02 5.367653e+02 
3.991919e-01 7.589122e+02 5.228908e+02 
4.042323e-01 7.406155e+02 5.095152e+02 
4.092727e-01 7.230814e+02 4.966155e+02 
4.143131e-01 7.062695e+02 4.841701e+02 
4.193535e-01 6.900884e+02 4.721587e+02 
4.243939e-01 6.744574e+02 4.605619e+02 
4.294343e-01 6.593331e+02 4.493614e+02 
4.344747e-01 6.446784e+02 4.385401e+02 
4.395152e-01 6.304303e+02 4.280814e+02 
4.445556e-01 6.165552e+02 4.179699e+02 
4.495960e-01 6.030422e+02 4.081909e+02 
4.546364e-01 5.899247e+02 3.987304e+02 
4.596768e-01 5.772160e+02 3.895752e+02 
4.647172e-01 5.648982e+02 3.807127e+02 
4.697576e-01 5.529630e+02 3.721309e+02 
4.747980e-01 5.414098e+02 3.638185e+02 
4.798384e-01 5.302329e+02 3.557647e+02 
4.848788e-01 5.194122e+02 3.479592e+02 
4.899192e-01 5.089046e+02 3.403922e+02 
4.949596e-01 4.986878e+02 3.330544e+02 
5.000000e-01 4.887428e+02 3.259370e+02 
