1.000000e-03 5.354685e+03 5.354189e+03 
6.040404e-03 2.416002e+04 2.427663e+04 
1.108081e-02 3.298154e+04 3.296129e+04 
1.612121e-02 3.551829e+04 3.521599e+04 
2.116162e-02 3.409677e+04 3.305921e+04 
2.620202e-02 3.047630e+04 2.873768e+04 
3.124242e-02 2.604824e+04 2.435197e+04 
3.628283e-02 2.179841e+04 2.075707e+04 
4.132323e-02 1.828418e+04 1.796084e+04 
4.636364e-02 1.567892e+04 1.576293e+04 
5.140404e-02 1.397933e+04 1.398889e+04 
5.644444e-02 1.297232e+04 1.252046e+04 
6.148485e-02 1.242043e+04 1.128061e+04 
6.652525e-02 1.207768e+04 1.021805e+04 
7.156566e-02 1.173389e+04 9.297165e+03 
7.660606e-02 1.123435e+04 8.492139e+03 
8.164646e-02 1.050749e+04 7.783510e+03 
8.668687e-02 9.577075e+03 7.156154e+03 
9.172727e-02 8.534877e+03 6.598030e+03 
9.676768e-02 7.500461e+03 6.099368e+03 
1.018081e-01 6.582184e+03 5.652124e+03 
1.068485e-01 5.851631e+03 5.249601e+03 
1.118889e-01 5.333397e+03 4.886167e+03 
1.169293e-01 5.012310e+03 4.557051e+03 
1.219697e-01 4.847692e+03 4.258187e+03 
1.270101e-01 4.783979e+03 3.986088e+03 
1.320505e-01 4.758628e+03 3.737749e+03 
1.370909e-01 4.712774e+03 3.510568e+03 
1.421313e-01 4.603755e+03 3.302285e+03 
1.471717e-01 4.412159e+03 3.110927e+03 
1.522121e-01 4.141769e+03 2.934770e+03 
1.572525e-01 3.816197e+03 2.772296e+03 
1.622929e-01 3.472626e+03 2.622171e+03 
1.673333e-01 3.151105e+03 2.483214e+03 
1.723737e-01 2.881430e+03 2.354380e+03 
1.774141e-01 2.677380e+03 2.234743e+03 
1.824545e-01 2.539194e+03 2.123473e+03 
1.874949e-01 2.458806e+03 2.019835e+03 
1.925354e-01 2.421739e+03 1.923169e+03 
1.975758e-01 2.408098e+03 1.832882e+03 
2.026162e-01 2.395737e+03 1.748444e+03 
2.076566e-01 2.365956e+03 1.669376e+03 
2.126970e-01 2.307847e+03 1.595246e+03 
2.177374e-01 2.218982e+03 1.525665e+03 
2.227778e-01 2.104125e+03 1.460280e+03 
2.278182e-01 1.973451e+03 1.398770e+03 
2.328586e-01 1.840190e+03 1.340845e+03 
2.378990e-01 1.717147e+03 1.286240e+03 
2.429394e-01 1.613615e+03 1.234714e+03 
2.479798e-01 1.534102e+03 1.186047e+03 
2.530202e-01 1.478656e+03 1.140038e+03 
2.580606e-01 1.443738e+03 1.096503e+03 
2.631010e-01 1.423108e+03 1.055273e+03 
2.681414e-01 1.409065e+03 1.016194e+03 
2.731818e-01 1.394015e+03 9.791214e+02 
2.782222e-01 1.371956e+03 9.439260e+02 
2.832626e-01 1.339450e+03 9.104866e+02 
2.883030e-01 1.295850e+03 8.786919e+02 
2.933434e-01 1.243075e+03 8.484391e+02 
2.983838e-01 1.185010e+03 8.196330e+02 
3.034242e-01 1.126484e+03 7.921856e+02 
3.084646e-01 1.072075e+03 7.660155e+02 
3.135051e-01 1.025105e+03 7.410469e+02 
3.185455e-01 9.871546e+02 7.172096e+02 
3.235859e-01 9.582158e+02 6.944385e+02 
3.286263e-01 9.370019e+02 6.726727e+02 
3.336667e-01 9.212741e+02 6.518557e+02 
3.387071e-01 9.082031e+02 6.319348e+02 
3.437475e-01 8.949408e+02 6.128608e+02 
3.487879e-01 8.792105e+02 5.945879e+02 
3.538283e-01 8.597853e+02 5.770732e+02 
3.588687e-01 8.365102e+02 5.602765e+02 
3.639091e-01 8.100689e+02 5.441604e+02 
3.689495e-01 7.817633e+02 5.286895e+02 
3.739899e-01 7.532317e+02 5.138310e+02 
3.790303e-01 7.261518e+02 4.995540e+02 
3.840707e-01 7.018539e+02 4.858294e+02 
3.891111e-01 6.810380e+02 4.726299e+02 
3.941515e-01 6.637478e+02 4.599298e+02 
3.991919e-01 6.495362e+02 4.477051e+02 
4.042323e-01 6.376205e+02 4.359330e+02 
4.092727e-01 6.269811e+02 4.245921e+02 
4.143131e-01 6.165567e+02 4.136623e+02 
4.193535e-01 6.054880e+02 4.031245e+02 
4.243939e-01 5.932660e+02 3.929607e+02 
4.294343e-01 5.797487e+02 3.831540e+02 
4.344747e-01 5.651131e+02 3.736883e+02 
4.395152e-01 5.497954e+02 3.645485e+02 
4.445556e-01 5.343786e+02 3.557203e+02 
4.495960e-01 5.194986e+02 3.471900e+02 
4.546364e-01 5.056583e+02 3.389448e+02 
4.596768e-01 4.931457e+02 3.309726e+02 
4.647172e-01 4.820485e+02 3.232618e+02 
4.697576e-01 4.722558e+02 3.158013e+02 
4.747980e-01 4.635121e+02 3.085809e+02 
4.798384e-01 4.554359e+02 3.015906e+02 
4.848788e-01 4.476357e+02 2.948210e+02 
4.899192e-01 4.397563e+02 2.882633e+02 
4.949596e-01 4.315793e+02 2.819090e+02 
5.000000e-01 4.230381e+02 2.757499e+02 
