1.000000e-03 3.869222e+03 3.868867e+03 
6.040404e-03 1.732851e+04 1.740572e+04 
1.108081e-02 2.378521e+04 2.368892e+04 
1.612121e-02 2.596339e+04 2.554836e+04 
2.116162e-02 2.550705e+04 2.458669e+04 
2.620202e-02 2.358494e+04 2.232729e+04 
3.124242e-02 2.107934e+04 1.992642e+04 
3.628283e-02 1.859989e+04 1.780992e+04 
4.132323e-02 1.649473e+04 1.601345e+04 
4.636364e-02 1.487753e+04 1.448033e+04 
5.140404e-02 1.374928e+04 1.315509e+04 
5.644444e-02 1.297655e+04 1.199692e+04 
6.148485e-02 1.240579e+04 1.097652e+04 
6.652525e-02 1.188783e+04 1.007211e+04 
7.156566e-02 1.130904e+04 9.266776e+03 
7.660606e-02 1.061151e+04 8.546924e+03 
8.164646e-02 9.802046e+03 7.901345e+03 
8.668687e-02 8.935979e+03 7.320639e+03 
9.172727e-02 8.086605e+03 6.796833e+03 
9.676768e-02 7.320219e+03 6.323115e+03 
1.018081e-01 6.686028e+03 5.893628e+03 
1.068485e-01 6.205375e+03 5.503312e+03 
1.118889e-01 5.867860e+03 5.147785e+03 
1.169293e-01 5.637889e+03 4.823233e+03 
1.219697e-01 5.469709e+03 4.526331e+03 
1.270101e-01 5.319376e+03 4.254171e+03 
1.320505e-01 5.150523e+03 4.004202e+03 
1.370909e-01 4.940253e+03 3.774183e+03 
1.421313e-01 4.684002e+03 3.562137e+03 
1.471717e-01 4.393703e+03 3.366318e+03 
1.522121e-01 4.090560e+03 3.185180e+03 
1.572525e-01 3.798031e+03 3.017351e+03 
1.622929e-01 3.537057e+03 2.861610e+03 
1.673333e-01 3.321904e+03 2.716869e+03 
1.723737e-01 3.156973e+03 2.582155e+03 
1.774141e-01 3.036096e+03 2.456599e+03 
1.824545e-01 2.946850e+03 2.339420e+03 
1.874949e-01 2.874852e+03 2.229917e+03 
1.925354e-01 2.806558e+03 2.127458e+03 
1.975758e-01 2.730406e+03 2.031474e+03 
2.026162e-01 2.638964e+03 1.941449e+03 
2.076566e-01 2.531084e+03 1.856918e+03 
2.126970e-01 2.411376e+03 1.777459e+03 
2.177374e-01 2.287495e+03 1.702688e+03 
2.227778e-01 2.167502e+03 1.632256e+03 
2.278182e-01 2.058231e+03 1.565845e+03 
2.328586e-01 1.964173e+03 1.503165e+03 
2.378990e-01 1.886832e+03 1.443952e+03 
2.429394e-01 1.824955e+03 1.387963e+03 
2.479798e-01 1.775126e+03 1.334975e+03 
2.530202e-01 1.732609e+03 1.284786e+03 
2.580606e-01 1.692326e+03 1.237209e+03 
2.631010e-01 1.650007e+03 1.192070e+03 
2.681414e-01 1.603120e+03 1.149212e+03 
2.731818e-01 1.551239e+03 1.108489e+03 
2.782222e-01 1.495628e+03 1.069765e+03 
2.832626e-01 1.438405e+03 1.032917e+03 
2.883030e-01 1.382028e+03 9.978286e+02 
2.933434e-01 1.328981e+03 9.643935e+02 
2.983838e-01 1.281162e+03 9.325128e+02 
3.034242e-01 1.239389e+03 9.020947e+02 
3.084646e-01 1.203394e+03 8.730538e+02 
3.135051e-01 1.172111e+03 8.453110e+02 
3.185455e-01 1.144081e+03 8.187925e+02 
3.235859e-01 1.117693e+03 7.934296e+02 
3.286263e-01 1.091487e+03 7.691582e+02 
3.336667e-01 1.064405e+03 7.459185e+02 
3.387071e-01 1.036004e+03 7.236547e+02 
3.437475e-01 1.006482e+03 7.023147e+02 
3.487879e-01 9.764663e+02 6.818496e+02 
3.538283e-01 9.467609e+02 6.622139e+02 
3.588687e-01 9.181719e+02 6.433645e+02 
3.639091e-01 8.913759e+02 6.252615e+02 
3.689495e-01 8.667745e+02 6.078672e+02 
3.739899e-01 8.443753e+02 5.911461e+02 
3.790303e-01 8.239520e+02 5.750652e+02 
3.840707e-01 8.050736e+02 5.595931e+02 
3.891111e-01 7.872368e+02 5.447004e+02 
3.941515e-01 7.699342e+02 5.303595e+02 
3.991919e-01 7.527491e+02 5.165442e+02 
4.042323e-01 7.354048e+02 5.032301e+02 
4.092727e-01 7.178684e+02 4.903938e+02 
4.143131e-01 7.003151e+02 4.780136e+02 
4.193535e-01 6.829732e+02 4.660686e+02 
4.243939e-01 6.660599e+02 4.545395e+02 
4.294343e-01 6.497921e+02 4.434076e+02 
4.344747e-01 6.343506e+02 4.326556e+02 
4.395152e-01 6.198153e+02 4.222668e+02 
4.445556e-01 6.061850e+02 4.122256e+02 
4.495960e-01 5.933038e+02 4.025171e+02 
4.546364e-01 5.809903e+02 3.931273e+02 
4.596768e-01 5.691031e+02 3.840427e+02 
4.647172e-01 5.575043e+02 3.752507e+02 
4.697576e-01 5.460893e+02 3.667393e+02 
4.747980e-01 5.347604e+02 3.584970e+02 
4.798384e-01 5.235163e+02 3.505129e+02 
4.848788e-01 5.124379e+02 3.427766e+02 
4.899192e-01 5.016037e+02 3.352785e+02 
4.949596e-01 4.910818e+02 3.280089e+02 
5.000000e-01 4.809123e+02 3.209592e+02 
