1.000000e-03 3.796306e+03 3.795942e+03 
6.040404e-03 1.698842e+04 1.705563e+04 
1.108081e-02 2.308155e+04 2.294455e+04 
1.612121e-02 2.496326e+04 2.446110e+04 
2.116162e-02 2.435410e+04 2.336934e+04 
2.620202e-02 2.244311e+04 2.124004e+04 
3.124242e-02 2.008689e+04 1.906557e+04 
3.628283e-02 1.784301e+04 1.714314e+04 
4.132323e-02 1.599745e+04 1.548304e+04 
4.636364e-02 1.461219e+04 1.404166e+04 
5.140404e-02 1.364771e+04 1.277934e+04 
5.644444e-02 1.294457e+04 1.166626e+04 
6.148485e-02 1.234563e+04 1.067987e+04 
6.652525e-02 1.172482e+04 9.802331e+03 
7.156566e-02 1.101139e+04 9.019105e+03 
7.660606e-02 1.019307e+04 8.318018e+03 
8.164646e-02 9.315236e+03 7.688744e+03 
8.668687e-02 8.451767e+03 7.122456e+03 
9.172727e-02 7.672227e+03 6.611564e+03 
9.676768e-02 7.024621e+03 6.149521e+03 
1.018081e-01 6.528830e+03 5.730660e+03 
1.068485e-01 6.172639e+03 5.350069e+03 
1.118889e-01 5.918172e+03 5.003476e+03 
1.169293e-01 5.717535e+03 4.687158e+03 
1.219697e-01 5.525838e+03 4.397865e+03 
1.270101e-01 5.309757e+03 4.132751e+03 
1.320505e-01 5.053196e+03 3.889320e+03 
1.370909e-01 4.760238e+03 3.665377e+03 
1.421313e-01 4.448753e+03 3.458985e+03 
1.471717e-01 4.140968e+03 3.268436e+03 
1.522121e-01 3.857545e+03 3.092215e+03 
1.572525e-01 3.615144e+03 2.928980e+03 
1.622929e-01 3.422458e+03 2.777535e+03 
1.673333e-01 3.276313e+03 2.636816e+03 
1.723737e-01 3.164092e+03 2.505873e+03 
1.774141e-01 3.070542e+03 2.383854e+03 
1.824545e-01 2.982438e+03 2.269997e+03 
1.874949e-01 2.889341e+03 2.163615e+03 
1.925354e-01 2.783867e+03 2.064094e+03 
1.975758e-01 2.664562e+03 1.970875e+03 
2.026162e-01 2.536297e+03 1.883456e+03 
2.076566e-01 2.407389e+03 1.801384e+03 
2.126970e-01 2.285353e+03 1.724245e+03 
2.177374e-01 2.175513e+03 1.651666e+03 
2.227778e-01 2.080903e+03 1.583307e+03 
2.278182e-01 2.002104e+03 1.518857e+03 
2.328586e-01 1.936958e+03 1.458035e+03 
2.378990e-01 1.881250e+03 1.400581e+03 
2.429394e-01 1.830143e+03 1.346260e+03 
2.479798e-01 1.779410e+03 1.294856e+03 
2.530202e-01 1.726187e+03 1.246171e+03 
2.580606e-01 1.669300e+03 1.200022e+03 
2.631010e-01 1.609375e+03 1.156241e+03 
2.681414e-01 1.548402e+03 1.114675e+03 
2.731818e-01 1.488819e+03 1.075182e+03 
2.782222e-01 1.432714e+03 1.037630e+03 
2.832626e-01 1.381484e+03 1.001898e+03 
2.883030e-01 1.335780e+03 9.678751e+02 
2.933434e-01 1.295418e+03 9.354561e+02 
2.983838e-01 1.259434e+03 9.045455e+02 
3.034242e-01 1.226368e+03 8.750540e+02 
3.084646e-01 1.194705e+03 8.468988e+02 
3.135051e-01 1.163270e+03 8.200028e+02 
3.185455e-01 1.131440e+03 7.942944e+02 
3.235859e-01 1.099076e+03 7.697070e+02 
3.286263e-01 1.066414e+03 7.461782e+02 
3.336667e-01 1.034011e+03 7.236500e+02 
3.387071e-01 1.002611e+03 7.020682e+02 
3.437475e-01 9.728943e+02 6.813823e+02 
3.487879e-01 9.452230e+02 6.615447e+02 
3.538283e-01 9.196024e+02 6.425112e+02 
3.588687e-01 8.958177e+02 6.242402e+02 
3.639091e-01 8.735860e+02 6.066928e+02 
3.689495e-01 8.525271e+02 5.898324e+02 
3.739899e-01 8.321919e+02 5.736247e+02 
3.790303e-01 8.121777e+02 5.580375e+02 
3.840707e-01 7.923175e+02 5.430405e+02 
3.891111e-01 7.726240e+02 5.286051e+02 
3.941515e-01 7.531999e+02 5.147045e+02 
3.991919e-01 7.341926e+02 5.013134e+02 
4.042323e-01 7.157822e+02 4.884080e+02 
4.092727e-01 6.981444e+02 4.759657e+02 
4.143131e-01 6.813660e+02 4.639654e+02 
4.193535e-01 6.654436e+02 4.523870e+02 
4.243939e-01 6.503023e+02 4.412115e+02 
4.294343e-01 6.358214e+02 4.304210e+02 
4.344747e-01 6.218943e+02 4.199985e+02 
4.395152e-01 6.083767e+02 4.099281e+02 
4.445556e-01 5.951709e+02 4.001946e+02 
4.495960e-01 5.822131e+02 3.907834e+02 
4.546364e-01 5.695124e+02 3.816810e+02 
4.596768e-01 5.570845e+02 3.728744e+02 
4.647172e-01 5.449702e+02 3.643513e+02 
4.697576e-01 5.332013e+02 3.561000e+02 
4.747980e-01 5.218281e+02 3.481095e+02 
4.798384e-01 5.108766e+02 3.403692e+02 
4.848788e-01 5.003394e+02 3.328691e+02 
4.899192e-01 4.901735e+02 3.255997e+02 
4.949596e-01 4.803344e+02 3.185518e+02 
5.000000e-01 4.708030e+02 3.117168e+02 
