1.000000e-03 2.333404e+03 2.333197e+03 
6.040404e-03 1.068337e+04 1.072652e+04 
1.108081e-02 1.494558e+04 1.482483e+04 
1.612121e-02 1.673171e+04 1.633179e+04 
2.116162e-02 1.701714e+04 1.631448e+04 
2.620202e-02 1.645118e+04 1.558771e+04 
3.124242e-02 1.548968e+04 1.463595e+04 
3.628283e-02 1.443565e+04 1.364953e+04 
4.132323e-02 1.345962e+04 1.269197e+04 
4.636364e-02 1.261488e+04 1.178616e+04 
5.140404e-02 1.192133e+04 1.094088e+04 
5.644444e-02 1.130936e+04 1.015859e+04 
6.148485e-02 1.072642e+04 9.438351e+03 
6.652525e-02 1.014478e+04 8.777383e+03 
7.156566e-02 9.536858e+03 8.171908e+03 
7.660606e-02 8.906037e+03 7.617731e+03 
8.164646e-02 8.282556e+03 7.110576e+03 
8.668687e-02 7.703465e+03 6.646284e+03 
9.172727e-02 7.189899e+03 6.220927e+03 
9.676768e-02 6.747668e+03 5.830864e+03 
1.018081e-01 6.375726e+03 5.472758e+03 
1.068485e-01 6.065753e+03 5.143578e+03 
1.118889e-01 5.798984e+03 4.840581e+03 
1.169293e-01 5.550463e+03 4.561301e+03 
1.219697e-01 5.301012e+03 4.303519e+03 
1.270101e-01 5.044173e+03 4.065242e+03 
1.320505e-01 4.782722e+03 3.844685e+03 
1.370909e-01 4.524193e+03 3.640244e+03 
1.421313e-01 4.277248e+03 3.450482e+03 
1.471717e-01 4.049109e+03 3.274105e+03 
1.522121e-01 3.844398e+03 3.109952e+03 
1.572525e-01 3.664959e+03 2.956978e+03 
1.622929e-01 3.509402e+03 2.814242e+03 
1.673333e-01 3.372879e+03 2.680895e+03 
1.723737e-01 3.248097e+03 2.556169e+03 
1.774141e-01 3.128238e+03 2.439371e+03 
1.824545e-01 3.009495e+03 2.329873e+03 
1.874949e-01 2.891012e+03 2.227106e+03 
1.925354e-01 2.773077e+03 2.130552e+03 
1.975758e-01 2.656836e+03 2.039742e+03 
2.026162e-01 2.544839e+03 1.954247e+03 
2.076566e-01 2.440068e+03 1.873678e+03 
2.126970e-01 2.344256e+03 1.797677e+03 
2.177374e-01 2.257199e+03 1.725921e+03 
2.227778e-01 2.177567e+03 1.658109e+03 
2.278182e-01 2.104046e+03 1.593970e+03 
2.328586e-01 2.035276e+03 1.533254e+03 
2.378990e-01 1.969619e+03 1.475728e+03 
2.429394e-01 1.905673e+03 1.421184e+03 
2.479798e-01 1.842829e+03 1.369424e+03 
2.530202e-01 1.781244e+03 1.320270e+03 
2.580606e-01 1.721390e+03 1.273556e+03 
2.631010e-01 1.663750e+03 1.229129e+03 
2.681414e-01 1.608792e+03 1.186847e+03 
2.731818e-01 1.556992e+03 1.146579e+03 
2.782222e-01 1.508495e+03 1.108203e+03 
2.832626e-01 1.463030e+03 1.071608e+03 
2.883030e-01 1.420092e+03 1.036688e+03 
2.933434e-01 1.379167e+03 1.003346e+03 
2.983838e-01 1.339862e+03 9.714910e+02 
3.034242e-01 1.301919e+03 9.410399e+02 
3.084646e-01 1.265125e+03 9.119136e+02 
3.135051e-01 1.229360e+03 8.840391e+02 
3.185455e-01 1.194670e+03 8.573479e+02 
3.235859e-01 1.161173e+03 8.317763e+02 
3.286263e-01 1.128993e+03 8.072645e+02 
3.336667e-01 1.098237e+03 7.837568e+02 
3.387071e-01 1.068844e+03 7.612008e+02 
3.437475e-01 1.040749e+03 7.395474e+02 
3.487879e-01 1.013852e+03 7.187508e+02 
3.538283e-01 9.880365e+02 6.987677e+02 
3.588687e-01 9.631902e+02 6.795577e+02 
3.639091e-01 9.391775e+02 6.610827e+02 
3.689495e-01 9.158753e+02 6.433069e+02 
3.739899e-01 8.932825e+02 6.261965e+02 
3.790303e-01 8.714168e+02 6.097198e+02 
3.840707e-01 8.502849e+02 5.938469e+02 
3.891111e-01 8.298698e+02 5.785495e+02 
3.941515e-01 8.101423e+02 5.638012e+02 
3.991919e-01 7.910966e+02 5.495766e+02 
4.042323e-01 7.727459e+02 5.358522e+02 
4.092727e-01 7.550552e+02 5.226055e+02 
4.143131e-01 7.379669e+02 5.098152e+02 
4.193535e-01 7.214182e+02 4.974613e+02 
4.243939e-01 7.053685e+02 4.855248e+02 
4.294343e-01 6.898090e+02 4.739876e+02 
4.344747e-01 6.747340e+02 4.628328e+02 
4.395152e-01 6.601113e+02 4.520441e+02 
4.445556e-01 6.459073e+02 4.416062e+02 
4.495960e-01 6.321216e+02 4.315044e+02 
4.546364e-01 6.187641e+02 4.217251e+02 
4.596768e-01 6.058269e+02 4.122550e+02 
4.647172e-01 5.932844e+02 4.030816e+02 
4.697576e-01 5.811040e+02 3.941931e+02 
4.747980e-01 5.692689e+02 3.855781e+02 
4.798384e-01 5.577931e+02 3.772259e+02 
4.848788e-01 5.466504e+02 3.691262e+02 
4.899192e-01 5.358267e+02 3.612693e+02 
4.949596e-01 5.252845e+02 3.536458e+02 
5.000000e-01 5.150204e+02 3.462469e+02 
