1.000000e-03 3.470496e+03 3.470167e+03 
6.040404e-03 1.579967e+04 1.586671e+04 
1.108081e-02 2.178935e+04 2.168029e+04 
1.612121e-02 2.386992e+04 2.344120e+04 
2.116162e-02 2.354408e+04 2.264670e+04 
2.620202e-02 2.188156e+04 2.069978e+04 
3.124242e-02 1.968522e+04 1.861400e+04 
3.628283e-02 1.750580e+04 1.675002e+04 
4.132323e-02 1.565464e+04 1.514271e+04 
4.636364e-02 1.423052e+04 1.375159e+04 
5.140404e-02 1.322806e+04 1.253558e+04 
5.644444e-02 1.252181e+04 1.146370e+04 
6.148485e-02 1.197328e+04 1.051308e+04 
6.652525e-02 1.144816e+04 9.666143e+03 
7.156566e-02 1.085401e+04 8.908852e+03 
7.660606e-02 1.015084e+04 8.229624e+03 
8.164646e-02 9.357750e+03 7.618720e+03 
8.668687e-02 8.533381e+03 7.067843e+03 
9.172727e-02 7.745356e+03 6.569867e+03 
9.676768e-02 7.050643e+03 6.118645e+03 
1.018081e-01 6.487242e+03 5.708847e+03 
1.068485e-01 6.066643e+03 5.335844e+03 
1.118889e-01 5.770079e+03 4.995600e+03 
1.169293e-01 5.559242e+03 4.684592e+03 
1.219697e-01 5.390197e+03 4.399733e+03 
1.270101e-01 5.223636e+03 4.138316e+03 
1.320505e-01 5.030754e+03 3.897959e+03 
1.370909e-01 4.797681e+03 3.676564e+03 
1.421313e-01 4.527530e+03 3.472277e+03 
1.471717e-01 4.236522e+03 3.283454e+03 
1.522121e-01 3.946167e+03 3.108641e+03 
1.572525e-01 3.676725e+03 2.946543e+03 
1.622929e-01 3.444605e+03 2.796004e+03 
1.673333e-01 3.258595e+03 2.655997e+03 
1.723737e-01 3.117690e+03 2.525598e+03 
1.774141e-01 3.012099e+03 2.403982e+03 
1.824545e-01 2.928239e+03 2.290408e+03 
1.874949e-01 2.852809e+03 2.184208e+03 
1.925354e-01 2.774541e+03 2.084781e+03 
1.975758e-01 2.685221e+03 1.991584e+03 
2.026162e-01 2.581438e+03 1.904126e+03 
2.076566e-01 2.465639e+03 1.821962e+03 
2.126970e-01 2.344354e+03 1.744687e+03 
2.177374e-01 2.225169e+03 1.671936e+03 
2.227778e-01 2.114813e+03 1.603373e+03 
2.278182e-01 2.017771e+03 1.538695e+03 
2.328586e-01 1.936129e+03 1.477624e+03 
2.378990e-01 1.869238e+03 1.419905e+03 
2.429394e-01 1.814313e+03 1.365305e+03 
2.479798e-01 1.767210e+03 1.313612e+03 
2.530202e-01 1.723361e+03 1.264629e+03 
2.580606e-01 1.678669e+03 1.218176e+03 
2.631010e-01 1.630484e+03 1.174088e+03 
2.681414e-01 1.578096e+03 1.132213e+03 
2.731818e-01 1.522505e+03 1.092408e+03 
2.782222e-01 1.465681e+03 1.054545e+03 
2.832626e-01 1.409817e+03 1.018504e+03 
2.883030e-01 1.357028e+03 9.841719e+02 
2.933434e-01 1.308958e+03 9.514472e+02 
2.983838e-01 1.266450e+03 9.202338e+02 
3.034242e-01 1.229316e+03 8.904431e+02 
3.084646e-01 1.196533e+03 8.619927e+02 
3.135051e-01 1.166776e+03 8.348059e+02 
3.185455e-01 1.138609e+03 8.088112e+02 
3.235859e-01 1.110787e+03 7.839422e+02 
3.286263e-01 1.082393e+03 7.601368e+02 
3.336667e-01 1.053052e+03 7.373371e+02 
3.387071e-01 1.022970e+03 7.154890e+02 
3.437475e-01 9.927162e+02 6.945419e+02 
3.487879e-01 9.630148e+02 6.744485e+02 
3.538283e-01 9.345475e+02 6.551644e+02 
3.588687e-01 9.078501e+02 6.366481e+02 
3.639091e-01 8.831987e+02 6.188607e+02 
3.689495e-01 8.605738e+02 6.017654e+02 
3.739899e-01 8.396896e+02 5.853281e+02 
3.790303e-01 8.201421e+02 5.695163e+02 
3.840707e-01 8.014985e+02 5.542997e+02 
3.891111e-01 7.833540e+02 5.396498e+02 
3.941515e-01 7.653755e+02 5.255395e+02 
3.991919e-01 7.473662e+02 5.119435e+02 
4.042323e-01 7.293324e+02 4.988379e+02 
4.092727e-01 7.114453e+02 4.862001e+02 
4.143131e-01 6.939279e+02 4.740087e+02 
4.193535e-01 6.769733e+02 4.622437e+02 
4.243939e-01 6.607119e+02 4.508859e+02 
4.294343e-01 6.452532e+02 4.399174e+02 
4.344747e-01 6.306443e+02 4.293210e+02 
4.395152e-01 6.168433e+02 4.190808e+02 
4.445556e-01 6.036927e+02 4.091813e+02 
4.495960e-01 5.910336e+02 3.996080e+02 
4.546364e-01 5.787363e+02 3.903473e+02 
4.596768e-01 5.667183e+02 3.813861e+02 
4.647172e-01 5.549074e+02 3.727120e+02 
4.697576e-01 5.432509e+02 3.643131e+02 
4.747980e-01 5.317547e+02 3.561785e+02 
4.798384e-01 5.204864e+02 3.482973e+02 
4.848788e-01 5.095366e+02 3.406596e+02 
4.899192e-01 4.989415e+02 3.332556e+02 
4.949596e-01 4.887121e+02 3.260763e+02 
5.000000e-01 4.788661e+02 3.191129e+02 
