1.000000e-03 4.472418e+03 4.472005e+03 
6.040404e-03 2.011752e+04 2.020843e+04 
1.108081e-02 2.750931e+04 2.743596e+04 
1.612121e-02 2.978970e+04 2.939638e+04 
2.116162e-02 2.890535e+04 2.790624e+04 
2.620202e-02 2.628268e+04 2.484192e+04 
3.124242e-02 2.301801e+04 2.171279e+04 
3.628283e-02 1.986907e+04 1.906273e+04 
4.132323e-02 1.725838e+04 1.689965e+04 
4.636364e-02 1.530816e+04 1.511429e+04 
5.140404e-02 1.401600e+04 1.361139e+04 
5.644444e-02 1.319389e+04 1.232473e+04 
6.148485e-02 1.265093e+04 1.120922e+04 
6.652525e-02 1.219181e+04 1.023310e+04 
7.156566e-02 1.166377e+04 9.372944e+03 
7.660606e-02 1.098007e+04 8.610744e+03 
8.164646e-02 1.013365e+04 7.932221e+03 
8.668687e-02 9.184932e+03 7.325773e+03 
9.172727e-02 8.225453e+03 6.781813e+03 
9.676768e-02 7.346599e+03 6.292317e+03 
1.018081e-01 6.617945e+03 5.850511e+03 
1.068485e-01 6.072699e+03 5.450628e+03 
1.118889e-01 5.704055e+03 5.087734e+03 
1.169293e-01 5.475436e+03 4.757582e+03 
1.219697e-01 5.336000e+03 4.456504e+03 
1.270101e-01 5.231326e+03 4.181319e+03 
1.320505e-01 5.111468e+03 3.929255e+03 
1.370909e-01 4.940841e+03 3.697894e+03 
1.421313e-01 4.706066e+03 3.485115e+03 
1.471717e-01 4.415951e+03 3.289056e+03 
1.522121e-01 4.093527e+03 3.108075e+03 
1.572525e-01 3.768522e+03 2.940723e+03 
1.622929e-01 3.471342e+03 2.785713e+03 
1.673333e-01 3.224798e+03 2.641906e+03 
1.723737e-01 3.038343e+03 2.508286e+03 
1.774141e-01 2.908101e+03 2.383947e+03 
1.824545e-01 2.822160e+03 2.268080e+03 
1.874949e-01 2.764755e+03 2.159958e+03 
1.925354e-01 2.718379e+03 2.058931e+03 
1.975758e-01 2.665928e+03 1.964411e+03 
2.026162e-01 2.594615e+03 1.875872e+03 
2.076566e-01 2.499536e+03 1.792835e+03 
2.126970e-01 2.383755e+03 1.714869e+03 
2.177374e-01 2.255420e+03 1.641584e+03 
2.227778e-01 2.124767e+03 1.572625e+03 
2.278182e-01 2.001898e+03 1.507668e+03 
2.328586e-01 1.894752e+03 1.446421e+03 
2.378990e-01 1.807747e+03 1.388615e+03 
2.429394e-01 1.741380e+03 1.334005e+03 
2.479798e-01 1.692636e+03 1.282368e+03 
2.530202e-01 1.656073e+03 1.233499e+03 
2.580606e-01 1.625082e+03 1.187209e+03 
2.631010e-01 1.593408e+03 1.143327e+03 
2.681414e-01 1.556468e+03 1.101693e+03 
2.731818e-01 1.512021e+03 1.062161e+03 
2.782222e-01 1.460115e+03 1.024596e+03 
2.832626e-01 1.402798e+03 9.888750e+02 
2.883030e-01 1.343400e+03 9.548820e+02 
2.933434e-01 1.285598e+03 9.225110e+02 
2.983838e-01 1.232647e+03 8.916638e+02 
3.034242e-01 1.186615e+03 8.622491e+02 
3.084646e-01 1.148196e+03 8.341823e+02 
3.135051e-01 1.116817e+03 8.073849e+02 
3.185455e-01 1.090903e+03 7.817838e+02 
3.235859e-01 1.068300e+03 7.573111e+02 
3.286263e-01 1.046743e+03 7.339034e+02 
3.336667e-01 1.024352e+03 7.115018e+02 
3.387071e-01 9.999271e+02 6.900512e+02 
3.437475e-01 9.730425e+02 6.695001e+02 
3.487879e-01 9.440899e+02 6.498004e+02 
3.538283e-01 9.140560e+02 6.309074e+02 
3.588687e-01 8.841820e+02 6.127787e+02 
3.639091e-01 8.556904e+02 5.953751e+02 
3.689495e-01 8.294478e+02 5.786595e+02 
3.739899e-01 8.059218e+02 5.625972e+02 
3.790303e-01 7.852183e+02 5.471557e+02 
3.840707e-01 7.670362e+02 5.323044e+02 
3.891111e-01 7.507036e+02 5.180144e+02 
3.941515e-01 7.353971e+02 5.042588e+02 
3.991919e-01 7.203434e+02 4.910119e+02 
4.042323e-01 7.050164e+02 4.782499e+02 
4.092727e-01 6.891392e+02 4.659499e+02 
4.143131e-01 6.726614e+02 4.540907e+02 
4.193535e-01 6.557555e+02 4.426521e+02 
4.243939e-01 6.387758e+02 4.316150e+02 
4.294343e-01 6.221469e+02 4.209614e+02 
4.344747e-01 6.062785e+02 4.106743e+02 
4.395152e-01 5.914281e+02 4.007376e+02 
4.445556e-01 5.776925e+02 3.911360e+02 
4.495960e-01 5.650369e+02 3.818552e+02 
4.546364e-01 5.533219e+02 3.728813e+02 
4.596768e-01 5.423210e+02 3.642014e+02 
4.647172e-01 5.317501e+02 3.558032e+02 
4.697576e-01 5.213507e+02 3.476750e+02 
4.747980e-01 5.109392e+02 3.398057e+02 
4.798384e-01 5.004574e+02 3.321848e+02 
4.848788e-01 4.899236e+02 3.248022e+02 
4.899192e-01 4.793848e+02 3.176484e+02 
4.949596e-01 4.689684e+02 3.107143e+02 
5.000000e-01 4.588228e+02 3.039914e+02 
