1.000000e-03 3.592326e+03 3.591986e+03 
6.040404e-03 1.630861e+04 1.637770e+04 
1.108081e-02 2.242996e+04 2.232267e+04 
1.612121e-02 2.449453e+04 2.406427e+04 
2.116162e-02 2.406947e+04 2.315485e+04 
2.620202e-02 2.227322e+04 2.106730e+04 
3.124242e-02 1.994497e+04 1.886515e+04 
3.628283e-02 1.765838e+04 1.691806e+04 
4.132323e-02 1.573329e+04 1.525318e+04 
4.636364e-02 1.426525e+04 1.382167e+04 
5.140404e-02 1.324731e+04 1.257671e+04 
5.644444e-02 1.253889e+04 1.148370e+04 
6.148485e-02 1.199638e+04 1.051742e+04 
6.652525e-02 1.147533e+04 9.658798e+03 
7.156566e-02 1.087976e+04 8.892755e+03 
7.660606e-02 1.016787e+04 8.206982e+03 
8.164646e-02 9.359608e+03 7.591213e+03 
8.668687e-02 8.516939e+03 7.036764e+03 
9.172727e-02 7.711427e+03 6.536218e+03 
9.676768e-02 7.003722e+03 6.083205e+03 
1.018081e-01 6.433624e+03 5.672226e+03 
1.068485e-01 6.012125e+03 5.298518e+03 
1.118889e-01 5.719123e+03 4.957944e+03 
1.169293e-01 5.514431e+03 4.646896e+03 
1.219697e-01 5.352563e+03 4.362226e+03 
1.270101e-01 5.192258e+03 4.101174e+03 
1.320505e-01 5.003098e+03 3.861318e+03 
1.370909e-01 4.770572e+03 3.640527e+03 
1.421313e-01 4.498341e+03 3.436921e+03 
1.471717e-01 4.203721e+03 3.248836e+03 
1.522121e-01 3.909127e+03 3.074800e+03 
1.572525e-01 3.636111e+03 2.913505e+03 
1.622929e-01 3.402065e+03 2.763786e+03 
1.673333e-01 3.216320e+03 2.624605e+03 
1.723737e-01 3.077348e+03 2.495033e+03 
1.774141e-01 2.974698e+03 2.374239e+03 
1.824545e-01 2.894246e+03 2.261477e+03 
1.874949e-01 2.822236e+03 2.156078e+03 
1.925354e-01 2.746824e+03 2.057436e+03 
1.975758e-01 2.659107e+03 1.965007e+03 
2.026162e-01 2.555660e+03 1.878299e+03 
2.076566e-01 2.439232e+03 1.796866e+03 
2.126970e-01 2.316887e+03 1.720302e+03 
2.177374e-01 2.196694e+03 1.648242e+03 
2.227778e-01 2.085569e+03 1.580350e+03 
2.278182e-01 1.988337e+03 1.516322e+03 
2.328586e-01 1.907178e+03 1.455881e+03 
2.378990e-01 1.841452e+03 1.398771e+03 
2.429394e-01 1.788151e+03 1.344762e+03 
2.479798e-01 1.742830e+03 1.293639e+03 
2.530202e-01 1.700585e+03 1.245208e+03 
2.580606e-01 1.657126e+03 1.199289e+03 
2.631010e-01 1.609737e+03 1.155717e+03 
2.681414e-01 1.557721e+03 1.114340e+03 
2.731818e-01 1.502189e+03 1.075017e+03 
2.782222e-01 1.445167e+03 1.037620e+03 
2.832626e-01 1.389055e+03 1.002028e+03 
2.883030e-01 1.336175e+03 9.681310e+02 
2.933434e-01 1.288282e+03 9.358263e+02 
2.983838e-01 1.246196e+03 9.050189e+02 
3.034242e-01 1.209665e+03 8.756205e+02 
3.084646e-01 1.177669e+03 8.475493e+02 
3.135051e-01 1.148772e+03 8.207290e+02 
3.185455e-01 1.121427e+03 7.950887e+02 
3.235859e-01 1.094270e+03 7.705624e+02 
3.286263e-01 1.066349e+03 7.470884e+02 
3.336667e-01 1.037333e+03 7.246094e+02 
3.387071e-01 1.007441e+03 7.030714e+02 
3.437475e-01 9.772879e+02 6.824245e+02 
3.487879e-01 9.476355e+02 6.626216e+02 
3.538283e-01 9.192644e+02 6.436187e+02 
3.588687e-01 8.927538e+02 6.253747e+02 
3.639091e-01 8.683863e+02 6.078508e+02 
3.689495e-01 8.461060e+02 5.910110e+02 
3.739899e-01 8.256210e+02 5.748210e+02 
3.790303e-01 8.065171e+02 5.592489e+02 
3.840707e-01 7.883229e+02 5.442647e+02 
3.891111e-01 7.705755e+02 5.298400e+02 
3.941515e-01 7.529043e+02 5.159481e+02 
3.991919e-01 7.351298e+02 5.025639e+02 
4.042323e-01 7.172936e+02 4.896637e+02 
4.092727e-01 6.995725e+02 4.772252e+02 
4.143131e-01 6.821917e+02 4.652272e+02 
4.193535e-01 6.653569e+02 4.536499e+02 
4.243939e-01 6.492441e+02 4.424744e+02 
4.294343e-01 6.339777e+02 4.316828e+02 
4.344747e-01 6.196037e+02 4.212584e+02 
4.395152e-01 6.060454e+02 4.111851e+02 
4.445556e-01 5.931391e+02 4.014478e+02 
4.495960e-01 5.807207e+02 3.920322e+02 
4.546364e-01 5.686706e+02 3.829248e+02 
4.596768e-01 5.568787e+02 3.741125e+02 
4.647172e-01 5.452493e+02 3.655833e+02 
4.697576e-01 5.337410e+02 3.573254e+02 
4.747980e-01 5.223848e+02 3.493278e+02 
4.798384e-01 5.112656e+02 3.415800e+02 
4.848788e-01 5.004525e+02 3.340721e+02 
4.899192e-01 4.899778e+02 3.267945e+02 
4.949596e-01 4.798821e+02 3.197381e+02 
5.000000e-01 4.701855e+02 3.128945e+02 
