1.000000e-03 5.026770e+03 5.026313e+03 
6.040404e-03 2.256068e+04 2.266936e+04 
1.108081e-02 3.094570e+04 3.091737e+04 
1.612121e-02 3.355571e+04 3.325594e+04 
2.116162e-02 3.249335e+04 3.151797e+04 
2.620202e-02 2.934448e+04 2.770591e+04 
3.124242e-02 2.537086e+04 2.372632e+04 
3.628283e-02 2.148001e+04 2.040010e+04 
4.132323e-02 1.820339e+04 1.777297e+04 
4.636364e-02 1.572558e+04 1.568256e+04 
5.140404e-02 1.406508e+04 1.397861e+04 
5.644444e-02 1.304357e+04 1.255686e+04 
6.148485e-02 1.245011e+04 1.134849e+04 
6.652525e-02 1.206863e+04 1.030717e+04 
7.156566e-02 1.169779e+04 9.400447e+03 
7.660606e-02 1.119410e+04 8.604563e+03 
8.164646e-02 1.049081e+04 7.901476e+03 
8.668687e-02 9.605910e+03 7.277055e+03 
9.172727e-02 8.617014e+03 6.719965e+03 
9.676768e-02 7.627464e+03 6.220954e+03 
1.018081e-01 6.736289e+03 5.772356e+03 
1.068485e-01 6.014352e+03 5.367756e+03 
1.118889e-01 5.489801e+03 5.001734e+03 
1.169293e-01 5.151456e+03 4.669679e+03 
1.219697e-01 4.962379e+03 4.367643e+03 
1.270101e-01 4.872294e+03 4.092232e+03 
1.320505e-01 4.825399e+03 3.840507e+03 
1.370909e-01 4.767147e+03 3.609919e+03 
1.421313e-01 4.655372e+03 3.398246e+03 
1.471717e-01 4.469297e+03 3.203546e+03 
1.522121e-01 4.210953e+03 3.024112e+03 
1.572525e-01 3.900763e+03 2.858444e+03 
1.622929e-01 3.570522e+03 2.705216e+03 
1.673333e-01 3.255687e+03 2.563256e+03 
1.723737e-01 2.985415e+03 2.431523e+03 
1.774141e-01 2.775460e+03 2.309090e+03 
1.824545e-01 2.628335e+03 2.195132e+03 
1.874949e-01 2.536709e+03 2.088911e+03 
1.925354e-01 2.487465e+03 1.989764e+03 
1.975758e-01 2.463067e+03 1.897098e+03 
2.026162e-01 2.443801e+03 1.810379e+03 
2.076566e-01 2.411779e+03 1.729126e+03 
2.126970e-01 2.355151e+03 1.652903e+03 
2.177374e-01 2.270177e+03 1.581318e+03 
2.227778e-01 2.160410e+03 1.514013e+03 
2.278182e-01 2.034793e+03 1.450666e+03 
2.328586e-01 1.905011e+03 1.390981e+03 
2.378990e-01 1.782699e+03 1.334692e+03 
2.429394e-01 1.676988e+03 1.281552e+03 
2.479798e-01 1.593110e+03 1.231341e+03 
2.530202e-01 1.532174e+03 1.183852e+03 
2.580606e-01 1.491485e+03 1.138898e+03 
2.631010e-01 1.465558e+03 1.096309e+03 
2.681414e-01 1.447344e+03 1.055927e+03 
2.731818e-01 1.429774e+03 1.017605e+03 
2.782222e-01 1.407078e+03 9.812120e+02 
2.832626e-01 1.375482e+03 9.466233e+02 
2.883030e-01 1.333703e+03 9.137257e+02 
2.933434e-01 1.282940e+03 8.824141e+02 
2.983838e-01 1.226523e+03 8.525914e+02 
3.034242e-01 1.168834e+03 8.241676e+02 
3.084646e-01 1.114091e+03 7.970592e+02 
3.135051e-01 1.065596e+03 7.711889e+02 
3.185455e-01 1.025245e+03 7.464846e+02 
3.235859e-01 9.935382e+02 7.228796e+02 
3.286263e-01 9.695641e+02 7.003116e+02 
3.336667e-01 9.513460e+02 6.787226e+02 
3.387071e-01 9.363199e+02 6.580585e+02 
3.437475e-01 9.218798e+02 6.382688e+02 
3.487879e-01 9.058439e+02 6.193065e+02 
3.538283e-01 8.867561e+02 6.011274e+02 
3.588687e-01 8.640941e+02 5.836903e+02 
3.639091e-01 8.382607e+02 5.669567e+02 
3.689495e-01 8.104006e+02 5.508903e+02 
3.739899e-01 7.820235e+02 5.354572e+02 
3.790303e-01 7.546255e+02 5.206256e+02 
3.840707e-01 7.294676e+02 5.063656e+02 
3.891111e-01 7.073721e+02 4.926491e+02 
3.941515e-01 6.886586e+02 4.794496e+02 
3.991919e-01 6.730851e+02 4.667423e+02 
4.042323e-01 6.599544e+02 4.545038e+02 
4.092727e-01 6.483151e+02 4.427120e+02 
4.143131e-01 6.372036e+02 4.313461e+02 
4.193535e-01 6.258145e+02 4.203864e+02 
4.243939e-01 6.135680e+02 4.098144e+02 
4.294343e-01 6.001749e+02 3.996126e+02 
4.344747e-01 5.856702e+02 3.897644e+02 
4.395152e-01 5.704004e+02 3.802542e+02 
4.445556e-01 5.549077e+02 3.710671e+02 
4.495960e-01 5.397698e+02 3.621892e+02 
4.546364e-01 5.254607e+02 3.536071e+02 
4.596768e-01 5.123013e+02 3.453082e+02 
4.647172e-01 5.004701e+02 3.372807e+02 
4.697576e-01 4.899523e+02 3.295130e+02 
4.747980e-01 4.805463e+02 3.219946e+02 
4.798384e-01 4.719160e+02 3.147151e+02 
4.848788e-01 4.636784e+02 3.076649e+02 
4.899192e-01 4.555161e+02 3.008348e+02 
4.949596e-01 4.471990e+02 2.942158e+02 
5.000000e-01 4.385877e+02 2.877998e+02 
