1.000000e-03 5.936721e+03 5.936177e+03 
6.040404e-03 2.638635e+04 2.651828e+04 
1.108081e-02 3.601544e+04 3.602252e+04 
1.612121e-02 3.884076e+04 3.860105e+04 
2.116162e-02 3.732652e+04 3.631636e+04 
2.620202e-02 3.334186e+04 3.145435e+04 
3.124242e-02 2.839109e+04 2.638437e+04 
3.628283e-02 2.356620e+04 2.221078e+04 
4.132323e-02 1.951031e+04 1.900268e+04 
4.636364e-02 1.645027e+04 1.652676e+04 
5.140404e-02 1.440174e+04 1.456461e+04 
5.644444e-02 1.316498e+04 1.296568e+04 
6.148485e-02 1.249577e+04 1.163247e+04 
6.652525e-02 1.214241e+04 1.050106e+04 
7.156566e-02 1.186868e+04 9.528022e+03 
7.660606e-02 1.148788e+04 8.682562e+03 
8.164646e-02 1.088691e+04 7.941972e+03 
8.668687e-02 1.004713e+04 7.288944e+03 
9.172727e-02 9.032227e+03 6.709919e+03 
9.676768e-02 7.954403e+03 6.194048e+03 
1.018081e-01 6.935170e+03 5.732498e+03 
1.068485e-01 6.072204e+03 5.317986e+03 
1.118889e-01 5.417394e+03 4.944435e+03 
1.169293e-01 4.976917e+03 4.606730e+03 
1.219697e-01 4.724809e+03 4.300537e+03 
1.270101e-01 4.615746e+03 4.022154e+03 
1.320505e-01 4.592935e+03 3.768405e+03 
1.370909e-01 4.594552e+03 3.536551e+03 
1.421313e-01 4.564033e+03 3.324218e+03 
1.471717e-01 4.461707e+03 3.129341e+03 
1.522121e-01 4.270865e+03 2.950117e+03 
1.572525e-01 3.997921e+03 2.784967e+03 
1.622929e-01 3.669312e+03 2.632499e+03 
1.673333e-01 3.324376e+03 2.491490e+03 
1.723737e-01 3.003098e+03 2.360856e+03 
1.774141e-01 2.734272e+03 2.239636e+03 
1.824545e-01 2.531364e+03 2.126975e+03 
1.874949e-01 2.395608e+03 2.022113e+03 
1.925354e-01 2.319774e+03 1.924367e+03 
1.975758e-01 2.289867e+03 1.833130e+03 
2.026162e-01 2.286371e+03 1.747854e+03 
2.076566e-01 2.287337e+03 1.668048e+03 
2.126970e-01 2.273331e+03 1.593269e+03 
2.177374e-01 2.231382e+03 1.523116e+03 
2.227778e-01 2.156555e+03 1.457227e+03 
2.278182e-01 2.051650e+03 1.395275e+03 
2.328586e-01 1.925797e+03 1.336963e+03 
2.378990e-01 1.792144e+03 1.282019e+03 
2.429394e-01 1.664311e+03 1.230197e+03 
2.479798e-01 1.553243e+03 1.181273e+03 
2.530202e-01 1.465465e+03 1.135040e+03 
2.580606e-01 1.402956e+03 1.091313e+03 
2.631010e-01 1.363666e+03 1.049917e+03 
2.681414e-01 1.342381e+03 1.010696e+03 
2.731818e-01 1.331971e+03 9.735048e+02 
2.782222e-01 1.324651e+03 9.382098e+02 
2.832626e-01 1.313279e+03 9.046883e+02 
2.883030e-01 1.292521e+03 8.728271e+02 
2.933434e-01 1.259688e+03 8.425218e+02 
2.983838e-01 1.215050e+03 8.136758e+02 
3.034242e-01 1.161461e+03 7.861999e+02 
3.084646e-01 1.103451e+03 7.600112e+02 
3.135051e-01 1.046055e+03 7.350331e+02 
3.185455e-01 9.937137e+02 7.111944e+02 
3.235859e-01 9.494898e+02 6.884289e+02 
3.286263e-01 9.148167e+02 6.666753e+02 
3.336667e-01 8.895052e+02 6.458761e+02 
3.387071e-01 8.720501e+02 6.259782e+02 
3.437475e-01 8.600062e+02 6.069318e+02 
3.487879e-01 8.504559e+02 5.886904e+02 
3.538283e-01 8.404890e+02 5.712108e+02 
3.588687e-01 8.277452e+02 5.544524e+02 
3.639091e-01 8.108677e+02 5.383773e+02 
3.689495e-01 7.895775e+02 5.229499e+02 
3.739899e-01 7.645438e+02 5.081371e+02 
3.790303e-01 7.371128e+02 4.939075e+02 
3.840707e-01 7.090549e+02 4.802319e+02 
3.891111e-01 6.821824e+02 4.670828e+02 
3.941515e-01 6.579852e+02 4.544344e+02 
3.991919e-01 6.373595e+02 4.422623e+02 
4.042323e-01 6.205520e+02 4.305436e+02 
4.092727e-01 6.071882e+02 4.192567e+02 
4.143131e-01 5.965289e+02 4.083815e+02 
4.193535e-01 5.875498e+02 3.978986e+02 
4.243939e-01 5.791298e+02 3.877901e+02 
4.294343e-01 5.702492e+02 3.780389e+02 
4.344747e-01 5.601487e+02 3.686288e+02 
4.395152e-01 5.484878e+02 3.595446e+02 
4.445556e-01 5.353265e+02 3.507718e+02 
4.495960e-01 5.210325e+02 3.422970e+02 
4.546364e-01 5.061849e+02 3.341070e+02 
4.596768e-01 4.914573e+02 3.261898e+02 
4.647172e-01 4.774895e+02 3.185336e+02 
4.697576e-01 4.647770e+02 3.111275e+02 
4.747980e-01 4.535791e+02 3.039611e+02 
4.798384e-01 4.438942e+02 2.970244e+02 
4.848788e-01 4.355241e+02 2.903080e+02 
4.899192e-01 4.281465e+02 2.838030e+02 
4.949596e-01 4.213509e+02 2.775009e+02 
5.000000e-01 4.147090e+02 2.713936e+02 
