1.000000e-03 2.576908e+03 2.576671e+03 
6.040404e-03 1.160690e+04 1.165084e+04 
1.108081e-02 1.604716e+04 1.590207e+04 
1.612121e-02 1.780009e+04 1.734285e+04 
2.116162e-02 1.797257e+04 1.719587e+04 
2.620202e-02 1.727936e+04 1.634932e+04 
3.124242e-02 1.620828e+04 1.529551e+04 
3.628283e-02 1.507061e+04 1.421922e+04 
4.132323e-02 1.403263e+04 1.318213e+04 
4.636364e-02 1.313925e+04 1.220672e+04 
5.140404e-02 1.239640e+04 1.130119e+04 
5.644444e-02 1.172562e+04 1.046714e+04 
6.148485e-02 1.108545e+04 9.702619e+03 
6.652525e-02 1.043832e+04 9.003819e+03 
7.156566e-02 9.769012e+03 8.366030e+03 
7.660606e-02 9.091691e+03 7.784228e+03 
8.164646e-02 8.441790e+03 7.253422e+03 
8.668687e-02 7.851386e+03 6.768846e+03 
9.172727e-02 7.334297e+03 6.326058e+03 
9.676768e-02 6.892664e+03 5.920985e+03 
1.018081e-01 6.522855e+03 5.549928e+03 
1.068485e-01 6.210066e+03 5.209549e+03 
1.118889e-01 5.929705e+03 4.896852e+03 
1.169293e-01 5.657783e+03 4.609153e+03 
1.219697e-01 5.381893e+03 4.344052e+03 
1.270101e-01 5.102064e+03 4.099403e+03 
1.320505e-01 4.823920e+03 3.873289e+03 
1.370909e-01 4.555852e+03 3.663996e+03 
1.421313e-01 4.306214e+03 3.469991e+03 
1.471717e-01 4.080732e+03 3.289902e+03 
1.522121e-01 3.881605e+03 3.122498e+03 
1.572525e-01 3.707600e+03 2.966675e+03 
1.622929e-01 3.554688e+03 2.821440e+03 
1.673333e-01 3.416071e+03 2.685901e+03 
1.723737e-01 3.284686e+03 2.559251e+03 
1.774141e-01 3.155883e+03 2.440766e+03 
1.824545e-01 3.028084e+03 2.329787e+03 
1.874949e-01 2.901657e+03 2.225722e+03 
1.925354e-01 2.777876e+03 2.128031e+03 
1.975758e-01 2.658972e+03 2.036226e+03 
2.026162e-01 2.547667e+03 1.949861e+03 
2.076566e-01 2.445499e+03 1.868533e+03 
2.126970e-01 2.352326e+03 1.791871e+03 
2.177374e-01 2.266954e+03 1.719540e+03 
2.227778e-01 2.187918e+03 1.651232e+03 
2.278182e-01 2.113777e+03 1.586665e+03 
2.328586e-01 2.042880e+03 1.525581e+03 
2.378990e-01 1.973965e+03 1.467742e+03 
2.429394e-01 1.906731e+03 1.412932e+03 
2.479798e-01 1.841418e+03 1.360949e+03 
2.530202e-01 1.778296e+03 1.311610e+03 
2.580606e-01 1.717658e+03 1.264745e+03 
2.631010e-01 1.659989e+03 1.220197e+03 
2.681414e-01 1.605811e+03 1.177821e+03 
2.731818e-01 1.555083e+03 1.137482e+03 
2.782222e-01 1.507310e+03 1.099058e+03 
2.832626e-01 1.461904e+03 1.062432e+03 
2.883030e-01 1.418498e+03 1.027498e+03 
2.933434e-01 1.376893e+03 9.941564e+02 
2.983838e-01 1.336794e+03 9.623159e+02 
3.034242e-01 1.297944e+03 9.318904e+02 
3.084646e-01 1.260260e+03 9.028000e+02 
3.135051e-01 1.223903e+03 8.749704e+02 
3.185455e-01 1.189023e+03 8.483321e+02 
3.235859e-01 1.155633e+03 8.228204e+02 
3.286263e-01 1.123674e+03 7.983746e+02 
3.336667e-01 1.093083e+03 7.749381e+02 
3.387071e-01 1.063826e+03 7.524580e+02 
3.437475e-01 1.035842e+03 7.308845e+02 
3.487879e-01 1.008934e+03 7.101712e+02 
3.538283e-01 9.829362e+02 6.902744e+02 
3.588687e-01 9.577777e+02 6.711531e+02 
3.639091e-01 9.334560e+02 6.527688e+02 
3.689495e-01 9.099875e+02 6.350854e+02 
3.739899e-01 8.873135e+02 6.180687e+02 
3.790303e-01 8.653956e+02 6.016868e+02 
3.840707e-01 8.442385e+02 5.859094e+02 
3.891111e-01 8.238555e+02 5.707082e+02 
3.941515e-01 8.042253e+02 5.560563e+02 
3.991919e-01 7.852859e+02 5.419284e+02 
4.042323e-01 7.669755e+02 5.283005e+02 
4.092727e-01 7.492665e+02 5.151502e+02 
4.143131e-01 7.321415e+02 5.024560e+02 
4.193535e-01 7.155698e+02 4.901977e+02 
4.243939e-01 6.994972e+02 4.783563e+02 
4.294343e-01 6.839046e+02 4.669136e+02 
4.344747e-01 6.688036e+02 4.558525e+02 
4.395152e-01 6.541816e+02 4.451568e+02 
4.445556e-01 6.400264e+02 4.348110e+02 
4.495960e-01 6.262968e+02 4.248005e+02 
4.546364e-01 6.129806e+02 4.151115e+02 
4.596768e-01 6.000773e+02 4.057306e+02 
4.647172e-01 5.875699e+02 3.966455e+02 
4.697576e-01 5.754324e+02 3.878442e+02 
4.747980e-01 5.636427e+02 3.793153e+02 
4.798384e-01 5.521801e+02 3.710481e+02 
4.848788e-01 5.410541e+02 3.630323e+02 
4.899192e-01 5.302457e+02 3.552581e+02 
4.949596e-01 5.197416e+02 3.477163e+02 
5.000000e-01 5.095225e+02 3.403979e+02 
