1.000000e-03 3.932330e+03 3.931968e+03 
6.040404e-03 1.751233e+04 1.759019e+04 
1.108081e-02 2.395807e+04 2.386263e+04 
1.612121e-02 2.607415e+04 2.566007e+04 
2.116162e-02 2.553757e+04 2.461407e+04 
2.620202e-02 2.353768e+04 2.227697e+04 
3.124242e-02 2.096854e+04 1.982159e+04 
3.628283e-02 1.844541e+04 1.767224e+04 
4.132323e-02 1.631571e+04 1.585770e+04 
4.636364e-02 1.468849e+04 1.431575e+04 
5.140404e-02 1.356231e+04 1.298742e+04 
5.644444e-02 1.279605e+04 1.182975e+04 
6.148485e-02 1.223491e+04 1.081212e+04 
6.652525e-02 1.172441e+04 9.911892e+03 
7.156566e-02 1.115141e+04 9.111615e+03 
7.660606e-02 1.045774e+04 8.397317e+03 
8.164646e-02 9.650230e+03 7.757537e+03 
8.668687e-02 8.785139e+03 7.182706e+03 
9.172727e-02 7.936962e+03 6.664737e+03 
9.676768e-02 7.173690e+03 6.196738e+03 
1.018081e-01 6.544656e+03 5.772802e+03 
1.068485e-01 6.070375e+03 5.387838e+03 
1.118889e-01 5.739709e+03 5.037444e+03 
1.169293e-01 5.516449e+03 4.717797e+03 
1.219697e-01 5.354891e+03 4.425569e+03 
1.270101e-01 5.210460e+03 4.157855e+03 
1.320505e-01 5.046298e+03 3.912108e+03 
1.370909e-01 4.839548e+03 3.686094e+03 
1.421313e-01 4.586043e+03 3.477843e+03 
1.471717e-01 4.298194e+03 3.285621e+03 
1.522121e-01 3.997490e+03 3.107890e+03 
1.572525e-01 3.707521e+03 2.943288e+03 
1.622929e-01 3.449382e+03 2.790603e+03 
1.673333e-01 3.237808e+03 2.648757e+03 
1.723737e-01 3.076634e+03 2.516787e+03 
1.774141e-01 2.959496e+03 2.393831e+03 
1.824545e-01 2.873611e+03 2.279117e+03 
1.874949e-01 2.804734e+03 2.171952e+03 
1.925354e-01 2.739209e+03 2.071712e+03 
1.975758e-01 2.665335e+03 1.977834e+03 
2.026162e-01 2.575733e+03 1.889810e+03 
2.076566e-01 2.469321e+03 1.807181e+03 
2.126970e-01 2.350996e+03 1.729529e+03 
2.177374e-01 2.228623e+03 1.656478e+03 
2.227778e-01 2.110264e+03 1.587682e+03 
2.278182e-01 2.002746e+03 1.522830e+03 
2.328586e-01 1.910491e+03 1.461635e+03 
2.378990e-01 1.835099e+03 1.403837e+03 
2.429394e-01 1.775195e+03 1.349198e+03 
2.479798e-01 1.727280e+03 1.297499e+03 
2.530202e-01 1.686458e+03 1.248540e+03 
2.580606e-01 1.647630e+03 1.202137e+03 
2.631010e-01 1.606532e+03 1.158121e+03 
2.681414e-01 1.560751e+03 1.116337e+03 
2.731818e-01 1.509885e+03 1.076641e+03 
2.782222e-01 1.455174e+03 1.038901e+03 
2.832626e-01 1.398801e+03 1.002994e+03 
2.883030e-01 1.343357e+03 9.688083e+02 
2.933434e-01 1.291338e+03 9.362381e+02 
2.983838e-01 1.244580e+03 9.051867e+02 
3.034242e-01 1.203889e+03 8.755643e+02 
3.084646e-01 1.168956e+03 8.472872e+02 
3.135051e-01 1.138731e+03 8.202778e+02 
3.185455e-01 1.111695e+03 7.944638e+02 
3.235859e-01 1.086227e+03 7.697781e+02 
3.286263e-01 1.060802e+03 7.461577e+02 
3.336667e-01 1.034417e+03 7.235444e+02 
3.387071e-01 1.006666e+03 7.018833e+02 
3.437475e-01 9.777742e+02 6.811235e+02 
3.487879e-01 9.483446e+02 6.612172e+02 
3.538283e-01 9.192143e+02 6.421198e+02 
3.588687e-01 8.912376e+02 6.237893e+02 
3.639091e-01 8.650936e+02 6.061865e+02 
3.689495e-01 8.411422e+02 5.892747e+02 
3.739899e-01 8.193760e+02 5.730192e+02 
3.790303e-01 7.995702e+02 5.573876e+02 
3.840707e-01 7.812929e+02 5.423493e+02 
3.891111e-01 7.640491e+02 5.278756e+02 
3.941515e-01 7.472827e+02 5.139396e+02 
3.991919e-01 7.305659e+02 5.005156e+02 
4.042323e-01 7.136641e+02 4.875798e+02 
4.092727e-01 6.965602e+02 4.751094e+02 
4.143131e-01 6.794355e+02 4.630830e+02 
4.193535e-01 6.624970e+02 4.514806e+02 
4.243939e-01 6.459747e+02 4.402830e+02 
4.294343e-01 6.301063e+02 4.294722e+02 
4.344747e-01 6.150797e+02 4.190311e+02 
4.395152e-01 6.009745e+02 4.089436e+02 
4.445556e-01 5.877396e+02 3.991944e+02 
4.495960e-01 5.752392e+02 3.897690e+02 
4.546364e-01 5.632980e+02 3.806536e+02 
4.596768e-01 5.517857e+02 3.718352e+02 
4.647172e-01 5.405337e+02 3.633015e+02 
4.697576e-01 5.294315e+02 3.550407e+02 
4.747980e-01 5.184001e+02 3.470416e+02 
4.798384e-01 5.074558e+02 3.392937e+02 
4.848788e-01 4.966712e+02 3.317869e+02 
4.899192e-01 4.861277e+02 3.245115e+02 
4.949596e-01 4.758757e+02 3.174585e+02 
5.000000e-01 4.659757e+02 3.106192e+02 
