1.000000e-03 2.346000e+03 2.345784e+03 
6.040404e-03 1.045142e+04 1.049575e+04 
1.108081e-02 1.442667e+04 1.427268e+04 
1.612121e-02 1.611076e+04 1.563890e+04 
2.116162e-02 1.650391e+04 1.573149e+04 
2.620202e-02 1.618661e+04 1.522220e+04 
3.124242e-02 1.551583e+04 1.445504e+04 
3.628283e-02 1.470620e+04 1.359003e+04 
4.132323e-02 1.387339e+04 1.270580e+04 
4.636364e-02 1.306669e+04 1.184308e+04 
5.140404e-02 1.230142e+04 1.102273e+04 
5.644444e-02 1.156976e+04 1.025443e+04 
6.148485e-02 1.086534e+04 9.541508e+03 
6.652525e-02 1.019551e+04 8.883700e+03 
7.156566e-02 9.556935e+03 8.278768e+03 
7.660606e-02 8.958539e+03 7.723473e+03 
8.164646e-02 8.412888e+03 7.214150e+03 
8.668687e-02 7.921184e+03 6.747037e+03 
9.172727e-02 7.474158e+03 6.318470e+03 
9.676768e-02 7.063379e+03 5.924984e+03 
1.018081e-01 6.686064e+03 5.563360e+03 
1.068485e-01 6.337514e+03 5.230647e+03 
1.118889e-01 6.008659e+03 4.924159e+03 
1.169293e-01 5.694246e+03 4.641465e+03 
1.219697e-01 5.395658e+03 4.380368e+03 
1.270101e-01 5.116607e+03 4.138893e+03 
1.320505e-01 4.858755e+03 3.915262e+03 
1.370909e-01 4.621580e+03 3.707876e+03 
1.421313e-01 4.403078e+03 3.515297e+03 
1.471717e-01 4.200653e+03 3.336231e+03 
1.522121e-01 4.011815e+03 3.169516e+03 
1.572525e-01 3.834915e+03 3.014102e+03 
1.622929e-01 3.668428e+03 2.869043e+03 
1.673333e-01 3.510708e+03 2.733485e+03 
1.723737e-01 3.361027e+03 2.606656e+03 
1.774141e-01 3.219441e+03 2.487859e+03 
1.824545e-01 3.086362e+03 2.376460e+03 
1.874949e-01 2.961219e+03 2.271884e+03 
1.925354e-01 2.843392e+03 2.173610e+03 
1.975758e-01 2.732532e+03 2.081163e+03 
2.026162e-01 2.628270e+03 1.994110e+03 
2.076566e-01 2.529837e+03 1.912057e+03 
2.126970e-01 2.436285e+03 1.834644e+03 
2.177374e-01 2.347340e+03 1.761542e+03 
2.227778e-01 2.262844e+03 1.692448e+03 
2.278182e-01 2.182561e+03 1.627087e+03 
2.328586e-01 2.106113e+03 1.565204e+03 
2.378990e-01 2.033374e+03 1.506566e+03 
2.429394e-01 1.964340e+03 1.450959e+03 
2.479798e-01 1.898779e+03 1.398186e+03 
2.530202e-01 1.836291e+03 1.348063e+03 
2.580606e-01 1.776551e+03 1.300423e+03 
2.631010e-01 1.719582e+03 1.255110e+03 
2.681414e-01 1.665280e+03 1.211981e+03 
2.731818e-01 1.613410e+03 1.170903e+03 
2.782222e-01 1.563699e+03 1.131751e+03 
2.832626e-01 1.516069e+03 1.094413e+03 
2.883030e-01 1.470512e+03 1.058780e+03 
2.933434e-01 1.426962e+03 1.024756e+03 
2.983838e-01 1.385237e+03 9.922465e+02 
3.034242e-01 1.345175e+03 9.611674e+02 
3.084646e-01 1.306723e+03 9.314384e+02 
3.135051e-01 1.269858e+03 9.029852e+02 
3.185455e-01 1.234498e+03 8.757383e+02 
3.235859e-01 1.200494e+03 8.496326e+02 
3.286263e-01 1.167765e+03 8.246075e+02 
3.336667e-01 1.136285e+03 8.006061e+02 
3.387071e-01 1.106044e+03 7.775752e+02 
3.437475e-01 1.076954e+03 7.554649e+02 
3.487879e-01 1.048921e+03 7.342284e+02 
3.538283e-01 1.021882e+03 7.138218e+02 
3.588687e-01 9.958363e+02 6.942037e+02 
3.639091e-01 9.707509e+02 6.753355e+02 
3.689495e-01 9.465588e+02 6.571806e+02 
3.739899e-01 9.231993e+02 6.397047e+02 
3.790303e-01 9.006389e+02 6.228754e+02 
3.840707e-01 8.788634e+02 6.066622e+02 
3.891111e-01 8.578540e+02 5.910365e+02 
3.941515e-01 8.375555e+02 5.759710e+02 
3.991919e-01 8.179104e+02 5.614403e+02 
4.042323e-01 7.989131e+02 5.474200e+02 
4.092727e-01 7.805532e+02 5.338873e+02 
4.143131e-01 7.628015e+02 5.208206e+02 
4.193535e-01 7.456091e+02 5.081994e+02 
4.243939e-01 7.289509e+02 4.960043e+02 
4.294343e-01 7.128201e+02 4.842170e+02 
4.344747e-01 6.972138e+02 4.728200e+02 
4.395152e-01 6.820954e+02 4.617969e+02 
4.445556e-01 6.674264e+02 4.511320e+02 
4.495960e-01 6.531929e+02 4.408105e+02 
4.546364e-01 6.393974e+02 4.308182e+02 
4.596768e-01 6.260297e+02 4.211416e+02 
4.647172e-01 6.130550e+02 4.117682e+02 
4.697576e-01 6.004442e+02 4.026857e+02 
4.747980e-01 5.881926e+02 3.938825e+02 
4.798384e-01 5.763124e+02 3.853478e+02 
4.848788e-01 5.647757e+02 3.770710e+02 
4.899192e-01 5.535579e+02 3.690422e+02 
4.949596e-01 5.426511e+02 3.612519e+02 
5.000000e-01 5.320461e+02 3.536910e+02 
