1.000000e-03 6.794542e+03 6.793879e+03 
6.040404e-03 2.949012e+04 2.962984e+04 
1.108081e-02 3.947979e+04 3.945498e+04 
1.612121e-02 4.184500e+04 4.148258e+04 
2.116162e-02 3.956120e+04 3.830592e+04 
2.620202e-02 3.480852e+04 3.273912e+04 
3.124242e-02 2.927160e+04 2.731550e+04 
3.628283e-02 2.410708e+04 2.298301e+04 
4.132323e-02 1.993371e+04 1.967894e+04 
4.636364e-02 1.690814e+04 1.712319e+04 
5.140404e-02 1.498477e+04 1.508768e+04 
5.644444e-02 1.388559e+04 1.342165e+04 
6.148485e-02 1.331151e+04 1.202839e+04 
6.652525e-02 1.296853e+04 1.084422e+04 
7.156566e-02 1.261725e+04 9.825358e+03 
7.660606e-02 1.207419e+04 8.940374e+03 
8.164646e-02 1.125505e+04 8.165812e+03 
8.668687e-02 1.019470e+04 7.483618e+03 
9.172727e-02 9.011652e+03 6.879549e+03 
9.676768e-02 7.849520e+03 6.342148e+03 
1.018081e-01 6.831472e+03 5.862057e+03 
1.068485e-01 6.034024e+03 5.431543e+03 
1.118889e-01 5.481182e+03 5.044149e+03 
1.169293e-01 5.153124e+03 4.694441e+03 
1.219697e-01 5.000465e+03 4.377813e+03 
1.270101e-01 4.956451e+03 4.090336e+03 
1.320505e-01 4.948543e+03 3.828642e+03 
1.370909e-01 4.911536e+03 3.589831e+03 
1.421313e-01 4.799045e+03 3.371392e+03 
1.471717e-01 4.589676e+03 3.171144e+03 
1.522121e-01 4.288607e+03 2.987184e+03 
1.572525e-01 3.926098e+03 2.817850e+03 
1.622929e-01 3.548460e+03 2.661680e+03 
1.673333e-01 3.201228e+03 2.517388e+03 
1.723737e-01 2.915085e+03 2.383837e+03 
1.774141e-01 2.702881e+03 2.260021e+03 
1.824545e-01 2.564373e+03 2.145046e+03 
1.874949e-01 2.490197e+03 2.038118e+03 
1.925354e-01 2.462698e+03 1.938527e+03 
1.975758e-01 2.457795e+03 1.845637e+03 
2.026162e-01 2.450570e+03 1.758880e+03 
2.076566e-01 2.421534e+03 1.677744e+03 
2.126970e-01 2.359673e+03 1.601771e+03 
2.177374e-01 2.262659e+03 1.530544e+03 
2.227778e-01 2.136435e+03 1.463689e+03 
2.278182e-01 1.993808e+03 1.400866e+03 
2.328586e-01 1.850633e+03 1.341768e+03 
2.378990e-01 1.720935e+03 1.286115e+03 
2.429394e-01 1.613956e+03 1.233654e+03 
2.479798e-01 1.533919e+03 1.184151e+03 
2.530202e-01 1.480520e+03 1.137397e+03 
2.580606e-01 1.449334e+03 1.093197e+03 
2.631010e-01 1.432659e+03 1.051374e+03 
2.681414e-01 1.421541e+03 1.011766e+03 
2.731818e-01 1.407829e+03 9.742250e+02 
2.782222e-01 1.385485e+03 9.386133e+02 
2.832626e-01 1.350997e+03 9.048053e+02 
2.883030e-01 1.303847e+03 8.726848e+02 
2.933434e-01 1.246663e+03 8.421450e+02 
2.983838e-01 1.184426e+03 8.130870e+02 
3.034242e-01 1.122791e+03 7.854193e+02 
3.084646e-01 1.066530e+03 7.590575e+02 
3.135051e-01 1.018805e+03 7.339231e+02 
3.185455e-01 9.811314e+02 7.099434e+02 
3.235859e-01 9.533951e+02 6.870510e+02 
3.286263e-01 9.339065e+02 6.651832e+02 
3.336667e-01 9.197973e+02 6.442815e+02 
3.387071e-01 9.077656e+02 6.242916e+02 
3.437475e-01 8.948489e+02 6.051629e+02 
3.487879e-01 8.788496e+02 5.868482e+02 
3.538283e-01 8.585697e+02 5.693033e+02 
3.588687e-01 8.339059e+02 5.524869e+02 
3.639091e-01 8.058017e+02 5.363606e+02 
3.689495e-01 7.759633e+02 5.208883e+02 
3.739899e-01 7.463407e+02 5.060361e+02 
3.790303e-01 7.186710e+02 4.917723e+02 
3.840707e-01 6.942125e+02 4.780673e+02 
3.891111e-01 6.736367e+02 4.648932e+02 
3.941515e-01 6.569435e+02 4.522236e+02 
3.991919e-01 6.434903e+02 4.400340e+02 
4.042323e-01 6.322389e+02 4.283011e+02 
4.092727e-01 6.220214e+02 4.170031e+02 
4.143131e-01 6.117696e+02 4.061195e+02 
4.193535e-01 6.006334e+02 3.956309e+02 
4.243939e-01 5.880935e+02 3.855189e+02 
4.294343e-01 5.740190e+02 3.757662e+02 
4.344747e-01 5.587352e+02 3.663567e+02 
4.395152e-01 5.428754e+02 3.572749e+02 
4.445556e-01 5.270869e+02 3.485061e+02 
4.495960e-01 5.120001e+02 3.400367e+02 
4.546364e-01 4.981111e+02 3.318535e+02 
4.596768e-01 4.857413e+02 3.239442e+02 
4.647172e-01 4.749462e+02 3.162972e+02 
4.697576e-01 4.655116e+02 3.089012e+02 
4.747980e-01 4.570668e+02 3.017458e+02 
4.798384e-01 4.491876e+02 2.948210e+02 
4.848788e-01 4.414939e+02 2.881172e+02 
4.899192e-01 4.336391e+02 2.816254e+02 
4.949596e-01 4.253692e+02 2.753372e+02 
5.000000e-01 4.166359e+02 2.692443e+02 
