1.000000e-03 4.452761e+03 4.452344e+03 
6.040404e-03 1.969617e+04 1.978607e+04 
1.108081e-02 2.681802e+04 2.674113e+04 
1.612121e-02 2.900655e+04 2.861548e+04 
2.116162e-02 2.815841e+04 2.718657e+04 
2.620202e-02 2.563736e+04 2.422543e+04 
3.124242e-02 2.248525e+04 2.117741e+04 
3.628283e-02 1.942467e+04 1.858484e+04 
4.132323e-02 1.686471e+04 1.646616e+04 
4.636364e-02 1.493220e+04 1.471807e+04 
5.140404e-02 1.363010e+04 1.324779e+04 
5.644444e-02 1.279341e+04 1.199018e+04 
6.148485e-02 1.224183e+04 1.090071e+04 
6.652525e-02 1.178870e+04 9.948001e+03 
7.156566e-02 1.128877e+04 9.108935e+03 
7.660606e-02 1.065266e+04 8.365773e+03 
8.164646e-02 9.862431e+03 7.704462e+03 
8.668687e-02 8.966548e+03 7.113605e+03 
9.172727e-02 8.047601e+03 6.583794e+03 
9.676768e-02 7.191832e+03 6.107166e+03 
1.018081e-01 6.467936e+03 5.677085e+03 
1.068485e-01 5.912904e+03 5.287908e+03 
1.118889e-01 5.526988e+03 4.934809e+03 
1.169293e-01 5.281087e+03 4.613637e+03 
1.219697e-01 5.130164e+03 4.320808e+03 
1.270101e-01 5.023910e+03 4.053213e+03 
1.320505e-01 4.914130e+03 3.808148e+03 
1.370909e-01 4.763959e+03 3.583252e+03 
1.421313e-01 4.556072e+03 3.376454e+03 
1.471717e-01 4.293691e+03 3.185939e+03 
1.522121e-01 3.994901e+03 3.010105e+03 
1.572525e-01 3.685626e+03 2.847537e+03 
1.622929e-01 3.394132e+03 2.696984e+03 
1.673333e-01 3.144283e+03 2.557332e+03 
1.723737e-01 2.948977e+03 2.427593e+03 
1.774141e-01 2.808222e+03 2.306884e+03 
1.824545e-01 2.712738e+03 2.194415e+03 
1.874949e-01 2.649089e+03 2.089479e+03 
1.925354e-01 2.601775e+03 1.991443e+03 
1.975758e-01 2.554822e+03 1.899735e+03 
2.026162e-01 2.494364e+03 1.813840e+03 
2.076566e-01 2.412968e+03 1.733295e+03 
2.126970e-01 2.310787e+03 1.657679e+03 
2.177374e-01 2.193839e+03 1.586612e+03 
2.227778e-01 2.070899e+03 1.519748e+03 
2.278182e-01 1.951244e+03 1.456773e+03 
2.328586e-01 1.843162e+03 1.397402e+03 
2.378990e-01 1.752295e+03 1.341374e+03 
2.429394e-01 1.680689e+03 1.288450e+03 
2.479798e-01 1.626929e+03 1.238414e+03 
2.530202e-01 1.586948e+03 1.191065e+03 
2.580606e-01 1.555157e+03 1.146220e+03 
2.631010e-01 1.525647e+03 1.103713e+03 
2.681414e-01 1.493354e+03 1.063389e+03 
2.731818e-01 1.455036e+03 1.025104e+03 
2.782222e-01 1.409687e+03 9.887297e+02 
2.832626e-01 1.358292e+03 9.541437e+02 
2.883030e-01 1.303314e+03 9.212348e+02 
2.933434e-01 1.247982e+03 8.898996e+02 
2.983838e-01 1.195498e+03 8.600427e+02 
3.034242e-01 1.148352e+03 8.315753e+02 
3.084646e-01 1.107945e+03 8.044154e+02 
3.135051e-01 1.074439e+03 7.784866e+02 
3.185455e-01 1.046908e+03 7.537179e+02 
3.235859e-01 1.023649e+03 7.300434e+02 
3.286263e-01 1.002650e+03 7.074015e+02 
3.336667e-01 9.820001e+02 6.857350e+02 
3.387071e-01 9.602134e+02 6.649903e+02 
3.437475e-01 9.364150e+02 6.451175e+02 
3.487879e-01 9.104457e+02 6.260700e+02 
3.538283e-01 8.828831e+02 6.078041e+02 
3.588687e-01 8.547277e+02 5.902790e+02 
3.639091e-01 8.271110e+02 5.734564e+02 
3.689495e-01 8.010075e+02 5.573003e+02 
3.739899e-01 7.770837e+02 5.417773e+02 
3.790303e-01 7.556959e+02 5.268555e+02 
3.840707e-01 7.368548e+02 5.125054e+02 
3.891111e-01 7.201769e+02 4.986990e+02 
3.941515e-01 7.050092e+02 4.854100e+02 
3.991919e-01 6.906086e+02 4.726137e+02 
4.042323e-01 6.763472e+02 4.602868e+02 
4.092727e-01 6.618155e+02 4.484073e+02 
4.143131e-01 6.467838e+02 4.369545e+02 
4.193535e-01 6.312437e+02 4.259088e+02 
4.243939e-01 6.153876e+02 4.152518e+02 
4.294343e-01 5.995466e+02 4.049660e+02 
4.344747e-01 5.841221e+02 3.950349e+02 
4.395152e-01 5.694231e+02 3.854429e+02 
4.445556e-01 5.556572e+02 3.761751e+02 
4.495960e-01 5.428967e+02 3.672176e+02 
4.546364e-01 5.311260e+02 3.585571e+02 
4.596768e-01 5.201914e+02 3.501811e+02 
4.647172e-01 5.098755e+02 3.420775e+02 
4.697576e-01 4.999294e+02 3.342351e+02 
4.747980e-01 4.901348e+02 3.266432e+02 
4.798384e-01 4.803639e+02 3.192914e+02 
4.848788e-01 4.705426e+02 3.121700e+02 
4.899192e-01 4.606723e+02 3.052700e+02 
4.949596e-01 4.508216e+02 2.985823e+02 
5.000000e-01 4.411023e+02 2.920988e+02 
