1.000000e-03 4.090341e+03 4.089964e+03 
6.040404e-03 1.822860e+04 1.831241e+04 
1.108081e-02 2.501522e+04 2.493836e+04 
1.612121e-02 2.727657e+04 2.690190e+04 
2.116162e-02 2.671611e+04 2.580585e+04 
2.620202e-02 2.456309e+04 2.323292e+04 
3.124242e-02 2.176314e+04 2.049849e+04 
3.628283e-02 1.898403e+04 1.812543e+04 
4.132323e-02 1.661644e+04 1.615654e+04 
4.636364e-02 1.479639e+04 1.451255e+04 
5.140404e-02 1.353838e+04 1.311658e+04 
5.644444e-02 1.271019e+04 1.191319e+04 
6.148485e-02 1.214571e+04 1.086395e+04 
6.652525e-02 1.168550e+04 9.941394e+03 
7.156566e-02 1.118974e+04 9.125052e+03 
7.660606e-02 1.057403e+04 8.399035e+03 
8.164646e-02 9.819860e+03 7.750625e+03 
8.668687e-02 8.969015e+03 7.169403e+03 
9.172727e-02 8.094445e+03 6.646695e+03 
9.676768e-02 7.272542e+03 6.175197e+03 
1.018081e-01 6.566600e+03 5.748701e+03 
1.068485e-01 6.014623e+03 5.361898e+03 
1.118889e-01 5.621566e+03 5.010219e+03 
1.169293e-01 5.362676e+03 4.689719e+03 
1.219697e-01 5.195810e+03 4.396976e+03 
1.270101e-01 5.074769e+03 4.129009e+03 
1.320505e-01 4.956024e+03 3.883215e+03 
1.370909e-01 4.804882e+03 3.657314e+03 
1.421313e-01 4.602678e+03 3.449303e+03 
1.471717e-01 4.349855e+03 3.257418e+03 
1.522121e-01 4.062198e+03 3.080098e+03 
1.572525e-01 3.763269e+03 2.915963e+03 
1.622929e-01 3.478337e+03 2.763788e+03 
1.673333e-01 3.229475e+03 2.622483e+03 
1.723737e-01 3.030040e+03 2.491074e+03 
1.774141e-01 2.882291e+03 2.368694e+03 
1.824545e-01 2.778891e+03 2.254563e+03 
1.874949e-01 2.707310e+03 2.147984e+03 
1.925354e-01 2.653099e+03 2.048328e+03 
1.975758e-01 2.601564e+03 1.955031e+03 
2.026162e-01 2.539960e+03 1.867580e+03 
2.076566e-01 2.460392e+03 1.785516e+03 
2.126970e-01 2.361679e+03 1.708420e+03 
2.177374e-01 2.248351e+03 1.635912e+03 
2.227778e-01 2.128256e+03 1.567648e+03 
2.278182e-01 2.010202e+03 1.503315e+03 
2.328586e-01 1.901995e+03 1.442626e+03 
2.378990e-01 1.809112e+03 1.385321e+03 
2.429394e-01 1.733964e+03 1.331161e+03 
2.479798e-01 1.675852e+03 1.279928e+03 
2.530202e-01 1.631624e+03 1.231422e+03 
2.580606e-01 1.596398e+03 1.185459e+03 
2.631010e-01 1.564598e+03 1.141869e+03 
2.681414e-01 1.531187e+03 1.100499e+03 
2.731818e-01 1.492788e+03 1.061204e+03 
2.782222e-01 1.448204e+03 1.023852e+03 
2.832626e-01 1.398026e+03 9.883224e+02 
2.883030e-01 1.344162e+03 9.545014e+02 
2.933434e-01 1.289324e+03 9.222849e+02 
2.983838e-01 1.236528e+03 8.915763e+02 
3.034242e-01 1.188392e+03 8.622859e+02 
3.084646e-01 1.146424e+03 8.343305e+02 
3.135051e-01 1.110923e+03 8.076329e+02 
3.185455e-01 1.081230e+03 7.821210e+02 
3.235859e-01 1.056016e+03 7.577280e+02 
3.286263e-01 1.033551e+03 7.343913e+02 
3.336667e-01 1.011971e+03 7.120528e+02 
3.387071e-01 9.897035e+02 6.906582e+02 
3.437475e-01 9.657906e+02 6.701567e+02 
3.487879e-01 9.399963e+02 6.505009e+02 
3.538283e-01 9.126922e+02 6.316463e+02 
3.588687e-01 8.846380e+02 6.135513e+02 
3.639091e-01 8.568163e+02 5.961770e+02 
3.689495e-01 8.301989e+02 5.794867e+02 
3.739899e-01 8.055438e+02 5.634462e+02 
3.790303e-01 7.832627e+02 5.480232e+02 
3.840707e-01 7.633742e+02 5.331874e+02 
3.891111e-01 7.456021e+02 5.189104e+02 
3.941515e-01 7.294605e+02 5.051651e+02 
3.991919e-01 7.143407e+02 4.919265e+02 
4.042323e-01 6.996183e+02 4.791707e+02 
4.092727e-01 6.847680e+02 4.668752e+02 
4.143131e-01 6.695138e+02 4.550188e+02 
4.193535e-01 6.538404e+02 4.435815e+02 
4.243939e-01 6.378839e+02 4.325444e+02 
4.294343e-01 6.219165e+02 4.218896e+02 
4.344747e-01 6.062172e+02 4.116003e+02 
4.395152e-01 5.911056e+02 4.016603e+02 
4.445556e-01 5.768340e+02 3.920546e+02 
4.495960e-01 5.635465e+02 3.827688e+02 
4.546364e-01 5.512183e+02 3.737893e+02 
4.596768e-01 5.397165e+02 3.651032e+02 
4.647172e-01 5.288646e+02 3.566982e+02 
4.697576e-01 5.184793e+02 3.485627e+02 
4.747980e-01 5.083771e+02 3.406857e+02 
4.798384e-01 4.983677e+02 3.330566e+02 
4.848788e-01 4.883232e+02 3.256656e+02 
4.899192e-01 4.782485e+02 3.185030e+02 
4.949596e-01 4.682200e+02 3.115599e+02 
5.000000e-01 4.583128e+02 3.048277e+02 
