1.000000e-03 2.243133e+03 2.242921e+03 
6.040404e-03 9.973792e+03 1.001857e+04 
1.108081e-02 1.376168e+04 1.361394e+04 
1.612121e-02 1.538824e+04 1.492945e+04 
2.116162e-02 1.580797e+04 1.505282e+04 
2.620202e-02 1.556156e+04 1.460239e+04 
3.124242e-02 1.497364e+04 1.389415e+04 
3.628283e-02 1.423639e+04 1.308172e+04 
4.132323e-02 1.345364e+04 1.224381e+04 
4.636364e-02 1.267304e+04 1.142207e+04 
5.140404e-02 1.193720e+04 1.063814e+04 
5.644444e-02 1.121662e+04 9.902313e+03 
6.148485e-02 1.053085e+04 9.218426e+03 
6.652525e-02 9.883827e+03 8.586621e+03 
7.156566e-02 9.273580e+03 8.005022e+03 
7.660606e-02 8.706524e+03 7.470704e+03 
8.164646e-02 8.189131e+03 6.980275e+03 
8.668687e-02 7.719322e+03 6.530216e+03 
9.172727e-02 7.286062e+03 6.117072e+03 
9.676768e-02 6.883501e+03 5.737563e+03 
1.018081e-01 6.510923e+03 5.388633e+03 
1.068485e-01 6.165905e+03 5.067471e+03 
1.118889e-01 5.841822e+03 4.771517e+03 
1.169293e-01 5.535235e+03 4.498446e+03 
1.219697e-01 5.247509e+03 4.246159e+03 
1.270101e-01 4.980665e+03 4.012764e+03 
1.320505e-01 4.734433e+03 3.796558e+03 
1.370909e-01 4.506830e+03 3.596005e+03 
1.421313e-01 4.295338e+03 3.409728e+03 
1.471717e-01 4.097775e+03 3.236483e+03 
1.522121e-01 3.912516e+03 3.075152e+03 
1.572525e-01 3.738522e+03 2.924727e+03 
1.622929e-01 3.574869e+03 2.784298e+03 
1.673333e-01 3.420469e+03 2.653044e+03 
1.723737e-01 3.274852e+03 2.530220e+03 
1.774141e-01 3.137960e+03 2.415155e+03 
1.824545e-01 3.009304e+03 2.307239e+03 
1.874949e-01 2.888205e+03 2.205917e+03 
1.925354e-01 2.773925e+03 2.110688e+03 
1.975758e-01 2.666107e+03 2.021092e+03 
2.026162e-01 2.564448e+03 1.936714e+03 
2.076566e-01 2.468119e+03 1.857172e+03 
2.126970e-01 2.376583e+03 1.782119e+03 
2.177374e-01 2.289751e+03 1.711236e+03 
2.227778e-01 2.207422e+03 1.644233e+03 
2.278182e-01 2.129286e+03 1.580843e+03 
2.328586e-01 2.054935e+03 1.520820e+03 
2.378990e-01 1.984201e+03 1.463939e+03 
2.429394e-01 1.917076e+03 1.409993e+03 
2.479798e-01 1.853211e+03 1.358790e+03 
2.530202e-01 1.792249e+03 1.310156e+03 
2.580606e-01 1.734010e+03 1.263926e+03 
2.631010e-01 1.678442e+03 1.219951e+03 
2.681414e-01 1.625494e+03 1.178092e+03 
2.731818e-01 1.574886e+03 1.138220e+03 
2.782222e-01 1.526405e+03 1.100215e+03 
2.832626e-01 1.479990e+03 1.063968e+03 
2.883030e-01 1.435604e+03 1.029374e+03 
2.933434e-01 1.393162e+03 9.963394e+02 
2.983838e-01 1.352456e+03 9.647738e+02 
3.034242e-01 1.313364e+03 9.345946e+02 
3.084646e-01 1.275861e+03 9.057248e+02 
3.135051e-01 1.239900e+03 8.780921e+02 
3.185455e-01 1.205394e+03 8.516293e+02 
3.235859e-01 1.172201e+03 8.262735e+02 
3.286263e-01 1.140262e+03 8.019658e+02 
3.336667e-01 1.109562e+03 7.786513e+02 
3.387071e-01 1.080054e+03 7.562783e+02 
3.437475e-01 1.051659e+03 7.347985e+02 
3.487879e-01 1.024278e+03 7.141665e+02 
3.538283e-01 9.978868e+02 6.943398e+02 
3.588687e-01 9.724796e+02 6.752783e+02 
3.639091e-01 9.480000e+02 6.569446e+02 
3.689495e-01 9.243817e+02 6.393031e+02 
3.739899e-01 9.015666e+02 6.223207e+02 
3.790303e-01 8.795431e+02 6.059660e+02 
3.840707e-01 8.583014e+02 5.902093e+02 
3.891111e-01 8.377960e+02 5.750229e+02 
3.941515e-01 8.179737e+02 5.603805e+02 
3.991919e-01 7.987897e+02 5.462572e+02 
4.042323e-01 7.802473e+02 5.326295e+02 
4.092727e-01 7.623371e+02 5.194752e+02 
4.143131e-01 7.450098e+02 5.067735e+02 
4.193535e-01 7.282255e+02 4.945044e+02 
4.243939e-01 7.119615e+02 4.826491e+02 
4.294343e-01 6.962252e+02 4.711898e+02 
4.344747e-01 6.809992e+02 4.601097e+02 
4.395152e-01 6.662346e+02 4.493926e+02 
4.445556e-01 6.519135e+02 4.390235e+02 
4.495960e-01 6.380295e+02 4.289879e+02 
4.546364e-01 6.245710e+02 4.192721e+02 
4.596768e-01 6.115177e+02 4.098631e+02 
4.647172e-01 5.988445e+02 4.007485e+02 
4.697576e-01 5.865378e+02 3.919166e+02 
4.747980e-01 5.745892e+02 3.833561e+02 
4.798384e-01 5.629917e+02 3.750564e+02 
4.848788e-01 5.517269e+02 3.670073e+02 
4.899192e-01 5.407730e+02 3.591991e+02 
4.949596e-01 5.301239e+02 3.516227e+02 
5.000000e-01 5.197738e+02 3.442692e+02 
