1.000000e-03 1.092414e+04 1.092315e+04 
6.040404e-03 4.798529e+04 4.824813e+04 
1.108081e-02 6.514986e+04 6.539589e+04 
1.612121e-02 6.960989e+04 6.987949e+04 
2.116162e-02 6.575326e+04 6.488106e+04 
2.620202e-02 5.704446e+04 5.398996e+04 
3.124242e-02 4.641165e+04 4.220195e+04 
3.628283e-02 3.607786e+04 3.266088e+04 
4.132323e-02 2.739272e+04 2.581856e+04 
4.636364e-02 2.086606e+04 2.102295e+04 
5.140404e-02 1.645592e+04 1.758423e+04 
5.644444e-02 1.380541e+04 1.502521e+04 
6.148485e-02 1.245289e+04 1.304958e+04 
6.652525e-02 1.197342e+04 1.147593e+04 
7.156566e-02 1.199258e+04 1.019066e+04 
7.660606e-02 1.217433e+04 9.120040e+03 
8.164646e-02 1.221639e+04 8.214287e+03 
8.668687e-02 1.189876e+04 7.438489e+03 
9.172727e-02 1.113390e+04 6.767311e+03 
9.676768e-02 9.977788e+03 6.181813e+03 
1.018081e-01 8.591314e+03 5.667472e+03 
1.068485e-01 7.177549e+03 5.212920e+03 
1.118889e-01 5.913653e+03 4.809091e+03 
1.169293e-01 4.910059e+03 4.448654e+03 
1.219697e-01 4.205310e+03 4.125601e+03 
1.270101e-01 3.787243e+03 3.834959e+03 
1.320505e-01 3.614960e+03 3.572569e+03 
1.370909e-01 3.632172e+03 3.334930e+03 
1.421313e-01 3.772480e+03 3.119072e+03 
1.471717e-01 3.962504e+03 2.922459e+03 
1.522121e-01 4.126733e+03 2.742913e+03 
1.572525e-01 4.196769e+03 2.578557e+03 
1.622929e-01 4.125580e+03 2.427763e+03 
1.673333e-01 3.902632e+03 2.289113e+03 
1.723737e-01 3.557443e+03 2.161370e+03 
1.774141e-01 3.145823e+03 2.043448e+03 
1.824545e-01 2.728081e+03 1.934392e+03 
1.874949e-01 2.353097e+03 1.833358e+03 
1.925354e-01 2.052902e+03 1.739599e+03 
1.975758e-01 1.842722e+03 1.652453e+03 
2.026162e-01 1.723330e+03 1.571328e+03 
2.076566e-01 1.684360e+03 1.495699e+03 
2.126970e-01 1.707857e+03 1.425094e+03 
2.177374e-01 1.771400e+03 1.359091e+03 
2.227778e-01 1.849782e+03 1.297309e+03 
2.278182e-01 1.916737e+03 1.239406e+03 
2.328586e-01 1.948450e+03 1.185074e+03 
2.378990e-01 1.928837e+03 1.134033e+03 
2.429394e-01 1.853957e+03 1.086031e+03 
2.479798e-01 1.732466e+03 1.040838e+03 
2.530202e-01 1.581746e+03 9.982463e+02 
2.580606e-01 1.422409e+03 9.580651e+02 
2.631010e-01 1.273511e+03 9.201215e+02 
2.681414e-01 1.149262e+03 8.842573e+02 
2.731818e-01 1.057588e+03 8.503278e+02 
2.782222e-01 1.000507e+03 8.182005e+02 
2.832626e-01 9.753993e+02 7.877538e+02 
2.883030e-01 9.765209e+02 7.588759e+02 
2.933434e-01 9.958688e+02 7.314641e+02 
2.983838e-01 1.023731e+03 7.054239e+02 
3.034242e-01 1.049616e+03 6.806679e+02 
3.084646e-01 1.063764e+03 6.571156e+02 
3.135051e-01 1.059285e+03 6.346926e+02 
3.185455e-01 1.033477e+03 6.133300e+02 
3.235859e-01 9.881169e+02 5.929640e+02 
3.286263e-01 9.284778e+02 5.735354e+02 
3.336667e-01 8.618012e+02 5.549893e+02 
3.387071e-01 7.956733e+02 5.372747e+02 
3.437475e-01 7.366489e+02 5.203441e+02 
3.487879e-01 6.892615e+02 5.041533e+02 
3.538283e-01 6.556833e+02 4.886612e+02 
3.588687e-01 6.358707e+02 4.738294e+02 
3.639091e-01 6.281339e+02 4.596219e+02 
3.689495e-01 6.295646e+02 4.460054e+02 
3.739899e-01 6.364244e+02 4.329484e+02 
3.790303e-01 6.444970e+02 4.204218e+02 
3.840707e-01 6.496334e+02 4.083979e+02 
3.891111e-01 6.484894e+02 3.968512e+02 
3.941515e-01 6.391958e+02 3.857574e+02 
3.991919e-01 6.215653e+02 3.750940e+02 
4.042323e-01 5.969279e+02 3.648396e+02 
4.092727e-01 5.676760e+02 3.549742e+02 
4.143131e-01 5.367918e+02 3.454790e+02 
4.193535e-01 5.072038e+02 3.363362e+02 
4.243939e-01 4.813088e+02 3.275293e+02 
4.294343e-01 4.606383e+02 3.190424e+02 
4.344747e-01 4.457925e+02 3.108607e+02 
4.395152e-01 4.365802e+02 3.029702e+02 
4.445556e-01 4.321478e+02 2.953577e+02 
4.495960e-01 4.311074e+02 2.880107e+02 
4.546364e-01 4.317083e+02 2.809173e+02 
4.596768e-01 4.321440e+02 2.740664e+02 
4.647172e-01 4.308438e+02 2.674475e+02 
4.697576e-01 4.267070e+02 2.610504e+02 
4.747980e-01 4.192089e+02 2.548657e+02 
4.798384e-01 4.084312e+02 2.488843e+02 
4.848788e-01 3.950375e+02 2.430979e+02 
4.899192e-01 3.800989e+02 2.374981e+02 
4.949596e-01 3.648725e+02 2.320774e+02 
5.000000e-01 3.505006e+02 2.268284e+02 
