1.000000e-03 5.649959e+03 5.649435e+03 
6.040404e-03 2.537945e+04 2.550449e+04 
1.108081e-02 3.482438e+04 3.481993e+04 
1.612121e-02 3.772292e+04 3.746695e+04 
2.116162e-02 3.641144e+04 3.540526e+04 
2.620202e-02 3.267534e+04 3.081660e+04 
3.124242e-02 2.796042e+04 2.597630e+04 
3.628283e-02 2.332660e+04 2.196162e+04 
4.132323e-02 1.940563e+04 1.885630e+04 
4.636364e-02 1.642948e+04 1.644678e+04 
5.140404e-02 1.442384e+04 1.452847e+04 
5.644444e-02 1.320262e+04 1.295921e+04 
6.148485e-02 1.253204e+04 1.164646e+04 
6.652525e-02 1.217101e+04 1.052930e+04 
7.156566e-02 1.188780e+04 9.566227e+03 
7.660606e-02 1.150114e+04 8.727674e+03 
8.164646e-02 1.090105e+04 7.991784e+03 
8.668687e-02 1.006995e+04 7.341836e+03 
9.172727e-02 9.069356e+03 6.764693e+03 
9.676768e-02 8.006993e+03 6.249810e+03 
1.018081e-01 7.000591e+03 5.788583e+03 
1.068485e-01 6.145659e+03 5.373894e+03 
1.118889e-01 5.494478e+03 4.999797e+03 
1.169293e-01 5.054057e+03 4.661273e+03 
1.219697e-01 4.798604e+03 4.354061e+03 
1.270101e-01 4.683806e+03 4.074517e+03 
1.320505e-01 4.654203e+03 3.819509e+03 
1.370909e-01 4.649421e+03 3.586332e+03 
1.421313e-01 4.613780e+03 3.372639e+03 
1.471717e-01 4.508025e+03 3.176383e+03 
1.522121e-01 4.315882e+03 2.995779e+03 
1.572525e-01 4.043786e+03 2.829256e+03 
1.622929e-01 3.717368e+03 2.675436e+03 
1.673333e-01 3.374708e+03 2.533099e+03 
1.723737e-01 3.054729e+03 2.401166e+03 
1.774141e-01 2.786112e+03 2.278681e+03 
1.824545e-01 2.582574e+03 2.164791e+03 
1.874949e-01 2.445396e+03 2.058736e+03 
1.925354e-01 2.367322e+03 1.959837e+03 
1.975758e-01 2.334587e+03 1.867485e+03 
2.026162e-01 2.328105e+03 1.781132e+03 
2.076566e-01 2.326398e+03 1.700287e+03 
2.126970e-01 2.310285e+03 1.624506e+03 
2.177374e-01 2.266864e+03 1.553388e+03 
2.227778e-01 2.191170e+03 1.486571e+03 
2.278182e-01 2.085960e+03 1.423724e+03 
2.328586e-01 1.960281e+03 1.364551e+03 
2.378990e-01 1.826930e+03 1.308778e+03 
2.429394e-01 1.699151e+03 1.256159e+03 
2.479798e-01 1.587699e+03 1.206468e+03 
2.530202e-01 1.499189e+03 1.159498e+03 
2.580606e-01 1.435703e+03 1.115059e+03 
2.631010e-01 1.395230e+03 1.072980e+03 
2.681414e-01 1.372626e+03 1.033101e+03 
2.731818e-01 1.360832e+03 9.952768e+02 
2.782222e-01 1.352209e+03 9.593719e+02 
2.832626e-01 1.339763e+03 9.252632e+02 
2.883030e-01 1.318200e+03 8.928365e+02 
2.933434e-01 1.284812e+03 8.619863e+02 
2.983838e-01 1.239803e+03 8.326152e+02 
3.034242e-01 1.185988e+03 8.046332e+02 
3.084646e-01 1.127833e+03 7.779566e+02 
3.135051e-01 1.070259e+03 7.525080e+02 
3.185455e-01 1.017590e+03 7.282154e+02 
3.235859e-01 9.728992e+02 7.050121e+02 
3.286263e-01 9.376514e+02 6.828359e+02 
3.336667e-01 9.117087e+02 6.616288e+02 
3.387071e-01 8.935513e+02 6.413370e+02 
3.437475e-01 8.807840e+02 6.219101e+02 
3.487879e-01 8.705224e+02 6.033012e+02 
3.538283e-01 8.599345e+02 5.854663e+02 
3.588687e-01 8.467085e+02 5.683645e+02 
3.639091e-01 8.294338e+02 5.519574e+02 
3.689495e-01 8.078099e+02 5.362089e+02 
3.739899e-01 7.825104e+02 5.210853e+02 
3.790303e-01 7.548878e+02 5.065551e+02 
3.840707e-01 7.266455e+02 4.925885e+02 
3.891111e-01 6.995318e+02 4.791576e+02 
3.941515e-01 6.750235e+02 4.662363e+02 
3.991919e-01 6.540487e+02 4.537998e+02 
4.042323e-01 6.368646e+02 4.418249e+02 
4.092727e-01 6.231208e+02 4.302898e+02 
4.143131e-01 6.120496e+02 4.191739e+02 
4.193535e-01 6.026518e+02 4.084576e+02 
4.243939e-01 5.938431e+02 3.981227e+02 
4.294343e-01 5.846233e+02 3.881518e+02 
4.344747e-01 5.742528e+02 3.785285e+02 
4.395152e-01 5.623510e+02 3.692374e+02 
4.445556e-01 5.489562e+02 3.602638e+02 
4.495960e-01 5.344728e+02 3.515938e+02 
4.546364e-01 5.194495e+02 3.432144e+02 
4.596768e-01 5.045522e+02 3.351130e+02 
4.647172e-01 4.903848e+02 3.272780e+02 
4.697576e-01 4.774440e+02 3.196980e+02 
4.747980e-01 4.659958e+02 3.123625e+02 
4.798384e-01 4.560701e+02 3.052614e+02 
4.848788e-01 4.474639e+02 2.983851e+02 
4.899192e-01 4.398306e+02 2.917245e+02 
4.949596e-01 4.327727e+02 2.852710e+02 
5.000000e-01 4.259019e+02 2.790164e+02 
