1.000000e-03 5.850568e+03 5.849999e+03 
6.040404e-03 2.590719e+04 2.602815e+04 
1.108081e-02 3.503708e+04 3.499765e+04 
1.612121e-02 3.746303e+04 3.709947e+04 
2.116162e-02 3.574249e+04 3.458436e+04 
2.620202e-02 3.177206e+04 2.990576e+04 
3.124242e-02 2.703016e+04 2.526261e+04 
3.628283e-02 2.254487e+04 2.149394e+04 
4.132323e-02 1.888046e+04 1.857336e+04 
4.636364e-02 1.619425e+04 1.628035e+04 
5.140404e-02 1.446508e+04 1.443045e+04 
5.644444e-02 1.345267e+04 1.290005e+04 
6.148485e-02 1.289820e+04 1.160886e+04 
6.652525e-02 1.253848e+04 1.050338e+04 
7.156566e-02 1.215887e+04 9.546350e+03 
7.660606e-02 1.160218e+04 8.710692e+03 
8.164646e-02 1.080313e+04 7.975965e+03 
8.668687e-02 9.798578e+03 7.326264e+03 
9.172727e-02 8.695240e+03 6.748918e+03 
9.676768e-02 7.621146e+03 6.233649e+03 
1.018081e-01 6.685849e+03 5.771997e+03 
1.068485e-01 5.956369e+03 5.356923e+03 
1.118889e-01 5.450486e+03 4.982517e+03 
1.169293e-01 5.146824e+03 4.643776e+03 
1.219697e-01 4.998345e+03 4.336438e+03 
1.270101e-01 4.943192e+03 4.056856e+03 
1.320505e-01 4.914448e+03 3.801889e+03 
1.370909e-01 4.852845e+03 3.568819e+03 
1.421313e-01 4.718903e+03 3.355291e+03 
1.471717e-01 4.497842e+03 3.159250e+03 
1.522121e-01 4.198444e+03 2.978898e+03 
1.572525e-01 3.849810e+03 2.812661e+03 
1.622929e-01 3.493694e+03 2.659150e+03 
1.673333e-01 3.170697e+03 2.517141e+03 
1.723737e-01 2.907702e+03 2.385551e+03 
1.774141e-01 2.714362e+03 2.263417e+03 
1.824545e-01 2.588151e+03 2.149885e+03 
1.874949e-01 2.518691e+03 2.044192e+03 
1.925354e-01 2.488937e+03 1.945655e+03 
1.975758e-01 2.476487e+03 1.853663e+03 
2.026162e-01 2.458471e+03 1.767667e+03 
2.076566e-01 2.417784e+03 1.687175e+03 
2.126970e-01 2.346175e+03 1.611742e+03 
2.177374e-01 2.243711e+03 1.540965e+03 
2.227778e-01 2.117342e+03 1.474481e+03 
2.278182e-01 1.979239e+03 1.411962e+03 
2.328586e-01 1.843675e+03 1.353107e+03 
2.378990e-01 1.722938e+03 1.297645e+03 
2.429394e-01 1.624767e+03 1.245329e+03 
2.479798e-01 1.551906e+03 1.195931e+03 
2.530202e-01 1.502958e+03 1.149247e+03 
2.580606e-01 1.473077e+03 1.105086e+03 
2.631010e-01 1.454922e+03 1.063276e+03 
2.681414e-01 1.440154e+03 1.023658e+03 
2.731818e-01 1.421432e+03 9.860866e+02 
2.782222e-01 1.393706e+03 9.504269e+02 
2.832626e-01 1.354742e+03 9.165556e+02 
2.883030e-01 1.305001e+03 8.843589e+02 
2.933434e-01 1.247415e+03 8.537314e+02 
2.983838e-01 1.186641e+03 8.245759e+02 
3.034242e-01 1.127797e+03 7.968026e+02 
3.084646e-01 1.075075e+03 7.703280e+02 
3.135051e-01 1.030986e+03 7.450749e+02 
3.185455e-01 9.962975e+02 7.209717e+02 
3.235859e-01 9.703498e+02 6.979516e+02 
3.286263e-01 9.513437e+02 6.759527e+02 
3.336667e-01 9.365463e+02 6.549173e+02 
3.387071e-01 9.228892e+02 6.347917e+02 
3.437475e-01 9.076946e+02 6.155257e+02 
3.487879e-01 8.892502e+02 5.970726e+02 
3.538283e-01 8.668951e+02 5.793887e+02 
3.588687e-01 8.409374e+02 5.624330e+02 
3.639091e-01 8.124068e+02 5.461674e+02 
3.689495e-01 7.829210e+02 5.305561e+02 
3.739899e-01 7.542876e+02 5.155655e+02 
3.790303e-01 7.280093e+02 5.011641e+02 
3.840707e-01 7.050285e+02 4.873223e+02 
3.891111e-01 6.856771e+02 4.740125e+02 
3.941515e-01 6.697229e+02 4.612085e+02 
3.991919e-01 6.564843e+02 4.488858e+02 
4.042323e-01 6.449580e+02 4.370213e+02 
4.092727e-01 6.340292e+02 4.255933e+02 
4.143131e-01 6.227345e+02 4.145812e+02 
4.193535e-01 6.104725e+02 4.039658e+02 
4.243939e-01 5.969606e+02 3.937288e+02 
4.294343e-01 5.822167e+02 3.838529e+02 
4.344747e-01 5.666044e+02 3.743219e+02 
4.395152e-01 5.507194e+02 3.651203e+02 
4.445556e-01 5.352245e+02 3.562338e+02 
4.495960e-01 5.206465e+02 3.476484e+02 
4.546364e-01 5.073292e+02 3.393511e+02 
4.596768e-01 4.954288e+02 3.313296e+02 
4.647172e-01 4.849206e+02 3.235721e+02 
4.697576e-01 4.755786e+02 3.160676e+02 
4.747980e-01 4.670225e+02 3.088055e+02 
4.798384e-01 4.588331e+02 3.017757e+02 
4.848788e-01 4.506564e+02 2.949689e+02 
4.899192e-01 4.422645e+02 2.883758e+02 
4.949596e-01 4.335380e+02 2.819881e+02 
5.000000e-01 4.244481e+02 2.757974e+02 
