1.000000e-03 3.406057e+03 3.405746e+03 
6.040404e-03 1.498982e+04 1.505162e+04 
1.108081e-02 2.046241e+04 2.033549e+04 
1.612121e-02 2.234605e+04 2.189064e+04 
2.116162e-02 2.209350e+04 2.122379e+04 
2.620202e-02 2.068581e+04 1.960604e+04 
3.124242e-02 1.882623e+04 1.785118e+04 
3.628283e-02 1.698057e+04 1.623429e+04 
4.132323e-02 1.540102e+04 1.479408e+04 
4.636364e-02 1.416357e+04 1.351427e+04 
5.140404e-02 1.324423e+04 1.237359e+04 
5.644444e-02 1.253983e+04 1.135396e+04 
6.148485e-02 1.192944e+04 1.044043e+04 
6.652525e-02 1.131761e+04 9.620374e+03 
7.156566e-02 1.064268e+04 8.882860e+03 
7.660606e-02 9.893397e+03 8.218350e+03 
8.164646e-02 9.104801e+03 7.618475e+03 
8.668687e-02 8.333843e+03 7.075890e+03 
9.172727e-02 7.631031e+03 6.584144e+03 
9.676768e-02 7.031707e+03 6.137580e+03 
1.018081e-01 6.553708e+03 5.731231e+03 
1.068485e-01 6.192278e+03 5.360737e+03 
1.118889e-01 5.919559e+03 5.022271e+03 
1.169293e-01 5.695745e+03 4.712468e+03 
1.219697e-01 5.484097e+03 4.428364e+03 
1.270101e-01 5.259360e+03 4.167350e+03 
1.320505e-01 5.009027e+03 3.927119e+03 
1.370909e-01 4.733557e+03 3.705633e+03 
1.421313e-01 4.445106e+03 3.501086e+03 
1.471717e-01 4.161322e+03 3.311873e+03 
1.522121e-01 3.898511e+03 3.136570e+03 
1.572525e-01 3.668485e+03 2.973906e+03 
1.622929e-01 3.477564e+03 2.822746e+03 
1.673333e-01 3.324944e+03 2.682078e+03 
1.723737e-01 3.202575e+03 2.550991e+03 
1.774141e-01 3.098407e+03 2.428671e+03 
1.824545e-01 3.000807e+03 2.314383e+03 
1.874949e-01 2.901336e+03 2.207468e+03 
1.925354e-01 2.794915e+03 2.107329e+03 
1.975758e-01 2.680056e+03 2.013427e+03 
2.026162e-01 2.559231e+03 1.925275e+03 
2.076566e-01 2.437936e+03 1.842429e+03 
2.126970e-01 2.322132e+03 1.764488e+03 
2.177374e-01 2.216356e+03 1.691086e+03 
2.227778e-01 2.123085e+03 1.621891e+03 
2.278182e-01 2.042667e+03 1.556598e+03 
2.328586e-01 1.973525e+03 1.494930e+03 
2.378990e-01 1.912722e+03 1.436632e+03 
2.429394e-01 1.856830e+03 1.381473e+03 
2.479798e-01 1.802754e+03 1.329239e+03 
2.530202e-01 1.748082e+03 1.279733e+03 
2.580606e-01 1.691459e+03 1.232776e+03 
2.631010e-01 1.633024e+03 1.188201e+03 
2.681414e-01 1.574193e+03 1.145855e+03 
2.731818e-01 1.516798e+03 1.105598e+03 
2.782222e-01 1.462340e+03 1.067299e+03 
2.832626e-01 1.411761e+03 1.030836e+03 
2.883030e-01 1.365565e+03 9.960994e+02 
2.933434e-01 1.323817e+03 9.629842e+02 
2.983838e-01 1.285933e+03 9.313948e+02 
3.034242e-01 1.250815e+03 9.012419e+02 
3.084646e-01 1.217328e+03 8.724425e+02 
3.135051e-01 1.184607e+03 8.449197e+02 
3.185455e-01 1.152166e+03 8.186013e+02 
3.235859e-01 1.119767e+03 7.934206e+02 
3.286263e-01 1.087459e+03 7.693149e+02 
3.336667e-01 1.055576e+03 7.462259e+02 
3.387071e-01 1.024635e+03 7.240991e+02 
3.437475e-01 9.951160e+02 7.028835e+02 
3.487879e-01 9.672705e+02 6.825313e+02 
3.538283e-01 9.411431e+02 6.629978e+02 
3.588687e-01 9.166419e+02 6.442412e+02 
3.639091e-01 8.935580e+02 6.262220e+02 
3.689495e-01 8.716033e+02 6.089033e+02 
3.739899e-01 8.504398e+02 5.922505e+02 
3.790303e-01 8.298215e+02 5.762309e+02 
3.840707e-01 8.096027e+02 5.608138e+02 
3.891111e-01 7.897443e+02 5.459704e+02 
3.941515e-01 7.702682e+02 5.316735e+02 
3.991919e-01 7.512294e+02 5.178974e+02 
4.042323e-01 7.327566e+02 5.046179e+02 
4.092727e-01 7.149870e+02 4.918122e+02 
4.143131e-01 6.979856e+02 4.794587e+02 
4.193535e-01 6.817336e+02 4.675371e+02 
4.243939e-01 6.661695e+02 4.560280e+02 
4.294343e-01 6.512275e+02 4.449133e+02 
4.344747e-01 6.368520e+02 4.341757e+02 
4.395152e-01 6.229447e+02 4.237989e+02 
4.445556e-01 6.094015e+02 4.137675e+02 
4.495960e-01 5.961715e+02 4.040666e+02 
4.546364e-01 5.832534e+02 3.946825e+02 
4.596768e-01 5.706642e+02 3.856019e+02 
4.647172e-01 5.584110e+02 3.768122e+02 
4.697576e-01 5.464972e+02 3.683016e+02 
4.747980e-01 5.349344e+02 3.600588e+02 
4.798384e-01 5.237666e+02 3.520730e+02 
4.848788e-01 5.129966e+02 3.443338e+02 
4.899192e-01 5.025797e+02 3.368317e+02 
4.949596e-01 4.924858e+02 3.295574e+02 
5.000000e-01 4.826922e+02 3.225019e+02 
