1.000000e-03 2.370688e+03 2.370470e+03 
6.040404e-03 1.046095e+04 1.050345e+04 
1.108081e-02 1.441927e+04 1.426887e+04 
1.612121e-02 1.607345e+04 1.561362e+04 
2.116162e-02 1.641585e+04 1.566069e+04 
2.620202e-02 1.603629e+04 1.510421e+04 
3.124242e-02 1.530641e+04 1.430532e+04 
3.628283e-02 1.445453e+04 1.342368e+04 
4.132323e-02 1.360324e+04 1.253292e+04 
4.636364e-02 1.279320e+04 1.166972e+04 
5.140404e-02 1.206218e+04 1.085237e+04 
5.644444e-02 1.135735e+04 1.008902e+04 
6.148485e-02 1.067902e+04 9.382102e+03 
6.652525e-02 1.002532e+04 8.730800e+03 
7.156566e-02 9.391851e+03 8.132543e+03 
7.660606e-02 8.788181e+03 7.583891e+03 
8.164646e-02 8.232413e+03 7.081054e+03 
8.668687e-02 7.733907e+03 6.620199e+03 
9.172727e-02 7.287459e+03 6.197621e+03 
9.676768e-02 6.884494e+03 5.809834e+03 
1.018081e-01 6.519847e+03 5.453616e+03 
1.068485e-01 6.186895e+03 5.126017e+03 
1.118889e-01 5.874444e+03 4.824358e+03 
1.169293e-01 5.573001e+03 4.546218e+03 
1.219697e-01 5.281279e+03 4.289416e+03 
1.270101e-01 5.003848e+03 4.051989e+03 
1.320505e-01 4.744719e+03 3.832172e+03 
1.370909e-01 4.505917e+03 3.628381e+03 
1.421313e-01 4.287310e+03 3.439192e+03 
1.471717e-01 4.087066e+03 3.263324e+03 
1.522121e-01 3.902801e+03 3.099626e+03 
1.572525e-01 3.732076e+03 2.947061e+03 
1.622929e-01 3.572484e+03 2.804693e+03 
1.673333e-01 3.421395e+03 2.671680e+03 
1.723737e-01 3.276936e+03 2.547259e+03 
1.774141e-01 3.138659e+03 2.430740e+03 
1.824545e-01 3.007493e+03 2.321499e+03 
1.874949e-01 2.883657e+03 2.218968e+03 
1.925354e-01 2.767004e+03 2.122635e+03 
1.975758e-01 2.657421e+03 2.032029e+03 
2.026162e-01 2.554967e+03 1.946726e+03 
2.076566e-01 2.459015e+03 1.866336e+03 
2.126970e-01 2.368511e+03 1.790504e+03 
2.177374e-01 2.282463e+03 1.718906e+03 
2.227778e-01 2.200516e+03 1.651246e+03 
2.278182e-01 2.122456e+03 1.587250e+03 
2.328586e-01 2.048001e+03 1.526669e+03 
2.378990e-01 1.976850e+03 1.469274e+03 
2.429394e-01 1.909086e+03 1.414853e+03 
2.479798e-01 1.844754e+03 1.363213e+03 
2.530202e-01 1.783660e+03 1.314173e+03 
2.580606e-01 1.725401e+03 1.267569e+03 
2.631010e-01 1.669857e+03 1.223247e+03 
2.681414e-01 1.616959e+03 1.181067e+03 
2.731818e-01 1.566535e+03 1.140898e+03 
2.782222e-01 1.518278e+03 1.102618e+03 
2.832626e-01 1.471975e+03 1.066115e+03 
2.883030e-01 1.427552e+03 1.031284e+03 
2.933434e-01 1.385028e+03 9.980286e+02 
2.983838e-01 1.344338e+03 9.662584e+02 
3.034242e-01 1.305334e+03 9.358893e+02 
3.084646e-01 1.267883e+03 9.068429e+02 
3.135051e-01 1.231940e+03 8.790460e+02 
3.185455e-01 1.197485e+03 8.524306e+02 
3.235859e-01 1.164428e+03 8.269328e+02 
3.286263e-01 1.132639e+03 8.024931e+02 
3.336667e-01 1.102027e+03 7.790556e+02 
3.387071e-01 1.072571e+03 7.565682e+02 
3.437475e-01 1.044245e+03 7.349820e+02 
3.487879e-01 1.016989e+03 7.142509e+02 
3.538283e-01 9.907176e+02 6.943320e+02 
3.588687e-01 9.653715e+02 6.751848e+02 
3.639091e-01 9.409332e+02 6.567711e+02 
3.689495e-01 9.174043e+02 6.390554e+02 
3.739899e-01 8.947195e+02 6.220038e+02 
3.790303e-01 8.728087e+02 6.055847e+02 
3.840707e-01 8.516325e+02 5.897683e+02 
3.891111e-01 8.311866e+02 5.745263e+02 
3.941515e-01 8.114506e+02 5.598321e+02 
3.991919e-01 7.923788e+02 5.456608e+02 
4.042323e-01 7.739221e+02 5.319885e+02 
4.092727e-01 7.560606e+02 5.187928e+02 
4.143131e-01 7.387894e+02 5.060527e+02 
4.193535e-01 7.220891e+02 4.937480e+02 
4.243939e-01 7.059223e+02 4.818598e+02 
4.294343e-01 6.902567e+02 4.703700e+02 
4.344747e-01 6.750755e+02 4.592617e+02 
4.395152e-01 6.603718e+02 4.485187e+02 
4.445556e-01 6.461344e+02 4.381256e+02 
4.495960e-01 6.323260e+02 4.280679e+02 
4.546364e-01 6.189232e+02 4.183318e+02 
4.596768e-01 6.059190e+02 4.089042e+02 
4.647172e-01 5.933093e+02 3.997725e+02 
4.697576e-01 5.810796e+02 3.909250e+02 
4.747980e-01 5.692009e+02 3.823503e+02 
4.798384e-01 5.576493e+02 3.740377e+02 
4.848788e-01 5.464300e+02 3.659769e+02 
4.899192e-01 5.355435e+02 3.581582e+02 
4.949596e-01 5.249690e+02 3.505723e+02 
5.000000e-01 5.146755e+02 3.432104e+02 
