1.000000e-03 2.950430e+03 2.950153e+03 
6.040404e-03 1.335253e+04 1.340485e+04 
1.108081e-02 1.844657e+04 1.831877e+04 
1.612121e-02 2.033001e+04 1.988824e+04 
2.116162e-02 2.027126e+04 1.944786e+04 
2.620202e-02 1.914271e+04 1.813005e+04 
3.124242e-02 1.757636e+04 1.664829e+04 
3.628283e-02 1.599234e+04 1.524908e+04 
4.132323e-02 1.461728e+04 1.397789e+04 
4.636364e-02 1.352478e+04 1.283072e+04 
5.140404e-02 1.271232e+04 1.179602e+04 
5.644444e-02 1.205844e+04 1.086247e+04 
6.148485e-02 1.147699e+04 1.001979e+04 
6.652525e-02 1.088522e+04 9.258655e+03 
7.156566e-02 1.023186e+04 8.570556e+03 
7.660606e-02 9.513747e+03 7.947776e+03 
8.164646e-02 8.770293e+03 7.383353e+03 
8.668687e-02 8.055321e+03 6.871040e+03 
9.172727e-02 7.411635e+03 6.405263e+03 
9.676768e-02 6.866420e+03 5.981068e+03 
1.018081e-01 6.431743e+03 5.594060e+03 
1.068485e-01 6.099825e+03 5.240349e+03 
1.118889e-01 5.842058e+03 4.916490e+03 
1.169293e-01 5.620190e+03 4.619440e+03 
1.219697e-01 5.401710e+03 4.346501e+03 
1.270101e-01 5.167399e+03 4.095286e+03 
1.320505e-01 4.910655e+03 3.863676e+03 
1.370909e-01 4.635652e+03 3.649793e+03 
1.421313e-01 4.355321e+03 3.451963e+03 
1.471717e-01 4.085742e+03 3.268698e+03 
1.522121e-01 3.840890e+03 3.098671e+03 
1.572525e-01 3.629857e+03 2.940695e+03 
1.622929e-01 3.455759e+03 2.793707e+03 
1.673333e-01 3.314915e+03 2.656757e+03 
1.723737e-01 3.197925e+03 2.528989e+03 
1.774141e-01 3.093437e+03 2.409634e+03 
1.824545e-01 2.991862e+03 2.298000e+03 
1.874949e-01 2.886739e+03 2.193461e+03 
1.925354e-01 2.774834e+03 2.095453e+03 
1.975758e-01 2.656485e+03 2.003462e+03 
2.026162e-01 2.535721e+03 1.917026e+03 
2.076566e-01 2.418076e+03 1.835723e+03 
2.126970e-01 2.308345e+03 1.759168e+03 
2.177374e-01 2.209494e+03 1.687014e+03 
2.227778e-01 2.122749e+03 1.618941e+03 
2.278182e-01 2.047570e+03 1.554658e+03 
2.328586e-01 1.981644e+03 1.493900e+03 
2.378990e-01 1.921710e+03 1.436421e+03 
2.429394e-01 1.864649e+03 1.381999e+03 
2.479798e-01 1.808187e+03 1.330428e+03 
2.530202e-01 1.750883e+03 1.281519e+03 
2.580606e-01 1.692172e+03 1.235098e+03 
2.631010e-01 1.632725e+03 1.191006e+03 
2.681414e-01 1.574187e+03 1.149093e+03 
2.731818e-01 1.518296e+03 1.109224e+03 
2.782222e-01 1.466124e+03 1.071273e+03 
2.832626e-01 1.418046e+03 1.035122e+03 
2.883030e-01 1.374052e+03 1.000662e+03 
2.933434e-01 1.333840e+03 9.677949e+02 
2.983838e-01 1.296715e+03 9.364256e+02 
3.034242e-01 1.261583e+03 9.064679e+02 
3.084646e-01 1.227433e+03 8.778409e+02 
3.135051e-01 1.193694e+03 8.504697e+02 
3.185455e-01 1.160237e+03 8.242841e+02 
3.235859e-01 1.127131e+03 7.992189e+02 
3.286263e-01 1.094554e+03 7.752132e+02 
3.336667e-01 1.062838e+03 7.522099e+02 
3.387071e-01 1.032416e+03 7.301558e+02 
3.437475e-01 1.003637e+03 7.090010e+02 
3.487879e-01 9.765989e+02 6.886988e+02 
3.538283e-01 9.511590e+02 6.692056e+02 
3.588687e-01 9.270594e+02 6.504801e+02 
3.639091e-01 9.040687e+02 6.324839e+02 
3.689495e-01 8.819617e+02 6.151809e+02 
3.739899e-01 8.605161e+02 5.985369e+02 
3.790303e-01 8.395260e+02 5.825200e+02 
3.840707e-01 8.189279e+02 5.671000e+02 
3.891111e-01 7.987787e+02 5.522485e+02 
3.941515e-01 7.791658e+02 5.379389e+02 
3.991919e-01 7.601727e+02 5.241459e+02 
4.042323e-01 7.418608e+02 5.108458e+02 
4.092727e-01 7.242749e+02 4.980159e+02 
4.143131e-01 7.074471e+02 4.856351e+02 
4.193535e-01 6.913384e+02 4.736834e+02 
4.243939e-01 6.758552e+02 4.621417e+02 
4.294343e-01 6.608908e+02 4.509921e+02 
4.344747e-01 6.463949e+02 4.402176e+02 
4.395152e-01 6.323151e+02 4.298020e+02 
4.445556e-01 6.186010e+02 4.197301e+02 
4.495960e-01 6.052237e+02 4.099874e+02 
4.546364e-01 5.921772e+02 4.005601e+02 
4.596768e-01 5.794889e+02 3.914351e+02 
4.647172e-01 5.671874e+02 3.826002e+02 
4.697576e-01 5.552702e+02 3.740434e+02 
4.747980e-01 5.437305e+02 3.657537e+02 
4.798384e-01 5.325676e+02 3.577203e+02 
4.848788e-01 5.217652e+02 3.499331e+02 
4.899192e-01 5.113102e+02 3.423824e+02 
4.949596e-01 5.011654e+02 3.350591e+02 
5.000000e-01 4.912889e+02 3.279545e+02 
