1.000000e-03 5.018017e+03 5.017555e+03 
6.040404e-03 2.294098e+04 2.305260e+04 
1.108081e-02 3.160172e+04 3.158098e+04 
1.612121e-02 3.431240e+04 3.402692e+04 
2.116162e-02 3.320678e+04 3.222674e+04 
2.620202e-02 2.991949e+04 2.823145e+04 
3.124242e-02 2.576438e+04 2.405061e+04 
3.628283e-02 2.169325e+04 2.057049e+04 
4.132323e-02 1.826673e+04 1.784330e+04 
4.636364e-02 1.568049e+04 1.569187e+04 
5.140404e-02 1.395558e+04 1.395157e+04 
5.644444e-02 1.290982e+04 1.250850e+04 
6.148485e-02 1.232470e+04 1.128795e+04 
6.652525e-02 1.197315e+04 1.024009e+04 
7.156566e-02 1.164693e+04 9.330360e+03 
7.660606e-02 1.119062e+04 8.533699e+03 
8.164646e-02 1.052424e+04 7.831251e+03 
8.668687e-02 9.656205e+03 7.208361e+03 
9.172727e-02 8.662134e+03 6.653354e+03 
9.676768e-02 7.650522e+03 6.156752e+03 
1.018081e-01 6.727924e+03 5.710739e+03 
1.068485e-01 5.972547e+03 5.308798e+03 
1.118889e-01 5.418598e+03 4.945440e+03 
1.169293e-01 5.059322e+03 4.616010e+03 
1.219697e-01 4.860937e+03 4.316530e+03 
1.270101e-01 4.774258e+03 4.043585e+03 
1.320505e-01 4.741904e+03 3.794227e+03 
1.370909e-01 4.706183e+03 3.565901e+03 
1.421313e-01 4.620359e+03 3.356381e+03 
1.471717e-01 4.458607e+03 3.163726e+03 
1.522121e-01 4.217876e+03 2.986231e+03 
1.572525e-01 3.915281e+03 2.822398e+03 
1.622929e-01 3.582492e+03 2.670907e+03 
1.673333e-01 3.257220e+03 2.530588e+03 
1.723737e-01 2.972390e+03 2.400406e+03 
1.774141e-01 2.747234e+03 2.279439e+03 
1.824545e-01 2.586794e+03 2.166865e+03 
1.874949e-01 2.486018e+03 2.061950e+03 
1.925354e-01 2.433167e+03 1.964039e+03 
1.975758e-01 2.411359e+03 1.872540e+03 
2.026162e-01 2.400154e+03 1.786924e+03 
2.076566e-01 2.379789e+03 1.706714e+03 
2.126970e-01 2.336013e+03 1.631477e+03 
2.177374e-01 2.262579e+03 1.560825e+03 
2.227778e-01 2.161062e+03 1.494404e+03 
2.278182e-01 2.039070e+03 1.431893e+03 
2.328586e-01 1.908184e+03 1.373000e+03 
2.378990e-01 1.781038e+03 1.317462e+03 
2.429394e-01 1.668361e+03 1.265035e+03 
2.479798e-01 1.577126e+03 1.215499e+03 
2.530202e-01 1.509742e+03 1.168651e+03 
2.580606e-01 1.464575e+03 1.124307e+03 
2.631010e-01 1.436902e+03 1.082297e+03 
2.681414e-01 1.419907e+03 1.042464e+03 
2.731818e-01 1.406179e+03 1.004666e+03 
2.782222e-01 1.389004e+03 9.687702e+02 
2.832626e-01 1.363473e+03 9.346553e+02 
2.883030e-01 1.327203e+03 9.022089e+02 
2.933434e-01 1.280505e+03 8.713272e+02 
2.983838e-01 1.226100e+03 8.419144e+02 
3.034242e-01 1.168243e+03 8.138814e+02 
3.084646e-01 1.111514e+03 7.871460e+02 
3.135051e-01 1.059924e+03 7.616316e+02 
3.185455e-01 1.016156e+03 7.372674e+02 
3.235859e-01 9.813934e+02 7.139872e+02 
3.286263e-01 9.552101e+02 6.917296e+02 
3.336667e-01 9.359943e+02 6.704375e+02 
3.387071e-01 9.213532e+02 6.500574e+02 
3.437475e-01 9.085445e+02 6.305395e+02 
3.487879e-01 8.949858e+02 6.118374e+02 
3.538283e-01 8.786884e+02 5.939075e+02 
3.588687e-01 8.586150e+02 5.767092e+02 
3.639091e-01 8.348066e+02 5.602045e+02 
3.689495e-01 8.081287e+02 5.443576e+02 
3.739899e-01 7.799685e+02 5.291350e+02 
3.790303e-01 7.519248e+02 5.145055e+02 
3.840707e-01 7.255111e+02 5.004395e+02 
3.891111e-01 7.019300e+02 4.869092e+02 
3.941515e-01 6.818184e+02 4.738887e+02 
3.991919e-01 6.651752e+02 4.613533e+02 
4.042323e-01 6.514759e+02 4.492801e+02 
4.092727e-01 6.398678e+02 4.376473e+02 
4.143131e-01 6.293723e+02 4.264342e+02 
4.193535e-01 6.190208e+02 4.156217e+02 
4.243939e-01 6.080170e+02 4.051913e+02 
4.294343e-01 5.958433e+02 3.951259e+02 
4.344747e-01 5.823450e+02 3.854090e+02 
4.395152e-01 5.677604e+02 3.760254e+02 
4.445556e-01 5.525554e+02 3.669603e+02 
4.495960e-01 5.372878e+02 3.581999e+02 
4.546364e-01 5.225455e+02 3.497312e+02 
4.596768e-01 5.087962e+02 3.415417e+02 
4.647172e-01 4.963620e+02 3.336196e+02 
4.697576e-01 4.853445e+02 3.259538e+02 
4.747980e-01 4.756273e+02 3.185337e+02 
4.798384e-01 4.669287e+02 3.113492e+02 
4.848788e-01 4.588923e+02 3.043907e+02 
4.899192e-01 4.511536e+02 2.976491e+02 
4.949596e-01 4.433744e+02 2.911158e+02 
5.000000e-01 4.353135e+02 2.847825e+02 
