1.000000e-03 3.519491e+03 3.519170e+03 
6.040404e-03 1.548417e+04 1.554981e+04 
1.108081e-02 2.119190e+04 2.108385e+04 
1.612121e-02 2.315826e+04 2.273815e+04 
2.116162e-02 2.285193e+04 2.199110e+04 
2.620202e-02 2.129412e+04 2.017628e+04 
3.124242e-02 1.923911e+04 1.822422e+04 
3.628283e-02 1.719807e+04 1.646174e+04 
4.132323e-02 1.545690e+04 1.492496e+04 
4.636364e-02 1.410454e+04 1.358256e+04 
5.140404e-02 1.313374e+04 1.240100e+04 
5.644444e-02 1.242613e+04 1.135422e+04 
6.148485e-02 1.185246e+04 1.042240e+04 
6.652525e-02 1.130000e+04 9.589893e+03 
7.156566e-02 1.068205e+04 8.843895e+03 
7.660606e-02 9.967436e+03 8.173651e+03 
8.164646e-02 9.181687e+03 7.569988e+03 
8.668687e-02 8.383828e+03 7.025012e+03 
9.172727e-02 7.633819e+03 6.531893e+03 
9.676768e-02 6.978292e+03 6.084700e+03 
1.018081e-01 6.447717e+03 5.678271e+03 
1.068485e-01 6.049277e+03 5.308102e+03 
1.118889e-01 5.762974e+03 4.970260e+03 
1.169293e-01 5.549863e+03 4.661297e+03 
1.219697e-01 5.367661e+03 4.378190e+03 
1.270101e-01 5.182033e+03 4.118282e+03 
1.320505e-01 4.970713e+03 3.879233e+03 
1.370909e-01 4.725089e+03 3.658975e+03 
1.421313e-01 4.450652e+03 3.455682e+03 
1.471717e-01 4.163547e+03 3.267734e+03 
1.522121e-01 3.883821e+03 3.093693e+03 
1.572525e-01 3.629619e+03 2.932280e+03 
1.622929e-01 3.413724e+03 2.782353e+03 
1.673333e-01 3.241272e+03 2.642894e+03 
1.723737e-01 3.108497e+03 2.512988e+03 
1.774141e-01 3.005143e+03 2.391819e+03 
1.824545e-01 2.918553e+03 2.278651e+03 
1.874949e-01 2.836687e+03 2.172822e+03 
1.925354e-01 2.749928e+03 2.073734e+03 
1.975758e-01 2.652236e+03 1.980850e+03 
2.026162e-01 2.542608e+03 1.893681e+03 
2.076566e-01 2.424927e+03 1.811785e+03 
2.126970e-01 2.305657e+03 1.734761e+03 
2.177374e-01 2.191349e+03 1.662244e+03 
2.227778e-01 2.087268e+03 1.593902e+03 
2.278182e-01 1.996810e+03 1.529431e+03 
2.328586e-01 1.920885e+03 1.468555e+03 
2.378990e-01 1.857766e+03 1.411022e+03 
2.429394e-01 1.804032e+03 1.356598e+03 
2.479798e-01 1.755739e+03 1.305073e+03 
2.530202e-01 1.709132e+03 1.256250e+03 
2.580606e-01 1.661077e+03 1.209952e+03 
2.631010e-01 1.609689e+03 1.166011e+03 
2.681414e-01 1.554945e+03 1.124277e+03 
2.731818e-01 1.498420e+03 1.084609e+03 
2.782222e-01 1.442269e+03 1.046878e+03 
2.832626e-01 1.388408e+03 1.010964e+03 
2.883030e-01 1.338298e+03 9.767553e+02 
2.933434e-01 1.292955e+03 9.441498e+02 
2.983838e-01 1.252785e+03 9.130522e+02 
3.034242e-01 1.217323e+03 8.833739e+02 
3.084646e-01 1.185328e+03 8.550328e+02 
3.135051e-01 1.155371e+03 8.279522e+02 
3.185455e-01 1.126261e+03 8.020610e+02 
3.235859e-01 1.097168e+03 7.772929e+02 
3.286263e-01 1.067622e+03 7.535859e+02 
3.336667e-01 1.037486e+03 7.308822e+02 
3.387071e-01 1.007059e+03 7.091278e+02 
3.437475e-01 9.769926e+02 6.882723e+02 
3.487879e-01 9.480145e+02 6.682684e+02 
3.538283e-01 9.206536e+02 6.490719e+02 
3.588687e-01 8.951443e+02 6.306413e+02 
3.639091e-01 8.715000e+02 6.129376e+02 
3.689495e-01 8.495875e+02 5.959244e+02 
3.739899e-01 8.291344e+02 5.795675e+02 
3.790303e-01 8.097279e+02 5.638344e+02 
3.840707e-01 7.909296e+02 5.486950e+02 
3.891111e-01 7.724127e+02 5.341207e+02 
3.941515e-01 7.540258e+02 5.200846e+02 
3.991919e-01 7.357622e+02 5.065614e+02 
4.042323e-01 7.176832e+02 4.935271e+02 
4.092727e-01 6.999200e+02 4.809593e+02 
4.143131e-01 6.826704e+02 4.688366e+02 
4.193535e-01 6.661158e+02 4.571390e+02 
4.243939e-01 6.503574e+02 4.458474e+02 
4.294343e-01 6.353953e+02 4.349439e+02 
4.344747e-01 6.211670e+02 4.244113e+02 
4.395152e-01 6.075974e+02 4.142337e+02 
4.445556e-01 5.945807e+02 4.043958e+02 
4.495960e-01 5.819831e+02 3.948830e+02 
4.546364e-01 5.696745e+02 3.856817e+02 
4.596768e-01 5.575918e+02 3.767789e+02 
4.647172e-01 5.457122e+02 3.681621e+02 
4.697576e-01 5.340620e+02 3.598197e+02 
4.747980e-01 5.226679e+02 3.517404e+02 
4.798384e-01 5.115651e+02 3.439137e+02 
4.848788e-01 5.007962e+02 3.363295e+02 
4.899192e-01 4.904066e+02 3.289782e+02 
4.949596e-01 4.804109e+02 3.218507e+02 
5.000000e-01 4.707877e+02 3.149381e+02 
