1.000000e-03 4.701889e+03 4.701448e+03 
6.040404e-03 2.077515e+04 2.087049e+04 
1.108081e-02 2.838153e+04 2.831989e+04 
1.612121e-02 3.076716e+04 3.040509e+04 
2.116162e-02 2.988237e+04 2.889769e+04 
2.620202e-02 2.716213e+04 2.564132e+04 
3.124242e-02 2.372325e+04 2.225545e+04 
3.628283e-02 2.035848e+04 1.939130e+04 
4.132323e-02 1.752556e+04 1.708074e+04 
4.636364e-02 1.537764e+04 1.520042e+04 
5.140404e-02 1.392932e+04 1.363731e+04 
5.644444e-02 1.301229e+04 1.231234e+04 
6.148485e-02 1.243538e+04 1.117228e+04 
6.652525e-02 1.200737e+04 1.018039e+04 
7.156566e-02 1.155432e+04 9.310180e+03 
7.660606e-02 1.096429e+04 8.541725e+03 
8.164646e-02 1.020114e+04 7.859517e+03 
8.668687e-02 9.303013e+03 7.251147e+03 
9.172727e-02 8.350322e+03 6.706488e+03 
9.676768e-02 7.434954e+03 6.217148e+03 
1.018081e-01 6.637770e+03 5.776096e+03 
1.068485e-01 6.010775e+03 5.377382e+03 
1.118889e-01 5.566579e+03 5.015943e+03 
1.169293e-01 5.282963e+03 4.687438e+03 
1.219697e-01 5.117261e+03 4.388131e+03 
1.270101e-01 5.018446e+03 4.114789e+03 
1.320505e-01 4.935152e+03 3.864606e+03 
1.370909e-01 4.822431e+03 3.635134e+03 
1.421313e-01 4.651476e+03 3.424234e+03 
1.471717e-01 4.415294e+03 3.230028e+03 
1.522121e-01 4.126585e+03 3.050865e+03 
1.572525e-01 3.810445e+03 2.885287e+03 
1.622929e-01 3.497835e+03 2.732004e+03 
1.673333e-01 3.217464e+03 2.589873e+03 
1.723737e-01 2.988969e+03 2.457875e+03 
1.774141e-01 2.819154e+03 2.335104e+03 
1.824545e-01 2.703685e+03 2.220750e+03 
1.874949e-01 2.631062e+03 2.114088e+03 
1.925354e-01 2.585778e+03 2.014467e+03 
1.975758e-01 2.550297e+03 1.921302e+03 
2.026162e-01 2.507835e+03 1.834066e+03 
2.076566e-01 2.446210e+03 1.752283e+03 
2.126970e-01 2.360436e+03 1.675525e+03 
2.177374e-01 2.252706e+03 1.603400e+03 
2.227778e-01 2.130535e+03 1.535557e+03 
2.278182e-01 2.004136e+03 1.471675e+03 
2.328586e-01 1.883870e+03 1.411460e+03 
2.378990e-01 1.778170e+03 1.354648e+03 
2.429394e-01 1.691937e+03 1.300994e+03 
2.479798e-01 1.626369e+03 1.250277e+03 
2.530202e-01 1.579359e+03 1.202294e+03 
2.580606e-01 1.546136e+03 1.156857e+03 
2.631010e-01 1.520249e+03 1.113795e+03 
2.681414e-01 1.495156e+03 1.072952e+03 
2.731818e-01 1.465723e+03 1.034182e+03 
2.782222e-01 1.428918e+03 9.973519e+02 
2.832626e-01 1.383902e+03 9.623384e+02 
2.883030e-01 1.331883e+03 9.290278e+02 
2.933434e-01 1.275676e+03 8.973151e+02 
2.983838e-01 1.219086e+03 8.671029e+02 
3.034242e-01 1.165858e+03 8.383010e+02 
3.084646e-01 1.118712e+03 8.108258e+02 
3.135051e-01 1.079000e+03 7.845997e+02 
3.185455e-01 1.046812e+03 7.595504e+02 
3.235859e-01 1.021181e+03 7.356109e+02 
3.286263e-01 1.000277e+03 7.127185e+02 
3.336667e-01 9.818140e+02 6.908151e+02 
3.387071e-01 9.635018e+02 6.698462e+02 
3.437475e-01 9.435787e+02 6.497612e+02 
3.487879e-01 9.211061e+02 6.305125e+02 
3.538283e-01 8.959458e+02 6.120559e+02 
3.588687e-01 8.686404e+02 5.943499e+02 
3.639091e-01 8.402580e+02 5.773555e+02 
3.689495e-01 8.121222e+02 5.610363e+02 
3.739899e-01 7.854683e+02 5.453582e+02 
3.790303e-01 7.611988e+02 5.302891e+02 
3.840707e-01 7.397985e+02 5.157987e+02 
3.891111e-01 7.212594e+02 5.018589e+02 
3.941515e-01 7.052180e+02 4.884428e+02 
3.991919e-01 6.910117e+02 4.755254e+02 
4.042323e-01 6.777871e+02 4.630831e+02 
4.092727e-01 6.647393e+02 4.510936e+02 
4.143131e-01 6.512693e+02 4.395358e+02 
4.193535e-01 6.370683e+02 4.283900e+02 
4.243939e-01 6.221040e+02 4.176373e+02 
4.294343e-01 6.065430e+02 4.072601e+02 
4.344747e-01 5.907270e+02 3.972416e+02 
4.395152e-01 5.751088e+02 3.875661e+02 
4.445556e-01 5.601508e+02 3.782184e+02 
4.495960e-01 5.461991e+02 3.691845e+02 
4.546364e-01 5.333836e+02 3.604509e+02 
4.596768e-01 5.217008e+02 3.520048e+02 
4.647172e-01 5.110158e+02 3.438342e+02 
4.697576e-01 5.011277e+02 3.359275e+02 
4.747980e-01 4.917499e+02 3.282739e+02 
4.798384e-01 4.825747e+02 3.208630e+02 
4.848788e-01 4.733519e+02 3.136851e+02 
4.899192e-01 4.639828e+02 3.067306e+02 
4.949596e-01 4.544574e+02 2.999908e+02 
5.000000e-01 4.448242e+02 2.934571e+02 
