1.000000e-03 3.396642e+03 3.396317e+03 
6.040404e-03 1.515319e+04 1.521382e+04 
1.108081e-02 2.072332e+04 2.059053e+04 
1.612121e-02 2.261611e+04 2.214531e+04 
2.116162e-02 2.231139e+04 2.140886e+04 
2.620202e-02 2.082087e+04 1.970305e+04 
3.124242e-02 1.887685e+04 1.787801e+04 
3.628283e-02 1.696352e+04 1.621439e+04 
4.132323e-02 1.534188e+04 1.474487e+04 
4.636364e-02 1.408618e+04 1.344708e+04 
5.140404e-02 1.317049e+04 1.229564e+04 
5.644444e-02 1.248013e+04 1.126992e+04 
6.148485e-02 1.188706e+04 1.035339e+04 
6.652525e-02 1.128690e+04 9.532391e+03 
7.156566e-02 1.061603e+04 8.795330e+03 
7.660606e-02 9.862549e+03 8.132214e+03 
8.164646e-02 9.063092e+03 7.534365e+03 
8.668687e-02 8.277876e+03 6.994217e+03 
9.172727e-02 7.561789e+03 6.505165e+03 
9.676768e-02 6.954388e+03 6.061439e+03 
1.018081e-01 6.475092e+03 5.657994e+03 
1.068485e-01 6.117927e+03 5.290415e+03 
1.118889e-01 5.852858e+03 4.954832e+03 
1.169293e-01 5.638380e+03 4.647854e+03 
1.219697e-01 5.436340e+03 4.366497e+03 
1.270101e-01 5.219305e+03 4.108138e+03 
1.320505e-01 4.972832e+03 3.870464e+03 
1.370909e-01 4.697559e+03 3.651431e+03 
1.421313e-01 4.406976e+03 3.449231e+03 
1.471717e-01 4.119912e+03 3.262261e+03 
1.522121e-01 3.853680e+03 3.089097e+03 
1.572525e-01 3.621426e+03 2.928470e+03 
1.622929e-01 3.430365e+03 2.779250e+03 
1.673333e-01 3.279949e+03 2.640426e+03 
1.723737e-01 3.161224e+03 2.511094e+03 
1.774141e-01 3.061167e+03 2.390441e+03 
1.824545e-01 2.967751e+03 2.277738e+03 
1.874949e-01 2.871943e+03 2.172329e+03 
1.925354e-01 2.768085e+03 2.073621e+03 
1.975758e-01 2.654327e+03 1.981079e+03 
2.026162e-01 2.533392e+03 1.894219e+03 
2.076566e-01 2.411295e+03 1.812603e+03 
2.126970e-01 2.294590e+03 1.735830e+03 
2.177374e-01 2.188298e+03 1.663541e+03 
2.227778e-01 2.094990e+03 1.595403e+03 
2.278182e-01 2.015156e+03 1.531118e+03 
2.328586e-01 1.947258e+03 1.470408e+03 
2.378990e-01 1.888214e+03 1.413025e+03 
2.429394e-01 1.834352e+03 1.358736e+03 
2.479798e-01 1.782132e+03 1.307331e+03 
2.530202e-01 1.728804e+03 1.258617e+03 
2.580606e-01 1.673027e+03 1.212414e+03 
2.631010e-01 1.615078e+03 1.168560e+03 
2.681414e-01 1.556440e+03 1.126903e+03 
2.731818e-01 1.499001e+03 1.087302e+03 
2.782222e-01 1.444401e+03 1.049631e+03 
2.832626e-01 1.393812e+03 1.013769e+03 
2.883030e-01 1.347926e+03 9.796058e+02 
2.933434e-01 1.306747e+03 9.470398e+02 
2.983838e-01 1.269563e+03 9.159760e+02 
3.034242e-01 1.235235e+03 8.863264e+02 
3.084646e-01 1.202591e+03 8.580092e+02 
3.135051e-01 1.170698e+03 8.309483e+02 
3.185455e-01 1.138906e+03 8.050729e+02 
3.235859e-01 1.106940e+03 7.803168e+02 
3.286263e-01 1.074880e+03 7.566186e+02 
3.336667e-01 1.043188e+03 7.339207e+02 
3.387071e-01 1.012416e+03 7.121693e+02 
3.437475e-01 9.830215e+02 6.913143e+02 
3.487879e-01 9.553238e+02 6.713085e+02 
3.538283e-01 9.294386e+02 6.521080e+02 
3.588687e-01 9.052806e+02 6.336715e+02 
3.639091e-01 8.826050e+02 6.159602e+02 
3.689495e-01 8.610489e+02 5.989378e+02 
3.739899e-01 8.402652e+02 5.825701e+02 
3.790303e-01 8.200345e+02 5.668250e+02 
3.840707e-01 8.001784e+02 5.516723e+02 
3.891111e-01 7.805896e+02 5.370837e+02 
3.941515e-01 7.612857e+02 5.230322e+02 
3.991919e-01 7.423925e+02 5.094927e+02 
4.042323e-01 7.240869e+02 4.964414e+02 
4.092727e-01 7.064940e+02 4.838558e+02 
4.143131e-01 6.896524e+02 4.717147e+02 
4.193535e-01 6.735556e+02 4.599981e+02 
4.243939e-01 6.581841e+02 4.486869e+02 
4.294343e-01 6.434867e+02 4.377634e+02 
4.344747e-01 6.293573e+02 4.272105e+02 
4.395152e-01 6.156630e+02 4.170121e+02 
4.445556e-01 6.022999e+02 4.071531e+02 
4.495960e-01 5.892582e+02 3.976190e+02 
4.546364e-01 5.765335e+02 3.883961e+02 
4.596768e-01 5.641022e+02 3.794715e+02 
4.647172e-01 5.519644e+02 3.708328e+02 
4.697576e-01 5.401584e+02 3.624683e+02 
4.747980e-01 5.287343e+02 3.543669e+02 
4.798384e-01 5.177056e+02 3.465180e+02 
4.848788e-01 5.070573e+02 3.389115e+02 
4.899192e-01 4.967666e+02 3.315379e+02 
4.949596e-01 4.867986e+02 3.243881e+02 
5.000000e-01 4.771526e+02 3.174533e+02 
