1.000000e-03 3.180197e+03 3.179904e+03 
6.040404e-03 1.413818e+04 1.419547e+04 
1.108081e-02 1.944384e+04 1.932194e+04 
1.612121e-02 2.136602e+04 2.092999e+04 
2.116162e-02 2.124190e+04 2.040506e+04 
2.620202e-02 1.998838e+04 1.893900e+04 
3.124242e-02 1.827312e+04 1.731132e+04 
3.628283e-02 1.654423e+04 1.579474e+04 
4.132323e-02 1.505016e+04 1.443373e+04 
4.636364e-02 1.387016e+04 1.321724e+04 
5.140404e-02 1.298942e+04 1.212779e+04 
5.644444e-02 1.230985e+04 1.114998e+04 
6.148485e-02 1.172176e+04 1.027085e+04 
6.652525e-02 1.113603e+04 9.479226e+03 
7.156566e-02 1.048861e+04 8.765341e+03 
7.660606e-02 9.765983e+03 8.120547e+03 
8.164646e-02 9.002665e+03 7.537186e+03 
8.668687e-02 8.254850e+03 7.008479e+03 
9.172727e-02 7.571130e+03 6.528434e+03 
9.676768e-02 6.984525e+03 6.091760e+03 
1.018081e-01 6.512850e+03 5.693793e+03 
1.068485e-01 6.154124e+03 5.330419e+03 
1.118889e-01 5.883611e+03 4.998012e+03 
1.169293e-01 5.662593e+03 4.693373e+03 
1.219697e-01 5.454288e+03 4.413679e+03 
1.270101e-01 5.233818e+03 4.156433e+03 
1.320505e-01 4.989121e+03 3.919425e+03 
1.370909e-01 4.720522e+03 3.700697e+03 
1.421313e-01 4.438358e+03 3.498510e+03 
1.471717e-01 4.159066e+03 3.311318e+03 
1.522121e-01 3.898946e+03 3.137743e+03 
1.572525e-01 3.670438e+03 2.976556e+03 
1.622929e-01 3.480258e+03 2.826657e+03 
1.673333e-01 3.327531e+03 2.687062e+03 
1.723737e-01 3.204632e+03 2.556887e+03 
1.774141e-01 3.100278e+03 2.435338e+03 
1.824545e-01 3.003368e+03 2.321702e+03 
1.874949e-01 2.905454e+03 2.215332e+03 
1.925354e-01 2.800797e+03 2.115647e+03 
1.975758e-01 2.687472e+03 2.022120e+03 
2.026162e-01 2.568035e+03 1.934274e+03 
2.076566e-01 2.447877e+03 1.851674e+03 
2.126970e-01 2.332813e+03 1.773926e+03 
2.177374e-01 2.227127e+03 1.700673e+03 
2.227778e-01 2.133381e+03 1.631586e+03 
2.278182e-01 2.052421e+03 1.566368e+03 
2.328586e-01 1.983010e+03 1.504744e+03 
2.378990e-01 1.922149e+03 1.446465e+03 
2.429394e-01 1.866287e+03 1.391302e+03 
2.479798e-01 1.812356e+03 1.339044e+03 
2.530202e-01 1.758074e+03 1.289498e+03 
2.580606e-01 1.702085e+03 1.242486e+03 
2.631010e-01 1.644180e+03 1.197844e+03 
2.681414e-01 1.585525e+03 1.155421e+03 
2.731818e-01 1.528041e+03 1.115077e+03 
2.782222e-01 1.473440e+03 1.076683e+03 
2.832626e-01 1.422715e+03 1.040119e+03 
2.883030e-01 1.376269e+03 1.005276e+03 
2.933434e-01 1.334139e+03 9.720496e+02 
2.983838e-01 1.295937e+03 9.403456e+02 
3.034242e-01 1.260736e+03 9.100752e+02 
3.084646e-01 1.227321e+03 8.811561e+02 
3.135051e-01 1.194673e+03 8.535117e+02 
3.185455e-01 1.162233e+03 8.270707e+02 
3.235859e-01 1.129863e+03 8.017664e+02 
3.286263e-01 1.097625e+03 7.775368e+02 
3.336667e-01 1.065759e+03 7.543239e+02 
3.387071e-01 1.034685e+03 7.320733e+02 
3.437475e-01 1.004917e+03 7.107344e+02 
3.487879e-01 9.768411e+02 6.902596e+02 
3.538283e-01 9.505566e+02 6.706044e+02 
3.588687e-01 9.259129e+02 6.517270e+02 
3.639091e-01 9.026585e+02 6.335883e+02 
3.689495e-01 8.805462e+02 6.161514e+02 
3.739899e-01 8.593162e+02 5.993817e+02 
3.790303e-01 8.386943e+02 5.832467e+02 
3.840707e-01 8.184524e+02 5.677159e+02 
3.891111e-01 7.985069e+02 5.527603e+02 
3.941515e-01 7.789184e+02 5.383528e+02 
3.991919e-01 7.597927e+02 5.244679e+02 
4.042323e-01 7.412328e+02 5.110813e+02 
4.092727e-01 7.233276e+02 4.981702e+02 
4.143131e-01 7.061491e+02 4.857130e+02 
4.193535e-01 6.897393e+02 4.736895e+02 
4.243939e-01 6.740690e+02 4.620804e+02 
4.294343e-01 6.590434e+02 4.508674e+02 
4.344747e-01 6.445664e+02 4.400332e+02 
4.395152e-01 6.305416e+02 4.295616e+02 
4.445556e-01 6.169155e+02 4.194371e+02 
4.495960e-01 6.036349e+02 4.096449e+02 
4.546364e-01 5.906555e+02 4.001711e+02 
4.596768e-01 5.779646e+02 3.910026e+02 
4.647172e-01 5.655938e+02 3.821267e+02 
4.697576e-01 5.535798e+02 3.735315e+02 
4.747980e-01 5.419389e+02 3.652056e+02 
4.798384e-01 5.306745e+02 3.571384e+02 
4.848788e-01 5.197819e+02 3.493194e+02 
4.899192e-01 5.092566e+02 3.417390e+02 
4.949596e-01 4.990811e+02 3.343879e+02 
5.000000e-01 4.892183e+02 3.272571e+02 
