1.000000e-03 6.112404e+03 6.111816e+03 
6.040404e-03 2.751674e+04 2.764702e+04 
1.108081e-02 3.736476e+04 3.734921e+04 
1.612121e-02 3.997263e+04 3.964566e+04 
2.116162e-02 3.805348e+04 3.686739e+04 
2.620202e-02 3.366747e+04 3.167193e+04 
3.124242e-02 2.843909e+04 2.652559e+04 
3.628283e-02 2.350609e+04 2.238602e+04 
4.132323e-02 1.949087e+04 1.921807e+04 
4.636364e-02 1.656770e+04 1.676192e+04 
5.140404e-02 1.470432e+04 1.480171e+04 
5.644444e-02 1.364046e+04 1.319401e+04 
6.148485e-02 1.309162e+04 1.184671e+04 
6.652525e-02 1.277280e+04 1.069922e+04 
7.156566e-02 1.244516e+04 9.709904e+03 
7.660606e-02 1.192848e+04 8.848900e+03 
8.164646e-02 1.114012e+04 8.093919e+03 
8.668687e-02 1.011095e+04 7.427794e+03 
9.172727e-02 8.953699e+03 6.836965e+03 
9.676768e-02 7.810266e+03 6.310510e+03 
1.018081e-01 6.804801e+03 5.839496e+03 
1.068485e-01 6.015397e+03 5.416524e+03 
1.118889e-01 5.467015e+03 5.035406e+03 
1.169293e-01 5.140787e+03 4.690928e+03 
1.219697e-01 4.989250e+03 4.378657e+03 
1.270101e-01 4.947753e+03 4.094812e+03 
1.320505e-01 4.944391e+03 3.836142e+03 
1.370909e-01 4.913058e+03 3.599844e+03 
1.421313e-01 4.806441e+03 3.383487e+03 
1.471717e-01 4.602793e+03 3.184959e+03 
1.522121e-01 4.306797e+03 3.002413e+03 
1.572525e-01 3.947809e+03 2.834233e+03 
1.622929e-01 3.571325e+03 2.678996e+03 
1.673333e-01 3.223373e+03 2.535449e+03 
1.723737e-01 2.935818e+03 2.402484e+03 
1.774141e-01 2.722247e+03 2.279118e+03 
1.824545e-01 2.582681e+03 2.164479e+03 
1.874949e-01 2.507941e+03 2.057787e+03 
1.925354e-01 2.480800e+03 1.958348e+03 
1.975758e-01 2.477377e+03 1.865539e+03 
2.026162e-01 2.472405e+03 1.778802e+03 
2.076566e-01 2.445664e+03 1.697636e+03 
2.126970e-01 2.385677e+03 1.621587e+03 
2.177374e-01 2.289945e+03 1.550248e+03 
2.227778e-01 2.164208e+03 1.483250e+03 
2.278182e-01 2.021086e+03 1.420258e+03 
2.328586e-01 1.876529e+03 1.360970e+03 
2.378990e-01 1.745064e+03 1.305108e+03 
2.429394e-01 1.636492e+03 1.252422e+03 
2.479798e-01 1.555207e+03 1.202684e+03 
2.530202e-01 1.500981e+03 1.155684e+03 
2.580606e-01 1.469476e+03 1.111230e+03 
2.631010e-01 1.453128e+03 1.069148e+03 
2.681414e-01 1.442879e+03 1.029277e+03 
2.731818e-01 1.430227e+03 9.914694e+02 
2.782222e-01 1.408725e+03 9.555895e+02 
2.832626e-01 1.374778e+03 9.215124e+02 
2.883030e-01 1.327803e+03 8.891229e+02 
2.933434e-01 1.270317e+03 8.583148e+02 
2.983838e-01 1.207280e+03 8.289898e+02 
3.034242e-01 1.144496e+03 8.010571e+02 
3.084646e-01 1.087046e+03 7.744326e+02 
3.135051e-01 1.038315e+03 7.490383e+02 
3.185455e-01 9.998657e+02 7.248017e+02 
3.235859e-01 9.715906e+02 7.016557e+02 
3.286263e-01 9.518992e+02 6.795378e+02 
3.336667e-01 9.379312e+02 6.583898e+02 
3.387071e-01 9.262696e+02 6.381574e+02 
3.437475e-01 9.137319e+02 6.187901e+02 
3.487879e-01 8.979924e+02 6.002408e+02 
3.538283e-01 8.778283e+02 5.824654e+02 
3.588687e-01 8.530858e+02 5.654227e+02 
3.639091e-01 8.246538e+02 5.490743e+02 
3.689495e-01 7.942391e+02 5.333839e+02 
3.739899e-01 7.639119e+02 5.183179e+02 
3.790303e-01 7.355566e+02 5.038444e+02 
3.840707e-01 7.105069e+02 4.899339e+02 
3.891111e-01 6.894403e+02 4.765582e+02 
3.941515e-01 6.723748e+02 4.636912e+02 
3.991919e-01 6.587431e+02 4.513081e+02 
4.042323e-01 6.474873e+02 4.393857e+02 
4.092727e-01 6.373518e+02 4.279021e+02 
4.143131e-01 6.271650e+02 4.168367e+02 
4.193535e-01 6.160587e+02 4.061699e+02 
4.243939e-01 6.034959e+02 3.958836e+02 
4.294343e-01 5.893138e+02 3.859602e+02 
4.344747e-01 5.737873e+02 3.763835e+02 
4.395152e-01 5.575493e+02 3.671380e+02 
4.445556e-01 5.413638e+02 3.582090e+02 
4.495960e-01 5.258878e+02 3.495826e+02 
4.546364e-01 5.116419e+02 3.412458e+02 
4.596768e-01 4.989372e+02 3.331862e+02 
4.647172e-01 4.878717e+02 3.253918e+02 
4.697576e-01 4.782781e+02 3.178517e+02 
4.747980e-01 4.697625e+02 3.105551e+02 
4.798384e-01 4.618350e+02 3.034920e+02 
4.848788e-01 4.540904e+02 2.966528e+02 
4.899192e-01 4.461716e+02 2.900285e+02 
4.949596e-01 4.378468e+02 2.836104e+02 
5.000000e-01 4.290108e+02 2.773903e+02 
