1.000000e-03 2.961454e+03 2.961177e+03 
6.040404e-03 1.312047e+04 1.317013e+04 
1.108081e-02 1.797822e+04 1.783231e+04 
1.612121e-02 1.974962e+04 1.927585e+04 
2.116162e-02 1.970678e+04 1.887425e+04 
2.620202e-02 1.868734e+04 1.769314e+04 
3.124242e-02 1.727380e+04 1.634653e+04 
3.628283e-02 1.584176e+04 1.504479e+04 
4.132323e-02 1.458803e+04 1.383744e+04 
4.636364e-02 1.356179e+04 1.273162e+04 
5.140404e-02 1.276555e+04 1.172424e+04 
5.644444e-02 1.208390e+04 1.080928e+04 
6.148485e-02 1.144799e+04 9.979635e+03 
6.652525e-02 1.079785e+04 9.227888e+03 
7.156566e-02 1.010228e+04 8.546711e+03 
7.660606e-02 9.372711e+03 7.929133e+03 
8.164646e-02 8.650603e+03 7.368680e+03 
8.668687e-02 7.980893e+03 6.859436e+03 
9.172727e-02 7.392075e+03 6.396058e+03 
9.676768e-02 6.898250e+03 5.973751e+03 
1.018081e-01 6.500840e+03 5.588239e+03 
1.068485e-01 6.184432e+03 5.235718e+03 
1.118889e-01 5.917649e+03 4.912811e+03 
1.169293e-01 5.667596e+03 4.616521e+03 
1.219697e-01 5.412297e+03 4.344192e+03 
1.270101e-01 5.143678e+03 4.093464e+03 
1.320505e-01 4.863589e+03 3.862244e+03 
1.370909e-01 4.580916e+03 3.648670e+03 
1.421313e-01 4.308611e+03 3.451085e+03 
1.471717e-01 4.058689e+03 3.268013e+03 
1.522121e-01 3.838484e+03 3.098136e+03 
1.572525e-01 3.650540e+03 2.940274e+03 
1.622929e-01 3.492844e+03 2.793373e+03 
1.673333e-01 3.358166e+03 2.656485e+03 
1.723737e-01 3.236594e+03 2.528761e+03 
1.774141e-01 3.119464e+03 2.409435e+03 
1.824545e-01 3.001573e+03 2.297817e+03 
1.874949e-01 2.880797e+03 2.193284e+03 
1.925354e-01 2.757497e+03 2.095273e+03 
1.975758e-01 2.634492e+03 2.003274e+03 
2.026162e-01 2.515967e+03 1.916824e+03 
2.076566e-01 2.405770e+03 1.835503e+03 
2.126970e-01 2.305959e+03 1.758928e+03 
2.177374e-01 2.216758e+03 1.686750e+03 
2.227778e-01 2.137162e+03 1.618653e+03 
2.278182e-01 2.065233e+03 1.554344e+03 
2.328586e-01 1.998353e+03 1.493559e+03 
2.378990e-01 1.934086e+03 1.436054e+03 
2.429394e-01 1.870970e+03 1.381606e+03 
2.479798e-01 1.808334e+03 1.330008e+03 
2.530202e-01 1.746016e+03 1.281073e+03 
2.580606e-01 1.684498e+03 1.234628e+03 
2.631010e-01 1.624987e+03 1.190510e+03 
2.681414e-01 1.568743e+03 1.148574e+03 
2.731818e-01 1.516337e+03 1.108682e+03 
2.782222e-01 1.467678e+03 1.070709e+03 
2.832626e-01 1.422400e+03 1.034537e+03 
2.883030e-01 1.380060e+03 1.000058e+03 
2.933434e-01 1.340142e+03 9.671711e+02 
2.983838e-01 1.301927e+03 9.357837e+02 
3.034242e-01 1.264727e+03 9.058088e+02 
3.084646e-01 1.228254e+03 8.771656e+02 
3.135051e-01 1.192603e+03 8.497792e+02 
3.185455e-01 1.157945e+03 8.235793e+02 
3.235859e-01 1.124406e+03 7.985007e+02 
3.286263e-01 1.092135e+03 7.744825e+02 
3.336667e-01 1.061340e+03 7.514675e+02 
3.387071e-01 1.032156e+03 7.294025e+02 
3.437475e-01 1.004507e+03 7.082377e+02 
3.487879e-01 9.781838e+02 6.879262e+02 
3.538283e-01 9.529506e+02 6.684243e+02 
3.588687e-01 9.286369e+02 6.496910e+02 
3.639091e-01 9.051351e+02 6.316877e+02 
3.689495e-01 8.823431e+02 6.143781e+02 
3.739899e-01 8.601743e+02 5.977281e+02 
3.790303e-01 8.386155e+02 5.817059e+02 
3.840707e-01 8.177278e+02 5.662811e+02 
3.891111e-01 7.975771e+02 5.514254e+02 
3.941515e-01 7.781658e+02 5.371121e+02 
3.991919e-01 7.594643e+02 5.233159e+02 
4.042323e-01 7.414832e+02 5.100129e+02 
4.092727e-01 7.242020e+02 4.971807e+02 
4.143131e-01 7.075434e+02 4.847981e+02 
4.193535e-01 6.914292e+02 4.728448e+02 
4.243939e-01 6.758077e+02 4.613020e+02 
4.294343e-01 6.606483e+02 4.501517e+02 
4.344747e-01 6.459469e+02 4.393767e+02 
4.395152e-01 6.316726e+02 4.289610e+02 
4.445556e-01 6.178081e+02 4.188893e+02 
4.495960e-01 6.043486e+02 4.091470e+02 
4.546364e-01 5.913205e+02 3.997205e+02 
4.596768e-01 5.787152e+02 3.905965e+02 
4.647172e-01 5.664988e+02 3.817628e+02 
4.697576e-01 5.546549e+02 3.732076e+02 
4.747980e-01 5.431730e+02 3.649195e+02 
4.798384e-01 5.320487e+02 3.568880e+02 
4.848788e-01 5.212450e+02 3.491029e+02 
4.899192e-01 5.107387e+02 3.415545e+02 
4.949596e-01 5.005164e+02 3.342337e+02 
5.000000e-01 4.905694e+02 3.271316e+02 
