1.000000e-03 5.959165e+03 5.958596e+03 
6.040404e-03 2.645019e+04 2.657490e+04 
1.108081e-02 3.580562e+04 3.577741e+04 
1.612121e-02 3.829255e+04 3.794758e+04 
2.116162e-02 3.651704e+04 3.536003e+04 
2.620202e-02 3.242534e+04 3.053006e+04 
3.124242e-02 2.754030e+04 2.573660e+04 
3.628283e-02 2.292135e+04 2.185424e+04 
4.132323e-02 1.915014e+04 1.885498e+04 
4.636364e-02 1.639007e+04 1.650757e+04 
5.140404e-02 1.461637e+04 1.461886e+04 
5.644444e-02 1.358291e+04 1.305966e+04 
6.148485e-02 1.302399e+04 1.174632e+04 
6.652525e-02 1.267059e+04 1.062328e+04 
7.156566e-02 1.229903e+04 9.651998e+03 
7.660606e-02 1.174642e+04 8.804551e+03 
8.164646e-02 1.094418e+04 8.059922e+03 
8.668687e-02 9.928085e+03 7.401802e+03 
9.172727e-02 8.805854e+03 6.817224e+03 
9.676768e-02 7.709320e+03 6.295691e+03 
1.018081e-01 6.752523e+03 5.828574e+03 
1.068485e-01 6.005244e+03 5.408703e+03 
1.118889e-01 5.487047e+03 5.030062e+03 
1.169293e-01 5.176712e+03 4.687563e+03 
1.219697e-01 5.026632e+03 4.376878e+03 
1.270101e-01 4.974223e+03 4.094300e+03 
1.320505e-01 4.951239e+03 3.836643e+03 
1.370909e-01 4.896211e+03 3.601150e+03 
1.421313e-01 4.767360e+03 3.385431e+03 
1.471717e-01 4.548488e+03 3.187403e+03 
1.522121e-01 4.247661e+03 3.005245e+03 
1.572525e-01 3.894279e+03 2.837361e+03 
1.622929e-01 3.531249e+03 2.682346e+03 
1.673333e-01 3.200542e+03 2.538959e+03 
1.723737e-01 2.930372e+03 2.406105e+03 
1.774141e-01 2.731503e+03 2.282808e+03 
1.824545e-01 2.601879e+03 2.168204e+03 
1.874949e-01 2.531144e+03 2.061520e+03 
1.925354e-01 2.502038e+03 1.962067e+03 
1.975758e-01 2.491792e+03 1.869226e+03 
2.026162e-01 2.476824e+03 1.782443e+03 
2.076566e-01 2.439037e+03 1.701218e+03 
2.126970e-01 2.369374e+03 1.625102e+03 
2.177374e-01 2.267487e+03 1.553689e+03 
2.227778e-01 2.140182e+03 1.486612e+03 
2.278182e-01 1.999846e+03 1.423537e+03 
2.328586e-01 1.861207e+03 1.364162e+03 
2.378990e-01 1.737212e+03 1.308213e+03 
2.429394e-01 1.636139e+03 1.255438e+03 
2.479798e-01 1.561139e+03 1.205611e+03 
2.530202e-01 1.510960e+03 1.158522e+03 
2.580606e-01 1.480780e+03 1.113980e+03 
2.631010e-01 1.463132e+03 1.071811e+03 
2.681414e-01 1.449497e+03 1.031855e+03 
2.731818e-01 1.432144e+03 9.939630e+02 
2.782222e-01 1.405639e+03 9.580007e+02 
2.832626e-01 1.367413e+03 9.238431e+02 
2.883030e-01 1.317799e+03 8.913750e+02 
2.933434e-01 1.259686e+03 8.604904e+02 
2.983838e-01 1.197848e+03 8.310910e+02 
3.034242e-01 1.137630e+03 8.030860e+02 
3.084646e-01 1.083461e+03 7.763913e+02 
3.135051e-01 1.038078e+03 7.509289e+02 
3.185455e-01 1.002448e+03 7.266264e+02 
3.235859e-01 9.759813e+02 7.034166e+02 
3.286263e-01 9.568435e+02 6.812369e+02 
3.336667e-01 9.422786e+02 6.600290e+02 
3.387071e-01 9.291119e+02 6.397389e+02 
3.437475e-01 9.144977e+02 6.203158e+02 
3.487879e-01 8.965343e+02 6.017125e+02 
3.538283e-01 8.744518e+02 5.838850e+02 
3.588687e-01 8.485029e+02 5.667920e+02 
3.639091e-01 8.197250e+02 5.503950e+02 
3.689495e-01 7.897544e+02 5.346577e+02 
3.739899e-01 7.604733e+02 5.195465e+02 
3.790303e-01 7.335286e+02 5.050294e+02 
3.840707e-01 7.099669e+02 4.910766e+02 
3.891111e-01 6.901745e+02 4.776603e+02 
3.941515e-01 6.739503e+02 4.647541e+02 
3.991919e-01 6.606204e+02 4.523331e+02 
4.042323e-01 6.491627e+02 4.403742e+02 
4.092727e-01 6.384203e+02 4.288554e+02 
4.143131e-01 6.273482e+02 4.177560e+02 
4.193535e-01 6.152666e+02 4.070565e+02 
4.243939e-01 6.018388e+02 3.967385e+02 
4.294343e-01 5.870916e+02 3.867846e+02 
4.344747e-01 5.713554e+02 3.771784e+02 
4.395152e-01 5.552460e+02 3.679045e+02 
4.445556e-01 5.394491e+02 3.589480e+02 
4.495960e-01 5.245586e+02 3.502952e+02 
4.546364e-01 5.109628e+02 3.419328e+02 
4.596768e-01 4.988427e+02 3.338485e+02 
4.647172e-01 4.881767e+02 3.260304e+02 
4.697576e-01 4.787581e+02 3.184672e+02 
4.747980e-01 4.702019e+02 3.111484e+02 
4.798384e-01 4.620636e+02 3.040639e+02 
4.848788e-01 4.539599e+02 2.972040e+02 
4.899192e-01 4.456237e+02 2.905597e+02 
4.949596e-01 4.369174e+02 2.841223e+02 
5.000000e-01 4.278134e+02 2.778836e+02 
