1.000000e-03 4.157564e+03 4.157164e+03 
6.040404e-03 1.798647e+04 1.805972e+04 
1.108081e-02 2.424238e+04 2.411157e+04 
1.612121e-02 2.611249e+04 2.561852e+04 
2.116162e-02 2.539802e+04 2.439607e+04 
2.620202e-02 2.332632e+04 2.206176e+04 
3.124242e-02 2.078551e+04 1.968894e+04 
3.628283e-02 1.835793e+04 1.761274e+04 
4.132323e-02 1.635024e+04 1.584139e+04 
4.636364e-02 1.483582e+04 1.431953e+04 
5.140404e-02 1.378440e+04 1.299770e+04 
5.644444e-02 1.303647e+04 1.183947e+04 
6.148485e-02 1.243349e+04 1.081803e+04 
6.652525e-02 1.183338e+04 9.912779e+03 
7.156566e-02 1.114936e+04 9.107319e+03 
7.660606e-02 1.035331e+04 8.388183e+03 
8.164646e-02 9.478562e+03 7.744122e+03 
8.668687e-02 8.595144e+03 7.165630e+03 
9.172727e-02 7.775630e+03 6.644606e+03 
9.676768e-02 7.076424e+03 6.174110e+03 
1.018081e-01 6.528057e+03 5.748172e+03 
1.068485e-01 6.129526e+03 5.361635e+03 
1.118889e-01 5.850428e+03 5.010036e+03 
1.169293e-01 5.645033e+03 4.689496e+03 
1.219697e-01 5.466829e+03 4.396639e+03 
1.270101e-01 5.276859e+03 4.128516e+03 
1.320505e-01 5.050235e+03 3.882543e+03 
1.370909e-01 4.781388e+03 3.656455e+03 
1.421313e-01 4.482039e+03 3.448257e+03 
1.471717e-01 4.173217e+03 3.256190e+03 
1.522121e-01 3.877209e+03 3.078698e+03 
1.572525e-01 3.613677e+03 2.914403e+03 
1.622929e-01 3.396479e+03 2.762081e+03 
1.673333e-01 3.229119e+03 2.620641e+03 
1.723737e-01 3.104059e+03 2.489111e+03 
1.774141e-01 3.007395e+03 2.366621e+03 
1.824545e-01 2.924576e+03 2.252394e+03 
1.874949e-01 2.843124e+03 2.145729e+03 
1.925354e-01 2.753008e+03 2.045998e+03 
1.975758e-01 2.648554e+03 1.952634e+03 
2.026162e-01 2.530356e+03 1.865128e+03 
2.076566e-01 2.404673e+03 1.783015e+03 
2.126970e-01 2.279726e+03 1.705878e+03 
2.177374e-01 2.162615e+03 1.633336e+03 
2.227778e-01 2.058498e+03 1.565045e+03 
2.278182e-01 1.970116e+03 1.500689e+03 
2.328586e-01 1.897490e+03 1.439984e+03 
2.378990e-01 1.838065e+03 1.382667e+03 
2.429394e-01 1.787474e+03 1.328500e+03 
2.479798e-01 1.740864e+03 1.277263e+03 
2.530202e-01 1.694005e+03 1.228756e+03 
2.580606e-01 1.644010e+03 1.182795e+03 
2.631010e-01 1.589910e+03 1.139211e+03 
2.681414e-01 1.532522e+03 1.097849e+03 
2.731818e-01 1.473804e+03 1.058564e+03 
2.782222e-01 1.416190e+03 1.021224e+03 
2.832626e-01 1.361868e+03 9.857085e+02 
2.883030e-01 1.312441e+03 9.519030e+02 
2.933434e-01 1.268627e+03 9.197034e+02 
2.983838e-01 1.230265e+03 8.890130e+02 
3.034242e-01 1.196404e+03 8.597419e+02 
3.084646e-01 1.165591e+03 8.318067e+02 
3.135051e-01 1.136302e+03 8.051301e+02 
3.185455e-01 1.107253e+03 7.796400e+02 
3.235859e-01 1.077643e+03 7.552694e+02 
3.286263e-01 1.047239e+03 7.319556e+02 
3.336667e-01 1.016259e+03 7.096405e+02 
3.387071e-01 9.852629e+02 6.882697e+02 
3.437475e-01 9.549979e+02 6.677922e+02 
3.487879e-01 9.261801e+02 6.481606e+02 
3.538283e-01 8.993284e+02 6.293305e+02 
3.588687e-01 8.745640e+02 6.112601e+02 
3.639091e-01 8.517631e+02 5.939105e+02 
3.689495e-01 8.306191e+02 5.772450e+02 
3.739899e-01 8.107608e+02 5.612292e+02 
3.790303e-01 7.917405e+02 5.458310e+02 
3.840707e-01 7.731041e+02 5.310199e+02 
3.891111e-01 7.545566e+02 5.167674e+02 
3.941515e-01 7.360312e+02 5.030467e+02 
3.991919e-01 7.176228e+02 4.898324e+02 
4.042323e-01 6.994918e+02 4.771008e+02 
4.092727e-01 6.818168e+02 4.648294e+02 
4.143131e-01 6.647817e+02 4.529969e+02 
4.193535e-01 6.485463e+02 4.415833e+02 
4.243939e-01 6.331879e+02 4.305697e+02 
4.294343e-01 6.186620e+02 4.199382e+02 
4.344747e-01 6.048518e+02 4.096719e+02 
4.395152e-01 5.916355e+02 3.997548e+02 
4.445556e-01 5.788881e+02 3.901717e+02 
4.495960e-01 5.664676e+02 3.809082e+02 
4.546364e-01 5.542869e+02 3.719508e+02 
4.596768e-01 5.422937e+02 3.632865e+02 
4.647172e-01 5.304942e+02 3.549031e+02 
4.697576e-01 5.189419e+02 3.467890e+02 
4.747980e-01 5.076827e+02 3.389331e+02 
4.798384e-01 4.967593e+02 3.313248e+02 
4.848788e-01 4.862179e+02 3.239543e+02 
4.899192e-01 4.760850e+02 3.168120e+02 
4.949596e-01 4.663497e+02 3.098890e+02 
5.000000e-01 4.569699e+02 3.031765e+02 
