1.000000e-03 7.097617e+03 7.096954e+03 
6.040404e-03 3.159894e+04 3.176010e+04 
1.108081e-02 4.299879e+04 4.304810e+04 
1.612121e-02 4.612136e+04 4.594913e+04 
2.116162e-02 4.394951e+04 4.286454e+04 
2.620202e-02 3.877421e+04 3.653136e+04 
3.124242e-02 3.245914e+04 2.997357e+04 
3.628283e-02 2.636444e+04 2.466649e+04 
4.132323e-02 2.128281e+04 2.069409e+04 
4.636364e-02 1.748640e+04 1.771774e+04 
5.140404e-02 1.497098e+04 1.542341e+04 
5.644444e-02 1.348860e+04 1.359753e+04 
6.148485e-02 1.274008e+04 1.210435e+04 
6.652525e-02 1.242095e+04 1.085696e+04 
7.156566e-02 1.225320e+04 9.797803e+03 
7.660606e-02 1.200106e+04 8.887121e+03 
8.164646e-02 1.149974e+04 8.096352e+03 
8.668687e-02 1.069250e+04 7.404224e+03 
9.172727e-02 9.630671e+03 6.794424e+03 
9.676768e-02 8.440700e+03 6.254137e+03 
1.018081e-01 7.271564e+03 5.773099e+03 
1.068485e-01 6.250631e+03 5.342959e+03 
1.118889e-01 5.454521e+03 4.956836e+03 
1.169293e-01 4.905473e+03 4.609000e+03 
1.219697e-01 4.585606e+03 4.294636e+03 
1.270101e-01 4.451569e+03 4.009669e+03 
1.320505e-01 4.444123e+03 3.750627e+03 
1.370909e-01 4.494785e+03 3.514534e+03 
1.421313e-01 4.535686e+03 3.298826e+03 
1.471717e-01 4.511307e+03 3.101285e+03 
1.522121e-01 4.386752e+03 2.919983e+03 
1.572525e-01 4.153197e+03 2.753238e+03 
1.622929e-01 3.830097e+03 2.599577e+03 
1.673333e-01 3.459608e+03 2.457707e+03 
1.723737e-01 3.091392e+03 2.326486e+03 
1.774141e-01 2.766021e+03 2.204906e+03 
1.824545e-01 2.507421e+03 2.092075e+03 
1.874949e-01 2.324883e+03 1.987197e+03 
1.925354e-01 2.216884e+03 1.889566e+03 
1.975758e-01 2.172799e+03 1.798548e+03 
2.026162e-01 2.173778e+03 1.713577e+03 
2.076566e-01 2.195895e+03 1.634147e+03 
2.126970e-01 2.215048e+03 1.559799e+03 
2.177374e-01 2.211459e+03 1.490123e+03 
2.227778e-01 2.172154e+03 1.424748e+03 
2.278182e-01 2.092673e+03 1.363337e+03 
2.328586e-01 1.977832e+03 1.305586e+03 
2.378990e-01 1.840349e+03 1.251218e+03 
2.429394e-01 1.696756e+03 1.199983e+03 
2.479798e-01 1.562507e+03 1.151651e+03 
2.530202e-01 1.449052e+03 1.106015e+03 
2.580606e-01 1.362810e+03 1.062882e+03 
2.631010e-01 1.305342e+03 1.022080e+03 
2.681414e-01 1.273863e+03 9.834480e+02 
2.731818e-01 1.262174e+03 9.468396e+02 
2.782222e-01 1.261947e+03 9.121201e+02 
2.832626e-01 1.264337e+03 8.791659e+02 
2.883030e-01 1.261260e+03 8.478629e+02 
2.933434e-01 1.246546e+03 8.181058e+02 
2.983838e-01 1.216902e+03 7.897977e+02 
3.034242e-01 1.172538e+03 7.628487e+02 
3.084646e-01 1.116948e+03 7.371760e+02 
3.135051e-01 1.055689e+03 7.127026e+02 
3.185455e-01 9.947723e+02 6.893571e+02 
3.235859e-01 9.393430e+02 6.670736e+02 
3.286263e-01 8.930045e+02 6.457903e+02 
3.336667e-01 8.576066e+02 6.254502e+02 
3.387071e-01 8.332301e+02 6.060001e+02 
3.437475e-01 8.183236e+02 5.873902e+02 
3.487879e-01 8.100486e+02 5.695745e+02 
3.538283e-01 8.049503e+02 5.525096e+02 
3.588687e-01 7.996563e+02 5.361553e+02 
3.639091e-01 7.913492e+02 5.204738e+02 
3.689495e-01 7.781446e+02 5.054299e+02 
3.739899e-01 7.592718e+02 4.909905e+02 
3.790303e-01 7.351933e+02 4.771246e+02 
3.840707e-01 7.074634e+02 4.638031e+02 
3.891111e-01 6.782798e+02 4.509988e+02 
3.941515e-01 6.498624e+02 4.386861e+02 
3.991919e-01 6.240573e+02 4.268409e+02 
4.042323e-01 6.021090e+02 4.154405e+02 
4.092727e-01 5.846037e+02 4.044636e+02 
4.143131e-01 5.714379e+02 3.938902e+02 
4.193535e-01 5.618328e+02 3.837012e+02 
4.243939e-01 5.545961e+02 3.738789e+02 
4.294343e-01 5.484128e+02 3.644064e+02 
4.344747e-01 5.420122e+02 3.552677e+02 
4.395152e-01 5.343509e+02 3.464479e+02 
4.445556e-01 5.247482e+02 3.379328e+02 
4.495960e-01 5.130127e+02 3.297089e+02 
4.546364e-01 4.994431e+02 3.217634e+02 
4.596768e-01 4.847125e+02 3.140844e+02 
4.647172e-01 4.696203e+02 3.066603e+02 
4.697576e-01 4.549730e+02 2.994805e+02 
4.747980e-01 4.414738e+02 2.925346e+02 
4.798384e-01 4.296203e+02 2.858129e+02 
4.848788e-01 4.196144e+02 2.793061e+02 
4.899192e-01 4.113588e+02 2.730055e+02 
4.949596e-01 4.045092e+02 2.669026e+02 
5.000000e-01 3.985944e+02 2.609896e+02 
