1.000000e-03 2.617529e+03 2.617281e+03 
6.040404e-03 1.163227e+04 1.167436e+04 
1.108081e-02 1.595815e+04 1.579157e+04 
1.612121e-02 1.763445e+04 1.713589e+04 
2.116162e-02 1.779886e+04 1.698394e+04 
2.620202e-02 1.715329e+04 1.618447e+04 
3.124242e-02 1.615589e+04 1.517585e+04 
3.628283e-02 1.508806e+04 1.412808e+04 
4.132323e-02 1.409124e+04 1.310654e+04 
4.636364e-02 1.320749e+04 1.213918e+04 
5.140404e-02 1.244548e+04 1.123782e+04 
5.644444e-02 1.172923e+04 1.040606e+04 
6.148485e-02 1.103761e+04 9.642993e+03 
6.652525e-02 1.034932e+04 8.945338e+03 
7.156566e-02 9.661436e+03 8.308629e+03 
7.660606e-02 8.993109e+03 7.727951e+03 
8.164646e-02 8.373466e+03 7.198350e+03 
8.668687e-02 7.820301e+03 6.715063e+03 
9.172727e-02 7.335862e+03 6.273637e+03 
9.676768e-02 6.916139e+03 5.869982e+03 
1.018081e-01 6.553280e+03 5.500379e+03 
1.068485e-01 6.230639e+03 5.161474e+03 
1.118889e-01 5.926963e+03 4.850256e+03 
1.169293e-01 5.627942e+03 4.564028e+03 
1.219697e-01 5.331107e+03 4.300380e+03 
1.270101e-01 5.041323e+03 4.057160e+03 
1.320505e-01 4.764779e+03 3.832443e+03 
1.370909e-01 4.507708e+03 3.624512e+03 
1.421313e-01 4.274273e+03 3.431831e+03 
1.471717e-01 4.065125e+03 3.253024e+03 
1.522121e-01 3.877959e+03 3.086859e+03 
1.572525e-01 3.709361e+03 2.932233e+03 
1.622929e-01 3.554694e+03 2.788152e+03 
1.673333e-01 3.408662e+03 2.653723e+03 
1.723737e-01 3.267365e+03 2.528143e+03 
1.774141e-01 3.129570e+03 2.410686e+03 
1.824545e-01 2.996070e+03 2.300695e+03 
1.874949e-01 2.868085e+03 2.197579e+03 
1.925354e-01 2.746747e+03 2.100799e+03 
1.975758e-01 2.633278e+03 2.009869e+03 
2.026162e-01 2.528409e+03 1.924344e+03 
2.076566e-01 2.431691e+03 1.843822e+03 
2.126970e-01 2.341730e+03 1.767934e+03 
2.177374e-01 2.257252e+03 1.696346e+03 
2.227778e-01 2.177151e+03 1.628752e+03 
2.278182e-01 2.100448e+03 1.564869e+03 
2.328586e-01 2.026536e+03 1.504442e+03 
2.378990e-01 1.955394e+03 1.447235e+03 
2.429394e-01 1.887294e+03 1.393032e+03 
2.479798e-01 1.822211e+03 1.341632e+03 
2.530202e-01 1.760159e+03 1.292854e+03 
2.580606e-01 1.701309e+03 1.246528e+03 
2.631010e-01 1.645794e+03 1.202497e+03 
2.681414e-01 1.593412e+03 1.160619e+03 
2.731818e-01 1.543555e+03 1.120761e+03 
2.782222e-01 1.495810e+03 1.082797e+03 
2.832626e-01 1.450066e+03 1.046616e+03 
2.883030e-01 1.406250e+03 1.012109e+03 
2.933434e-01 1.364149e+03 9.791804e+02 
2.983838e-01 1.323582e+03 9.477370e+02 
3.034242e-01 1.284582e+03 9.176943e+02 
3.084646e-01 1.247227e+03 8.889730e+02 
3.135051e-01 1.211509e+03 8.614994e+02 
3.185455e-01 1.177302e+03 8.352046e+02 
3.235859e-01 1.144455e+03 8.100243e+02 
3.286263e-01 1.112946e+03 7.858984e+02 
3.336667e-01 1.082750e+03 7.627709e+02 
3.387071e-01 1.053739e+03 7.405892e+02 
3.437475e-01 1.025766e+03 7.193041e+02 
3.487879e-01 9.987673e+02 6.988695e+02 
3.538283e-01 9.727380e+02 6.792421e+02 
3.588687e-01 9.476797e+02 6.603814e+02 
3.639091e-01 9.235381e+02 6.422491e+02 
3.689495e-01 9.002392e+02 6.248095e+02 
3.739899e-01 8.777610e+02 6.080289e+02 
3.790303e-01 8.561163e+02 5.918755e+02 
3.840707e-01 8.352489e+02 5.763195e+02 
3.891111e-01 8.150924e+02 5.613327e+02 
3.941515e-01 7.956116e+02 5.468885e+02 
3.991919e-01 7.767895e+02 5.329618e+02 
4.042323e-01 7.586029e+02 5.195291e+02 
4.092727e-01 7.410141e+02 5.065680e+02 
4.143131e-01 7.239824e+02 4.940574e+02 
4.193535e-01 7.074888e+02 4.819772e+02 
4.243939e-01 6.915405e+02 4.703086e+02 
4.294343e-01 6.761176e+02 4.590337e+02 
4.344747e-01 6.611700e+02 4.481355e+02 
4.395152e-01 6.466800e+02 4.375979e+02 
4.445556e-01 6.326476e+02 4.274058e+02 
4.495960e-01 6.190551e+02 4.175445e+02 
4.546364e-01 6.058782e+02 4.080005e+02 
4.596768e-01 5.930900e+02 3.987607e+02 
4.647172e-01 5.806699e+02 3.898127e+02 
4.697576e-01 5.686247e+02 3.811446e+02 
4.747980e-01 5.569425e+02 3.727454e+02 
4.798384e-01 5.455949e+02 3.646044e+02 
4.848788e-01 5.345621e+02 3.567113e+02 
4.899192e-01 5.238432e+02 3.490567e+02 
4.949596e-01 5.134393e+02 3.416311e+02 
5.000000e-01 5.033322e+02 3.344260e+02 
