1.000000e-03 3.864021e+03 3.863667e+03 
6.040404e-03 1.716442e+04 1.724077e+04 
1.108081e-02 2.350063e+04 2.340989e+04 
1.612121e-02 2.560462e+04 2.520541e+04 
2.116162e-02 2.510589e+04 2.420767e+04 
2.620202e-02 2.316402e+04 2.192707e+04 
3.124242e-02 2.065280e+04 1.951845e+04 
3.628283e-02 1.817665e+04 1.740630e+04 
4.132323e-02 1.607976e+04 1.562240e+04 
4.636364e-02 1.447209e+04 1.410643e+04 
5.140404e-02 1.335648e+04 1.280040e+04 
5.644444e-02 1.259680e+04 1.166202e+04 
6.148485e-02 1.204118e+04 1.066114e+04 
6.652525e-02 1.154236e+04 9.775509e+03 
7.156566e-02 1.098487e+04 8.987995e+03 
7.660606e-02 1.030955e+04 8.284895e+03 
8.164646e-02 9.521339e+03 7.654973e+03 
8.668687e-02 8.674566e+03 7.088850e+03 
9.172727e-02 7.841204e+03 6.578600e+03 
9.676768e-02 7.087365e+03 6.117466e+03 
1.018081e-01 6.462449e+03 5.699655e+03 
1.068485e-01 5.989041e+03 5.320174e+03 
1.118889e-01 5.657590e+03 4.974702e+03 
1.169293e-01 5.433879e+03 4.659488e+03 
1.219697e-01 5.273140e+03 4.371263e+03 
1.270101e-01 5.131538e+03 4.107173e+03 
1.320505e-01 4.972898e+03 3.864716e+03 
1.370909e-01 4.773803e+03 3.641696e+03 
1.421313e-01 4.528595e+03 3.436178e+03 
1.471717e-01 4.248073e+03 3.246454e+03 
1.522121e-01 3.952962e+03 3.071012e+03 
1.572525e-01 3.666716e+03 2.908512e+03 
1.622929e-01 3.410328e+03 2.757762e+03 
1.673333e-01 3.198591e+03 2.617700e+03 
1.723737e-01 3.036195e+03 2.487377e+03 
1.774141e-01 2.917879e+03 2.365946e+03 
1.824545e-01 2.831564e+03 2.252646e+03 
1.874949e-01 2.763410e+03 2.146794e+03 
1.925354e-01 2.699631e+03 2.047774e+03 
1.975758e-01 2.628543e+03 1.955033e+03 
2.026162e-01 2.542398e+03 1.868070e+03 
2.076566e-01 2.439663e+03 1.786431e+03 
2.126970e-01 2.324490e+03 1.709706e+03 
2.177374e-01 2.204280e+03 1.637522e+03 
2.227778e-01 2.087089e+03 1.569540e+03 
2.278182e-01 1.979908e+03 1.505452e+03 
2.328586e-01 1.887477e+03 1.444976e+03 
2.378990e-01 1.811589e+03 1.387854e+03 
2.429394e-01 1.751197e+03 1.333852e+03 
2.479798e-01 1.703058e+03 1.282754e+03 
2.530202e-01 1.662602e+03 1.234362e+03 
2.580606e-01 1.624764e+03 1.188496e+03 
2.631010e-01 1.585120e+03 1.144987e+03 
2.681414e-01 1.540920e+03 1.103683e+03 
2.731818e-01 1.491608e+03 1.064443e+03 
2.782222e-01 1.438298e+03 1.027134e+03 
2.832626e-01 1.383002e+03 9.916375e+02 
2.883030e-01 1.328195e+03 9.578409e+02 
2.933434e-01 1.276374e+03 9.256411e+02 
2.983838e-01 1.229561e+03 8.949422e+02 
3.034242e-01 1.188731e+03 8.656554e+02 
3.084646e-01 1.153709e+03 8.376983e+02 
3.135051e-01 1.123498e+03 8.109940e+02 
3.185455e-01 1.096664e+03 7.854713e+02 
3.235859e-01 1.071629e+03 7.610637e+02 
3.286263e-01 1.046881e+03 7.377092e+02 
3.336667e-01 1.021284e+03 7.153500e+02 
3.387071e-01 9.942986e+02 6.939322e+02 
3.437475e-01 9.660677e+02 6.734053e+02 
3.487879e-01 9.371776e+02 6.537221e+02 
3.538283e-01 9.084477e+02 6.348385e+02 
3.588687e-01 8.806929e+02 6.167131e+02 
3.639091e-01 8.546156e+02 5.993072e+02 
3.689495e-01 8.306601e+02 5.825843e+02 
3.739899e-01 8.089374e+02 5.665103e+02 
3.790303e-01 7.892222e+02 5.510532e+02 
3.840707e-01 7.710938e+02 5.361826e+02 
3.891111e-01 7.540580e+02 5.218703e+02 
3.941515e-01 7.376034e+02 5.080896e+02 
3.991919e-01 7.212725e+02 4.948152e+02 
4.042323e-01 7.047680e+02 4.820234e+02 
4.092727e-01 6.880288e+02 4.696918e+02 
4.143131e-01 6.711772e+02 4.577994e+02 
4.193535e-01 6.544763e+02 4.463261e+02 
4.243939e-01 6.381461e+02 4.352531e+02 
4.294343e-01 6.224055e+02 4.245625e+02 
4.344747e-01 6.074554e+02 4.142376e+02 
4.395152e-01 5.934046e+02 4.042623e+02 
4.445556e-01 5.802569e+02 3.946215e+02 
4.495960e-01 5.678765e+02 3.853009e+02 
4.546364e-01 5.560835e+02 3.762869e+02 
4.596768e-01 5.447168e+02 3.675666e+02 
4.647172e-01 5.336488e+02 3.591278e+02 
4.697576e-01 5.227549e+02 3.509589e+02 
4.747980e-01 5.119377e+02 3.430489e+02 
4.798384e-01 5.011792e+02 3.353872e+02 
4.848788e-01 4.905358e+02 3.279639e+02 
4.899192e-01 4.801164e+02 3.207695e+02 
4.949596e-01 4.699782e+02 3.137951e+02 
5.000000e-01 4.601820e+02 3.070319e+02 
