1.000000e-03 2.611936e+03 2.611701e+03 
6.040404e-03 1.189210e+04 1.193997e+04 
1.108081e-02 1.658808e+04 1.646681e+04 
1.612121e-02 1.848944e+04 1.807563e+04 
2.116162e-02 1.868329e+04 1.793008e+04 
2.620202e-02 1.790957e+04 1.697571e+04 
3.124242e-02 1.670064e+04 1.580403e+04 
3.628283e-02 1.541529e+04 1.463847e+04 
4.132323e-02 1.425676e+04 1.353947e+04 
4.636364e-02 1.328804e+04 1.252056e+04 
5.140404e-02 1.253331e+04 1.158297e+04 
5.644444e-02 1.189546e+04 1.072396e+04 
6.148485e-02 1.130736e+04 9.939063e+03 
6.652525e-02 1.072092e+04 9.223007e+03 
7.156566e-02 1.009175e+04 8.570203e+03 
7.660606e-02 9.417181e+03 7.975085e+03 
8.164646e-02 8.730064e+03 7.432310e+03 
8.668687e-02 8.076969e+03 6.936875e+03 
9.172727e-02 7.491001e+03 6.484172e+03 
9.676768e-02 6.988104e+03 6.069999e+03 
1.018081e-01 6.573689e+03 5.690560e+03 
1.068485e-01 6.242222e+03 5.342439e+03 
1.118889e-01 5.972155e+03 5.022575e+03 
1.169293e-01 5.732379e+03 4.728227e+03 
1.219697e-01 5.495610e+03 4.456947e+03 
1.270101e-01 5.247182e+03 4.206548e+03 
1.320505e-01 4.984750e+03 3.975075e+03 
1.370909e-01 4.714381e+03 3.760782e+03 
1.421313e-01 4.446491e+03 3.562107e+03 
1.471717e-01 4.192074e+03 3.377649e+03 
1.522121e-01 3.961100e+03 3.206154e+03 
1.572525e-01 3.759430e+03 3.046496e+03 
1.622929e-01 3.588779e+03 2.897663e+03 
1.673333e-01 3.445322e+03 2.758743e+03 
1.723737e-01 3.320784e+03 2.628916e+03 
1.774141e-01 3.205815e+03 2.507440e+03 
1.824545e-01 3.093328e+03 2.393645e+03 
1.874949e-01 2.979454e+03 2.286924e+03 
1.925354e-01 2.862497e+03 2.186727e+03 
1.975758e-01 2.742921e+03 2.092555e+03 
2.026162e-01 2.623550e+03 2.003954e+03 
2.076566e-01 2.508962e+03 1.920509e+03 
2.126970e-01 2.402902e+03 1.841845e+03 
2.177374e-01 2.306974e+03 1.767616e+03 
2.227778e-01 2.221022e+03 1.697508e+03 
2.278182e-01 2.144071e+03 1.631233e+03 
2.328586e-01 2.074550e+03 1.568527e+03 
2.378990e-01 2.010015e+03 1.509147e+03 
2.429394e-01 1.947994e+03 1.452871e+03 
2.479798e-01 1.886716e+03 1.399494e+03 
2.530202e-01 1.825589e+03 1.348828e+03 
2.580606e-01 1.764686e+03 1.300698e+03 
2.631010e-01 1.704552e+03 1.254944e+03 
2.681414e-01 1.646097e+03 1.211417e+03 
2.731818e-01 1.590397e+03 1.169981e+03 
2.782222e-01 1.538314e+03 1.130508e+03 
2.832626e-01 1.490043e+03 1.092879e+03 
2.883030e-01 1.445288e+03 1.056987e+03 
2.933434e-01 1.403458e+03 1.022729e+03 
2.983838e-01 1.363982e+03 9.900112e+02 
3.034242e-01 1.326252e+03 9.587454e+02 
3.084646e-01 1.289706e+03 9.288498e+02 
3.135051e-01 1.253931e+03 9.002483e+02 
3.185455e-01 1.218762e+03 8.728697e+02 
3.235859e-01 1.184325e+03 8.466475e+02 
3.286263e-01 1.150848e+03 8.215197e+02 
3.336667e-01 1.118622e+03 7.974282e+02 
3.387071e-01 1.087778e+03 7.743186e+02 
3.437475e-01 1.058415e+03 7.521401e+02 
3.487879e-01 1.030528e+03 7.308448e+02 
3.538283e-01 1.004052e+03 7.103881e+02 
3.588687e-01 9.788199e+02 6.907279e+02 
3.639091e-01 9.545777e+02 6.718246e+02 
3.689495e-01 9.311184e+02 6.536412e+02 
3.739899e-01 9.083113e+02 6.361428e+02 
3.790303e-01 8.861273e+02 6.192965e+02 
3.840707e-01 8.645614e+02 6.030712e+02 
3.891111e-01 8.436089e+02 5.874379e+02 
3.941515e-01 8.232648e+02 5.723689e+02 
3.991919e-01 8.035900e+02 5.578383e+02 
4.042323e-01 7.846407e+02 5.438216e+02 
4.092727e-01 7.664254e+02 5.302956e+02 
4.143131e-01 7.489293e+02 5.172383e+02 
4.193535e-01 7.320512e+02 5.046290e+02 
4.243939e-01 7.157379e+02 4.924482e+02 
4.294343e-01 6.999446e+02 4.806772e+02 
4.344747e-01 6.846568e+02 4.692984e+02 
4.395152e-01 6.698040e+02 4.582951e+02 
4.445556e-01 6.553466e+02 4.476515e+02 
4.495960e-01 6.412798e+02 4.373526e+02 
4.546364e-01 6.276062e+02 4.273841e+02 
4.596768e-01 6.143580e+02 4.177325e+02 
4.647172e-01 6.015130e+02 4.083849e+02 
4.697576e-01 5.890514e+02 3.993290e+02 
4.747980e-01 5.769595e+02 3.905533e+02 
4.798384e-01 5.652477e+02 3.820466e+02 
4.848788e-01 5.539032e+02 3.737985e+02 
4.899192e-01 5.428949e+02 3.657988e+02 
4.949596e-01 5.321828e+02 3.580379e+02 
5.000000e-01 5.217464e+02 3.505069e+02 
