1.000000e-03 2.680286e+03 2.680038e+03 
6.040404e-03 1.203103e+04 1.207789e+04 
1.108081e-02 1.664210e+04 1.650856e+04 
1.612121e-02 1.844092e+04 1.800224e+04 
2.116162e-02 1.855843e+04 1.778281e+04 
2.620202e-02 1.774485e+04 1.680215e+04 
3.124242e-02 1.652784e+04 1.562477e+04 
3.628283e-02 1.525376e+04 1.445732e+04 
4.132323e-02 1.411254e+04 1.335656e+04 
4.636364e-02 1.315632e+04 1.233632e+04 
5.140404e-02 1.240251e+04 1.139841e+04 
5.644444e-02 1.175237e+04 1.054031e+04 
6.148485e-02 1.114457e+04 9.757493e+03 
6.652525e-02 1.053240e+04 9.044510e+03 
7.156566e-02 9.881678e+03 8.395564e+03 
7.660606e-02 9.198133e+03 7.804885e+03 
8.164646e-02 8.517799e+03 7.266956e+03 
8.668687e-02 7.882855e+03 6.776629e+03 
9.172727e-02 7.320068e+03 6.329179e+03 
9.676768e-02 6.841019e+03 5.920315e+03 
1.018081e-01 6.447886e+03 5.546171e+03 
1.068485e-01 6.130431e+03 5.203279e+03 
1.118889e-01 5.863801e+03 4.888539e+03 
1.169293e-01 5.617544e+03 4.599185e+03 
1.219697e-01 5.369234e+03 4.332748e+03 
1.270101e-01 5.109973e+03 4.087029e+03 
1.320505e-01 4.841202e+03 3.860066e+03 
1.370909e-01 4.570262e+03 3.650109e+03 
1.421313e-01 4.307804e+03 3.455595e+03 
1.471717e-01 4.064307e+03 3.275126e+03 
1.522121e-01 3.847094e+03 3.107449e+03 
1.572525e-01 3.659294e+03 2.951444e+03 
1.622929e-01 3.499789e+03 2.806104e+03 
1.673333e-01 3.363005e+03 2.670522e+03 
1.723737e-01 3.240294e+03 2.543883e+03 
1.774141e-01 3.123418e+03 2.425453e+03 
1.824545e-01 3.007271e+03 2.314567e+03 
1.874949e-01 2.889572e+03 2.210625e+03 
1.925354e-01 2.769952e+03 2.113082e+03 
1.975758e-01 2.650223e+03 2.021446e+03 
2.026162e-01 2.533985e+03 1.935267e+03 
2.076566e-01 2.424985e+03 1.854137e+03 
2.126970e-01 2.325445e+03 1.777686e+03 
2.177374e-01 2.235684e+03 1.705573e+03 
2.227778e-01 2.154899e+03 1.637489e+03 
2.278182e-01 2.081742e+03 1.573151e+03 
2.328586e-01 2.014201e+03 1.512299e+03 
2.378990e-01 1.949890e+03 1.454694e+03 
2.429394e-01 1.887024e+03 1.400118e+03 
2.479798e-01 1.824897e+03 1.348370e+03 
2.530202e-01 1.763486e+03 1.299264e+03 
2.580606e-01 1.703045e+03 1.252631e+03 
2.631010e-01 1.644200e+03 1.208313e+03 
2.681414e-01 1.587961e+03 1.166164e+03 
2.731818e-01 1.535207e+03 1.126050e+03 
2.782222e-01 1.486167e+03 1.087846e+03 
2.832626e-01 1.440498e+03 1.051438e+03 
2.883030e-01 1.397661e+03 1.016718e+03 
2.933434e-01 1.357161e+03 9.835873e+02 
2.983838e-01 1.318547e+03 9.519533e+02 
3.034242e-01 1.281322e+03 9.217304e+02 
3.084646e-01 1.245009e+03 8.928385e+02 
3.135051e-01 1.209430e+03 8.652033e+02 
3.185455e-01 1.174757e+03 8.387554e+02 
3.235859e-01 1.141207e+03 8.134300e+02 
3.286263e-01 1.108932e+03 7.891664e+02 
3.336667e-01 1.078013e+03 7.659082e+02 
3.387071e-01 1.048509e+03 7.436023e+02 
3.437475e-01 1.020459e+03 7.221992e+02 
3.487879e-01 9.937948e+02 7.016523e+02 
3.538283e-01 9.683355e+02 6.819180e+02 
3.588687e-01 9.438267e+02 6.629555e+02 
3.639091e-01 9.201046e+02 6.447264e+02 
3.689495e-01 8.971090e+02 6.271944e+02 
3.739899e-01 8.748182e+02 6.103257e+02 
3.790303e-01 8.531923e+02 5.940882e+02 
3.840707e-01 8.321966e+02 5.784519e+02 
3.891111e-01 8.118603e+02 5.633884e+02 
3.941515e-01 7.922438e+02 5.488710e+02 
3.991919e-01 7.733579e+02 5.348744e+02 
4.042323e-01 7.551889e+02 5.213747e+02 
4.092727e-01 7.376828e+02 5.083495e+02 
4.143131e-01 7.207864e+02 4.957776e+02 
4.193535e-01 7.044659e+02 4.836387e+02 
4.243939e-01 6.886820e+02 4.719138e+02 
4.294343e-01 6.733807e+02 4.605850e+02 
4.344747e-01 6.585178e+02 4.496350e+02 
4.395152e-01 6.440711e+02 4.390479e+02 
4.445556e-01 6.300517e+02 4.288082e+02 
4.495960e-01 6.164636e+02 4.189013e+02 
4.546364e-01 6.032868e+02 4.093134e+02 
4.596768e-01 5.904996e+02 4.000315e+02 
4.647172e-01 5.781041e+02 3.910429e+02 
4.697576e-01 5.661044e+02 3.823360e+02 
4.747980e-01 5.544761e+02 3.738994e+02 
4.798384e-01 5.431964e+02 3.657223e+02 
4.848788e-01 5.322308e+02 3.577947e+02 
4.899192e-01 5.215675e+02 3.501067e+02 
4.949596e-01 5.112111e+02 3.426491e+02 
5.000000e-01 5.011453e+02 3.354130e+02 
