1.000000e-03 2.801694e+03 2.801433e+03 
6.040404e-03 1.240892e+04 1.245502e+04 
1.108081e-02 1.700195e+04 1.684108e+04 
1.612121e-02 1.873703e+04 1.824059e+04 
2.116162e-02 1.882549e+04 1.799559e+04 
2.620202e-02 1.803166e+04 1.704914e+04 
3.124242e-02 1.686771e+04 1.590563e+04 
3.628283e-02 1.565276e+04 1.475004e+04 
4.132323e-02 1.455211e+04 1.364347e+04 
4.636364e-02 1.360753e+04 1.260774e+04 
5.140404e-02 1.281557e+04 1.165019e+04 
5.644444e-02 1.209923e+04 1.077140e+04 
6.148485e-02 1.141123e+04 9.968454e+03 
6.652525e-02 1.071742e+04 9.236630e+03 
7.156566e-02 1.000708e+04 8.570413e+03 
7.660606e-02 9.298327e+03 7.964088e+03 
8.164646e-02 8.626550e+03 7.412075e+03 
8.668687e-02 8.020871e+03 6.909109e+03 
9.172727e-02 7.492906e+03 6.450331e+03 
9.676768e-02 7.043539e+03 6.031315e+03 
1.018081e-01 6.666695e+03 5.648066e+03 
1.068485e-01 6.344239e+03 5.296998e+03 
1.118889e-01 6.050006e+03 4.974906e+03 
1.169293e-01 5.761576e+03 4.678928e+03 
1.219697e-01 5.470167e+03 4.406512e+03 
1.270101e-01 5.177086e+03 4.155386e+03 
1.320505e-01 4.888950e+03 3.923524e+03 
1.370909e-01 4.614403e+03 3.709120e+03 
1.421313e-01 4.361541e+03 3.510560e+03 
1.471717e-01 4.135251e+03 3.326403e+03 
1.522121e-01 3.935696e+03 3.155360e+03 
1.572525e-01 3.760474e+03 2.996275e+03 
1.622929e-01 3.604928e+03 2.848113e+03 
1.673333e-01 3.462166e+03 2.709940e+03 
1.723737e-01 3.325461e+03 2.580920e+03 
1.774141e-01 3.190880e+03 2.460296e+03 
1.824545e-01 3.057714e+03 2.347386e+03 
1.874949e-01 2.927008e+03 2.241574e+03 
1.925354e-01 2.800396e+03 2.142302e+03 
1.975758e-01 2.680194e+03 2.049062e+03 
2.026162e-01 2.568531e+03 1.961396e+03 
2.076566e-01 2.466277e+03 1.878885e+03 
2.126970e-01 2.372851e+03 1.801148e+03 
2.177374e-01 2.286857e+03 1.727838e+03 
2.227778e-01 2.206690e+03 1.658638e+03 
2.278182e-01 2.130781e+03 1.593257e+03 
2.328586e-01 2.057674e+03 1.531430e+03 
2.378990e-01 1.986703e+03 1.472913e+03 
2.429394e-01 1.917862e+03 1.417483e+03 
2.479798e-01 1.851267e+03 1.364933e+03 
2.530202e-01 1.787107e+03 1.315076e+03 
2.580606e-01 1.725837e+03 1.267735e+03 
2.631010e-01 1.668016e+03 1.222752e+03 
2.681414e-01 1.613828e+03 1.179977e+03 
2.731818e-01 1.562885e+03 1.139273e+03 
2.782222e-01 1.514577e+03 1.100513e+03 
2.832626e-01 1.468509e+03 1.063579e+03 
2.883030e-01 1.424489e+03 1.028363e+03 
2.933434e-01 1.382220e+03 9.947630e+02 
2.983838e-01 1.341363e+03 9.626849e+02 
3.034242e-01 1.301789e+03 9.320414e+02 
3.084646e-01 1.263604e+03 9.027509e+02 
3.135051e-01 1.226964e+03 8.747377e+02 
3.185455e-01 1.191887e+03 8.479310e+02 
3.235859e-01 1.158274e+03 8.222647e+02 
3.286263e-01 1.126093e+03 7.976773e+02 
3.336667e-01 1.095344e+03 7.741110e+02 
3.387071e-01 1.065938e+03 7.515120e+02 
3.437475e-01 1.037694e+03 7.298297e+02 
3.487879e-01 1.010447e+03 7.090169e+02 
3.538283e-01 9.841293e+02 6.890290e+02 
3.588687e-01 9.587251e+02 6.698247e+02 
3.639091e-01 9.342121e+02 6.513646e+02 
3.689495e-01 9.105248e+02 6.336121e+02 
3.739899e-01 8.876489e+02 6.165327e+02 
3.790303e-01 8.655997e+02 6.000938e+02 
3.840707e-01 8.443672e+02 5.842648e+02 
3.891111e-01 8.239060e+02 5.690169e+02 
3.941515e-01 8.041483e+02 5.543229e+02 
3.991919e-01 7.850582e+02 5.401571e+02 
4.042323e-01 7.666392e+02 5.264953e+02 
4.092727e-01 7.488427e+02 5.133147e+02 
4.143131e-01 7.316049e+02 5.005936e+02 
4.193535e-01 7.148972e+02 4.883115e+02 
4.243939e-01 6.987113e+02 4.764492e+02 
4.294343e-01 6.830530e+02 4.649884e+02 
4.344747e-01 6.678939e+02 4.539116e+02 
4.395152e-01 6.532049e+02 4.432025e+02 
4.445556e-01 6.389698e+02 4.328454e+02 
4.495960e-01 6.251840e+02 4.228257e+02 
4.546364e-01 6.118329e+02 4.131292e+02 
4.596768e-01 5.988804e+02 4.037426e+02 
4.647172e-01 5.863102e+02 3.946533e+02 
4.697576e-01 5.741110e+02 3.858493e+02 
4.747980e-01 5.622777e+02 3.773191e+02 
4.798384e-01 5.507889e+02 3.690518e+02 
4.848788e-01 5.396193e+02 3.610371e+02 
4.899192e-01 5.287600e+02 3.532651e+02 
4.949596e-01 5.182121e+02 3.457264e+02 
5.000000e-01 5.079782e+02 3.384121e+02 
