1.000000e-03 3.397574e+03 3.397255e+03 
6.040404e-03 1.482590e+04 1.488397e+04 
1.108081e-02 2.018025e+04 2.004254e+04 
1.612121e-02 2.200479e+04 2.153002e+04 
2.116162e-02 2.174401e+04 2.086027e+04 
2.620202e-02 2.036699e+04 1.928903e+04 
3.124242e-02 1.856218e+04 1.759098e+04 
3.628283e-02 1.678003e+04 1.602050e+04 
4.132323e-02 1.525946e+04 1.461433e+04 
4.636364e-02 1.406712e+04 1.335941e+04 
5.140404e-02 1.317472e+04 1.223752e+04 
5.644444e-02 1.247434e+04 1.123263e+04 
6.148485e-02 1.185388e+04 1.033107e+04 
6.652525e-02 1.122286e+04 9.520988e+03 
7.156566e-02 1.052761e+04 8.791967e+03 
7.660606e-02 9.765258e+03 8.134801e+03 
8.164646e-02 8.977401e+03 7.541355e+03 
8.668687e-02 8.220716e+03 7.004449e+03 
9.172727e-02 7.541276e+03 6.517759e+03 
9.676768e-02 6.968956e+03 6.075722e+03 
1.018081e-01 6.516476e+03 5.673447e+03 
1.068485e-01 6.173865e+03 5.306638e+03 
1.118889e-01 5.909361e+03 4.971515e+03 
1.169293e-01 5.682529e+03 4.664757e+03 
1.219697e-01 5.459581e+03 4.383434e+03 
1.270101e-01 5.219898e+03 4.124967e+03 
1.320505e-01 4.955577e+03 3.887076e+03 
1.370909e-01 4.671221e+03 3.667743e+03 
1.421313e-01 4.381096e+03 3.465183e+03 
1.471717e-01 4.102420e+03 3.277807e+03 
1.522121e-01 3.849891e+03 3.104205e+03 
1.572525e-01 3.632996e+03 2.943120e+03 
1.622929e-01 3.455067e+03 2.793429e+03 
1.673333e-01 3.312286e+03 2.654127e+03 
1.723737e-01 3.194588e+03 2.524316e+03 
1.774141e-01 3.089812e+03 2.403187e+03 
1.824545e-01 2.987801e+03 2.290014e+03 
1.874949e-01 2.881763e+03 2.184144e+03 
1.925354e-01 2.768366e+03 2.084985e+03 
1.975758e-01 2.648051e+03 1.992003e+03 
2.026162e-01 2.524930e+03 1.904716e+03 
2.076566e-01 2.404902e+03 1.822685e+03 
2.126970e-01 2.293075e+03 1.745513e+03 
2.177374e-01 2.192721e+03 1.672836e+03 
2.227778e-01 2.105096e+03 1.604326e+03 
2.278182e-01 2.029491e+03 1.539681e+03 
2.328586e-01 1.963438e+03 1.478626e+03 
2.378990e-01 1.903612e+03 1.420910e+03 
2.429394e-01 1.846828e+03 1.366302e+03 
2.479798e-01 1.790536e+03 1.314591e+03 
2.530202e-01 1.733105e+03 1.265582e+03 
2.580606e-01 1.673957e+03 1.219098e+03 
2.631010e-01 1.614005e+03 1.174973e+03 
2.681414e-01 1.555051e+03 1.133056e+03 
2.731818e-01 1.498767e+03 1.093207e+03 
2.782222e-01 1.446218e+03 1.055297e+03 
2.832626e-01 1.397871e+03 1.019207e+03 
2.883030e-01 1.353846e+03 9.848248e+02 
2.933434e-01 1.313833e+03 9.520491e+02 
2.983838e-01 1.276946e+03 9.207843e+02 
3.034242e-01 1.242011e+03 8.909421e+02 
3.084646e-01 1.208044e+03 8.624403e+02 
3.135051e-01 1.174502e+03 8.352026e+02 
3.185455e-01 1.141200e+03 8.091576e+02 
3.235859e-01 1.108149e+03 7.842390e+02 
3.286263e-01 1.075541e+03 7.603850e+02 
3.336667e-01 1.043811e+03 7.375378e+02 
3.387071e-01 1.013449e+03 7.156432e+02 
3.437475e-01 9.847758e+02 6.946508e+02 
3.487879e-01 9.578532e+02 6.745134e+02 
3.538283e-01 9.325429e+02 6.551866e+02 
3.588687e-01 9.086327e+02 6.366288e+02 
3.639091e-01 8.858882e+02 6.188012e+02 
3.689495e-01 8.640219e+02 6.016672e+02 
3.739899e-01 8.427633e+02 5.851923e+02 
3.790303e-01 8.219428e+02 5.693444e+02 
3.840707e-01 8.015221e+02 5.540930e+02 
3.891111e-01 7.815477e+02 5.394095e+02 
3.941515e-01 7.620893e+02 5.252669e+02 
3.991919e-01 7.432093e+02 5.116399e+02 
4.042323e-01 7.250256e+02 4.985045e+02 
4.092727e-01 7.076218e+02 4.858381e+02 
4.143131e-01 6.909875e+02 4.736194e+02 
4.193535e-01 6.750550e+02 4.618281e+02 
4.243939e-01 6.597347e+02 4.504451e+02 
4.294343e-01 6.449622e+02 4.394526e+02 
4.344747e-01 6.306730e+02 4.288332e+02 
4.395152e-01 6.167956e+02 4.185710e+02 
4.445556e-01 6.032427e+02 4.086505e+02 
4.495960e-01 5.900169e+02 3.990573e+02 
4.546364e-01 5.771375e+02 3.897775e+02 
4.596768e-01 5.646265e+02 3.807981e+02 
4.647172e-01 5.524860e+02 3.721066e+02 
4.697576e-01 5.407083e+02 3.636914e+02 
4.747980e-01 5.293163e+02 3.555411e+02 
4.798384e-01 5.183263e+02 3.476450e+02 
4.848788e-01 5.077049e+02 3.399932e+02 
4.899192e-01 4.974135e+02 3.325759e+02 
4.949596e-01 4.874142e+02 3.253839e+02 
5.000000e-01 4.776908e+02 3.184085e+02 
