1.000000e-03 4.789205e+03 4.788751e+03 
6.040404e-03 2.118157e+04 2.127695e+04 
1.108081e-02 2.864079e+04 2.855420e+04 
1.612121e-02 3.074091e+04 3.030724e+04 
2.116162e-02 2.960374e+04 2.854556e+04 
2.620202e-02 2.674142e+04 2.526203e+04 
3.124242e-02 2.329039e+04 2.198893e+04 
3.628283e-02 2.001884e+04 1.924444e+04 
4.132323e-02 1.734058e+04 1.701499e+04 
4.636364e-02 1.536163e+04 1.518053e+04 
5.140404e-02 1.406276e+04 1.364047e+04 
5.644444e-02 1.324345e+04 1.232548e+04 
6.148485e-02 1.269568e+04 1.118838e+04 
6.652525e-02 1.221771e+04 1.019590e+04 
7.156566e-02 1.166514e+04 9.323458e+03 
7.660606e-02 1.095284e+04 8.552151e+03 
8.164646e-02 1.007559e+04 7.867007e+03 
8.668687e-02 9.100542e+03 7.255885e+03 
9.172727e-02 8.127048e+03 6.708772e+03 
9.676768e-02 7.248292e+03 6.217313e+03 
1.018081e-01 6.529636e+03 5.774472e+03 
1.068485e-01 5.998075e+03 5.374277e+03 
1.118889e-01 5.642787e+03 5.011629e+03 
1.169293e-01 5.425460e+03 4.682154e+03 
1.219697e-01 5.292809e+03 4.382082e+03 
1.270101e-01 5.187637e+03 4.108149e+03 
1.320505e-01 5.059643e+03 3.857522e+03 
1.370909e-01 4.876897e+03 3.627728e+03 
1.421313e-01 4.631001e+03 3.416610e+03 
1.471717e-01 4.333002e+03 3.222270e+03 
1.522121e-01 4.006468e+03 3.043043e+03 
1.572525e-01 3.682300e+03 2.877458e+03 
1.622929e-01 3.391318e+03 2.724215e+03 
1.673333e-01 3.154756e+03 2.582161e+03 
1.723737e-01 2.978722e+03 2.450270e+03 
1.774141e-01 2.856803e+03 2.327631e+03 
1.824545e-01 2.776296e+03 2.213427e+03 
1.874949e-01 2.721538e+03 2.106928e+03 
1.925354e-01 2.674769e+03 2.007482e+03 
1.975758e-01 2.618758e+03 1.914499e+03 
2.026162e-01 2.541978e+03 1.827450e+03 
2.076566e-01 2.441924e+03 1.745858e+03 
2.126970e-01 2.323340e+03 1.669291e+03 
2.177374e-01 2.194693e+03 1.597359e+03 
2.227778e-01 2.065846e+03 1.529706e+03 
2.278182e-01 1.946668e+03 1.466012e+03 
2.328586e-01 1.844670e+03 1.405983e+03 
2.378990e-01 1.763270e+03 1.349353e+03 
2.429394e-01 1.701634e+03 1.295879e+03 
2.479798e-01 1.655971e+03 1.245336e+03 
2.530202e-01 1.620787e+03 1.197522e+03 
2.580606e-01 1.589721e+03 1.152251e+03 
2.631010e-01 1.556781e+03 1.109350e+03 
2.681414e-01 1.517801e+03 1.068663e+03 
2.731818e-01 1.471278e+03 1.030044e+03 
2.782222e-01 1.418145e+03 9.933601e+02 
2.832626e-01 1.360829e+03 9.584881e+02 
2.883030e-01 1.302510e+03 9.253144e+02 
2.933434e-01 1.246633e+03 8.937339e+02 
2.983838e-01 1.196192e+03 8.636494e+02 
3.034242e-01 1.152948e+03 8.349707e+02 
3.084646e-01 1.117102e+03 8.076145e+02 
3.135051e-01 1.087593e+03 7.815030e+02 
3.185455e-01 1.062699e+03 7.565643e+02 
3.235859e-01 1.040377e+03 7.327314e+02 
3.286263e-01 1.018608e+03 7.099417e+02 
3.336667e-01 9.956644e+02 6.881373e+02 
3.387071e-01 9.705112e+02 6.672638e+02 
3.437475e-01 9.431035e+02 6.472707e+02 
3.487879e-01 9.141443e+02 6.281106e+02 
3.538283e-01 8.846716e+02 6.097393e+02 
3.588687e-01 8.557822e+02 5.921154e+02 
3.639091e-01 8.284800e+02 5.752002e+02 
3.689495e-01 8.035503e+02 5.589573e+02 
3.739899e-01 7.813814e+02 5.433526e+02 
3.790303e-01 7.618549e+02 5.283543e+02 
3.840707e-01 7.444617e+02 5.139321e+02 
3.891111e-01 7.285317e+02 5.000580e+02 
3.941515e-01 7.133645e+02 4.867052e+02 
3.991919e-01 6.983067e+02 4.738489e+02 
4.042323e-01 6.828890e+02 4.614653e+02 
4.092727e-01 6.669085e+02 4.495325e+02 
4.143131e-01 6.504552e+02 4.380293e+02 
4.193535e-01 6.338201e+02 4.269361e+02 
4.243939e-01 6.173209e+02 4.162342e+02 
4.294343e-01 6.013073e+02 4.059060e+02 
4.344747e-01 5.861111e+02 3.959347e+02 
4.395152e-01 5.719608e+02 3.863047e+02 
4.445556e-01 5.589001e+02 3.770010e+02 
4.495960e-01 5.468077e+02 3.680094e+02 
4.546364e-01 5.354851e+02 3.593167e+02 
4.596768e-01 5.247342e+02 3.509100e+02 
4.647172e-01 5.143310e+02 3.427775e+02 
4.697576e-01 5.040409e+02 3.349075e+02 
4.747980e-01 4.937175e+02 3.272894e+02 
4.798384e-01 4.833395e+02 3.199127e+02 
4.848788e-01 4.729693e+02 3.127678e+02 
4.899192e-01 4.626941e+02 3.058453e+02 
4.949596e-01 4.526204e+02 2.991363e+02 
5.000000e-01 4.428553e+02 2.926324e+02 
