1.000000e-03 2.690059e+03 2.689808e+03 
6.040404e-03 1.200877e+04 1.205463e+04 
1.108081e-02 1.655286e+04 1.641380e+04 
1.612121e-02 1.829756e+04 1.784911e+04 
2.116162e-02 1.838550e+04 1.760357e+04 
2.620202e-02 1.756536e+04 1.662315e+04 
3.124242e-02 1.635813e+04 1.545471e+04 
3.628283e-02 1.510138e+04 1.429618e+04 
4.132323e-02 1.397761e+04 1.320290e+04 
4.636364e-02 1.303375e+04 1.218920e+04 
5.140404e-02 1.228368e+04 1.125735e+04 
5.644444e-02 1.162959e+04 1.040510e+04 
6.148485e-02 1.101499e+04 9.628015e+03 
6.652525e-02 1.039341e+04 8.920664e+03 
7.156566e-02 9.736751e+03 8.277225e+03 
7.660606e-02 9.054279e+03 7.691903e+03 
8.164646e-02 8.382685e+03 7.159153e+03 
8.668687e-02 7.761112e+03 6.673807e+03 
9.172727e-02 7.213084e+03 6.231127e+03 
9.676768e-02 6.748002e+03 5.826816e+03 
1.018081e-01 6.366512e+03 5.457006e+03 
1.068485e-01 6.055940e+03 5.118230e+03 
1.118889e-01 5.790307e+03 4.807392e+03 
1.169293e-01 5.540644e+03 4.521733e+03 
1.219697e-01 5.287578e+03 4.258793e+03 
1.270101e-01 5.024797e+03 4.016380e+03 
1.320505e-01 4.754918e+03 3.792544e+03 
1.370909e-01 4.486100e+03 3.585541e+03 
1.421313e-01 4.228674e+03 3.393819e+03 
1.471717e-01 3.992288e+03 3.215988e+03 
1.522121e-01 3.782826e+03 3.050807e+03 
1.572525e-01 3.602082e+03 2.897162e+03 
1.622929e-01 3.447777e+03 2.754053e+03 
1.673333e-01 3.313707e+03 2.620584e+03 
1.723737e-01 3.191443e+03 2.495945e+03 
1.774141e-01 3.073528e+03 2.379410e+03 
1.824545e-01 2.955877e+03 2.270319e+03 
1.874949e-01 2.836913e+03 2.168080e+03 
1.925354e-01 2.717100e+03 2.072152e+03 
1.975758e-01 2.598632e+03 1.982049e+03 
2.026162e-01 2.484978e+03 1.897327e+03 
2.076566e-01 2.379387e+03 1.817581e+03 
2.126970e-01 2.283319e+03 1.742446e+03 
2.177374e-01 2.196578e+03 1.671586e+03 
2.227778e-01 2.118235e+03 1.604694e+03 
2.278182e-01 2.046670e+03 1.541491e+03 
2.328586e-01 1.979737e+03 1.481720e+03 
2.378990e-01 1.915386e+03 1.425147e+03 
2.429394e-01 1.852356e+03 1.371556e+03 
2.479798e-01 1.790248e+03 1.320747e+03 
2.530202e-01 1.729135e+03 1.272539e+03 
2.580606e-01 1.669370e+03 1.226764e+03 
2.631010e-01 1.611631e+03 1.183265e+03 
2.681414e-01 1.556930e+03 1.141900e+03 
2.731818e-01 1.505833e+03 1.102537e+03 
2.782222e-01 1.458261e+03 1.065052e+03 
2.832626e-01 1.413716e+03 1.029332e+03 
2.883030e-01 1.371696e+03 9.952721e+02 
2.933434e-01 1.331831e+03 9.627741e+02 
2.983838e-01 1.293655e+03 9.317471e+02 
3.034242e-01 1.256682e+03 9.021067e+02 
3.084646e-01 1.220566e+03 8.737743e+02 
3.135051e-01 1.185335e+03 8.466765e+02 
3.185455e-01 1.151187e+03 8.207451e+02 
3.235859e-01 1.118297e+03 7.959162e+02 
3.286263e-01 1.086736e+03 7.721303e+02 
3.336667e-01 1.056521e+03 7.493316e+02 
3.387071e-01 1.027737e+03 7.274681e+02 
3.437475e-01 1.000372e+03 7.064910e+02 
3.487879e-01 9.742839e+02 6.863546e+02 
3.538283e-01 9.492486e+02 6.670159e+02 
3.588687e-01 9.250693e+02 6.484348e+02 
3.639091e-01 9.016616e+02 6.305734e+02 
3.689495e-01 8.790013e+02 6.133963e+02 
3.739899e-01 8.570491e+02 5.968701e+02 
3.790303e-01 8.357618e+02 5.809634e+02 
3.840707e-01 8.151192e+02 5.656465e+02 
3.891111e-01 7.952000e+02 5.508916e+02 
3.941515e-01 7.760156e+02 5.366724e+02 
3.991919e-01 7.575504e+02 5.229640e+02 
4.042323e-01 7.397534e+02 5.097432e+02 
4.092727e-01 7.225817e+02 4.969878e+02 
4.143131e-01 7.060178e+02 4.846768e+02 
4.193535e-01 6.900011e+02 4.727906e+02 
4.243939e-01 6.744950e+02 4.613104e+02 
4.294343e-01 6.594283e+02 4.502185e+02 
4.344747e-01 6.448084e+02 4.394982e+02 
4.395152e-01 6.306332e+02 4.291335e+02 
4.445556e-01 6.168878e+02 4.191094e+02 
4.495960e-01 6.035607e+02 4.094116e+02 
4.546364e-01 5.906348e+02 4.000266e+02 
4.596768e-01 5.781060e+02 3.909414e+02 
4.647172e-01 5.659732e+02 3.821438e+02 
4.697576e-01 5.542187e+02 3.736222e+02 
4.747980e-01 5.428177e+02 3.653655e+02 
4.798384e-01 5.317405e+02 3.573633e+02 
4.848788e-01 5.209779e+02 3.496053e+02 
4.899192e-01 5.105288e+02 3.420823e+02 
4.949596e-01 5.003738e+02 3.347849e+02 
5.000000e-01 4.904888e+02 3.277047e+02 
