1.000000e-03 1.008090e+04 1.007993e+04 
6.040404e-03 4.415467e+04 4.438323e+04 
1.108081e-02 5.926596e+04 5.942945e+04 
1.612121e-02 6.256993e+04 6.258267e+04 
2.116162e-02 5.841098e+04 5.715939e+04 
2.620202e-02 5.015334e+04 4.711183e+04 
3.124242e-02 4.054150e+04 3.704717e+04 
3.628283e-02 3.154466e+04 2.921107e+04 
4.132323e-02 2.425336e+04 2.361709e+04 
4.636364e-02 1.897538e+04 1.962804e+04 
5.140404e-02 1.559403e+04 1.669086e+04 
5.644444e-02 1.370600e+04 1.444420e+04 
6.148485e-02 1.286253e+04 1.266664e+04 
6.652525e-02 1.265018e+04 1.122156e+04 
7.156566e-02 1.270998e+04 1.002177e+04 
7.660606e-02 1.271119e+04 9.009265e+03 
8.164646e-02 1.239168e+04 8.143808e+03 
8.668687e-02 1.163036e+04 7.396424e+03 
9.172727e-02 1.046995e+04 6.745557e+03 
9.676768e-02 9.070329e+03 6.174732e+03 
1.018081e-01 7.636618e+03 5.671073e+03 
1.068485e-01 6.351953e+03 5.224327e+03 
1.118889e-01 5.335762e+03 4.826206e+03 
1.169293e-01 4.631436e+03 4.469927e+03 
1.219697e-01 4.225231e+03 4.149874e+03 
1.270101e-01 4.068105e+03 3.861359e+03 
1.320505e-01 4.093322e+03 3.600434e+03 
1.370909e-01 4.223739e+03 3.363756e+03 
1.421313e-01 4.377409e+03 3.148471e+03 
1.471717e-01 4.475419e+03 2.952133e+03 
1.522121e-01 4.453917e+03 2.772634e+03 
1.572525e-01 4.280521e+03 2.608148e+03 
1.622929e-01 3.966414e+03 2.457090e+03 
1.673333e-01 3.560229e+03 2.318074e+03 
1.723737e-01 3.126331e+03 2.189887e+03 
1.774141e-01 2.721806e+03 2.071464e+03 
1.824545e-01 2.386690e+03 1.961865e+03 
1.874949e-01 2.142387e+03 1.860259e+03 
1.925354e-01 1.994060e+03 1.765909e+03 
1.975758e-01 1.932714e+03 1.678160e+03 
2.026162e-01 1.939160e+03 1.596428e+03 
2.076566e-01 1.988097e+03 1.520190e+03 
2.126970e-01 2.051630e+03 1.448979e+03 
2.177374e-01 2.101823e+03 1.382376e+03 
2.227778e-01 2.114393e+03 1.320003e+03 
2.278182e-01 2.074333e+03 1.261519e+03 
2.328586e-01 1.980275e+03 1.206618e+03 
2.378990e-01 1.843666e+03 1.155021e+03 
2.429394e-01 1.683800e+03 1.106476e+03 
2.479798e-01 1.521761e+03 1.060754e+03 
2.530202e-01 1.376141e+03 1.017647e+03 
2.580606e-01 1.259904e+03 9.769647e+02 
2.631010e-01 1.179060e+03 9.385344e+02 
2.681414e-01 1.133154e+03 9.021977e+02 
2.731818e-01 1.117176e+03 8.678097e+02 
2.782222e-01 1.123256e+03 8.352377e+02 
2.832626e-01 1.141581e+03 8.043598e+02 
2.883030e-01 1.161146e+03 7.750640e+02 
2.933434e-01 1.171324e+03 7.472473e+02 
2.983838e-01 1.164181e+03 7.208147e+02 
3.034242e-01 1.136349e+03 6.956786e+02 
3.084646e-01 1.089174e+03 6.717582e+02 
3.135051e-01 1.027761e+03 6.489785e+02 
3.185455e-01 9.593166e+02 6.272705e+02 
3.235859e-01 8.916156e+02 6.065699e+02 
3.286263e-01 8.314130e+02 5.868171e+02 
3.336667e-01 7.832523e+02 5.679570e+02 
3.387071e-01 7.490778e+02 5.499382e+02 
3.437475e-01 7.285314e+02 5.327128e+02 
3.487879e-01 7.195440e+02 5.162363e+02 
3.538283e-01 7.187322e+02 5.004673e+02 
3.588687e-01 7.218794e+02 4.853671e+02 
3.639091e-01 7.245615e+02 4.708994e+02 
3.689495e-01 7.229307e+02 4.570305e+02 
3.739899e-01 7.143807e+02 4.437289e+02 
3.790303e-01 6.978646e+02 4.309649e+02 
3.840707e-01 6.740036e+02 4.187108e+02 
3.891111e-01 6.448218e+02 4.069407e+02 
3.941515e-01 6.132052e+02 3.956301e+02 
3.991919e-01 5.821844e+02 3.847562e+02 
4.042323e-01 5.542940e+02 3.742975e+02 
4.092727e-01 5.312530e+02 3.642337e+02 
4.143131e-01 5.138383e+02 3.545458e+02 
4.193535e-01 5.020181e+02 3.452159e+02 
4.243939e-01 4.949665e+02 3.362270e+02 
4.294343e-01 4.912327e+02 3.275634e+02 
4.344747e-01 4.890473e+02 3.192099e+02 
4.395152e-01 4.866420e+02 3.111525e+02 
4.445556e-01 4.825478e+02 3.033776e+02 
4.495960e-01 4.757648e+02 2.958726e+02 
4.546364e-01 4.658802e+02 2.886257e+02 
4.596768e-01 4.531248e+02 2.816253e+02 
4.647172e-01 4.382900e+02 2.748609e+02 
4.697576e-01 4.225061e+02 2.683223e+02 
4.747980e-01 4.069444e+02 2.619998e+02 
4.798384e-01 3.926183e+02 2.558843e+02 
4.848788e-01 3.802449e+02 2.499672e+02 
4.899192e-01 3.702288e+02 2.442402e+02 
4.949596e-01 3.625745e+02 2.386956e+02 
5.000000e-01 3.569321e+02 2.333258e+02 
