1.000000e-03 2.727339e+03 2.727088e+03 
6.040404e-03 1.208367e+04 1.212936e+04 
1.108081e-02 1.662654e+04 1.648181e+04 
1.612121e-02 1.837683e+04 1.791681e+04 
2.116162e-02 1.848667e+04 1.769706e+04 
2.620202e-02 1.770214e+04 1.675653e+04 
3.124242e-02 1.653500e+04 1.561999e+04 
3.628283e-02 1.531386e+04 1.447927e+04 
4.132323e-02 1.421392e+04 1.339285e+04 
4.636364e-02 1.327907e+04 1.237912e+04 
5.140404e-02 1.252017e+04 1.144324e+04 
5.644444e-02 1.184446e+04 1.058473e+04 
6.148485e-02 1.120261e+04 9.800241e+03 
6.652525e-02 1.055450e+04 9.084970e+03 
7.156566e-02 9.877416e+03 8.433484e+03 
7.660606e-02 9.183825e+03 7.840220e+03 
8.164646e-02 8.511547e+03 7.299769e+03 
8.668687e-02 7.897138e+03 6.807040e+03 
9.172727e-02 7.358637e+03 6.357336e+03 
9.676768e-02 6.900938e+03 5.946376e+03 
1.018081e-01 6.521768e+03 5.570294e+03 
1.068485e-01 6.206816e+03 5.225616e+03 
1.118889e-01 5.930047e+03 4.909233e+03 
1.169293e-01 5.664522e+03 4.618368e+03 
1.219697e-01 5.394364e+03 4.350544e+03 
1.270101e-01 5.117041e+03 4.103551e+03 
1.320505e-01 4.837524e+03 3.875417e+03 
1.370909e-01 4.564609e+03 3.664384e+03 
1.421313e-01 4.307769e+03 3.468879e+03 
1.471717e-01 4.074556e+03 3.287498e+03 
1.522121e-01 3.868789e+03 3.118981e+03 
1.572525e-01 3.690560e+03 2.962200e+03 
1.622929e-01 3.536349e+03 2.816144e+03 
1.673333e-01 3.399068e+03 2.679900e+03 
1.723737e-01 3.270557e+03 2.552649e+03 
1.774141e-01 3.145024e+03 2.433651e+03 
1.824545e-01 3.019883e+03 2.322240e+03 
1.874949e-01 2.894809e+03 2.217809e+03 
1.925354e-01 2.770769e+03 2.119813e+03 
1.975758e-01 2.650138e+03 2.027755e+03 
2.026162e-01 2.536292e+03 1.941184e+03 
2.076566e-01 2.431645e+03 1.859690e+03 
2.126970e-01 2.336627e+03 1.782898e+03 
2.177374e-01 2.250176e+03 1.710468e+03 
2.227778e-01 2.171084e+03 1.642087e+03 
2.278182e-01 2.097692e+03 1.577472e+03 
2.328586e-01 2.028055e+03 1.516360e+03 
2.378990e-01 1.960543e+03 1.458513e+03 
2.429394e-01 1.894309e+03 1.403710e+03 
2.479798e-01 1.829517e+03 1.351749e+03 
2.530202e-01 1.766409e+03 1.302444e+03 
2.580606e-01 1.705398e+03 1.255624e+03 
2.631010e-01 1.647113e+03 1.211130e+03 
2.681414e-01 1.592233e+03 1.168815e+03 
2.731818e-01 1.541011e+03 1.128546e+03 
2.782222e-01 1.493092e+03 1.090196e+03 
2.832626e-01 1.447880e+03 1.053651e+03 
2.883030e-01 1.404862e+03 1.018801e+03 
2.933434e-01 1.363732e+03 9.855485e+02 
2.983838e-01 1.324135e+03 9.537994e+02 
3.034242e-01 1.285738e+03 9.234679e+02 
3.084646e-01 1.248372e+03 8.944737e+02 
3.135051e-01 1.212125e+03 8.667418e+02 
3.185455e-01 1.177216e+03 8.402026e+02 
3.235859e-01 1.143745e+03 8.147908e+02 
3.286263e-01 1.111740e+03 7.904457e+02 
3.336667e-01 1.081144e+03 7.671103e+02 
3.387071e-01 1.051943e+03 7.447314e+02 
3.437475e-01 1.024078e+03 7.232592e+02 
3.487879e-01 9.973882e+02 7.026468e+02 
3.538283e-01 9.716696e+02 6.828506e+02 
3.588687e-01 9.467709e+02 6.638294e+02 
3.639091e-01 9.226604e+02 6.455446e+02 
3.689495e-01 8.993454e+02 6.279599e+02 
3.739899e-01 8.768120e+02 6.110411e+02 
3.790303e-01 8.550161e+02 5.947562e+02 
3.840707e-01 8.339442e+02 5.790748e+02 
3.891111e-01 8.136255e+02 5.639686e+02 
3.941515e-01 7.940746e+02 5.494105e+02 
3.991919e-01 7.752491e+02 5.353753e+02 
4.042323e-01 7.570792e+02 5.218390e+02 
4.092727e-01 7.395215e+02 5.087790e+02 
4.143131e-01 7.225423e+02 4.961740e+02 
4.193535e-01 7.061107e+02 4.840036e+02 
4.243939e-01 6.901923e+02 4.722489e+02 
4.294343e-01 6.747498e+02 4.608916e+02 
4.344747e-01 6.597626e+02 4.499146e+02 
4.395152e-01 6.452381e+02 4.393017e+02 
4.445556e-01 6.311792e+02 4.290375e+02 
4.495960e-01 6.175681e+02 4.191073e+02 
4.546364e-01 6.043585e+02 4.094973e+02 
4.596768e-01 5.915523e+02 4.001943e+02 
4.647172e-01 5.791487e+02 3.911857e+02 
4.697576e-01 5.671193e+02 3.824596e+02 
4.747980e-01 5.554497e+02 3.740048e+02 
4.798384e-01 5.441046e+02 3.658104e+02 
4.848788e-01 5.330763e+02 3.578663e+02 
4.899192e-01 5.223709e+02 3.501625e+02 
4.949596e-01 5.119688e+02 3.426899e+02 
5.000000e-01 5.018500e+02 3.354396e+02 
