1.000000e-03 1.182775e+04 1.182664e+04 
6.040404e-03 5.292382e+04 5.321311e+04 
1.108081e-02 7.163608e+04 7.194446e+04 
1.612121e-02 7.594162e+04 7.629144e+04 
2.116162e-02 7.090475e+04 6.988166e+04 
2.620202e-02 6.058446e+04 5.712977e+04 
3.124242e-02 4.839372e+04 4.390952e+04 
3.628283e-02 3.686042e+04 3.355303e+04 
4.132323e-02 2.743488e+04 2.629562e+04 
4.636364e-02 2.056866e+04 2.128573e+04 
5.140404e-02 1.611530e+04 1.772856e+04 
5.644444e-02 1.358457e+04 1.509899e+04 
6.148485e-02 1.242553e+04 1.307876e+04 
6.652525e-02 1.215317e+04 1.147573e+04 
7.156566e-02 1.236379e+04 1.017067e+04 
7.660606e-02 1.267583e+04 9.086600e+03 
8.164646e-02 1.274127e+04 8.171761e+03 
8.668687e-02 1.232825e+04 7.389954e+03 
9.172727e-02 1.138326e+04 6.714972e+03 
9.676768e-02 1.002016e+04 6.127269e+03 
1.018081e-01 8.455573e+03 5.611889e+03 
1.068485e-01 6.927231e+03 5.157146e+03 
1.118889e-01 5.621986e+03 4.753744e+03 
1.169293e-01 4.640702e+03 4.394179e+03 
1.219697e-01 4.003362e+03 4.072314e+03 
1.270101e-01 3.676327e+03 3.783077e+03 
1.320505e-01 3.601725e+03 3.522240e+03 
1.370909e-01 3.710746e+03 3.286244e+03 
1.421313e-01 3.926440e+03 3.072078e+03 
1.471717e-01 4.163241e+03 2.877174e+03 
1.522121e-01 4.332669e+03 2.699333e+03 
1.572525e-01 4.360374e+03 2.536660e+03 
1.622929e-01 4.209408e+03 2.387514e+03 
1.673333e-01 3.893519e+03 2.250470e+03 
1.723737e-01 3.467116e+03 2.124283e+03 
1.774141e-01 3.001064e+03 2.007863e+03 
1.824545e-01 2.560104e+03 1.900254e+03 
1.874949e-01 2.191601e+03 1.800610e+03 
1.925354e-01 1.922139e+03 1.708184e+03 
1.975758e-01 1.757904e+03 1.622314e+03 
2.026162e-01 1.690108e+03 1.542411e+03 
2.076566e-01 1.700752e+03 1.467948e+03 
2.126970e-01 1.766747e+03 1.398457e+03 
2.177374e-01 1.860785e+03 1.333517e+03 
2.227778e-01 1.952089e+03 1.272749e+03 
2.278182e-01 2.010320e+03 1.215814e+03 
2.328586e-01 2.012883e+03 1.162405e+03 
2.378990e-01 1.951181e+03 1.112244e+03 
2.429394e-01 1.831591e+03 1.065081e+03 
2.479798e-01 1.672127e+03 1.020689e+03 
2.530202e-01 1.496538e+03 9.788601e+02 
2.580606e-01 1.328410e+03 9.394069e+02 
2.631010e-01 1.186184e+03 9.021578e+02 
2.681414e-01 1.080169e+03 8.669564e+02 
2.731818e-01 1.013297e+03 8.336595e+02 
2.782222e-01 9.831685e+02 8.021361e+02 
2.832626e-01 9.839911e+02 7.722660e+02 
2.883030e-01 1.007166e+03 7.439391e+02 
2.933434e-01 1.041566e+03 7.170537e+02 
2.983838e-01 1.074707e+03 6.915166e+02 
3.034242e-01 1.095098e+03 6.672417e+02 
3.084646e-01 1.094525e+03 6.441496e+02 
3.135051e-01 1.069528e+03 6.221669e+02 
3.185455e-01 1.021711e+03 6.012257e+02 
3.235859e-01 9.569459e+02 5.812631e+02 
3.286263e-01 8.838130e+02 5.622209e+02 
3.336667e-01 8.114865e+02 5.440451e+02 
3.387071e-01 7.475243e+02 5.266853e+02 
3.437475e-01 6.968978e+02 5.100949e+02 
3.487879e-01 6.618570e+02 4.942304e+02 
3.538283e-01 6.423271e+02 4.790513e+02 
3.588687e-01 6.363773e+02 4.645199e+02 
3.639091e-01 6.405406e+02 4.506009e+02 
3.689495e-01 6.503062e+02 4.372614e+02 
3.739899e-01 6.607283e+02 4.244706e+02 
3.790303e-01 6.671959e+02 4.121997e+02 
3.840707e-01 6.660991e+02 4.004218e+02 
3.891111e-01 6.554637e+02 3.891115e+02 
3.941515e-01 6.352923e+02 3.782453e+02 
3.991919e-01 6.074484e+02 3.678007e+02 
4.042323e-01 5.750529e+02 3.577570e+02 
4.092727e-01 5.416208e+02 3.480945e+02 
4.143131e-01 5.103731e+02 3.387948e+02 
4.193535e-01 4.837830e+02 3.298403e+02 
4.243939e-01 4.633772e+02 3.212149e+02 
4.294343e-01 4.496631e+02 3.129030e+02 
4.344747e-01 4.421433e+02 3.048900e+02 
4.395152e-01 4.395388e+02 2.971623e+02 
4.445556e-01 4.400797e+02 2.897068e+02 
4.495960e-01 4.417582e+02 2.825114e+02 
4.546364e-01 4.425929e+02 2.755644e+02 
4.596768e-01 4.409024e+02 2.688549e+02 
4.647172e-01 4.355810e+02 2.623724e+02 
4.697576e-01 4.263147e+02 2.561073e+02 
4.747980e-01 4.135662e+02 2.500501e+02 
4.798384e-01 3.983526e+02 2.441921e+02 
4.848788e-01 3.819980e+02 2.385248e+02 
4.899192e-01 3.658911e+02 2.330404e+02 
4.949596e-01 3.512610e+02 2.277312e+02 
5.000000e-01 3.389903e+02 2.225902e+02 
