1.000000e-03 2.755138e+03 2.754882e+03 
6.040404e-03 1.249545e+04 1.254362e+04 
1.108081e-02 1.730090e+04 1.716649e+04 
1.612121e-02 1.914205e+04 1.869575e+04 
2.116162e-02 1.920202e+04 1.840273e+04 
2.620202e-02 1.827979e+04 1.730970e+04 
3.124242e-02 1.694226e+04 1.603120e+04 
3.628283e-02 1.556351e+04 1.478552e+04 
4.132323e-02 1.434634e+04 1.362560e+04 
4.636364e-02 1.334763e+04 1.255989e+04 
5.140404e-02 1.257806e+04 1.158622e+04 
5.644444e-02 1.192731e+04 1.069942e+04 
6.148485e-02 1.132532e+04 9.893220e+03 
6.652525e-02 1.071271e+04 9.160952e+03 
7.156566e-02 1.005142e+04 8.495949e+03 
7.660606e-02 9.347322e+03 7.891800e+03 
8.164646e-02 8.639166e+03 7.342498e+03 
8.668687e-02 7.974000e+03 6.842516e+03 
9.172727e-02 7.383488e+03 6.386828e+03 
9.676768e-02 6.884168e+03 5.970907e+03 
1.018081e-01 6.480599e+03 5.590693e+03 
1.068485e-01 6.161893e+03 5.242562e+03 
1.118889e-01 5.899742e+03 4.923284e+03 
1.169293e-01 5.660114e+03 4.629986e+03 
1.219697e-01 5.418126e+03 4.360113e+03 
1.270101e-01 5.162272e+03 4.111392e+03 
1.320505e-01 4.892165e+03 3.881799e+03 
1.370909e-01 4.615331e+03 3.669533e+03 
1.421313e-01 4.343848e+03 3.472986e+03 
1.471717e-01 4.090400e+03 3.290722e+03 
1.522121e-01 3.864535e+03 3.121461e+03 
1.572525e-01 3.670716e+03 2.964051e+03 
1.622929e-01 3.508402e+03 2.817464e+03 
1.673333e-01 3.371778e+03 2.680774e+03 
1.723737e-01 3.251494e+03 2.553148e+03 
1.774141e-01 3.138134e+03 2.433838e+03 
1.824545e-01 3.025090e+03 2.322165e+03 
1.874949e-01 2.909052e+03 2.217518e+03 
1.925354e-01 2.789336e+03 2.119345e+03 
1.975758e-01 2.667814e+03 2.027142e+03 
2.026162e-01 2.548619e+03 1.940454e+03 
2.076566e-01 2.436173e+03 1.858866e+03 
2.126970e-01 2.333405e+03 1.782002e+03 
2.177374e-01 2.241209e+03 1.709517e+03 
2.227778e-01 2.159285e+03 1.641098e+03 
2.278182e-01 2.086160e+03 1.576456e+03 
2.328586e-01 2.019370e+03 1.515328e+03 
2.378990e-01 1.956181e+03 1.457474e+03 
2.429394e-01 1.894462e+03 1.402673e+03 
2.479798e-01 1.833166e+03 1.350720e+03 
2.530202e-01 1.771955e+03 1.301428e+03 
2.580606e-01 1.710969e+03 1.254626e+03 
2.631010e-01 1.651098e+03 1.210154e+03 
2.681414e-01 1.593681e+03 1.167864e+03 
2.731818e-01 1.539843e+03 1.127623e+03 
2.782222e-01 1.489927e+03 1.089303e+03 
2.832626e-01 1.443650e+03 1.052788e+03 
2.883030e-01 1.400583e+03 1.017971e+03 
2.933434e-01 1.360253e+03 9.847519e+02 
2.983838e-01 1.322030e+03 9.530368e+02 
3.034242e-01 1.285175e+03 9.227397e+02 
3.084646e-01 1.249073e+03 8.937800e+02 
3.135051e-01 1.213561e+03 8.660827e+02 
3.185455e-01 1.178794e+03 8.395778e+02 
3.235859e-01 1.144994e+03 8.142001e+02 
3.286263e-01 1.112329e+03 7.898887e+02 
3.336667e-01 1.080958e+03 7.665866e+02 
3.387071e-01 1.051082e+03 7.442403e+02 
3.437475e-01 1.022816e+03 7.228001e+02 
3.487879e-01 9.960476e+02 7.022192e+02 
3.538283e-01 9.705567e+02 6.824537e+02 
3.588687e-01 9.460667e+02 6.634624e+02 
3.639091e-01 9.224194e+02 6.452068e+02 
3.689495e-01 8.995179e+02 6.276505e+02 
3.739899e-01 8.772683e+02 6.107594e+02 
3.790303e-01 8.555971e+02 5.945013e+02 
3.840707e-01 8.344949e+02 5.788460e+02 
3.891111e-01 8.140344e+02 5.637651e+02 
3.941515e-01 7.942904e+02 5.492315e+02 
3.991919e-01 7.752730e+02 5.352200e+02 
4.042323e-01 7.569766e+02 5.217067e+02 
4.092727e-01 7.393763e+02 5.086688e+02 
4.143131e-01 7.224475e+02 4.960852e+02 
4.193535e-01 7.061313e+02 4.839356e+02 
4.243939e-01 6.903477e+02 4.722008e+02 
4.294343e-01 6.750344e+02 4.608628e+02 
4.344747e-01 6.601521e+02 4.499044e+02 
4.395152e-01 6.456935e+02 4.393095e+02 
4.445556e-01 6.316558e+02 4.290625e+02 
4.495960e-01 6.180169e+02 4.191490e+02 
4.546364e-01 6.047706e+02 4.095550e+02 
4.596768e-01 5.919252e+02 4.002673e+02 
4.647172e-01 5.794911e+02 3.912735e+02 
4.697576e-01 5.674553e+02 3.825617e+02 
4.747980e-01 5.557901e+02 3.741206e+02 
4.798384e-01 5.444733e+02 3.659394e+02 
4.848788e-01 5.334860e+02 3.580079e+02 
4.899192e-01 5.228292e+02 3.503163e+02 
4.949596e-01 5.124635e+02 3.428554e+02 
5.000000e-01 5.023711e+02 3.356163e+02 
