1.000000e-03 5.056353e+03 5.055877e+03 
6.040404e-03 2.240784e+04 2.251036e+04 
1.108081e-02 3.048752e+04 3.043052e+04 
1.612121e-02 3.285562e+04 3.248372e+04 
2.116162e-02 3.167534e+04 3.062182e+04 
2.620202e-02 2.854326e+04 2.692382e+04 
3.124242e-02 2.469901e+04 2.318013e+04 
3.628283e-02 2.100794e+04 2.006806e+04 
4.132323e-02 1.795440e+04 1.758914e+04 
4.636364e-02 1.568308e+04 1.559105e+04 
5.140404e-02 1.419012e+04 1.394241e+04 
5.644444e-02 1.327243e+04 1.255331e+04 
6.148485e-02 1.271563e+04 1.136399e+04 
6.652525e-02 1.229998e+04 1.033355e+04 
7.156566e-02 1.184043e+04 9.432768e+03 
7.660606e-02 1.121914e+04 8.639810e+03 
8.164646e-02 1.040263e+04 7.937801e+03 
8.668687e-02 9.438885e+03 7.313325e+03 
9.172727e-02 8.422249e+03 6.755496e+03 
9.676768e-02 7.458255e+03 6.255341e+03 
1.018081e-01 6.634684e+03 5.805375e+03 
1.068485e-01 6.002127e+03 5.399296e+03 
1.118889e-01 5.567082e+03 5.031757e+03 
1.169293e-01 5.301176e+03 4.698194e+03 
1.219697e-01 5.156287e+03 4.394688e+03 
1.270101e-01 5.075493e+03 4.117860e+03 
1.320505e-01 5.001328e+03 3.864782e+03 
1.370909e-01 4.885904e+03 3.632911e+03 
1.421313e-01 4.701729e+03 3.420026e+03 
1.471717e-01 4.445829e+03 3.224182e+03 
1.522121e-01 4.134977e+03 3.043673e+03 
1.572525e-01 3.798935e+03 2.876994e+03 
1.622929e-01 3.472985e+03 2.722818e+03 
1.673333e-01 3.188116e+03 2.579968e+03 
1.723737e-01 2.963164e+03 2.447400e+03 
1.774141e-01 2.802018e+03 2.324184e+03 
1.824545e-01 2.697430e+03 2.209491e+03 
1.874949e-01 2.635685e+03 2.102579e+03 
1.925354e-01 2.599397e+03 2.002784e+03 
1.975758e-01 2.568795e+03 1.909509e+03 
2.026162e-01 2.525762e+03 1.822217e+03 
2.076566e-01 2.458532e+03 1.740424e+03 
2.126970e-01 2.364102e+03 1.663694e+03 
2.177374e-01 2.247014e+03 1.591630e+03 
2.227778e-01 2.116705e+03 1.523874e+03 
2.278182e-01 1.984706e+03 1.460102e+03 
2.328586e-01 1.862210e+03 1.400015e+03 
2.378990e-01 1.757698e+03 1.343346e+03 
2.429394e-01 1.675512e+03 1.289848e+03 
2.479798e-01 1.615641e+03 1.239297e+03 
2.530202e-01 1.574492e+03 1.191487e+03 
2.580606e-01 1.545983e+03 1.146229e+03 
2.631010e-01 1.522884e+03 1.103352e+03 
2.681414e-01 1.498419e+03 1.062695e+03 
2.731818e-01 1.467539e+03 1.024114e+03 
2.782222e-01 1.427602e+03 9.874743e+02 
2.832626e-01 1.378512e+03 9.526511e+02 
2.883030e-01 1.322465e+03 9.195306e+02 
2.933434e-01 1.263263e+03 8.880069e+02 
2.983838e-01 1.205198e+03 8.579822e+02 
3.034242e-01 1.152006e+03 8.293660e+02 
3.084646e-01 1.106170e+03 8.020743e+02 
3.135051e-01 1.068757e+03 7.760291e+02 
3.185455e-01 1.039345e+03 7.511580e+02 
3.235859e-01 1.016322e+03 7.273937e+02 
3.286263e-01 9.973109e+02 7.046736e+02 
3.336667e-01 9.797650e+02 6.829392e+02 
3.387071e-01 9.613949e+02 6.621360e+02 
3.437475e-01 9.406050e+02 6.422134e+02 
3.487879e-01 9.166357e+02 6.231238e+02 
3.538283e-01 8.897169e+02 6.048228e+02 
3.588687e-01 8.608583e+02 5.872690e+02 
3.639091e-01 8.314666e+02 5.704235e+02 
3.689495e-01 8.029485e+02 5.542498e+02 
3.739899e-01 7.765222e+02 5.387138e+02 
3.790303e-01 7.529958e+02 5.237835e+02 
3.840707e-01 7.327003e+02 5.094287e+02 
3.891111e-01 7.154458e+02 4.956211e+02 
3.941515e-01 7.005481e+02 4.823341e+02 
3.991919e-01 6.871101e+02 4.695428e+02 
4.042323e-01 6.742094e+02 4.572234e+02 
4.092727e-01 6.610930e+02 4.453538e+02 
4.143131e-01 6.472672e+02 4.339130e+02 
4.193535e-01 6.324861e+02 4.228812e+02 
4.243939e-01 6.168321e+02 4.122399e+02 
4.294343e-01 6.006489e+02 4.019712e+02 
4.344747e-01 5.844580e+02 3.920586e+02 
4.395152e-01 5.687815e+02 3.824863e+02 
4.445556e-01 5.540180e+02 3.732394e+02 
4.495960e-01 5.404186e+02 3.643037e+02 
4.546364e-01 5.280937e+02 3.556658e+02 
4.596768e-01 5.169632e+02 3.473131e+02 
4.647172e-01 5.068110e+02 3.392336e+02 
4.697576e-01 4.972822e+02 3.314158e+02 
4.747980e-01 4.880559e+02 3.238489e+02 
4.798384e-01 4.788588e+02 3.165226e+02 
4.848788e-01 4.695170e+02 3.094271e+02 
4.899192e-01 4.599521e+02 3.025531e+02 
4.949596e-01 4.501774e+02 2.958918e+02 
5.000000e-01 4.403217e+02 2.894348e+02 
