1.000000e-03 4.242850e+03 4.242448e+03 
6.040404e-03 1.896694e+04 1.904856e+04 
1.108081e-02 2.579466e+04 2.569194e+04 
1.612121e-02 2.784917e+04 2.740078e+04 
2.116162e-02 2.701543e+04 2.600715e+04 
2.620202e-02 2.463629e+04 2.328975e+04 
3.124242e-02 2.171380e+04 2.054345e+04 
3.628283e-02 1.892316e+04 1.819325e+04 
4.132323e-02 1.662727e+04 1.623901e+04 
4.636364e-02 1.491887e+04 1.459656e+04 
5.140404e-02 1.377901e+04 1.319368e+04 
5.644444e-02 1.302520e+04 1.197948e+04 
6.148485e-02 1.247729e+04 1.091832e+04 
6.652525e-02 1.196010e+04 9.984260e+03 
7.156566e-02 1.135580e+04 9.157492e+03 
7.660606e-02 1.060792e+04 8.422374e+03 
8.164646e-02 9.732735e+03 7.766197e+03 
8.668687e-02 8.801844e+03 7.178450e+03 
9.172727e-02 7.903610e+03 6.650323e+03 
9.676768e-02 7.114819e+03 6.174365e+03 
1.018081e-01 6.485004e+03 5.744229e+03 
1.068485e-01 6.027549e+03 5.354479e+03 
1.118889e-01 5.721009e+03 5.000436e+03 
1.169293e-01 5.522159e+03 4.678059e+03 
1.219697e-01 5.378782e+03 4.383845e+03 
1.270101e-01 5.240794e+03 4.114744e+03 
1.320505e-01 5.068595e+03 3.868096e+03 
1.370909e-01 4.842648e+03 3.641574e+03 
1.421313e-01 4.565674e+03 3.433133e+03 
1.471717e-01 4.255492e+03 3.240974e+03 
1.522121e-01 3.937537e+03 3.063511e+03 
1.572525e-01 3.638802e+03 2.899340e+03 
1.622929e-01 3.382843e+03 2.747215e+03 
1.673333e-01 3.182293e+03 2.606030e+03 
1.723737e-01 3.036074e+03 2.474798e+03 
1.774141e-01 2.933141e+03 2.352640e+03 
1.824545e-01 2.858510e+03 2.238768e+03 
1.874949e-01 2.796700e+03 2.132475e+03 
1.925354e-01 2.732433e+03 2.033127e+03 
1.975758e-01 2.653339e+03 1.940152e+03 
2.026162e-01 2.554032e+03 1.853037e+03 
2.076566e-01 2.437059e+03 1.771315e+03 
2.126970e-01 2.310333e+03 1.694565e+03 
2.177374e-01 2.182894e+03 1.622405e+03 
2.227778e-01 2.063290e+03 1.554490e+03 
2.278182e-01 1.958333e+03 1.490503e+03 
2.328586e-01 1.871825e+03 1.430157e+03 
2.378990e-01 1.803903e+03 1.373190e+03 
2.429394e-01 1.751326e+03 1.319363e+03 
2.479798e-01 1.708981e+03 1.268456e+03 
2.530202e-01 1.671100e+03 1.220269e+03 
2.580606e-01 1.632417e+03 1.174619e+03 
2.631010e-01 1.589117e+03 1.131334e+03 
2.681414e-01 1.539626e+03 1.090261e+03 
2.731818e-01 1.484668e+03 1.051256e+03 
2.782222e-01 1.426514e+03 1.014186e+03 
2.832626e-01 1.368139e+03 9.789295e+02 
2.883030e-01 1.312481e+03 9.453743e+02 
2.933434e-01 1.261896e+03 9.134159e+02 
2.983838e-01 1.217828e+03 8.829576e+02 
3.034242e-01 1.180461e+03 8.539100e+02 
3.084646e-01 1.148852e+03 8.261899e+02 
3.135051e-01 1.121263e+03 7.997203e+02 
3.185455e-01 1.095777e+03 7.744294e+02 
3.235859e-01 1.070686e+03 7.502503e+02 
3.286263e-01 1.044687e+03 7.271208e+02 
3.336667e-01 1.017086e+03 7.049830e+02 
3.387071e-01 9.878417e+02 6.837826e+02 
3.437475e-01 9.575992e+02 6.634692e+02 
3.487879e-01 9.274012e+02 6.439954e+02 
3.538283e-01 8.982593e+02 6.253170e+02 
3.588687e-01 8.709594e+02 6.073926e+02 
3.639091e-01 8.459290e+02 5.901834e+02 
3.689495e-01 8.233322e+02 5.736530e+02 
3.739899e-01 8.030304e+02 5.577673e+02 
3.790303e-01 7.845433e+02 5.424941e+02 
3.840707e-01 7.672111e+02 5.278034e+02 
3.891111e-01 7.503806e+02 5.136668e+02 
3.941515e-01 7.335929e+02 5.000577e+02 
3.991919e-01 7.165901e+02 4.869508e+02 
4.042323e-01 6.992936e+02 4.743226e+02 
4.092727e-01 6.818108e+02 4.621507e+02 
4.143131e-01 6.644176e+02 4.504141e+02 
4.193535e-01 6.474595e+02 4.390929e+02 
4.243939e-01 6.312004e+02 4.281682e+02 
4.294343e-01 6.158385e+02 4.176224e+02 
4.344747e-01 6.014396e+02 4.074387e+02 
4.395152e-01 5.879925e+02 3.976012e+02 
4.445556e-01 5.753856e+02 3.880948e+02 
4.495960e-01 5.634005e+02 3.789053e+02 
4.546364e-01 5.518274e+02 3.700192e+02 
4.596768e-01 5.404920e+02 3.614237e+02 
4.647172e-01 5.292777e+02 3.531066e+02 
4.697576e-01 5.181330e+02 3.450564e+02 
4.747980e-01 5.070491e+02 3.372621e+02 
4.798384e-01 4.960838e+02 3.297134e+02 
4.848788e-01 4.853468e+02 3.224003e+02 
4.899192e-01 4.749361e+02 3.153135e+02 
4.949596e-01 4.649211e+02 3.084439e+02 
5.000000e-01 4.553291e+02 3.017831e+02 
