1.000000e-03 4.615222e+03 4.614774e+03 
6.040404e-03 1.984488e+04 1.992727e+04 
1.108081e-02 2.665879e+04 2.653427e+04 
1.612121e-02 2.859723e+04 2.809698e+04 
2.116162e-02 2.765405e+04 2.658484e+04 
2.620202e-02 2.520247e+04 2.381465e+04 
3.124242e-02 2.224447e+04 2.104464e+04 
3.628283e-02 1.944183e+04 1.866869e+04 
4.132323e-02 1.714245e+04 1.668124e+04 
4.636364e-02 1.542703e+04 1.500168e+04 
5.140404e-02 1.426732e+04 1.356142e+04 
5.644444e-02 1.347606e+04 1.231171e+04 
6.148485e-02 1.287441e+04 1.121788e+04 
6.652525e-02 1.229229e+04 1.025428e+04 
7.156566e-02 1.162045e+04 9.401050e+03 
7.660606e-02 1.081342e+04 8.642345e+03 
8.164646e-02 9.897430e+03 7.965184e+03 
8.668687e-02 8.946958e+03 7.358774e+03 
9.172727e-02 8.047245e+03 6.814038e+03 
9.676768e-02 7.268705e+03 6.323280e+03 
1.018081e-01 6.653875e+03 5.879934e+03 
1.068485e-01 6.208934e+03 5.478369e+03 
1.118889e-01 5.906977e+03 5.113739e+03 
1.169293e-01 5.701189e+03 4.781856e+03 
1.219697e-01 5.539300e+03 4.479088e+03 
1.270101e-01 5.374283e+03 4.202274e+03 
1.320505e-01 5.171564e+03 3.948659e+03 
1.370909e-01 4.917394e+03 3.715828e+03 
1.421313e-01 4.619325e+03 3.501666e+03 
1.471717e-01 4.297929e+03 3.304308e+03 
1.522121e-01 3.978557e+03 3.122113e+03 
1.572525e-01 3.686225e+03 2.953626e+03 
1.622929e-01 3.440908e+03 2.797559e+03 
1.673333e-01 3.251168e+03 2.652768e+03 
1.723737e-01 3.112463e+03 2.518232e+03 
1.774141e-01 3.011745e+03 2.393041e+03 
1.824545e-01 2.933518e+03 2.276382e+03 
1.874949e-01 2.862720e+03 2.167525e+03 
1.925354e-01 2.785695e+03 2.065813e+03 
1.975758e-01 2.692731e+03 1.970659e+03 
2.026162e-01 2.581260e+03 1.881529e+03 
2.076566e-01 2.456097e+03 1.797944e+03 
2.126970e-01 2.325709e+03 1.719469e+03 
2.177374e-01 2.198984e+03 1.645711e+03 
2.227778e-01 2.083221e+03 1.576312e+03 
2.278182e-01 1.983667e+03 1.510946e+03 
2.328586e-01 1.902368e+03 1.449319e+03 
2.378990e-01 1.838025e+03 1.391159e+03 
2.429394e-01 1.786533e+03 1.336221e+03 
2.479798e-01 1.742538e+03 1.284278e+03 
2.530202e-01 1.700577e+03 1.235125e+03 
2.580606e-01 1.656240e+03 1.188571e+03 
2.631010e-01 1.606927e+03 1.144442e+03 
2.681414e-01 1.552276e+03 1.102579e+03 
2.731818e-01 1.493775e+03 1.062834e+03 
2.782222e-01 1.434020e+03 1.025072e+03 
2.832626e-01 1.375859e+03 9.891664e+02 
2.883030e-01 1.321777e+03 9.550020e+02 
2.933434e-01 1.273513e+03 9.224716e+02 
2.983838e-01 1.231682e+03 8.914761e+02 
3.034242e-01 1.195868e+03 8.619235e+02 
3.084646e-01 1.164749e+03 8.337286e+02 
3.135051e-01 1.136497e+03 8.068121e+02 
3.185455e-01 1.109366e+03 7.811003e+02 
3.235859e-01 1.081947e+03 7.565248e+02 
3.286263e-01 1.053442e+03 7.330217e+02 
3.336667e-01 1.023578e+03 7.105314e+02 
3.387071e-01 9.927106e+02 6.889986e+02 
3.437475e-01 9.616369e+02 6.683714e+02 
3.487879e-01 9.313750e+02 6.486012e+02 
3.538283e-01 9.027445e+02 6.296428e+02 
3.588687e-01 8.762600e+02 6.114537e+02 
3.639091e-01 8.520738e+02 5.939943e+02 
3.689495e-01 8.301031e+02 5.772271e+02 
3.739899e-01 8.100403e+02 5.611174e+02 
3.790303e-01 7.913402e+02 5.456322e+02 
3.840707e-01 7.733713e+02 5.307406e+02 
3.891111e-01 7.556213e+02 5.164138e+02 
3.941515e-01 7.378077e+02 5.026243e+02 
3.991919e-01 7.198371e+02 4.893466e+02 
4.042323e-01 7.017967e+02 4.765563e+02 
4.092727e-01 6.838591e+02 4.642307e+02 
4.143131e-01 6.663112e+02 4.523483e+02 
4.193535e-01 6.494254e+02 4.408886e+02 
4.243939e-01 6.334089e+02 4.298326e+02 
4.294343e-01 6.183288e+02 4.191621e+02 
4.344747e-01 6.041646e+02 4.088599e+02 
4.395152e-01 5.908139e+02 3.989099e+02 
4.445556e-01 5.781272e+02 3.892966e+02 
4.495960e-01 5.659176e+02 3.800055e+02 
4.546364e-01 5.539981e+02 3.710228e+02 
4.596768e-01 5.422493e+02 3.623354e+02 
4.647172e-01 5.306260e+02 3.539311e+02 
4.697576e-01 5.191283e+02 3.457979e+02 
4.747980e-01 5.077981e+02 3.379247e+02 
4.798384e-01 4.967046e+02 3.303009e+02 
4.848788e-01 4.859312e+02 3.229164e+02 
4.899192e-01 4.755566e+02 3.157616e+02 
4.949596e-01 4.656121e+02 3.088273e+02 
5.000000e-01 4.560799e+02 3.021050e+02 
