1.000000e-03 2.062074e+03 2.061885e+03 
6.040404e-03 9.154546e+03 9.200474e+03 
1.108081e-02 1.274199e+04 1.262175e+04 
1.612121e-02 1.438030e+04 1.397863e+04 
2.116162e-02 1.490715e+04 1.422510e+04 
2.620202e-02 1.480004e+04 1.391044e+04 
3.124242e-02 1.434888e+04 1.332635e+04 
3.628283e-02 1.372937e+04 1.262122e+04 
4.132323e-02 1.304396e+04 1.187395e+04 
4.636364e-02 1.233936e+04 1.112795e+04 
5.140404e-02 1.165671e+04 1.040692e+04 
5.644444e-02 1.099131e+04 9.723159e+03 
6.148485e-02 1.034822e+04 9.082288e+03 
6.652525e-02 9.743885e+03 8.485988e+03 
7.156566e-02 9.173308e+03 7.933676e+03 
7.660606e-02 8.635035e+03 7.423503e+03 
8.164646e-02 8.137256e+03 6.952967e+03 
8.668687e-02 7.682842e+03 6.519279e+03 
9.172727e-02 7.265923e+03 6.119589e+03 
9.676768e-02 6.876091e+03 5.751112e+03 
1.018081e-01 6.510921e+03 5.411199e+03 
1.068485e-01 6.171455e+03 5.097378e+03 
1.118889e-01 5.855875e+03 4.807367e+03 
1.169293e-01 5.559406e+03 4.539072e+03 
1.219697e-01 5.279446e+03 4.290586e+03 
1.270101e-01 5.016998e+03 4.060176e+03 
1.320505e-01 4.773422e+03 3.846272e+03 
1.370909e-01 4.548175e+03 3.647451e+03 
1.421313e-01 4.339019e+03 3.462426e+03 
1.471717e-01 4.143227e+03 3.290035e+03 
1.522121e-01 3.958947e+03 3.129223e+03 
1.572525e-01 3.785375e+03 2.979037e+03 
1.622929e-01 3.622506e+03 2.838616e+03 
1.673333e-01 3.469420e+03 2.707175e+03 
1.723737e-01 3.324594e+03 2.584006e+03 
1.774141e-01 3.187704e+03 2.468464e+03 
1.824545e-01 3.058830e+03 2.359963e+03 
1.874949e-01 2.937651e+03 2.257969e+03 
1.925354e-01 2.823511e+03 2.161997e+03 
1.975758e-01 2.715342e+03 2.071603e+03 
2.026162e-01 2.612699e+03 1.986382e+03 
2.076566e-01 2.515731e+03 1.905965e+03 
2.126970e-01 2.423989e+03 1.830012e+03 
2.177374e-01 2.336775e+03 1.758212e+03 
2.227778e-01 2.253784e+03 1.690282e+03 
2.278182e-01 2.174854e+03 1.625959e+03 
2.328586e-01 2.099900e+03 1.565002e+03 
2.378990e-01 2.028699e+03 1.507191e+03 
2.429394e-01 1.960859e+03 1.452320e+03 
2.479798e-01 1.896139e+03 1.400201e+03 
2.530202e-01 1.834409e+03 1.350661e+03 
2.580606e-01 1.775540e+03 1.303539e+03 
2.631010e-01 1.719377e+03 1.258685e+03 
2.681414e-01 1.665681e+03 1.215962e+03 
2.731818e-01 1.614276e+03 1.175241e+03 
2.782222e-01 1.565101e+03 1.136406e+03 
2.832626e-01 1.518064e+03 1.099344e+03 
2.883030e-01 1.473036e+03 1.063953e+03 
2.933434e-01 1.429871e+03 1.030139e+03 
2.983838e-01 1.388440e+03 9.978122e+02 
3.034242e-01 1.348697e+03 9.668896e+02 
3.084646e-01 1.310587e+03 9.372941e+02 
3.135051e-01 1.274005e+03 9.089534e+02 
3.185455e-01 1.238844e+03 8.818002e+02 
3.235859e-01 1.205011e+03 8.557712e+02 
3.286263e-01 1.172468e+03 8.308076e+02 
3.336667e-01 1.141195e+03 8.068538e+02 
3.387071e-01 1.111110e+03 7.838580e+02 
3.437475e-01 1.082121e+03 7.617716e+02 
3.487879e-01 1.054173e+03 7.405488e+02 
3.538283e-01 1.027234e+03 7.201469e+02 
3.588687e-01 1.001294e+03 7.005253e+02 
3.639091e-01 9.762898e+02 6.816461e+02 
3.689495e-01 9.521333e+02 6.634737e+02 
3.739899e-01 9.288010e+02 6.459744e+02 
3.790303e-01 9.062866e+02 6.291164e+02 
3.840707e-01 8.845595e+02 6.128698e+02 
3.891111e-01 8.635755e+02 5.972065e+02 
3.941515e-01 8.432782e+02 5.820997e+02 
3.991919e-01 8.236394e+02 5.675242e+02 
4.042323e-01 8.046540e+02 5.534563e+02 
4.092727e-01 7.863000e+02 5.398735e+02 
4.143131e-01 7.685446e+02 5.267543e+02 
4.193535e-01 7.513455e+02 5.140787e+02 
4.243939e-01 7.346746e+02 5.018276e+02 
4.294343e-01 7.185360e+02 4.899827e+02 
4.344747e-01 7.029146e+02 4.785270e+02 
4.395152e-01 6.877708e+02 4.674442e+02 
4.445556e-01 6.730794e+02 4.567186e+02 
4.495960e-01 6.588256e+02 4.463357e+02 
4.546364e-01 6.450040e+02 4.362815e+02 
4.596768e-01 6.316045e+02 4.265427e+02 
4.647172e-01 6.185982e+02 4.171067e+02 
4.697576e-01 6.059622e+02 4.079614e+02 
4.747980e-01 5.936865e+02 3.990955e+02 
4.798384e-01 5.817648e+02 3.904980e+02 
4.848788e-01 5.701905e+02 3.821585e+02 
4.899192e-01 5.589424e+02 3.740672e+02 
4.949596e-01 5.479984e+02 3.662146e+02 
5.000000e-01 5.373525e+02 3.585917e+02 
