1.000000e-03 3.630995e+03 3.630635e+03 
6.040404e-03 1.577450e+04 1.583210e+04 
1.108081e-02 2.119163e+04 2.101223e+04 
1.612121e-02 2.285498e+04 2.228607e+04 
2.116162e-02 2.239803e+04 2.141085e+04 
2.620202e-02 2.086726e+04 1.972417e+04 
3.124242e-02 1.897293e+04 1.795804e+04 
3.628283e-02 1.715534e+04 1.633004e+04 
4.132323e-02 1.562840e+04 1.486914e+04 
4.636364e-02 1.443627e+04 1.356372e+04 
5.140404e-02 1.352385e+04 1.239723e+04 
5.644444e-02 1.277791e+04 1.135417e+04 
6.148485e-02 1.207521e+04 1.042060e+04 
6.652525e-02 1.134835e+04 9.584031e+03 
7.156566e-02 1.056920e+04 8.833269e+03 
7.660606e-02 9.749249e+03 8.158372e+03 
8.164646e-02 8.935257e+03 7.550536e+03 
8.668687e-02 8.183398e+03 7.002004e+03 
9.172727e-02 7.533665e+03 6.505968e+03 
9.676768e-02 7.004153e+03 6.056457e+03 
1.018081e-01 6.590427e+03 5.648249e+03 
1.068485e-01 6.267903e+03 5.276769e+03 
1.118889e-01 5.999155e+03 4.938013e+03 
1.169293e-01 5.747246e+03 4.628473e+03 
1.219697e-01 5.485998e+03 4.345067e+03 
1.270101e-01 5.203416e+03 4.085090e+03 
1.320505e-01 4.903059e+03 3.846158e+03 
1.370909e-01 4.599594e+03 3.626169e+03 
1.421313e-01 4.309285e+03 3.423267e+03 
1.471717e-01 4.044441e+03 3.235805e+03 
1.522121e-01 3.813569e+03 3.062325e+03 
1.572525e-01 3.621053e+03 2.901530e+03 
1.622929e-01 3.464199e+03 2.752264e+03 
1.673333e-01 3.332583e+03 2.613496e+03 
1.723737e-01 3.213045e+03 2.484303e+03 
1.774141e-01 3.096404e+03 2.363858e+03 
1.824545e-01 2.977848e+03 2.251420e+03 
1.874949e-01 2.854719e+03 2.146322e+03 
1.925354e-01 2.727058e+03 2.047962e+03 
1.975758e-01 2.598780e+03 1.955798e+03 
2.026162e-01 2.475912e+03 1.869339e+03 
2.076566e-01 2.363076e+03 1.788141e+03 
2.126970e-01 2.262002e+03 1.711800e+03 
2.177374e-01 2.172561e+03 1.639951e+03 
2.227778e-01 2.093676e+03 1.572260e+03 
2.278182e-01 2.023205e+03 1.508425e+03 
2.328586e-01 1.957867e+03 1.448166e+03 
2.378990e-01 1.894708e+03 1.391233e+03 
2.429394e-01 1.831992e+03 1.337392e+03 
2.479798e-01 1.769045e+03 1.286431e+03 
2.530202e-01 1.705984e+03 1.238155e+03 
2.580606e-01 1.643689e+03 1.192386e+03 
2.631010e-01 1.583614e+03 1.148958e+03 
2.681414e-01 1.527126e+03 1.107721e+03 
2.731818e-01 1.474824e+03 1.068532e+03 
2.782222e-01 1.426589e+03 1.031265e+03 
2.832626e-01 1.382015e+03 9.957989e+02 
2.883030e-01 1.340606e+03 9.620236e+02 
2.933434e-01 1.301604e+03 9.298368e+02 
2.983838e-01 1.264091e+03 8.991437e+02 
3.034242e-01 1.227398e+03 8.698563e+02 
3.084646e-01 1.191316e+03 8.418927e+02 
3.135051e-01 1.155957e+03 8.151770e+02 
3.185455e-01 1.121514e+03 7.896383e+02 
3.235859e-01 1.088163e+03 7.652107e+02 
3.286263e-01 1.056163e+03 7.418328e+02 
3.336667e-01 1.025802e+03 7.194471e+02 
3.387071e-01 9.971712e+02 6.980001e+02 
3.437475e-01 9.701089e+02 6.774416e+02 
3.487879e-01 9.443488e+02 6.577249e+02 
3.538283e-01 9.196764e+02 6.388059e+02 
3.588687e-01 8.959424e+02 6.206437e+02 
3.639091e-01 8.729838e+02 6.031996e+02 
3.689495e-01 8.506389e+02 5.864375e+02 
3.739899e-01 8.288557e+02 5.703234e+02 
3.790303e-01 8.076975e+02 5.548254e+02 
3.840707e-01 7.872297e+02 5.399134e+02 
3.891111e-01 7.674641e+02 5.255591e+02 
3.941515e-01 7.484334e+02 5.117360e+02 
3.991919e-01 7.301723e+02 4.984191e+02 
4.042323e-01 7.126747e+02 4.855845e+02 
4.092727e-01 6.958544e+02 4.732102e+02 
4.143131e-01 6.796135e+02 4.612749e+02 
4.193535e-01 6.639161e+02 4.497588e+02 
4.243939e-01 6.487359e+02 4.386432e+02 
4.294343e-01 6.340049e+02 4.279102e+02 
4.344747e-01 6.196754e+02 4.175430e+02 
4.395152e-01 6.057419e+02 4.075257e+02 
4.445556e-01 5.922443e+02 3.978432e+02 
4.495960e-01 5.791731e+02 3.884812e+02 
4.546364e-01 5.665080e+02 3.794262e+02 
4.596768e-01 5.542357e+02 3.706653e+02 
4.647172e-01 5.423665e+02 3.621863e+02 
4.697576e-01 5.309029e+02 3.539776e+02 
4.747980e-01 5.197957e+02 3.460281e+02 
4.798384e-01 5.089976e+02 3.383275e+02 
4.848788e-01 4.985131e+02 3.308658e+02 
4.899192e-01 4.883395e+02 3.236334e+02 
4.949596e-01 4.784493e+02 3.166215e+02 
5.000000e-01 4.688229e+02 3.098213e+02 
