1.000000e-03 2.569785e+03 2.569548e+03 
6.040404e-03 1.141753e+04 1.146031e+04 
1.108081e-02 1.574589e+04 1.559735e+04 
1.612121e-02 1.746869e+04 1.700761e+04 
2.116162e-02 1.767020e+04 1.689602e+04 
2.620202e-02 1.703889e+04 1.610991e+04 
3.124242e-02 1.603825e+04 1.511044e+04 
3.628283e-02 1.496163e+04 1.407524e+04 
4.132323e-02 1.396515e+04 1.306832e+04 
4.636364e-02 1.309502e+04 1.211541e+04 
5.140404e-02 1.235171e+04 1.122709e+04 
5.644444e-02 1.167299e+04 1.040648e+04 
6.148485e-02 1.102062e+04 9.652632e+03 
6.652525e-02 1.036852e+04 8.962428e+03 
7.156566e-02 9.701886e+03 8.331628e+03 
7.660606e-02 9.035465e+03 7.755553e+03 
8.164646e-02 8.402768e+03 7.229470e+03 
8.668687e-02 7.831858e+03 6.748809e+03 
9.172727e-02 7.331809e+03 6.309279e+03 
9.676768e-02 6.901046e+03 5.906928e+03 
1.018081e-01 6.534323e+03 5.538151e+03 
1.068485e-01 6.218160e+03 5.199687e+03 
1.118889e-01 5.930274e+03 4.888603e+03 
1.169293e-01 5.649750e+03 4.602263e+03 
1.219697e-01 5.367137e+03 4.338310e+03 
1.270101e-01 5.083991e+03 4.094631e+03 
1.320505e-01 4.807099e+03 3.869337e+03 
1.370909e-01 4.544003e+03 3.660739e+03 
1.421313e-01 4.301199e+03 3.467323e+03 
1.471717e-01 4.082255e+03 3.287732e+03 
1.522121e-01 3.887803e+03 3.120749e+03 
1.572525e-01 3.716107e+03 2.965281e+03 
1.622929e-01 3.562846e+03 2.820346e+03 
1.673333e-01 3.421700e+03 2.685059e+03 
1.723737e-01 3.286558e+03 2.558621e+03 
1.774141e-01 3.154072e+03 2.440313e+03 
1.824545e-01 3.023876e+03 2.329483e+03 
1.874949e-01 2.896698e+03 2.225540e+03 
1.925354e-01 2.773612e+03 2.127950e+03 
1.975758e-01 2.656430e+03 2.036227e+03 
2.026162e-01 2.547335e+03 1.949929e+03 
2.076566e-01 2.447317e+03 1.868653e+03 
2.126970e-01 2.355579e+03 1.792033e+03 
2.177374e-01 2.270598e+03 1.719733e+03 
2.227778e-01 2.191085e+03 1.651448e+03 
2.278182e-01 2.115884e+03 1.586897e+03 
2.328586e-01 2.043754e+03 1.525822e+03 
2.378990e-01 1.973755e+03 1.467988e+03 
2.429394e-01 1.905795e+03 1.413177e+03 
2.479798e-01 1.840203e+03 1.361191e+03 
2.530202e-01 1.777300e+03 1.311846e+03 
2.580606e-01 1.717253e+03 1.264971e+03 
2.631010e-01 1.660281e+03 1.220412e+03 
2.681414e-01 1.606640e+03 1.178023e+03 
2.731818e-01 1.556205e+03 1.137670e+03 
2.782222e-01 1.508469e+03 1.099230e+03 
2.832626e-01 1.462904e+03 1.062587e+03 
2.883030e-01 1.419186e+03 1.027636e+03 
2.933434e-01 1.377166e+03 9.942779e+02 
2.983838e-01 1.336708e+03 9.624198e+02 
3.034242e-01 1.297646e+03 9.319765e+02 
3.084646e-01 1.259933e+03 9.028683e+02 
3.135051e-01 1.223639e+03 8.750209e+02 
3.185455e-01 1.188863e+03 8.483649e+02 
3.235859e-01 1.155614e+03 8.228357e+02 
3.286263e-01 1.123802e+03 7.983728e+02 
3.336667e-01 1.093303e+03 7.749194e+02 
3.387071e-01 1.064032e+03 7.524228e+02 
3.437475e-01 1.035938e+03 7.308332e+02 
3.487879e-01 1.008915e+03 7.101041e+02 
3.538283e-01 9.828314e+02 6.901920e+02 
3.588687e-01 9.575925e+02 6.710558e+02 
3.639091e-01 9.331903e+02 6.526571e+02 
3.689495e-01 9.096673e+02 6.349597e+02 
3.739899e-01 8.870035e+02 6.179295e+02 
3.790303e-01 8.651304e+02 6.015345e+02 
3.840707e-01 8.440022e+02 5.857446e+02 
3.891111e-01 8.236190e+02 5.705313e+02 
3.941515e-01 8.039801e+02 5.558677e+02 
3.991919e-01 7.850355e+02 5.417285e+02 
4.042323e-01 7.667075e+02 5.280899e+02 
4.092727e-01 7.489633e+02 5.149292e+02 
4.143131e-01 7.317916e+02 5.022250e+02 
4.193535e-01 7.151793e+02 4.899573e+02 
4.243939e-01 6.990959e+02 4.781067e+02 
4.294343e-01 6.835046e+02 4.666554e+02 
4.344747e-01 6.683897e+02 4.555860e+02 
4.395152e-01 6.537560e+02 4.448823e+02 
4.445556e-01 6.395944e+02 4.345289e+02 
4.495960e-01 6.258733e+02 4.245112e+02 
4.546364e-01 6.125623e+02 4.148153e+02 
4.596768e-01 5.996445e+02 4.054279e+02 
4.647172e-01 5.871125e+02 3.963365e+02 
4.697576e-01 5.749606e+02 3.875293e+02 
4.747980e-01 5.631711e+02 3.789948e+02 
4.798384e-01 5.517032e+02 3.707223e+02 
4.848788e-01 5.405564e+02 3.627015e+02 
4.899192e-01 5.297376e+02 3.549226e+02 
4.949596e-01 5.192306e+02 3.473762e+02 
5.000000e-01 5.090176e+02 3.400536e+02 
