1.000000e-03 7.329009e+03 7.328325e+03 
6.040404e-03 3.191187e+04 3.207507e+04 
1.108081e-02 4.290434e+04 4.293973e+04 
1.612121e-02 4.561427e+04 4.539240e+04 
2.116162e-02 4.317322e+04 4.203540e+04 
2.620202e-02 3.790551e+04 3.571880e+04 
3.124242e-02 3.165277e+04 2.936289e+04 
3.628283e-02 2.572116e+04 2.426923e+04 
4.132323e-02 2.084504e+04 2.045037e+04 
4.636364e-02 1.724565e+04 1.756946e+04 
5.140404e-02 1.489921e+04 1.533120e+04 
5.644444e-02 1.353846e+04 1.353759e+04 
6.148485e-02 1.285762e+04 1.206287e+04 
6.652525e-02 1.254628e+04 1.082598e+04 
7.156566e-02 1.233957e+04 9.772761e+03 
7.660606e-02 1.201241e+04 8.865395e+03 
8.164646e-02 1.141713e+04 8.076441e+03 
8.668687e-02 1.052259e+04 7.385280e+03 
9.172727e-02 9.406099e+03 6.775980e+03 
9.676768e-02 8.206219e+03 6.235946e+03 
1.018081e-01 7.068191e+03 5.755045e+03 
1.068485e-01 6.104767e+03 5.324999e+03 
1.118889e-01 5.376931e+03 4.938968e+03 
1.169293e-01 4.895238e+03 4.591242e+03 
1.219697e-01 4.632249e+03 4.277017e+03 
1.270101e-01 4.536468e+03 3.992222e+03 
1.320505e-01 4.542586e+03 3.733381e+03 
1.370909e-01 4.580684e+03 3.497517e+03 
1.421313e-01 4.587002e+03 3.282063e+03 
1.471717e-01 4.513956e+03 3.084796e+03 
1.522121e-01 4.336637e+03 2.903785e+03 
1.572525e-01 4.057825e+03 2.737344e+03 
1.622929e-01 3.707618e+03 2.583996e+03 
1.673333e-01 3.333707e+03 2.442446e+03 
1.723737e-01 2.982776e+03 2.311549e+03 
1.774141e-01 2.687527e+03 2.190296e+03 
1.824545e-01 2.464187e+03 2.077791e+03 
1.874949e-01 2.316486e+03 1.973239e+03 
1.925354e-01 2.238348e+03 1.875929e+03 
1.975758e-01 2.214582e+03 1.785230e+03 
2.026162e-01 2.222884e+03 1.700574e+03 
2.076566e-01 2.238691e+03 1.621453e+03 
2.126970e-01 2.240297e+03 1.547409e+03 
2.177374e-01 2.212065e+03 1.478030e+03 
2.227778e-01 2.145984e+03 1.412945e+03 
2.278182e-01 2.043063e+03 1.351818e+03 
2.328586e-01 1.913122e+03 1.294344e+03 
2.378990e-01 1.771511e+03 1.240247e+03 
2.429394e-01 1.634054e+03 1.189275e+03 
2.479798e-01 1.513354e+03 1.141199e+03 
2.530202e-01 1.417440e+03 1.095812e+03 
2.580606e-01 1.349584e+03 1.052922e+03 
2.631010e-01 1.308447e+03 1.012356e+03 
2.681414e-01 1.288678e+03 9.739527e+02 
2.731818e-01 1.282394e+03 9.375668e+02 
2.782222e-01 1.280978e+03 9.030636e+02 
2.832626e-01 1.276430e+03 8.703192e+02 
2.883030e-01 1.262307e+03 8.392200e+02 
2.933434e-01 1.234601e+03 8.096608e+02 
2.983838e-01 1.192639e+03 7.815449e+02 
3.034242e-01 1.139246e+03 7.547825e+02 
3.084646e-01 1.079534e+03 7.292908e+02 
3.135051e-01 1.019225e+03 7.049932e+02 
3.185455e-01 9.633862e+02 6.818185e+02 
3.235859e-01 9.157367e+02 6.597006e+02 
3.286263e-01 8.784120e+02 6.385783e+02 
3.336667e-01 8.517630e+02 6.183945e+02 
3.387071e-01 8.343930e+02 5.990961e+02 
3.437475e-01 8.236609e+02 5.806337e+02 
3.487879e-01 8.163321e+02 5.629611e+02 
3.538283e-01 8.092236e+02 5.460354e+02 
3.588687e-01 7.995960e+02 5.298162e+02 
3.639091e-01 7.855419e+02 5.142661e+02 
3.689495e-01 7.662825e+02 4.993499e+02 
3.739899e-01 7.422805e+02 4.850345e+02 
3.790303e-01 7.149839e+02 4.712892e+02 
3.840707e-01 6.863516e+02 4.580851e+02 
3.891111e-01 6.584196e+02 4.453949e+02 
3.941515e-01 6.329470e+02 4.331931e+02 
3.991919e-01 6.111620e+02 4.214558e+02 
4.042323e-01 5.935796e+02 4.101605e+02 
4.092727e-01 5.800012e+02 3.992858e+02 
4.143131e-01 5.696689e+02 3.888118e+02 
4.193535e-01 5.614859e+02 3.787197e+02 
4.243939e-01 5.542674e+02 3.689916e+02 
4.294343e-01 5.468267e+02 3.596109e+02 
4.344747e-01 5.381882e+02 3.505617e+02 
4.395152e-01 5.277692e+02 3.418290e+02 
4.445556e-01 5.155090e+02 3.333987e+02 
4.495960e-01 5.017473e+02 3.252575e+02 
4.546364e-01 4.870717e+02 3.173926e+02 
4.596768e-01 4.722104e+02 3.097921e+02 
4.647172e-01 4.579025e+02 3.024447e+02 
4.697576e-01 4.447953e+02 2.953395e+02 
4.747980e-01 4.332816e+02 2.884664e+02 
4.798384e-01 4.234511e+02 2.818157e+02 
4.848788e-01 4.151510e+02 2.753782e+02 
4.899192e-01 4.080623e+02 2.691452e+02 
4.949596e-01 4.017615e+02 2.631083e+02 
5.000000e-01 3.957695e+02 2.572598e+02 
