1.000000e-03 4.052728e+03 4.052349e+03 
6.040404e-03 1.763454e+04 1.770772e+04 
1.108081e-02 2.386580e+04 2.373877e+04 
1.612121e-02 2.580783e+04 2.532391e+04 
2.116162e-02 2.520723e+04 2.422916e+04 
2.620202e-02 2.325774e+04 2.202147e+04 
3.124242e-02 2.082396e+04 1.974275e+04 
3.628283e-02 1.847668e+04 1.772714e+04 
4.132323e-02 1.651956e+04 1.599243e+04 
4.636364e-02 1.503069e+04 1.449176e+04 
5.140404e-02 1.398360e+04 1.318124e+04 
5.644444e-02 1.322799e+04 1.202798e+04 
6.148485e-02 1.261286e+04 1.100734e+04 
6.652525e-02 1.200093e+04 1.010016e+04 
7.156566e-02 1.130795e+04 9.290977e+03 
7.660606e-02 1.050780e+04 8.566957e+03 
8.164646e-02 9.634452e+03 7.917293e+03 
8.668687e-02 8.755858e+03 7.332782e+03 
9.172727e-02 7.941466e+03 6.805536e+03 
9.676768e-02 7.244680e+03 6.328764e+03 
1.018081e-01 6.695400e+03 5.896598e+03 
1.068485e-01 6.293026e+03 5.503955e+03 
1.118889e-01 6.007415e+03 5.146418e+03 
1.169293e-01 5.793132e+03 4.820141e+03 
1.219697e-01 5.604750e+03 4.521764e+03 
1.270101e-01 5.405020e+03 4.248350e+03 
1.320505e-01 5.170463e+03 3.997320e+03 
1.370909e-01 4.895769e+03 3.766406e+03 
1.421313e-01 4.592591e+03 3.553610e+03 
1.471717e-01 4.281623e+03 3.357168e+03 
1.522121e-01 3.984679e+03 3.175516e+03 
1.572525e-01 3.720554e+03 3.007267e+03 
1.622929e-01 3.501863e+03 2.851188e+03 
1.673333e-01 3.331925e+03 2.706179e+03 
1.723737e-01 3.203583e+03 2.571260e+03 
1.774141e-01 3.102864e+03 2.445551e+03 
1.824545e-01 3.015399e+03 2.328264e+03 
1.874949e-01 2.928995e+03 2.218692e+03 
1.925354e-01 2.834215e+03 2.116199e+03 
1.975758e-01 2.725930e+03 2.020209e+03 
2.026162e-01 2.604982e+03 1.930204e+03 
2.076566e-01 2.477213e+03 1.845714e+03 
2.126970e-01 2.350648e+03 1.766314e+03 
2.177374e-01 2.232390e+03 1.691618e+03 
2.227778e-01 2.127254e+03 1.621274e+03 
2.278182e-01 2.037662e+03 1.554963e+03 
2.328586e-01 1.963439e+03 1.492392e+03 
2.378990e-01 1.901950e+03 1.433296e+03 
2.429394e-01 1.849015e+03 1.377430e+03 
2.479798e-01 1.800010e+03 1.324571e+03 
2.530202e-01 1.750737e+03 1.274515e+03 
2.580606e-01 1.698473e+03 1.227073e+03 
2.631010e-01 1.642370e+03 1.182074e+03 
2.681414e-01 1.583351e+03 1.139356e+03 
2.731818e-01 1.523412e+03 1.098775e+03 
2.782222e-01 1.464805e+03 1.060194e+03 
2.832626e-01 1.409556e+03 1.023489e+03 
2.883030e-01 1.359230e+03 9.885438e+02 
2.933434e-01 1.314520e+03 9.552513e+02 
2.983838e-01 1.275131e+03 9.235126e+02 
3.034242e-01 1.240053e+03 8.932355e+02 
3.084646e-01 1.207917e+03 8.643345e+02 
3.135051e-01 1.177291e+03 8.367302e+02 
3.185455e-01 1.146942e+03 8.103487e+02 
3.235859e-01 1.116127e+03 7.851211e+02 
3.286263e-01 1.084598e+03 7.609834e+02 
3.336667e-01 1.052626e+03 7.378755e+02 
3.387071e-01 1.020814e+03 7.157417e+02 
3.437475e-01 9.898381e+02 6.945297e+02 
3.487879e-01 9.603588e+02 6.741907e+02 
3.538283e-01 9.328289e+02 6.546788e+02 
3.588687e-01 9.073891e+02 6.359514e+02 
3.639091e-01 8.839017e+02 6.179682e+02 
3.689495e-01 8.620381e+02 6.006916e+02 
3.739899e-01 8.413881e+02 5.840862e+02 
3.790303e-01 8.215485e+02 5.681188e+02 
3.840707e-01 8.021503e+02 5.527582e+02 
3.891111e-01 7.829025e+02 5.379750e+02 
3.941515e-01 7.637056e+02 5.237414e+02 
3.991919e-01 7.446628e+02 5.100315e+02 
4.042323e-01 7.259475e+02 4.968207e+02 
4.092727e-01 7.077661e+02 4.840859e+02 
4.143131e-01 6.902619e+02 4.718050e+02 
4.193535e-01 6.735485e+02 4.599576e+02 
4.243939e-01 6.576865e+02 4.485240e+02 
4.294343e-01 6.426776e+02 4.374859e+02 
4.344747e-01 6.283979e+02 4.268257e+02 
4.395152e-01 6.146918e+02 4.165270e+02 
4.445556e-01 6.014263e+02 4.065742e+02 
4.495960e-01 5.885060e+02 3.969523e+02 
4.546364e-01 5.758630e+02 3.876473e+02 
4.596768e-01 5.634412e+02 3.786459e+02 
4.647172e-01 5.512247e+02 3.699355e+02 
4.697576e-01 5.392597e+02 3.615040e+02 
4.747980e-01 5.276220e+02 3.533401e+02 
4.798384e-01 5.163581e+02 3.454328e+02 
4.848788e-01 5.054754e+02 3.377719e+02 
4.899192e-01 4.949927e+02 3.303476e+02 
4.949596e-01 4.849015e+02 3.231505e+02 
5.000000e-01 4.751867e+02 3.161717e+02 
