1.000000e-03 7.131055e+03 7.130384e+03 
6.040404e-03 3.236892e+04 3.253274e+04 
1.108081e-02 4.421052e+04 4.427384e+04 
1.612121e-02 4.742141e+04 4.726707e+04 
2.116162e-02 4.507895e+04 4.395358e+04 
2.620202e-02 3.959767e+04 3.725599e+04 
3.124242e-02 3.295710e+04 3.039792e+04 
3.628283e-02 2.659588e+04 2.490409e+04 
4.132323e-02 2.134030e+04 2.082569e+04 
4.636364e-02 1.745991e+04 1.778907e+04 
5.140404e-02 1.493029e+04 1.545928e+04 
5.644444e-02 1.347553e+04 1.361178e+04 
6.148485e-02 1.277624e+04 1.210503e+04 
6.652525e-02 1.250775e+04 1.084901e+04 
7.156566e-02 1.237909e+04 9.784331e+03 
7.660606e-02 1.214158e+04 8.870186e+03 
8.164646e-02 1.162432e+04 8.077330e+03 
8.668687e-02 1.077519e+04 7.384055e+03 
9.172727e-02 9.659821e+03 6.773756e+03 
9.676768e-02 8.419420e+03 6.233418e+03 
1.018081e-01 7.214830e+03 5.752639e+03 
1.068485e-01 6.178797e+03 5.322969e+03 
1.118889e-01 5.385723e+03 4.937458e+03 
1.169293e-01 4.853592e+03 4.590324e+03 
1.219697e-01 4.559168e+03 4.276718e+03 
1.270101e-01 4.453965e+03 3.992536e+03 
1.320505e-01 4.472968e+03 3.734288e+03 
1.370909e-01 4.542793e+03 3.498985e+03 
1.421313e-01 4.592310e+03 3.284053e+03 
1.471717e-01 4.564395e+03 3.087267e+03 
1.522121e-01 4.424549e+03 2.906695e+03 
1.572525e-01 4.167612e+03 2.740652e+03 
1.622929e-01 3.820019e+03 2.587663e+03 
1.673333e-01 3.430850e+03 2.446434e+03 
1.723737e-01 3.052852e+03 2.315823e+03 
1.774141e-01 2.726180e+03 2.194824e+03 
1.824545e-01 2.473250e+03 2.082543e+03 
1.874949e-01 2.301846e+03 1.978187e+03 
1.925354e-01 2.208415e+03 1.881049e+03 
1.975758e-01 2.179424e+03 1.790497e+03 
2.026162e-01 2.193034e+03 1.705968e+03 
2.076566e-01 2.223161e+03 1.626955e+03 
2.126970e-01 2.244809e+03 1.553001e+03 
2.177374e-01 2.238021e+03 1.483698e+03 
2.227778e-01 2.190457e+03 1.418673e+03 
2.278182e-01 2.099507e+03 1.357594e+03 
2.328586e-01 1.972892e+03 1.300156e+03 
2.378990e-01 1.826095e+03 1.246084e+03 
2.429394e-01 1.677225e+03 1.195129e+03 
2.479798e-01 1.542045e+03 1.147061e+03 
2.530202e-01 1.431485e+03 1.101674e+03 
2.580606e-01 1.351025e+03 1.058777e+03 
2.631010e-01 1.301006e+03 1.018198e+03 
2.681414e-01 1.277180e+03 9.797761e+02 
2.731818e-01 1.272007e+03 9.433668e+02 
2.782222e-01 1.276218e+03 9.088358e+02 
2.832626e-01 1.280409e+03 8.760599e+02 
2.883030e-01 1.276297e+03 8.449256e+02 
2.933434e-01 1.257949e+03 8.153283e+02 
2.983838e-01 1.222883e+03 7.871714e+02 
3.034242e-01 1.172646e+03 7.603658e+02 
3.084646e-01 1.112032e+03 7.348289e+02 
3.135051e-01 1.047507e+03 7.104842e+02 
3.185455e-01 9.853146e+02 6.872608e+02 
3.235859e-01 9.305627e+02 6.650929e+02 
3.286263e-01 8.865411e+02 6.439195e+02 
3.336667e-01 8.546074e+02 6.236836e+02 
3.387071e-01 8.341186e+02 6.043323e+02 
3.437475e-01 8.227618e+02 5.858163e+02 
3.487879e-01 8.171166e+02 5.680897e+02 
3.538283e-01 8.134242e+02 5.511096e+02 
3.588687e-01 8.082082e+02 5.348357e+02 
3.639091e-01 7.987278e+02 5.192307e+02 
3.689495e-01 7.833196e+02 5.042595e+02 
3.739899e-01 7.616775e+02 4.898892e+02 
3.790303e-01 7.349169e+02 4.760890e+02 
3.840707e-01 7.051255e+02 4.628301e+02 
3.891111e-01 6.747610e+02 4.500853e+02 
3.941515e-01 6.461005e+02 4.378292e+02 
3.991919e-01 6.209417e+02 4.260379e+02 
4.042323e-01 6.003599e+02 4.146889e+02 
4.092727e-01 5.846384e+02 4.037608e+02 
4.143131e-01 5.732829e+02 3.932339e+02 
4.193535e-01 5.652138e+02 3.830893e+02 
4.243939e-01 5.590311e+02 3.733093e+02 
4.294343e-01 5.533093e+02 3.638770e+02 
4.344747e-01 5.467421e+02 3.547767e+02 
4.395152e-01 5.383207e+02 3.459935e+02 
4.445556e-01 5.275370e+02 3.375133e+02 
4.495960e-01 5.145034e+02 3.293226e+02 
4.546364e-01 4.997867e+02 3.214088e+02 
4.596768e-01 4.841926e+02 3.137601e+02 
4.647172e-01 4.686253e+02 3.063649e+02 
4.697576e-01 4.539447e+02 2.992126e+02 
4.747980e-01 4.408460e+02 2.922929e+02 
4.798384e-01 4.297092e+02 2.855963e+02 
4.848788e-01 4.205468e+02 2.791134e+02 
4.899192e-01 4.130873e+02 2.728355e+02 
4.949596e-01 4.068870e+02 2.667545e+02 
5.000000e-01 4.014148e+02 2.608623e+02 
