1.000000e-03 6.913354e+03 6.912730e+03 
6.040404e-03 3.125671e+04 3.142052e+04 
1.108081e-02 4.296045e+04 4.302943e+04 
1.612121e-02 4.647153e+04 4.636284e+04 
2.116162e-02 4.462384e+04 4.364888e+04 
2.620202e-02 3.963909e+04 3.743514e+04 
3.124242e-02 3.336092e+04 3.075557e+04 
3.628283e-02 2.717251e+04 2.525486e+04 
4.132323e-02 2.191540e+04 2.112083e+04 
4.636364e-02 1.791501e+04 1.803335e+04 
5.140404e-02 1.519846e+04 1.566698e+04 
5.644444e-02 1.355241e+04 1.379449e+04 
6.148485e-02 1.268989e+04 1.227038e+04 
6.652525e-02 1.232106e+04 1.100165e+04 
7.156566e-02 1.216448e+04 9.927052e+03 
7.660606e-02 1.197930e+04 9.004678e+03 
8.164646e-02 1.158340e+04 8.204651e+03 
8.668687e-02 1.089115e+04 7.504904e+03 
9.172727e-02 9.921564e+03 6.888629e+03 
9.676768e-02 8.776594e+03 6.342698e+03 
1.018081e-01 7.598082e+03 5.856642e+03 
1.068485e-01 6.522930e+03 5.421977e+03 
1.118889e-01 5.646119e+03 5.031728e+03 
1.169293e-01 5.008296e+03 4.680099e+03 
1.219697e-01 4.605030e+03 4.362227e+03 
1.270101e-01 4.403538e+03 4.074002e+03 
1.320505e-01 4.353963e+03 3.811923e+03 
1.370909e-01 4.394424e+03 3.572990e+03 
1.421313e-01 4.457759e+03 3.354623e+03 
1.471717e-01 4.482364e+03 3.154587e+03 
1.522121e-01 4.422425e+03 2.970941e+03 
1.572525e-01 4.255337e+03 2.801991e+03 
1.622929e-01 3.985048e+03 2.646253e+03 
1.673333e-01 3.641369e+03 2.502424e+03 
1.723737e-01 3.270287e+03 2.369355e+03 
1.774141e-01 2.918023e+03 2.246031e+03 
1.824545e-01 2.618350e+03 2.131550e+03 
1.874949e-01 2.389148e+03 2.025112e+03 
1.925354e-01 2.235468e+03 1.926004e+03 
1.975758e-01 2.152725e+03 1.833587e+03 
2.026162e-01 2.127974e+03 1.747291e+03 
2.076566e-01 2.141342e+03 1.666602e+03 
2.126970e-01 2.169289e+03 1.591061e+03 
2.177374e-01 2.188994e+03 1.520251e+03 
2.227778e-01 2.182225e+03 1.453798e+03 
2.278182e-01 2.137861e+03 1.391361e+03 
2.328586e-01 2.053410e+03 1.332634e+03 
2.378990e-01 1.935324e+03 1.277338e+03 
2.429394e-01 1.796982e+03 1.225217e+03 
2.479798e-01 1.654619e+03 1.176042e+03 
2.530202e-01 1.523119e+03 1.129600e+03 
2.580606e-01 1.413310e+03 1.085699e+03 
2.631010e-01 1.331002e+03 1.044163e+03 
2.681414e-01 1.277183e+03 1.004829e+03 
2.731818e-01 1.248813e+03 9.675502e+02 
2.782222e-01 1.239793e+03 9.321894e+02 
2.832626e-01 1.242102e+03 8.986212e+02 
2.883030e-01 1.247030e+03 8.667303e+02 
2.933434e-01 1.246443e+03 8.364100e+02 
2.983838e-01 1.234063e+03 8.075620e+02 
3.034242e-01 1.206573e+03 7.800954e+02 
3.084646e-01 1.164075e+03 7.539259e+02 
3.135051e-01 1.109820e+03 7.289757e+02 
3.185455e-01 1.049090e+03 7.051723e+02 
3.235859e-01 9.879106e+02 6.824488e+02 
3.286263e-01 9.316383e+02 6.607427e+02 
3.336667e-01 8.841430e+02 6.399959e+02 
3.387071e-01 8.475060e+02 6.201546e+02 
3.437475e-01 8.220274e+02 6.011682e+02 
3.487879e-01 8.064639e+02 5.829899e+02 
3.538283e-01 7.982777e+02 5.655759e+02 
3.588687e-01 7.941701e+02 5.488851e+02 
3.639091e-01 7.906505e+02 5.328793e+02 
3.689495e-01 7.846520e+02 5.175226e+02 
3.739899e-01 7.740081e+02 5.027815e+02 
3.790303e-01 7.576302e+02 4.886244e+02 
3.840707e-01 7.355985e+02 4.750218e+02 
3.891111e-01 7.091291e+02 4.619461e+02 
3.941515e-01 6.802619e+02 4.493711e+02 
3.991919e-01 6.513126e+02 4.372725e+02 
4.042323e-01 6.243612e+02 4.256271e+02 
4.092727e-01 6.009396e+02 4.144133e+02 
4.143131e-01 5.818758e+02 4.036106e+02 
4.193535e-01 5.673224e+02 3.931999e+02 
4.243939e-01 5.568179e+02 3.831629e+02 
4.294343e-01 5.493686e+02 3.734825e+02 
4.344747e-01 5.436665e+02 3.641426e+02 
4.395152e-01 5.383329e+02 3.551278e+02 
4.445556e-01 5.321497e+02 3.464236e+02 
4.495960e-01 5.242391e+02 3.380165e+02 
4.546364e-01 5.141396e+02 3.298934e+02 
4.596768e-01 5.018827e+02 3.220420e+02 
4.647172e-01 4.879184e+02 3.144508e+02 
4.697576e-01 4.729992e+02 3.071088e+02 
4.747980e-01 4.580105e+02 3.000054e+02 
4.798384e-01 4.437667e+02 2.931308e+02 
4.848788e-01 4.309137e+02 2.864755e+02 
4.899192e-01 4.198447e+02 2.800306e+02 
4.949596e-01 4.106591e+02 2.737876e+02 
5.000000e-01 4.032037e+02 2.677384e+02 
