1.000000e-03 2.479103e+03 2.478864e+03 
6.040404e-03 1.099049e+04 1.103213e+04 
1.108081e-02 1.509441e+04 1.492126e+04 
1.612121e-02 1.676721e+04 1.625734e+04 
2.116162e-02 1.707901e+04 1.625742e+04 
2.620202e-02 1.665459e+04 1.564869e+04 
3.124242e-02 1.588076e+04 1.479610e+04 
3.628283e-02 1.498867e+04 1.386150e+04 
4.132323e-02 1.409894e+04 1.292101e+04 
4.636364e-02 1.324871e+04 1.201273e+04 
5.140404e-02 1.247000e+04 1.115534e+04 
5.644444e-02 1.171485e+04 1.035687e+04 
6.148485e-02 1.099296e+04 9.619307e+03 
6.652525e-02 1.029861e+04 8.941336e+03 
7.156566e-02 9.633659e+03 8.319883e+03 
7.660606e-02 9.011669e+03 7.751038e+03 
8.164646e-02 8.446797e+03 7.230594e+03 
8.668687e-02 7.940514e+03 6.754357e+03 
9.172727e-02 7.483818e+03 6.318308e+03 
9.676768e-02 7.069185e+03 5.918695e+03 
1.018081e-01 6.691938e+03 5.552066e+03 
1.068485e-01 6.343034e+03 5.215279e+03 
1.118889e-01 6.011110e+03 4.905490e+03 
1.169293e-01 5.691603e+03 4.620138e+03 
1.219697e-01 5.387561e+03 4.356921e+03 
1.270101e-01 5.103075e+03 4.113773e+03 
1.320505e-01 4.840370e+03 3.888844e+03 
1.370909e-01 4.599511e+03 3.680473e+03 
1.421313e-01 4.378995e+03 3.487171e+03 
1.471717e-01 4.176016e+03 3.307601e+03 
1.522121e-01 3.987537e+03 3.140565e+03 
1.572525e-01 3.811305e+03 2.984983e+03 
1.622929e-01 3.645216e+03 2.839883e+03 
1.673333e-01 3.487503e+03 2.704390e+03 
1.723737e-01 3.337251e+03 2.577715e+03 
1.774141e-01 3.194966e+03 2.459143e+03 
1.824545e-01 3.060942e+03 2.348029e+03 
1.874949e-01 2.935027e+03 2.243787e+03 
1.925354e-01 2.816837e+03 2.145886e+03 
1.975758e-01 2.706181e+03 2.053843e+03 
2.026162e-01 2.602334e+03 1.967219e+03 
2.076566e-01 2.504241e+03 1.885615e+03 
2.126970e-01 2.411131e+03 1.808664e+03 
2.177374e-01 2.322650e+03 1.736035e+03 
2.227778e-01 2.238507e+03 1.667420e+03 
2.278182e-01 2.158359e+03 1.602542e+03 
2.328586e-01 2.081993e+03 1.541144e+03 
2.378990e-01 2.009489e+03 1.482991e+03 
2.429394e-01 1.940801e+03 1.427866e+03 
2.479798e-01 1.875486e+03 1.375570e+03 
2.530202e-01 1.813181e+03 1.325921e+03 
2.580606e-01 1.753805e+03 1.278748e+03 
2.631010e-01 1.697349e+03 1.233896e+03 
2.681414e-01 1.643502e+03 1.191220e+03 
2.731818e-01 1.591927e+03 1.150587e+03 
2.782222e-01 1.542479e+03 1.111873e+03 
2.832626e-01 1.495208e+03 1.074963e+03 
2.883030e-01 1.450056e+03 1.039751e+03 
2.933434e-01 1.406834e+03 1.006137e+03 
2.983838e-01 1.365362e+03 9.740298e+02 
3.034242e-01 1.325600e+03 9.433435e+02 
3.084646e-01 1.287532e+03 9.139984e+02 
3.135051e-01 1.251054e+03 8.859200e+02 
3.185455e-01 1.216000e+03 8.590388e+02 
3.235859e-01 1.182271e+03 8.332901e+02 
3.286263e-01 1.149859e+03 8.086132e+02 
3.336667e-01 1.118741e+03 7.849514e+02 
3.387071e-01 1.088819e+03 7.622517e+02 
3.437475e-01 1.059986e+03 7.404642e+02 
3.487879e-01 1.032203e+03 7.195423e+02 
3.538283e-01 1.005468e+03 6.994423e+02 
3.588687e-01 9.797447e+02 6.801231e+02 
3.639091e-01 9.549403e+02 6.615460e+02 
3.689495e-01 9.309927e+02 6.436748e+02 
3.739899e-01 9.078890e+02 6.264753e+02 
3.790303e-01 8.856155e+02 6.099153e+02 
3.840707e-01 8.641213e+02 5.939646e+02 
3.891111e-01 8.433475e+02 5.785946e+02 
3.941515e-01 8.232610e+02 5.637783e+02 
3.991919e-01 8.038619e+02 5.494902e+02 
4.042323e-01 7.851261e+02 5.357065e+02 
4.092727e-01 7.670052e+02 5.224043e+02 
4.143131e-01 7.494585e+02 5.095622e+02 
4.193535e-01 7.324747e+02 4.971599e+02 
4.243939e-01 7.160479e+02 4.851782e+02 
4.294343e-01 7.001556e+02 4.735989e+02 
4.344747e-01 6.847491e+02 4.624047e+02 
4.395152e-01 6.698092e+02 4.515792e+02 
4.445556e-01 6.553353e+02 4.411071e+02 
4.495960e-01 6.413181e+02 4.309735e+02 
4.546364e-01 6.277247e+02 4.211644e+02 
4.596768e-01 6.145264e+02 4.116666e+02 
4.647172e-01 6.017131e+02 4.024675e+02 
4.697576e-01 5.892903e+02 3.935550e+02 
4.747980e-01 5.772367e+02 3.849178e+02 
4.798384e-01 5.655247e+02 3.765450e+02 
4.848788e-01 5.541397e+02 3.684262e+02 
4.899192e-01 5.430788e+02 3.605515e+02 
4.949596e-01 5.323380e+02 3.529117e+02 
5.000000e-01 5.219023e+02 3.454977e+02 
