1.000000e-03 3.571713e+03 3.571391e+03 
6.040404e-03 1.595488e+04 1.602537e+04 
1.108081e-02 2.196013e+04 2.186840e+04 
1.612121e-02 2.405840e+04 2.366815e+04 
2.116162e-02 2.373941e+04 2.288606e+04 
2.620202e-02 2.206561e+04 2.090567e+04 
3.124242e-02 1.983771e+04 1.876799e+04 
3.628283e-02 1.761216e+04 1.685971e+04 
4.132323e-02 1.570857e+04 1.522134e+04 
4.636364e-02 1.423336e+04 1.380961e+04 
5.140404e-02 1.319164e+04 1.257985e+04 
5.644444e-02 1.246332e+04 1.149853e+04 
6.148485e-02 1.190749e+04 1.054115e+04 
6.652525e-02 1.139914e+04 9.689187e+03 
7.156566e-02 1.083193e+04 8.928005e+03 
7.660606e-02 1.015614e+04 8.245672e+03 
8.164646e-02 9.383086e+03 7.632220e+03 
8.668687e-02 8.567643e+03 7.079207e+03 
9.172727e-02 7.776015e+03 6.579413e+03 
9.676768e-02 7.065490e+03 6.126620e+03 
1.018081e-01 6.477679e+03 5.715453e+03 
1.068485e-01 6.031216e+03 5.341246e+03 
1.118889e-01 5.715034e+03 4.999940e+03 
1.169293e-01 5.494736e+03 4.687989e+03 
1.219697e-01 5.326322e+03 4.402290e+03 
1.270101e-01 5.169634e+03 4.140124e+03 
1.320505e-01 4.993696e+03 3.899097e+03 
1.370909e-01 4.780312e+03 3.677103e+03 
1.421313e-01 4.527113e+03 3.472277e+03 
1.471717e-01 4.245901e+03 3.282973e+03 
1.522121e-01 3.956912e+03 3.107728e+03 
1.572525e-01 3.681967e+03 2.945242e+03 
1.622929e-01 3.439298e+03 2.794356e+03 
1.673333e-01 3.240411e+03 2.654037e+03 
1.723737e-01 3.087252e+03 2.523360e+03 
1.774141e-01 2.973304e+03 2.401495e+03 
1.824545e-01 2.886623e+03 2.287699e+03 
1.874949e-01 2.813942e+03 2.181301e+03 
1.925354e-01 2.742612e+03 2.081697e+03 
1.975758e-01 2.662557e+03 1.988343e+03 
2.026162e-01 2.568329e+03 1.900746e+03 
2.076566e-01 2.460153e+03 1.818459e+03 
2.126970e-01 2.343040e+03 1.741077e+03 
2.177374e-01 2.224090e+03 1.668232e+03 
2.227778e-01 2.110428e+03 1.599587e+03 
2.278182e-01 2.008027e+03 1.534839e+03 
2.328586e-01 1.920498e+03 1.473707e+03 
2.378990e-01 1.848606e+03 1.415936e+03 
2.429394e-01 1.790322e+03 1.361293e+03 
2.479798e-01 1.742039e+03 1.309564e+03 
2.530202e-01 1.699481e+03 1.260553e+03 
2.580606e-01 1.658235e+03 1.214078e+03 
2.631010e-01 1.614613e+03 1.169974e+03 
2.681414e-01 1.566565e+03 1.128087e+03 
2.731818e-01 1.514193e+03 1.088276e+03 
2.782222e-01 1.459117e+03 1.050411e+03 
2.832626e-01 1.403564e+03 1.014371e+03 
2.883030e-01 1.349703e+03 9.800441e+02 
2.933434e-01 1.299482e+03 9.473278e+02 
2.983838e-01 1.254398e+03 9.161257e+02 
3.034242e-01 1.215040e+03 8.863490e+02 
3.084646e-01 1.180958e+03 8.579149e+02 
3.135051e-01 1.150873e+03 8.307466e+02 
3.185455e-01 1.123250e+03 8.047723e+02 
3.235859e-01 1.096734e+03 7.799254e+02 
3.286263e-01 1.070171e+03 7.561437e+02 
3.336667e-01 1.042791e+03 7.333691e+02 
3.387071e-01 1.014272e+03 7.115474e+02 
3.437475e-01 9.849167e+02 6.906277e+02 
3.487879e-01 9.554345e+02 6.705627e+02 
3.538283e-01 9.266572e+02 6.513079e+02 
3.588687e-01 8.992904e+02 6.328217e+02 
3.639091e-01 8.737535e+02 6.150649e+02 
3.689495e-01 8.502556e+02 5.980010e+02 
3.739899e-01 8.287974e+02 5.815954e+02 
3.790303e-01 8.091038e+02 5.658157e+02 
3.840707e-01 7.907146e+02 5.506317e+02 
3.891111e-01 7.730890e+02 5.360145e+02 
3.941515e-01 7.558099e+02 5.219373e+02 
3.991919e-01 7.385873e+02 5.083745e+02 
4.042323e-01 7.212939e+02 4.953022e+02 
4.092727e-01 7.039293e+02 4.826977e+02 
4.143131e-01 6.866246e+02 4.705398e+02 
4.193535e-01 6.696339e+02 4.588082e+02 
4.243939e-01 6.532076e+02 4.474838e+02 
4.294343e-01 6.375277e+02 4.365486e+02 
4.344747e-01 6.226696e+02 4.259855e+02 
4.395152e-01 6.086399e+02 4.157784e+02 
4.445556e-01 5.954006e+02 4.059119e+02 
4.495960e-01 5.828430e+02 3.963715e+02 
4.546364e-01 5.707959e+02 3.871435e+02 
4.596768e-01 5.590779e+02 3.782147e+02 
4.647172e-01 5.475744e+02 3.695728e+02 
4.697576e-01 5.362277e+02 3.612060e+02 
4.747980e-01 5.250165e+02 3.531032e+02 
4.798384e-01 5.139547e+02 3.452536e+02 
4.848788e-01 5.030802e+02 3.376471e+02 
4.899192e-01 4.924731e+02 3.302742e+02 
4.949596e-01 4.822096e+02 3.231257e+02 
5.000000e-01 4.723338e+02 3.161927e+02 
