1.000000e-03 7.906855e+03 7.906109e+03 
6.040404e-03 3.547982e+04 3.566295e+04 
1.108081e-02 4.830141e+04 4.839189e+04 
1.612121e-02 5.169767e+04 5.160206e+04 
2.116162e-02 4.902721e+04 4.791283e+04 
2.620202e-02 4.290959e+04 4.039938e+04 
3.124242e-02 3.550412e+04 3.262845e+04 
3.628283e-02 2.839198e+04 2.640210e+04 
4.132323e-02 2.249295e+04 2.182322e+04 
4.636364e-02 1.811538e+04 1.846251e+04 
5.140404e-02 1.523442e+04 1.592277e+04 
5.644444e-02 1.356113e+04 1.393615e+04 
6.148485e-02 1.275128e+04 1.233452e+04 
6.652525e-02 1.246210e+04 1.101193e+04 
7.156566e-02 1.238583e+04 9.899393e+03 
7.660606e-02 1.225048e+04 8.950098e+03 
8.164646e-02 1.185065e+04 8.130989e+03 
8.668687e-02 1.109614e+04 7.417841e+03 
9.172727e-02 1.002473e+04 6.792342e+03 
9.676768e-02 8.768750e+03 6.240291e+03 
1.018081e-01 7.496991e+03 5.750439e+03 
1.068485e-01 6.360976e+03 5.313723e+03 
1.118889e-01 5.457993e+03 4.922737e+03 
1.169293e-01 4.823943e+03 4.571361e+03 
1.219697e-01 4.447368e+03 4.254483e+03 
1.270101e-01 4.286816e+03 3.967801e+03 
1.320505e-01 4.282567e+03 3.707670e+03 
1.370909e-01 4.363706e+03 3.470976e+03 
1.421313e-01 4.456380e+03 3.255050e+03 
1.471717e-01 4.494459e+03 3.057591e+03 
1.522121e-01 4.428945e+03 2.876604e+03 
1.572525e-01 4.237620e+03 2.710353e+03 
1.622929e-01 3.931998e+03 2.557326e+03 
1.673333e-01 3.553575e+03 2.416193e+03 
1.723737e-01 3.157444e+03 2.285787e+03 
1.774141e-01 2.792743e+03 2.165079e+03 
1.824545e-01 2.492066e+03 2.053159e+03 
1.874949e-01 2.271636e+03 1.949217e+03 
1.925354e-01 2.134818e+03 1.852535e+03 
1.975758e-01 2.073827e+03 1.762472e+03 
2.026162e-01 2.071218e+03 1.678455e+03 
2.076566e-01 2.103040e+03 1.599970e+03 
2.126970e-01 2.143365e+03 1.526556e+03 
2.177374e-01 2.168344e+03 1.457799e+03 
2.227778e-01 2.159151e+03 1.393325e+03 
2.278182e-01 2.105070e+03 1.332795e+03 
2.328586e-01 2.006182e+03 1.275904e+03 
2.378990e-01 1.873218e+03 1.222374e+03 
2.429394e-01 1.723432e+03 1.171954e+03 
2.479798e-01 1.575010e+03 1.124415e+03 
2.530202e-01 1.443064e+03 1.079547e+03 
2.580606e-01 1.337818e+03 1.037160e+03 
2.631010e-01 1.263956e+03 9.970803e+02 
2.681414e-01 1.220851e+03 9.591477e+02 
2.731818e-01 1.203566e+03 9.232165e+02 
2.782222e-01 1.204271e+03 8.891523e+02 
2.832626e-01 1.213747e+03 8.568318e+02 
2.883030e-01 1.222549e+03 8.261417e+02 
2.933434e-01 1.222171e+03 7.969772e+02 
2.983838e-01 1.206453e+03 7.692419e+02 
3.034242e-01 1.173013e+03 7.428468e+02 
3.084646e-01 1.123705e+03 7.177093e+02 
3.135051e-01 1.063528e+03 6.937532e+02 
3.185455e-01 9.989995e+02 6.709079e+02 
3.235859e-01 9.365231e+02 6.491077e+02 
3.286263e-01 8.814259e+02 6.282917e+02 
3.336667e-01 8.372963e+02 6.084033e+02 
3.387071e-01 8.056353e+02 5.893899e+02 
3.437475e-01 7.858755e+02 5.712024e+02 
3.487879e-01 7.757484e+02 5.537951e+02 
3.538283e-01 7.719468e+02 5.371253e+02 
3.588687e-01 7.707520e+02 5.211531e+02 
3.639091e-01 7.685200e+02 5.058414e+02 
3.689495e-01 7.621593e+02 4.911552e+02 
3.739899e-01 7.496463e+02 4.770620e+02 
3.790303e-01 7.304217e+02 4.635313e+02 
3.840707e-01 7.054042e+02 4.505344e+02 
3.891111e-01 6.765583e+02 4.380444e+02 
3.941515e-01 6.463465e+02 4.260361e+02 
3.991919e-01 6.172171e+02 4.144857e+02 
4.042323e-01 5.912325e+02 4.033711e+02 
4.092727e-01 5.697795e+02 3.926711e+02 
4.143131e-01 5.533575e+02 3.823660e+02 
4.193535e-01 5.416805e+02 3.724373e+02 
4.243939e-01 5.338177e+02 3.628673e+02 
4.294343e-01 5.284840e+02 3.536396e+02 
4.344747e-01 5.242095e+02 3.447384e+02 
4.395152e-01 5.194868e+02 3.361490e+02 
4.445556e-01 5.130964e+02 3.278574e+02 
4.495960e-01 5.043041e+02 3.198505e+02 
4.546364e-01 4.929974e+02 3.121158e+02 
4.596768e-01 4.795360e+02 3.046414e+02 
4.647172e-01 4.646371e+02 2.974161e+02 
4.697576e-01 4.492030e+02 2.904294e+02 
4.747980e-01 4.342402e+02 2.836711e+02 
4.798384e-01 4.206101e+02 2.771317e+02 
4.848788e-01 4.088463e+02 2.708022e+02 
4.899192e-01 3.991414e+02 2.646739e+02 
4.949596e-01 3.913892e+02 2.587386e+02 
5.000000e-01 3.852536e+02 2.529886e+02 
