1.000000e-03 2.295097e+03 2.294884e+03 
6.040404e-03 1.044177e+04 1.048186e+04 
1.108081e-02 1.456555e+04 1.442794e+04 
1.612121e-02 1.630761e+04 1.587563e+04 
2.116162e-02 1.663338e+04 1.590179e+04 
2.620202e-02 1.616245e+04 1.526942e+04 
3.124242e-02 1.531655e+04 1.440544e+04 
3.628283e-02 1.436773e+04 1.348319e+04 
4.132323e-02 1.346603e+04 1.256984e+04 
4.636364e-02 1.266490e+04 1.169470e+04 
5.140404e-02 1.196580e+04 1.087130e+04 
5.644444e-02 1.132859e+04 1.010509e+04 
6.148485e-02 1.071074e+04 9.396994e+03 
6.652525e-02 1.009884e+04 8.745394e+03 
7.156566e-02 9.475110e+03 8.147272e+03 
7.660606e-02 8.850188e+03 7.598945e+03 
8.164646e-02 8.252672e+03 7.096490e+03 
8.668687e-02 7.709752e+03 6.636005e+03 
9.172727e-02 7.231170e+03 6.213752e+03 
9.676768e-02 6.814715e+03 5.826228e+03 
1.018081e-01 6.455420e+03 5.470208e+03 
1.068485e-01 6.143674e+03 5.142743e+03 
1.118889e-01 5.861457e+03 4.841159e+03 
1.169293e-01 5.589634e+03 4.563041e+03 
1.219697e-01 5.317122e+03 4.306214e+03 
1.270101e-01 5.044308e+03 4.068721e+03 
1.320505e-01 4.777423e+03 3.848803e+03 
1.370909e-01 4.523317e+03 3.644882e+03 
1.421313e-01 4.287621e+03 3.455538e+03 
1.471717e-01 4.073561e+03 3.279494e+03 
1.522121e-01 3.881768e+03 3.115603e+03 
1.572525e-01 3.710952e+03 2.962832e+03 
1.622929e-01 3.558057e+03 2.820247e+03 
1.673333e-01 3.417711e+03 2.687007e+03 
1.723737e-01 3.284291e+03 2.562353e+03 
1.774141e-01 3.154159e+03 2.445596e+03 
1.824545e-01 3.026471e+03 2.336114e+03 
1.874949e-01 2.902141e+03 2.233341e+03 
1.925354e-01 2.781999e+03 2.136763e+03 
1.975758e-01 2.667096e+03 2.045914e+03 
2.026162e-01 2.559230e+03 1.960367e+03 
2.076566e-01 2.459735e+03 1.879735e+03 
2.126970e-01 2.368324e+03 1.803664e+03 
2.177374e-01 2.283556e+03 1.731829e+03 
2.227778e-01 2.204041e+03 1.663934e+03 
2.278182e-01 2.128820e+03 1.599707e+03 
2.328586e-01 2.057011e+03 1.538898e+03 
2.378990e-01 1.987721e+03 1.481278e+03 
2.429394e-01 1.920452e+03 1.426637e+03 
2.479798e-01 1.855440e+03 1.374780e+03 
2.530202e-01 1.793072e+03 1.325527e+03 
2.580606e-01 1.733514e+03 1.278714e+03 
2.631010e-01 1.676859e+03 1.234188e+03 
2.681414e-01 1.623215e+03 1.191808e+03 
2.731818e-01 1.572579e+03 1.151442e+03 
2.782222e-01 1.524704e+03 1.112969e+03 
2.832626e-01 1.479122e+03 1.076278e+03 
2.883030e-01 1.435402e+03 1.041263e+03 
2.933434e-01 1.393331e+03 1.007828e+03 
2.983838e-01 1.352834e+03 9.758813e+02 
3.034242e-01 1.313814e+03 9.453397e+02 
3.084646e-01 1.276201e+03 9.161248e+02 
3.135051e-01 1.239963e+03 8.881631e+02 
3.185455e-01 1.205133e+03 8.613866e+02 
3.235859e-01 1.171757e+03 8.357313e+02 
3.286263e-01 1.139820e+03 8.111376e+02 
3.336667e-01 1.109222e+03 7.875497e+02 
3.387071e-01 1.079824e+03 7.649152e+02 
3.437475e-01 1.051554e+03 7.431852e+02 
3.487879e-01 1.024356e+03 7.223136e+02 
3.538283e-01 9.981470e+02 7.022573e+02 
3.588687e-01 9.728295e+02 6.829758e+02 
3.639091e-01 9.483456e+02 6.644309e+02 
3.689495e-01 9.246782e+02 6.465869e+02 
3.739899e-01 9.018523e+02 6.294099e+02 
3.790303e-01 8.798529e+02 6.128682e+02 
3.840707e-01 8.586192e+02 5.969318e+02 
3.891111e-01 8.380996e+02 5.815726e+02 
3.941515e-01 8.182829e+02 5.667639e+02 
3.991919e-01 7.991539e+02 5.524804e+02 
4.042323e-01 7.806887e+02 5.386985e+02 
4.092727e-01 7.628240e+02 5.253957e+02 
4.143131e-01 7.455047e+02 5.125507e+02 
4.193535e-01 7.287249e+02 5.001434e+02 
4.243939e-01 7.124853e+02 4.881548e+02 
4.294343e-01 6.967623e+02 4.765668e+02 
4.344747e-01 6.815282e+02 4.653624e+02 
4.395152e-01 6.667503e+02 4.545254e+02 
4.445556e-01 6.524157e+02 4.440403e+02 
4.495960e-01 6.385367e+02 4.338925e+02 
4.546364e-01 6.250980e+02 4.240683e+02 
4.596768e-01 6.120526e+02 4.145543e+02 
4.647172e-01 5.993767e+02 4.053382e+02 
4.697576e-01 5.870721e+02 3.964079e+02 
4.747980e-01 5.751370e+02 3.877521e+02 
4.798384e-01 5.635499e+02 3.793602e+02 
4.848788e-01 5.522830e+02 3.712216e+02 
4.899192e-01 5.413179e+02 3.633268e+02 
4.949596e-01 5.306646e+02 3.556663e+02 
5.000000e-01 5.203217e+02 3.482313e+02 
