1.000000e-03 2.910747e+03 2.910474e+03 
6.040404e-03 1.289794e+04 1.294700e+04 
1.108081e-02 1.775306e+04 1.761416e+04 
1.612121e-02 1.958441e+04 1.912681e+04 
2.116162e-02 1.961193e+04 1.879412e+04 
2.620202e-02 1.864946e+04 1.765708e+04 
3.124242e-02 1.727214e+04 1.633812e+04 
3.628283e-02 1.585721e+04 1.505705e+04 
4.132323e-02 1.460850e+04 1.386643e+04 
4.636364e-02 1.358388e+04 1.277408e+04 
5.140404e-02 1.279178e+04 1.177722e+04 
5.644444e-02 1.212009e+04 1.087019e+04 
6.148485e-02 1.149970e+04 1.004630e+04 
6.652525e-02 1.087196e+04 9.298502e+03 
7.156566e-02 1.019639e+04 8.619837e+03 
7.660606e-02 9.477785e+03 8.003635e+03 
8.164646e-02 8.756438e+03 7.443669e+03 
8.668687e-02 8.080116e+03 6.934227e+03 
9.172727e-02 7.480580e+03 6.470125e+03 
9.676768e-02 6.973169e+03 6.046700e+03 
1.018081e-01 6.561941e+03 5.659777e+03 
1.068485e-01 6.236262e+03 5.305634e+03 
1.118889e-01 5.968148e+03 4.980955e+03 
1.169293e-01 5.723583e+03 4.682796e+03 
1.219697e-01 5.476438e+03 4.408537e+03 
1.270101e-01 5.215523e+03 4.155852e+03 
1.320505e-01 4.940821e+03 3.922668e+03 
1.370909e-01 4.660104e+03 3.707143e+03 
1.421313e-01 4.385279e+03 3.507633e+03 
1.471717e-01 4.128698e+03 3.322673e+03 
1.522121e-01 3.899835e+03 3.150950e+03 
1.572525e-01 3.703397e+03 2.991293e+03 
1.622929e-01 3.538976e+03 2.842649e+03 
1.673333e-01 3.400475e+03 2.704075e+03 
1.723737e-01 3.278161e+03 2.574720e+03 
1.774141e-01 3.162700e+03 2.453821e+03 
1.824545e-01 3.047806e+03 2.340687e+03 
1.874949e-01 2.930164e+03 2.234695e+03 
1.925354e-01 2.808904e+03 2.135280e+03 
1.975758e-01 2.685817e+03 2.041931e+03 
2.026162e-01 2.565134e+03 1.954184e+03 
2.076566e-01 2.451515e+03 1.871617e+03 
2.126970e-01 2.347743e+03 1.793846e+03 
2.177374e-01 2.254642e+03 1.720521e+03 
2.227778e-01 2.171791e+03 1.651321e+03 
2.278182e-01 2.097754e+03 1.585954e+03 
2.328586e-01 2.030240e+03 1.524154e+03 
2.378990e-01 1.966379e+03 1.465674e+03 
2.429394e-01 1.903954e+03 1.410289e+03 
2.479798e-01 1.841899e+03 1.357793e+03 
2.530202e-01 1.779944e+03 1.307996e+03 
2.580606e-01 1.718368e+03 1.260721e+03 
2.631010e-01 1.657956e+03 1.215808e+03 
2.681414e-01 1.600006e+03 1.173107e+03 
2.731818e-01 1.545622e+03 1.132480e+03 
2.782222e-01 1.495248e+03 1.093801e+03 
2.832626e-01 1.448613e+03 1.056949e+03 
2.883030e-01 1.405223e+03 1.021817e+03 
2.933434e-01 1.364535e+03 9.883021e+02 
2.983838e-01 1.325939e+03 9.563102e+02 
3.034242e-01 1.288748e+03 9.257535e+02 
3.084646e-01 1.252371e+03 8.965503e+02 
3.135051e-01 1.216590e+03 8.686244e+02 
3.185455e-01 1.181503e+03 8.419050e+02 
3.235859e-01 1.147388e+03 8.163258e+02 
3.286263e-01 1.114468e+03 7.918251e+02 
3.336667e-01 1.082898e+03 7.683450e+02 
3.387071e-01 1.052825e+03 7.458314e+02 
3.437475e-01 1.024327e+03 7.242339e+02 
3.487879e-01 9.973622e+02 7.035050e+02 
3.538283e-01 9.717218e+02 6.836002e+02 
3.588687e-01 9.470976e+02 6.644779e+02 
3.639091e-01 9.233028e+02 6.460988e+02 
3.689495e-01 9.002251e+02 6.284263e+02 
3.739899e-01 8.778213e+02 6.114258e+02 
3.790303e-01 8.560221e+02 5.950646e+02 
3.840707e-01 8.348126e+02 5.793123e+02 
3.891111e-01 8.142203e+02 5.641398e+02 
3.941515e-01 7.943337e+02 5.495200e+02 
3.991919e-01 7.752117e+02 5.354273e+02 
4.042323e-01 7.568336e+02 5.218374e+02 
4.092727e-01 7.391582e+02 5.087274e+02 
4.143131e-01 7.221276e+02 4.960757e+02 
4.193535e-01 7.057169e+02 4.838620e+02 
4.243939e-01 6.898568e+02 4.720668e+02 
4.294343e-01 6.744867e+02 4.606719e+02 
4.344747e-01 6.595449e+02 4.496599e+02 
4.395152e-01 6.450089e+02 4.390144e+02 
4.445556e-01 6.308908e+02 4.287198e+02 
4.495960e-01 6.171959e+02 4.187614e+02 
4.546364e-01 6.039086e+02 4.091251e+02 
4.596768e-01 5.910113e+02 3.997977e+02 
4.647172e-01 5.785112e+02 3.907665e+02 
4.697576e-01 5.664238e+02 3.820195e+02 
4.747980e-01 5.547230e+02 3.735452e+02 
4.798384e-01 5.433778e+02 3.653328e+02 
4.848788e-01 5.323558e+02 3.573720e+02 
4.899192e-01 5.216472e+02 3.496529e+02 
4.949596e-01 5.112420e+02 3.421661e+02 
5.000000e-01 5.011264e+02 3.349028e+02 
