1.000000e-03 6.668520e+03 6.667889e+03 
6.040404e-03 2.992015e+04 3.006907e+04 
1.108081e-02 4.079232e+04 4.081827e+04 
1.612121e-02 4.381341e+04 4.358887e+04 
2.116162e-02 4.181973e+04 4.070292e+04 
2.620202e-02 3.699481e+04 3.482775e+04 
3.124242e-02 3.110617e+04 2.879133e+04 
3.628283e-02 2.543578e+04 2.390424e+04 
4.132323e-02 2.072364e+04 2.021808e+04 
4.636364e-02 1.721666e+04 1.742556e+04 
5.140404e-02 1.491002e+04 1.524850e+04 
5.644444e-02 1.355859e+04 1.349855e+04 
6.148485e-02 1.287490e+04 1.205556e+04 
6.652525e-02 1.256256e+04 1.084199e+04 
7.156566e-02 1.235411e+04 9.805956e+03 
7.660606e-02 1.202938e+04 8.911240e+03 
8.164646e-02 1.144611e+04 8.131523e+03 
8.668687e-02 1.057194e+04 7.447004e+03 
9.172727e-02 9.476570e+03 6.842361e+03 
9.676768e-02 8.292075e+03 6.305460e+03 
1.018081e-01 7.162513e+03 5.826515e+03 
1.068485e-01 6.202666e+03 5.397517e+03 
1.118889e-01 5.474705e+03 5.011833e+03 
1.169293e-01 4.989209e+03 4.663916e+03 
1.219697e-01 4.720004e+03 4.349088e+03 
1.270101e-01 4.618252e+03 4.063375e+03 
1.320505e-01 4.620627e+03 3.803381e+03 
1.370909e-01 4.657172e+03 3.566191e+03 
1.421313e-01 4.663135e+03 3.349285e+03 
1.471717e-01 4.590374e+03 3.150479e+03 
1.522121e-01 4.414342e+03 2.967871e+03 
1.572525e-01 4.137559e+03 2.799800e+03 
1.622929e-01 3.788531e+03 2.644809e+03 
1.673333e-01 3.413207e+03 2.501615e+03 
1.723737e-01 3.058997e+03 2.369087e+03 
1.774141e-01 2.759894e+03 2.246223e+03 
1.824545e-01 2.532954e+03 2.132134e+03 
1.874949e-01 2.381817e+03 2.026030e+03 
1.925354e-01 2.300500e+03 1.927206e+03 
1.975758e-01 2.274400e+03 1.835030e+03 
2.026162e-01 2.281779e+03 1.748938e+03 
2.076566e-01 2.297697e+03 1.668422e+03 
2.126970e-01 2.299647e+03 1.593025e+03 
2.177374e-01 2.271526e+03 1.522337e+03 
2.227778e-01 2.205373e+03 1.455984e+03 
2.278182e-01 2.102036e+03 1.393631e+03 
2.328586e-01 1.970898e+03 1.334972e+03 
2.378990e-01 1.827071e+03 1.279729e+03 
2.429394e-01 1.686795e+03 1.227651e+03 
2.479798e-01 1.563325e+03 1.178507e+03 
2.530202e-01 1.464972e+03 1.132088e+03 
2.580606e-01 1.395041e+03 1.088203e+03 
2.631010e-01 1.352224e+03 1.046675e+03 
2.681414e-01 1.331416e+03 1.007345e+03 
2.731818e-01 1.324839e+03 9.700634e+02 
2.782222e-01 1.323579e+03 9.346960e+02 
2.832626e-01 1.319216e+03 9.011174e+02 
2.883030e-01 1.305082e+03 8.692127e+02 
2.933434e-01 1.277157e+03 8.388759e+02 
2.983838e-01 1.234718e+03 8.100089e+02 
3.034242e-01 1.180370e+03 7.825211e+02 
3.084646e-01 1.119166e+03 7.563288e+02 
3.135051e-01 1.057075e+03 7.313542e+02 
3.185455e-01 9.994899e+02 7.075253e+02 
3.235859e-01 9.503302e+02 6.847751e+02 
3.286263e-01 9.116905e+02 6.630414e+02 
3.336667e-01 8.839591e+02 6.422665e+02 
3.387071e-01 8.658866e+02 6.223964e+02 
3.437475e-01 8.548805e+02 6.033809e+02 
3.487879e-01 8.475555e+02 5.851731e+02 
3.538283e-01 8.404687e+02 5.677294e+02 
3.588687e-01 8.307647e+02 5.510088e+02 
3.639091e-01 8.165258e+02 5.349732e+02 
3.689495e-01 7.969527e+02 5.195867e+02 
3.739899e-01 7.723767e+02 5.048158e+02 
3.790303e-01 7.441962e+02 4.906291e+02 
3.840707e-01 7.145334e+02 4.769971e+02 
3.891111e-01 6.855644e+02 4.638922e+02 
3.941515e-01 6.591445e+02 4.512883e+02 
3.991919e-01 6.365001e+02 4.391609e+02 
4.042323e-01 6.181725e+02 4.274872e+02 
4.092727e-01 6.040534e+02 4.162453e+02 
4.143131e-01 5.934260e+02 4.054150e+02 
4.193535e-01 5.851172e+02 3.949769e+02 
4.243939e-01 5.777811e+02 3.849129e+02 
4.294343e-01 5.702048e+02 3.752060e+02 
4.344747e-01 5.614136e+02 3.658398e+02 
4.395152e-01 5.507955e+02 3.567992e+02 
4.445556e-01 5.382008e+02 3.480696e+02 
4.495960e-01 5.239408e+02 3.396374e+02 
4.546364e-01 5.086749e+02 3.314897e+02 
4.596768e-01 4.932102e+02 3.236141e+02 
4.647172e-01 4.783262e+02 3.159991e+02 
4.697576e-01 4.646437e+02 3.086336e+02 
4.747980e-01 4.526047e+02 3.015072e+02 
4.798384e-01 4.423647e+02 2.946100e+02 
4.848788e-01 4.337792e+02 2.879325e+02 
4.899192e-01 4.264919e+02 2.814658e+02 
4.949596e-01 4.200254e+02 2.752013e+02 
5.000000e-01 4.138741e+02 2.691310e+02 
