1.000000e-03 3.544258e+03 3.543929e+03 
6.040404e-03 1.618064e+04 1.625020e+04 
1.108081e-02 2.239629e+04 2.230445e+04 
1.612121e-02 2.457652e+04 2.418179e+04 
2.116162e-02 2.423005e+04 2.334654e+04 
2.620202e-02 2.246110e+04 2.125231e+04 
3.124242e-02 2.011627e+04 1.901039e+04 
3.628283e-02 1.778642e+04 1.702823e+04 
4.132323e-02 1.580918e+04 1.534111e+04 
4.636364e-02 1.429312e+04 1.389716e+04 
5.140404e-02 1.324595e+04 1.264550e+04 
5.644444e-02 1.252853e+04 1.154881e+04 
6.148485e-02 1.199405e+04 1.058033e+04 
6.652525e-02 1.150556e+04 9.720147e+03 
7.156566e-02 1.094721e+04 8.952763e+03 
7.660606e-02 1.026598e+04 8.265675e+03 
8.164646e-02 9.475141e+03 7.648534e+03 
8.668687e-02 8.634163e+03 7.092630e+03 
9.172727e-02 7.815285e+03 6.590552e+03 
9.676768e-02 7.081597e+03 6.135946e+03 
1.018081e-01 6.479699e+03 5.723333e+03 
1.068485e-01 6.029183e+03 5.347969e+03 
1.118889e-01 5.716951e+03 5.005733e+03 
1.169293e-01 5.505796e+03 4.693035e+03 
1.219697e-01 5.348861e+03 4.406735e+03 
1.270101e-01 5.202900e+03 4.144086e+03 
1.320505e-01 5.034138e+03 3.902671e+03 
1.370909e-01 4.822524e+03 3.680365e+03 
1.421313e-01 4.565414e+03 3.475290e+03 
1.471717e-01 4.276327e+03 3.285787e+03 
1.522121e-01 3.977688e+03 3.110384e+03 
1.572525e-01 3.693435e+03 2.947773e+03 
1.622929e-01 3.444110e+03 2.796790e+03 
1.673333e-01 3.242067e+03 2.656395e+03 
1.723737e-01 3.089222e+03 2.525660e+03 
1.774141e-01 2.978152e+03 2.403751e+03 
1.824545e-01 2.896053e+03 2.289922e+03 
1.874949e-01 2.828491e+03 2.183500e+03 
1.925354e-01 2.761448e+03 2.083881e+03 
1.975758e-01 2.683781e+03 1.990517e+03 
2.026162e-01 2.589576e+03 1.902913e+03 
2.076566e-01 2.479468e+03 1.820624e+03 
2.126970e-01 2.358980e+03 1.743241e+03 
2.177374e-01 2.236062e+03 1.670397e+03 
2.227778e-01 2.118703e+03 1.601756e+03 
2.278182e-01 2.013669e+03 1.537011e+03 
2.328586e-01 1.924935e+03 1.475882e+03 
2.378990e-01 1.853184e+03 1.418116e+03 
2.429394e-01 1.796148e+03 1.363477e+03 
2.479798e-01 1.749884e+03 1.311751e+03 
2.530202e-01 1.709512e+03 1.262743e+03 
2.580606e-01 1.669998e+03 1.216270e+03 
2.631010e-01 1.627242e+03 1.172168e+03 
2.681414e-01 1.579164e+03 1.130282e+03 
2.731818e-01 1.526041e+03 1.090471e+03 
2.782222e-01 1.469679e+03 1.052605e+03 
2.832626e-01 1.412487e+03 1.016564e+03 
2.883030e-01 1.356998e+03 9.822351e+02 
2.933434e-01 1.305536e+03 9.495158e+02 
2.983838e-01 1.259849e+03 9.183100e+02 
3.034242e-01 1.220490e+03 8.885287e+02 
3.084646e-01 1.186826e+03 8.600893e+02 
3.135051e-01 1.157396e+03 8.329150e+02 
3.185455e-01 1.130561e+03 8.069340e+02 
3.235859e-01 1.104764e+03 7.820798e+02 
3.286263e-01 1.078656e+03 7.582902e+02 
3.336667e-01 1.051319e+03 7.355071e+02 
3.387071e-01 1.022480e+03 7.136763e+02 
3.437475e-01 9.925685e+02 6.927471e+02 
3.487879e-01 9.624417e+02 6.726721e+02 
3.538283e-01 9.330293e+02 6.534068e+02 
3.588687e-01 9.050918e+02 6.349096e+02 
3.639091e-01 8.791562e+02 6.171415e+02 
3.689495e-01 8.555130e+02 6.000658e+02 
3.739899e-01 8.341302e+02 5.836482e+02 
3.790303e-01 8.146514e+02 5.678563e+02 
3.840707e-01 7.965243e+02 5.526596e+02 
3.891111e-01 7.791417e+02 5.380296e+02 
3.941515e-01 7.620221e+02 5.239392e+02 
3.991919e-01 7.448614e+02 5.103631e+02 
4.042323e-01 7.274707e+02 4.972773e+02 
4.092727e-01 7.098860e+02 4.846592e+02 
4.143131e-01 6.922937e+02 4.724875e+02 
4.193535e-01 6.750175e+02 4.607419e+02 
4.243939e-01 6.583350e+02 4.494034e+02 
4.294343e-01 6.424431e+02 4.384540e+02 
4.344747e-01 6.274401e+02 4.278767e+02 
4.395152e-01 6.133655e+02 4.176552e+02 
4.445556e-01 6.001603e+02 4.077743e+02 
4.495960e-01 5.876699e+02 3.982195e+02 
4.546364e-01 5.756768e+02 3.889770e+02 
4.596768e-01 5.639973e+02 3.800337e+02 
4.647172e-01 5.525004e+02 3.713773e+02 
4.697576e-01 5.411246e+02 3.629961e+02 
4.747980e-01 5.298371e+02 3.548787e+02 
4.798384e-01 5.186380e+02 3.470146e+02 
4.848788e-01 5.076226e+02 3.393937e+02 
4.899192e-01 4.968840e+02 3.320064e+02 
4.949596e-01 4.865094e+02 3.248434e+02 
5.000000e-01 4.765416e+02 3.178961e+02 
