1.000000e-03 4.634985e+03 4.634550e+03 
6.040404e-03 2.045217e+04 2.054418e+04 
1.108081e-02 2.783319e+04 2.775376e+04 
1.612121e-02 3.008571e+04 2.968070e+04 
2.116162e-02 2.918042e+04 2.816722e+04 
2.620202e-02 2.654027e+04 2.507067e+04 
3.124242e-02 2.325334e+04 2.189925e+04 
3.628283e-02 2.007266e+04 1.920936e+04 
4.132323e-02 1.742181e+04 1.701436e+04 
4.636364e-02 1.542792e+04 1.520462e+04 
5.140404e-02 1.409203e+04 1.368314e+04 
5.644444e-02 1.323552e+04 1.238210e+04 
6.148485e-02 1.266926e+04 1.125527e+04 
6.652525e-02 1.220092e+04 1.027009e+04 
7.156566e-02 1.167684e+04 9.402595e+03 
7.660606e-02 1.100636e+04 8.634382e+03 
8.164646e-02 1.017585e+04 7.950890e+03 
8.668687e-02 9.239113e+03 7.340307e+03 
9.172727e-02 8.283936e+03 6.792886e+03 
9.676768e-02 7.399612e+03 6.300482e+03 
1.018081e-01 6.656641e+03 5.856221e+03 
1.068485e-01 6.092062e+03 5.454262e+03 
1.118889e-01 5.703486e+03 5.089606e+03 
1.169293e-01 5.458296e+03 4.757958e+03 
1.219697e-01 5.307961e+03 4.455609e+03 
1.270101e-01 5.199580e+03 4.179341e+03 
1.320505e-01 5.083762e+03 3.926357e+03 
1.370909e-01 4.922988e+03 3.694213e+03 
1.421313e-01 4.700703e+03 3.480770e+03 
1.471717e-01 4.422237e+03 3.284148e+03 
1.522121e-01 4.107960e+03 3.102693e+03 
1.572525e-01 3.786107e+03 2.934940e+03 
1.622929e-01 3.486130e+03 2.779597e+03 
1.673333e-01 3.231984e+03 2.635512e+03 
1.723737e-01 3.035630e+03 2.501663e+03 
1.774141e-01 2.895778e+03 2.377138e+03 
1.824545e-01 2.802017e+03 2.261122e+03 
1.874949e-01 2.739596e+03 2.152883e+03 
1.925354e-01 2.691931e+03 2.051767e+03 
1.975758e-01 2.642189e+03 1.957183e+03 
2.026162e-01 2.576710e+03 1.868600e+03 
2.076566e-01 2.488745e+03 1.785538e+03 
2.126970e-01 2.379399e+03 1.707564e+03 
2.177374e-01 2.255633e+03 1.634284e+03 
2.227778e-01 2.127027e+03 1.565341e+03 
2.278182e-01 2.003526e+03 1.500413e+03 
2.328586e-01 1.893431e+03 1.439202e+03 
2.378990e-01 1.802070e+03 1.381440e+03 
2.429394e-01 1.730980e+03 1.326882e+03 
2.479798e-01 1.678122e+03 1.275302e+03 
2.530202e-01 1.638874e+03 1.226495e+03 
2.580606e-01 1.607085e+03 1.180272e+03 
2.631010e-01 1.576479e+03 1.136459e+03 
2.681414e-01 1.542005e+03 1.094898e+03 
2.731818e-01 1.500761e+03 1.055441e+03 
2.782222e-01 1.452128e+03 1.017954e+03 
2.832626e-01 1.397459e+03 9.823115e+02 
2.883030e-01 1.339605e+03 9.483986e+02 
2.933434e-01 1.282083e+03 9.161087e+02 
2.983838e-01 1.228247e+03 8.853431e+02 
3.034242e-01 1.180534e+03 8.560105e+02 
3.084646e-01 1.140075e+03 8.280261e+02 
3.135051e-01 1.106767e+03 8.013110e+02 
3.185455e-01 1.079428e+03 7.757921e+02 
3.235859e-01 1.056162e+03 7.514014e+02 
3.286263e-01 1.034756e+03 7.280752e+02 
3.336667e-01 1.013231e+03 7.057546e+02 
3.387071e-01 9.901554e+02 6.843844e+02 
3.437475e-01 9.647996e+02 6.639130e+02 
3.487879e-01 9.372472e+02 6.442923e+02 
3.538283e-01 9.081862e+02 6.254774e+02 
3.588687e-01 8.787736e+02 6.074260e+02 
3.639091e-01 8.502067e+02 5.900987e+02 
3.689495e-01 8.234950e+02 5.734585e+02 
3.739899e-01 7.992637e+02 5.574706e+02 
3.790303e-01 7.777478e+02 5.421026e+02 
3.840707e-01 7.588407e+02 5.273236e+02 
3.891111e-01 7.420633e+02 5.131050e+02 
3.941515e-01 7.266732e+02 4.994196e+02 
3.991919e-01 7.118842e+02 4.862420e+02 
4.042323e-01 6.970597e+02 4.735481e+02 
4.092727e-01 6.818040e+02 4.613153e+02 
4.143131e-01 6.659744e+02 4.495221e+02 
4.193535e-01 6.496477e+02 4.381485e+02 
4.243939e-01 6.330634e+02 4.271753e+02 
4.294343e-01 6.166013e+02 4.165846e+02 
4.344747e-01 6.006820e+02 4.063593e+02 
4.395152e-01 5.856373e+02 3.964834e+02 
4.445556e-01 5.716433e+02 3.869416e+02 
4.495960e-01 5.587134e+02 3.777195e+02 
4.546364e-01 5.467763e+02 3.688033e+02 
4.596768e-01 5.356635e+02 3.601802e+02 
4.647172e-01 5.251390e+02 3.518378e+02 
4.697576e-01 5.149039e+02 3.437644e+02 
4.747980e-01 5.047483e+02 3.359490e+02 
4.798384e-01 4.945657e+02 3.283810e+02 
4.848788e-01 4.843101e+02 3.210504e+02 
4.899192e-01 4.740303e+02 3.139478e+02 
4.949596e-01 4.637943e+02 3.070639e+02 
5.000000e-01 4.537282e+02 3.003903e+02 
