1.000000e-03 2.437754e+03 2.437526e+03 
6.040404e-03 1.112257e+04 1.116415e+04 
1.108081e-02 1.547374e+04 1.533113e+04 
1.612121e-02 1.724646e+04 1.679810e+04 
2.116162e-02 1.748593e+04 1.672372e+04 
2.620202e-02 1.687520e+04 1.595710e+04 
3.124242e-02 1.588247e+04 1.497332e+04 
3.628283e-02 1.481066e+04 1.395465e+04 
4.132323e-02 1.382314e+04 1.296450e+04 
4.636364e-02 1.296658e+04 1.202746e+04 
5.140404e-02 1.224921e+04 1.115349e+04 
5.644444e-02 1.159873e+04 1.034549e+04 
6.148485e-02 1.097418e+04 9.602575e+03 
6.652525e-02 1.034398e+04 8.921761e+03 
7.156566e-02 9.691640e+03 8.298993e+03 
7.660606e-02 9.030224e+03 7.729773e+03 
8.164646e-02 8.394886e+03 7.209534e+03 
8.668687e-02 7.817520e+03 6.733854e+03 
9.172727e-02 7.311333e+03 6.298572e+03 
9.676768e-02 6.877517e+03 5.899842e+03 
1.018081e-01 6.512195e+03 5.534153e+03 
1.068485e-01 6.201952e+03 5.198325e+03 
1.118889e-01 5.923734e+03 4.889488e+03 
1.169293e-01 5.654015e+03 4.605064e+03 
1.219697e-01 5.380315e+03 4.342743e+03 
1.270101e-01 5.102612e+03 4.100452e+03 
1.320505e-01 4.827306e+03 3.876338e+03 
1.370909e-01 4.562447e+03 3.668739e+03 
1.421313e-01 4.315633e+03 3.476166e+03 
1.471717e-01 4.092466e+03 3.297283e+03 
1.522121e-01 3.894987e+03 3.130893e+03 
1.572525e-01 3.721937e+03 2.975918e+03 
1.622929e-01 3.569498e+03 2.831388e+03 
1.673333e-01 3.431018e+03 2.696430e+03 
1.723737e-01 3.299552e+03 2.570256e+03 
1.774141e-01 3.170664e+03 2.452154e+03 
1.824545e-01 3.042986e+03 2.341481e+03 
1.874949e-01 2.916921e+03 2.237652e+03 
1.925354e-01 2.793625e+03 2.140139e+03 
1.975758e-01 2.675179e+03 2.048460e+03 
2.026162e-01 2.564241e+03 1.962178e+03 
2.076566e-01 2.462398e+03 1.880893e+03 
2.126970e-01 2.369449e+03 1.804244e+03 
2.177374e-01 2.284091e+03 1.731896e+03 
2.227778e-01 2.204858e+03 1.663547e+03 
2.278182e-01 2.130445e+03 1.598918e+03 
2.328586e-01 2.059321e+03 1.537754e+03 
2.378990e-01 1.990260e+03 1.479821e+03 
2.429394e-01 1.922836e+03 1.424903e+03 
2.479798e-01 1.857321e+03 1.372802e+03 
2.530202e-01 1.794123e+03 1.323336e+03 
2.580606e-01 1.733472e+03 1.276335e+03 
2.631010e-01 1.675788e+03 1.231646e+03 
2.681414e-01 1.621459e+03 1.189124e+03 
2.731818e-01 1.570528e+03 1.148635e+03 
2.782222e-01 1.522592e+03 1.110057e+03 
2.832626e-01 1.477038e+03 1.073275e+03 
2.883030e-01 1.433411e+03 1.038184e+03 
2.933434e-01 1.391522e+03 1.004684e+03 
2.983838e-01 1.351180e+03 9.726851e+02 
3.034242e-01 1.312138e+03 9.421007e+02 
3.084646e-01 1.274300e+03 9.128517e+02 
3.135051e-01 1.237767e+03 8.848641e+02 
3.185455e-01 1.202689e+03 8.580689e+02 
3.235859e-01 1.169120e+03 8.324013e+02 
3.286263e-01 1.137008e+03 8.078011e+02 
3.336667e-01 1.106271e+03 7.842118e+02 
3.387071e-01 1.076821e+03 7.615806e+02 
3.437475e-01 1.048599e+03 7.398580e+02 
3.487879e-01 1.021497e+03 7.189975e+02 
3.538283e-01 9.953432e+02 6.989556e+02 
3.588687e-01 9.700124e+02 6.796913e+02 
3.639091e-01 9.454984e+02 6.611662e+02 
3.689495e-01 9.218282e+02 6.433442e+02 
3.739899e-01 8.989822e+02 6.261913e+02 
3.790303e-01 8.769252e+02 6.096755e+02 
3.840707e-01 8.556166e+02 5.937665e+02 
3.891111e-01 8.350507e+02 5.784360e+02 
3.941515e-01 8.152461e+02 5.636572e+02 
3.991919e-01 7.961595e+02 5.494046e+02 
4.042323e-01 7.777010e+02 5.356544e+02 
4.092727e-01 7.598361e+02 5.223840e+02 
4.143131e-01 7.425438e+02 5.095720e+02 
4.193535e-01 7.258080e+02 4.971983e+02 
4.243939e-01 7.095982e+02 4.852435e+02 
4.294343e-01 6.938757e+02 4.736898e+02 
4.344747e-01 6.786312e+02 4.625198e+02 
4.395152e-01 6.638557e+02 4.517172e+02 
4.445556e-01 6.495510e+02 4.412668e+02 
4.495960e-01 6.357055e+02 4.311536e+02 
4.546364e-01 6.222696e+02 4.213640e+02 
4.596768e-01 6.092213e+02 4.118846e+02 
4.647172e-01 5.965788e+02 4.027028e+02 
4.697576e-01 5.843185e+02 3.938067e+02 
4.747980e-01 5.724131e+02 3.851850e+02 
4.798384e-01 5.608353e+02 3.768269e+02 
4.848788e-01 5.495794e+02 3.687219e+02 
4.899192e-01 5.386475e+02 3.608604e+02 
4.949596e-01 5.280316e+02 3.532329e+02 
5.000000e-01 5.177099e+02 3.458305e+02 
