1.000000e-03 4.755673e+03 4.755229e+03 
6.040404e-03 2.125699e+04 2.135440e+04 
1.108081e-02 2.904422e+04 2.898078e+04 
1.612121e-02 3.142932e+04 3.105215e+04 
2.116162e-02 3.044610e+04 2.942575e+04 
2.620202e-02 2.759551e+04 2.605393e+04 
3.124242e-02 2.404214e+04 2.259847e+04 
3.628283e-02 2.060208e+04 1.969308e+04 
4.132323e-02 1.773698e+04 1.735211e+04 
4.636364e-02 1.558968e+04 1.544565e+04 
5.140404e-02 1.416436e+04 1.385905e+04 
5.644444e-02 1.327303e+04 1.251291e+04 
6.148485e-02 1.271428e+04 1.135393e+04 
6.652525e-02 1.228211e+04 1.034523e+04 
7.156566e-02 1.180371e+04 9.460119e+03 
7.660606e-02 1.117097e+04 8.678489e+03 
8.164646e-02 1.035670e+04 7.984622e+03 
8.668687e-02 9.409804e+03 7.365921e+03 
9.172727e-02 8.420533e+03 6.812090e+03 
9.676768e-02 7.487404e+03 6.314586e+03 
1.018081e-01 6.692141e+03 5.866245e+03 
1.068485e-01 6.081320e+03 5.461008e+03 
1.118889e-01 5.659515e+03 5.093711e+03 
1.169293e-01 5.397676e+03 4.759932e+03 
1.219697e-01 5.248251e+03 4.455861e+03 
1.270101e-01 5.156118e+03 4.178205e+03 
1.320505e-01 5.067026e+03 3.924104e+03 
1.370909e-01 4.936443e+03 3.691066e+03 
1.421313e-01 4.740160e+03 3.476909e+03 
1.471717e-01 4.477356e+03 3.279724e+03 
1.522121e-01 4.166077e+03 3.097828e+03 
1.572525e-01 3.834878e+03 2.929737e+03 
1.622929e-01 3.516910e+03 2.774139e+03 
1.673333e-01 3.240716e+03 2.629869e+03 
1.723737e-01 3.023381e+03 2.495894e+03 
1.774141e-01 2.867318e+03 2.371290e+03 
1.824545e-01 2.764529e+03 2.255233e+03 
1.874949e-01 2.701087e+03 2.146987e+03 
1.925354e-01 2.659960e+03 2.045890e+03 
1.975758e-01 2.622407e+03 1.951347e+03 
2.026162e-01 2.571725e+03 1.862822e+03 
2.076566e-01 2.497666e+03 1.779834e+03 
2.126970e-01 2.398267e+03 1.701944e+03 
2.177374e-01 2.278752e+03 1.628758e+03 
2.227778e-01 2.148523e+03 1.559917e+03 
2.278182e-01 2.018619e+03 1.495095e+03 
2.328586e-01 1.899301e+03 1.433994e+03 
2.378990e-01 1.798023e+03 1.376346e+03 
2.429394e-01 1.718321e+03 1.321903e+03 
2.479798e-01 1.659686e+03 1.270439e+03 
2.530202e-01 1.618311e+03 1.221748e+03 
2.580606e-01 1.588098e+03 1.175641e+03 
2.631010e-01 1.562125e+03 1.131944e+03 
2.681414e-01 1.534098e+03 1.090497e+03 
2.731818e-01 1.499611e+03 1.051153e+03 
2.782222e-01 1.456599e+03 1.013777e+03 
2.832626e-01 1.405431e+03 9.782435e+02 
2.883030e-01 1.348427e+03 9.444376e+02 
2.933434e-01 1.289308e+03 9.122525e+02 
2.983838e-01 1.232050e+03 8.815895e+02 
3.034242e-01 1.180048e+03 8.523570e+02 
3.084646e-01 1.135361e+03 8.244703e+02 
3.135051e-01 1.098705e+03 7.978505e+02 
3.185455e-01 1.069445e+03 7.724244e+02 
3.235859e-01 1.045921e+03 7.481240e+02 
3.286263e-01 1.025812e+03 7.248857e+02 
3.336667e-01 1.006697e+03 7.026506e+02 
3.387071e-01 9.865582e+02 6.813634e+02 
3.437475e-01 9.640500e+02 6.609728e+02 
3.487879e-01 9.386802e+02 6.414305e+02 
3.538283e-01 9.108073e+02 6.226917e+02 
3.588687e-01 8.814575e+02 6.047143e+02 
3.639091e-01 8.519828e+02 5.874587e+02 
3.689495e-01 8.237048e+02 5.708882e+02 
3.739899e-01 7.976514e+02 5.549679e+02 
3.790303e-01 7.744410e+02 5.396654e+02 
3.840707e-01 7.542742e+02 5.249500e+02 
3.891111e-01 7.368783e+02 5.107932e+02 
3.941515e-01 7.215740e+02 4.971677e+02 
3.991919e-01 7.074893e+02 4.840481e+02 
4.042323e-01 6.937686e+02 4.714105e+02 
4.092727e-01 6.797601e+02 4.592323e+02 
4.143131e-01 6.650850e+02 4.474922e+02 
4.193535e-01 6.496005e+02 4.361699e+02 
4.243939e-01 6.334381e+02 4.252466e+02 
4.294343e-01 6.169462e+02 4.147043e+02 
4.344747e-01 6.006199e+02 4.045260e+02 
4.395152e-01 5.849156e+02 3.946957e+02 
4.445556e-01 5.701874e+02 3.851981e+02 
4.495960e-01 5.566110e+02 3.760189e+02 
4.546364e-01 5.442098e+02 3.671444e+02 
4.596768e-01 5.329012e+02 3.585617e+02 
4.647172e-01 5.224543e+02 3.502586e+02 
4.697576e-01 5.125504e+02 3.422233e+02 
4.747980e-01 5.028784e+02 3.344449e+02 
4.798384e-01 4.932038e+02 3.269129e+02 
4.848788e-01 4.834118e+02 3.196172e+02 
4.899192e-01 4.734640e+02 3.125484e+02 
4.949596e-01 4.633918e+02 3.056975e+02 
5.000000e-01 4.533124e+02 2.990558e+02 
