1.000000e-03 4.361845e+03 4.361429e+03 
6.040404e-03 1.946170e+04 1.954865e+04 
1.108081e-02 2.657426e+04 2.649158e+04 
1.612121e-02 2.879131e+04 2.838854e+04 
2.116162e-02 2.798217e+04 2.699566e+04 
2.620202e-02 2.550287e+04 2.408135e+04 
3.124242e-02 2.239104e+04 2.108012e+04 
3.628283e-02 1.936832e+04 1.852466e+04 
4.132323e-02 1.684269e+04 1.643234e+04 
4.636364e-02 1.493913e+04 1.470236e+04 
5.140404e-02 1.366083e+04 1.324451e+04 
5.644444e-02 1.283949e+04 1.199552e+04 
6.148485e-02 1.229485e+04 1.091207e+04 
6.652525e-02 1.184131e+04 9.963593e+03 
7.156566e-02 1.133393e+04 9.127482e+03 
7.660606e-02 1.068617e+04 8.386356e+03 
8.164646e-02 9.884495e+03 7.726408e+03 
8.668687e-02 8.980646e+03 7.136416e+03 
9.172727e-02 8.059168e+03 6.607099e+03 
9.676768e-02 7.206182e+03 6.130686e+03 
1.018081e-01 6.489276e+03 5.700609e+03 
1.068485e-01 5.943752e+03 5.311280e+03 
1.118889e-01 5.567490e+03 4.957911e+03 
1.169293e-01 5.329036e+03 4.636383e+03 
1.219697e-01 5.181830e+03 4.343133e+03 
1.270101e-01 5.074992e+03 4.075072e+03 
1.320505e-01 4.960547e+03 3.829510e+03 
1.370909e-01 4.802679e+03 3.604096e+03 
1.421313e-01 4.585833e+03 3.396769e+03 
1.471717e-01 4.315434e+03 3.205719e+03 
1.522121e-01 4.010907e+03 3.029350e+03 
1.572525e-01 3.699200e+03 2.866252e+03 
1.622929e-01 3.408666e+03 2.715174e+03 
1.673333e-01 3.162470e+03 2.575007e+03 
1.723737e-01 2.972081e+03 2.444764e+03 
1.774141e-01 2.836041e+03 2.323562e+03 
1.824545e-01 2.744226e+03 2.210613e+03 
1.874949e-01 2.682563e+03 2.105211e+03 
1.925354e-01 2.635085e+03 2.006722e+03 
1.975758e-01 2.585655e+03 1.914575e+03 
2.026162e-01 2.521138e+03 1.828256e+03 
2.076566e-01 2.434906e+03 1.747300e+03 
2.126970e-01 2.328345e+03 1.671287e+03 
2.177374e-01 2.208111e+03 1.599835e+03 
2.227778e-01 2.083399e+03 1.532601e+03 
2.278182e-01 1.963636e+03 1.469268e+03 
2.328586e-01 1.856789e+03 1.409551e+03 
2.378990e-01 1.767989e+03 1.353189e+03 
2.429394e-01 1.698693e+03 1.299944e+03 
2.479798e-01 1.646909e+03 1.249596e+03 
2.530202e-01 1.608139e+03 1.201947e+03 
2.580606e-01 1.576525e+03 1.156814e+03 
2.631010e-01 1.546099e+03 1.114027e+03 
2.681414e-01 1.512018e+03 1.073433e+03 
2.731818e-01 1.471483e+03 1.034889e+03 
2.782222e-01 1.423905e+03 9.982626e+02 
2.832626e-01 1.370641e+03 9.634340e+02 
2.883030e-01 1.314416e+03 9.302906e+02 
2.933434e-01 1.258567e+03 8.987291e+02 
2.983838e-01 1.206259e+03 8.686534e+02 
3.034242e-01 1.159810e+03 8.399746e+02 
3.084646e-01 1.120339e+03 8.126103e+02 
3.135051e-01 1.087734e+03 7.864840e+02 
3.185455e-01 1.060835e+03 7.615242e+02 
3.235859e-01 1.037816e+03 7.376649e+02 
3.286263e-01 1.016604e+03 7.148442e+02 
3.336667e-01 9.952958e+02 6.930047e+02 
3.387071e-01 9.725607e+02 6.720925e+02 
3.437475e-01 9.476853e+02 6.520576e+02 
3.487879e-01 9.207290e+02 6.328531e+02 
3.538283e-01 8.923764e+02 6.144351e+02 
3.588687e-01 8.637291e+02 5.967626e+02 
3.639091e-01 8.359440e+02 5.797971e+02 
3.689495e-01 8.099210e+02 5.635027e+02 
3.739899e-01 7.862550e+02 5.478454e+02 
3.790303e-01 7.652017e+02 5.327934e+02 
3.840707e-01 7.466414e+02 5.183170e+02 
3.891111e-01 7.301151e+02 5.043881e+02 
3.941515e-01 7.149152e+02 4.909802e+02 
3.991919e-01 7.002907e+02 4.780685e+02 
4.042323e-01 6.856606e+02 4.656295e+02 
4.092727e-01 6.706582e+02 4.536411e+02 
4.143131e-01 6.551278e+02 4.420826e+02 
4.193535e-01 6.391419e+02 4.309342e+02 
4.243939e-01 6.229327e+02 4.201774e+02 
4.294343e-01 6.068629e+02 4.097945e+02 
4.344747e-01 5.913322e+02 3.997690e+02 
4.395152e-01 5.766261e+02 3.900852e+02 
4.445556e-01 5.629226e+02 3.807282e+02 
4.495960e-01 5.502417e+02 3.716839e+02 
4.546364e-01 5.385118e+02 3.629389e+02 
4.596768e-01 5.275715e+02 3.544806e+02 
4.647172e-01 5.171810e+02 3.462969e+02 
4.697576e-01 5.070879e+02 3.383766e+02 
4.747980e-01 4.970865e+02 3.307087e+02 
4.798384e-01 4.870751e+02 3.232829e+02 
4.848788e-01 4.770111e+02 3.160895e+02 
4.899192e-01 4.669228e+02 3.091192e+02 
4.949596e-01 4.568936e+02 3.023631e+02 
5.000000e-01 4.470435e+02 2.958129e+02 
