1.000000e-03 2.336371e+03 2.336150e+03 
6.040404e-03 1.056635e+04 1.060848e+04 
1.108081e-02 1.464398e+04 1.448578e+04 
1.612121e-02 1.636571e+04 1.588586e+04 
2.116162e-02 1.674090e+04 1.595507e+04 
2.620202e-02 1.637260e+04 1.540390e+04 
3.124242e-02 1.564330e+04 1.460067e+04 
3.628283e-02 1.478613e+04 1.370906e+04 
4.132323e-02 1.392674e+04 1.280537e+04 
4.636364e-02 1.310532e+04 1.192798e+04 
5.140404e-02 1.236078e+04 1.109617e+04 
5.644444e-02 1.163950e+04 1.031867e+04 
6.148485e-02 1.094662e+04 9.598204e+03 
6.652525e-02 1.027566e+04 8.934111e+03 
7.156566e-02 9.626819e+03 8.323879e+03 
7.660606e-02 9.011630e+03 7.764073e+03 
8.164646e-02 8.447245e+03 7.250878e+03 
8.668687e-02 7.940630e+03 6.780421e+03 
9.172727e-02 7.485760e+03 6.348948e+03 
9.676768e-02 7.074863e+03 5.952925e+03 
1.018081e-01 6.702967e+03 5.589075e+03 
1.068485e-01 6.362030e+03 5.254400e+03 
1.118889e-01 6.039980e+03 4.946176e+03 
1.169293e-01 5.728799e+03 4.661939e+03 
1.219697e-01 5.428876e+03 4.399467e+03 
1.270101e-01 5.144823e+03 4.156761e+03 
1.320505e-01 4.880186e+03 3.932025e+03 
1.370909e-01 4.636528e+03 3.723642e+03 
1.421313e-01 4.413592e+03 3.530163e+03 
1.471717e-01 4.209372e+03 3.350282e+03 
1.522121e-01 4.021083e+03 3.182825e+03 
1.572525e-01 3.845938e+03 3.026734e+03 
1.622929e-01 3.681696e+03 2.881056e+03 
1.673333e-01 3.525988e+03 2.744932e+03 
1.723737e-01 3.377208e+03 2.617582e+03 
1.774141e-01 3.235094e+03 2.498305e+03 
1.824545e-01 3.100395e+03 2.386462e+03 
1.874949e-01 2.973395e+03 2.281475e+03 
1.925354e-01 2.853951e+03 2.182820e+03 
1.975758e-01 2.741894e+03 2.090019e+03 
2.026162e-01 2.637026e+03 2.002636e+03 
2.076566e-01 2.538564e+03 1.920275e+03 
2.126970e-01 2.445408e+03 1.842574e+03 
2.177374e-01 2.356863e+03 1.769201e+03 
2.227778e-01 2.272587e+03 1.699854e+03 
2.278182e-01 2.192251e+03 1.634254e+03 
2.328586e-01 2.115509e+03 1.572146e+03 
2.378990e-01 2.042346e+03 1.513296e+03 
2.429394e-01 1.972818e+03 1.457488e+03 
2.479798e-01 1.906818e+03 1.404525e+03 
2.530202e-01 1.843993e+03 1.354222e+03 
2.580606e-01 1.784050e+03 1.306411e+03 
2.631010e-01 1.726929e+03 1.260937e+03 
2.681414e-01 1.672593e+03 1.217653e+03 
2.731818e-01 1.620706e+03 1.176427e+03 
2.782222e-01 1.570934e+03 1.137136e+03 
2.832626e-01 1.523159e+03 1.099663e+03 
2.883030e-01 1.477444e+03 1.063903e+03 
2.933434e-01 1.433732e+03 1.029755e+03 
2.983838e-01 1.391838e+03 9.971286e+02 
3.034242e-01 1.351604e+03 9.659368e+02 
3.084646e-01 1.313007e+03 9.360997e+02 
3.135051e-01 1.276033e+03 9.075427e+02 
3.185455e-01 1.240583e+03 8.801958e+02 
3.235859e-01 1.206500e+03 8.539941e+02 
3.286263e-01 1.173672e+03 8.288764e+02 
3.336667e-01 1.142100e+03 8.047859e+02 
3.387071e-01 1.111770e+03 7.816690e+02 
3.437475e-01 1.082590e+03 7.594758e+02 
3.487879e-01 1.054451e+03 7.381592e+02 
3.538283e-01 1.027313e+03 7.176751e+02 
3.588687e-01 1.001173e+03 6.979822e+02 
3.639091e-01 9.760122e+02 6.790416e+02 
3.689495e-01 9.517437e+02 6.608166e+02 
3.739899e-01 9.283004e+02 6.432727e+02 
3.790303e-01 9.056601e+02 6.263776e+02 
3.840707e-01 8.838251e+02 6.101007e+02 
3.891111e-01 8.627447e+02 5.944131e+02 
3.941515e-01 8.423602e+02 5.792876e+02 
3.991919e-01 8.226380e+02 5.646985e+02 
4.042323e-01 8.035729e+02 5.506216e+02 
4.092727e-01 7.851475e+02 5.370338e+02 
4.143131e-01 7.673257e+02 5.239136e+02 
4.193535e-01 7.500643e+02 5.112404e+02 
4.243939e-01 7.333416e+02 4.989947e+02 
4.294343e-01 7.171528e+02 4.871581e+02 
4.344747e-01 7.014856e+02 4.757132e+02 
4.395152e-01 6.862995e+02 4.646433e+02 
4.445556e-01 6.715662e+02 4.539329e+02 
4.495960e-01 6.572771e+02 4.435670e+02 
4.546364e-01 6.434295e+02 4.335314e+02 
4.596768e-01 6.300013e+02 4.238127e+02 
4.647172e-01 6.169632e+02 4.143981e+02 
4.697576e-01 6.042961e+02 4.052754e+02 
4.747980e-01 5.919981e+02 3.964331e+02 
4.798384e-01 5.800673e+02 3.878601e+02 
4.848788e-01 5.684813e+02 3.795460e+02 
4.899192e-01 5.572116e+02 3.714807e+02 
4.949596e-01 5.462466e+02 3.636547e+02 
5.000000e-01 5.355939e+02 3.560589e+02 
