1.000000e-03 3.869929e+03 3.869558e+03 
6.040404e-03 1.723478e+04 1.730608e+04 
1.108081e-02 2.351703e+04 2.340355e+04 
1.612121e-02 2.552762e+04 2.507510e+04 
2.116162e-02 2.494786e+04 2.398745e+04 
2.620202e-02 2.296727e+04 2.171389e+04 
3.124242e-02 2.047046e+04 1.936580e+04 
3.628283e-02 1.805382e+04 1.731176e+04 
4.132323e-02 1.604161e+04 1.556727e+04 
4.636364e-02 1.452130e+04 1.407474e+04 
5.140404e-02 1.347888e+04 1.278186e+04 
5.644444e-02 1.275414e+04 1.165058e+04 
6.148485e-02 1.219761e+04 1.065337e+04 
6.652525e-02 1.165649e+04 9.769532e+03 
7.156566e-02 1.103208e+04 8.982782e+03 
7.660606e-02 1.028502e+04 8.279912e+03 
8.164646e-02 9.441410e+03 7.649960e+03 
8.668687e-02 8.568743e+03 7.083698e+03 
9.172727e-02 7.741681e+03 6.573281e+03 
9.676768e-02 7.022640e+03 6.111995e+03 
1.018081e-01 6.450895e+03 5.694066e+03 
1.068485e-01 6.033825e+03 5.314508e+03 
1.118889e-01 5.747137e+03 4.969001e+03 
1.169293e-01 5.546843e+03 4.653790e+03 
1.219697e-01 5.385630e+03 4.365603e+03 
1.270101e-01 5.221111e+03 4.101580e+03 
1.320505e-01 5.023203e+03 3.859214e+03 
1.370909e-01 4.779157e+03 3.636305e+03 
1.421313e-01 4.495379e+03 3.430912e+03 
1.471717e-01 4.191369e+03 3.241325e+03 
1.522121e-01 3.890658e+03 3.066029e+03 
1.572525e-01 3.615834e+03 2.903681e+03 
1.622929e-01 3.384144e+03 2.753086e+03 
1.673333e-01 3.203347e+03 2.613181e+03 
1.723737e-01 3.069697e+03 2.483017e+03 
1.774141e-01 2.971152e+03 2.361743e+03 
1.824545e-01 2.893052e+03 2.248598e+03 
1.874949e-01 2.821154e+03 2.142898e+03 
1.925354e-01 2.743404e+03 2.044028e+03 
1.975758e-01 2.651288e+03 1.951433e+03 
2.026162e-01 2.542823e+03 1.864612e+03 
2.076566e-01 2.422027e+03 1.783111e+03 
2.126970e-01 2.296820e+03 1.706520e+03 
2.177374e-01 2.175525e+03 1.634466e+03 
2.227778e-01 2.064971e+03 1.566609e+03 
2.278182e-01 1.969731e+03 1.502641e+03 
2.328586e-01 1.891323e+03 1.442281e+03 
2.378990e-01 1.828418e+03 1.385271e+03 
2.429394e-01 1.777361e+03 1.331376e+03 
2.479798e-01 1.733259e+03 1.280381e+03 
2.530202e-01 1.690998e+03 1.232088e+03 
2.580606e-01 1.646409e+03 1.186317e+03 
2.631010e-01 1.597242e+03 1.142900e+03 
2.681414e-01 1.543376e+03 1.101683e+03 
2.731818e-01 1.486299e+03 1.062526e+03 
2.782222e-01 1.428291e+03 1.025298e+03 
2.832626e-01 1.371932e+03 9.898787e+02 
2.883030e-01 1.319535e+03 9.561559e+02 
2.933434e-01 1.272725e+03 9.240268e+02 
2.983838e-01 1.231998e+03 8.933957e+02 
3.034242e-01 1.196786e+03 8.641739e+02 
3.084646e-01 1.165831e+03 8.362790e+02 
3.135051e-01 1.137540e+03 8.096344e+02 
3.185455e-01 1.110350e+03 7.841689e+02 
3.235859e-01 1.082894e+03 7.598160e+02 
3.286263e-01 1.054392e+03 7.365140e+02 
3.336667e-01 1.024716e+03 7.142051e+02 
3.387071e-01 9.942853e+02 6.928354e+02 
3.437475e-01 9.638268e+02 6.723547e+02 
3.487879e-01 9.341785e+02 6.527158e+02 
3.538283e-01 9.060982e+02 6.338746e+02 
3.588687e-01 8.800946e+02 6.157899e+02 
3.639091e-01 8.563417e+02 5.984230e+02 
3.689495e-01 8.346606e+02 5.817375e+02 
3.739899e-01 8.146916e+02 5.656994e+02 
3.790303e-01 7.959529e+02 5.502767e+02 
3.840707e-01 7.779480e+02 5.354392e+02 
3.891111e-01 7.602103e+02 5.211586e+02 
3.941515e-01 7.424041e+02 5.074083e+02 
3.991919e-01 7.244607e+02 4.941630e+02 
4.042323e-01 7.065025e+02 4.813993e+02 
4.092727e-01 6.887441e+02 4.690946e+02 
4.143131e-01 6.714164e+02 4.572280e+02 
4.193535e-01 6.547324e+02 4.457795e+02 
4.243939e-01 6.388560e+02 4.347304e+02 
4.294343e-01 6.238996e+02 4.240627e+02 
4.344747e-01 6.098434e+02 4.137598e+02 
4.395152e-01 5.965535e+02 4.038056e+02 
4.445556e-01 5.838571e+02 3.941851e+02 
4.495960e-01 5.715925e+02 3.848840e+02 
4.546364e-01 5.596483e+02 3.758888e+02 
4.596768e-01 5.479035e+02 3.671866e+02 
4.647172e-01 5.362760e+02 3.587651e+02 
4.697576e-01 5.247730e+02 3.506129e+02 
4.747980e-01 5.134569e+02 3.427189e+02 
4.798384e-01 5.024156e+02 3.350727e+02 
4.848788e-01 4.917088e+02 3.276642e+02 
4.899192e-01 4.813723e+02 3.204842e+02 
4.949596e-01 4.714326e+02 3.135234e+02 
5.000000e-01 4.619134e+02 3.067735e+02 
