1.000000e-03 2.477731e+03 2.477490e+03 
6.040404e-03 1.084266e+04 1.088564e+04 
1.108081e-02 1.487670e+04 1.470726e+04 
1.612121e-02 1.655350e+04 1.604845e+04 
2.116162e-02 1.691468e+04 1.609592e+04 
2.620202e-02 1.655815e+04 1.554035e+04 
3.124242e-02 1.584936e+04 1.473054e+04 
3.628283e-02 1.500518e+04 1.382754e+04 
4.132323e-02 1.413726e+04 1.291014e+04 
4.636364e-02 1.329866e+04 1.201879e+04 
5.140404e-02 1.251826e+04 1.117386e+04 
5.644444e-02 1.175885e+04 1.038453e+04 
6.148485e-02 1.103322e+04 9.653610e+03 
6.652525e-02 1.034381e+04 8.980386e+03 
7.156566e-02 9.688016e+03 8.362229e+03 
7.660606e-02 9.075417e+03 7.795564e+03 
8.164646e-02 8.518759e+03 7.276443e+03 
8.668687e-02 8.017658e+03 6.800867e+03 
9.172727e-02 7.561549e+03 6.364972e+03 
9.676768e-02 7.142301e+03 5.965125e+03 
1.018081e-01 6.757140e+03 5.597968e+03 
1.068485e-01 6.400848e+03 5.260431e+03 
1.118889e-01 6.064345e+03 4.949728e+03 
1.169293e-01 5.742869e+03 4.663344e+03 
1.219697e-01 5.438686e+03 4.399012e+03 
1.270101e-01 5.155452e+03 4.154694e+03 
1.320505e-01 4.894317e+03 3.928562e+03 
1.370909e-01 4.654373e+03 3.718972e+03 
1.421313e-01 4.433110e+03 3.524449e+03 
1.471717e-01 4.227825e+03 3.343667e+03 
1.522121e-01 4.036271e+03 3.175434e+03 
1.572525e-01 3.856867e+03 3.018676e+03 
1.622929e-01 3.687898e+03 2.872427e+03 
1.673333e-01 3.527727e+03 2.735816e+03 
1.723737e-01 3.375924e+03 2.608053e+03 
1.774141e-01 3.232740e+03 2.488428e+03 
1.824545e-01 3.098375e+03 2.376294e+03 
1.874949e-01 2.971959e+03 2.271067e+03 
1.925354e-01 2.852960e+03 2.172216e+03 
1.975758e-01 2.741118e+03 2.079258e+03 
2.026162e-01 2.635944e+03 1.991753e+03 
2.076566e-01 2.536523e+03 1.909301e+03 
2.126970e-01 2.442018e+03 1.831535e+03 
2.177374e-01 2.352193e+03 1.758121e+03 
2.227778e-01 2.266907e+03 1.688753e+03 
2.278182e-01 2.185922e+03 1.623151e+03 
2.328586e-01 2.108864e+03 1.561058e+03 
2.378990e-01 2.035628e+03 1.502237e+03 
2.429394e-01 1.966117e+03 1.446471e+03 
2.479798e-01 1.900076e+03 1.393559e+03 
2.530202e-01 1.837123e+03 1.343319e+03 
2.580606e-01 1.777011e+03 1.295578e+03 
2.631010e-01 1.719687e+03 1.250181e+03 
2.681414e-01 1.665038e+03 1.206981e+03 
2.731818e-01 1.612842e+03 1.165845e+03 
2.782222e-01 1.562834e+03 1.126647e+03 
2.832626e-01 1.514939e+03 1.089272e+03 
2.883030e-01 1.469142e+03 1.053613e+03 
2.933434e-01 1.425386e+03 1.019570e+03 
2.983838e-01 1.383453e+03 9.870502e+02 
3.034242e-01 1.343202e+03 9.559669e+02 
3.084646e-01 1.304581e+03 9.262399e+02 
3.135051e-01 1.267566e+03 8.977940e+02 
3.185455e-01 1.232057e+03 8.705592e+02 
3.235859e-01 1.197920e+03 8.444701e+02 
3.286263e-01 1.165065e+03 8.194655e+02 
3.336667e-01 1.133481e+03 7.954881e+02 
3.387071e-01 1.103147e+03 7.724842e+02 
3.437475e-01 1.073957e+03 7.504037e+02 
3.487879e-01 1.045831e+03 7.291995e+02 
3.538283e-01 1.018722e+03 7.088273e+02 
3.588687e-01 9.926120e+02 6.892456e+02 
3.639091e-01 9.674684e+02 6.704154e+02 
3.689495e-01 9.432270e+02 6.522999e+02 
3.739899e-01 9.198101e+02 6.348647e+02 
3.790303e-01 8.972049e+02 6.180773e+02 
3.840707e-01 8.753986e+02 6.019069e+02 
3.891111e-01 8.543542e+02 5.863248e+02 
3.941515e-01 8.340184e+02 5.713036e+02 
3.991919e-01 8.143497e+02 5.568176e+02 
4.042323e-01 7.953279e+02 5.428426e+02 
4.092727e-01 7.769539e+02 5.293555e+02 
4.143131e-01 7.591936e+02 5.163346e+02 
4.193535e-01 7.419920e+02 5.037594e+02 
4.243939e-01 7.253199e+02 4.916104e+02 
4.294343e-01 7.091816e+02 4.798693e+02 
4.344747e-01 6.935771e+02 4.685184e+02 
4.395152e-01 6.784564e+02 4.575414e+02 
4.445556e-01 6.637848e+02 4.469225e+02 
4.495960e-01 6.495520e+02 4.366467e+02 
4.546364e-01 6.357664e+02 4.266999e+02 
4.596768e-01 6.224031e+02 4.170687e+02 
4.647172e-01 6.094294e+02 4.077403e+02 
4.697576e-01 5.968276e+02 3.987025e+02 
4.747980e-01 5.845934e+02 3.899438e+02 
4.798384e-01 5.727210e+02 3.814532e+02 
4.848788e-01 5.611951e+02 3.732201e+02 
4.899192e-01 5.499897e+02 3.652347e+02 
4.949596e-01 5.390902e+02 3.574873e+02 
5.000000e-01 5.284975e+02 3.499689e+02 
