1.000000e-03 3.659850e+03 3.659498e+03 
6.040404e-03 1.612071e+04 1.618366e+04 
1.108081e-02 2.192072e+04 2.178289e+04 
1.612121e-02 2.380289e+04 2.331241e+04 
2.116162e-02 2.336134e+04 2.241444e+04 
2.620202e-02 2.168472e+04 2.052005e+04 
3.124242e-02 1.955903e+04 1.853791e+04 
3.628283e-02 1.749885e+04 1.675447e+04 
4.132323e-02 1.577534e+04 1.519333e+04 
4.636364e-02 1.445566e+04 1.382382e+04 
5.140404e-02 1.351043e+04 1.261498e+04 
5.644444e-02 1.280028e+04 1.154251e+04 
6.148485e-02 1.219310e+04 1.058742e+04 
6.652525e-02 1.157147e+04 9.734299e+03 
7.156566e-02 1.086926e+04 8.970260e+03 
7.660606e-02 1.007648e+04 8.284337e+03 
8.164646e-02 9.236036e+03 7.667095e+03 
8.668687e-02 8.413581e+03 7.110372e+03 
9.172727e-02 7.668388e+03 6.607089e+03 
9.676768e-02 7.042293e+03 6.151094e+03 
1.018081e-01 6.555116e+03 5.737030e+03 
1.068485e-01 6.197326e+03 5.360227e+03 
1.118889e-01 5.934636e+03 5.016605e+03 
1.169293e-01 5.721709e+03 4.702599e+03 
1.219697e-01 5.518435e+03 4.415080e+03 
1.270101e-01 5.296015e+03 4.151304e+03 
1.320505e-01 5.040024e+03 3.908854e+03 
1.370909e-01 4.752895e+03 3.685601e+03 
1.421313e-01 4.450168e+03 3.479665e+03 
1.471717e-01 4.152431e+03 3.289378e+03 
1.522121e-01 3.878599e+03 3.113264e+03 
1.572525e-01 3.642484e+03 2.950008e+03 
1.622929e-01 3.451167e+03 2.798442e+03 
1.673333e-01 3.302655e+03 2.657519e+03 
1.723737e-01 3.186263e+03 2.526307e+03 
1.774141e-01 3.087891e+03 2.403969e+03 
1.824545e-01 2.994888e+03 2.289751e+03 
1.874949e-01 2.897734e+03 2.182980e+03 
1.925354e-01 2.790654e+03 2.083045e+03 
1.975758e-01 2.672407e+03 1.989397e+03 
2.026162e-01 2.546765e+03 1.901538e+03 
2.076566e-01 2.420754e+03 1.819019e+03 
2.126970e-01 2.301319e+03 1.741431e+03 
2.177374e-01 2.193490e+03 1.668402e+03 
2.227778e-01 2.099944e+03 1.599595e+03 
2.278182e-01 2.020807e+03 1.534702e+03 
2.328586e-01 1.954077e+03 1.473442e+03 
2.378990e-01 1.896135e+03 1.415559e+03 
2.429394e-01 1.842861e+03 1.360816e+03 
2.479798e-01 1.790496e+03 1.308999e+03 
2.530202e-01 1.736192e+03 1.259909e+03 
2.580606e-01 1.678852e+03 1.213366e+03 
2.631010e-01 1.619176e+03 1.169202e+03 
2.681414e-01 1.558968e+03 1.127262e+03 
2.731818e-01 1.500280e+03 1.087406e+03 
2.782222e-01 1.444830e+03 1.049501e+03 
2.832626e-01 1.393904e+03 1.013427e+03 
2.883030e-01 1.348158e+03 9.790707e+02 
2.933434e-01 1.307397e+03 9.463294e+02 
2.983838e-01 1.270687e+03 9.151064e+02 
3.034242e-01 1.236675e+03 8.853122e+02 
3.084646e-01 1.204121e+03 8.568638e+02 
3.135051e-01 1.172075e+03 8.296840e+02 
3.185455e-01 1.139868e+03 8.037009e+02 
3.235859e-01 1.107290e+03 7.788474e+02 
3.286263e-01 1.074594e+03 7.550612e+02 
3.336667e-01 1.042342e+03 7.322840e+02 
3.387071e-01 1.011156e+03 7.104612e+02 
3.437475e-01 9.815331e+02 6.895421e+02 
3.487879e-01 9.537761e+02 6.694789e+02 
3.538283e-01 9.279703e+02 6.502271e+02 
3.588687e-01 9.039605e+02 6.317449e+02 
3.639091e-01 8.814188e+02 6.139932e+02 
3.689495e-01 8.599476e+02 5.969350e+02 
3.739899e-01 8.391831e+02 5.805360e+02 
3.790303e-01 8.188899e+02 5.647636e+02 
3.840707e-01 7.988719e+02 5.495873e+02 
3.891111e-01 7.790565e+02 5.349785e+02 
3.941515e-01 7.595224e+02 5.209100e+02 
3.991919e-01 7.404510e+02 5.073563e+02 
4.042323e-01 7.220315e+02 4.942935e+02 
4.092727e-01 7.043717e+02 4.816988e+02 
4.143131e-01 6.874991e+02 4.695509e+02 
4.193535e-01 6.714196e+02 4.578295e+02 
4.243939e-01 6.561049e+02 4.465154e+02 
4.294343e-01 6.414642e+02 4.355908e+02 
4.344747e-01 6.273588e+02 4.250383e+02 
4.395152e-01 6.136517e+02 4.148419e+02 
4.445556e-01 6.002674e+02 4.049861e+02 
4.495960e-01 5.871897e+02 3.954565e+02 
4.546364e-01 5.744055e+02 3.862393e+02 
4.596768e-01 5.618992e+02 3.773213e+02 
4.647172e-01 5.496948e+02 3.686902e+02 
4.697576e-01 5.378531e+02 3.603342e+02 
4.747980e-01 5.264208e+02 3.522421e+02 
4.798384e-01 5.153961e+02 3.444032e+02 
4.848788e-01 5.047545e+02 3.368074e+02 
4.899192e-01 4.944737e+02 3.294450e+02 
4.949596e-01 4.845382e+02 3.223069e+02 
5.000000e-01 4.749130e+02 3.153844e+02 
