1.000000e-03 6.110715e+03 6.110128e+03 
6.040404e-03 2.677150e+04 2.689838e+04 
1.108081e-02 3.612892e+04 3.610019e+04 
1.612121e-02 3.859335e+04 3.825238e+04 
2.116162e-02 3.679265e+04 3.564292e+04 
2.620202e-02 3.266912e+04 3.075840e+04 
3.124242e-02 2.773996e+04 2.588854e+04 
3.628283e-02 2.306526e+04 2.193866e+04 
4.132323e-02 1.923192e+04 1.889154e+04 
4.636364e-02 1.640948e+04 1.651305e+04 
5.140404e-02 1.457998e+04 1.460474e+04 
5.644444e-02 1.350388e+04 1.303329e+04 
6.148485e-02 1.291995e+04 1.171237e+04 
6.652525e-02 1.256121e+04 1.058474e+04 
7.156566e-02 1.220309e+04 9.610811e+03 
7.660606e-02 1.167926e+04 8.762011e+03 
8.164646e-02 1.091195e+04 8.016896e+03 
8.668687e-02 9.926242e+03 7.358875e+03 
9.172727e-02 8.822263e+03 6.774794e+03 
9.676768e-02 7.728361e+03 6.254024e+03 
1.018081e-01 6.759659e+03 5.787848e+03 
1.068485e-01 5.991137e+03 5.369032e+03 
1.118889e-01 5.447740e+03 4.991514e+03 
1.169293e-01 5.113425e+03 4.650175e+03 
1.219697e-01 4.945049e+03 4.340663e+03 
1.270101e-01 4.883304e+03 4.059255e+03 
1.320505e-01 4.861832e+03 3.802752e+03 
1.370909e-01 4.818767e+03 3.568391e+03 
1.421313e-01 4.709286e+03 3.353776e+03 
1.471717e-01 4.512504e+03 3.156818e+03 
1.522121e-01 4.231974e+03 2.975697e+03 
1.572525e-01 3.892595e+03 2.808813e+03 
1.622929e-01 3.534279e+03 2.654760e+03 
1.673333e-01 3.199583e+03 2.512300e+03 
1.723737e-01 2.919416e+03 2.380335e+03 
1.774141e-01 2.707799e+03 2.257893e+03 
1.824545e-01 2.565138e+03 2.144109e+03 
1.874949e-01 2.483251e+03 2.038211e+03 
1.925354e-01 2.447005e+03 1.939512e+03 
1.975758e-01 2.435293e+03 1.847393e+03 
2.026162e-01 2.424786e+03 1.761303e+03 
2.076566e-01 2.396026e+03 1.680742e+03 
2.126970e-01 2.337734e+03 1.605263e+03 
2.177374e-01 2.247188e+03 1.534460e+03 
2.227778e-01 2.129130e+03 1.467968e+03 
2.278182e-01 1.994196e+03 1.405454e+03 
2.328586e-01 1.856502e+03 1.346618e+03 
2.378990e-01 1.729535e+03 1.291186e+03 
2.429394e-01 1.622900e+03 1.238908e+03 
2.479798e-01 1.541222e+03 1.189557e+03 
2.530202e-01 1.484596e+03 1.142925e+03 
2.580606e-01 1.449438e+03 1.098823e+03 
2.631010e-01 1.429260e+03 1.057077e+03 
2.681414e-01 1.415943e+03 1.017526e+03 
2.731818e-01 1.401537e+03 9.800254e+02 
2.782222e-01 1.379854e+03 9.444391e+02 
2.832626e-01 1.347318e+03 9.106433e+02 
2.883030e-01 1.303160e+03 8.785238e+02 
2.933434e-01 1.249303e+03 8.479747e+02 
2.983838e-01 1.189801e+03 8.188987e+02 
3.034242e-01 1.129784e+03 7.912054e+02 
3.084646e-01 1.074076e+03 7.648112e+02 
3.135051e-01 1.026038e+03 7.396387e+02 
3.185455e-01 9.873129e+02 7.156159e+02 
3.235859e-01 9.579295e+02 6.926760e+02 
3.286263e-01 9.366319e+02 6.707569e+02 
3.336667e-01 9.210769e+02 6.498008e+02 
3.387071e-01 9.082754e+02 6.297538e+02 
3.437475e-01 8.952350e+02 6.105657e+02 
3.487879e-01 8.796328e+02 5.921897e+02 
3.538283e-01 8.602377e+02 5.745819e+02 
3.588687e-01 8.368130e+02 5.577015e+02 
3.639091e-01 8.100177e+02 5.415102e+02 
3.689495e-01 7.811995e+02 5.259721e+02 
3.739899e-01 7.521363e+02 5.110536e+02 
3.790303e-01 7.245852e+02 4.967232e+02 
3.840707e-01 6.999053e+02 4.829514e+02 
3.891111e-01 6.787794e+02 4.697104e+02 
3.941515e-01 6.612939e+02 4.569741e+02 
3.991919e-01 6.470445e+02 4.447180e+02 
4.042323e-01 6.351898e+02 4.329189e+02 
4.092727e-01 6.246471e+02 4.215552e+02 
4.143131e-01 6.143062e+02 4.106063e+02 
4.193535e-01 6.033020e+02 4.000528e+02 
4.243939e-01 5.911081e+02 3.898767e+02 
4.294343e-01 5.775639e+02 3.800606e+02 
4.344747e-01 5.628190e+02 3.705882e+02 
4.395152e-01 5.473205e+02 3.614443e+02 
4.445556e-01 5.317260e+02 3.526143e+02 
4.495960e-01 5.166832e+02 3.440843e+02 
4.546364e-01 5.026982e+02 3.358414e+02 
4.596768e-01 4.900662e+02 3.278733e+02 
4.647172e-01 4.788895e+02 3.201682e+02 
4.697576e-01 4.690784e+02 3.127150e+02 
4.747980e-01 4.603655e+02 3.055033e+02 
4.798384e-01 4.523344e+02 2.985230e+02 
4.848788e-01 4.445550e+02 2.917646e+02 
4.899192e-01 4.367093e+02 2.852191e+02 
4.949596e-01 4.285729e+02 2.788780e+02 
5.000000e-01 4.200455e+02 2.727331e+02 
