1.000000e-03 4.117216e+03 4.116817e+03 
6.040404e-03 1.785651e+04 1.792866e+04 
1.108081e-02 2.411831e+04 2.398580e+04 
1.612121e-02 2.602625e+04 2.552979e+04 
2.116162e-02 2.535716e+04 2.435240e+04 
2.620202e-02 2.332780e+04 2.205825e+04 
3.124242e-02 2.082057e+04 1.971478e+04 
3.628283e-02 1.841725e+04 1.765781e+04 
4.132323e-02 1.642519e+04 1.589836e+04 
4.636364e-02 1.491909e+04 1.438356e+04 
5.140404e-02 1.387155e+04 1.306557e+04 
5.644444e-02 1.312214e+04 1.190906e+04 
6.148485e-02 1.251736e+04 1.088790e+04 
6.652525e-02 1.191420e+04 9.981972e+03 
7.156566e-02 1.122594e+04 9.175186e+03 
7.660606e-02 1.042559e+04 8.454297e+03 
8.164646e-02 9.548011e+03 7.808214e+03 
8.668687e-02 8.663139e+03 7.227540e+03 
9.172727e-02 7.843023e+03 6.704250e+03 
9.676768e-02 7.143038e+03 6.231461e+03 
1.018081e-01 6.594106e+03 5.803240e+03 
1.068485e-01 6.194934e+03 5.414461e+03 
1.118889e-01 5.914724e+03 5.060676e+03 
1.169293e-01 5.707362e+03 4.738022e+03 
1.219697e-01 5.526135e+03 4.443127e+03 
1.270101e-01 5.332586e+03 4.173048e+03 
1.320505e-01 5.102558e+03 3.925203e+03 
1.370909e-01 4.830426e+03 3.697327e+03 
1.421313e-01 4.528131e+03 3.487425e+03 
1.471717e-01 4.217025e+03 3.293735e+03 
1.522121e-01 3.919555e+03 3.114698e+03 
1.572525e-01 3.655265e+03 2.948935e+03 
1.622929e-01 3.437517e+03 2.795216e+03 
1.673333e-01 3.269580e+03 2.652449e+03 
1.723737e-01 3.143908e+03 2.519659e+03 
1.774141e-01 3.046427e+03 2.395971e+03 
1.824545e-01 2.962447e+03 2.280605e+03 
1.874949e-01 2.879389e+03 2.172858e+03 
1.925354e-01 2.787369e+03 2.072098e+03 
1.975758e-01 2.680988e+03 1.977757e+03 
2.026162e-01 2.561104e+03 1.889319e+03 
2.076566e-01 2.433941e+03 1.806321e+03 
2.126970e-01 2.307764e+03 1.728341e+03 
2.177374e-01 2.189814e+03 1.654997e+03 
2.227778e-01 2.085184e+03 1.585940e+03 
2.278182e-01 1.996467e+03 1.520856e+03 
2.328586e-01 1.923503e+03 1.459456e+03 
2.378990e-01 1.863609e+03 1.401476e+03 
2.429394e-01 1.812455e+03 1.346675e+03 
2.479798e-01 1.765182e+03 1.294834e+03 
2.530202e-01 1.717474e+03 1.245750e+03 
2.580606e-01 1.666493e+03 1.199237e+03 
2.631010e-01 1.611370e+03 1.155125e+03 
2.681414e-01 1.553079e+03 1.113258e+03 
2.731818e-01 1.493640e+03 1.073490e+03 
2.782222e-01 1.435400e+03 1.035688e+03 
2.832626e-01 1.380555e+03 9.997289e+02 
2.883030e-01 1.330724e+03 9.654987e+02 
2.933434e-01 1.286637e+03 9.328920e+02 
2.983838e-01 1.248023e+03 9.018110e+02 
3.034242e-01 1.213827e+03 8.721651e+02 
3.084646e-01 1.182614e+03 8.438702e+02 
3.135051e-01 1.152893e+03 8.168480e+02 
3.185455e-01 1.123386e+03 7.910259e+02 
3.235859e-01 1.093272e+03 7.663361e+02 
3.286263e-01 1.062325e+03 7.427155e+02 
3.336667e-01 1.030840e+03 7.201052e+02 
3.387071e-01 9.994163e+02 6.984502e+02 
3.437475e-01 9.687872e+02 6.776993e+02 
3.487879e-01 9.396506e+02 6.578043e+02 
3.538283e-01 9.125092e+02 6.387204e+02 
3.588687e-01 8.875050e+02 6.204055e+02 
3.639091e-01 8.644888e+02 6.028200e+02 
3.689495e-01 8.431133e+02 5.859271e+02 
3.739899e-01 8.229926e+02 5.696919e+02 
3.790303e-01 8.036854e+02 5.540819e+02 
3.840707e-01 7.847597e+02 5.390664e+02 
3.891111e-01 7.659318e+02 5.246164e+02 
3.941515e-01 7.471125e+02 5.107050e+02 
3.991919e-01 7.284007e+02 4.973064e+02 
4.042323e-01 7.099948e+02 4.843966e+02 
4.092727e-01 6.920890e+02 4.719528e+02 
4.143131e-01 6.748506e+02 4.599536e+02 
4.193535e-01 6.584136e+02 4.483787e+02 
4.243939e-01 6.428560e+02 4.372090e+02 
4.294343e-01 6.281603e+02 4.264263e+02 
4.344747e-01 6.141912e+02 4.160136e+02 
4.395152e-01 6.007970e+02 4.059547e+02 
4.445556e-01 5.878531e+02 3.962342e+02 
4.495960e-01 5.752386e+02 3.868375e+02 
4.546364e-01 5.628834e+02 3.777510e+02 
4.596768e-01 5.507111e+02 3.689615e+02 
4.647172e-01 5.387261e+02 3.604566e+02 
4.697576e-01 5.269933e+02 3.522246e+02 
4.747980e-01 5.155744e+02 3.442543e+02 
4.798384e-01 5.045112e+02 3.365350e+02 
4.848788e-01 4.938338e+02 3.290567e+02 
4.899192e-01 4.835565e+02 3.218097e+02 
4.949596e-01 4.736821e+02 3.147849e+02 
5.000000e-01 4.641808e+02 3.079736e+02 
