1.000000e-03 4.710690e+03 4.710255e+03 
6.040404e-03 2.158148e+04 2.168379e+04 
1.108081e-02 2.980843e+04 2.977346e+04 
1.612121e-02 3.246799e+04 3.215910e+04 
2.116162e-02 3.155224e+04 3.058172e+04 
2.620202e-02 2.858780e+04 2.697861e+04 
3.124242e-02 2.479761e+04 2.319136e+04 
3.628283e-02 2.106783e+04 2.001163e+04 
4.132323e-02 1.791980e+04 1.748836e+04 
4.636364e-02 1.553709e+04 1.547115e+04 
5.140404e-02 1.394267e+04 1.381985e+04 
5.644444e-02 1.296233e+04 1.243695e+04 
6.148485e-02 1.239165e+04 1.125792e+04 
6.652525e-02 1.201914e+04 1.023918e+04 
7.156566e-02 1.164854e+04 9.350106e+03 
7.660606e-02 1.114090e+04 8.568171e+03 
8.164646e-02 1.043471e+04 7.876209e+03 
8.668687e-02 9.551868e+03 7.260717e+03 
9.172727e-02 8.571126e+03 6.710832e+03 
9.676768e-02 7.595068e+03 6.217652e+03 
1.018081e-01 6.720725e+03 5.773784e+03 
1.068485e-01 6.016455e+03 5.373023e+03 
1.118889e-01 5.508265e+03 5.010116e+03 
1.169293e-01 5.182849e+03 4.680583e+03 
1.219697e-01 5.002000e+03 4.380583e+03 
1.270101e-01 4.915213e+03 4.106805e+03 
1.320505e-01 4.866541e+03 3.856381e+03 
1.370909e-01 4.802385e+03 3.626820e+03 
1.421313e-01 4.682429e+03 3.415944e+03 
1.471717e-01 4.487864e+03 3.221849e+03 
1.522121e-01 4.222831e+03 3.042861e+03 
1.572525e-01 3.908925e+03 2.877506e+03 
1.622929e-01 3.578884e+03 2.724481e+03 
1.673333e-01 3.267694e+03 2.582631e+03 
1.723737e-01 3.003197e+03 2.450930e+03 
1.774141e-01 2.799709e+03 2.328466e+03 
1.824545e-01 2.658551e+03 2.214423e+03 
1.874949e-01 2.571607e+03 2.108072e+03 
1.925354e-01 2.525019e+03 2.008760e+03 
1.975758e-01 2.500786e+03 1.915898e+03 
2.026162e-01 2.479209e+03 1.828959e+03 
2.076566e-01 2.442974e+03 1.747466e+03 
2.126970e-01 2.381260e+03 1.670988e+03 
2.177374e-01 2.291408e+03 1.599134e+03 
2.227778e-01 2.177873e+03 1.531552e+03 
2.278182e-01 2.050152e+03 1.467921e+03 
2.328586e-01 1.920100e+03 1.407947e+03 
2.378990e-01 1.799137e+03 1.351366e+03 
2.429394e-01 1.695869e+03 1.297933e+03 
2.479798e-01 1.614872e+03 1.247427e+03 
2.530202e-01 1.556614e+03 1.199644e+03 
2.580606e-01 1.517917e+03 1.154399e+03 
2.631010e-01 1.492914e+03 1.111521e+03 
2.681414e-01 1.474370e+03 1.070851e+03 
2.731818e-01 1.455345e+03 1.032247e+03 
2.782222e-01 1.430384e+03 9.955739e+02 
2.832626e-01 1.396183e+03 9.607099e+02 
2.883030e-01 1.351884e+03 9.275415e+02 
2.933434e-01 1.299125e+03 8.959638e+02 
2.983838e-01 1.241529e+03 8.658797e+02 
3.034242e-01 1.183540e+03 8.371995e+02 
3.084646e-01 1.129290e+03 8.098397e+02 
3.135051e-01 1.081771e+03 7.837231e+02 
3.185455e-01 1.042624e+03 7.587777e+02 
3.235859e-01 1.012053e+03 7.349366e+02 
3.286263e-01 9.888905e+02 7.121376e+02 
3.336667e-01 9.709894e+02 6.903226e+02 
3.387071e-01 9.557240e+02 6.694376e+02 
3.437475e-01 9.405149e+02 6.494319e+02 
3.487879e-01 9.233404e+02 6.302585e+02 
3.538283e-01 9.029450e+02 6.118732e+02 
3.588687e-01 8.790095e+02 5.942346e+02 
3.639091e-01 8.521447e+02 5.773042e+02 
3.689495e-01 8.236018e+02 5.610455e+02 
3.739899e-01 7.949245e+02 5.454246e+02 
3.790303e-01 7.675980e+02 5.304096e+02 
3.840707e-01 7.427627e+02 5.159705e+02 
3.891111e-01 7.211084e+02 5.020791e+02 
3.941515e-01 7.028276e+02 4.887089e+02 
3.991919e-01 6.875638e+02 4.758348e+02 
4.042323e-01 6.745269e+02 4.634334e+02 
4.092727e-01 6.627309e+02 4.514825e+02 
4.143131e-01 6.512240e+02 4.399612e+02 
4.193535e-01 6.392766e+02 4.288498e+02 
4.243939e-01 6.263810e+02 4.181297e+02 
4.294343e-01 6.123445e+02 4.077831e+02 
4.344747e-01 5.972703e+02 3.977936e+02 
4.395152e-01 5.815771e+02 3.881452e+02 
4.445556e-01 5.658447e+02 3.788233e+02 
4.495960e-01 5.506340e+02 3.698135e+02 
4.546364e-01 5.363652e+02 3.611026e+02 
4.596768e-01 5.233165e+02 3.526779e+02 
4.647172e-01 5.116116e+02 3.445273e+02 
4.697576e-01 5.011711e+02 3.366395e+02 
4.747980e-01 4.917733e+02 3.290035e+02 
4.798384e-01 4.830315e+02 3.216092e+02 
4.848788e-01 4.745853e+02 3.144467e+02 
4.899192e-01 4.661331e+02 3.075068e+02 
4.949596e-01 4.574802e+02 3.007805e+02 
5.000000e-01 4.485289e+02 2.942595e+02 
