1.000000e-03 5.054711e+03 5.054213e+03 
6.040404e-03 2.260106e+04 2.217253e+04 
1.108081e-02 3.097388e+04 2.973895e+04 
1.612121e-02 3.358676e+04 3.233624e+04 
2.116162e-02 3.254177e+04 3.243576e+04 
2.620202e-02 2.941956e+04 3.134290e+04 
3.124242e-02 2.547491e+04 2.971503e+04 
3.628283e-02 2.161206e+04 2.788073e+04 
4.132323e-02 1.835970e+04 2.600985e+04 
4.636364e-02 1.590068e+04 2.419072e+04 
5.140404e-02 1.425436e+04 2.246748e+04 
5.644444e-02 1.323955e+04 2.085962e+04 
6.148485e-02 1.264543e+04 1.937294e+04 
6.652525e-02 1.225503e+04 1.800568e+04 
7.156566e-02 1.186773e+04 1.675210e+04 
7.660606e-02 1.134198e+04 1.560456e+04 
8.164646e-02 1.061538e+04 1.455468e+04 
8.668687e-02 9.710557e+03 1.359405e+04 
9.172727e-02 8.707764e+03 1.271459e+04 
9.676768e-02 7.711251e+03 1.190873e+04 
1.018081e-01 6.819372e+03 1.116949e+04 
1.068485e-01 6.101181e+03 1.049052e+04 
1.118889e-01 5.582677e+03 9.866082e+03 
1.169293e-01 5.250002e+03 9.290984e+03 
1.219697e-01 5.064145e+03 8.760577e+03 
1.270101e-01 4.973751e+03 8.270683e+03 
1.320505e-01 4.922080e+03 7.817559e+03 
1.370909e-01 4.854884e+03 7.397850e+03 
1.421313e-01 4.731438e+03 7.008546e+03 
1.471717e-01 4.532816e+03 6.646947e+03 
1.522121e-01 4.263283e+03 6.310628e+03 
1.572525e-01 3.944714e+03 5.997408e+03 
1.622929e-01 3.610180e+03 5.705327e+03 
1.673333e-01 3.294964e+03 5.432616e+03 
1.723737e-01 3.027093e+03 5.177681e+03 
1.774141e-01 2.820929e+03 4.939079e+03 
1.824545e-01 2.677724e+03 4.715508e+03 
1.874949e-01 2.589232e+03 4.505785e+03 
1.925354e-01 2.541444e+03 4.308838e+03 
1.975758e-01 2.516203e+03 4.123695e+03 
2.026162e-01 2.493670e+03 3.949468e+03 
2.076566e-01 2.456433e+03 3.785351e+03 
2.126970e-01 2.393626e+03 3.630608e+03 
2.177374e-01 2.302599e+03 3.484566e+03 
2.227778e-01 2.187851e+03 3.346609e+03 
2.278182e-01 2.058940e+03 3.216175e+03 
2.328586e-01 1.927775e+03 3.092747e+03 
2.378990e-01 1.805820e+03 2.975851e+03 
2.429394e-01 1.701698e+03 2.865050e+03 
2.479798e-01 1.619984e+03 2.759945e+03 
2.530202e-01 1.561128e+03 2.660164e+03 
2.580606e-01 1.521923e+03 2.565369e+03 
2.631010e-01 1.496471e+03 2.475242e+03 
2.681414e-01 1.477512e+03 2.389495e+03 
2.731818e-01 1.458089e+03 2.307857e+03 
2.782222e-01 1.432734e+03 2.230080e+03 
2.832626e-01 1.398145e+03 2.155932e+03 
2.883030e-01 1.353468e+03 2.085198e+03 
2.933434e-01 1.300349e+03 2.017680e+03 
2.983838e-01 1.242419e+03 1.953192e+03 
3.034242e-01 1.184126e+03 1.891561e+03 
3.084646e-01 1.129602e+03 1.832627e+03 
3.135051e-01 1.081838e+03 1.776241e+03 
3.185455e-01 1.042468e+03 1.722262e+03 
3.235859e-01 1.011691e+03 1.670559e+03 
3.286263e-01 9.883335e+02 1.621011e+03 
3.336667e-01 9.702464e+02 1.573504e+03 
3.387071e-01 9.548025e+02 1.527931e+03 
3.437475e-01 9.394238e+02 1.484192e+03 
3.487879e-01 9.220908e+02 1.442192e+03 
3.538283e-01 9.015510e+02 1.401844e+03 
3.588687e-01 8.774873e+02 1.363066e+03 
3.639091e-01 8.505112e+02 1.325779e+03 
3.689495e-01 8.218725e+02 1.289910e+03 
3.739899e-01 7.931121e+02 1.255391e+03 
3.790303e-01 7.657112e+02 1.222157e+03 
3.840707e-01 7.408066e+02 1.190147e+03 
3.891111e-01 7.190843e+02 1.159304e+03 
3.941515e-01 7.007344e+02 1.129573e+03 
3.991919e-01 6.853998e+02 1.100904e+03 
4.042323e-01 6.722913e+02 1.073247e+03 
4.092727e-01 6.604251e+02 1.046558e+03 
4.143131e-01 6.488521e+02 1.020793e+03 
4.193535e-01 6.368453e+02 9.959119e+02 
4.243939e-01 6.238990e+02 9.718751e+02 
4.294343e-01 6.098218e+02 9.486464e+02 
4.344747e-01 5.947168e+02 9.261912e+02 
4.395152e-01 5.790013e+02 9.044765e+02 
4.445556e-01 5.632525e+02 8.834713e+02 
4.495960e-01 5.480287e+02 8.631458e+02 
4.546364e-01 5.337476e+02 8.434721e+02 
4.596768e-01 5.206857e+02 8.244234e+02 
4.647172e-01 5.089651e+02 8.059743e+02 
4.697576e-01 4.985065e+02 7.881008e+02 
4.747980e-01 4.890886e+02 7.707799e+02 
4.798384e-01 4.803264e+02 7.539897e+02 
4.848788e-01 4.718613e+02 7.377095e+02 
4.899192e-01 4.633931e+02 7.219195e+02 
4.949596e-01 4.547285e+02 7.066008e+02 
5.000000e-01 4.457703e+02 6.917354e+02 
