1.000000e-03 3.539459e+03 3.539156e+03 
6.040404e-03 1.614553e+04 1.622445e+04 
1.108081e-02 2.259599e+04 2.255035e+04 
1.612121e-02 2.506930e+04 2.478838e+04 
2.116162e-02 2.494702e+04 2.419872e+04 
2.620202e-02 2.326718e+04 2.206867e+04 
3.124242e-02 2.086009e+04 1.961581e+04 
3.628283e-02 1.834420e+04 1.742005e+04 
4.132323e-02 1.611064e+04 1.557942e+04 
4.636364e-02 1.433041e+04 1.403829e+04 
5.140404e-02 1.304873e+04 1.272806e+04 
5.644444e-02 1.218977e+04 1.159671e+04 
6.148485e-02 1.160923e+04 1.060790e+04 
6.652525e-02 1.117934e+04 9.735876e+03 
7.156566e-02 1.077032e+04 8.961696e+03 
7.660606e-02 1.027800e+04 8.270803e+03 
8.164646e-02 9.656905e+03 7.651629e+03 
8.668687e-02 8.922964e+03 7.094735e+03 
9.172727e-02 8.131201e+03 6.592269e+03 
9.676768e-02 7.347228e+03 6.137611e+03 
1.018081e-01 6.631533e+03 5.725121e+03 
1.068485e-01 6.031755e+03 5.349960e+03 
1.118889e-01 5.573385e+03 5.007952e+03 
1.169293e-01 5.253677e+03 4.695473e+03 
1.219697e-01 5.045968e+03 4.409368e+03 
1.270101e-01 4.910815e+03 4.146879e+03 
1.320505e-01 4.807020e+03 3.905590e+03 
1.370909e-01 4.698356e+03 3.683375e+03 
1.421313e-01 4.557482e+03 3.478358e+03 
1.471717e-01 4.369848e+03 3.288885e+03 
1.522121e-01 4.135962e+03 3.113485e+03 
1.572525e-01 3.869404e+03 2.950856e+03 
1.622929e-01 3.591935e+03 2.799836e+03 
1.673333e-01 3.327322e+03 2.659389e+03 
1.723737e-01 3.095385e+03 2.528588e+03 
1.774141e-01 2.907654e+03 2.406604e+03 
1.824545e-01 2.766436e+03 2.292691e+03 
1.874949e-01 2.666576e+03 2.186180e+03 
1.925354e-01 2.598313e+03 2.086466e+03 
1.975758e-01 2.549083e+03 1.993004e+03 
2.026162e-01 2.505063e+03 1.905301e+03 
2.076566e-01 2.453570e+03 1.822910e+03 
2.126970e-01 2.386241e+03 1.745427e+03 
2.177374e-01 2.300718e+03 1.672482e+03 
2.227778e-01 2.199671e+03 1.603741e+03 
2.278182e-01 2.089074e+03 1.538898e+03 
2.328586e-01 1.976448e+03 1.477673e+03 
2.378990e-01 1.869625e+03 1.419812e+03 
2.429394e-01 1.775206e+03 1.365081e+03 
2.479798e-01 1.696919e+03 1.313266e+03 
2.530202e-01 1.635341e+03 1.264170e+03 
2.580606e-01 1.588476e+03 1.217613e+03 
2.631010e-01 1.552646e+03 1.173429e+03 
2.681414e-01 1.523229e+03 1.131464e+03 
2.731818e-01 1.495246e+03 1.091578e+03 
2.782222e-01 1.464346e+03 1.053639e+03 
2.832626e-01 1.427816e+03 1.017527e+03 
2.883030e-01 1.384964e+03 9.831304e+02 
2.933434e-01 1.336856e+03 9.503460e+02 
2.983838e-01 1.285634e+03 9.190777e+02 
3.034242e-01 1.233910e+03 8.892365e+02 
3.084646e-01 1.184397e+03 8.607397e+02 
3.135051e-01 1.139420e+03 8.335103e+02 
3.185455e-01 1.100431e+03 8.074766e+02 
3.235859e-01 1.067793e+03 7.825720e+02 
3.286263e-01 1.040794e+03 7.587340e+02 
3.336667e-01 1.018036e+03 7.359048e+02 
3.387071e-01 9.978251e+02 7.140298e+02 
3.437475e-01 9.784611e+02 6.930584e+02 
3.487879e-01 9.584977e+02 6.729430e+02 
3.538283e-01 9.369177e+02 6.536392e+02 
3.588687e-01 9.132781e+02 6.351053e+02 
3.639091e-01 8.878147e+02 6.173021e+02 
3.689495e-01 8.612890e+02 6.001930e+02 
3.739899e-01 8.347104e+02 5.837434e+02 
3.790303e-01 8.090445e+02 5.679210e+02 
3.840707e-01 7.850605e+02 5.526953e+02 
3.891111e-01 7.632436e+02 5.380375e+02 
3.941515e-01 7.438157e+02 5.239208e+02 
3.991919e-01 7.266651e+02 5.103195e+02 
4.042323e-01 7.113783e+02 4.972098e+02 
4.092727e-01 6.973366e+02 4.845689e+02 
4.143131e-01 6.838659e+02 4.723754e+02 
4.193535e-01 6.704074e+02 4.606091e+02 
4.243939e-01 6.566040e+02 4.492510e+02 
4.294343e-01 6.422945e+02 4.382829e+02 
4.344747e-01 6.274937e+02 4.276878e+02 
4.395152e-01 6.123793e+02 4.174494e+02 
4.445556e-01 5.972530e+02 4.075524e+02 
4.495960e-01 5.824653e+02 3.979823e+02 
4.546364e-01 5.683506e+02 3.887253e+02 
4.596768e-01 5.551137e+02 3.797683e+02 
4.647172e-01 5.428461e+02 3.710988e+02 
4.697576e-01 5.315009e+02 3.627051e+02 
4.747980e-01 5.209694e+02 3.545760e+02 
4.798384e-01 5.110770e+02 3.467008e+02 
4.848788e-01 5.015993e+02 3.390694e+02 
4.899192e-01 4.923194e+02 3.316721e+02 
4.949596e-01 4.830573e+02 3.244997e+02 
5.000000e-01 4.737124e+02 3.175435e+02 
