1.000000e-03 3.287826e+03 3.287509e+03 
6.040404e-03 1.442855e+04 1.448147e+04 
1.108081e-02 1.959391e+04 1.943065e+04 
1.612121e-02 2.134487e+04 2.082232e+04 
2.116162e-02 2.112374e+04 2.021246e+04 
2.620202e-02 1.987057e+04 1.879984e+04 
3.124242e-02 1.823185e+04 1.725645e+04 
3.628283e-02 1.661642e+04 1.579772e+04 
4.132323e-02 1.522999e+04 1.446515e+04 
4.636364e-02 1.411834e+04 1.325822e+04 
5.140404e-02 1.326775e+04 1.216827e+04 
5.644444e-02 1.254807e+04 1.118529e+04 
6.148485e-02 1.187500e+04 1.029920e+04 
6.652525e-02 1.117882e+04 9.500327e+03 
7.156566e-02 1.043250e+04 8.779611e+03 
7.660606e-02 9.650679e+03 8.128705e+03 
8.164646e-02 8.878605e+03 7.540042e+03 
8.668687e-02 8.165168e+03 7.006827e+03 
9.172727e-02 7.543242e+03 6.523006e+03 
9.676768e-02 7.029632e+03 6.083206e+03 
1.018081e-01 6.623197e+03 5.682679e+03 
1.068485e-01 6.302406e+03 5.317232e+03 
1.118889e-01 6.031400e+03 4.983167e+03 
1.169293e-01 5.775638e+03 4.677220e+03 
1.219697e-01 5.512292e+03 4.396512e+03 
1.270101e-01 5.232454e+03 4.138500e+03 
1.320505e-01 4.937967e+03 3.900934e+03 
1.370909e-01 4.640994e+03 3.681820e+03 
1.421313e-01 4.356964e+03 3.479392e+03 
1.471717e-01 4.098334e+03 3.292078e+03 
1.522121e-01 3.872339e+03 3.118479e+03 
1.572525e-01 3.681424e+03 2.957350e+03 
1.622929e-01 3.523114e+03 2.807576e+03 
1.673333e-01 3.388852e+03 2.668159e+03 
1.723737e-01 3.267036e+03 2.538208e+03 
1.774141e-01 3.148139e+03 2.416918e+03 
1.824545e-01 3.027275e+03 2.303568e+03 
1.874949e-01 2.902742e+03 2.197507e+03 
1.925354e-01 2.775321e+03 2.098147e+03 
1.975758e-01 2.648165e+03 2.004957e+03 
2.026162e-01 2.526153e+03 1.917457e+03 
2.076566e-01 2.413625e+03 1.835208e+03 
2.126970e-01 2.312569e+03 1.757816e+03 
2.177374e-01 2.222996e+03 1.684918e+03 
2.227778e-01 2.143337e+03 1.616186e+03 
2.278182e-01 2.071326e+03 1.551320e+03 
2.328586e-01 2.004199e+03 1.490046e+03 
2.378990e-01 1.939568e+03 1.432112e+03 
2.429394e-01 1.875693e+03 1.377289e+03 
2.479798e-01 1.811740e+03 1.325365e+03 
2.530202e-01 1.747839e+03 1.276147e+03 
2.580606e-01 1.685001e+03 1.229457e+03 
2.631010e-01 1.624641e+03 1.185129e+03 
2.681414e-01 1.567789e+03 1.143013e+03 
2.731818e-01 1.514915e+03 1.102969e+03 
2.782222e-01 1.465971e+03 1.064868e+03 
2.832626e-01 1.420702e+03 1.028590e+03 
2.883030e-01 1.378495e+03 9.940245e+02 
2.933434e-01 1.338529e+03 9.610692e+02 
2.983838e-01 1.300022e+03 9.296288e+02 
3.034242e-01 1.262478e+03 8.996149e+02 
3.084646e-01 1.225705e+03 8.709453e+02 
3.135051e-01 1.189692e+03 8.435435e+02 
3.185455e-01 1.154590e+03 8.173383e+02 
3.235859e-01 1.120655e+03 7.922634e+02 
3.286263e-01 1.088178e+03 7.682566e+02 
3.336667e-01 1.057332e+03 7.452601e+02 
3.387071e-01 1.028108e+03 7.232200e+02 
3.437475e-01 1.000409e+03 7.020855e+02 
3.487879e-01 9.740601e+02 6.818092e+02 
3.538283e-01 9.488401e+02 6.623470e+02 
3.588687e-01 9.245194e+02 6.436570e+02 
3.639091e-01 9.009237e+02 6.257004e+02 
3.689495e-01 8.779917e+02 6.084404e+02 
3.739899e-01 8.557145e+02 5.918426e+02 
3.790303e-01 8.341019e+02 5.758747e+02 
3.840707e-01 8.131443e+02 5.605061e+02 
3.891111e-01 7.929064e+02 5.457083e+02 
3.941515e-01 7.734363e+02 5.314541e+02 
3.991919e-01 7.547573e+02 5.177181e+02 
4.042323e-01 7.368211e+02 5.044763e+02 
4.092727e-01 7.195441e+02 4.917060e+02 
4.143131e-01 7.028679e+02 4.793857e+02 
4.193535e-01 6.867539e+02 4.674953e+02 
4.243939e-01 6.711664e+02 4.560156e+02 
4.294343e-01 6.560199e+02 4.449285e+02 
4.344747e-01 6.412957e+02 4.342169e+02 
4.395152e-01 6.269857e+02 4.238644e+02 
4.445556e-01 6.131318e+02 4.138558e+02 
4.495960e-01 5.997111e+02 4.041764e+02 
4.546364e-01 5.866921e+02 3.948124e+02 
4.596768e-01 5.740785e+02 3.857507e+02 
4.647172e-01 5.618816e+02 3.769789e+02 
4.697576e-01 5.500916e+02 3.684850e+02 
4.747980e-01 5.386535e+02 3.602578e+02 
4.798384e-01 5.275414e+02 3.522866e+02 
4.848788e-01 5.167425e+02 3.445613e+02 
4.899192e-01 5.062694e+02 3.370720e+02 
4.949596e-01 4.960857e+02 3.298097e+02 
5.000000e-01 4.861687e+02 3.227655e+02 
