1.000000e-03 3.326138e+03 3.325815e+03 
6.040404e-03 1.466036e+04 1.471406e+04 
1.108081e-02 1.992597e+04 1.976216e+04 
1.612121e-02 2.170314e+04 2.117637e+04 
2.116162e-02 2.145975e+04 2.053469e+04 
2.620202e-02 2.015778e+04 1.907017e+04 
3.124242e-02 1.846358e+04 1.747965e+04 
3.628283e-02 1.679918e+04 1.598436e+04 
4.132323e-02 1.537641e+04 1.462396e+04 
4.636364e-02 1.424470e+04 1.339536e+04 
5.140404e-02 1.338572e+04 1.228809e+04 
5.644444e-02 1.266583e+04 1.129090e+04 
6.148485e-02 1.199466e+04 1.039297e+04 
6.652525e-02 1.129835e+04 9.584101e+03 
7.156566e-02 1.054692e+04 8.854841e+03 
7.660606e-02 9.754444e+03 8.196577e+03 
8.164646e-02 8.967680e+03 7.601530e+03 
8.668687e-02 8.238107e+03 7.062746e+03 
9.172727e-02 7.601449e+03 6.574038e+03 
9.676768e-02 7.076975e+03 6.129933e+03 
1.018081e-01 6.664233e+03 5.725594e+03 
1.068485e-01 6.341513e+03 5.356759e+03 
1.118889e-01 6.071914e+03 5.019672e+03 
1.169293e-01 5.818838e+03 4.711020e+03 
1.219697e-01 5.558299e+03 4.427883e+03 
1.270101e-01 5.279443e+03 4.167683e+03 
1.320505e-01 4.983541e+03 3.928140e+03 
1.370909e-01 4.682695e+03 3.707235e+03 
1.421313e-01 4.393414e+03 3.503180e+03 
1.471717e-01 4.129107e+03 3.314385e+03 
1.522121e-01 3.897891e+03 3.139434e+03 
1.572525e-01 3.703274e+03 2.977068e+03 
1.622929e-01 3.543088e+03 2.826159e+03 
1.673333e-01 3.408538e+03 2.685700e+03 
1.723737e-01 3.287482e+03 2.554789e+03 
1.774141e-01 3.169897e+03 2.432614e+03 
1.824545e-01 3.050136e+03 2.318446e+03 
1.874949e-01 2.926037e+03 2.211627e+03 
1.925354e-01 2.798074e+03 2.111565e+03 
1.975758e-01 2.669474e+03 2.017723e+03 
2.026162e-01 2.545389e+03 1.929615e+03 
2.076566e-01 2.430613e+03 1.846801e+03 
2.126970e-01 2.327632e+03 1.768880e+03 
2.177374e-01 2.236540e+03 1.695489e+03 
2.227778e-01 2.156011e+03 1.626296e+03 
2.278182e-01 2.083718e+03 1.560997e+03 
2.328586e-01 2.016770e+03 1.499317e+03 
2.378990e-01 1.952488e+03 1.441002e+03 
2.429394e-01 1.888931e+03 1.385820e+03 
2.479798e-01 1.825045e+03 1.333559e+03 
2.530202e-01 1.760864e+03 1.284022e+03 
2.580606e-01 1.697463e+03 1.237031e+03 
2.631010e-01 1.636316e+03 1.192420e+03 
2.681414e-01 1.578589e+03 1.150036e+03 
2.731818e-01 1.524884e+03 1.109738e+03 
2.782222e-01 1.475298e+03 1.071396e+03 
2.832626e-01 1.429583e+03 1.034890e+03 
2.883030e-01 1.387139e+03 1.000108e+03 
2.933434e-01 1.347107e+03 9.669470e+02 
2.983838e-01 1.308602e+03 9.353111e+02 
3.034242e-01 1.271066e+03 9.051112e+02 
3.084646e-01 1.234245e+03 8.762645e+02 
3.135051e-01 1.198075e+03 8.486940e+02 
3.185455e-01 1.162707e+03 8.223279e+02 
3.235859e-01 1.128445e+03 7.970993e+02 
3.286263e-01 1.095606e+03 7.729459e+02 
3.336667e-01 1.064394e+03 7.498093e+02 
3.387071e-01 1.034867e+03 7.276351e+02 
3.437475e-01 1.006925e+03 7.063724e+02 
3.487879e-01 9.804035e+02 6.859734e+02 
3.538283e-01 9.550699e+02 6.663934e+02 
3.588687e-01 9.306628e+02 6.475907e+02 
3.639091e-01 9.069910e+02 6.295259e+02 
3.689495e-01 8.839755e+02 6.121621e+02 
3.739899e-01 8.615980e+02 5.954647e+02 
3.790303e-01 8.398365e+02 5.794010e+02 
3.840707e-01 8.187128e+02 5.639403e+02 
3.891111e-01 7.982953e+02 5.490539e+02 
3.941515e-01 7.786552e+02 5.347146e+02 
3.991919e-01 7.598215e+02 5.208966e+02 
4.042323e-01 7.417462e+02 5.075758e+02 
4.092727e-01 7.243462e+02 4.947294e+02 
4.143131e-01 7.075671e+02 4.823358e+02 
4.193535e-01 6.913759e+02 4.703746e+02 
4.243939e-01 6.757094e+02 4.588266e+02 
4.294343e-01 6.604852e+02 4.476736e+02 
4.344747e-01 6.456685e+02 4.368983e+02 
4.395152e-01 6.312806e+02 4.264844e+02 
4.445556e-01 6.173338e+02 4.164163e+02 
4.495960e-01 6.038082e+02 4.066795e+02 
4.546364e-01 5.906880e+02 3.972600e+02 
4.596768e-01 5.779798e+02 3.881446e+02 
4.647172e-01 5.656975e+02 3.793207e+02 
4.697576e-01 5.538230e+02 3.707764e+02 
4.747980e-01 5.423096e+02 3.625004e+02 
4.798384e-01 5.311310e+02 3.544820e+02 
4.848788e-01 5.202752e+02 3.467109e+02 
4.899192e-01 5.097395e+02 3.391772e+02 
4.949596e-01 4.994929e+02 3.318719e+02 
5.000000e-01 4.895121e+02 3.247859e+02 
