1.000000e-03 3.975275e+03 3.974901e+03 
6.040404e-03 1.756015e+04 1.763451e+04 
1.108081e-02 2.396673e+04 2.386233e+04 
1.612121e-02 2.604075e+04 2.560671e+04 
2.116162e-02 2.547160e+04 2.452138e+04 
2.620202e-02 2.345801e+04 2.218715e+04 
3.124242e-02 2.089858e+04 1.976023e+04 
3.628283e-02 1.840562e+04 1.763906e+04 
4.132323e-02 1.631737e+04 1.584407e+04 
4.636364e-02 1.473091e+04 1.431397e+04 
5.140404e-02 1.364121e+04 1.299232e+04 
5.644444e-02 1.289097e+04 1.183819e+04 
6.148485e-02 1.232529e+04 1.082224e+04 
6.652525e-02 1.179507e+04 9.922614e+03 
7.156566e-02 1.118758e+04 9.122310e+03 
7.660606e-02 1.045482e+04 8.407636e+03 
8.164646e-02 9.616150e+03 7.767292e+03 
8.668687e-02 8.736510e+03 7.191805e+03 
9.172727e-02 7.890990e+03 6.673148e+03 
9.676768e-02 7.144315e+03 6.204463e+03 
1.018081e-01 6.540838e+03 5.779864e+03 
1.068485e-01 6.094964e+03 5.394269e+03 
1.118889e-01 5.788219e+03 5.043282e+03 
1.169293e-01 5.578409e+03 4.723084e+03 
1.219697e-01 5.417337e+03 4.430346e+03 
1.270101e-01 5.261321e+03 4.162160e+03 
1.320505e-01 5.077197e+03 3.915979e+03 
1.370909e-01 4.847302e+03 3.689566e+03 
1.421313e-01 4.573056e+03 3.480951e+03 
1.471717e-01 4.271088e+03 3.288394e+03 
1.522121e-01 3.965499e+03 3.110356e+03 
1.572525e-01 3.680127e+03 2.945472e+03 
1.622929e-01 3.434251e+03 2.792530e+03 
1.673333e-01 3.238471e+03 2.650448e+03 
1.723737e-01 3.092346e+03 2.518262e+03 
1.774141e-01 2.986221e+03 2.395109e+03 
1.824545e-01 2.905887e+03 2.280214e+03 
1.874949e-01 2.836467e+03 2.172884e+03 
1.925354e-01 2.764410e+03 2.072492e+03 
1.975758e-01 2.679725e+03 1.978474e+03 
2.026162e-01 2.578064e+03 1.890323e+03 
2.076566e-01 2.461513e+03 1.807576e+03 
2.126970e-01 2.336829e+03 1.729818e+03 
2.177374e-01 2.212565e+03 1.656668e+03 
2.227778e-01 2.096537e+03 1.587782e+03 
2.278182e-01 1.994607e+03 1.522847e+03 
2.328586e-01 1.909729e+03 1.461576e+03 
2.378990e-01 1.841529e+03 1.403709e+03 
2.429394e-01 1.787123e+03 1.349006e+03 
2.479798e-01 1.742044e+03 1.297249e+03 
2.530202e-01 1.701134e+03 1.248237e+03 
2.580606e-01 1.659471e+03 1.201785e+03 
2.631010e-01 1.613641e+03 1.157725e+03 
2.681414e-01 1.562510e+03 1.115900e+03 
2.731818e-01 1.506999e+03 1.076167e+03 
2.782222e-01 1.449227e+03 1.038393e+03 
2.832626e-01 1.391681e+03 1.002456e+03 
2.883030e-01 1.336886e+03 9.682415e+02 
2.933434e-01 1.287025e+03 9.356457e+02 
2.983838e-01 1.243370e+03 9.045712e+02 
3.034242e-01 1.205875e+03 8.749277e+02 
3.084646e-01 1.173493e+03 8.466317e+02 
3.135051e-01 1.144693e+03 8.196053e+02 
3.185455e-01 1.117863e+03 7.937760e+02 
3.235859e-01 1.091465e+03 7.690765e+02 
3.286263e-01 1.064292e+03 7.454439e+02 
3.336667e-01 1.035746e+03 7.228197e+02 
3.387071e-01 1.005935e+03 7.011490e+02 
3.437475e-01 9.755246e+02 6.803808e+02 
3.487879e-01 9.453790e+02 6.604672e+02 
3.538283e-01 9.163347e+02 6.413634e+02 
3.588687e-01 8.890781e+02 6.230275e+02 
3.639091e-01 8.640418e+02 6.054202e+02 
3.689495e-01 8.413212e+02 5.885047e+02 
3.739899e-01 8.206698e+02 5.722462e+02 
3.790303e-01 8.016231e+02 5.566122e+02 
3.840707e-01 7.836214e+02 5.415723e+02 
3.891111e-01 7.661514e+02 5.270975e+02 
3.941515e-01 7.487845e+02 5.131609e+02 
3.991919e-01 7.312786e+02 4.997369e+02 
4.042323e-01 7.135547e+02 4.868015e+02 
4.092727e-01 6.957813e+02 4.743319e+02 
4.143131e-01 6.782214e+02 4.623068e+02 
4.193535e-01 6.611716e+02 4.507060e+02 
4.243939e-01 6.448220e+02 4.395103e+02 
4.294343e-01 6.293091e+02 4.287018e+02 
4.344747e-01 6.147369e+02 4.182632e+02 
4.395152e-01 6.010848e+02 4.081785e+02 
4.445556e-01 5.882043e+02 3.984323e+02 
4.495960e-01 5.758871e+02 3.890101e+02 
4.546364e-01 5.639473e+02 3.798982e+02 
4.596768e-01 5.522725e+02 3.710834e+02 
4.647172e-01 5.407669e+02 3.625535e+02 
4.697576e-01 5.293497e+02 3.542967e+02 
4.747980e-01 5.180305e+02 3.463017e+02 
4.798384e-01 5.068679e+02 3.385580e+02 
4.848788e-01 4.959818e+02 3.310556e+02 
4.899192e-01 4.854441e+02 3.237846e+02 
4.949596e-01 4.752924e+02 3.167362e+02 
5.000000e-01 4.655443e+02 3.099015e+02 
