1.000000e-03 7.457107e+03 7.456407e+03 
6.040404e-03 3.229555e+04 3.245783e+04 
1.108081e-02 4.334590e+04 4.337719e+04 
1.612121e-02 4.602647e+04 4.578625e+04 
2.116162e-02 4.351519e+04 4.233372e+04 
2.620202e-02 3.817536e+04 3.594645e+04 
3.124242e-02 3.187037e+04 2.957049e+04 
3.628283e-02 2.591524e+04 2.447755e+04 
4.132323e-02 2.104037e+04 2.065814e+04 
4.636364e-02 1.745882e+04 1.777084e+04 
5.140404e-02 1.513717e+04 1.552197e+04 
5.644444e-02 1.379747e+04 1.371573e+04 
6.148485e-02 1.312668e+04 1.222785e+04 
6.652525e-02 1.281132e+04 1.097812e+04 
7.156566e-02 1.258020e+04 9.912793e+03 
7.660606e-02 1.220977e+04 8.994232e+03 
8.164646e-02 1.156113e+04 8.195037e+03 
8.668687e-02 1.061535e+04 7.494562e+03 
9.172727e-02 9.459376e+03 6.876818e+03 
9.676768e-02 8.237637e+03 6.329139e+03 
1.018081e-01 7.096424e+03 5.841315e+03 
1.068485e-01 6.144909e+03 5.404997e+03 
1.118889e-01 5.438346e+03 5.013276e+03 
1.169293e-01 4.980376e+03 4.660382e+03 
1.219697e-01 4.738496e+03 4.341456e+03 
1.270101e-01 4.657533e+03 4.052375e+03 
1.320505e-01 4.668882e+03 3.789623e+03 
1.370909e-01 4.700656e+03 3.550181e+03 
1.421313e-01 4.689668e+03 3.331450e+03 
1.471717e-01 4.591335e+03 3.131175e+03 
1.522121e-01 4.385944e+03 2.947398e+03 
1.572525e-01 4.082257e+03 2.778410e+03 
1.622929e-01 3.715479e+03 2.622714e+03 
1.673333e-01 3.335308e+03 2.478993e+03 
1.723737e-01 2.987557e+03 2.346088e+03 
1.774141e-01 2.702056e+03 2.222974e+03 
1.824545e-01 2.492080e+03 2.108742e+03 
1.874949e-01 2.358509e+03 2.002584e+03 
1.925354e-01 2.292756e+03 1.903781e+03 
1.975758e-01 2.277340e+03 1.811690e+03 
2.026162e-01 2.288238e+03 1.725735e+03 
2.076566e-01 2.300315e+03 1.645400e+03 
2.126970e-01 2.292694e+03 1.570222e+03 
2.177374e-01 2.251516e+03 1.499780e+03 
2.227778e-01 2.171346e+03 1.433700e+03 
2.278182e-01 2.056014e+03 1.371638e+03 
2.328586e-01 1.917550e+03 1.313285e+03 
2.378990e-01 1.772452e+03 1.258362e+03 
2.429394e-01 1.636253e+03 1.206613e+03 
2.479798e-01 1.520451e+03 1.157805e+03 
2.530202e-01 1.431614e+03 1.111727e+03 
2.580606e-01 1.371440e+03 1.068185e+03 
2.631010e-01 1.337065e+03 1.027002e+03 
2.681414e-01 1.321967e+03 9.880163e+02 
2.731818e-01 1.317516e+03 9.510790e+02 
2.782222e-01 1.314853e+03 9.160535e+02 
2.832626e-01 1.306287e+03 8.828142e+02 
2.883030e-01 1.286082e+03 8.512454e+02 
2.933434e-01 1.251447e+03 8.212405e+02 
2.983838e-01 1.203105e+03 7.927011e+02 
3.034242e-01 1.144965e+03 7.655361e+02 
3.084646e-01 1.082807e+03 7.396615e+02 
3.135051e-01 1.022394e+03 7.149994e+02 
3.185455e-01 9.683748e+02 6.914775e+02 
3.235859e-01 9.238810e+02 6.690287e+02 
3.286263e-01 8.902799e+02 6.475907e+02 
3.336667e-01 8.671493e+02 6.271057e+02 
3.387071e-01 8.524798e+02 6.075197e+02 
3.437475e-01 8.431434e+02 5.887826e+02 
3.487879e-01 8.357172e+02 5.708474e+02 
3.538283e-01 8.271073e+02 5.536704e+02 
3.588687e-01 8.148937e+02 5.372109e+02 
3.639091e-01 7.976688e+02 5.214306e+02 
3.689495e-01 7.752393e+02 5.062939e+02 
3.739899e-01 7.485912e+02 4.917672e+02 
3.790303e-01 7.195481e+02 4.778193e+02 
3.840707e-01 6.902853e+02 4.644208e+02 
3.891111e-01 6.627404e+02 4.515441e+02 
3.941515e-01 6.384257e+02 4.391633e+02 
3.991919e-01 6.182564e+02 4.272539e+02 
4.042323e-01 6.023775e+02 4.157932e+02 
4.092727e-01 5.902521e+02 4.047596e+02 
4.143131e-01 5.808652e+02 3.941327e+02 
4.193535e-01 5.729780e+02 3.838935e+02 
4.243939e-01 5.653801e+02 3.740238e+02 
4.294343e-01 5.569614e+02 3.645067e+02 
4.344747e-01 5.469461e+02 3.553261e+02 
4.395152e-01 5.350109e+02 3.464669e+02 
4.445556e-01 5.213397e+02 3.379145e+02 
4.495960e-01 5.064947e+02 3.296556e+02 
4.546364e-01 4.911887e+02 3.216772e+02 
4.596768e-01 4.761749e+02 3.139671e+02 
4.647172e-01 4.621428e+02 3.065139e+02 
4.697576e-01 4.496181e+02 2.993066e+02 
4.747980e-01 4.388425e+02 2.923348e+02 
4.798384e-01 4.297267e+02 2.855887e+02 
4.848788e-01 4.219850e+02 2.790590e+02 
4.899192e-01 4.151851e+02 2.727369e+02 
4.949596e-01 4.088701e+02 2.666138e+02 
5.000000e-01 4.025799e+02 2.606818e+02 
