1.000000e-03 2.626697e+03 2.626446e+03 
6.040404e-03 1.183362e+04 1.187563e+04 
1.108081e-02 1.628474e+04 1.611920e+04 
1.612121e-02 1.799819e+04 1.749883e+04 
2.116162e-02 1.813349e+04 1.731064e+04 
2.620202e-02 1.742304e+04 1.645139e+04 
3.124242e-02 1.635300e+04 1.539058e+04 
3.628283e-02 1.522584e+04 1.430365e+04 
4.132323e-02 1.419519e+04 1.325305e+04 
4.636364e-02 1.330241e+04 1.226355e+04 
5.140404e-02 1.253636e+04 1.134482e+04 
5.644444e-02 1.183440e+04 1.049907e+04 
6.148485e-02 1.115247e+04 9.724531e+03 
6.652525e-02 1.046572e+04 9.017324e+03 
7.156566e-02 9.768290e+03 8.372574e+03 
7.660606e-02 9.081712e+03 7.785067e+03 
8.164646e-02 8.439303e+03 7.249622e+03 
8.668687e-02 7.864754e+03 6.761303e+03 
9.172727e-02 7.364565e+03 6.315519e+03 
9.676768e-02 6.937459e+03 5.908069e+03 
1.018081e-01 6.575285e+03 5.535147e+03 
1.068485e-01 6.258765e+03 5.193328e+03 
1.118889e-01 5.962857e+03 4.879540e+03 
1.169293e-01 5.670052e+03 4.591037e+03 
1.219697e-01 5.375896e+03 4.325368e+03 
1.270101e-01 5.084007e+03 4.080346e+03 
1.320505e-01 4.801533e+03 3.854017e+03 
1.370909e-01 4.536516e+03 3.644639e+03 
1.421313e-01 4.295314e+03 3.450656e+03 
1.471717e-01 4.080337e+03 3.270673e+03 
1.522121e-01 3.890092e+03 3.103445e+03 
1.572525e-01 3.721224e+03 2.947853e+03 
1.622929e-01 3.568569e+03 2.802893e+03 
1.673333e-01 3.425675e+03 2.667662e+03 
1.723737e-01 3.287127e+03 2.541348e+03 
1.774141e-01 3.150797e+03 2.423218e+03 
1.824545e-01 3.017191e+03 2.312610e+03 
1.874949e-01 2.887590e+03 2.208924e+03 
1.925354e-01 2.763728e+03 2.111619e+03 
1.975758e-01 2.647539e+03 2.020202e+03 
2.026162e-01 2.540348e+03 1.934227e+03 
2.076566e-01 2.442102e+03 1.853287e+03 
2.126970e-01 2.351549e+03 1.777010e+03 
2.177374e-01 2.267324e+03 1.705060e+03 
2.227778e-01 2.187936e+03 1.637127e+03 
2.278182e-01 2.111981e+03 1.572928e+03 
2.328586e-01 2.038570e+03 1.512204e+03 
2.378990e-01 1.967513e+03 1.454719e+03 
2.429394e-01 1.899062e+03 1.400254e+03 
2.479798e-01 1.833249e+03 1.348609e+03 
2.530202e-01 1.770256e+03 1.299598e+03 
2.580606e-01 1.710531e+03 1.253053e+03 
2.631010e-01 1.654383e+03 1.208817e+03 
2.681414e-01 1.601598e+03 1.166743e+03 
2.731818e-01 1.551574e+03 1.126699e+03 
2.782222e-01 1.503833e+03 1.088560e+03 
2.832626e-01 1.458190e+03 1.052211e+03 
2.883030e-01 1.414451e+03 1.017546e+03 
2.933434e-01 1.372327e+03 9.844661e+02 
2.983838e-01 1.331623e+03 9.528788e+02 
3.034242e-01 1.292359e+03 9.226989e+02 
3.084646e-01 1.254713e+03 8.938466e+02 
3.135051e-01 1.218688e+03 8.662477e+02 
3.185455e-01 1.184173e+03 8.398332e+02 
3.235859e-01 1.151088e+03 8.145382e+02 
3.286263e-01 1.119422e+03 7.903025e+02 
3.336667e-01 1.089134e+03 7.670697e+02 
3.387071e-01 1.060052e+03 7.447869e+02 
3.437475e-01 1.032004e+03 7.234047e+02 
3.487879e-01 1.004927e+03 7.028768e+02 
3.538283e-01 9.788186e+02 6.831597e+02 
3.588687e-01 9.536531e+02 6.642126e+02 
3.639091e-01 9.293595e+02 6.459971e+02 
3.689495e-01 9.058980e+02 6.284774e+02 
3.739899e-01 8.832934e+02 6.116194e+02 
3.790303e-01 8.615293e+02 5.953914e+02 
3.840707e-01 8.405498e+02 5.797633e+02 
3.891111e-01 8.202922e+02 5.647069e+02 
3.941515e-01 8.007190e+02 5.501954e+02 
3.991919e-01 7.818240e+02 5.362037e+02 
4.042323e-01 7.635733e+02 5.227080e+02 
4.092727e-01 7.459056e+02 5.096859e+02 
4.143131e-01 7.287821e+02 4.971162e+02 
4.193535e-01 7.122048e+02 4.849788e+02 
4.243939e-01 6.961790e+02 4.732547e+02 
4.294343e-01 6.806721e+02 4.619260e+02 
4.344747e-01 6.656369e+02 4.509755e+02 
4.395152e-01 6.510680e+02 4.403873e+02 
4.445556e-01 6.369654e+02 4.301459e+02 
4.495960e-01 6.233125e+02 4.202368e+02 
4.546364e-01 6.100696e+02 4.106463e+02 
4.596768e-01 5.972043e+02 4.013613e+02 
4.647172e-01 5.847285e+02 3.923693e+02 
4.697576e-01 5.726273e+02 3.836585e+02 
4.747980e-01 5.608852e+02 3.752176e+02 
4.798384e-01 5.494713e+02 3.670360e+02 
4.848788e-01 5.383742e+02 3.591035e+02 
4.899192e-01 5.276036e+02 3.514103e+02 
4.949596e-01 5.171450e+02 3.439473e+02 
5.000000e-01 5.069848e+02 3.367056e+02 
