1.000000e-03 8.224376e+03 8.223605e+03 
6.040404e-03 3.654511e+04 3.673258e+04 
1.108081e-02 4.952269e+04 4.962731e+04 
1.612121e-02 5.278358e+04 5.270226e+04 
2.116162e-02 4.983363e+04 4.868433e+04 
2.620202e-02 4.340691e+04 4.082874e+04 
3.124242e-02 3.574000e+04 3.283678e+04 
3.628283e-02 2.845275e+04 2.649927e+04 
4.132323e-02 2.246531e+04 2.186624e+04 
4.636364e-02 1.806824e+04 1.847634e+04 
5.140404e-02 1.520889e+04 1.591873e+04 
5.644444e-02 1.357210e+04 1.392014e+04 
6.148485e-02 1.280011e+04 1.231014e+04 
6.652525e-02 1.253703e+04 1.098163e+04 
7.156566e-02 1.246613e+04 9.864921e+03 
7.660606e-02 1.230938e+04 8.912783e+03 
8.164646e-02 1.186507e+04 8.091830e+03 
8.668687e-02 1.105451e+04 7.377597e+03 
9.172727e-02 9.931353e+03 6.751592e+03 
9.676768e-02 8.639694e+03 6.199473e+03 
1.018081e-01 7.355533e+03 5.709883e+03 
1.068485e-01 6.229927e+03 5.273677e+03 
1.118889e-01 5.353222e+03 4.883383e+03 
1.169293e-01 4.753602e+03 4.532830e+03 
1.219697e-01 4.412318e+03 4.216867e+03 
1.270101e-01 4.283160e+03 3.931164e+03 
1.320505e-01 4.301858e+03 3.672049e+03 
1.370909e-01 4.393888e+03 3.436392e+03 
1.421313e-01 4.483637e+03 3.221509e+03 
1.471717e-01 4.505334e+03 3.025089e+03 
1.522121e-01 4.413272e+03 2.845129e+03 
1.572525e-01 4.191574e+03 2.679888e+03 
1.622929e-01 3.859819e+03 2.527846e+03 
1.673333e-01 3.466000e+03 2.387674e+03 
1.723737e-01 3.067446e+03 2.258202e+03 
1.774141e-01 2.711075e+03 2.138398e+03 
1.824545e-01 2.425932e+03 2.027351e+03 
1.874949e-01 2.225200e+03 1.924252e+03 
1.925354e-01 2.109055e+03 1.828384e+03 
1.975758e-01 2.066539e+03 1.739104e+03 
2.026162e-01 2.077352e+03 1.655840e+03 
2.076566e-01 2.115730e+03 1.578081e+03 
2.126970e-01 2.155191e+03 1.505364e+03 
2.177374e-01 2.172276e+03 1.437277e+03 
2.227778e-01 2.149784e+03 1.373447e+03 
2.278182e-01 2.079927e+03 1.313535e+03 
2.328586e-01 1.966623e+03 1.257238e+03 
2.378990e-01 1.823766e+03 1.204279e+03 
2.429394e-01 1.670168e+03 1.154408e+03 
2.479798e-01 1.523948e+03 1.107395e+03 
2.530202e-01 1.399048e+03 1.063033e+03 
2.580606e-01 1.303947e+03 1.021132e+03 
2.631010e-01 1.241331e+03 9.815200e+02 
2.681414e-01 1.208772e+03 9.440368e+02 
2.731818e-01 1.199852e+03 9.085376e+02 
2.782222e-01 1.205770e+03 8.748890e+02 
2.832626e-01 1.216741e+03 8.429683e+02 
2.883030e-01 1.223222e+03 8.126629e+02 
2.933434e-01 1.217218e+03 7.838687e+02 
2.983838e-01 1.193886e+03 7.564900e+02 
3.034242e-01 1.152672e+03 7.304382e+02 
3.084646e-01 1.097042e+03 7.056316e+02 
3.135051e-01 1.033141e+03 6.819943e+02 
3.185455e-01 9.678554e+02 6.594562e+02 
3.235859e-01 9.073956e+02 6.379523e+02 
3.286263e-01 8.565004e+02 6.174221e+02 
3.336667e-01 8.178599e+02 5.978095e+02 
3.387071e-01 7.920006e+02 5.790622e+02 
3.437475e-01 7.774098e+02 5.611316e+02 
3.487879e-01 7.711138e+02 5.439723e+02 
3.538283e-01 7.693873e+02 5.275422e+02 
3.588687e-01 7.683558e+02 5.118015e+02 
3.639091e-01 7.644911e+02 4.967136e+02 
3.689495e-01 7.551040e+02 4.822438e+02 
3.739899e-01 7.388699e+02 4.683599e+02 
3.790303e-01 7.160261e+02 4.550317e+02 
3.840707e-01 6.882210e+02 4.422306e+02 
3.891111e-01 6.578557e+02 4.299302e+02 
3.941515e-01 6.275644e+02 4.181055e+02 
3.991919e-01 5.996676e+02 4.067329e+02 
4.042323e-01 5.759251e+02 3.957905e+02 
4.092727e-01 5.572664e+02 3.852574e+02 
4.143131e-01 5.437065e+02 3.751141e+02 
4.193535e-01 5.345037e+02 3.653422e+02 
4.243939e-01 5.284613e+02 3.559244e+02 
4.294343e-01 5.240873e+02 3.468441e+02 
4.344747e-01 5.197986e+02 3.380861e+02 
4.395152e-01 5.142053e+02 3.296356e+02 
4.445556e-01 5.063272e+02 3.214789e+02 
4.495960e-01 4.958183e+02 3.136030e+02 
4.546364e-01 4.828933e+02 3.059954e+02 
4.596768e-01 4.681962e+02 2.986445e+02 
4.647172e-01 4.526354e+02 2.915393e+02 
4.697576e-01 4.372265e+02 2.846693e+02 
4.747980e-01 4.229267e+02 2.780244e+02 
4.798384e-01 4.104194e+02 2.715953e+02 
4.848788e-01 4.000236e+02 2.653730e+02 
4.899192e-01 3.917012e+02 2.593490e+02 
4.949596e-01 3.851626e+02 2.535153e+02 
5.000000e-01 3.799372e+02 2.478641e+02 
