1.000000e-03 3.140752e+03 3.140456e+03 
6.040404e-03 1.398093e+04 1.403562e+04 
1.108081e-02 1.914217e+04 1.900005e+04 
1.612121e-02 2.097133e+04 2.049452e+04 
2.116162e-02 2.083141e+04 1.996699e+04 
2.620202e-02 1.963103e+04 1.858579e+04 
3.124242e-02 1.801129e+04 1.705438e+04 
3.628283e-02 1.638989e+04 1.560950e+04 
4.132323e-02 1.498844e+04 1.429522e+04 
4.636364e-02 1.386625e+04 1.310847e+04 
5.140404e-02 1.302357e+04 1.203838e+04 
5.644444e-02 1.233405e+04 1.107374e+04 
6.148485e-02 1.170876e+04 1.020401e+04 
6.652525e-02 1.107059e+04 9.419466e+03 
7.156566e-02 1.037692e+04 8.711147e+03 
7.660606e-02 9.630590e+03 8.070908e+03 
8.164646e-02 8.871252e+03 7.491393e+03 
8.668687e-02 8.150413e+03 6.966015e+03 
9.172727e-02 7.507805e+03 6.488904e+03 
9.676768e-02 6.967522e+03 6.054853e+03 
1.018081e-01 6.537446e+03 5.659255e+03 
1.068485e-01 6.205462e+03 5.298038e+03 
1.118889e-01 5.939775e+03 4.967606e+03 
1.169293e-01 5.703644e+03 4.664784e+03 
1.219697e-01 5.467835e+03 4.386766e+03 
1.270101e-01 5.216475e+03 4.131071e+03 
1.320505e-01 4.944958e+03 3.895502e+03 
1.370909e-01 4.660055e+03 3.678111e+03 
1.421313e-01 4.376127e+03 3.477168e+03 
1.471717e-01 4.108404e+03 3.291136e+03 
1.522121e-01 3.868343e+03 3.118643e+03 
1.572525e-01 3.662446e+03 2.958466e+03 
1.622929e-01 3.492069e+03 2.809513e+03 
1.673333e-01 3.352469e+03 2.670802e+03 
1.723737e-01 3.233383e+03 2.541456e+03 
1.774141e-01 3.123566e+03 2.420685e+03 
1.824545e-01 3.014718e+03 2.307777e+03 
1.874949e-01 2.902098e+03 2.202093e+03 
1.925354e-01 2.784095e+03 2.103052e+03 
1.975758e-01 2.662045e+03 2.010130e+03 
2.026162e-01 2.539993e+03 1.922853e+03 
2.076566e-01 2.423165e+03 1.840790e+03 
2.126970e-01 2.315681e+03 1.763549e+03 
2.177374e-01 2.219628e+03 1.690773e+03 
2.227778e-01 2.135170e+03 1.622137e+03 
2.278182e-01 2.060917e+03 1.557344e+03 
2.328586e-01 1.994336e+03 1.496122e+03 
2.378990e-01 1.932516e+03 1.438224e+03 
2.429394e-01 1.872916e+03 1.383421e+03 
2.479798e-01 1.813644e+03 1.331504e+03 
2.530202e-01 1.753649e+03 1.282281e+03 
2.580606e-01 1.692977e+03 1.235575e+03 
2.631010e-01 1.632724e+03 1.191223e+03 
2.681414e-01 1.574478e+03 1.149076e+03 
2.731818e-01 1.519449e+03 1.108993e+03 
2.782222e-01 1.468237e+03 1.070848e+03 
2.832626e-01 1.420994e+03 1.034520e+03 
2.883030e-01 1.377603e+03 9.999015e+02 
2.933434e-01 1.337541e+03 9.668891e+02 
2.983838e-01 1.299911e+03 9.353885e+02 
3.034242e-01 1.263785e+03 9.053119e+02 
3.084646e-01 1.228518e+03 8.765775e+02 
3.135051e-01 1.193813e+03 8.491091e+02 
3.185455e-01 1.159607e+03 8.228360e+02 
3.235859e-01 1.125997e+03 7.976919e+02 
3.286263e-01 1.093231e+03 7.736153e+02 
3.336667e-01 1.061670e+03 7.505484e+02 
3.387071e-01 1.031639e+03 7.284374e+02 
3.437475e-01 1.003254e+03 7.072318e+02 
3.487879e-01 9.764403e+02 6.868845e+02 
3.538283e-01 9.510394e+02 6.673513e+02 
3.588687e-01 9.268541e+02 6.485906e+02 
3.639091e-01 9.036567e+02 6.305636e+02 
3.689495e-01 8.812064e+02 6.132337e+02 
3.739899e-01 8.593386e+02 5.965665e+02 
3.790303e-01 8.379926e+02 5.805298e+02 
3.840707e-01 8.171892e+02 5.650931e+02 
3.891111e-01 7.969591e+02 5.502279e+02 
3.941515e-01 7.773290e+02 5.359071e+02 
3.991919e-01 7.583634e+02 5.221052e+02 
4.042323e-01 7.401496e+02 5.087984e+02 
4.092727e-01 7.227076e+02 4.959640e+02 
4.143131e-01 7.059621e+02 4.835805e+02 
4.193535e-01 6.898286e+02 4.716278e+02 
4.243939e-01 6.742575e+02 4.600866e+02 
4.294343e-01 6.592149e+02 4.489390e+02 
4.344747e-01 6.446265e+02 4.381678e+02 
4.395152e-01 6.304285e+02 4.277567e+02 
4.445556e-01 6.165901e+02 4.176903e+02 
4.495960e-01 6.031327e+02 4.079542e+02 
4.546364e-01 5.900859e+02 3.985344e+02 
4.596768e-01 5.774204e+02 3.894178e+02 
4.647172e-01 5.651329e+02 3.805920e+02 
4.697576e-01 5.532296e+02 3.720450e+02 
4.747980e-01 5.417186e+02 3.637657e+02 
4.798384e-01 5.305884e+02 3.557432e+02 
4.848788e-01 5.197975e+02 3.479675e+02 
4.899192e-01 5.093122e+02 3.404289e+02 
4.949596e-01 4.991218e+02 3.331180e+02 
5.000000e-01 4.892191e+02 3.260260e+02 
