1.000000e-03 1.097682e+04 1.097581e+04 
6.040404e-03 4.923747e+04 4.950670e+04 
1.108081e-02 6.740492e+04 6.767803e+04 
1.612121e-02 7.238675e+04 7.273810e+04 
2.116162e-02 6.858327e+04 6.778621e+04 
2.620202e-02 5.956231e+04 5.641089e+04 
3.124242e-02 4.839934e+04 4.387933e+04 
3.628283e-02 3.746779e+04 3.367506e+04 
4.132323e-02 2.823241e+04 2.637791e+04 
4.636364e-02 2.127004e+04 2.130578e+04 
5.140404e-02 1.654469e+04 1.770649e+04 
5.644444e-02 1.369362e+04 1.505557e+04 
6.148485e-02 1.222578e+04 1.302770e+04 
6.652525e-02 1.170306e+04 1.142478e+04 
7.156566e-02 1.173860e+04 1.012369e+04 
7.660606e-02 1.198716e+04 9.045258e+03 
8.164646e-02 1.213134e+04 8.136480e+03 
8.668687e-02 1.192804e+04 7.360532e+03 
9.172727e-02 1.126124e+04 6.690914e+03 
9.676768e-02 1.016270e+04 6.107967e+03 
1.018081e-01 8.784498e+03 5.596723e+03 
1.068485e-01 7.336201e+03 5.145528e+03 
1.118889e-01 6.010796e+03 4.745142e+03 
1.169293e-01 4.936181e+03 4.388123e+03 
1.219697e-01 4.164448e+03 4.068395e+03 
1.270101e-01 3.689962e+03 3.780944e+03 
1.320505e-01 3.475632e+03 3.521592e+03 
1.370909e-01 3.468144e+03 3.286826e+03 
1.421313e-01 3.603893e+03 3.073674e+03 
1.471717e-01 3.811174e+03 2.879603e+03 
1.522121e-01 4.013152e+03 2.702439e+03 
1.572525e-01 4.135609e+03 2.540314e+03 
1.622929e-01 4.121296e+03 2.391606e+03 
1.673333e-01 3.947119e+03 2.254908e+03 
1.723737e-01 3.632209e+03 2.128990e+03 
1.774141e-01 3.228546e+03 2.012774e+03 
1.824545e-01 2.798993e+03 1.905314e+03 
1.874949e-01 2.398817e+03 1.805773e+03 
1.925354e-01 2.067016e+03 1.713413e+03 
1.975758e-01 1.824477e+03 1.627576e+03 
2.026162e-01 1.676101e+03 1.547680e+03 
2.076566e-01 1.614431e+03 1.473202e+03 
2.126970e-01 1.623687e+03 1.403678e+03 
2.177374e-01 1.683084e+03 1.338690e+03 
2.227778e-01 1.768288e+03 1.277861e+03 
2.278182e-01 1.852531e+03 1.220856e+03 
2.328586e-01 1.909390e+03 1.167368e+03 
2.378990e-01 1.917997e+03 1.117123e+03 
2.429394e-01 1.868665e+03 1.069871e+03 
2.479798e-01 1.765064e+03 1.025386e+03 
2.530202e-01 1.622082e+03 9.834618e+02 
2.580606e-01 1.460493e+03 9.439113e+02 
2.631010e-01 1.301440e+03 9.065640e+02 
2.681414e-01 1.162201e+03 8.712638e+02 
2.731818e-01 1.053791e+03 8.378682e+02 
2.782222e-01 9.807270e+02 8.062466e+02 
2.832626e-01 9.423388e+02 7.762791e+02 
2.883030e-01 9.342491e+02 7.478558e+02 
2.933434e-01 9.494053e+02 7.208754e+02 
2.983838e-01 9.786653e+02 6.952448e+02 
3.034242e-01 1.011447e+03 6.708780e+02 
3.084646e-01 1.036997e+03 6.476958e+02 
3.135051e-01 1.046299e+03 6.256248e+02 
3.185455e-01 1.034016e+03 6.045972e+02 
3.235859e-01 9.994451e+02 5.845503e+02 
3.286263e-01 9.462361e+02 5.654257e+02 
3.336667e-01 8.811230e+02 5.471695e+02 
3.387071e-01 8.120711e+02 5.297314e+02 
3.437475e-01 7.467849e+02 5.130647e+02 
3.487879e-01 6.912417e+02 4.971259e+02 
3.538283e-01 6.490633e+02 4.818745e+02 
3.588687e-01 6.215156e+02 4.672728e+02 
3.639091e-01 6.077919e+02 4.532853e+02 
3.689495e-01 6.056284e+02 4.398793e+02 
3.739899e-01 6.116843e+02 4.270238e+02 
3.790303e-01 6.218081e+02 4.146901e+02 
3.840707e-01 6.315542e+02 4.028510e+02 
3.891111e-01 6.367611e+02 3.914815e+02 
3.941515e-01 6.343572e+02 3.805575e+02 
3.991919e-01 6.229545e+02 3.700570e+02 
4.042323e-01 6.029322e+02 3.599589e+02 
4.092727e-01 5.761102e+02 3.502436e+02 
4.143131e-01 5.453062e+02 3.408925e+02 
4.193535e-01 5.137359e+02 3.318882e+02 
4.243939e-01 4.843721e+02 3.232143e+02 
4.294343e-01 4.594748e+02 3.148554e+02 
4.344747e-01 4.403791e+02 3.067968e+02 
4.395152e-01 4.274654e+02 2.990247e+02 
4.445556e-01 4.203223e+02 2.915261e+02 
4.495960e-01 4.178867e+02 2.842888e+02 
4.546364e-01 4.185765e+02 2.773011e+02 
4.596768e-01 4.205222e+02 2.705521e+02 
4.647172e-01 4.218402e+02 2.640312e+02 
4.697576e-01 4.209467e+02 2.577287e+02 
4.747980e-01 4.167760e+02 2.516353e+02 
4.798384e-01 4.089098e+02 2.457420e+02 
4.848788e-01 3.975819e+02 2.400404e+02 
4.899192e-01 3.836081e+02 2.345226e+02 
4.949596e-01 3.682091e+02 2.291811e+02 
5.000000e-01 3.527114e+02 2.240086e+02 
