1.000000e-03 4.417975e+03 4.417573e+03 
6.040404e-03 1.969919e+04 1.979235e+04 
1.108081e-02 2.701475e+04 2.695385e+04 
1.612121e-02 2.939697e+04 2.904501e+04 
2.116162e-02 2.868509e+04 2.775494e+04 
2.620202e-02 2.622210e+04 2.479977e+04 
3.124242e-02 2.305239e+04 2.167678e+04 
3.628283e-02 1.991851e+04 1.900067e+04 
4.132323e-02 1.725660e+04 1.681685e+04 
4.636364e-02 1.521898e+04 1.502231e+04 
5.140404e-02 1.382514e+04 1.351871e+04 
5.644444e-02 1.292921e+04 1.223612e+04 
6.148485e-02 1.235088e+04 1.112695e+04 
6.652525e-02 1.191216e+04 1.015794e+04 
7.156566e-02 1.145249e+04 9.304890e+03 
7.660606e-02 1.086778e+04 8.549395e+03 
8.164646e-02 1.012355e+04 7.877007e+03 
8.668687e-02 9.254007e+03 7.276075e+03 
9.172727e-02 8.334282e+03 6.737024e+03 
9.676768e-02 7.450010e+03 6.251873e+03 
1.018081e-01 6.676730e+03 5.813901e+03 
1.068485e-01 6.063520e+03 5.417397e+03 
1.118889e-01 5.623661e+03 5.057482e+03 
1.169293e-01 5.336697e+03 4.729959e+03 
1.219697e-01 5.162451e+03 4.431204e+03 
1.270101e-01 5.052733e+03 4.158076e+03 
1.320505e-01 4.958932e+03 3.907837e+03 
1.370909e-01 4.838749e+03 3.678099e+03 
1.421313e-01 4.665118e+03 3.466767e+03 
1.471717e-01 4.431416e+03 3.272002e+03 
1.522121e-01 4.149244e+03 3.092180e+03 
1.572525e-01 3.841778e+03 2.925868e+03 
1.622929e-01 3.537305e+03 2.771797e+03 
1.673333e-01 3.262772e+03 2.628836e+03 
1.723737e-01 3.037080e+03 2.495983e+03 
1.774141e-01 2.867236e+03 2.372340e+03 
1.824545e-01 2.749176e+03 2.257106e+03 
1.874949e-01 2.671874e+03 2.149562e+03 
1.925354e-01 2.620929e+03 2.049062e+03 
1.975758e-01 2.580046e+03 1.955026e+03 
2.026162e-01 2.533595e+03 1.866931e+03 
2.076566e-01 2.469865e+03 1.784303e+03 
2.126970e-01 2.383909e+03 1.706715e+03 
2.177374e-01 2.277737e+03 1.633779e+03 
2.227778e-01 2.158264e+03 1.565143e+03 
2.278182e-01 2.034841e+03 1.500486e+03 
2.328586e-01 1.916992e+03 1.439518e+03 
2.378990e-01 1.812573e+03 1.381972e+03 
2.429394e-01 1.726353e+03 1.327605e+03 
2.479798e-01 1.659581e+03 1.276195e+03 
2.530202e-01 1.610388e+03 1.227539e+03 
2.580606e-01 1.574412e+03 1.181449e+03 
2.631010e-01 1.545766e+03 1.137754e+03 
2.681414e-01 1.518363e+03 1.096297e+03 
2.731818e-01 1.487282e+03 1.056932e+03 
2.782222e-01 1.449664e+03 1.019525e+03 
2.832626e-01 1.404674e+03 9.839524e+02 
2.883030e-01 1.353352e+03 9.501005e+02 
2.933434e-01 1.298217e+03 9.178634e+02 
2.983838e-01 1.242669e+03 8.871433e+02 
3.034242e-01 1.190106e+03 8.578494e+02 
3.084646e-01 1.143122e+03 8.298977e+02 
3.135051e-01 1.103051e+03 8.032099e+02 
3.185455e-01 1.070023e+03 7.777135e+02 
3.235859e-01 1.043179e+03 7.533407e+02 
3.286263e-01 1.020885e+03 7.300287e+02 
3.336667e-01 1.001056e+03 7.077185e+02 
3.387071e-01 9.816066e+02 6.863555e+02 
3.437475e-01 9.609146e+02 6.658885e+02 
3.487879e-01 9.380584e+02 6.462696e+02 
3.538283e-01 9.128342e+02 6.274541e+02 
3.588687e-01 8.857215e+02 6.094000e+02 
3.639091e-01 8.576485e+02 5.920681e+02 
3.689495e-01 8.298042e+02 5.754216e+02 
3.739899e-01 8.033033e+02 5.594259e+02 
3.790303e-01 7.789778e+02 5.440487e+02 
3.840707e-01 7.572623e+02 5.292593e+02 
3.891111e-01 7.382037e+02 5.150292e+02 
3.941515e-01 7.215062e+02 5.013314e+02 
3.991919e-01 7.065864e+02 4.881405e+02 
4.042323e-01 6.926826e+02 4.754326e+02 
4.092727e-01 6.790591e+02 4.631851e+02 
4.143131e-01 6.651609e+02 4.513766e+02 
4.193535e-01 6.506824e+02 4.399872e+02 
4.243939e-01 6.355911e+02 4.289978e+02 
4.294343e-01 6.200175e+02 4.183905e+02 
4.344747e-01 6.042379e+02 4.081484e+02 
4.395152e-01 5.886499e+02 3.982553e+02 
4.445556e-01 5.736631e+02 3.886961e+02 
4.495960e-01 5.595871e+02 3.794564e+02 
4.546364e-01 5.465558e+02 3.705226e+02 
4.596768e-01 5.345683e+02 3.618817e+02 
4.647172e-01 5.235308e+02 3.535214e+02 
4.697576e-01 5.132574e+02 3.454302e+02 
4.747980e-01 5.035005e+02 3.375968e+02 
4.798384e-01 4.939930e+02 3.300109e+02 
4.848788e-01 4.845163e+02 3.226625e+02 
4.899192e-01 4.749481e+02 3.155419e+02 
4.949596e-01 4.652801e+02 3.086403e+02 
5.000000e-01 4.555653e+02 3.019490e+02 
