1.000000e-03 5.702366e+03 5.701842e+03 
6.040404e-03 2.611125e+04 2.624244e+04 
1.108081e-02 3.616627e+04 3.618638e+04 
1.612121e-02 3.942102e+04 3.922896e+04 
2.116162e-02 3.819561e+04 3.724143e+04 
2.620202e-02 3.431868e+04 3.238046e+04 
3.124242e-02 2.931042e+04 2.710588e+04 
3.628283e-02 2.431470e+04 2.270347e+04 
4.132323e-02 2.003479e+04 1.932469e+04 
4.636364e-02 1.675240e+04 1.673918e+04 
5.140404e-02 1.450877e+04 1.471035e+04 
5.644444e-02 1.313240e+04 1.307139e+04 
6.148485e-02 1.238384e+04 1.171403e+04 
6.652525e-02 1.201995e+04 1.056783e+04 
7.156566e-02 1.179647e+04 9.585536e+03 
7.660606e-02 1.150938e+04 8.734118e+03 
8.164646e-02 1.102044e+04 7.989550e+03 
8.668687e-02 1.028168e+04 7.333737e+03 
9.172727e-02 9.331229e+03 6.752652e+03 
9.676768e-02 8.266836e+03 6.235163e+03 
1.018081e-01 7.210513e+03 5.772267e+03 
1.068485e-01 6.274360e+03 5.356573e+03 
1.118889e-01 5.531046e+03 4.981944e+03 
1.169293e-01 5.004625e+03 4.643226e+03 
1.219697e-01 4.681200e+03 4.336062e+03 
1.270101e-01 4.523899e+03 4.056739e+03 
1.320505e-01 4.482697e+03 3.802073e+03 
1.370909e-01 4.499027e+03 3.569321e+03 
1.421313e-01 4.512586e+03 3.356109e+03 
1.471717e-01 4.472517e+03 3.160371e+03 
1.522121e-01 4.347375e+03 2.980304e+03 
1.572525e-01 4.129652e+03 2.814328e+03 
1.622929e-01 3.834502e+03 2.661055e+03 
1.673333e-01 3.495313e+03 2.519261e+03 
1.723737e-01 3.153451e+03 2.387862e+03 
1.774141e-01 2.845741e+03 2.265897e+03 
1.824545e-01 2.596357e+03 2.152513e+03 
1.874949e-01 2.415109e+03 2.046948e+03 
1.925354e-01 2.300930e+03 1.948521e+03 
1.975758e-01 2.244711e+03 1.856624e+03 
2.026162e-01 2.230809e+03 1.770708e+03 
2.076566e-01 2.238834e+03 1.690282e+03 
2.126970e-01 2.247181e+03 1.614903e+03 
2.177374e-01 2.237238e+03 1.544169e+03 
2.227778e-01 2.196719e+03 1.477719e+03 
2.278182e-01 2.121253e+03 1.415225e+03 
2.328586e-01 2.014582e+03 1.356387e+03 
2.378990e-01 1.886986e+03 1.300935e+03 
2.429394e-01 1.752172e+03 1.248623e+03 
2.479798e-01 1.623851e+03 1.199224e+03 
2.530202e-01 1.512936e+03 1.152533e+03 
2.580606e-01 1.426095e+03 1.108362e+03 
2.631010e-01 1.365403e+03 1.066538e+03 
2.681414e-01 1.328725e+03 1.026902e+03 
2.731818e-01 1.310741e+03 9.893104e+02 
2.782222e-01 1.304273e+03 9.536277e+02 
2.832626e-01 1.301522e+03 9.197313e+02 
2.883030e-01 1.295096e+03 8.875075e+02 
2.933434e-01 1.279087e+03 8.568513e+02 
2.983838e-01 1.250164e+03 8.276658e+02 
3.034242e-01 1.208153e+03 7.998611e+02 
3.084646e-01 1.155782e+03 7.733543e+02 
3.135051e-01 1.097667e+03 7.480681e+02 
3.185455e-01 1.039030e+03 7.239311e+02 
3.235859e-01 9.846161e+02 7.008767e+02 
3.286263e-01 9.380079e+02 6.788431e+02 
3.336667e-01 9.012374e+02 6.577726e+02 
3.387071e-01 8.745831e+02 6.376118e+02 
3.437475e-01 8.567963e+02 6.183104e+02 
3.487879e-01 8.455232e+02 5.998219e+02 
3.538283e-01 8.378185e+02 5.821025e+02 
3.588687e-01 8.306222e+02 5.651115e+02 
3.639091e-01 8.212218e+02 5.488107e+02 
3.689495e-01 8.076828e+02 5.331643e+02 
3.739899e-01 7.891772e+02 5.181388e+02 
3.790303e-01 7.659966e+02 5.037028e+02 
3.840707e-01 7.393855e+02 4.898267e+02 
3.891111e-01 7.111062e+02 4.764829e+02 
3.941515e-01 6.831167e+02 4.636453e+02 
3.991919e-01 6.571933e+02 4.512893e+02 
4.042323e-01 6.346477e+02 4.393918e+02 
4.092727e-01 6.161538e+02 4.279312e+02 
4.143131e-01 6.016728e+02 4.168870e+02 
4.193535e-01 5.905892e+02 4.062398e+02 
4.243939e-01 5.819339e+02 3.959714e+02 
4.294343e-01 5.745638e+02 3.860646e+02 
4.344747e-01 5.673065e+02 3.765031e+02 
4.395152e-01 5.591341e+02 3.672716e+02 
4.445556e-01 5.493496e+02 3.583554e+02 
4.495960e-01 5.376969e+02 3.497408e+02 
4.546364e-01 5.243701e+02 3.414148e+02 
4.596768e-01 5.098965e+02 3.333650e+02 
4.647172e-01 4.949565e+02 3.255796e+02 
4.697576e-01 4.802640e+02 3.180477e+02 
4.747980e-01 4.665013e+02 3.107585e+02 
4.798384e-01 4.541632e+02 3.037022e+02 
4.848788e-01 4.435105e+02 2.968692e+02 
4.899192e-01 4.345084e+02 2.902505e+02 
4.949596e-01 4.268869e+02 2.838374e+02 
5.000000e-01 4.202517e+02 2.776218e+02 
