1.000000e-03 3.581670e+03 3.581324e+03 
6.040404e-03 1.567054e+04 1.573091e+04 
1.108081e-02 2.118131e+04 2.102286e+04 
1.612121e-02 2.293839e+04 2.241132e+04 
2.116162e-02 2.252981e+04 2.157808e+04 
2.620202e-02 2.099747e+04 1.986733e+04 
3.124242e-02 1.906462e+04 1.806377e+04 
3.628283e-02 1.719311e+04 1.640961e+04 
4.132323e-02 1.561642e+04 1.493449e+04 
4.636364e-02 1.439228e+04 1.362221e+04 
5.140404e-02 1.347209e+04 1.245268e+04 
5.644444e-02 1.274785e+04 1.140832e+04 
6.148485e-02 1.208762e+04 1.047412e+04 
6.652525e-02 1.140646e+04 9.637060e+03 
7.156566e-02 1.066327e+04 8.885736e+03 
7.660606e-02 9.861198e+03 8.210115e+03 
8.164646e-02 9.043644e+03 7.601377e+03 
8.668687e-02 8.269403e+03 7.051787e+03 
9.172727e-02 7.585849e+03 6.554561e+03 
9.676768e-02 7.020902e+03 6.103763e+03 
1.018081e-01 6.580079e+03 5.694198e+03 
1.068485e-01 6.245182e+03 5.321319e+03 
1.118889e-01 5.980022e+03 4.981141e+03 
1.169293e-01 5.744933e+03 4.670174e+03 
1.219697e-01 5.507999e+03 4.385351e+03 
1.270101e-01 5.249914e+03 4.123976e+03 
1.320505e-01 4.966685e+03 3.883674e+03 
1.370909e-01 4.668251e+03 3.662349e+03 
1.421313e-01 4.372052e+03 3.458148e+03 
1.471717e-01 4.094090e+03 3.269428e+03 
1.522121e-01 3.846309e+03 3.094733e+03 
1.572525e-01 3.636539e+03 2.932767e+03 
1.622929e-01 3.466563e+03 2.782373e+03 
1.673333e-01 3.329723e+03 2.642521e+03 
1.723737e-01 3.213249e+03 2.512287e+03 
1.774141e-01 3.104805e+03 2.390844e+03 
1.824545e-01 2.996274e+03 2.277449e+03 
1.874949e-01 2.882983e+03 2.171434e+03 
1.925354e-01 2.762697e+03 2.072196e+03 
1.975758e-01 2.637042e+03 1.979190e+03 
2.026162e-01 2.511496e+03 1.891925e+03 
2.076566e-01 2.392303e+03 1.809956e+03 
2.126970e-01 2.283746e+03 1.732877e+03 
2.177374e-01 2.187484e+03 1.660321e+03 
2.227778e-01 2.103420e+03 1.591953e+03 
2.278182e-01 2.030223e+03 1.527469e+03 
2.328586e-01 1.965165e+03 1.466590e+03 
2.378990e-01 1.904760e+03 1.409062e+03 
2.429394e-01 1.845905e+03 1.354651e+03 
2.479798e-01 1.786641e+03 1.303144e+03 
2.530202e-01 1.726209e+03 1.254345e+03 
2.580606e-01 1.664994e+03 1.208073e+03 
2.631010e-01 1.604223e+03 1.164164e+03 
2.681414e-01 1.545529e+03 1.122464e+03 
2.731818e-01 1.490299e+03 1.082832e+03 
2.782222e-01 1.439292e+03 1.045139e+03 
2.832626e-01 1.392624e+03 1.009264e+03 
2.883030e-01 1.349936e+03 9.750954e+02 
2.933434e-01 1.310577e+03 9.425310e+02 
2.983838e-01 1.273631e+03 9.114749e+02 
3.034242e-01 1.238124e+03 8.818383e+02 
3.084646e-01 1.203295e+03 8.535389e+02 
3.135051e-01 1.168792e+03 8.265000e+02 
3.185455e-01 1.134639e+03 8.006502e+02 
3.235859e-01 1.101111e+03 7.759230e+02 
3.286263e-01 1.068509e+03 7.522565e+02 
3.336667e-01 1.037150e+03 7.295927e+02 
3.387071e-01 1.007363e+03 7.078777e+02 
3.437475e-01 9.793342e+02 6.870609e+02 
3.487879e-01 9.530004e+02 6.670949e+02 
3.538283e-01 9.280973e+02 6.479355e+02 
3.588687e-01 9.043432e+02 6.295412e+02 
3.639091e-01 8.815079e+02 6.118731e+02 
3.689495e-01 8.594344e+02 5.948947e+02 
3.739899e-01 8.379239e+02 5.785716e+02 
3.790303e-01 8.168603e+02 5.628716e+02 
3.840707e-01 7.962654e+02 5.477644e+02 
3.891111e-01 7.762388e+02 5.332215e+02 
3.941515e-01 7.568735e+02 5.192159e+02 
3.991919e-01 7.382172e+02 5.057224e+02 
4.042323e-01 7.203010e+02 4.927170e+02 
4.092727e-01 7.031408e+02 4.801773e+02 
4.143131e-01 6.866999e+02 4.680819e+02 
4.193535e-01 6.709118e+02 4.564108e+02 
4.243939e-01 6.556679e+02 4.451450e+02 
4.294343e-01 6.409019e+02 4.342664e+02 
4.344747e-01 6.265717e+02 4.237582e+02 
4.395152e-01 6.126357e+02 4.136041e+02 
4.445556e-01 5.990614e+02 4.037890e+02 
4.495960e-01 5.858478e+02 3.942984e+02 
4.546364e-01 5.730152e+02 3.851186e+02 
4.596768e-01 5.605763e+02 3.762366e+02 
4.647172e-01 5.485368e+02 3.676400e+02 
4.697576e-01 5.368822e+02 3.593172e+02 
4.747980e-01 5.256075e+02 3.512569e+02 
4.798384e-01 5.147138e+02 3.434486e+02 
4.848788e-01 5.041641e+02 3.358823e+02 
4.899192e-01 4.939169e+02 3.285483e+02 
4.949596e-01 4.839463e+02 3.214375e+02 
5.000000e-01 4.742512e+02 3.145412e+02 
