1.000000e-03 3.874437e+03 3.874070e+03 
6.040404e-03 1.699955e+04 1.707022e+04 
1.108081e-02 2.308377e+04 2.296325e+04 
1.612121e-02 2.501233e+04 2.454950e+04 
2.116162e-02 2.445762e+04 2.351015e+04 
2.620202e-02 2.257329e+04 2.136218e+04 
3.124242e-02 2.020265e+04 1.913664e+04 
3.628283e-02 1.790739e+04 1.717067e+04 
4.132323e-02 1.598984e+04 1.548308e+04 
4.636364e-02 1.453088e+04 1.402649e+04 
5.140404e-02 1.351019e+04 1.275652e+04 
5.644444e-02 1.278091e+04 1.164009e+04 
6.148485e-02 1.219758e+04 1.065268e+04 
6.652525e-02 1.162224e+04 9.775352e+03 
7.156566e-02 1.096869e+04 8.992950e+03 
7.660606e-02 1.020692e+04 8.292958e+03 
8.164646e-02 9.366508e+03 7.664868e+03 
8.668687e-02 8.512912e+03 7.099755e+03 
9.172727e-02 7.715188e+03 6.589980e+03 
9.676768e-02 7.027721e+03 6.128973e+03 
1.018081e-01 6.482951e+03 5.711065e+03 
1.068485e-01 6.083331e+03 5.331341e+03 
1.118889e-01 5.801849e+03 4.985536e+03 
1.169293e-01 5.595496e+03 4.669935e+03 
1.219697e-01 5.418897e+03 4.381294e+03 
1.270101e-01 5.234626e+03 4.116776e+03 
1.320505e-01 5.017443e+03 3.873890e+03 
1.370909e-01 4.759465e+03 3.650447e+03 
1.421313e-01 4.470048e+03 3.444517e+03 
1.471717e-01 4.168892e+03 3.254396e+03 
1.522121e-01 3.877757e+03 3.078573e+03 
1.572525e-01 3.615817e+03 2.915709e+03 
1.622929e-01 3.397158e+03 2.764613e+03 
1.673333e-01 3.226532e+03 2.624222e+03 
1.723737e-01 3.098394e+03 2.493588e+03 
1.774141e-01 2.999897e+03 2.371862e+03 
1.824545e-01 2.916865e+03 2.258283e+03 
1.874949e-01 2.836754e+03 2.152167e+03 
1.925354e-01 2.749538e+03 2.052898e+03 
1.975758e-01 2.649074e+03 1.959921e+03 
2.026162e-01 2.535050e+03 1.872735e+03 
2.076566e-01 2.412463e+03 1.790886e+03 
2.126970e-01 2.289128e+03 1.713962e+03 
2.177374e-01 2.172371e+03 1.641590e+03 
2.227778e-01 2.067556e+03 1.573431e+03 
2.278182e-01 1.977765e+03 1.509174e+03 
2.328586e-01 1.903393e+03 1.448539e+03 
2.378990e-01 1.842409e+03 1.391266e+03 
2.429394e-01 1.790931e+03 1.337121e+03 
2.479798e-01 1.744382e+03 1.285888e+03 
2.530202e-01 1.698349e+03 1.237367e+03 
2.580606e-01 1.649693e+03 1.191379e+03 
2.631010e-01 1.597051e+03 1.147755e+03 
2.681414e-01 1.540983e+03 1.106341e+03 
2.731818e-01 1.483229e+03 1.066996e+03 
2.782222e-01 1.426021e+03 1.029588e+03 
2.832626e-01 1.371510e+03 9.939970e+02 
2.883030e-01 1.321465e+03 9.601105e+02 
2.933434e-01 1.276874e+03 9.278250e+02 
2.983838e-01 1.237732e+03 8.970446e+02 
3.034242e-01 1.203224e+03 8.676802e+02 
3.084646e-01 1.172040e+03 8.396489e+02 
3.135051e-01 1.142734e+03 8.128740e+02 
3.185455e-01 1.114005e+03 7.872839e+02 
3.235859e-01 1.084879e+03 7.628118e+02 
3.286263e-01 1.054963e+03 7.393958e+02 
3.336667e-01 1.024369e+03 7.169778e+02 
3.387071e-01 9.936376e+02 6.955038e+02 
3.437475e-01 9.634331e+02 6.749231e+02 
3.487879e-01 9.344563e+02 6.551884e+02 
3.538283e-01 9.072529e+02 6.362556e+02 
3.588687e-01 8.821100e+02 6.180830e+02 
3.639091e-01 8.589744e+02 6.006319e+02 
3.689495e-01 8.375671e+02 5.838656e+02 
3.739899e-01 8.175140e+02 5.677501e+02 
3.790303e-01 7.983987e+02 5.522531e+02 
3.840707e-01 7.798141e+02 5.373443e+02 
3.891111e-01 7.614174e+02 5.229953e+02 
3.941515e-01 7.430430e+02 5.091793e+02 
3.991919e-01 7.247094e+02 4.958710e+02 
4.042323e-01 7.065877e+02 4.830467e+02 
4.092727e-01 6.888810e+02 4.706838e+02 
4.143131e-01 6.717661e+02 4.587613e+02 
4.193535e-01 6.553681e+02 4.472591e+02 
4.243939e-01 6.397979e+02 4.361582e+02 
4.294343e-01 6.250868e+02 4.254408e+02 
4.344747e-01 6.111455e+02 4.150901e+02 
4.395152e-01 5.978303e+02 4.050899e+02 
4.445556e-01 5.849939e+02 3.954252e+02 
4.495960e-01 5.725231e+02 3.860815e+02 
4.546364e-01 5.603425e+02 3.770452e+02 
4.596768e-01 5.483695e+02 3.683035e+02 
4.647172e-01 5.365605e+02 3.598440e+02 
4.697576e-01 5.249683e+02 3.516551e+02 
4.747980e-01 5.136464e+02 3.437257e+02 
4.798384e-01 5.026588e+02 3.360454e+02 
4.848788e-01 4.920332e+02 3.286041e+02 
4.899192e-01 4.817945e+02 3.213924e+02 
4.949596e-01 4.719392e+02 3.144011e+02 
5.000000e-01 4.624670e+02 3.076217e+02 
