1.000000e-03 2.883847e+03 2.883576e+03 
6.040404e-03 1.308062e+04 1.313054e+04 
1.108081e-02 1.804939e+04 1.790626e+04 
1.612121e-02 1.989874e+04 1.942795e+04 
2.116162e-02 1.989088e+04 1.905417e+04 
2.620202e-02 1.887317e+04 1.786864e+04 
3.124242e-02 1.744223e+04 1.650948e+04 
3.628283e-02 1.598737e+04 1.519671e+04 
4.132323e-02 1.471524e+04 1.398081e+04 
4.636364e-02 1.367986e+04 1.286804e+04 
5.140404e-02 1.288522e+04 1.185458e+04 
5.644444e-02 1.221292e+04 1.093401e+04 
6.148485e-02 1.158870e+04 1.009904e+04 
6.652525e-02 1.094763e+04 9.342184e+03 
7.156566e-02 1.025553e+04 8.656082e+03 
7.660606e-02 9.522086e+03 8.033770e+03 
8.164646e-02 8.789008e+03 7.468775e+03 
8.668687e-02 8.103737e+03 6.955189e+03 
9.172727e-02 7.498861e+03 6.487668e+03 
9.676768e-02 6.991655e+03 6.061417e+03 
1.018081e-01 6.585402e+03 5.672158e+03 
1.068485e-01 6.265346e+03 5.316082e+03 
1.118889e-01 5.999714e+03 4.989803e+03 
1.169293e-01 5.753801e+03 4.690320e+03 
1.219697e-01 5.503433e+03 4.414965e+03 
1.270101e-01 5.238039e+03 4.161373e+03 
1.320505e-01 4.957861e+03 3.927440e+03 
1.370909e-01 4.671587e+03 3.711298e+03 
1.421313e-01 4.393110e+03 3.511280e+03 
1.471717e-01 4.135658e+03 3.325902e+03 
1.522121e-01 3.907906e+03 3.153839e+03 
1.572525e-01 3.713675e+03 2.993905e+03 
1.622929e-01 3.551560e+03 2.845037e+03 
1.673333e-01 3.415014e+03 2.706282e+03 
1.723737e-01 3.293741e+03 2.576784e+03 
1.774141e-01 3.177914e+03 2.455772e+03 
1.824545e-01 3.061378e+03 2.342551e+03 
1.874949e-01 2.941349e+03 2.236493e+03 
1.925354e-01 2.817723e+03 2.137030e+03 
1.975758e-01 2.693034e+03 2.043647e+03 
2.026162e-01 2.571638e+03 1.955878e+03 
2.076566e-01 2.457910e+03 1.873299e+03 
2.126970e-01 2.354642e+03 1.795524e+03 
2.177374e-01 2.262452e+03 1.722200e+03 
2.227778e-01 2.180771e+03 1.653007e+03 
2.278182e-01 2.107553e+03 1.587651e+03 
2.328586e-01 2.040076e+03 1.525864e+03 
2.378990e-01 1.975769e+03 1.467400e+03 
2.429394e-01 1.912769e+03 1.412033e+03 
2.479798e-01 1.850046e+03 1.359556e+03 
2.530202e-01 1.787244e+03 1.309778e+03 
2.580606e-01 1.724791e+03 1.262523e+03 
2.631010e-01 1.663951e+03 1.217629e+03 
2.681414e-01 1.606115e+03 1.174948e+03 
2.731818e-01 1.552113e+03 1.134340e+03 
2.782222e-01 1.502013e+03 1.095678e+03 
2.832626e-01 1.455521e+03 1.058844e+03 
2.883030e-01 1.412309e+03 1.023729e+03 
2.933434e-01 1.371796e+03 9.902295e+02 
2.983838e-01 1.333147e+03 9.582523e+02 
3.034242e-01 1.295621e+03 9.277093e+02 
3.084646e-01 1.258811e+03 8.985187e+02 
3.135051e-01 1.222705e+03 8.706044e+02 
3.185455e-01 1.187463e+03 8.438955e+02 
3.235859e-01 1.153201e+03 8.183258e+02 
3.286263e-01 1.120131e+03 7.938335e+02 
3.336667e-01 1.088516e+03 7.703609e+02 
3.387071e-01 1.058550e+03 7.478538e+02 
3.437475e-01 1.030214e+03 7.262617e+02 
3.487879e-01 1.003294e+03 7.055373e+02 
3.538283e-01 9.775576e+02 6.856361e+02 
3.588687e-01 9.528316e+02 6.665165e+02 
3.639091e-01 9.289600e+02 6.481393e+02 
3.689495e-01 9.057939e+02 6.304679e+02 
3.739899e-01 8.832336e+02 6.134676e+02 
3.790303e-01 8.612526e+02 5.971060e+02 
3.840707e-01 8.399323e+02 5.813524e+02 
3.891111e-01 8.193177e+02 5.661780e+02 
3.941515e-01 7.994161e+02 5.515557e+02 
3.991919e-01 7.802459e+02 5.374599e+02 
4.042323e-01 7.618233e+02 5.238662e+02 
4.092727e-01 7.441371e+02 5.107520e+02 
4.143131e-01 7.271174e+02 4.980955e+02 
4.193535e-01 7.106550e+02 4.858765e+02 
4.243939e-01 6.947075e+02 4.740755e+02 
4.294343e-01 6.792422e+02 4.626744e+02 
4.344747e-01 6.642439e+02 4.516557e+02 
4.395152e-01 6.496591e+02 4.410032e+02 
4.445556e-01 6.354695e+02 4.307012e+02 
4.495960e-01 6.216981e+02 4.207351e+02 
4.546364e-01 6.083584e+02 4.110907e+02 
4.596768e-01 5.954473e+02 4.017549e+02 
4.647172e-01 5.829279e+02 3.927151e+02 
4.697576e-01 5.707865e+02 3.839591e+02 
4.747980e-01 5.590342e+02 3.754757e+02 
4.798384e-01 5.476523e+02 3.672539e+02 
4.848788e-01 5.365984e+02 3.592835e+02 
4.899192e-01 5.258450e+02 3.515546e+02 
4.949596e-01 5.153816e+02 3.440578e+02 
5.000000e-01 5.052065e+02 3.367843e+02 
