1.000000e-03 6.473099e+03 6.472493e+03 
6.040404e-03 2.818778e+04 2.832538e+04 
1.108081e-02 3.790515e+04 3.789658e+04 
1.612121e-02 4.035587e+04 4.004670e+04 
2.116162e-02 3.832980e+04 3.718448e+04 
2.620202e-02 3.388251e+04 3.192524e+04 
3.124242e-02 2.861523e+04 2.670701e+04 
3.628283e-02 2.364323e+04 2.250070e+04 
4.132323e-02 1.957994e+04 1.928115e+04 
4.636364e-02 1.659791e+04 1.678807e+04 
5.140404e-02 1.467135e+04 1.480202e+04 
5.644444e-02 1.354891e+04 1.317626e+04 
6.148485e-02 1.295460e+04 1.181630e+04 
6.652525e-02 1.260879e+04 1.065992e+04 
7.156566e-02 1.227780e+04 9.664419e+03 
7.660606e-02 1.178190e+04 8.799179e+03 
8.164646e-02 1.103072e+04 8.041392e+03 
8.668687e-02 1.004286e+04 7.373520e+03 
9.172727e-02 8.919181e+03 6.781735e+03 
9.676768e-02 7.793866e+03 6.254916e+03 
1.018081e-01 6.788523e+03 5.783983e+03 
1.068485e-01 5.984320e+03 5.361425e+03 
1.118889e-01 5.411680e+03 4.980972e+03 
1.169293e-01 5.057666e+03 4.637341e+03 
1.219697e-01 4.880517e+03 4.326053e+03 
1.270101e-01 4.820630e+03 4.043286e+03 
1.320505e-01 4.810101e+03 3.785759e+03 
1.370909e-01 4.784475e+03 3.550647e+03 
1.421313e-01 4.694834e+03 3.335500e+03 
1.471717e-01 4.515723e+03 3.138192e+03 
1.522121e-01 4.246404e+03 2.956865e+03 
1.572525e-01 3.909665e+03 2.789894e+03 
1.622929e-01 3.546344e+03 2.635851e+03 
1.673333e-01 3.200981e+03 2.493478e+03 
1.723737e-01 2.907492e+03 2.361663e+03 
1.774141e-01 2.682600e+03 2.239420e+03 
1.824545e-01 2.528914e+03 2.125875e+03 
1.874949e-01 2.439871e+03 2.020248e+03 
1.925354e-01 2.401233e+03 1.921843e+03 
1.975758e-01 2.391977e+03 1.830038e+03 
2.026162e-01 2.388070e+03 1.744274e+03 
2.076566e-01 2.368608e+03 1.664049e+03 
2.126970e-01 2.320346e+03 1.588912e+03 
2.177374e-01 2.238421e+03 1.518455e+03 
2.227778e-01 2.125873e+03 1.452310e+03 
2.278182e-01 1.992647e+03 1.390143e+03 
2.328586e-01 1.853064e+03 1.331651e+03 
2.378990e-01 1.721651e+03 1.276560e+03 
2.429394e-01 1.609193e+03 1.224618e+03 
2.479798e-01 1.521524e+03 1.175599e+03 
2.530202e-01 1.459915e+03 1.129294e+03 
2.580606e-01 1.421621e+03 1.085511e+03 
2.631010e-01 1.400605e+03 1.044078e+03 
2.681414e-01 1.388705e+03 1.004834e+03 
2.731818e-01 1.377583e+03 9.676330e+02 
2.782222e-01 1.360381e+03 9.323391e+02 
2.832626e-01 1.332652e+03 8.988286e+02 
2.883030e-01 1.292681e+03 8.669870e+02 
2.933434e-01 1.241596e+03 8.367088e+02 
2.983838e-01 1.183154e+03 8.078964e+02 
3.034242e-01 1.122589e+03 7.804598e+02 
3.084646e-01 1.065080e+03 7.543153e+02 
3.135051e-01 1.014537e+03 7.293856e+02 
3.185455e-01 9.731318e+02 7.055989e+02 
3.235859e-01 9.414940e+02 6.828886e+02 
3.286263e-01 9.187644e+02 6.611926e+02 
3.336667e-01 9.028123e+02 6.404534e+02 
3.387071e-01 8.906478e+02 6.206172e+02 
3.437475e-01 8.791042e+02 6.016339e+02 
3.487879e-01 8.655945e+02 5.834569e+02 
3.538283e-01 8.484635e+02 5.660426e+02 
3.588687e-01 8.270427e+02 5.493501e+02 
3.639091e-01 8.016726e+02 5.333414e+02 
3.689495e-01 7.735603e+02 5.179807e+02 
3.739899e-01 7.444857e+02 5.032347e+02 
3.790303e-01 7.163326e+02 4.890719e+02 
3.840707e-01 6.906351e+02 4.754631e+02 
3.891111e-01 6.683743e+02 4.623804e+02 
3.941515e-01 6.499022e+02 4.497981e+02 
3.991919e-01 6.350072e+02 4.376917e+02 
4.042323e-01 6.229463e+02 4.260381e+02 
4.092727e-01 6.126467e+02 4.148159e+02 
4.143131e-01 6.029524e+02 4.040047e+02 
4.193535e-01 5.928868e+02 3.935852e+02 
4.243939e-01 5.817550e+02 3.835393e+02 
4.294343e-01 5.691957e+02 3.738499e+02 
4.344747e-01 5.551986e+02 3.645009e+02 
4.395152e-01 5.401524e+02 3.554770e+02 
4.445556e-01 5.247101e+02 3.467638e+02 
4.495960e-01 5.095369e+02 3.383476e+02 
4.546364e-01 4.952049e+02 3.302155e+02 
4.596768e-01 4.821328e+02 3.223552e+02 
4.647172e-01 4.705504e+02 3.147551e+02 
4.697576e-01 4.604691e+02 3.074043e+02 
4.747980e-01 4.516569e+02 3.002922e+02 
4.798384e-01 4.437153e+02 2.934091e+02 
4.848788e-01 4.362118e+02 2.867453e+02 
4.899192e-01 4.287893e+02 2.802921e+02 
4.949596e-01 4.211494e+02 2.740410e+02 
5.000000e-01 4.131054e+02 2.679837e+02 
