1.000000e-03 4.112560e+03 4.112174e+03 
6.040404e-03 1.821916e+04 1.829873e+04 
1.108081e-02 2.492754e+04 2.483610e+04 
1.612121e-02 2.712208e+04 2.671111e+04 
2.116162e-02 2.652724e+04 2.557510e+04 
2.620202e-02 2.438412e+04 2.305209e+04 
3.124242e-02 2.163768e+04 2.041172e+04 
3.628283e-02 1.894260e+04 1.812049e+04 
4.132323e-02 1.667152e+04 1.620563e+04 
4.636364e-02 1.494054e+04 1.459289e+04 
5.140404e-02 1.375557e+04 1.321323e+04 
5.644444e-02 1.296295e+04 1.201711e+04 
6.148485e-02 1.239810e+04 1.096979e+04 
6.652525e-02 1.190290e+04 1.004607e+04 
7.156566e-02 1.134549e+04 9.226806e+03 
7.660606e-02 1.065742e+04 8.496923e+03 
8.164646e-02 9.841040e+03 7.844180e+03 
8.668687e-02 8.953510e+03 7.258451e+03 
9.172727e-02 8.072801e+03 6.731239e+03 
9.676768e-02 7.271870e+03 6.255343e+03 
1.018081e-01 6.606499e+03 5.824616e+03 
1.068485e-01 6.103721e+03 5.433780e+03 
1.118889e-01 5.755445e+03 5.078283e+03 
1.169293e-01 5.526261e+03 4.754183e+03 
1.219697e-01 5.368684e+03 4.458054e+03 
1.270101e-01 5.235242e+03 4.186909e+03 
1.320505e-01 5.085592e+03 3.938136e+03 
1.370909e-01 4.892366e+03 3.709443e+03 
1.421313e-01 4.647009e+03 3.498816e+03 
1.471717e-01 4.359582e+03 3.304479e+03 
1.522121e-01 4.052004e+03 3.124863e+03 
1.572525e-01 3.750142e+03 2.958575e+03 
1.622929e-01 3.477880e+03 2.804380e+03 
1.673333e-01 3.252442e+03 2.661180e+03 
1.723737e-01 3.080091e+03 2.527991e+03 
1.774141e-01 2.956103e+03 2.403938e+03 
1.824545e-01 2.868676e+03 2.288234e+03 
1.874949e-01 2.802912e+03 2.180175e+03 
1.925354e-01 2.743565e+03 2.079125e+03 
1.975758e-01 2.677037e+03 1.984513e+03 
2.026162e-01 2.594100e+03 1.895823e+03 
2.076566e-01 2.492228e+03 1.812588e+03 
2.126970e-01 2.375099e+03 1.734386e+03 
2.177374e-01 2.250477e+03 1.660834e+03 
2.227778e-01 2.127223e+03 1.591581e+03 
2.278182e-01 2.013538e+03 1.526312e+03 
2.328586e-01 1.915278e+03 1.464736e+03 
2.378990e-01 1.834964e+03 1.406590e+03 
2.429394e-01 1.771939e+03 1.351633e+03 
2.479798e-01 1.723001e+03 1.299642e+03 
2.530202e-01 1.683313e+03 1.250416e+03 
2.580606e-01 1.647238e+03 1.203769e+03 
2.631010e-01 1.609599e+03 1.159529e+03 
2.681414e-01 1.566980e+03 1.117538e+03 
2.731818e-01 1.518319e+03 1.077653e+03 
2.782222e-01 1.464531e+03 1.039739e+03 
2.832626e-01 1.407692e+03 1.003673e+03 
2.883030e-01 1.350526e+03 9.693403e+02 
2.933434e-01 1.295974e+03 9.366351e+02 
2.983838e-01 1.246512e+03 9.054598e+02 
3.034242e-01 1.203523e+03 8.757232e+02 
3.084646e-01 1.167073e+03 8.473413e+02 
3.135051e-01 1.136197e+03 8.202354e+02 
3.185455e-01 1.109369e+03 7.943328e+02 
3.235859e-01 1.084832e+03 7.695654e+02 
3.286263e-01 1.060832e+03 7.458701e+02 
3.336667e-01 1.035901e+03 7.231878e+02 
3.387071e-01 1.009274e+03 7.014634e+02 
3.437475e-01 9.809508e+02 6.806454e+02 
3.487879e-01 9.515282e+02 6.606857e+02 
3.538283e-01 9.219032e+02 6.415393e+02 
3.588687e-01 8.930302e+02 6.231639e+02 
3.639091e-01 8.657761e+02 6.055200e+02 
3.689495e-01 8.407553e+02 5.885705e+02 
3.739899e-01 8.182128e+02 5.722806e+02 
3.790303e-01 7.980067e+02 5.566176e+02 
3.840707e-01 7.796895e+02 5.415507e+02 
3.891111e-01 7.626853e+02 5.270510e+02 
3.941515e-01 7.463987e+02 5.130913e+02 
3.991919e-01 7.302740e+02 4.996459e+02 
4.042323e-01 7.139177e+02 4.866906e+02 
4.092727e-01 6.971721e+02 4.742028e+02 
4.143131e-01 6.801391e+02 4.621608e+02 
4.193535e-01 6.630741e+02 4.505443e+02 
4.243939e-01 6.462847e+02 4.393342e+02 
4.294343e-01 6.300360e+02 4.285123e+02 
4.344747e-01 6.145790e+02 4.180614e+02 
4.395152e-01 6.000809e+02 4.079654e+02 
4.445556e-01 5.865914e+02 3.982088e+02 
4.495960e-01 5.740028e+02 3.887770e+02 
4.546364e-01 5.621259e+02 3.796562e+02 
4.596768e-01 5.507455e+02 3.708334e+02 
4.647172e-01 5.396854e+02 3.622961e+02 
4.697576e-01 5.288013e+02 3.540325e+02 
4.747980e-01 5.179645e+02 3.460314e+02 
4.798384e-01 5.071328e+02 3.382821e+02 
4.848788e-01 4.963453e+02 3.307745e+02 
4.899192e-01 4.857118e+02 3.234990e+02 
4.949596e-01 4.753407e+02 3.164464e+02 
5.000000e-01 4.652967e+02 3.096079e+02 
