1.000000e-03 2.718247e+03 2.717999e+03 
6.040404e-03 1.218485e+04 1.223350e+04 
1.108081e-02 1.685900e+04 1.673282e+04 
1.612121e-02 1.867525e+04 1.825030e+04 
2.116162e-02 1.877196e+04 1.800539e+04 
2.620202e-02 1.791187e+04 1.697061e+04 
3.124242e-02 1.663672e+04 1.574124e+04 
3.628283e-02 1.530590e+04 1.453531e+04 
4.132323e-02 1.411915e+04 1.340820e+04 
4.636364e-02 1.313416e+04 1.237002e+04 
5.140404e-02 1.237017e+04 1.141966e+04 
5.644444e-02 1.172565e+04 1.055270e+04 
6.148485e-02 1.113245e+04 9.763463e+03 
6.652525e-02 1.053830e+04 9.045740e+03 
7.156566e-02 9.901515e+03 8.393252e+03 
7.660606e-02 9.222682e+03 7.799909e+03 
8.164646e-02 8.535802e+03 7.259970e+03 
8.668687e-02 7.886024e+03 6.768128e+03 
9.172727e-02 7.305037e+03 6.319543e+03 
9.676768e-02 6.808783e+03 5.909840e+03 
1.018081e-01 6.402494e+03 5.535087e+03 
1.068485e-01 6.079179e+03 5.191770e+03 
1.118889e-01 5.815030e+03 4.876749e+03 
1.169293e-01 5.578215e+03 4.587227e+03 
1.219697e-01 5.343056e+03 4.320713e+03 
1.270101e-01 5.096224e+03 4.074990e+03 
1.320505e-01 4.835942e+03 3.848080e+03 
1.370909e-01 4.568421e+03 3.638221e+03 
1.421313e-01 4.304108e+03 3.443841e+03 
1.471717e-01 4.054609e+03 3.263532e+03 
1.522121e-01 3.829443e+03 3.096039e+03 
1.572525e-01 3.634068e+03 2.940233e+03 
1.622929e-01 3.469175e+03 2.795103e+03 
1.673333e-01 3.330414e+03 2.659741e+03 
1.723737e-01 3.209525e+03 2.533328e+03 
1.774141e-01 3.097379e+03 2.415127e+03 
1.824545e-01 2.987121e+03 2.304471e+03 
1.874949e-01 2.875083e+03 2.200760e+03 
1.925354e-01 2.759850e+03 2.103447e+03 
1.975758e-01 2.642271e+03 2.012038e+03 
2.026162e-01 2.525651e+03 1.926083e+03 
2.076566e-01 2.414452e+03 1.845175e+03 
2.126970e-01 2.311877e+03 1.768941e+03 
2.177374e-01 2.219214e+03 1.697042e+03 
2.227778e-01 2.136412e+03 1.629167e+03 
2.278182e-01 2.062450e+03 1.565032e+03 
2.328586e-01 1.995458e+03 1.504379e+03 
2.378990e-01 1.932916e+03 1.446968e+03 
2.429394e-01 1.872423e+03 1.392581e+03 
2.479798e-01 1.812620e+03 1.341017e+03 
2.530202e-01 1.753055e+03 1.292091e+03 
2.580606e-01 1.693765e+03 1.245631e+03 
2.631010e-01 1.635258e+03 1.201482e+03 
2.681414e-01 1.578566e+03 1.159497e+03 
2.731818e-01 1.524860e+03 1.119543e+03 
2.782222e-01 1.474829e+03 1.081494e+03 
2.832626e-01 1.428488e+03 1.045237e+03 
2.883030e-01 1.385422e+03 1.010663e+03 
2.933434e-01 1.345101e+03 9.776738e+02 
2.983838e-01 1.307031e+03 9.461774e+02 
3.034242e-01 1.270629e+03 9.160879e+02 
3.084646e-01 1.235271e+03 8.873257e+02 
3.135051e-01 1.200550e+03 8.598162e+02 
3.185455e-01 1.166435e+03 8.334904e+02 
3.235859e-01 1.133146e+03 8.082834e+02 
3.286263e-01 1.100901e+03 7.841348e+02 
3.336667e-01 1.069867e+03 7.609882e+02 
3.387071e-01 1.040185e+03 7.387907e+02 
3.437475e-01 1.011951e+03 7.174927e+02 
3.487879e-01 9.852013e+02 6.970479e+02 
3.538283e-01 9.598309e+02 6.774129e+02 
3.588687e-01 9.355761e+02 6.585467e+02 
3.639091e-01 9.121977e+02 6.404112e+02 
3.689495e-01 8.895651e+02 6.229701e+02 
3.739899e-01 8.675984e+02 6.061897e+02 
3.790303e-01 8.462583e+02 5.900381e+02 
3.840707e-01 8.254953e+02 5.744852e+02 
3.891111e-01 8.052956e+02 5.595029e+02 
3.941515e-01 7.857189e+02 5.450643e+02 
3.991919e-01 7.668443e+02 5.311443e+02 
4.042323e-01 7.486956e+02 5.177192e+02 
4.092727e-01 7.312367e+02 5.047666e+02 
4.143131e-01 7.144201e+02 4.922652e+02 
4.193535e-01 6.982119e+02 4.801949e+02 
4.243939e-01 6.825736e+02 4.685369e+02 
4.294343e-01 6.674396e+02 4.572731e+02 
4.344747e-01 6.527529e+02 4.463865e+02 
4.395152e-01 6.384703e+02 4.358610e+02 
4.445556e-01 6.245720e+02 4.256813e+02 
4.495960e-01 6.110812e+02 4.158328e+02 
4.546364e-01 5.979977e+02 4.063019e+02 
4.596768e-01 5.852923e+02 3.970755e+02 
4.647172e-01 5.729600e+02 3.881411e+02 
4.697576e-01 5.610116e+02 3.794868e+02 
4.747980e-01 5.494498e+02 3.711016e+02 
4.798384e-01 5.382525e+02 3.629747e+02 
4.848788e-01 5.273833e+02 3.550958e+02 
4.899192e-01 5.168164e+02 3.474555e+02 
4.949596e-01 5.065445e+02 3.400443e+02 
5.000000e-01 4.965696e+02 3.328536e+02 
