1.000000e-03 2.763026e+03 2.762768e+03 
6.040404e-03 1.222529e+04 1.227139e+04 
1.108081e-02 1.679692e+04 1.664904e+04 
1.612121e-02 1.854272e+04 1.807454e+04 
2.116162e-02 1.863395e+04 1.783138e+04 
2.620202e-02 1.782584e+04 1.686503e+04 
3.124242e-02 1.663556e+04 1.570584e+04 
3.628283e-02 1.539382e+04 1.454674e+04 
4.132323e-02 1.427738e+04 1.344568e+04 
4.636364e-02 1.332983e+04 1.242025e+04 
5.140404e-02 1.256163e+04 1.147499e+04 
5.644444e-02 1.187966e+04 1.060892e+04 
6.148485e-02 1.123363e+04 9.818325e+03 
6.652525e-02 1.058051e+04 9.098104e+03 
7.156566e-02 9.899338e+03 8.442599e+03 
7.660606e-02 9.202135e+03 7.846066e+03 
8.164646e-02 8.526031e+03 7.302956e+03 
8.668687e-02 7.907430e+03 6.808064e+03 
9.172727e-02 7.364883e+03 6.356602e+03 
9.676768e-02 6.904102e+03 5.944216e+03 
1.018081e-01 6.522754e+03 5.566980e+03 
1.068485e-01 6.206354e+03 5.221373e+03 
1.118889e-01 5.928748e+03 4.904247e+03 
1.169293e-01 5.662960e+03 4.612793e+03 
1.219697e-01 5.393005e+03 4.344506e+03 
1.270101e-01 5.115735e+03 4.097156e+03 
1.320505e-01 4.836023e+03 3.868753e+03 
1.370909e-01 4.562407e+03 3.657523e+03 
1.421313e-01 4.304746e+03 3.461882e+03 
1.471717e-01 4.070747e+03 3.280414e+03 
1.522121e-01 3.864228e+03 3.111852e+03 
1.572525e-01 3.685274e+03 2.955061e+03 
1.622929e-01 3.530412e+03 2.809022e+03 
1.673333e-01 3.392811e+03 2.672819e+03 
1.723737e-01 3.264501e+03 2.545628e+03 
1.774141e-01 3.139299e+03 2.426706e+03 
1.824545e-01 3.014425e+03 2.315382e+03 
1.874949e-01 2.889519e+03 2.211050e+03 
1.925354e-01 2.765616e+03 2.113160e+03 
1.975758e-01 2.645116e+03 2.021214e+03 
2.026162e-01 2.531252e+03 1.934760e+03 
2.076566e-01 2.426377e+03 1.853385e+03 
2.126970e-01 2.331090e+03 1.776716e+03 
2.177374e-01 2.244521e+03 1.704409e+03 
2.227778e-01 2.165396e+03 1.636154e+03 
2.278182e-01 2.092060e+03 1.571663e+03 
2.328586e-01 2.022500e+03 1.510675e+03 
2.378990e-01 1.955057e+03 1.452951e+03 
2.429394e-01 1.889049e+03 1.398270e+03 
2.479798e-01 1.824473e+03 1.346430e+03 
2.530202e-01 1.761517e+03 1.297243e+03 
2.580606e-01 1.700571e+03 1.250540e+03 
2.631010e-01 1.642322e+03 1.206160e+03 
2.681414e-01 1.587473e+03 1.163958e+03 
2.731818e-01 1.536277e+03 1.123799e+03 
2.782222e-01 1.488379e+03 1.085557e+03 
2.832626e-01 1.443164e+03 1.049116e+03 
2.883030e-01 1.400207e+03 1.014370e+03 
2.933434e-01 1.359175e+03 9.812176e+02 
2.983838e-01 1.319694e+03 9.495665e+02 
3.034242e-01 1.281399e+03 9.193306e+02 
3.084646e-01 1.244116e+03 8.904296e+02 
3.135051e-01 1.207957e+03 8.627885e+02 
3.185455e-01 1.173144e+03 8.363378e+02 
3.235859e-01 1.139759e+03 8.110122e+02 
3.286263e-01 1.107801e+03 7.867510e+02 
3.336667e-01 1.077237e+03 7.634973e+02 
3.387071e-01 1.048082e+03 7.411979e+02 
3.437475e-01 1.020282e+03 7.198030e+02 
3.487879e-01 9.936595e+02 6.992660e+02 
3.538283e-01 9.679935e+02 6.795431e+02 
3.588687e-01 9.431491e+02 6.605933e+02 
3.639091e-01 9.191204e+02 6.423779e+02 
3.689495e-01 8.958935e+02 6.248607e+02 
3.739899e-01 8.734189e+02 6.080076e+02 
3.790303e-01 8.516650e+02 5.917867e+02 
3.840707e-01 8.306450e+02 5.761676e+02 
3.891111e-01 8.103941e+02 5.611219e+02 
3.941515e-01 7.909070e+02 5.466228e+02 
3.991919e-01 7.721189e+02 5.326450e+02 
4.042323e-01 7.539854e+02 5.191645e+02 
4.092727e-01 7.364754e+02 5.061589e+02 
4.143131e-01 7.195586e+02 4.936068e+02 
4.193535e-01 7.031869e+02 4.814880e+02 
4.243939e-01 6.873094e+02 4.697834e+02 
4.294343e-01 6.719045e+02 4.584750e+02 
4.344747e-01 6.569718e+02 4.475456e+02 
4.395152e-01 6.425010e+02 4.369791e+02 
4.445556e-01 6.284906e+02 4.267600e+02 
4.495960e-01 6.149053e+02 4.168738e+02 
4.546364e-01 6.017359e+02 4.073067e+02 
4.596768e-01 5.889775e+02 3.980454e+02 
4.647172e-01 5.766160e+02 3.890775e+02 
4.697576e-01 5.646300e+02 3.803911e+02 
4.747980e-01 5.529934e+02 3.719750e+02 
4.798384e-01 5.416860e+02 3.638183e+02 
4.848788e-01 5.306969e+02 3.559109e+02 
4.899192e-01 5.200331e+02 3.482431e+02 
4.949596e-01 5.096695e+02 3.408055e+02 
5.000000e-01 4.995795e+02 3.335893e+02 
