1.000000e-03 2.804467e+03 2.804202e+03 
6.040404e-03 1.237213e+04 1.241905e+04 
1.108081e-02 1.692079e+04 1.675758e+04 
1.612121e-02 1.863804e+04 1.813587e+04 
2.116162e-02 1.873391e+04 1.789593e+04 
2.620202e-02 1.796148e+04 1.696159e+04 
3.124242e-02 1.681837e+04 1.582762e+04 
3.628283e-02 1.561678e+04 1.467858e+04 
4.132323e-02 1.451857e+04 1.357683e+04 
4.636364e-02 1.357145e+04 1.254501e+04 
5.140404e-02 1.276527e+04 1.159089e+04 
5.644444e-02 1.204348e+04 1.071525e+04 
6.148485e-02 1.134907e+04 9.915254e+03 
6.652525e-02 1.065537e+04 9.186210e+03 
7.156566e-02 9.951623e+03 8.522623e+03 
7.660606e-02 9.253097e+03 7.918783e+03 
8.164646e-02 8.590515e+03 7.369115e+03 
8.668687e-02 7.990914e+03 6.868360e+03 
9.172727e-02 7.465706e+03 6.411663e+03 
9.676768e-02 7.016040e+03 5.994603e+03 
1.018081e-01 6.636221e+03 5.613192e+03 
1.068485e-01 6.310169e+03 5.263851e+03 
1.118889e-01 6.013205e+03 4.943379e+03 
1.169293e-01 5.724799e+03 4.648921e+03 
1.219697e-01 5.435654e+03 4.377932e+03 
1.270101e-01 5.146243e+03 4.128147e+03 
1.320505e-01 4.861927e+03 3.897544e+03 
1.370909e-01 4.590760e+03 3.684323e+03 
1.421313e-01 4.340664e+03 3.486875e+03 
1.471717e-01 4.115871e+03 3.303765e+03 
1.522121e-01 3.916517e+03 3.133707e+03 
1.572525e-01 3.740202e+03 2.975551e+03 
1.622929e-01 3.583094e+03 2.828263e+03 
1.673333e-01 3.439558e+03 2.690916e+03 
1.723737e-01 3.302932e+03 2.562674e+03 
1.774141e-01 3.169035e+03 2.442786e+03 
1.824545e-01 3.037012e+03 2.330572e+03 
1.874949e-01 2.907924e+03 2.225418e+03 
1.925354e-01 2.783226e+03 2.126769e+03 
1.975758e-01 2.664518e+03 2.034120e+03 
2.026162e-01 2.553647e+03 1.947013e+03 
2.076566e-01 2.451707e+03 1.865033e+03 
2.126970e-01 2.358387e+03 1.787800e+03 
2.177374e-01 2.272355e+03 1.714969e+03 
2.227778e-01 2.192049e+03 1.646224e+03 
2.278182e-01 2.116031e+03 1.581276e+03 
2.328586e-01 2.043120e+03 1.519861e+03 
2.378990e-01 1.972657e+03 1.461736e+03 
2.429394e-01 1.904441e+03 1.406680e+03 
2.479798e-01 1.838518e+03 1.354487e+03 
2.530202e-01 1.775058e+03 1.304970e+03 
2.580606e-01 1.714388e+03 1.257955e+03 
2.631010e-01 1.656989e+03 1.213282e+03 
2.681414e-01 1.603036e+03 1.170804e+03 
2.731818e-01 1.552219e+03 1.130383e+03 
2.782222e-01 1.504034e+03 1.091895e+03 
2.832626e-01 1.458126e+03 1.055222e+03 
2.883030e-01 1.414260e+03 1.020255e+03 
2.933434e-01 1.372172e+03 9.868932e+02 
2.983838e-01 1.331568e+03 9.550441e+02 
3.034242e-01 1.292311e+03 9.246203e+02 
3.084646e-01 1.254469e+03 8.955407e+02 
3.135051e-01 1.218153e+03 8.677300e+02 
3.185455e-01 1.183326e+03 8.411178e+02 
3.235859e-01 1.149934e+03 8.156385e+02 
3.286263e-01 1.117956e+03 7.912309e+02 
3.336667e-01 1.087378e+03 7.678376e+02 
3.387071e-01 1.058112e+03 7.454051e+02 
3.437475e-01 1.029995e+03 7.238831e+02 
3.487879e-01 1.002884e+03 7.032246e+02 
3.538283e-01 9.767361e+02 6.833856e+02 
3.588687e-01 9.515190e+02 6.643246e+02 
3.639091e-01 9.271743e+02 6.460028e+02 
3.689495e-01 9.036496e+02 6.283838e+02 
3.739899e-01 8.809373e+02 6.114331e+02 
3.790303e-01 8.590583e+02 5.951185e+02 
3.840707e-01 8.379777e+02 5.794096e+02 
3.891111e-01 8.176373e+02 5.642777e+02 
3.941515e-01 7.979937e+02 5.496958e+02 
3.991919e-01 7.790326e+02 5.356383e+02 
4.042323e-01 7.607392e+02 5.220813e+02 
4.092727e-01 7.430551e+02 5.090021e+02 
4.143131e-01 7.259199e+02 4.963791e+02 
4.193535e-01 7.093138e+02 4.841920e+02 
4.243939e-01 6.932483e+02 4.724216e+02 
4.294343e-01 6.777140e+02 4.610498e+02 
4.344747e-01 6.626631e+02 4.500594e+02 
4.395152e-01 6.480617e+02 4.394339e+02 
4.445556e-01 6.339226e+02 4.291579e+02 
4.495960e-01 6.202388e+02 4.192168e+02 
4.546364e-01 6.069829e+02 4.095965e+02 
4.596768e-01 5.941195e+02 4.002840e+02 
4.647172e-01 5.816273e+02 3.912665e+02 
4.697576e-01 5.695146e+02 3.825322e+02 
4.747980e-01 5.577675e+02 3.740697e+02 
4.798384e-01 5.463588e+02 3.658681e+02 
4.848788e-01 5.352660e+02 3.579173e+02 
4.899192e-01 5.244864e+02 3.502073e+02 
4.949596e-01 5.140237e+02 3.427289e+02 
5.000000e-01 5.038596e+02 3.354732e+02 
