1.000000e-03 6.963324e+03 6.962662e+03 
6.040404e-03 3.063786e+04 3.078783e+04 
1.108081e-02 4.136010e+04 4.137743e+04 
1.612121e-02 4.408026e+04 4.381674e+04 
2.116162e-02 4.179597e+04 4.060718e+04 
2.620202e-02 3.677057e+04 3.458975e+04 
3.124242e-02 3.080023e+04 2.858590e+04 
3.628283e-02 2.515364e+04 2.378336e+04 
4.132323e-02 2.053470e+04 2.016540e+04 
4.636364e-02 1.715078e+04 1.741387e+04 
5.140404e-02 1.496779e+04 1.525773e+04 
5.644444e-02 1.371351e+04 1.351661e+04 
6.148485e-02 1.308574e+04 1.207581e+04 
6.652525e-02 1.277891e+04 1.086104e+04 
7.156566e-02 1.252697e+04 9.822245e+03 
7.660606e-02 1.211757e+04 8.924186e+03 
8.164646e-02 1.142860e+04 8.141063e+03 
8.668687e-02 1.045631e+04 7.453336e+03 
9.172727e-02 9.295798e+03 6.845796e+03 
9.676768e-02 8.091590e+03 6.306346e+03 
1.018081e-01 6.986121e+03 5.825199e+03 
1.068485e-01 6.081030e+03 5.394322e+03 
1.118889e-01 5.422228e+03 5.007052e+03 
1.169293e-01 5.006036e+03 4.657808e+03 
1.219697e-01 4.795054e+03 4.341877e+03 
1.270101e-01 4.731540e+03 4.055258e+03 
1.320505e-01 4.745467e+03 3.794526e+03 
1.370909e-01 4.765007e+03 3.556742e+03 
1.421313e-01 4.729897e+03 3.339364e+03 
1.471717e-01 4.601445e+03 3.140191e+03 
1.522121e-01 4.367119e+03 2.957306e+03 
1.572525e-01 4.042552e+03 2.789034e+03 
1.622929e-01 3.667500e+03 2.633904e+03 
1.673333e-01 3.292130e+03 2.490626e+03 
1.723737e-01 2.959017e+03 2.358060e+03 
1.774141e-01 2.693535e+03 2.235195e+03 
1.824545e-01 2.504969e+03 2.121139e+03 
1.874949e-01 2.391009e+03 2.015094e+03 
1.925354e-01 2.340242e+03 1.916351e+03 
1.975758e-01 2.332881e+03 1.824276e+03 
2.026162e-01 2.343743e+03 1.738299e+03 
2.076566e-01 2.348112e+03 1.657912e+03 
2.126970e-01 2.327028e+03 1.582654e+03 
2.177374e-01 2.269655e+03 1.512111e+03 
2.227778e-01 2.174026e+03 1.445911e+03 
2.278182e-01 2.047163e+03 1.383715e+03 
2.328586e-01 1.903168e+03 1.325217e+03 
2.378990e-01 1.758786e+03 1.270137e+03 
2.429394e-01 1.628478e+03 1.218224e+03 
2.479798e-01 1.522011e+03 1.169246e+03 
2.530202e-01 1.443877e+03 1.122993e+03 
2.580606e-01 1.393735e+03 1.079273e+03 
2.631010e-01 1.367087e+03 1.037910e+03 
2.681414e-01 1.356292e+03 9.987423e+02 
2.731818e-01 1.352251e+03 9.616224e+02 
2.782222e-01 1.346273e+03 9.264143e+02 
2.832626e-01 1.331372e+03 8.929929e+02 
2.883030e-01 1.303179e+03 8.612431e+02 
2.933434e-01 1.260580e+03 8.310587e+02 
2.983838e-01 1.205893e+03 8.023414e+02 
3.034242e-01 1.144126e+03 7.750008e+02 
3.084646e-01 1.081285e+03 7.489528e+02 
3.135051e-01 1.022856e+03 7.241196e+02 
3.185455e-01 9.727888e+02 7.004294e+02 
3.235859e-01 9.332284e+02 6.778150e+02 
3.286263e-01 9.045689e+02 6.562143e+02 
3.336667e-01 8.855306e+02 6.355694e+02 
3.387071e-01 8.734203e+02 6.158266e+02 
3.437475e-01 8.647887e+02 5.969355e+02 
3.487879e-01 8.562101e+02 5.788495e+02 
3.538283e-01 8.448908e+02 5.615247e+02 
3.588687e-01 8.290452e+02 5.449204e+02 
3.639091e-01 8.079767e+02 5.289983e+02 
3.689495e-01 7.821863e+02 5.137228e+02 
3.739899e-01 7.531979e+02 4.990604e+02 
3.790303e-01 7.231548e+02 4.849796e+02 
3.840707e-01 6.942190e+02 4.714511e+02 
3.891111e-01 6.680971e+02 4.584472e+02 
3.941515e-01 6.458831e+02 4.459419e+02 
3.991919e-01 6.279953e+02 4.339110e+02 
4.042323e-01 6.141638e+02 4.223314e+02 
4.092727e-01 6.035122e+02 4.111815e+02 
4.143131e-01 5.947928e+02 4.004410e+02 
4.193535e-01 5.867035e+02 3.900906e+02 
4.243939e-01 5.781074e+02 3.801124e+02 
4.294343e-01 5.681368e+02 3.704891e+02 
4.344747e-01 5.563133e+02 3.612047e+02 
4.395152e-01 5.426567e+02 3.522440e+02 
4.445556e-01 5.276233e+02 3.435925e+02 
4.495960e-01 5.119394e+02 3.352365e+02 
4.546364e-01 4.964108e+02 3.271633e+02 
4.596768e-01 4.817376e+02 3.193606e+02 
4.647172e-01 4.684513e+02 3.118167e+02 
4.697576e-01 4.568928e+02 3.045208e+02 
4.747980e-01 4.470712e+02 2.974624e+02 
4.798384e-01 4.387441e+02 2.906316e+02 
4.848788e-01 4.314611e+02 2.840191e+02 
4.899192e-01 4.247392e+02 2.776159e+02 
4.949596e-01 4.181321e+02 2.714136e+02 
5.000000e-01 4.112368e+02 2.654041e+02 
