1.000000e-03 2.521723e+03 2.521504e+03 
6.040404e-03 1.146701e+04 1.151606e+04 
1.108081e-02 1.607366e+04 1.597450e+04 
1.612121e-02 1.799235e+04 1.762991e+04 
2.116162e-02 1.823354e+04 1.754227e+04 
2.620202e-02 1.750029e+04 1.661228e+04 
3.124242e-02 1.631116e+04 1.545019e+04 
3.628283e-02 1.502567e+04 1.429847e+04 
4.132323e-02 1.385645e+04 1.322010e+04 
4.636364e-02 1.288040e+04 1.222562e+04 
5.140404e-02 1.212828e+04 1.131336e+04 
5.644444e-02 1.151809e+04 1.047887e+04 
6.148485e-02 1.097299e+04 9.716802e+03 
6.652525e-02 1.044060e+04 9.021560e+03 
7.156566e-02 9.873868e+03 8.387507e+03 
7.660606e-02 9.251122e+03 7.809170e+03 
8.164646e-02 8.593600e+03 7.281367e+03 
8.668687e-02 7.946797e+03 6.799273e+03 
9.172727e-02 7.351636e+03 6.358458e+03 
9.676768e-02 6.831842e+03 5.954888e+03 
1.018081e-01 6.397966e+03 5.584919e+03 
1.068485e-01 6.050589e+03 5.245272e+03 
1.118889e-01 5.776967e+03 4.933003e+03 
1.169293e-01 5.550625e+03 4.645479e+03 
1.219697e-01 5.341048e+03 4.380342e+03 
1.270101e-01 5.125426e+03 4.135486e+03 
1.320505e-01 4.893544e+03 3.909026e+03 
1.370909e-01 4.646045e+03 3.699274e+03 
1.421313e-01 4.390698e+03 3.504723e+03 
1.471717e-01 4.138630e+03 3.324018e+03 
1.522121e-01 3.900939e+03 3.155945e+03 
1.572525e-01 3.687118e+03 2.999414e+03 
1.622929e-01 3.503113e+03 2.853443e+03 
1.673333e-01 3.350046e+03 2.717149e+03 
1.723737e-01 3.223160e+03 2.589733e+03 
1.774141e-01 3.113509e+03 2.470477e+03 
1.824545e-01 3.011853e+03 2.358729e+03 
1.874949e-01 2.911517e+03 2.253899e+03 
1.925354e-01 2.808589e+03 2.155451e+03 
1.975758e-01 2.701133e+03 2.062899e+03 
2.026162e-01 2.589513e+03 1.975801e+03 
2.076566e-01 2.476854e+03 1.893753e+03 
2.126970e-01 2.367945e+03 1.816388e+03 
2.177374e-01 2.266917e+03 1.743370e+03 
2.227778e-01 2.175797e+03 1.674393e+03 
2.278182e-01 2.094782e+03 1.609174e+03 
2.328586e-01 2.023091e+03 1.547455e+03 
2.378990e-01 1.959184e+03 1.489001e+03 
2.429394e-01 1.900689e+03 1.433593e+03 
2.479798e-01 1.844980e+03 1.381031e+03 
2.530202e-01 1.789900e+03 1.331130e+03 
2.580606e-01 1.734326e+03 1.283720e+03 
2.631010e-01 1.678067e+03 1.238644e+03 
2.681414e-01 1.621695e+03 1.195757e+03 
2.731818e-01 1.566278e+03 1.154924e+03 
2.782222e-01 1.513005e+03 1.116021e+03 
2.832626e-01 1.462861e+03 1.078932e+03 
2.883030e-01 1.416382e+03 1.043550e+03 
2.933434e-01 1.373602e+03 1.009775e+03 
2.983838e-01 1.334178e+03 9.775154e+02 
3.034242e-01 1.297473e+03 9.466843e+02 
3.084646e-01 1.262716e+03 9.172016e+02 
3.135051e-01 1.229179e+03 8.889925e+02 
3.185455e-01 1.196330e+03 8.619870e+02 
3.235859e-01 1.163896e+03 8.361201e+02 
3.286263e-01 1.131832e+03 8.113306e+02 
3.336667e-01 1.100278e+03 7.875616e+02 
3.387071e-01 1.069522e+03 7.647597e+02 
3.437475e-01 1.039892e+03 7.428748e+02 
3.487879e-01 1.011643e+03 7.218601e+02 
3.538283e-01 9.848973e+02 7.016715e+02 
3.588687e-01 9.596176e+02 6.822676e+02 
3.639091e-01 9.356592e+02 6.636098e+02 
3.689495e-01 9.128283e+02 6.456614e+02 
3.739899e-01 8.909145e+02 6.283880e+02 
3.790303e-01 8.697124e+02 6.117575e+02 
3.840707e-01 8.490291e+02 5.957393e+02 
3.891111e-01 8.287984e+02 5.803046e+02 
3.941515e-01 8.090105e+02 5.654264e+02 
3.991919e-01 7.897257e+02 5.510791e+02 
4.042323e-01 7.709886e+02 5.372385e+02 
4.092727e-01 7.528410e+02 5.238819e+02 
4.143131e-01 7.353414e+02 5.109876e+02 
4.193535e-01 7.185315e+02 4.985353e+02 
4.243939e-01 7.024167e+02 4.865056e+02 
4.294343e-01 6.869389e+02 4.748801e+02 
4.344747e-01 6.719929e+02 4.636417e+02 
4.395152e-01 6.575199e+02 4.527737e+02 
4.445556e-01 6.434739e+02 4.422607e+02 
4.495960e-01 6.298277e+02 4.320878e+02 
4.546364e-01 6.165408e+02 4.222410e+02 
4.596768e-01 6.035709e+02 4.127070e+02 
4.647172e-01 5.909230e+02 4.034729e+02 
4.697576e-01 5.786298e+02 3.945269e+02 
4.747980e-01 5.667010e+02 3.858573e+02 
4.798384e-01 5.551423e+02 3.774534e+02 
4.848788e-01 5.439380e+02 3.693046e+02 
4.899192e-01 5.330722e+02 3.614011e+02 
4.949596e-01 5.225452e+02 3.537335e+02 
5.000000e-01 5.123401e+02 3.462927e+02 
