1.000000e-03 4.022878e+03 4.022505e+03 
6.040404e-03 1.791846e+04 1.799733e+04 
1.108081e-02 2.457831e+04 2.449360e+04 
1.612121e-02 2.678455e+04 2.639194e+04 
2.116162e-02 2.622264e+04 2.529509e+04 
2.620202e-02 2.411400e+04 2.280106e+04 
3.124242e-02 2.139511e+04 2.017971e+04 
3.628283e-02 1.871918e+04 1.790503e+04 
4.132323e-02 1.645967e+04 1.600692e+04 
4.636364e-02 1.473595e+04 1.441090e+04 
5.140404e-02 1.355702e+04 1.304727e+04 
5.644444e-02 1.277204e+04 1.186605e+04 
6.148485e-02 1.221814e+04 1.083232e+04 
6.652525e-02 1.173990e+04 9.920861e+03 
7.156566e-02 1.120254e+04 9.112602e+03 
7.660606e-02 1.053505e+04 8.392562e+03 
8.164646e-02 9.736827e+03 7.748620e+03 
8.668687e-02 8.863427e+03 7.170765e+03 
9.172727e-02 7.991516e+03 6.650605e+03 
9.676768e-02 7.194080e+03 6.181036e+03 
1.018081e-01 6.528335e+03 5.755997e+03 
1.068485e-01 6.023225e+03 5.370285e+03 
1.118889e-01 5.673024e+03 5.019414e+03 
1.169293e-01 5.443788e+03 4.699500e+03 
1.219697e-01 5.288918e+03 4.407166e+03 
1.270101e-01 5.161117e+03 4.139470e+03 
1.320505e-01 5.019685e+03 3.893838e+03 
1.370909e-01 4.836040e+03 3.668012e+03 
1.421313e-01 4.600038e+03 3.460006e+03 
1.471717e-01 4.319979e+03 3.268072e+03 
1.522121e-01 4.016960e+03 3.090659e+03 
1.572525e-01 3.716762e+03 2.926399e+03 
1.622929e-01 3.444044e+03 2.774072e+03 
1.673333e-01 3.216754e+03 2.632595e+03 
1.723737e-01 3.041969e+03 2.500999e+03 
1.774141e-01 2.916128e+03 2.378420e+03 
1.824545e-01 2.828228e+03 2.264084e+03 
1.874949e-01 2.763690e+03 2.157294e+03 
1.925354e-01 2.707142e+03 2.057424e+03 
1.975758e-01 2.644510e+03 1.963911e+03 
2.026162e-01 2.566031e+03 1.876245e+03 
2.076566e-01 2.468380e+03 1.793967e+03 
2.126970e-01 2.354590e+03 1.716659e+03 
2.177374e-01 2.231958e+03 1.643943e+03 
2.227778e-01 2.109311e+03 1.575474e+03 
2.278182e-01 1.995148e+03 1.510939e+03 
2.328586e-01 1.895777e+03 1.450053e+03 
2.378990e-01 1.814283e+03 1.392556e+03 
2.429394e-01 1.750327e+03 1.338208e+03 
2.479798e-01 1.701026e+03 1.286792e+03 
2.530202e-01 1.661737e+03 1.238108e+03 
2.580606e-01 1.626895e+03 1.191971e+03 
2.631010e-01 1.591116e+03 1.148213e+03 
2.681414e-01 1.550573e+03 1.106679e+03 
2.731818e-01 1.503859e+03 1.067225e+03 
2.782222e-01 1.451649e+03 1.029719e+03 
2.832626e-01 1.395881e+03 9.940396e+02 
2.883030e-01 1.339205e+03 9.600734e+02 
2.933434e-01 1.284577e+03 9.277162e+02 
2.983838e-01 1.234687e+03 8.968711e+02 
3.034242e-01 1.191164e+03 8.674485e+02 
3.084646e-01 1.154294e+03 8.393650e+02 
3.135051e-01 1.123257e+03 8.125431e+02 
3.185455e-01 1.096580e+03 7.869109e+02 
3.235859e-01 1.072520e+03 7.624011e+02 
3.286263e-01 1.049283e+03 7.389514e+02 
3.336667e-01 1.025314e+03 7.165033e+02 
3.387071e-01 9.996568e+02 6.950025e+02 
3.437475e-01 9.721365e+02 6.743980e+02 
3.487879e-01 9.432911e+02 6.546424e+02 
3.538283e-01 9.140161e+02 6.356910e+02 
3.588687e-01 8.852794e+02 6.175022e+02 
3.639091e-01 8.579647e+02 6.000369e+02 
3.689495e-01 8.327707e+02 5.832584e+02 
3.739899e-01 8.100671e+02 5.671323e+02 
3.790303e-01 7.897942e+02 5.516263e+02 
3.840707e-01 7.715517e+02 5.367100e+02 
3.891111e-01 7.547488e+02 5.223548e+02 
3.941515e-01 7.387777e+02 5.085337e+02 
3.991919e-01 7.230660e+02 4.952215e+02 
4.042323e-01 7.071660e+02 4.823942e+02 
4.092727e-01 6.908507e+02 4.700292e+02 
4.143131e-01 6.741577e+02 4.581054e+02 
4.193535e-01 6.573275e+02 4.466027e+02 
4.243939e-01 6.406771e+02 4.355020e+02 
4.294343e-01 6.244967e+02 4.247854e+02 
4.344747e-01 6.090491e+02 4.144360e+02 
4.395152e-01 5.945294e+02 4.044376e+02 
4.445556e-01 5.810280e+02 3.947751e+02 
4.495960e-01 5.684790e+02 3.854342e+02 
4.546364e-01 5.566989e+02 3.764010e+02 
4.596768e-01 5.454685e+02 3.676626e+02 
4.647172e-01 5.345936e+02 3.592068e+02 
4.697576e-01 5.239161e+02 3.510219e+02 
4.747980e-01 5.132989e+02 3.430968e+02 
4.798384e-01 5.026703e+02 3.354210e+02 
4.848788e-01 4.920454e+02 3.279843e+02 
4.899192e-01 4.815278e+02 3.207774e+02 
4.949596e-01 4.712327e+02 3.137911e+02 
5.000000e-01 4.612458e+02 3.070168e+02 
