1.000000e-03 6.255530e+03 6.254926e+03 
6.040404e-03 2.868013e+04 2.882054e+04 
1.108081e-02 3.920919e+04 3.921687e+04 
1.612121e-02 4.210843e+04 4.183721e+04 
2.116162e-02 4.015229e+04 3.899216e+04 
2.620202e-02 3.548631e+04 3.337738e+04 
3.124242e-02 2.984135e+04 2.770404e+04 
3.628283e-02 2.445542e+04 2.313645e+04 
4.132323e-02 2.002792e+04 1.968012e+04 
4.636364e-02 1.677406e+04 1.704203e+04 
5.140404e-02 1.467672e+04 1.496823e+04 
5.644444e-02 1.347987e+04 1.328879e+04 
6.148485e-02 1.289073e+04 1.189540e+04 
6.652525e-02 1.261143e+04 1.071779e+04 
7.156566e-02 1.238595e+04 9.708543e+03 
7.660606e-02 1.200403e+04 8.834261e+03 
8.164646e-02 1.134160e+04 8.070445e+03 
8.668687e-02 1.039310e+04 7.398507e+03 
9.172727e-02 9.253374e+03 6.803955e+03 
9.676768e-02 8.066844e+03 6.275239e+03 
1.018081e-01 6.973770e+03 5.802997e+03 
1.068485e-01 6.075998e+03 5.379529e+03 
1.118889e-01 5.421075e+03 4.998438e+03 
1.169293e-01 5.007341e+03 4.654354e+03 
1.219697e-01 4.798931e+03 4.342739e+03 
1.270101e-01 4.738107e+03 4.059729e+03 
1.320505e-01 4.754974e+03 3.802014e+03 
1.370909e-01 4.778269e+03 3.566749e+03 
1.421313e-01 4.748054e+03 3.351470e+03 
1.471717e-01 4.624891e+03 3.154041e+03 
1.522121e-01 4.395236e+03 2.972598e+03 
1.572525e-01 4.074027e+03 2.805512e+03 
1.622929e-01 3.700555e+03 2.651351e+03 
1.673333e-01 3.325146e+03 2.508856e+03 
1.723737e-01 2.990865e+03 2.376912e+03 
1.774141e-01 2.723628e+03 2.254536e+03 
1.824545e-01 2.533036e+03 2.140852e+03 
1.874949e-01 2.417477e+03 2.035080e+03 
1.925354e-01 2.365835e+03 1.936525e+03 
1.975758e-01 2.358429e+03 1.844564e+03 
2.026162e-01 2.369945e+03 1.758640e+03 
2.076566e-01 2.375640e+03 1.678252e+03 
2.126970e-01 2.356321e+03 1.602948e+03 
2.177374e-01 2.300743e+03 1.532321e+03 
2.227778e-01 2.206504e+03 1.466003e+03 
2.278182e-01 2.080250e+03 1.403662e+03 
2.328586e-01 1.936146e+03 1.344995e+03 
2.378990e-01 1.790938e+03 1.289727e+03 
2.429394e-01 1.659298e+03 1.237609e+03 
2.479798e-01 1.551097e+03 1.188412e+03 
2.530202e-01 1.471221e+03 1.141930e+03 
2.580606e-01 1.419669e+03 1.097971e+03 
2.631010e-01 1.392096e+03 1.056362e+03 
2.681414e-01 1.380805e+03 1.016943e+03 
2.731818e-01 1.376644e+03 9.795673e+02 
2.782222e-01 1.370923e+03 9.441008e+02 
2.832626e-01 1.356610e+03 9.104191e+02 
2.883030e-01 1.329099e+03 8.784080e+02 
2.933434e-01 1.287001e+03 8.479621e+02 
2.983838e-01 1.232499e+03 8.189838e+02 
3.034242e-01 1.170555e+03 7.913833e+02 
3.084646e-01 1.107241e+03 7.650769e+02 
3.135051e-01 1.048025e+03 7.399874e+02 
3.185455e-01 9.969312e+02 7.160431e+02 
3.235859e-01 9.563210e+02 6.931774e+02 
3.286263e-01 9.267339e+02 6.713283e+02 
3.336667e-01 9.069560e+02 6.504381e+02 
3.387071e-01 8.942893e+02 6.304533e+02 
3.437475e-01 8.853304e+02 6.113238e+02 
3.487879e-01 8.766576e+02 5.930029e+02 
3.538283e-01 8.654379e+02 5.754469e+02 
3.588687e-01 8.497481e+02 5.586150e+02 
3.639091e-01 8.287921e+02 5.424693e+02 
3.689495e-01 8.030089e+02 5.269739e+02 
3.739899e-01 7.739315e+02 5.120955e+02 
3.790303e-01 7.436327e+02 4.978025e+02 
3.840707e-01 7.142761e+02 4.840657e+02 
3.891111e-01 6.875793e+02 4.708574e+02 
3.941515e-01 6.647690e+02 4.581515e+02 
3.991919e-01 6.463129e+02 4.459237e+02 
4.042323e-01 6.319703e+02 4.341510e+02 
4.092727e-01 6.208817e+02 4.228117e+02 
4.143131e-01 6.118162e+02 4.118854e+02 
4.193535e-01 6.035123e+02 4.013529e+02 
4.243939e-01 5.948161e+02 3.911961e+02 
4.294343e-01 5.847944e+02 3.813978e+02 
4.344747e-01 5.729230e+02 3.719418e+02 
4.395152e-01 5.592015e+02 3.628128e+02 
4.445556e-01 5.440761e+02 3.539965e+02 
4.495960e-01 5.282529e+02 3.454789e+02 
4.546364e-01 5.124869e+02 3.372473e+02 
4.596768e-01 4.974905e+02 3.292893e+02 
4.647172e-01 4.838650e+02 3.215933e+02 
4.697576e-01 4.719586e+02 3.141483e+02 
4.747980e-01 4.618052e+02 3.069437e+02 
4.798384e-01 4.531483e+02 2.999697e+02 
4.848788e-01 4.455821e+02 2.932168e+02 
4.899192e-01 4.386606e+02 2.866759e+02 
4.949596e-01 4.318953e+02 2.803387e+02 
5.000000e-01 4.248743e+02 2.741970e+02 
