1.000000e-03 2.815050e+03 2.814797e+03 
6.040404e-03 1.307289e+04 1.312813e+04 
1.108081e-02 1.829977e+04 1.819952e+04 
1.612121e-02 2.033958e+04 1.995677e+04 
2.116162e-02 2.037968e+04 1.961019e+04 
2.620202e-02 1.927497e+04 1.827500e+04 
3.124242e-02 1.766957e+04 1.673922e+04 
3.628283e-02 1.601183e+04 1.529827e+04 
4.132323e-02 1.456158e+04 1.400479e+04 
4.636364e-02 1.341185e+04 1.284883e+04 
5.140404e-02 1.256364e+04 1.181279e+04 
5.644444e-02 1.192902e+04 1.088146e+04 
6.148485e-02 1.139530e+04 1.004242e+04 
6.652525e-02 1.087691e+04 9.285193e+03 
7.156566e-02 1.029904e+04 8.600751e+03 
7.660606e-02 9.635682e+03 7.981145e+03 
8.164646e-02 8.912131e+03 7.419340e+03 
8.668687e-02 8.182903e+03 6.909100e+03 
9.172727e-02 7.500817e+03 6.444899e+03 
9.676768e-02 6.904122e+03 6.021840e+03 
1.018081e-01 6.416542e+03 5.635592e+03 
1.068485e-01 6.044392e+03 5.282322e+03 
1.118889e-01 5.770459e+03 4.958640e+03 
1.169293e-01 5.559418e+03 4.661548e+03 
1.219697e-01 5.372776e+03 4.388389e+03 
1.270101e-01 5.180349e+03 4.136809e+03 
1.320505e-01 4.964432e+03 3.904720e+03 
1.370909e-01 4.720144e+03 3.690264e+03 
1.421313e-01 4.453593e+03 3.491790e+03 
1.471717e-01 4.179356e+03 3.307827e+03 
1.522121e-01 3.914693e+03 3.137060e+03 
1.572525e-01 3.675452e+03 2.978314e+03 
1.622929e-01 3.472180e+03 2.830537e+03 
1.673333e-01 3.308305e+03 2.692786e+03 
1.723737e-01 3.179365e+03 2.564210e+03 
1.774141e-01 3.075338e+03 2.444048e+03 
1.824545e-01 2.984842e+03 2.331610e+03 
1.874949e-01 2.897635e+03 2.226274e+03 
1.925354e-01 2.805687e+03 2.127478e+03 
1.975758e-01 2.704261e+03 2.034712e+03 
2.026162e-01 2.592996e+03 1.947515e+03 
2.076566e-01 2.476092e+03 1.865465e+03 
2.126970e-01 2.359740e+03 1.788180e+03 
2.177374e-01 2.249581e+03 1.715313e+03 
2.227778e-01 2.149627e+03 1.646543e+03 
2.278182e-01 2.062279e+03 1.581582e+03 
2.328586e-01 1.988075e+03 1.520162e+03 
2.378990e-01 1.925190e+03 1.462040e+03 
2.429394e-01 1.870225e+03 1.406992e+03 
2.479798e-01 1.819423e+03 1.354813e+03 
2.530202e-01 1.769630e+03 1.305313e+03 
2.580606e-01 1.718589e+03 1.258318e+03 
2.631010e-01 1.665013e+03 1.213668e+03 
2.681414e-01 1.609011e+03 1.171215e+03 
2.731818e-01 1.551979e+03 1.130821e+03 
2.782222e-01 1.496034e+03 1.092359e+03 
2.832626e-01 1.442944e+03 1.055714e+03 
2.883030e-01 1.393806e+03 1.020775e+03 
2.933434e-01 1.349161e+03 9.874417e+02 
2.983838e-01 1.309046e+03 9.556208e+02 
3.034242e-01 1.272984e+03 9.252247e+02 
3.084646e-01 1.239936e+03 8.961726e+02 
3.135051e-01 1.208615e+03 8.683887e+02 
3.185455e-01 1.177917e+03 8.418028e+02 
3.235859e-01 1.147180e+03 8.163490e+02 
3.286263e-01 1.116205e+03 7.919661e+02 
3.336667e-01 1.085058e+03 7.685968e+02 
3.387071e-01 1.054046e+03 7.461873e+02 
3.437475e-01 1.023665e+03 7.246874e+02 
3.487879e-01 9.944670e+02 7.040502e+02 
3.538283e-01 9.669404e+02 6.842316e+02 
3.588687e-01 9.412565e+02 6.651900e+02 
3.639091e-01 9.173318e+02 6.468868e+02 
3.689495e-01 8.948945e+02 6.292854e+02 
3.739899e-01 8.736555e+02 6.123515e+02 
3.790303e-01 8.533317e+02 5.960528e+02 
3.840707e-01 8.335955e+02 5.803589e+02 
3.891111e-01 8.141815e+02 5.652412e+02 
3.941515e-01 7.949567e+02 5.506726e+02 
3.991919e-01 7.759166e+02 5.366277e+02 
4.042323e-01 7.572191e+02 5.230826e+02 
4.092727e-01 7.389957e+02 5.100143e+02 
4.143131e-01 7.213761e+02 4.974016e+02 
4.193535e-01 7.044553e+02 4.852241e+02 
4.243939e-01 6.882962e+02 4.734627e+02 
4.294343e-01 6.729009e+02 4.620992e+02 
4.344747e-01 6.582147e+02 4.511163e+02 
4.395152e-01 6.441328e+02 4.404978e+02 
4.445556e-01 6.305168e+02 4.302283e+02 
4.495960e-01 6.172718e+02 4.202930e+02 
4.546364e-01 6.043500e+02 4.106780e+02 
4.596768e-01 5.916982e+02 4.013702e+02 
4.647172e-01 5.793000e+02 3.923570e+02 
4.697576e-01 5.671569e+02 3.836265e+02 
4.747980e-01 5.553009e+02 3.751673e+02 
4.798384e-01 5.437912e+02 3.669686e+02 
4.848788e-01 5.326605e+02 3.590203e+02 
4.899192e-01 5.219074e+02 3.513123e+02 
4.949596e-01 5.115168e+02 3.438356e+02 
5.000000e-01 5.014765e+02 3.365812e+02 
