1.000000e-03 3.333216e+03 3.332911e+03 
6.040404e-03 1.473203e+04 1.479332e+04 
1.108081e-02 2.019860e+04 2.007865e+04 
1.612121e-02 2.213686e+04 2.169851e+04 
2.116162e-02 2.194748e+04 2.109486e+04 
2.620202e-02 2.058915e+04 1.951107e+04 
3.124242e-02 1.875734e+04 1.777227e+04 
3.628283e-02 1.692058e+04 1.616729e+04 
4.132323e-02 1.533860e+04 1.473881e+04 
4.636364e-02 1.409443e+04 1.347045e+04 
5.140404e-02 1.317320e+04 1.234030e+04 
5.644444e-02 1.247389e+04 1.132991e+04 
6.148485e-02 1.187978e+04 1.042428e+04 
6.652525e-02 1.129305e+04 9.610810e+03 
7.156566e-02 1.064483e+04 8.878734e+03 
7.660606e-02 9.916608e+03 8.218664e+03 
8.164646e-02 9.139827e+03 7.622385e+03 
8.668687e-02 8.370827e+03 7.082689e+03 
9.172727e-02 7.661807e+03 6.593247e+03 
9.676768e-02 7.049872e+03 6.148501e+03 
1.018081e-01 6.556527e+03 5.743571e+03 
1.068485e-01 6.182237e+03 5.374167e+03 
1.118889e-01 5.903391e+03 5.036522e+03 
1.169293e-01 5.681439e+03 4.727317e+03 
1.219697e-01 5.477863e+03 4.443631e+03 
1.270101e-01 5.264664e+03 4.182885e+03 
1.320505e-01 5.027009e+03 3.942802e+03 
1.370909e-01 4.762113e+03 3.721364e+03 
1.421313e-01 4.479371e+03 3.516785e+03 
1.471717e-01 4.195346e+03 3.327477e+03 
1.522121e-01 3.927517e+03 3.152025e+03 
1.572525e-01 3.689721e+03 2.989172e+03 
1.622929e-01 3.490192e+03 2.837790e+03 
1.673333e-01 3.330136e+03 2.696873e+03 
1.723737e-01 3.203193e+03 2.565519e+03 
1.774141e-01 3.098174e+03 2.442917e+03 
1.824545e-01 3.003313e+03 2.328338e+03 
1.874949e-01 2.908866e+03 2.221123e+03 
1.925354e-01 2.808256e+03 2.120681e+03 
1.975758e-01 2.698416e+03 2.026473e+03 
2.026162e-01 2.580731e+03 1.938015e+03 
2.076566e-01 2.460150e+03 1.854865e+03 
2.126970e-01 2.342764e+03 1.776623e+03 
2.177374e-01 2.233661e+03 1.702923e+03 
2.227778e-01 2.136236e+03 1.633435e+03 
2.278182e-01 2.051959e+03 1.567854e+03 
2.328586e-01 1.980123e+03 1.505903e+03 
2.378990e-01 1.918107e+03 1.447329e+03 
2.429394e-01 1.862396e+03 1.391900e+03 
2.479798e-01 1.809638e+03 1.339402e+03 
2.530202e-01 1.757088e+03 1.289639e+03 
2.580606e-01 1.702833e+03 1.242431e+03 
2.631010e-01 1.646221e+03 1.197612e+03 
2.681414e-01 1.588107e+03 1.155029e+03 
2.731818e-01 1.530356e+03 1.114542e+03 
2.782222e-01 1.474833e+03 1.076018e+03 
2.832626e-01 1.422797e+03 1.039338e+03 
2.883030e-01 1.374958e+03 1.004389e+03 
2.933434e-01 1.331638e+03 9.710690e+02 
2.983838e-01 1.292655e+03 9.392804e+02 
3.034242e-01 1.257169e+03 9.089342e+02 
3.084646e-01 1.223924e+03 8.799473e+02 
3.135051e-01 1.191789e+03 8.522424e+02 
3.185455e-01 1.160026e+03 8.257476e+02 
3.235859e-01 1.128295e+03 8.003956e+02 
3.286263e-01 1.096511e+03 7.761238e+02 
3.336667e-01 1.064813e+03 7.528737e+02 
3.387071e-01 1.033621e+03 7.305906e+02 
3.437475e-01 1.003523e+03 7.092233e+02 
3.487879e-01 9.749912e+02 6.887240e+02 
3.538283e-01 9.482249e+02 6.690478e+02 
3.588687e-01 9.231833e+02 6.501526e+02 
3.639091e-01 8.996920e+02 6.319990e+02 
3.689495e-01 8.775287e+02 6.145499e+02 
3.739899e-01 8.563960e+02 5.977705e+02 
3.790303e-01 8.359567e+02 5.816280e+02 
3.840707e-01 8.159441e+02 5.660917e+02 
3.891111e-01 7.962278e+02 5.511324e+02 
3.941515e-01 7.768145e+02 5.367230e+02 
3.991919e-01 7.577654e+02 5.228376e+02 
4.042323e-01 7.391729e+02 5.094520e+02 
4.092727e-01 7.211577e+02 4.965432e+02 
4.143131e-01 7.038360e+02 4.840895e+02 
4.193535e-01 6.872905e+02 4.720705e+02 
4.243939e-01 6.715180e+02 4.604668e+02 
4.294343e-01 6.564192e+02 4.492601e+02 
4.344747e-01 6.419186e+02 4.384331e+02 
4.395152e-01 6.279390e+02 4.279693e+02 
4.445556e-01 6.144004e+02 4.178532e+02 
4.495960e-01 6.012151e+02 4.080701e+02 
4.546364e-01 5.883106e+02 3.986059e+02 
4.596768e-01 5.756801e+02 3.894474e+02 
4.647172e-01 5.633575e+02 3.805819e+02 
4.697576e-01 5.513614e+02 3.719975e+02 
4.747980e-01 5.397002e+02 3.636829e+02 
4.798384e-01 5.283944e+02 3.556271e+02 
4.848788e-01 5.174651e+02 3.478198e+02 
4.899192e-01 5.069219e+02 3.402514e+02 
4.949596e-01 4.967474e+02 3.329123e+02 
5.000000e-01 4.868887e+02 3.257939e+02 
