1.000000e-03 3.645058e+03 3.644726e+03 
6.040404e-03 1.605937e+04 1.612805e+04 
1.108081e-02 2.196526e+04 2.185923e+04 
1.612121e-02 2.396962e+04 2.354760e+04 
2.116162e-02 2.360171e+04 2.272089e+04 
2.620202e-02 2.192986e+04 2.077626e+04 
3.124242e-02 1.974524e+04 1.870211e+04 
3.628283e-02 1.758575e+04 1.684477e+04 
4.132323e-02 1.575145e+04 1.523757e+04 
4.636364e-02 1.433455e+04 1.384234e+04 
5.140404e-02 1.332837e+04 1.262008e+04 
5.644444e-02 1.260579e+04 1.154116e+04 
6.148485e-02 1.203080e+04 1.058339e+04 
6.652525e-02 1.148097e+04 9.729607e+03 
7.156566e-02 1.086286e+04 8.965918e+03 
7.660606e-02 1.014101e+04 8.280812e+03 
8.164646e-02 9.339268e+03 7.664558e+03 
8.668687e-02 8.517677e+03 7.108835e+03 
9.172727e-02 7.740261e+03 6.606486e+03 
9.676768e-02 7.058503e+03 6.151323e+03 
1.018081e-01 6.506333e+03 5.737977e+03 
1.068485e-01 6.093313e+03 5.361779e+03 
1.118889e-01 5.799746e+03 5.018659e+03 
1.169293e-01 5.586034e+03 4.705059e+03 
1.219697e-01 5.408106e+03 4.417863e+03 
1.270101e-01 5.229228e+03 4.154339e+03 
1.320505e-01 5.024143e+03 3.912079e+03 
1.370909e-01 4.781664e+03 3.688964e+03 
1.421313e-01 4.506180e+03 3.483122e+03 
1.471717e-01 4.214053e+03 3.292892e+03 
1.522121e-01 3.926376e+03 3.116805e+03 
1.572525e-01 3.662817e+03 2.953551e+03 
1.622929e-01 3.437899e+03 2.801965e+03 
1.673333e-01 3.258202e+03 2.661007e+03 
1.723737e-01 3.121073e+03 2.529746e+03 
1.774141e-01 3.016415e+03 2.407346e+03 
1.824545e-01 2.930969e+03 2.293060e+03 
1.874949e-01 2.851948e+03 2.186213e+03 
1.925354e-01 2.768631e+03 2.086197e+03 
1.975758e-01 2.673900e+03 1.992465e+03 
2.026162e-01 2.565869e+03 1.904520e+03 
2.076566e-01 2.447939e+03 1.821912e+03 
2.126970e-01 2.326663e+03 1.744235e+03 
2.177374e-01 2.209120e+03 1.671117e+03 
2.227778e-01 2.101331e+03 1.602222e+03 
2.278182e-01 2.007371e+03 1.537241e+03 
2.328586e-01 1.928661e+03 1.475895e+03 
2.378990e-01 1.863843e+03 1.417926e+03 
2.429394e-01 1.809632e+03 1.363100e+03 
2.479798e-01 1.761936e+03 1.311201e+03 
2.530202e-01 1.716609e+03 1.262033e+03 
2.580606e-01 1.670005e+03 1.215412e+03 
2.631010e-01 1.619804e+03 1.171172e+03 
2.681414e-01 1.565695e+03 1.129160e+03 
2.731818e-01 1.509111e+03 1.089232e+03 
2.782222e-01 1.452216e+03 1.051259e+03 
2.832626e-01 1.397084e+03 1.015118e+03 
2.883030e-01 1.345459e+03 9.806979e+02 
2.933434e-01 1.298688e+03 9.478946e+02 
2.983838e-01 1.257396e+03 9.166116e+02 
3.034242e-01 1.221221e+03 8.867596e+02 
3.084646e-01 1.188980e+03 8.582554e+02 
3.135051e-01 1.159178e+03 8.310217e+02 
3.185455e-01 1.130506e+03 8.049867e+02 
3.235859e-01 1.101973e+03 7.800832e+02 
3.286263e-01 1.072882e+03 7.562487e+02 
3.336667e-01 1.042982e+03 7.334250e+02 
3.387071e-01 1.012521e+03 7.115575e+02 
3.437475e-01 9.821671e+02 6.905953e+02 
3.487879e-01 9.527141e+02 6.704906e+02 
3.538283e-01 9.247633e+02 6.511988e+02 
3.588687e-01 8.986550e+02 6.326782e+02 
3.639091e-01 8.745242e+02 6.148893e+02 
3.689495e-01 8.523013e+02 5.977955e+02 
3.739899e-01 8.317100e+02 5.813621e+02 
3.790303e-01 8.123111e+02 5.655567e+02 
3.840707e-01 7.936159e+02 5.503486e+02 
3.891111e-01 7.752630e+02 5.357091e+02 
3.941515e-01 7.570330e+02 5.216110e+02 
3.991919e-01 7.388559e+02 5.080290e+02 
4.042323e-01 7.207558e+02 4.949388e+02 
4.092727e-01 7.028667e+02 4.823178e+02 
4.143131e-01 6.854254e+02 4.701444e+02 
4.193535e-01 6.686463e+02 4.583986e+02 
4.243939e-01 6.526550e+02 4.470610e+02 
4.294343e-01 6.374801e+02 4.361137e+02 
4.344747e-01 6.230906e+02 4.255394e+02 
4.395152e-01 6.094292e+02 4.153219e+02 
4.445556e-01 5.963850e+02 4.054459e+02 
4.495960e-01 5.838004e+02 3.958968e+02 
4.546364e-01 5.715219e+02 3.866608e+02 
4.596768e-01 5.594561e+02 3.777247e+02 
4.647172e-01 5.475968e+02 3.690762e+02 
4.697576e-01 5.359442e+02 3.607033e+02 
4.747980e-01 5.244986e+02 3.525950e+02 
4.798384e-01 5.133092e+02 3.447404e+02 
4.848788e-01 5.024429e+02 3.371296e+02 
4.899192e-01 4.919572e+02 3.297527e+02 
4.949596e-01 4.818711e+02 3.226006e+02 
5.000000e-01 4.721689e+02 3.156645e+02 
