1.000000e-03 3.367155e+03 3.366840e+03 
6.040404e-03 1.507615e+04 1.513830e+04 
1.108081e-02 2.074955e+04 2.063567e+04 
1.612121e-02 2.275672e+04 2.232660e+04 
2.116162e-02 2.252118e+04 2.165238e+04 
2.620202e-02 2.104281e+04 1.992258e+04 
3.124242e-02 1.906347e+04 1.804526e+04 
3.628283e-02 1.708840e+04 1.633950e+04 
4.132323e-02 1.540008e+04 1.484381e+04 
4.636364e-02 1.408735e+04 1.353116e+04 
5.140404e-02 1.314337e+04 1.237144e+04 
5.644444e-02 1.245064e+04 1.134093e+04 
6.148485e-02 1.188339e+04 1.042137e+04 
6.652525e-02 1.132995e+04 9.598158e+03 
7.156566e-02 1.070803e+04 8.859240e+03 
7.660606e-02 9.989782e+03 8.194384e+03 
8.164646e-02 9.203468e+03 7.594804e+03 
8.668687e-02 8.409117e+03 7.052895e+03 
9.172727e-02 7.665861e+03 6.562047e+03 
9.676768e-02 7.019584e+03 6.116495e+03 
1.018081e-01 6.498661e+03 5.711210e+03 
1.068485e-01 6.108590e+03 5.341790e+03 
1.118889e-01 5.827656e+03 5.004381e+03 
1.169293e-01 5.615605e+03 4.695601e+03 
1.219697e-01 5.430632e+03 4.412479e+03 
1.270101e-01 5.239410e+03 4.152399e+03 
1.320505e-01 5.021060e+03 3.913052e+03 
1.370909e-01 4.768648e+03 3.692400e+03 
1.421313e-01 4.489158e+03 3.488636e+03 
1.471717e-01 4.199732e+03 3.300160e+03 
1.522121e-01 3.920340e+03 3.125548e+03 
1.572525e-01 3.668524e+03 2.963530e+03 
1.622929e-01 3.456163e+03 2.812977e+03 
1.673333e-01 3.287199e+03 2.672875e+03 
1.723737e-01 3.156927e+03 2.542320e+03 
1.774141e-01 3.054420e+03 2.420497e+03 
1.824545e-01 2.966773e+03 2.306675e+03 
1.874949e-01 2.882259e+03 2.200197e+03 
1.925354e-01 2.791759e+03 2.100467e+03 
1.975758e-01 2.690004e+03 2.006948e+03 
2.026162e-01 2.576801e+03 1.919155e+03 
2.076566e-01 2.456671e+03 1.836646e+03 
2.126970e-01 2.336266e+03 1.759022e+03 
2.177374e-01 2.221957e+03 1.685918e+03 
2.227778e-01 2.118778e+03 1.617002e+03 
2.278182e-01 2.029632e+03 1.551972e+03 
2.328586e-01 1.954868e+03 1.490551e+03 
2.378990e-01 1.892377e+03 1.432487e+03 
2.429394e-01 1.838503e+03 1.377547e+03 
2.479798e-01 1.789314e+03 1.325519e+03 
2.530202e-01 1.741167e+03 1.276208e+03 
2.580606e-01 1.691141e+03 1.229434e+03 
2.631010e-01 1.637722e+03 1.185033e+03 
2.681414e-01 1.581261e+03 1.142851e+03 
2.731818e-01 1.523554e+03 1.102748e+03 
2.782222e-01 1.466786e+03 1.064595e+03 
2.832626e-01 1.412759e+03 1.028271e+03 
2.883030e-01 1.362787e+03 9.936643e+02 
2.933434e-01 1.317745e+03 9.606728e+02 
2.983838e-01 1.277850e+03 9.292004e+02 
3.034242e-01 1.242413e+03 8.991585e+02 
3.084646e-01 1.210121e+03 8.704643e+02 
3.135051e-01 1.179546e+03 8.430410e+02 
3.185455e-01 1.149587e+03 8.168172e+02 
3.235859e-01 1.119550e+03 7.917262e+02 
3.286263e-01 1.089041e+03 7.677056e+02 
3.336667e-01 1.058034e+03 7.446975e+02 
3.387071e-01 1.026944e+03 7.226475e+02 
3.437475e-01 9.964554e+02 7.015049e+02 
3.487879e-01 9.672537e+02 6.812221e+02 
3.538283e-01 9.397925e+02 6.617546e+02 
3.588687e-01 9.142147e+02 6.430608e+02 
3.639091e-01 8.904791e+02 6.251013e+02 
3.689495e-01 8.684247e+02 6.078395e+02 
3.739899e-01 8.477139e+02 5.912408e+02 
3.790303e-01 8.279297e+02 5.752728e+02 
3.840707e-01 8.086613e+02 5.599049e+02 
3.891111e-01 7.896320e+02 5.451084e+02 
3.941515e-01 7.707471e+02 5.308561e+02 
3.991919e-01 7.520281e+02 5.171226e+02 
4.042323e-01 7.335491e+02 5.038837e+02 
4.092727e-01 7.154737e+02 4.911168e+02 
4.143131e-01 6.979941e+02 4.788003e+02 
4.193535e-01 6.812715e+02 4.669140e+02 
4.243939e-01 6.653672e+02 4.554386e+02 
4.294343e-01 6.502449e+02 4.443561e+02 
4.344747e-01 6.358341e+02 4.336493e+02 
4.395152e-01 6.220523e+02 4.233020e+02 
4.445556e-01 6.087894e+02 4.132986e+02 
4.495960e-01 5.959091e+02 4.036246e+02 
4.546364e-01 5.833040e+02 3.942661e+02 
4.596768e-01 5.709150e+02 3.852101e+02 
4.647172e-01 5.587614e+02 3.764439e+02 
4.697576e-01 5.468633e+02 3.679558e+02 
4.747980e-01 5.352509e+02 3.597345e+02 
4.798384e-01 5.239513e+02 3.517692e+02 
4.848788e-01 5.130119e+02 3.440498e+02 
4.899192e-01 5.024670e+02 3.365666e+02 
4.949596e-01 4.923214e+02 3.293102e+02 
5.000000e-01 4.825418e+02 3.222720e+02 
