1.000000e-03 3.316109e+03 3.315804e+03 
6.040404e-03 1.491385e+04 1.497328e+04 
1.108081e-02 2.055514e+04 2.052493e+04 
1.612121e-02 2.256144e+04 2.268928e+04 
2.116162e-02 2.233974e+04 2.304971e+04 
2.620202e-02 2.088147e+04 2.250561e+04 
3.124242e-02 1.892330e+04 2.152989e+04 
3.628283e-02 1.696738e+04 2.036320e+04 
4.132323e-02 1.529477e+04 1.913344e+04 
4.636364e-02 1.399417e+04 1.791050e+04 
5.140404e-02 1.305918e+04 1.673211e+04 
5.644444e-02 1.237333e+04 1.561747e+04 
6.148485e-02 1.181182e+04 1.457501e+04 
6.652525e-02 1.126370e+04 1.360690e+04 
7.156566e-02 1.064721e+04 1.271170e+04 
7.660606e-02 9.934619e+03 1.188603e+04 
8.164646e-02 9.154039e+03 1.112554e+04 
8.668687e-02 8.365165e+03 1.042545e+04 
9.172727e-02 7.626850e+03 9.780963e+03 
9.676768e-02 6.984785e+03 9.187406e+03 
1.018081e-01 6.467264e+03 8.640375e+03 
1.068485e-01 6.079816e+03 8.135770e+03 
1.118889e-01 5.800880e+03 7.669820e+03 
1.169293e-01 5.590429e+03 7.239081e+03 
1.219697e-01 5.406867e+03 6.840420e+03 
1.270101e-01 5.217022e+03 6.470998e+03 
1.320505e-01 5.000104e+03 6.128245e+03 
1.370909e-01 4.749203e+03 5.809841e+03 
1.421313e-01 4.471268e+03 5.513687e+03 
1.471717e-01 4.183372e+03 5.237891e+03 
1.522121e-01 3.905408e+03 4.980740e+03 
1.572525e-01 3.654858e+03 4.740688e+03 
1.622929e-01 3.443569e+03 4.516334e+03 
1.673333e-01 3.275479e+03 4.306412e+03 
1.723737e-01 3.145914e+03 4.109772e+03 
1.774141e-01 3.043991e+03 3.925373e+03 
1.824545e-01 2.956858e+03 3.752268e+03 
1.874949e-01 2.872828e+03 3.589596e+03 
1.925354e-01 2.782816e+03 3.436573e+03 
1.975758e-01 2.681565e+03 3.292484e+03 
2.026162e-01 2.568885e+03 3.156678e+03 
2.076566e-01 2.449279e+03 3.028558e+03 
2.126970e-01 2.329381e+03 2.907580e+03 
2.177374e-01 2.215543e+03 2.793245e+03 
2.227778e-01 2.112786e+03 2.685093e+03 
2.278182e-01 2.024009e+03 2.582706e+03 
2.328586e-01 1.949562e+03 2.485696e+03 
2.378990e-01 1.887344e+03 2.393708e+03 
2.429394e-01 1.833713e+03 2.306415e+03 
2.479798e-01 1.784746e+03 2.223514e+03 
2.530202e-01 1.736812e+03 2.144727e+03 
2.580606e-01 1.686997e+03 2.069797e+03 
2.631010e-01 1.633790e+03 1.998484e+03 
2.681414e-01 1.577541e+03 1.930568e+03 
2.731818e-01 1.520043e+03 1.865845e+03 
2.782222e-01 1.463474e+03 1.804124e+03 
2.832626e-01 1.409634e+03 1.745230e+03 
2.883030e-01 1.359834e+03 1.688998e+03 
2.933434e-01 1.314949e+03 1.635276e+03 
2.983838e-01 1.275194e+03 1.583922e+03 
3.034242e-01 1.239884e+03 1.534804e+03 
3.084646e-01 1.207708e+03 1.487799e+03 
3.135051e-01 1.177243e+03 1.442790e+03 
3.185455e-01 1.147389e+03 1.399671e+03 
3.235859e-01 1.117455e+03 1.358340e+03 
3.286263e-01 1.087045e+03 1.318704e+03 
3.336667e-01 1.056137e+03 1.280674e+03 
3.387071e-01 1.025142e+03 1.244168e+03 
3.437475e-01 9.947438e+02 1.209107e+03 
3.487879e-01 9.656281e+02 1.175419e+03 
3.538283e-01 9.382474e+02 1.143037e+03 
3.588687e-01 9.127446e+02 1.111894e+03 
3.639091e-01 8.890788e+02 1.081932e+03 
3.689495e-01 8.670895e+02 1.053092e+03 
3.739899e-01 8.464398e+02 1.025322e+03 
3.790303e-01 8.267136e+02 9.985713e+02 
3.840707e-01 8.075007e+02 9.727915e+02 
3.891111e-01 7.885249e+02 9.479382e+02 
3.941515e-01 7.696917e+02 9.239688e+02 
3.991919e-01 7.510227e+02 9.008433e+02 
4.042323e-01 7.325917e+02 8.785238e+02 
4.092727e-01 7.145625e+02 8.569745e+02 
4.143131e-01 6.971269e+02 8.361615e+02 
4.193535e-01 6.804460e+02 8.160528e+02 
4.243939e-01 6.645812e+02 7.966178e+02 
4.294343e-01 6.494962e+02 7.778278e+02 
4.344747e-01 6.351209e+02 7.596556e+02 
4.395152e-01 6.213728e+02 7.420751e+02 
4.445556e-01 6.081420e+02 7.250617e+02 
4.495960e-01 5.952925e+02 7.085922e+02 
4.546364e-01 5.827169e+02 6.926442e+02 
4.596768e-01 5.703564e+02 6.771968e+02 
4.647172e-01 5.582302e+02 6.622298e+02 
4.697576e-01 5.463583e+02 6.477242e+02 
4.747980e-01 5.347712e+02 6.336618e+02 
4.798384e-01 5.234958e+02 6.200252e+02 
4.848788e-01 5.125795e+02 6.067980e+02 
4.899192e-01 5.020567e+02 5.939645e+02 
4.949596e-01 4.919322e+02 5.815097e+02 
5.000000e-01 4.821727e+02 5.694194e+02 
