1.000000e-03 3.131575e+03 3.131287e+03 
6.040404e-03 1.349570e+04 1.354842e+04 
1.108081e-02 1.838226e+04 1.823437e+04 
1.612121e-02 2.016309e+04 1.968219e+04 
2.116162e-02 2.013555e+04 1.929295e+04 
2.620202e-02 1.913280e+04 1.811801e+04 
3.124242e-02 1.772858e+04 1.676410e+04 
3.628283e-02 1.629085e+04 1.544552e+04 
4.132323e-02 1.501719e+04 1.421659e+04 
4.636364e-02 1.395601e+04 1.308749e+04 
5.140404e-02 1.312067e+04 1.205678e+04 
5.644444e-02 1.240184e+04 1.111928e+04 
6.148485e-02 1.173343e+04 1.026830e+04 
6.652525e-02 1.106217e+04 9.496588e+03 
7.156566e-02 1.035462e+04 8.796868e+03 
7.660606e-02 9.617878e+03 8.162140e+03 
8.164646e-02 8.889665e+03 7.585867e+03 
8.668687e-02 8.212970e+03 7.062051e+03 
9.172727e-02 7.614838e+03 6.585256e+03 
9.676768e-02 7.107194e+03 6.150599e+03 
1.018081e-01 6.691612e+03 5.753716e+03 
1.068485e-01 6.356061e+03 5.390720e+03 
1.118889e-01 6.072870e+03 5.058155e+03 
1.169293e-01 5.810460e+03 4.752954e+03 
1.219697e-01 5.546289e+03 4.472394e+03 
1.270101e-01 5.271536e+03 4.214057e+03 
1.320505e-01 4.987905e+03 3.975794e+03 
1.370909e-01 4.703005e+03 3.755696e+03 
1.421313e-01 4.428072e+03 3.552060e+03 
1.471717e-01 4.174011e+03 3.363369e+03 
1.522121e-01 3.948159e+03 3.188269e+03 
1.572525e-01 3.753178e+03 3.025547e+03 
1.622929e-01 3.587402e+03 2.874119e+03 
1.673333e-01 3.444913e+03 2.733010e+03 
1.723737e-01 3.316825e+03 2.601345e+03 
1.774141e-01 3.194649e+03 2.478336e+03 
1.824545e-01 3.073125e+03 2.363274e+03 
1.874949e-01 2.950038e+03 2.255516e+03 
1.925354e-01 2.825410e+03 2.154484e+03 
1.975758e-01 2.701147e+03 2.059650e+03 
2.026162e-01 2.580937e+03 1.970539e+03 
2.076566e-01 2.468524e+03 1.886716e+03 
2.126970e-01 2.365996e+03 1.807789e+03 
2.177374e-01 2.273609e+03 1.733398e+03 
2.227778e-01 2.190527e+03 1.663214e+03 
2.278182e-01 2.115218e+03 1.596939e+03 
2.328586e-01 2.045477e+03 1.534299e+03 
2.378990e-01 1.978891e+03 1.475041e+03 
2.429394e-01 1.913858e+03 1.418936e+03 
2.479798e-01 1.849736e+03 1.365773e+03 
2.530202e-01 1.786408e+03 1.315356e+03 
2.580606e-01 1.724138e+03 1.267506e+03 
2.631010e-01 1.663676e+03 1.222059e+03 
2.681414e-01 1.606072e+03 1.178861e+03 
2.731818e-01 1.552169e+03 1.137772e+03 
2.782222e-01 1.502046e+03 1.098662e+03 
2.832626e-01 1.455296e+03 1.061410e+03 
2.883030e-01 1.411410e+03 1.025904e+03 
2.933434e-01 1.369950e+03 9.920405e+02 
2.983838e-01 1.330432e+03 9.597235e+02 
3.034242e-01 1.292260e+03 9.288634e+02 
3.084646e-01 1.254987e+03 8.993767e+02 
3.135051e-01 1.218549e+03 8.711860e+02 
3.185455e-01 1.183122e+03 8.442191e+02 
3.235859e-01 1.148909e+03 8.184084e+02 
3.286263e-01 1.115998e+03 7.936912e+02 
3.336667e-01 1.084467e+03 7.700084e+02 
3.387071e-01 1.054424e+03 7.473052e+02 
3.437475e-01 1.025902e+03 7.255301e+02 
3.487879e-01 9.987897e+02 7.046348e+02 
3.538283e-01 9.728574e+02 6.845742e+02 
3.588687e-01 9.478541e+02 6.653059e+02 
3.639091e-01 9.236890e+02 6.467900e+02 
3.689495e-01 9.003002e+02 6.289892e+02 
3.739899e-01 8.776339e+02 6.118684e+02 
3.790303e-01 8.556255e+02 5.953945e+02 
3.840707e-01 8.342683e+02 5.795364e+02 
3.891111e-01 8.136261e+02 5.642648e+02 
3.941515e-01 7.937420e+02 5.495521e+02 
3.991919e-01 7.746048e+02 5.353722e+02 
4.042323e-01 7.561698e+02 5.217005e+02 
4.092727e-01 7.384004e+02 5.085139e+02 
4.143131e-01 7.212860e+02 4.957903e+02 
4.193535e-01 7.047663e+02 4.835092e+02 
4.243939e-01 6.887725e+02 4.716509e+02 
4.294343e-01 6.732559e+02 4.601967e+02 
4.344747e-01 6.581849e+02 4.491293e+02 
4.395152e-01 6.435647e+02 4.384318e+02 
4.445556e-01 6.293969e+02 4.280886e+02 
4.495960e-01 6.156492e+02 4.180847e+02 
4.546364e-01 6.023157e+02 4.084058e+02 
4.596768e-01 5.893938e+02 3.990385e+02 
4.647172e-01 5.768809e+02 3.899701e+02 
4.697576e-01 5.647661e+02 3.811882e+02 
4.747980e-01 5.530216e+02 3.726815e+02 
4.798384e-01 5.416193e+02 3.644388e+02 
4.848788e-01 5.305485e+02 3.564497e+02 
4.899192e-01 5.198019e+02 3.487043e+02 
4.949596e-01 5.093574e+02 3.411931e+02 
5.000000e-01 4.991974e+02 3.339069e+02 
