1.000000e-03 2.631412e+03 2.631174e+03 
6.040404e-03 1.187533e+04 1.192367e+04 
1.108081e-02 1.648196e+04 1.635953e+04 
1.612121e-02 1.830654e+04 1.789149e+04 
2.116162e-02 1.845024e+04 1.769972e+04 
2.620202e-02 1.765048e+04 1.672254e+04 
3.124242e-02 1.643178e+04 1.554065e+04 
3.628283e-02 1.514531e+04 1.437183e+04 
4.132323e-02 1.398867e+04 1.327403e+04 
4.636364e-02 1.302035e+04 1.225941e+04 
5.140404e-02 1.226474e+04 1.132822e+04 
5.644444e-02 1.162783e+04 1.047701e+04 
6.148485e-02 1.104200e+04 9.700794e+03 
6.652525e-02 1.045842e+04 8.993894e+03 
7.156566e-02 9.836082e+03 8.350442e+03 
7.660606e-02 9.173353e+03 7.764670e+03 
8.164646e-02 8.500992e+03 7.231096e+03 
8.668687e-02 7.862087e+03 6.744620e+03 
9.172727e-02 7.288059e+03 6.300571e+03 
9.676768e-02 6.794898e+03 5.894711e+03 
1.018081e-01 6.388359e+03 5.523222e+03 
1.068485e-01 6.062685e+03 5.182678e+03 
1.118889e-01 5.796806e+03 4.870019e+03 
1.169293e-01 5.560484e+03 4.582510e+03 
1.219697e-01 5.327817e+03 4.317714e+03 
1.270101e-01 5.085054e+03 4.073456e+03 
1.320505e-01 4.829702e+03 3.847797e+03 
1.370909e-01 4.566962e+03 3.639005e+03 
1.421313e-01 4.306440e+03 3.445534e+03 
1.471717e-01 4.059283e+03 3.266000e+03 
1.522121e-01 3.834874e+03 3.099164e+03 
1.572525e-01 3.638809e+03 2.943916e+03 
1.622929e-01 3.472210e+03 2.799257e+03 
1.673333e-01 3.331587e+03 2.664291e+03 
1.723737e-01 3.209544e+03 2.538209e+03 
1.774141e-01 3.097230e+03 2.420283e+03 
1.824545e-01 2.987650e+03 2.309855e+03 
1.874949e-01 2.876957e+03 2.206328e+03 
1.925354e-01 2.763474e+03 2.109163e+03 
1.975758e-01 2.647749e+03 2.017870e+03 
2.026162e-01 2.532601e+03 1.932004e+03 
2.076566e-01 2.422015e+03 1.851161e+03 
2.126970e-01 2.319372e+03 1.774971e+03 
2.177374e-01 2.226280e+03 1.703097e+03 
2.227778e-01 2.142721e+03 1.635232e+03 
2.278182e-01 2.067922e+03 1.571094e+03 
2.328586e-01 2.000261e+03 1.510426e+03 
2.378990e-01 1.937382e+03 1.452990e+03 
2.429394e-01 1.876986e+03 1.398569e+03 
2.479798e-01 1.817552e+03 1.346964e+03 
2.530202e-01 1.758486e+03 1.297989e+03 
2.580606e-01 1.699782e+03 1.251477e+03 
2.631010e-01 1.641789e+03 1.207270e+03 
2.681414e-01 1.585356e+03 1.165224e+03 
2.731818e-01 1.531601e+03 1.125205e+03 
2.782222e-01 1.481343e+03 1.087089e+03 
2.832626e-01 1.434706e+03 1.050761e+03 
2.883030e-01 1.391321e+03 1.016116e+03 
2.933434e-01 1.350707e+03 9.830545e+02 
2.983838e-01 1.312399e+03 9.514844e+02 
3.034242e-01 1.275877e+03 9.213206e+02 
3.084646e-01 1.240549e+03 8.924835e+02 
3.135051e-01 1.205952e+03 8.648990e+02 
3.185455e-01 1.171978e+03 8.384981e+02 
3.235859e-01 1.138779e+03 8.132161e+02 
3.286263e-01 1.106588e+03 7.889929e+02 
3.336667e-01 1.075567e+03 7.657721e+02 
3.387071e-01 1.045814e+03 7.435008e+02 
3.437475e-01 1.017439e+03 7.221298e+02 
3.487879e-01 9.905180e+02 7.016127e+02 
3.538283e-01 9.649768e+02 6.819060e+02 
3.588687e-01 9.406025e+02 6.629691e+02 
3.639091e-01 9.171483e+02 6.447637e+02 
3.689495e-01 8.944561e+02 6.272537e+02 
3.739899e-01 8.724581e+02 6.104054e+02 
3.790303e-01 8.511031e+02 5.941868e+02 
3.840707e-01 8.303374e+02 5.785680e+02 
3.891111e-01 8.101377e+02 5.635207e+02 
3.941515e-01 7.905259e+02 5.490182e+02 
3.991919e-01 7.715924e+02 5.350355e+02 
4.042323e-01 7.533641e+02 5.215486e+02 
4.092727e-01 7.358260e+02 5.085353e+02 
4.143131e-01 7.189311e+02 4.959742e+02 
4.193535e-01 7.026404e+02 4.838454e+02 
4.243939e-01 6.869250e+02 4.721298e+02 
4.294343e-01 6.717310e+02 4.608095e+02 
4.344747e-01 6.569942e+02 4.498675e+02 
4.395152e-01 6.426707e+02 4.392875e+02 
4.445556e-01 6.287379e+02 4.290544e+02 
4.495960e-01 6.152045e+02 4.191535e+02 
4.546364e-01 6.020695e+02 4.095712e+02 
4.596768e-01 5.893188e+02 4.002943e+02 
4.647172e-01 5.769444e+02 3.913103e+02 
4.697576e-01 5.649464e+02 3.826075e+02 
4.747980e-01 5.533217e+02 3.741747e+02 
4.798384e-01 5.420589e+02 3.660010e+02 
4.848788e-01 5.311375e+02 3.580763e+02 
4.899192e-01 5.205261e+02 3.503910e+02 
4.949596e-01 5.102123e+02 3.429358e+02 
5.000000e-01 5.001851e+02 3.357018e+02 
