1.000000e-03 2.316574e+03 2.316364e+03 
6.040404e-03 1.052297e+04 1.056403e+04 
1.108081e-02 1.467174e+04 1.453729e+04 
1.612121e-02 1.641852e+04 1.599218e+04 
2.116162e-02 1.673617e+04 1.601163e+04 
2.620202e-02 1.625067e+04 1.536670e+04 
3.124242e-02 1.538852e+04 1.449039e+04 
3.628283e-02 1.442525e+04 1.355777e+04 
4.132323e-02 1.351261e+04 1.263590e+04 
4.636364e-02 1.270401e+04 1.175365e+04 
5.140404e-02 1.200202e+04 1.092422e+04 
5.644444e-02 1.136343e+04 1.015282e+04 
6.148485e-02 1.074565e+04 9.440219e+03 
6.652525e-02 1.013313e+04 8.784668e+03 
7.156566e-02 9.507723e+03 8.183065e+03 
7.660606e-02 8.879655e+03 7.631655e+03 
8.164646e-02 8.277732e+03 7.126461e+03 
8.668687e-02 7.730042e+03 6.663533e+03 
9.172727e-02 7.247379e+03 6.239092e+03 
9.676768e-02 6.827924e+03 5.849607e+03 
1.018081e-01 6.466889e+03 5.491819e+03 
1.068485e-01 6.154603e+03 5.162760e+03 
1.118889e-01 5.872739e+03 4.859733e+03 
1.169293e-01 5.601773e+03 4.580308e+03 
1.219697e-01 5.330073e+03 4.322292e+03 
1.270101e-01 5.057268e+03 4.083716e+03 
1.320505e-01 4.789587e+03 3.862810e+03 
1.370909e-01 4.534105e+03 3.657985e+03 
1.421313e-01 4.296778e+03 3.467813e+03 
1.471717e-01 4.081101e+03 3.291009e+03 
1.522121e-01 3.887977e+03 3.126419e+03 
1.572525e-01 3.716296e+03 2.973004e+03 
1.622929e-01 3.562999e+03 2.829825e+03 
1.673333e-01 3.422723e+03 2.696036e+03 
1.723737e-01 3.289610e+03 2.570874e+03 
1.774141e-01 3.159798e+03 2.453647e+03 
1.824545e-01 3.032313e+03 2.343728e+03 
1.874949e-01 2.907916e+03 2.240548e+03 
1.925354e-01 2.787434e+03 2.143593e+03 
1.975758e-01 2.672023e+03 2.052391e+03 
2.026162e-01 2.563510e+03 1.966516e+03 
2.076566e-01 2.463361e+03 1.885577e+03 
2.126970e-01 2.371513e+03 1.809219e+03 
2.177374e-01 2.286482e+03 1.737116e+03 
2.227778e-01 2.206857e+03 1.668969e+03 
2.278182e-01 2.131641e+03 1.604506e+03 
2.328586e-01 2.059902e+03 1.543476e+03 
2.378990e-01 1.990675e+03 1.485648e+03 
2.429394e-01 1.923404e+03 1.430811e+03 
2.479798e-01 1.858312e+03 1.378769e+03 
2.530202e-01 1.795754e+03 1.329343e+03 
2.580606e-01 1.735985e+03 1.282366e+03 
2.631010e-01 1.679123e+03 1.237685e+03 
2.681414e-01 1.625263e+03 1.195158e+03 
2.731818e-01 1.574453e+03 1.154654e+03 
2.782222e-01 1.526463e+03 1.116051e+03 
2.832626e-01 1.480829e+03 1.079235e+03 
2.883030e-01 1.437089e+03 1.044103e+03 
2.933434e-01 1.394997e+03 1.010556e+03 
2.983838e-01 1.354467e+03 9.785040e+02 
3.034242e-01 1.315418e+03 9.478621e+02 
3.084646e-01 1.277761e+03 9.185518e+02 
3.135051e-01 1.241447e+03 8.904994e+02 
3.185455e-01 1.206530e+03 8.636366e+02 
3.235859e-01 1.173068e+03 8.378991e+02 
3.286263e-01 1.141048e+03 8.132272e+02 
3.336667e-01 1.110385e+03 7.895646e+02 
3.387071e-01 1.080941e+03 7.668590e+02 
3.437475e-01 1.052631e+03 7.450611e+02 
3.487879e-01 1.025392e+03 7.241247e+02 
3.538283e-01 9.991535e+02 7.040066e+02 
3.588687e-01 9.738230e+02 6.846659e+02 
3.639091e-01 9.493085e+02 6.660644e+02 
3.689495e-01 9.256058e+02 6.481663e+02 
3.739899e-01 9.027389e+02 6.309375e+02 
3.790303e-01 8.806955e+02 6.143462e+02 
3.840707e-01 8.594238e+02 5.983623e+02 
3.891111e-01 8.388718e+02 5.829576e+02 
3.941515e-01 8.190201e+02 5.681051e+02 
3.991919e-01 7.998640e+02 5.537798e+02 
4.042323e-01 7.813708e+02 5.399577e+02 
4.092727e-01 7.634840e+02 5.266163e+02 
4.143131e-01 7.461515e+02 5.137343e+02 
4.193535e-01 7.293500e+02 5.012914e+02 
4.243939e-01 7.130830e+02 4.892685e+02 
4.294343e-01 6.973410e+02 4.776477e+02 
4.344747e-01 6.820859e+02 4.664116e+02 
4.395152e-01 6.672880e+02 4.555441e+02 
4.445556e-01 6.529385e+02 4.450297e+02 
4.495960e-01 6.390367e+02 4.348537e+02 
4.546364e-01 6.255767e+02 4.250023e+02 
4.596768e-01 6.125188e+02 4.154621e+02 
4.647172e-01 5.998260e+02 4.062207e+02 
4.697576e-01 5.875008e+02 3.972661e+02 
4.747980e-01 5.755515e+02 3.885868e+02 
4.798384e-01 5.639503e+02 3.801722e+02 
4.848788e-01 5.526704e+02 3.720118e+02 
4.899192e-01 5.416955e+02 3.640958e+02 
4.949596e-01 5.310287e+02 3.564150e+02 
5.000000e-01 5.206709e+02 3.489603e+02 
