1.000000e-03 4.685292e+03 4.684853e+03 
6.040404e-03 2.106676e+04 2.116384e+04 
1.108081e-02 2.884917e+04 2.879152e+04 
1.612121e-02 3.125753e+04 3.089673e+04 
2.116162e-02 3.029315e+04 2.929135e+04 
2.620202e-02 2.744552e+04 2.590310e+04 
3.124242e-02 2.387878e+04 2.241443e+04 
3.628283e-02 2.041413e+04 1.948459e+04 
4.132323e-02 1.752110e+04 1.713365e+04 
4.636364e-02 1.534888e+04 1.522797e+04 
5.140404e-02 1.390598e+04 1.364842e+04 
5.644444e-02 1.300942e+04 1.231251e+04 
6.148485e-02 1.245921e+04 1.116507e+04 
6.652525e-02 1.204988e+04 1.016819e+04 
7.156566e-02 1.160501e+04 9.294636e+03 
7.660606e-02 1.101045e+04 8.524009e+03 
8.164646e-02 1.023130e+04 7.840465e+03 
8.668687e-02 9.309652e+03 7.231365e+03 
9.172727e-02 8.332928e+03 6.686416e+03 
9.676768e-02 7.400013e+03 6.197104e+03 
1.018081e-01 6.595861e+03 5.756309e+03 
1.068485e-01 5.971368e+03 5.358017e+03 
1.118889e-01 5.535952e+03 4.997114e+03 
1.169293e-01 5.264643e+03 4.669222e+03 
1.219697e-01 5.112374e+03 4.370578e+03 
1.270101e-01 5.025559e+03 4.097928e+03 
1.320505e-01 4.949567e+03 3.848450e+03 
1.370909e-01 4.837756e+03 3.619684e+03 
1.421313e-01 4.662110e+03 3.409484e+03 
1.471717e-01 4.417945e+03 3.215964e+03 
1.522121e-01 4.119846e+03 3.037470e+03 
1.572525e-01 3.795106e+03 2.872539e+03 
1.622929e-01 3.476641e+03 2.719881e+03 
1.673333e-01 3.194877e+03 2.578349e+03 
1.723737e-01 2.969144e+03 2.446927e+03 
1.774141e-01 2.804704e+03 2.324706e+03 
1.824545e-01 2.695521e+03 2.210878e+03 
1.874949e-01 2.629087e+03 2.104716e+03 
1.925354e-01 2.589105e+03 2.005571e+03 
1.975758e-01 2.556969e+03 1.912859e+03 
2.026162e-01 2.515072e+03 1.826054e+03 
2.076566e-01 2.451268e+03 1.744681e+03 
2.126970e-01 2.361605e+03 1.668311e+03 
2.177374e-01 2.249590e+03 1.596555e+03 
2.227778e-01 2.123676e+03 1.529062e+03 
2.278182e-01 1.994707e+03 1.465511e+03 
2.328586e-01 1.873470e+03 1.405611e+03 
2.378990e-01 1.768432e+03 1.349098e+03 
2.429394e-01 1.684334e+03 1.295727e+03 
2.479798e-01 1.621856e+03 1.245279e+03 
2.530202e-01 1.578059e+03 1.197550e+03 
2.580606e-01 1.547448e+03 1.152355e+03 
2.631010e-01 1.523195e+03 1.109523e+03 
2.681414e-01 1.498689e+03 1.068897e+03 
2.731818e-01 1.468799e+03 1.030334e+03 
2.782222e-01 1.430649e+03 9.936996e+02 
2.832626e-01 1.383730e+03 9.588722e+02 
2.883030e-01 1.329756e+03 9.257385e+02 
2.933434e-01 1.272091e+03 8.941937e+02 
2.983838e-01 1.214802e+03 8.641411e+02 
3.034242e-01 1.161578e+03 8.354908e+02 
3.084646e-01 1.115065e+03 8.081598e+02 
3.135051e-01 1.076498e+03 7.820707e+02 
3.185455e-01 1.045752e+03 7.571518e+02 
3.235859e-01 1.021511e+03 7.333361e+02 
3.286263e-01 1.001634e+03 7.105617e+02 
3.336667e-01 9.836843e+02 6.887705e+02 
3.387071e-01 9.654110e+02 6.679084e+02 
3.437475e-01 9.451403e+02 6.479250e+02 
3.487879e-01 9.219964e+02 6.287732e+02 
3.538283e-01 8.959735e+02 6.104088e+02 
3.588687e-01 8.678744e+02 5.927907e+02 
3.639091e-01 8.389819e+02 5.758800e+02 
3.689495e-01 8.106535e+02 5.596407e+02 
3.739899e-01 7.840894e+02 5.440386e+02 
3.790303e-01 7.601539e+02 5.290420e+02 
3.840707e-01 7.392654e+02 5.146209e+02 
3.891111e-01 7.213672e+02 5.007470e+02 
3.941515e-01 7.059170e+02 4.873939e+02 
3.991919e-01 6.921094e+02 4.745366e+02 
4.042323e-01 6.790476e+02 4.621516e+02 
4.092727e-01 6.659647e+02 4.502169e+02 
4.143131e-01 6.523294e+02 4.387113e+02 
4.193535e-01 6.378631e+02 4.276154e+02 
4.243939e-01 6.225529e+02 4.169104e+02 
4.294343e-01 6.066515e+02 4.065787e+02 
4.344747e-01 5.906084e+02 3.966038e+02 
4.395152e-01 5.749449e+02 3.869698e+02 
4.445556e-01 5.600764e+02 3.776619e+02 
4.495960e-01 5.462729e+02 3.686659e+02 
4.546364e-01 5.336602e+02 3.599686e+02 
4.596768e-01 5.222251e+02 3.515572e+02 
4.647172e-01 5.117991e+02 3.434198e+02 
4.697576e-01 5.020880e+02 3.355448e+02 
4.747980e-01 4.927640e+02 3.279216e+02 
4.798384e-01 4.835530e+02 3.205398e+02 
4.848788e-01 4.742612e+02 3.133895e+02 
4.899192e-01 4.647893e+02 3.064616e+02 
4.949596e-01 4.551330e+02 2.997472e+02 
5.000000e-01 4.453625e+02 2.932379e+02 
