1.000000e-03 2.509673e+03 2.509436e+03 
6.040404e-03 1.097186e+04 1.101411e+04 
1.108081e-02 1.502209e+04 1.485447e+04 
1.612121e-02 1.666100e+04 1.616382e+04 
2.116162e-02 1.695188e+04 1.614919e+04 
2.620202e-02 1.651481e+04 1.553279e+04 
3.124242e-02 1.573423e+04 1.467799e+04 
3.628283e-02 1.483925e+04 1.374486e+04 
4.132323e-02 1.394985e+04 1.280798e+04 
4.636364e-02 1.310310e+04 1.190441e+04 
5.140404e-02 1.233140e+04 1.105222e+04 
5.644444e-02 1.158369e+04 1.025906e+04 
6.148485e-02 1.087087e+04 9.526727e+03 
6.652525e-02 1.018446e+04 8.853788e+03 
7.156566e-02 9.525550e+03 8.237112e+03 
7.660606e-02 8.906910e+03 7.672764e+03 
8.164646e-02 8.344380e+03 7.156534e+03 
8.668687e-02 7.840903e+03 6.684230e+03 
9.172727e-02 7.387625e+03 6.251847e+03 
9.676768e-02 6.976650e+03 5.855648e+03 
1.018081e-01 6.603375e+03 5.492198e+03 
1.068485e-01 6.259385e+03 5.158372e+03 
1.118889e-01 5.932978e+03 4.851341e+03 
1.169293e-01 5.618173e+03 4.568560e+03 
1.219697e-01 5.317450e+03 4.307743e+03 
1.270101e-01 5.035479e+03 4.066838e+03 
1.320505e-01 4.774825e+03 3.844005e+03 
1.370909e-01 4.535706e+03 3.637595e+03 
1.421313e-01 4.316896e+03 3.446132e+03 
1.471717e-01 4.115754e+03 3.268288e+03 
1.522121e-01 3.929497e+03 3.102872e+03 
1.572525e-01 3.755744e+03 2.948813e+03 
1.622929e-01 3.592231e+03 2.805147e+03 
1.673333e-01 3.436847e+03 2.671006e+03 
1.723737e-01 3.288603e+03 2.545606e+03 
1.774141e-01 3.148042e+03 2.428238e+03 
1.824545e-01 3.015547e+03 2.318261e+03 
1.874949e-01 2.890966e+03 2.215096e+03 
1.925354e-01 2.773944e+03 2.118214e+03 
1.975758e-01 2.664386e+03 2.027138e+03 
2.026162e-01 2.561760e+03 1.941432e+03 
2.076566e-01 2.465069e+03 1.860698e+03 
2.126970e-01 2.373254e+03 1.784576e+03 
2.177374e-01 2.285976e+03 1.712733e+03 
2.227778e-01 2.203013e+03 1.644869e+03 
2.278182e-01 2.124044e+03 1.580705e+03 
2.328586e-01 2.048718e+03 1.519988e+03 
2.378990e-01 1.977100e+03 1.462485e+03 
2.429394e-01 1.909174e+03 1.407980e+03 
2.479798e-01 1.844687e+03 1.356278e+03 
2.530202e-01 1.783253e+03 1.307195e+03 
2.580606e-01 1.724696e+03 1.260565e+03 
2.631010e-01 1.668947e+03 1.216233e+03 
2.681414e-01 1.615867e+03 1.174055e+03 
2.731818e-01 1.565081e+03 1.133899e+03 
2.782222e-01 1.516379e+03 1.095643e+03 
2.832626e-01 1.469737e+03 1.059172e+03 
2.883030e-01 1.425184e+03 1.024381e+03 
2.933434e-01 1.382579e+03 9.911728e+02 
2.983838e-01 1.341738e+03 9.594552e+02 
3.034242e-01 1.302538e+03 9.291437e+02 
3.084646e-01 1.264978e+03 9.001591e+02 
3.135051e-01 1.229006e+03 8.724279e+02 
3.185455e-01 1.194494e+03 8.458812e+02 
3.235859e-01 1.161291e+03 8.204547e+02 
3.286263e-01 1.129350e+03 7.960885e+02 
3.336667e-01 1.098664e+03 7.727264e+02 
3.387071e-01 1.069191e+03 7.503158e+02 
3.437475e-01 1.040820e+03 7.288074e+02 
3.487879e-01 1.013472e+03 7.081552e+02 
3.538283e-01 9.871226e+02 6.883156e+02 
3.588687e-01 9.617672e+02 6.692482e+02 
3.639091e-01 9.373500e+02 6.509145e+02 
3.689495e-01 9.137956e+02 6.332788e+02 
3.739899e-01 8.910511e+02 6.163071e+02 
3.790303e-01 8.691016e+02 5.999676e+02 
3.840707e-01 8.479386e+02 5.842304e+02 
3.891111e-01 8.275105e+02 5.690672e+02 
3.941515e-01 8.077564e+02 5.544513e+02 
3.991919e-01 7.886530e+02 5.403575e+02 
4.042323e-01 7.701985e+02 5.267620e+02 
4.092727e-01 7.523692e+02 5.136425e+02 
4.143131e-01 7.351188e+02 5.009776e+02 
4.193535e-01 7.184101e+02 4.887473e+02 
4.243939e-01 7.022323e+02 4.769326e+02 
4.294343e-01 6.865823e+02 4.655154e+02 
4.344747e-01 6.714424e+02 4.544786e+02 
4.395152e-01 6.567623e+02 4.438062e+02 
4.445556e-01 6.425203e+02 4.334827e+02 
4.495960e-01 6.287173e+02 4.234936e+02 
4.546364e-01 6.153476e+02 4.138251e+02 
4.596768e-01 6.023809e+02 4.044640e+02 
4.647172e-01 5.897901e+02 3.953979e+02 
4.697576e-01 5.775646e+02 3.866148e+02 
4.747980e-01 5.657057e+02 3.781036e+02 
4.798384e-01 5.541954e+02 3.698533e+02 
4.848788e-01 5.430108e+02 3.618540e+02 
4.899192e-01 5.321381e+02 3.540956e+02 
4.949596e-01 5.215724e+02 3.465691e+02 
5.000000e-01 5.113085e+02 3.392656e+02 
