1.000000e-03 3.240341e+03 3.240033e+03 
6.040404e-03 1.438284e+04 1.443887e+04 
1.108081e-02 1.967923e+04 1.954009e+04 
1.612121e-02 2.153102e+04 2.105610e+04 
2.116162e-02 2.133608e+04 2.045801e+04 
2.620202e-02 2.003774e+04 1.896784e+04 
3.124242e-02 1.830826e+04 1.733890e+04 
3.628283e-02 1.658932e+04 1.582170e+04 
4.132323e-02 1.511669e+04 1.445604e+04 
4.636364e-02 1.395839e+04 1.323236e+04 
5.140404e-02 1.308630e+04 1.213501e+04 
5.644444e-02 1.239949e+04 1.114971e+04 
6.148485e-02 1.178613e+04 1.026398e+04 
6.652525e-02 1.116074e+04 9.466828e+03 
7.156566e-02 1.047207e+04 8.748437e+03 
7.660606e-02 9.718971e+03 8.100069e+03 
8.164646e-02 8.942135e+03 7.513939e+03 
8.668687e-02 8.197085e+03 6.983144e+03 
9.172727e-02 7.528605e+03 6.501574e+03 
9.676768e-02 6.965833e+03 6.063841e+03 
1.018081e-01 6.520560e+03 5.665191e+03 
1.068485e-01 6.182155e+03 5.301439e+03 
1.118889e-01 5.918945e+03 4.968900e+03 
1.169293e-01 5.691490e+03 4.664325e+03 
1.219697e-01 5.467046e+03 4.384850e+03 
1.270101e-01 5.225905e+03 4.127944e+03 
1.320505e-01 4.960899e+03 3.891371e+03 
1.370909e-01 4.676981e+03 3.673150e+03 
1.421313e-01 4.388512e+03 3.471525e+03 
1.471717e-01 4.112533e+03 3.284934e+03 
1.522121e-01 3.862980e+03 3.111987e+03 
1.572525e-01 3.648667e+03 2.951446e+03 
1.622929e-01 3.472546e+03 2.802203e+03 
1.673333e-01 3.330655e+03 2.663267e+03 
1.723737e-01 3.212951e+03 2.533751e+03 
1.774141e-01 3.107366e+03 2.412856e+03 
1.824545e-01 3.004051e+03 2.299865e+03 
1.874949e-01 2.896696e+03 2.194130e+03 
1.925354e-01 2.782307e+03 2.095067e+03 
1.975758e-01 2.661607e+03 2.002148e+03 
2.026162e-01 2.538649e+03 1.914894e+03 
2.076566e-01 2.419158e+03 1.832871e+03 
2.126970e-01 2.308128e+03 1.755685e+03 
2.177374e-01 2.208600e+03 1.682976e+03 
2.227778e-01 2.121595e+03 1.614417e+03 
2.278182e-01 2.046232e+03 1.549710e+03 
2.328586e-01 1.980020e+03 1.488581e+03 
2.378990e-01 1.919711e+03 1.430781e+03 
2.429394e-01 1.862252e+03 1.376080e+03 
2.479798e-01 1.805247e+03 1.324270e+03 
2.530202e-01 1.747142e+03 1.275156e+03 
2.580606e-01 1.687520e+03 1.228561e+03 
2.631010e-01 1.627363e+03 1.184321e+03 
2.681414e-01 1.568423e+03 1.142287e+03 
2.731818e-01 1.512278e+03 1.102318e+03 
2.782222e-01 1.459886e+03 1.064286e+03 
2.832626e-01 1.411657e+03 1.028073e+03 
2.883030e-01 1.367663e+03 9.935665e+02 
2.933434e-01 1.327544e+03 9.606661e+02 
2.983838e-01 1.290401e+03 9.292765e+02 
3.034242e-01 1.255099e+03 8.993096e+02 
3.084646e-01 1.220721e+03 8.706836e+02 
3.135051e-01 1.186818e+03 8.433221e+02 
3.185455e-01 1.153205e+03 8.171543e+02 
3.235859e-01 1.119896e+03 7.921140e+02 
3.286263e-01 1.087122e+03 7.681393e+02 
3.336667e-01 1.055309e+03 7.451726e+02 
3.387071e-01 1.024916e+03 7.231600e+02 
3.437475e-01 9.962089e+02 7.020510e+02 
3.487879e-01 9.692059e+02 6.817985e+02 
3.538283e-01 9.437683e+02 6.623582e+02 
3.588687e-01 9.197039e+02 6.436887e+02 
3.639091e-01 8.967726e+02 6.257509e+02 
3.689495e-01 8.746732e+02 6.085084e+02 
3.739899e-01 8.531741e+02 5.919269e+02 
3.790303e-01 8.321360e+02 5.759740e+02 
3.840707e-01 8.115331e+02 5.606193e+02 
3.891111e-01 7.914090e+02 5.458344e+02 
3.941515e-01 7.718093e+02 5.315921e+02 
3.991919e-01 7.528110e+02 5.178671e+02 
4.042323e-01 7.345330e+02 5.046355e+02 
4.092727e-01 7.170426e+02 4.918746e+02 
4.143131e-01 7.003047e+02 4.795631e+02 
4.193535e-01 6.842397e+02 4.676807e+02 
4.243939e-01 6.687784e+02 4.562083e+02 
4.294343e-01 6.538645e+02 4.451280e+02 
4.344747e-01 6.394380e+02 4.344226e+02 
4.395152e-01 6.254027e+02 4.240758e+02 
4.445556e-01 6.117054e+02 4.140724e+02 
4.495960e-01 5.983430e+02 4.043978e+02 
4.546364e-01 5.853575e+02 3.950382e+02 
4.596768e-01 5.727455e+02 3.859805e+02 
4.647172e-01 5.604954e+02 3.772122e+02 
4.697576e-01 5.486157e+02 3.687215e+02 
4.747980e-01 5.371294e+02 3.604973e+02 
4.798384e-01 5.260466e+02 3.525287e+02 
4.848788e-01 5.153244e+02 3.448057e+02 
4.899192e-01 5.049201e+02 3.373186e+02 
4.949596e-01 4.948041e+02 3.300581e+02 
5.000000e-01 4.849810e+02 3.230155e+02 
