1.000000e-03 7.989563e+03 7.988810e+03 
6.040404e-03 3.530136e+04 3.548023e+04 
1.108081e-02 4.791839e+04 4.799693e+04 
1.612121e-02 5.125537e+04 5.113002e+04 
2.116162e-02 4.864112e+04 4.749421e+04 
2.620202e-02 4.265745e+04 4.014224e+04 
3.124242e-02 3.541659e+04 3.255904e+04 
3.628283e-02 2.846196e+04 2.647505e+04 
4.132323e-02 2.268848e+04 2.198035e+04 
4.636364e-02 1.839856e+04 1.866146e+04 
5.140404e-02 1.556742e+04 1.613808e+04 
5.644444e-02 1.390956e+04 1.415370e+04 
6.148485e-02 1.309159e+04 1.254681e+04 
6.652525e-02 1.277450e+04 1.121517e+04 
7.156566e-02 1.264952e+04 1.009185e+04 
7.660606e-02 1.245017e+04 9.131204e+03 
8.164646e-02 1.198558e+04 8.300791e+03 
8.668687e-02 1.117986e+04 7.576728e+03 
9.172727e-02 1.007830e+04 6.940877e+03 
9.676768e-02 8.813172e+03 6.379112e+03 
1.018081e-01 7.550097e+03 5.880208e+03 
1.068485e-01 6.435438e+03 5.435090e+03 
1.118889e-01 5.559144e+03 5.036327e+03 
1.169293e-01 4.949949e+03 4.677759e+03 
1.219697e-01 4.592043e+03 4.354238e+03 
1.270101e-01 4.441867e+03 4.061420e+03 
1.320505e-01 4.438866e+03 3.795617e+03 
1.370909e-01 4.510883e+03 3.553681e+03 
1.421313e-01 4.583885e+03 3.332906e+03 
1.471717e-01 4.594100e+03 3.130957e+03 
1.522121e-01 4.498034e+03 2.945808e+03 
1.572525e-01 4.279711e+03 2.775699e+03 
1.622929e-01 3.955664e+03 2.619087e+03 
1.673333e-01 3.569337e+03 2.474623e+03 
1.723737e-01 3.174993e+03 2.341118e+03 
1.774141e-01 2.819353e+03 2.217523e+03 
1.824545e-01 2.531818e+03 2.102911e+03 
1.874949e-01 2.325449e+03 1.996456e+03 
1.925354e-01 2.201029e+03 1.897427e+03 
1.975758e-01 2.148897e+03 1.805168e+03 
2.026162e-01 2.150337e+03 1.719095e+03 
2.076566e-01 2.180660e+03 1.638684e+03 
2.126970e-01 2.213783e+03 1.563463e+03 
2.177374e-01 2.226700e+03 1.493010e+03 
2.227778e-01 2.202788e+03 1.426941e+03 
2.278182e-01 2.134280e+03 1.364911e+03 
2.328586e-01 2.023952e+03 1.306608e+03 
2.378990e-01 1.884111e+03 1.251747e+03 
2.429394e-01 1.732351e+03 1.200073e+03 
2.479798e-01 1.586396e+03 1.151349e+03 
2.530202e-01 1.460227e+03 1.105362e+03 
2.580606e-01 1.362338e+03 1.061917e+03 
2.631010e-01 1.295761e+03 1.020837e+03 
2.681414e-01 1.258650e+03 9.819567e+02 
2.731818e-01 1.245232e+03 9.451278e+02 
2.782222e-01 1.247177e+03 9.102125e+02 
2.832626e-01 1.254958e+03 8.770846e+02 
2.883030e-01 1.259229e+03 8.456277e+02 
2.933434e-01 1.252257e+03 8.157349e+02 
2.983838e-01 1.229208e+03 7.873071e+02 
3.034242e-01 1.189071e+03 7.602533e+02 
3.084646e-01 1.134705e+03 7.344888e+02 
3.135051e-01 1.071671e+03 7.099355e+02 
3.185455e-01 1.006623e+03 6.865210e+02 
3.235859e-01 9.457749e+02 6.641782e+02 
3.286263e-01 8.937462e+02 6.428444e+02 
3.336667e-01 8.532994e+02 6.224618e+02 
3.387071e-01 8.251751e+02 6.029763e+02 
3.437475e-01 8.082351e+02 5.843377e+02 
3.487879e-01 7.998174e+02 5.664991e+02 
3.538283e-01 7.963161e+02 5.494166e+02 
3.588687e-01 7.939222e+02 5.330496e+02 
3.639091e-01 7.891753e+02 5.173597e+02 
3.689495e-01 7.795188e+02 5.023114e+02 
3.739899e-01 7.635024e+02 4.878710e+02 
3.790303e-01 7.411136e+02 4.740075e+02 
3.840707e-01 7.136969e+02 4.606912e+02 
3.891111e-01 6.835039e+02 4.478948e+02 
3.941515e-01 6.531184e+02 4.355923e+02 
3.991919e-01 6.248192e+02 4.237593e+02 
4.042323e-01 6.003018e+02 4.123731e+02 
4.092727e-01 5.805643e+02 4.014121e+02 
4.143131e-01 5.657941e+02 3.908561e+02 
4.193535e-01 5.554290e+02 3.806859e+02 
4.243939e-01 5.483322e+02 3.708835e+02 
4.294343e-01 5.430396e+02 3.614320e+02 
4.344747e-01 5.380613e+02 3.523153e+02 
4.395152e-01 5.320614e+02 3.435183e+02 
4.445556e-01 5.240720e+02 3.350267e+02 
4.495960e-01 5.136089e+02 3.268269e+02 
4.546364e-01 5.007583e+02 3.189062e+02 
4.596768e-01 4.861122e+02 3.112523e+02 
4.647172e-01 4.705296e+02 3.038539e+02 
4.697576e-01 4.549893e+02 2.967000e+02 
4.747980e-01 4.403666e+02 2.897802e+02 
4.798384e-01 4.273563e+02 2.830849e+02 
4.848788e-01 4.163495e+02 2.766047e+02 
4.899192e-01 4.074005e+02 2.703307e+02 
4.949596e-01 4.002534e+02 2.642546e+02 
5.000000e-01 3.944479e+02 2.583685e+02 
