1.000000e-03 2.273144e+03 2.272929e+03 
6.040404e-03 1.032180e+04 1.036280e+04 
1.108081e-02 1.430293e+04 1.414318e+04 
1.612121e-02 1.598742e+04 1.550760e+04 
2.116162e-02 1.636905e+04 1.558918e+04 
2.620202e-02 1.603470e+04 1.507053e+04 
3.124242e-02 1.534984e+04 1.429995e+04 
3.628283e-02 1.453426e+04 1.343624e+04 
4.132323e-02 1.370572e+04 1.255621e+04 
4.636364e-02 1.290579e+04 1.169930e+04 
5.140404e-02 1.216057e+04 1.088555e+04 
5.644444e-02 1.144074e+04 1.012419e+04 
6.148485e-02 1.074785e+04 9.418255e+03 
6.652525e-02 1.008357e+04 8.767296e+03 
7.156566e-02 9.447545e+03 8.168977e+03 
7.660606e-02 8.851511e+03 7.620001e+03 
8.164646e-02 8.308471e+03 7.116672e+03 
8.668687e-02 7.820606e+03 6.655216e+03 
9.172727e-02 7.378312e+03 6.231970e+03 
9.676768e-02 6.974623e+03 5.843475e+03 
1.018081e-01 6.606068e+03 5.486527e+03 
1.068485e-01 6.264914e+03 5.158189e+03 
1.118889e-01 5.940985e+03 4.855792e+03 
1.169293e-01 5.629669e+03 4.576921e+03 
1.219697e-01 5.333543e+03 4.319397e+03 
1.270101e-01 5.056590e+03 4.081262e+03 
1.320505e-01 4.800487e+03 3.860752e+03 
1.370909e-01 4.565242e+03 3.656284e+03 
1.421313e-01 4.349311e+03 3.466436e+03 
1.471717e-01 4.149901e+03 3.289927e+03 
1.522121e-01 3.964371e+03 3.125605e+03 
1.572525e-01 3.790595e+03 2.972433e+03 
1.622929e-01 3.626852e+03 2.829477e+03 
1.673333e-01 3.471472e+03 2.695892e+03 
1.723737e-01 3.323693e+03 2.570916e+03 
1.774141e-01 3.183623e+03 2.453859e+03 
1.824545e-01 3.051810e+03 2.344096e+03 
1.874949e-01 2.927911e+03 2.241059e+03 
1.925354e-01 2.811427e+03 2.144234e+03 
1.975758e-01 2.702079e+03 2.053151e+03 
2.026162e-01 2.599324e+03 1.967385e+03 
2.076566e-01 2.502261e+03 1.886546e+03 
2.126970e-01 2.410017e+03 1.810279e+03 
2.177374e-01 2.322390e+03 1.738258e+03 
2.227778e-01 2.239074e+03 1.670187e+03 
2.278182e-01 2.159711e+03 1.605792e+03 
2.328586e-01 2.084096e+03 1.544824e+03 
2.378990e-01 2.012273e+03 1.487053e+03 
2.429394e-01 1.944154e+03 1.432267e+03 
2.479798e-01 1.879387e+03 1.380272e+03 
2.530202e-01 1.817562e+03 1.330887e+03 
2.580606e-01 1.758568e+03 1.283948e+03 
2.631010e-01 1.702426e+03 1.239300e+03 
2.681414e-01 1.648895e+03 1.196803e+03 
2.731818e-01 1.597636e+03 1.156326e+03 
2.782222e-01 1.548462e+03 1.117746e+03 
2.832626e-01 1.501433e+03 1.080951e+03 
2.883030e-01 1.456491e+03 1.045837e+03 
2.933434e-01 1.413475e+03 1.012306e+03 
2.983838e-01 1.372200e+03 9.802667e+02 
3.034242e-01 1.332593e+03 9.496359e+02 
3.084646e-01 1.294636e+03 9.203347e+02 
3.135051e-01 1.258273e+03 8.922898e+02 
3.185455e-01 1.223325e+03 8.654327e+02 
3.235859e-01 1.189685e+03 8.396994e+02 
3.286263e-01 1.157328e+03 8.150302e+02 
3.336667e-01 1.126268e+03 7.913692e+02 
3.387071e-01 1.096403e+03 7.686638e+02 
3.437475e-01 1.067627e+03 7.468650e+02 
3.487879e-01 1.039885e+03 7.259267e+02 
3.538283e-01 1.013168e+03 7.058056e+02 
3.588687e-01 9.874510e+02 6.864612e+02 
3.639091e-01 9.626698e+02 6.678552e+02 
3.689495e-01 9.387305e+02 6.499517e+02 
3.739899e-01 9.156191e+02 6.327169e+02 
3.790303e-01 8.933329e+02 6.161190e+02 
3.840707e-01 8.718319e+02 6.001279e+02 
3.891111e-01 8.510458e+02 5.847154e+02 
3.941515e-01 8.309407e+02 5.698548e+02 
3.991919e-01 8.115137e+02 5.555208e+02 
4.042323e-01 7.927453e+02 5.416896e+02 
4.092727e-01 7.745948e+02 5.283388e+02 
4.143131e-01 7.570207e+02 5.154469e+02 
4.193535e-01 7.400005e+02 5.029940e+02 
4.243939e-01 7.235299e+02 4.909608e+02 
4.294343e-01 7.075927e+02 4.793294e+02 
4.344747e-01 6.921520e+02 4.680825e+02 
4.395152e-01 6.771732e+02 4.572039e+02 
4.445556e-01 6.626498e+02 4.466783e+02 
4.495960e-01 6.485831e+02 4.364910e+02 
4.546364e-01 6.349432e+02 4.266281e+02 
4.596768e-01 6.217010e+02 4.170763e+02 
4.647172e-01 6.088405e+02 4.078232e+02 
4.697576e-01 5.963605e+02 3.988568e+02 
4.747980e-01 5.842537e+02 3.901657e+02 
4.798384e-01 5.724976e+02 3.817391e+02 
4.848788e-01 5.610645e+02 3.735668e+02 
4.899192e-01 5.499491e+02 3.656389e+02 
4.949596e-01 5.391508e+02 3.579460e+02 
5.000000e-01 5.286603e+02 3.504792e+02 
