1.000000e-03 4.258763e+03 4.258365e+03 
6.040404e-03 1.900529e+04 1.909158e+04 
1.108081e-02 2.603858e+04 2.596276e+04 
1.612121e-02 2.831420e+04 2.793284e+04 
2.116162e-02 2.762483e+04 2.667672e+04 
2.620202e-02 2.527507e+04 2.388501e+04 
3.124242e-02 2.227146e+04 2.096330e+04 
3.628283e-02 1.932063e+04 1.845634e+04 
4.132323e-02 1.683084e+04 1.639567e+04 
4.636364e-02 1.493593e+04 1.468787e+04 
5.140404e-02 1.364781e+04 1.324624e+04 
5.644444e-02 1.281303e+04 1.200925e+04 
6.148485e-02 1.225673e+04 1.093471e+04 
6.652525e-02 1.180559e+04 9.992771e+03 
7.156566e-02 1.131121e+04 9.161391e+03 
7.660606e-02 1.068476e+04 8.423598e+03 
8.164646e-02 9.908177e+03 7.765902e+03 
8.668687e-02 9.027617e+03 7.177327e+03 
9.172727e-02 8.121861e+03 6.648781e+03 
9.676768e-02 7.273505e+03 6.172645e+03 
1.018081e-01 6.550310e+03 5.742467e+03 
1.068485e-01 5.991200e+03 5.352748e+03 
1.118889e-01 5.599528e+03 4.998773e+03 
1.169293e-01 5.347049e+03 4.676478e+03 
1.219697e-01 5.189725e+03 4.382346e+03 
1.270101e-01 5.078508e+03 4.113321e+03 
1.320505e-01 4.966746e+03 3.866740e+03 
1.370909e-01 4.817877e+03 3.640274e+03 
1.421313e-01 4.612868e+03 3.431877e+03 
1.471717e-01 4.353462e+03 3.239753e+03 
1.522121e-01 4.057008e+03 3.062315e+03 
1.572525e-01 3.749075e+03 2.898161e+03 
1.622929e-01 3.457170e+03 2.746046e+03 
1.673333e-01 3.204670e+03 2.604865e+03 
1.723737e-01 3.005161e+03 2.473633e+03 
1.774141e-01 2.859873e+03 2.351470e+03 
1.824545e-01 2.760485e+03 2.237590e+03 
1.874949e-01 2.693783e+03 2.131288e+03 
1.925354e-01 2.644243e+03 2.031928e+03 
1.975758e-01 2.596102e+03 1.938941e+03 
2.026162e-01 2.535848e+03 1.851813e+03 
2.076566e-01 2.455456e+03 1.770077e+03 
2.126970e-01 2.354371e+03 1.693313e+03 
2.177374e-01 2.237877e+03 1.621141e+03 
2.227778e-01 2.114565e+03 1.553212e+03 
2.278182e-01 1.993937e+03 1.489212e+03 
2.328586e-01 1.884295e+03 1.428855e+03 
2.378990e-01 1.791296e+03 1.371877e+03 
2.429394e-01 1.717261e+03 1.318039e+03 
2.479798e-01 1.661158e+03 1.267123e+03 
2.530202e-01 1.619353e+03 1.218928e+03 
2.580606e-01 1.586410e+03 1.173270e+03 
2.631010e-01 1.556286e+03 1.129979e+03 
2.681414e-01 1.523761e+03 1.088899e+03 
2.731818e-01 1.485490e+03 1.049889e+03 
2.782222e-01 1.440356e+03 1.012815e+03 
2.832626e-01 1.389095e+03 9.775557e+02 
2.883030e-01 1.333898e+03 9.439981e+02 
2.933434e-01 1.277918e+03 9.120380e+02 
2.983838e-01 1.224464e+03 8.815789e+02 
3.034242e-01 1.176187e+03 8.525311e+02 
3.084646e-01 1.134575e+03 8.248116e+02 
3.135051e-01 1.099833e+03 7.983432e+02 
3.185455e-01 1.071178e+03 7.730540e+02 
3.235859e-01 1.047083e+03 7.488774e+02 
3.286263e-01 1.025582e+03 7.257508e+02 
3.336667e-01 1.004657e+03 7.036165e+02 
3.387071e-01 9.826795e+02 6.824201e+02 
3.437475e-01 9.587526e+02 6.621111e+02 
3.487879e-01 9.327011e+02 6.426422e+02 
3.538283e-01 9.049782e+02 6.239690e+02 
3.588687e-01 8.764905e+02 6.060503e+02 
3.639091e-01 8.483356e+02 5.888471e+02 
3.689495e-01 8.215860e+02 5.723230e+02 
3.739899e-01 7.970221e+02 5.564439e+02 
3.790303e-01 7.749943e+02 5.411776e+02 
3.840707e-01 7.555065e+02 5.264941e+02 
3.891111e-01 7.382379e+02 5.123648e+02 
3.941515e-01 7.226127e+02 4.987633e+02 
3.991919e-01 7.079242e+02 4.856642e+02 
4.042323e-01 6.934725e+02 4.730440e+02 
4.092727e-01 6.787502e+02 4.608802e+02 
4.143131e-01 6.635183e+02 4.491519e+02 
4.193535e-01 6.477889e+02 4.378391e+02 
4.243939e-01 6.317393e+02 4.269230e+02 
4.294343e-01 6.156351e+02 4.163858e+02 
4.344747e-01 5.998512e+02 4.062108e+02 
4.395152e-01 5.847471e+02 3.963821e+02 
4.445556e-01 5.705846e+02 3.868846e+02 
4.495960e-01 5.574732e+02 3.777041e+02 
4.546364e-01 5.453471e+02 3.688270e+02 
4.596768e-01 5.340704e+02 3.602405e+02 
4.647172e-01 5.234669e+02 3.519325e+02 
4.697576e-01 5.133078e+02 3.438914e+02 
4.747980e-01 5.033580e+02 3.361062e+02 
4.798384e-01 4.934162e+02 3.285666e+02 
4.848788e-01 4.834107e+02 3.212627e+02 
4.899192e-01 4.733597e+02 3.141850e+02 
4.949596e-01 4.633324e+02 3.073245e+02 
5.000000e-01 4.534232e+02 3.006728e+02 
