1.000000e-03 3.818864e+03 3.818510e+03 
6.040404e-03 1.743142e+04 1.750785e+04 
1.108081e-02 2.403847e+04 2.394932e+04 
1.612121e-02 2.625988e+04 2.585736e+04 
2.116162e-02 2.574953e+04 2.482195e+04 
2.620202e-02 2.371660e+04 2.243473e+04 
3.124242e-02 2.108753e+04 1.992527e+04 
3.628283e-02 1.850515e+04 1.773903e+04 
4.132323e-02 1.633357e+04 1.590313e+04 
4.636364e-02 1.468521e+04 1.434962e+04 
5.140404e-02 1.356373e+04 1.301523e+04 
5.644444e-02 1.281456e+04 1.185447e+04 
6.148485e-02 1.227710e+04 1.083531e+04 
6.652525e-02 1.179184e+04 9.934382e+03 
7.156566e-02 1.123485e+04 9.133797e+03 
7.660606e-02 1.054427e+04 8.419372e+03 
8.164646e-02 9.727705e+03 7.779529e+03 
8.668687e-02 8.846067e+03 7.204638e+03 
9.172727e-02 7.978160e+03 6.686583e+03 
9.676768e-02 7.196833e+03 6.218460e+03 
1.018081e-01 6.555637e+03 5.794359e+03 
1.068485e-01 6.077100e+03 5.409190e+03 
1.118889e-01 5.749254e+03 5.058555e+03 
1.169293e-01 5.533767e+03 4.738637e+03 
1.219697e-01 5.382612e+03 4.446112e+03 
1.270101e-01 5.248692e+03 4.178079e+03 
1.320505e-01 5.092582e+03 3.931997e+03 
1.370909e-01 4.889418e+03 3.705636e+03 
1.421313e-01 4.634521e+03 3.497029e+03 
1.471717e-01 4.340945e+03 3.304444e+03 
1.522121e-01 4.031959e+03 3.126347e+03 
1.572525e-01 3.733454e+03 2.961377e+03 
1.622929e-01 3.468654e+03 2.808324e+03 
1.673333e-01 3.253145e+03 2.666113e+03 
1.723737e-01 3.091002e+03 2.533780e+03 
1.774141e-01 2.975426e+03 2.410466e+03 
1.824545e-01 2.893159e+03 2.295398e+03 
1.874949e-01 2.828891e+03 2.187885e+03 
1.925354e-01 2.767660e+03 2.087303e+03 
1.975758e-01 2.696552e+03 1.993089e+03 
2.026162e-01 2.607679e+03 1.904736e+03 
2.076566e-01 2.500088e+03 1.821785e+03 
2.126970e-01 2.378972e+03 1.743819e+03 
2.177374e-01 2.252839e+03 1.670459e+03 
2.227778e-01 2.130631e+03 1.601363e+03 
2.278182e-01 2.019955e+03 1.536217e+03 
2.328586e-01 1.925800e+03 1.474736e+03 
2.378990e-01 1.849785e+03 1.416660e+03 
2.429394e-01 1.790464e+03 1.361748e+03 
2.479798e-01 1.743990e+03 1.309785e+03 
2.530202e-01 1.705032e+03 1.260567e+03 
2.580606e-01 1.667918e+03 1.213913e+03 
2.631010e-01 1.627911e+03 1.169653e+03 
2.681414e-01 1.582367e+03 1.127630e+03 
2.731818e-01 1.530963e+03 1.087702e+03 
2.782222e-01 1.475047e+03 1.049736e+03 
2.832626e-01 1.417011e+03 1.013609e+03 
2.883030e-01 1.359752e+03 9.792088e+02 
2.933434e-01 1.306173e+03 9.464300e+02 
2.983838e-01 1.258368e+03 9.151756e+02 
3.034242e-01 1.217199e+03 8.853554e+02 
3.084646e-01 1.182300e+03 8.568858e+02 
3.135051e-01 1.152451e+03 8.296890e+02 
3.185455e-01 1.126035e+03 8.036925e+02 
3.235859e-01 1.101189e+03 7.788289e+02 
3.286263e-01 1.076229e+03 7.550355e+02 
3.336667e-01 1.049960e+03 7.322534e+02 
3.387071e-01 1.021969e+03 7.104281e+02 
3.437475e-01 9.925370e+02 6.895082e+02 
3.487879e-01 9.623823e+02 6.694459e+02 
3.538283e-01 9.324608e+02 6.501964e+02 
3.588687e-01 9.037202e+02 6.317178e+02 
3.639091e-01 8.769476e+02 6.139706e+02 
3.689495e-01 8.525923e+02 5.969180e+02 
3.739899e-01 8.306638e+02 5.805252e+02 
3.790303e-01 8.108828e+02 5.647597e+02 
3.840707e-01 7.927434e+02 5.495908e+02 
3.891111e-01 7.756591e+02 5.349898e+02 
3.941515e-01 7.590205e+02 5.209295e+02 
3.991919e-01 7.423389e+02 5.073843e+02 
4.042323e-01 7.253245e+02 4.943302e+02 
4.092727e-01 7.079884e+02 4.817444e+02 
4.143131e-01 6.905267e+02 4.696053e+02 
4.193535e-01 6.731989e+02 4.578929e+02 
4.243939e-01 6.562951e+02 4.465879e+02 
4.294343e-01 6.400753e+02 4.356722e+02 
4.344747e-01 6.247679e+02 4.251287e+02 
4.395152e-01 6.104841e+02 4.149411e+02 
4.445556e-01 5.971505e+02 4.050941e+02 
4.495960e-01 5.846059e+02 3.955731e+02 
4.546364e-01 5.726612e+02 3.863644e+02 
4.596768e-01 5.611330e+02 3.774548e+02 
4.647172e-01 5.498555e+02 3.688319e+02 
4.697576e-01 5.386807e+02 3.604839e+02 
4.747980e-01 5.275220e+02 3.523996e+02 
4.798384e-01 5.164073e+02 3.445684e+02 
4.848788e-01 5.054221e+02 3.369800e+02 
4.899192e-01 4.946674e+02 3.296249e+02 
4.949596e-01 4.842168e+02 3.224939e+02 
5.000000e-01 4.741368e+02 3.155782e+02 
