1.000000e-03 6.455279e+03 6.454643e+03 
6.040404e-03 2.831535e+04 2.844584e+04 
1.108081e-02 3.782286e+04 3.777765e+04 
1.612121e-02 3.994535e+04 3.953016e+04 
2.116162e-02 3.763397e+04 3.634786e+04 
2.620202e-02 3.303673e+04 3.107933e+04 
3.124242e-02 2.778613e+04 2.607136e+04 
3.628283e-02 2.297256e+04 2.209126e+04 
4.132323e-02 1.915155e+04 1.903471e+04 
4.636364e-02 1.643573e+04 1.664382e+04 
5.140404e-02 1.475738e+04 1.471878e+04 
5.644444e-02 1.381684e+04 1.312898e+04 
6.148485e-02 1.330677e+04 1.179023e+04 
6.652525e-02 1.295099e+04 1.064642e+04 
7.156566e-02 1.252441e+04 9.658384e+03 
7.660606e-02 1.186750e+04 8.797585e+03 
8.164646e-02 1.093659e+04 8.042425e+03 
8.668687e-02 9.807056e+03 7.376088e+03 
9.172727e-02 8.617918e+03 6.785177e+03 
9.676768e-02 7.508813e+03 6.258835e+03 
1.018081e-01 6.584191e+03 5.788139e+03 
1.068485e-01 5.898511e+03 5.365678e+03 
1.118889e-01 5.455002e+03 4.985240e+03 
1.169293e-01 5.215880e+03 4.641580e+03 
1.219697e-01 5.117608e+03 4.330240e+03 
1.270101e-01 5.085884e+03 4.047412e+03 
1.320505e-01 5.049511e+03 3.789822e+03 
1.370909e-01 4.953370e+03 3.554649e+03 
1.421313e-01 4.766314e+03 3.339447e+03 
1.471717e-01 4.484546e+03 3.142088e+03 
1.522121e-01 4.131226e+03 2.960715e+03 
1.572525e-01 3.749747e+03 2.793703e+03 
1.622929e-01 3.388139e+03 2.639624e+03 
1.673333e-01 3.082373e+03 2.497217e+03 
1.723737e-01 2.849798e+03 2.365371e+03 
1.774141e-01 2.692443e+03 2.243100e+03 
1.824545e-01 2.601989e+03 2.129529e+03 
1.874949e-01 2.561468e+03 2.023876e+03 
1.925354e-01 2.546893e+03 1.925447e+03 
1.975758e-01 2.532664e+03 1.833618e+03 
2.026162e-01 2.498297e+03 1.747830e+03 
2.076566e-01 2.432081e+03 1.667582e+03 
2.126970e-01 2.331468e+03 1.592421e+03 
2.177374e-01 2.202447e+03 1.521940e+03 
2.227778e-01 2.057975e+03 1.455771e+03 
2.278182e-01 1.913837e+03 1.393579e+03 
2.328586e-01 1.783822e+03 1.335062e+03 
2.378990e-01 1.676900e+03 1.279945e+03 
2.429394e-01 1.597005e+03 1.227977e+03 
2.479798e-01 1.543407e+03 1.178931e+03 
2.530202e-01 1.511009e+03 1.132598e+03 
2.580606e-01 1.491534e+03 1.088789e+03 
2.631010e-01 1.475954e+03 1.047327e+03 
2.681414e-01 1.456553e+03 1.008055e+03 
2.731818e-01 1.427860e+03 9.708247e+02 
2.782222e-01 1.387139e+03 9.355015e+02 
2.832626e-01 1.334768e+03 9.019615e+02 
2.883030e-01 1.274201e+03 8.700902e+02 
2.933434e-01 1.210764e+03 8.397820e+02 
2.983838e-01 1.149812e+03 8.109395e+02 
3.034242e-01 1.095507e+03 7.834726e+02 
3.084646e-01 1.050428e+03 7.572977e+02 
3.135051e-01 1.015405e+03 7.323375e+02 
3.185455e-01 9.895387e+02 7.085203e+02 
3.235859e-01 9.705163e+02 6.857795e+02 
3.286263e-01 9.552545e+02 6.640530e+02 
3.336667e-01 9.406302e+02 6.432833e+02 
3.387071e-01 9.240553e+02 6.234167e+02 
3.437475e-01 9.038425e+02 6.044031e+02 
3.487879e-01 8.794390e+02 5.861959e+02 
3.538283e-01 8.514779e+02 5.687515e+02 
3.588687e-01 8.213952e+02 5.520291e+02 
3.639091e-01 7.909367e+02 5.359907e+02 
3.689495e-01 7.618574e+02 5.206005e+02 
3.739899e-01 7.355945e+02 5.058251e+02 
3.790303e-01 7.130281e+02 4.916332e+02 
3.840707e-01 6.942709e+02 4.779954e+02 
3.891111e-01 6.788064e+02 4.648841e+02 
3.941515e-01 6.657155e+02 4.522734e+02 
3.991919e-01 6.539076e+02 4.401387e+02 
4.042323e-01 6.423247e+02 4.284573e+02 
4.092727e-01 6.300760e+02 4.172075e+02 
4.143131e-01 6.166082e+02 4.063689e+02 
4.193535e-01 6.018151e+02 3.959223e+02 
4.243939e-01 5.859734e+02 3.858496e+02 
4.294343e-01 5.696040e+02 3.761337e+02 
4.344747e-01 5.533277e+02 3.667585e+02 
4.395152e-01 5.377512e+02 3.577087e+02 
4.445556e-01 5.233594e+02 3.489699e+02 
4.495960e-01 5.104324e+02 3.405283e+02 
4.546364e-01 4.989744e+02 3.323712e+02 
4.596768e-01 4.887844e+02 3.244862e+02 
4.647172e-01 4.795437e+02 3.168617e+02 
4.697576e-01 4.708508e+02 3.094868e+02 
4.747980e-01 4.623079e+02 3.023509e+02 
4.798384e-01 4.536003e+02 2.954442e+02 
4.848788e-01 4.445680e+02 2.887573e+02 
4.899192e-01 4.351904e+02 2.822812e+02 
4.949596e-01 4.255521e+02 2.760074e+02 
5.000000e-01 4.158136e+02 2.699278e+02 
