1.000000e-03 2.486646e+03 2.486412e+03 
6.040404e-03 1.100016e+04 1.104203e+04 
1.108081e-02 1.512271e+04 1.495780e+04 
1.612121e-02 1.680026e+04 1.630825e+04 
2.116162e-02 1.709444e+04 1.629564e+04 
2.620202e-02 1.663700e+04 1.566500e+04 
3.124242e-02 1.582821e+04 1.479640e+04 
3.628283e-02 1.490967e+04 1.385317e+04 
4.132323e-02 1.400857e+04 1.290885e+04 
4.636364e-02 1.316955e+04 1.199936e+04 
5.140404e-02 1.239791e+04 1.114209e+04 
5.644444e-02 1.166794e+04 1.034435e+04 
6.148485e-02 1.096134e+04 9.607765e+03 
6.652525e-02 1.027759e+04 8.930835e+03 
7.156566e-02 9.613565e+03 8.310391e+03 
7.660606e-02 8.983528e+03 7.742482e+03 
8.164646e-02 8.406835e+03 7.222885e+03 
8.668687e-02 7.891886e+03 6.747402e+03 
9.172727e-02 7.432037e+03 6.312019e+03 
9.676768e-02 7.019421e+03 5.912991e+03 
1.018081e-01 6.648425e+03 5.546876e+03 
1.068485e-01 6.309063e+03 5.210539e+03 
1.118889e-01 5.987482e+03 4.901144e+03 
1.169293e-01 5.675132e+03 4.616138e+03 
1.219697e-01 5.373440e+03 4.353224e+03 
1.270101e-01 5.087288e+03 4.110344e+03 
1.320505e-01 4.820859e+03 3.885649e+03 
1.370909e-01 4.576107e+03 3.677486e+03 
1.421313e-01 4.352851e+03 3.484367e+03 
1.471717e-01 4.149181e+03 3.304961e+03 
1.522121e-01 3.962194e+03 3.138070e+03 
1.572525e-01 3.788881e+03 2.982617e+03 
1.622929e-01 3.626433e+03 2.837633e+03 
1.673333e-01 3.472076e+03 2.702244e+03 
1.723737e-01 3.324027e+03 2.575663e+03 
1.774141e-01 3.182500e+03 2.457175e+03 
1.824545e-01 3.048333e+03 2.346138e+03 
1.874949e-01 2.921761e+03 2.241965e+03 
1.925354e-01 2.802731e+03 2.144128e+03 
1.975758e-01 2.691473e+03 2.052143e+03 
2.026162e-01 2.587654e+03 1.965573e+03 
2.076566e-01 2.490324e+03 1.884017e+03 
2.126970e-01 2.398335e+03 1.807112e+03 
2.177374e-01 2.310867e+03 1.734525e+03 
2.227778e-01 2.227625e+03 1.665949e+03 
2.278182e-01 2.148218e+03 1.601108e+03 
2.328586e-01 2.072308e+03 1.539744e+03 
2.378990e-01 1.999886e+03 1.481622e+03 
2.429394e-01 1.931115e+03 1.426527e+03 
2.479798e-01 1.865860e+03 1.374260e+03 
2.530202e-01 1.803773e+03 1.324637e+03 
2.580606e-01 1.744581e+03 1.277489e+03 
2.631010e-01 1.688328e+03 1.232661e+03 
2.681414e-01 1.634831e+03 1.190009e+03 
2.731818e-01 1.583719e+03 1.149397e+03 
2.782222e-01 1.534674e+03 1.110704e+03 
2.832626e-01 1.487628e+03 1.073814e+03 
2.883030e-01 1.442614e+03 1.038621e+03 
2.933434e-01 1.399567e+03 1.005025e+03 
2.983838e-01 1.358306e+03 9.729358e+02 
3.034242e-01 1.318694e+03 9.422666e+02 
3.084646e-01 1.280729e+03 9.129380e+02 
3.135051e-01 1.244385e+03 8.848756e+02 
3.185455e-01 1.209541e+03 8.580099e+02 
3.235859e-01 1.176036e+03 8.322762e+02 
3.286263e-01 1.143790e+03 8.076139e+02 
3.336667e-01 1.112793e+03 7.839662e+02 
3.387071e-01 1.083027e+03 7.612802e+02 
3.437475e-01 1.054372e+03 7.395061e+02 
3.487879e-01 1.026741e+03 7.185973e+02 
3.538283e-01 1.000104e+03 6.985100e+02 
3.588687e-01 9.744617e+02 6.792033e+02 
3.639091e-01 9.497899e+02 6.606383e+02 
3.689495e-01 9.259900e+02 6.427790e+02 
3.739899e-01 9.030064e+02 6.255911e+02 
3.790303e-01 8.808274e+02 6.090425e+02 
3.840707e-01 8.594287e+02 5.931029e+02 
3.891111e-01 8.387768e+02 5.777437e+02 
3.941515e-01 8.188150e+02 5.629380e+02 
3.991919e-01 7.995008e+02 5.486605e+02 
4.042323e-01 7.808330e+02 5.348869e+02 
4.092727e-01 7.627975e+02 5.215948e+02 
4.143131e-01 7.453534e+02 5.087626e+02 
4.193535e-01 7.284592e+02 4.963699e+02 
4.243939e-01 7.120972e+02 4.843977e+02 
4.294343e-01 6.962634e+02 4.728277e+02 
4.344747e-01 6.809448e+02 4.616427e+02 
4.395152e-01 6.661017e+02 4.508263e+02 
4.445556e-01 6.516891e+02 4.403629e+02 
4.495960e-01 6.377236e+02 4.302380e+02 
4.546364e-01 6.241917e+02 4.204375e+02 
4.596768e-01 6.110695e+02 4.109481e+02 
4.647172e-01 5.983380e+02 4.017572e+02 
4.697576e-01 5.859600e+02 3.928529e+02 
4.747980e-01 5.739502e+02 3.842236e+02 
4.798384e-01 5.623054e+02 3.758587e+02 
4.848788e-01 5.509860e+02 3.677476e+02 
4.899192e-01 5.399820e+02 3.598806e+02 
4.949596e-01 5.292837e+02 3.522482e+02 
5.000000e-01 5.188894e+02 3.448416e+02 
