1.000000e-03 2.371161e+03 2.370938e+03 
6.040404e-03 1.061773e+04 1.069439e+04 
1.108081e-02 1.465710e+04 1.461951e+04 
1.612121e-02 1.632441e+04 1.615360e+04 
2.116162e-02 1.664075e+04 1.643446e+04 
2.620202e-02 1.621858e+04 1.607250e+04 
3.124242e-02 1.544805e+04 1.539164e+04 
3.628283e-02 1.456575e+04 1.456552e+04 
4.132323e-02 1.369689e+04 1.368930e+04 
4.636364e-02 1.288597e+04 1.281543e+04 
5.140404e-02 1.213887e+04 1.197223e+04 
5.644444e-02 1.143087e+04 1.117414e+04 
6.148485e-02 1.074439e+04 1.042751e+04 
6.652525e-02 1.007913e+04 9.734065e+03 
7.156566e-02 9.432241e+03 9.092855e+03 
7.660606e-02 8.817845e+03 8.501493e+03 
8.164646e-02 8.255086e+03 7.956863e+03 
8.668687e-02 7.752351e+03 7.455552e+03 
9.172727e-02 7.303232e+03 6.994109e+03 
9.676768e-02 6.900098e+03 6.569186e+03 
1.018081e-01 6.537509e+03 6.177616e+03 
1.068485e-01 6.205712e+03 5.816459e+03 
1.118889e-01 5.891126e+03 5.483006e+03 
1.169293e-01 5.585372e+03 5.174785e+03 
1.219697e-01 5.289877e+03 4.889547e+03 
1.270101e-01 5.009473e+03 4.625255e+03 
1.320505e-01 4.748305e+03 4.380066e+03 
1.370909e-01 4.508322e+03 4.152314e+03 
1.421313e-01 4.289369e+03 3.940496e+03 
1.471717e-01 4.089588e+03 3.743253e+03 
1.522121e-01 3.906136e+03 3.559359e+03 
1.572525e-01 3.736062e+03 3.387704e+03 
1.622929e-01 3.576608e+03 3.227285e+03 
1.673333e-01 3.425051e+03 3.077195e+03 
1.723737e-01 3.279638e+03 2.936610e+03 
1.774141e-01 3.140589e+03 2.804783e+03 
1.824545e-01 3.008736e+03 2.681037e+03 
1.874949e-01 2.884320e+03 2.564755e+03 
1.925354e-01 2.767293e+03 2.455376e+03 
1.975758e-01 2.657889e+03 2.352387e+03 
2.026162e-01 2.555786e+03 2.255322e+03 
2.076566e-01 2.460049e+03 2.163755e+03 
2.126970e-01 2.369550e+03 2.077296e+03 
2.177374e-01 2.283480e+03 1.995586e+03 
2.227778e-01 2.201554e+03 1.918298e+03 
2.278182e-01 2.123387e+03 1.845132e+03 
2.328586e-01 2.048649e+03 1.775811e+03 
2.378990e-01 1.977331e+03 1.710080e+03 
2.429394e-01 1.909598e+03 1.647706e+03 
2.479798e-01 1.845319e+03 1.588472e+03 
2.530202e-01 1.784151e+03 1.532178e+03 
2.580606e-01 1.725826e+03 1.478641e+03 
2.631010e-01 1.670390e+03 1.427690e+03 
2.681414e-01 1.617663e+03 1.379167e+03 
2.731818e-01 1.567279e+03 1.332926e+03 
2.782222e-01 1.518926e+03 1.288831e+03 
2.832626e-01 1.472537e+03 1.246756e+03 
2.883030e-01 1.428145e+03 1.206584e+03 
2.933434e-01 1.385688e+03 1.168206e+03 
2.983838e-01 1.344988e+03 1.131519e+03 
3.034242e-01 1.305908e+03 1.096431e+03 
3.084646e-01 1.268448e+03 1.062852e+03 
3.135051e-01 1.232585e+03 1.030699e+03 
3.185455e-01 1.198197e+03 9.998972e+02 
3.235859e-01 1.165128e+03 9.703731e+02 
3.286263e-01 1.133296e+03 9.420597e+02 
3.336667e-01 1.102694e+03 9.148939e+02 
3.387071e-01 1.073305e+03 8.888166e+02 
3.437475e-01 1.045009e+03 8.637724e+02 
3.487879e-01 1.017721e+03 8.397091e+02 
3.538283e-01 9.914126e+02 8.165779e+02 
3.588687e-01 9.660833e+02 7.943330e+02 
3.639091e-01 9.417105e+02 7.729309e+02 
3.689495e-01 9.181966e+02 7.523312e+02 
3.739899e-01 8.954869e+02 7.324955e+02 
3.790303e-01 8.735701e+02 7.133876e+02 
3.840707e-01 8.524223e+02 6.949737e+02 
3.891111e-01 8.320106e+02 6.772215e+02 
3.941515e-01 8.122792e+02 6.601007e+02 
3.991919e-01 7.931859e+02 6.435828e+02 
4.042323e-01 7.747300e+02 6.276407e+02 
4.092727e-01 7.568977e+02 6.122487e+02 
4.143131e-01 7.396486e+02 5.973826e+02 
4.193535e-01 7.229418e+02 5.830196e+02 
4.243939e-01 7.067598e+02 5.691379e+02 
4.294343e-01 6.910989e+02 5.557169e+02 
4.344747e-01 6.759463e+02 5.427371e+02 
4.395152e-01 6.612628e+02 5.301800e+02 
4.445556e-01 6.470040e+02 5.180280e+02 
4.495960e-01 6.331863e+02 5.062644e+02 
4.546364e-01 6.197966e+02 4.948734e+02 
4.596768e-01 6.068114e+02 4.838399e+02 
4.647172e-01 5.942117e+02 4.731495e+02 
4.697576e-01 5.819609e+02 4.627887e+02 
4.747980e-01 5.700736e+02 4.527444e+02 
4.798384e-01 5.585467e+02 4.430043e+02 
4.848788e-01 5.473410e+02 4.335565e+02 
4.899192e-01 5.364468e+02 4.243900e+02 
4.949596e-01 5.258543e+02 4.154939e+02 
5.000000e-01 5.155622e+02 4.068581e+02 
