1.000000e-03 6.921904e+03 6.921269e+03 
6.040404e-03 3.105309e+04 3.121124e+04 
1.108081e-02 4.238602e+04 4.244145e+04 
1.612121e-02 4.554839e+04 4.538843e+04 
2.116162e-02 4.345719e+04 4.238751e+04 
2.620202e-02 3.837836e+04 3.616244e+04 
3.124242e-02 3.216260e+04 2.971744e+04 
3.628283e-02 2.616115e+04 2.450255e+04 
4.132323e-02 2.116047e+04 2.059490e+04 
4.636364e-02 1.743068e+04 1.766137e+04 
5.140404e-02 1.496532e+04 1.539506e+04 
5.644444e-02 1.351588e+04 1.358770e+04 
6.148485e-02 1.278691e+04 1.210692e+04 
6.652525e-02 1.247485e+04 1.086795e+04 
7.156566e-02 1.230008e+04 9.814509e+03 
7.660606e-02 1.202914e+04 8.907710e+03 
8.164646e-02 1.150344e+04 8.119533e+03 
8.668687e-02 1.067410e+04 7.429080e+03 
9.172727e-02 9.598330e+03 6.820293e+03 
9.676768e-02 8.403857e+03 6.280539e+03 
1.018081e-01 7.240642e+03 5.799682e+03 
1.068485e-01 6.234133e+03 5.369466e+03 
1.118889e-01 5.457154e+03 4.983080e+03 
1.169293e-01 4.927733e+03 4.634844e+03 
1.219697e-01 4.624796e+03 4.319983e+03 
1.270101e-01 4.503297e+03 4.034451e+03 
1.320505e-01 4.502551e+03 3.774798e+03 
1.370909e-01 4.553067e+03 3.538064e+03 
1.421313e-01 4.586767e+03 3.321699e+03 
1.471717e-01 4.549177e+03 3.123495e+03 
1.522121e-01 4.408263e+03 2.941530e+03 
1.572525e-01 4.159241e+03 2.774128e+03 
1.622929e-01 3.825050e+03 2.619820e+03 
1.673333e-01 3.449606e+03 2.477316e+03 
1.723737e-01 3.082583e+03 2.345477e+03 
1.774141e-01 2.763175e+03 2.223297e+03 
1.824545e-01 2.513495e+03 2.109883e+03 
1.874949e-01 2.340995e+03 2.004441e+03 
1.925354e-01 2.242498e+03 1.906263e+03 
1.975758e-01 2.205891e+03 1.814718e+03 
2.026162e-01 2.211150e+03 1.729240e+03 
2.076566e-01 2.233717e+03 1.649319e+03 
2.126970e-01 2.249454e+03 1.574500e+03 
2.177374e-01 2.239185e+03 1.504371e+03 
2.227778e-01 2.191280e+03 1.438558e+03 
2.278182e-01 2.103155e+03 1.376727e+03 
2.328586e-01 1.981402e+03 1.318571e+03 
2.378990e-01 1.839840e+03 1.263815e+03 
2.429394e-01 1.695271e+03 1.212206e+03 
2.479798e-01 1.562928e+03 1.163515e+03 
2.530202e-01 1.453485e+03 1.117532e+03 
2.580606e-01 1.372375e+03 1.074067e+03 
2.631010e-01 1.320152e+03 1.032944e+03 
2.681414e-01 1.293065e+03 9.940043e+02 
2.731818e-01 1.284274e+03 9.570994e+02 
2.782222e-01 1.285134e+03 9.220945e+02 
2.832626e-01 1.286624e+03 8.888655e+02 
2.883030e-01 1.280801e+03 8.572979e+02 
2.933434e-01 1.261998e+03 8.272859e+02 
2.983838e-01 1.227811e+03 7.987322e+02 
3.034242e-01 1.179391e+03 7.715466e+02 
3.084646e-01 1.120867e+03 7.456456e+02 
3.135051e-01 1.058157e+03 7.209522e+02 
3.185455e-01 9.972847e+02 6.973945e+02 
3.235859e-01 9.432041e+02 6.749062e+02 
3.286263e-01 8.990976e+02 6.534253e+02 
3.336667e-01 8.663084e+02 6.328944e+02 
3.387071e-01 8.444069e+02 6.132601e+02 
3.437475e-01 8.314000e+02 5.944723e+02 
3.487879e-01 8.241989e+02 5.764846e+02 
3.538283e-01 8.192097e+02 5.592536e+02 
3.588687e-01 8.130384e+02 5.427386e+02 
3.639091e-01 8.030647e+02 5.269018e+02 
3.689495e-01 7.877440e+02 5.117076e+02 
3.739899e-01 7.667087e+02 4.971228e+02 
3.790303e-01 7.407779e+02 4.831161e+02 
3.840707e-01 7.117771e+02 4.696584e+02 
3.891111e-01 6.820343e+02 4.567223e+02 
3.941515e-01 6.537748e+02 4.442818e+02 
3.991919e-01 6.287071e+02 4.323127e+02 
4.042323e-01 6.078711e+02 4.207924e+02 
4.092727e-01 5.915835e+02 4.096992e+02 
4.143131e-01 5.795020e+02 3.990129e+02 
4.193535e-01 5.706802e+02 3.887146e+02 
4.243939e-01 5.638316e+02 3.787862e+02 
4.294343e-01 5.575592e+02 3.692107e+02 
4.344747e-01 5.505982e+02 3.599721e+02 
4.395152e-01 5.420498e+02 3.510553e+02 
4.445556e-01 5.314040e+02 3.424459e+02 
4.495960e-01 5.186510e+02 3.341304e+02 
4.546364e-01 5.042277e+02 3.260960e+02 
4.596768e-01 4.889090e+02 3.183306e+02 
4.647172e-01 4.735701e+02 3.108226e+02 
4.697576e-01 4.590169e+02 3.035611e+02 
4.747980e-01 4.458688e+02 2.965358e+02 
4.798384e-01 4.345179e+02 2.897368e+02 
4.848788e-01 4.250315e+02 2.831549e+02 
4.899192e-01 4.172393e+02 2.767812e+02 
4.949596e-01 4.107151e+02 2.706072e+02 
5.000000e-01 4.049263e+02 2.646249e+02 
