1.000000e-03 2.293739e+03 2.293522e+03 
6.040404e-03 1.022969e+04 1.027505e+04 
1.108081e-02 1.412586e+04 1.397475e+04 
1.612121e-02 1.579456e+04 1.532516e+04 
2.116162e-02 1.621304e+04 1.543975e+04 
2.620202e-02 1.594056e+04 1.496301e+04 
3.124242e-02 1.531688e+04 1.422590e+04 
3.628283e-02 1.454494e+04 1.338633e+04 
4.132323e-02 1.373701e+04 1.252362e+04 
4.636364e-02 1.293742e+04 1.167937e+04 
5.140404e-02 1.218231e+04 1.087503e+04 
5.644444e-02 1.145233e+04 1.012072e+04 
6.148485e-02 1.075308e+04 9.420090e+03 
6.652525e-02 1.009150e+04 8.773134e+03 
7.156566e-02 9.465205e+03 8.177813e+03 
7.660606e-02 8.880733e+03 7.631059e+03 
8.164646e-02 8.347080e+03 7.129348e+03 
8.668687e-02 7.863738e+03 6.669038e+03 
9.172727e-02 7.421392e+03 6.246568e+03 
9.676768e-02 7.012529e+03 5.858560e+03 
1.018081e-01 6.635223e+03 5.501871e+03 
1.068485e-01 6.286142e+03 5.173615e+03 
1.118889e-01 5.957952e+03 4.871162e+03 
1.169293e-01 5.646350e+03 4.592128e+03 
1.219697e-01 5.352041e+03 4.334360e+03 
1.270101e-01 5.077895e+03 4.095918e+03 
1.320505e-01 4.824560e+03 3.875056e+03 
1.370909e-01 4.590835e+03 3.670203e+03 
1.421313e-01 4.374645e+03 3.479947e+03 
1.471717e-01 4.173662e+03 3.303015e+03 
1.522121e-01 3.985669e+03 3.138262e+03 
1.572525e-01 3.809044e+03 2.984656e+03 
1.622929e-01 3.642829e+03 2.841267e+03 
1.673333e-01 3.485935e+03 2.707253e+03 
1.723737e-01 3.337584e+03 2.581854e+03 
1.774141e-01 3.197671e+03 2.464383e+03 
1.824545e-01 3.066020e+03 2.354215e+03 
1.874949e-01 2.942247e+03 2.250784e+03 
1.925354e-01 2.825654e+03 2.153576e+03 
1.975758e-01 2.715737e+03 2.062124e+03 
2.026162e-01 2.612142e+03 1.975999e+03 
2.076566e-01 2.514140e+03 1.894815e+03 
2.126970e-01 2.421101e+03 1.818214e+03 
2.177374e-01 2.332714e+03 1.745872e+03 
2.227778e-01 2.248800e+03 1.677493e+03 
2.278182e-01 2.169137e+03 1.612801e+03 
2.328586e-01 2.093314e+03 1.551548e+03 
2.378990e-01 2.021180e+03 1.493503e+03 
2.429394e-01 1.952719e+03 1.438454e+03 
2.479798e-01 1.887645e+03 1.386206e+03 
2.530202e-01 1.825599e+03 1.336580e+03 
2.580606e-01 1.766262e+03 1.289409e+03 
2.631010e-01 1.709640e+03 1.244539e+03 
2.681414e-01 1.655700e+03 1.201829e+03 
2.731818e-01 1.604160e+03 1.161147e+03 
2.782222e-01 1.554796e+03 1.122372e+03 
2.832626e-01 1.507488e+03 1.085389e+03 
2.883030e-01 1.462259e+03 1.050095e+03 
2.933434e-01 1.419017e+03 1.016391e+03 
2.983838e-01 1.377562e+03 9.841871e+02 
3.034242e-01 1.337757e+03 9.533980e+02 
3.084646e-01 1.299543e+03 9.239450e+02 
3.135051e-01 1.262922e+03 8.957546e+02 
3.185455e-01 1.227784e+03 8.687579e+02 
3.235859e-01 1.193989e+03 8.428908e+02 
3.286263e-01 1.161460e+03 8.180934e+02 
3.336667e-01 1.130177e+03 7.943092e+02 
3.387071e-01 1.100131e+03 7.714858e+02 
3.437475e-01 1.071217e+03 7.495738e+02 
3.487879e-01 1.043346e+03 7.285268e+02 
3.538283e-01 1.016469e+03 7.083015e+02 
3.588687e-01 9.905829e+02 6.888570e+02 
3.639091e-01 9.656593e+02 6.701549e+02 
3.689495e-01 9.416098e+02 6.521592e+02 
3.739899e-01 9.183848e+02 6.348358e+02 
3.790303e-01 8.959622e+02 6.181528e+02 
3.840707e-01 8.743284e+02 6.020800e+02 
3.891111e-01 8.534432e+02 5.865890e+02 
3.941515e-01 8.332500e+02 5.716530e+02 
3.991919e-01 8.137169e+02 5.572465e+02 
4.042323e-01 7.948302e+02 5.433456e+02 
4.092727e-01 7.765849e+02 5.299278e+02 
4.143131e-01 7.589362e+02 5.169716e+02 
4.193535e-01 7.418386e+02 5.044567e+02 
4.243939e-01 7.252773e+02 4.923640e+02 
4.294343e-01 7.092458e+02 4.806752e+02 
4.344747e-01 6.937313e+02 4.693732e+02 
4.395152e-01 6.786935e+02 4.584416e+02 
4.445556e-01 6.641051e+02 4.478650e+02 
4.495960e-01 6.499576e+02 4.376285e+02 
4.546364e-01 6.362460e+02 4.277183e+02 
4.596768e-01 6.229534e+02 4.181210e+02 
4.647172e-01 6.100466e+02 4.088241e+02 
4.697576e-01 5.975105e+02 3.998154e+02 
4.747980e-01 5.853397e+02 3.910836e+02 
4.798384e-01 5.735287e+02 3.826179e+02 
4.848788e-01 5.620562e+02 3.744078e+02 
4.899192e-01 5.508956e+02 3.664435e+02 
4.949596e-01 5.400448e+02 3.587155e+02 
5.000000e-01 5.295031e+02 3.512150e+02 
