1.000000e-03 4.677265e+03 4.676824e+03 
6.040404e-03 2.061870e+04 2.071015e+04 
1.108081e-02 2.805168e+04 2.797653e+04 
1.612121e-02 3.029312e+04 2.989511e+04 
2.116162e-02 2.932960e+04 2.830994e+04 
2.620202e-02 2.661076e+04 2.512237e+04 
3.124242e-02 2.324728e+04 2.188125e+04 
3.628283e-02 2.000843e+04 1.914913e+04 
4.132323e-02 1.732254e+04 1.693114e+04 
4.636364e-02 1.531464e+04 1.510989e+04 
5.140404e-02 1.398186e+04 1.358348e+04 
5.644444e-02 1.313487e+04 1.228134e+04 
6.148485e-02 1.258082e+04 1.115565e+04 
6.652525e-02 1.212467e+04 1.017291e+04 
7.156566e-02 1.160605e+04 9.308594e+03 
7.660606e-02 1.093330e+04 8.543965e+03 
8.164646e-02 1.009582e+04 7.864243e+03 
8.668687e-02 9.151336e+03 7.257476e+03 
9.172727e-02 8.189806e+03 6.713831e+03 
9.676768e-02 7.302495e+03 6.225106e+03 
1.018081e-01 6.561430e+03 5.784397e+03 
1.068485e-01 6.003168e+03 5.385839e+03 
1.118889e-01 5.623773e+03 5.024427e+03 
1.169293e-01 5.388514e+03 4.695861e+03 
1.219697e-01 5.247146e+03 4.396431e+03 
1.270101e-01 5.145658e+03 4.122927e+03 
1.320505e-01 5.033905e+03 3.872553e+03 
1.370909e-01 4.874390e+03 3.642874e+03 
1.421313e-01 4.650806e+03 3.431758e+03 
1.471717e-01 4.369208e+03 3.237331e+03 
1.522121e-01 4.051659e+03 3.057947e+03 
1.572525e-01 3.727860e+03 2.892149e+03 
1.622929e-01 3.428404e+03 2.738650e+03 
1.673333e-01 3.176990e+03 2.596307e+03 
1.723737e-01 2.984833e+03 2.464103e+03 
1.774141e-01 2.849909e+03 2.341133e+03 
1.824545e-01 2.761388e+03 2.226586e+03 
1.874949e-01 2.703838e+03 2.119738e+03 
1.925354e-01 2.659752e+03 2.019937e+03 
1.975758e-01 2.611794e+03 1.926600e+03 
2.026162e-01 2.546455e+03 1.839198e+03 
2.076566e-01 2.457526e+03 1.757256e+03 
2.126970e-01 2.346699e+03 1.680344e+03 
2.177374e-01 2.221402e+03 1.608072e+03 
2.227778e-01 2.091794e+03 1.540088e+03 
2.278182e-01 1.968296e+03 1.476070e+03 
2.328586e-01 1.859378e+03 1.415725e+03 
2.378990e-01 1.770106e+03 1.358788e+03 
2.429394e-01 1.701589e+03 1.305014e+03 
2.479798e-01 1.651492e+03 1.254182e+03 
2.530202e-01 1.614832e+03 1.206087e+03 
2.580606e-01 1.585070e+03 1.160544e+03 
2.631010e-01 1.555670e+03 1.117380e+03 
2.681414e-01 1.521586e+03 1.076438e+03 
2.731818e-01 1.480137e+03 1.037573e+03 
2.782222e-01 1.430959e+03 1.000652e+03 
2.832626e-01 1.375632e+03 9.655508e+02 
2.883030e-01 1.317207e+03 9.321557e+02 
2.933434e-01 1.259513e+03 9.003616e+02 
2.983838e-01 1.206068e+03 8.700710e+02 
3.034242e-01 1.159235e+03 8.411936e+02 
3.084646e-01 1.119998e+03 8.136455e+02 
3.135051e-01 1.088025e+03 7.873491e+02 
3.185455e-01 1.062028e+03 7.622321e+02 
3.235859e-01 1.039939e+03 7.382271e+02 
3.286263e-01 1.019433e+03 7.152716e+02 
3.336667e-01 9.984150e+02 6.933071e+02 
3.387071e-01 9.754761e+02 6.722793e+02 
3.437475e-01 9.500228e+02 6.521372e+02 
3.487879e-01 9.222627e+02 6.328335e+02 
3.538283e-01 8.930277e+02 6.143236e+02 
3.588687e-01 8.635428e+02 5.965660e+02 
3.639091e-01 8.350742e+02 5.795218e+02 
3.689495e-01 8.086687e+02 5.631544e+02 
3.739899e-01 7.849533e+02 5.474295e+02 
3.790303e-01 7.641039e+02 5.323151e+02 
3.840707e-01 7.458956e+02 5.177809e+02 
3.891111e-01 7.297635e+02 5.037985e+02 
3.941515e-01 7.149292e+02 4.903413e+02 
3.991919e-01 7.005609e+02 4.773839e+02 
4.042323e-01 6.859940e+02 4.649029e+02 
4.092727e-01 6.708547e+02 4.528758e+02 
4.143131e-01 6.550540e+02 4.412815e+02 
4.193535e-01 6.387301e+02 4.301002e+02 
4.243939e-01 6.221528e+02 4.193131e+02 
4.294343e-01 6.057480e+02 4.089025e+02 
4.344747e-01 5.899566e+02 3.988516e+02 
4.395152e-01 5.751398e+02 3.891445e+02 
4.445556e-01 5.614505e+02 3.797662e+02 
4.495960e-01 5.488685e+02 3.707025e+02 
4.546364e-01 5.372885e+02 3.619399e+02 
4.596768e-01 5.265148e+02 3.534656e+02 
4.647172e-01 5.162708e+02 3.452675e+02 
4.697576e-01 5.062821e+02 3.373341e+02 
4.747980e-01 4.962931e+02 3.296546e+02 
4.798384e-01 4.862145e+02 3.222184e+02 
4.848788e-01 4.760270e+02 3.150158e+02 
4.899192e-01 4.658035e+02 3.080373e+02 
4.949596e-01 4.556383e+02 3.012741e+02 
5.000000e-01 4.456657e+02 2.947177e+02 
