1.000000e-03 4.261578e+03 4.261179e+03 
6.040404e-03 1.926445e+04 1.934699e+04 
1.108081e-02 2.643133e+04 2.652084e+04 
1.612121e-02 2.869144e+04 2.938022e+04 
2.116162e-02 2.788259e+04 2.997068e+04 
2.620202e-02 2.537153e+04 2.937720e+04 
3.124242e-02 2.221753e+04 2.818339e+04 
3.628283e-02 1.916077e+04 2.670923e+04 
4.132323e-02 1.661776e+04 2.513263e+04 
4.636364e-02 1.471434e+04 2.355248e+04 
5.140404e-02 1.345249e+04 2.202268e+04 
5.644444e-02 1.265352e+04 2.057112e+04 
6.148485e-02 1.213378e+04 1.921055e+04 
6.652525e-02 1.170632e+04 1.794487e+04 
7.156566e-02 1.121669e+04 1.677296e+04 
7.660606e-02 1.057628e+04 1.569090e+04 
8.164646e-02 9.774621e+03 1.469334e+04 
8.668687e-02 8.867423e+03 1.377428e+04 
9.172727e-02 7.941852e+03 1.292762e+04 
9.676768e-02 7.086589e+03 1.214739e+04 
1.018081e-01 6.371866e+03 1.142791e+04 
1.068485e-01 5.833598e+03 1.076388e+04 
1.118889e-01 5.468381e+03 1.015044e+04 
1.169293e-01 5.242798e+03 9.583104e+03 
1.219697e-01 5.108219e+03 9.057806e+03 
1.270101e-01 5.012214e+03 8.570849e+03 
1.320505e-01 4.905991e+03 8.118885e+03 
1.370909e-01 4.752985e+03 7.698885e+03 
1.421313e-01 4.537232e+03 7.308110e+03 
1.471717e-01 4.264564e+03 6.944087e+03 
1.522121e-01 3.956461e+03 6.604575e+03 
1.572525e-01 3.641910e+03 6.287550e+03 
1.622929e-01 3.350821e+03 5.991179e+03 
1.673333e-01 3.106411e+03 5.713802e+03 
1.723737e-01 2.919723e+03 5.453913e+03 
1.774141e-01 2.788855e+03 5.210144e+03 
1.824545e-01 2.703280e+03 4.981254e+03 
1.874949e-01 2.647940e+03 4.766113e+03 
1.925354e-01 2.605724e+03 4.563690e+03 
1.975758e-01 2.559656e+03 4.373048e+03 
2.026162e-01 2.496494e+03 4.193328e+03 
2.076566e-01 2.410131e+03 4.023749e+03 
2.126970e-01 2.302207e+03 3.863593e+03 
2.177374e-01 2.179994e+03 3.712203e+03 
2.227778e-01 2.053454e+03 3.568976e+03 
2.278182e-01 1.932819e+03 3.433360e+03 
2.328586e-01 1.826419e+03 3.304846e+03 
2.378990e-01 1.739247e+03 3.182965e+03 
2.429394e-01 1.672412e+03 3.067286e+03 
2.479798e-01 1.623636e+03 2.957412e+03 
2.530202e-01 1.588039e+03 2.852974e+03 
2.580606e-01 1.559198e+03 2.753634e+03 
2.631010e-01 1.530689e+03 2.659077e+03 
2.681414e-01 1.497547e+03 2.569011e+03 
2.731818e-01 1.457129e+03 2.483168e+03 
2.782222e-01 1.409074e+03 2.401296e+03 
2.832626e-01 1.354931e+03 2.323164e+03 
2.883030e-01 1.297703e+03 2.248554e+03 
2.933434e-01 1.241162e+03 2.177265e+03 
2.983838e-01 1.188778e+03 2.109111e+03 
3.034242e-01 1.142882e+03 2.043917e+03 
3.084646e-01 1.104451e+03 1.981518e+03 
3.135051e-01 1.073164e+03 1.921764e+03 
3.185455e-01 1.047754e+03 1.864512e+03 
3.235859e-01 1.026187e+03 1.809629e+03 
3.286263e-01 1.006168e+03 1.756990e+03 
3.336667e-01 9.856318e+02 1.706478e+03 
3.387071e-01 9.631874e+02 1.657986e+03 
3.437475e-01 9.382476e+02 1.611409e+03 
3.487879e-01 9.110161e+02 1.566651e+03 
3.538283e-01 8.823136e+02 1.523623e+03 
3.588687e-01 8.533504e+02 1.482239e+03 
3.639091e-01 8.253780e+02 1.442419e+03 
3.689495e-01 7.994320e+02 1.404088e+03 
3.739899e-01 7.761341e+02 1.367175e+03 
3.790303e-01 7.556598e+02 1.331613e+03 
3.840707e-01 7.377883e+02 1.297339e+03 
3.891111e-01 7.219626e+02 1.264294e+03 
3.941515e-01 7.074136e+02 1.232422e+03 
3.991919e-01 6.933189e+02 1.201669e+03 
4.042323e-01 6.790213e+02 1.171985e+03 
4.092727e-01 6.641504e+02 1.143323e+03 
4.143131e-01 6.486182e+02 1.115639e+03 
4.193535e-01 6.325611e+02 1.088888e+03 
4.243939e-01 6.162465e+02 1.063032e+03 
4.294343e-01 6.000961e+02 1.038033e+03 
4.344747e-01 5.845471e+02 1.013853e+03 
4.395152e-01 5.699577e+02 9.904585e+02 
4.445556e-01 5.564801e+02 9.678172e+02 
4.495960e-01 5.440950e+02 9.458979e+02 
4.546364e-01 5.326984e+02 9.246713e+02 
4.596768e-01 5.220970e+02 9.041093e+02 
4.647172e-01 5.120167e+02 8.841854e+02 
4.697576e-01 5.021858e+02 8.648743e+02 
4.747980e-01 4.923509e+02 8.461519e+02 
4.798384e-01 4.824233e+02 8.279951e+02 
4.848788e-01 4.723840e+02 8.103823e+02 
4.899192e-01 4.623054e+02 7.932925e+02 
4.949596e-01 4.522811e+02 7.767059e+02 
5.000000e-01 4.424444e+02 7.606035e+02 
