1.000000e-03 2.949461e+03 2.949179e+03 
6.040404e-03 1.335047e+04 1.339953e+04 
1.108081e-02 1.834909e+04 1.819878e+04 
1.612121e-02 2.014543e+04 1.965860e+04 
2.116162e-02 2.005214e+04 1.919434e+04 
2.620202e-02 1.894774e+04 1.793275e+04 
3.124242e-02 1.744848e+04 1.652056e+04 
3.628283e-02 1.595019e+04 1.517132e+04 
4.132323e-02 1.465629e+04 1.392985e+04 
4.636364e-02 1.361797e+04 1.279904e+04 
5.140404e-02 1.282443e+04 1.177299e+04 
5.644444e-02 1.215296e+04 1.084385e+04 
6.148485e-02 1.152436e+04 1.000333e+04 
6.652525e-02 1.087082e+04 9.243170e+03 
7.156566e-02 1.016325e+04 8.555473e+03 
7.660606e-02 9.415884e+03 7.932837e+03 
8.164646e-02 8.674105e+03 7.368465e+03 
8.668687e-02 7.986298e+03 6.856199e+03 
9.172727e-02 7.384853e+03 6.390504e+03 
9.676768e-02 6.887018e+03 5.966441e+03 
1.018081e-01 6.493384e+03 5.579619e+03 
1.068485e-01 6.184269e+03 5.226143e+03 
1.118889e-01 5.924532e+03 4.902563e+03 
1.169293e-01 5.679474e+03 4.605825e+03 
1.219697e-01 5.426867e+03 4.333226e+03 
1.270101e-01 5.157174e+03 4.082371e+03 
1.320505e-01 4.872331e+03 3.851137e+03 
1.370909e-01 4.583346e+03 3.637637e+03 
1.421313e-01 4.305420e+03 3.440195e+03 
1.471717e-01 4.051595e+03 3.257319e+03 
1.522121e-01 3.829615e+03 3.087679e+03 
1.572525e-01 3.642285e+03 2.930084e+03 
1.622929e-01 3.487200e+03 2.783472e+03 
1.673333e-01 3.356022e+03 2.646889e+03 
1.723737e-01 3.237596e+03 2.519480e+03 
1.774141e-01 3.122462e+03 2.400474e+03 
1.824545e-01 3.005143e+03 2.289178e+03 
1.874949e-01 2.883708e+03 2.184966e+03 
1.925354e-01 2.758913e+03 2.087274e+03 
1.975758e-01 2.633932e+03 1.995589e+03 
2.026162e-01 2.513613e+03 1.909447e+03 
2.076566e-01 2.402306e+03 1.828427e+03 
2.126970e-01 2.302195e+03 1.752145e+03 
2.177374e-01 2.213531e+03 1.680253e+03 
2.227778e-01 2.135009e+03 1.612432e+03 
2.278182e-01 2.064225e+03 1.548391e+03 
2.328586e-01 1.998370e+03 1.487864e+03 
2.378990e-01 1.934964e+03 1.430608e+03 
2.429394e-01 1.872322e+03 1.376400e+03 
2.479798e-01 1.809537e+03 1.325034e+03 
2.530202e-01 1.746570e+03 1.276321e+03 
2.580606e-01 1.684385e+03 1.230089e+03 
2.631010e-01 1.624485e+03 1.186177e+03 
2.681414e-01 1.568035e+03 1.144438e+03 
2.731818e-01 1.515520e+03 1.104736e+03 
2.782222e-01 1.466922e+03 1.066944e+03 
2.832626e-01 1.421960e+03 1.030946e+03 
2.883030e-01 1.380157e+03 9.966335e+02 
2.933434e-01 1.340702e+03 9.639068e+02 
2.983838e-01 1.302697e+03 9.326726e+02 
3.034242e-01 1.265574e+03 9.028445e+02 
3.084646e-01 1.229161e+03 8.743421e+02 
3.135051e-01 1.193482e+03 8.470903e+02 
3.185455e-01 1.158656e+03 8.210195e+02 
3.235859e-01 1.124901e+03 7.960646e+02 
3.286263e-01 1.092518e+03 7.721647e+02 
3.336667e-01 1.061768e+03 7.492632e+02 
3.387071e-01 1.032685e+03 7.273068e+02 
3.437475e-01 1.005123e+03 7.062460e+02 
3.487879e-01 9.788968e+02 6.860342e+02 
3.538283e-01 9.538056e+02 6.666278e+02 
3.588687e-01 9.296391e+02 6.479859e+02 
3.639091e-01 9.062205e+02 6.300701e+02 
3.689495e-01 8.834224e+02 6.128444e+02 
3.739899e-01 8.612181e+02 5.962748e+02 
3.790303e-01 8.396692e+02 5.803295e+02 
3.840707e-01 8.187842e+02 5.649786e+02 
3.891111e-01 7.985879e+02 5.501936e+02 
3.941515e-01 7.791373e+02 5.359480e+02 
3.991919e-01 7.604634e+02 5.222167e+02 
4.042323e-01 7.425530e+02 5.089760e+02 
4.092727e-01 7.253290e+02 4.962034e+02 
4.143131e-01 7.086844e+02 4.838780e+02 
4.193535e-01 6.925885e+02 4.719795e+02 
4.243939e-01 6.770171e+02 4.604893e+02 
4.294343e-01 6.619042e+02 4.493893e+02 
4.344747e-01 6.471982e+02 4.386626e+02 
4.395152e-01 6.329013e+02 4.282932e+02 
4.445556e-01 6.190263e+02 4.182659e+02 
4.495960e-01 6.055929e+02 4.085663e+02 
4.546364e-01 5.925818e+02 3.991806e+02 
4.596768e-01 5.799558e+02 3.900958e+02 
4.647172e-01 5.677326e+02 3.812997e+02 
4.697576e-01 5.559131e+02 3.727805e+02 
4.747980e-01 5.444643e+02 3.645270e+02 
4.798384e-01 5.333530e+02 3.565287e+02 
4.848788e-01 5.225455e+02 3.487754e+02 
4.899192e-01 5.120383e+02 3.412576e+02 
4.949596e-01 5.018295e+02 3.339660e+02 
5.000000e-01 4.919019e+02 3.268921e+02 
