1.000000e-03 3.987701e+03 3.987315e+03 
6.040404e-03 1.778910e+04 1.786191e+04 
1.108081e-02 2.423174e+04 2.411134e+04 
1.612121e-02 2.624832e+04 2.577405e+04 
2.116162e-02 2.559585e+04 2.459802e+04 
2.620202e-02 2.351435e+04 2.222737e+04 
3.124242e-02 2.092106e+04 1.980177e+04 
3.628283e-02 1.842956e+04 1.768782e+04 
4.132323e-02 1.636866e+04 1.589521e+04 
4.636364e-02 1.482103e+04 1.436281e+04 
5.140404e-02 1.376646e+04 1.303631e+04 
5.644444e-02 1.303503e+04 1.187642e+04 
6.148485e-02 1.246681e+04 1.085470e+04 
6.652525e-02 1.190593e+04 9.949746e+03 
7.156566e-02 1.125475e+04 9.144733e+03 
7.660606e-02 1.047670e+04 8.425995e+03 
8.164646e-02 9.601806e+03 7.782200e+03 
8.668687e-02 8.702004e+03 7.203813e+03 
9.172727e-02 7.856113e+03 6.682734e+03 
9.676768e-02 7.127672e+03 6.212038e+03 
1.018081e-01 6.554401e+03 5.785774e+03 
1.068485e-01 6.140149e+03 5.398807e+03 
1.118889e-01 5.856937e+03 5.046693e+03 
1.169293e-01 5.658082e+03 4.725571e+03 
1.219697e-01 5.494570e+03 4.432080e+03 
1.270101e-01 5.323144e+03 4.163283e+03 
1.320505e-01 5.113755e+03 3.916608e+03 
1.370909e-01 4.856148e+03 3.689799e+03 
1.421313e-01 4.559758e+03 3.480869e+03 
1.471717e-01 4.245842e+03 3.288064e+03 
1.522121e-01 3.938841e+03 3.109834e+03 
1.572525e-01 3.661444e+03 2.944805e+03 
1.622929e-01 3.430643e+03 2.791756e+03 
1.673333e-01 3.252885e+03 2.649599e+03 
1.723737e-01 3.122409e+03 2.517363e+03 
1.774141e-01 3.025723e+03 2.394182e+03 
1.824545e-01 2.947413e+03 2.279276e+03 
1.874949e-01 2.873233e+03 2.171949e+03 
1.925354e-01 2.791215e+03 2.071571e+03 
1.975758e-01 2.693434e+03 1.977578e+03 
2.026162e-01 2.578870e+03 1.889457e+03 
2.076566e-01 2.452982e+03 1.806747e+03 
2.126970e-01 2.324442e+03 1.729030e+03 
2.177374e-01 2.201597e+03 1.655924e+03 
2.227778e-01 2.090973e+03 1.587085e+03 
2.278182e-01 1.996651e+03 1.522198e+03 
2.328586e-01 1.919729e+03 1.460976e+03 
2.378990e-01 1.858187e+03 1.403159e+03 
2.429394e-01 1.807780e+03 1.348505e+03 
2.479798e-01 1.763222e+03 1.296797e+03 
2.530202e-01 1.719414e+03 1.247833e+03 
2.580606e-01 1.672544e+03 1.201430e+03 
2.631010e-01 1.620785e+03 1.157416e+03 
2.681414e-01 1.564423e+03 1.115636e+03 
2.731818e-01 1.505260e+03 1.075947e+03 
2.782222e-01 1.445854e+03 1.038216e+03 
2.832626e-01 1.388885e+03 1.002319e+03 
2.883030e-01 1.336552e+03 9.681450e+02 
2.933434e-01 1.290164e+03 9.355875e+02 
2.983838e-01 1.249936e+03 9.045498e+02 
3.034242e-01 1.215097e+03 8.749416e+02 
3.084646e-01 1.184234e+03 8.466794e+02 
3.135051e-01 1.155621e+03 8.196854e+02 
3.185455e-01 1.127629e+03 7.938871e+02 
3.235859e-01 1.099076e+03 7.692171e+02 
3.286263e-01 1.069391e+03 7.456127e+02 
3.336667e-01 1.038630e+03 7.230153e+02 
3.387071e-01 1.007278e+03 7.013702e+02 
3.437475e-01 9.761607e+02 6.806263e+02 
3.487879e-01 9.461693e+02 6.607358e+02 
3.538283e-01 9.180320e+02 6.416540e+02 
3.588687e-01 8.921204e+02 6.233389e+02 
3.639091e-01 8.684485e+02 6.057514e+02 
3.689495e-01 8.467842e+02 5.888545e+02 
3.739899e-01 8.267343e+02 5.726136e+02 
3.790303e-01 8.077986e+02 5.569964e+02 
3.840707e-01 7.894168e+02 5.419723e+02 
3.891111e-01 7.711400e+02 5.275124e+02 
3.941515e-01 7.527766e+02 5.135898e+02 
3.991919e-01 7.343235e+02 5.001791e+02 
4.042323e-01 7.159430e+02 4.872561e+02 
4.092727e-01 6.978539e+02 4.747982e+02 
4.143131e-01 6.802721e+02 4.627841e+02 
4.193535e-01 6.634424e+02 4.511936e+02 
4.243939e-01 6.475268e+02 4.400076e+02 
4.294343e-01 6.325481e+02 4.292081e+02 
4.344747e-01 6.184220e+02 4.187780e+02 
4.395152e-01 6.050065e+02 4.087011e+02 
4.445556e-01 5.921558e+02 3.989622e+02 
4.495960e-01 5.797070e+02 3.895469e+02 
4.546364e-01 5.675180e+02 3.804412e+02 
4.596768e-01 5.554851e+02 3.716323e+02 
4.647172e-01 5.435784e+02 3.631078e+02 
4.697576e-01 5.318488e+02 3.548560e+02 
4.747980e-01 5.203575e+02 3.468656e+02 
4.798384e-01 5.091574e+02 3.391260e+02 
4.848788e-01 4.983112e+02 3.316274e+02 
4.899192e-01 4.878782e+02 3.243599e+02 
4.949596e-01 4.778835e+02 3.173145e+02 
5.000000e-01 4.682897e+02 3.104826e+02 
