1.000000e-03 3.486655e+03 3.486328e+03 
6.040404e-03 1.603533e+04 1.610483e+04 
1.108081e-02 2.218763e+04 2.209142e+04 
1.612121e-02 2.432731e+04 2.392379e+04 
2.116162e-02 2.396813e+04 2.308222e+04 
2.620202e-02 2.220949e+04 2.101045e+04 
3.124242e-02 1.988849e+04 1.879775e+04 
3.628283e-02 1.758684e+04 1.684059e+04 
4.132323e-02 1.563599e+04 1.517299e+04 
4.636364e-02 1.414248e+04 1.374446e+04 
5.140404e-02 1.310834e+04 1.250549e+04 
5.644444e-02 1.240027e+04 1.141964e+04 
6.148485e-02 1.187358e+04 1.046068e+04 
6.652525e-02 1.138478e+04 9.609010e+03 
7.156566e-02 1.082807e+04 8.849320e+03 
7.660606e-02 1.015243e+04 8.169237e+03 
8.164646e-02 9.369817e+03 7.558503e+03 
8.668687e-02 8.537880e+03 7.008477e+03 
9.172727e-02 7.728039e+03 6.511803e+03 
9.676768e-02 7.004205e+03 6.062173e+03 
1.018081e-01 6.411744e+03 5.654146e+03 
1.068485e-01 5.968407e+03 5.283016e+03 
1.118889e-01 5.660248e+03 4.944693e+03 
1.169293e-01 5.450572e+03 4.635613e+03 
1.219697e-01 5.294248e+03 4.352664e+03 
1.270101e-01 5.148707e+03 4.093120e+03 
1.320505e-01 4.980066e+03 3.854586e+03 
1.370909e-01 4.768740e+03 3.634955e+03 
1.421313e-01 4.513176e+03 3.432368e+03 
1.471717e-01 4.227382e+03 3.245180e+03 
1.522121e-01 3.933269e+03 3.071933e+03 
1.572525e-01 3.653606e+03 2.911333e+03 
1.622929e-01 3.408002e+03 2.762226e+03 
1.673333e-01 3.209035e+03 2.623584e+03 
1.723737e-01 3.058650e+03 2.494488e+03 
1.774141e-01 2.949060e+03 2.374115e+03 
1.824545e-01 2.867322e+03 2.261723e+03 
1.874949e-01 2.799239e+03 2.156650e+03 
1.925354e-01 2.731679e+03 2.058296e+03 
1.975758e-01 2.654058e+03 1.966121e+03 
2.026162e-01 2.560505e+03 1.879635e+03 
2.076566e-01 2.451463e+03 1.798398e+03 
2.126970e-01 2.332519e+03 1.722006e+03 
2.177374e-01 2.211642e+03 1.650096e+03 
2.227778e-01 2.096670e+03 1.582335e+03 
2.278182e-01 1.993714e+03 1.518421e+03 
2.328586e-01 1.906406e+03 1.458078e+03 
2.378990e-01 1.835484e+03 1.401054e+03 
2.429394e-01 1.778912e+03 1.347118e+03 
2.479798e-01 1.732795e+03 1.296058e+03 
2.530202e-01 1.692296e+03 1.247679e+03 
2.580606e-01 1.652498e+03 1.201804e+03 
2.631010e-01 1.609589e+03 1.158269e+03 
2.681414e-01 1.561802e+03 1.116921e+03 
2.731818e-01 1.509369e+03 1.077621e+03 
2.782222e-01 1.453891e+03 1.040241e+03 
2.832626e-01 1.397674e+03 1.004662e+03 
2.883030e-01 1.343234e+03 9.707729e+02 
2.933434e-01 1.292831e+03 9.384723e+02 
2.983838e-01 1.248000e+03 9.076654e+02 
3.034242e-01 1.209177e+03 8.782644e+02 
3.084646e-01 1.175713e+03 8.501877e+02 
3.135051e-01 1.146340e+03 8.233594e+02 
3.185455e-01 1.119536e+03 7.977089e+02 
3.235859e-01 1.093743e+03 7.731703e+02 
3.286263e-01 1.067628e+03 7.496823e+02 
3.336667e-01 1.040363e+03 7.271876e+02 
3.387071e-01 1.011810e+03 7.056327e+02 
3.437475e-01 9.823916e+02 6.849676e+02 
3.487879e-01 9.528121e+02 6.651454e+02 
3.538283e-01 9.239100e+02 6.461223e+02 
3.588687e-01 8.964484e+02 6.278573e+02 
3.639091e-01 8.709667e+02 6.103118e+02 
3.689495e-01 8.476997e+02 5.934496e+02 
3.739899e-01 8.265450e+02 5.772368e+02 
3.790303e-01 8.071465e+02 5.616415e+02 
3.840707e-01 7.890283e+02 5.466337e+02 
3.891111e-01 7.716971e+02 5.321851e+02 
3.941515e-01 7.546731e+02 5.182691e+02 
3.991919e-01 7.375981e+02 5.048606e+02 
4.042323e-01 7.203321e+02 4.919361e+02 
4.092727e-01 7.029448e+02 4.794731e+02 
4.143131e-01 6.856381e+02 4.674506e+02 
4.193535e-01 6.686727e+02 4.558488e+02 
4.243939e-01 6.522578e+02 4.446488e+02 
4.294343e-01 6.365806e+02 4.338328e+02 
4.344747e-01 6.217778e+02 4.233841e+02 
4.395152e-01 6.078856e+02 4.132865e+02 
4.445556e-01 5.948146e+02 4.035252e+02 
4.495960e-01 5.823839e+02 3.940857e+02 
4.546364e-01 5.704259e+02 3.849545e+02 
4.596768e-01 5.588099e+02 3.761186e+02 
4.647172e-01 5.474146e+02 3.675660e+02 
4.697576e-01 5.361396e+02 3.592849e+02 
4.747980e-01 5.249442e+02 3.512643e+02 
4.798384e-01 5.138767e+02 3.434938e+02 
4.848788e-01 5.030158e+02 3.359633e+02 
4.899192e-01 4.924455e+02 3.286634e+02 
4.949596e-01 4.822180e+02 3.215850e+02 
5.000000e-01 4.723580e+02 3.147195e+02 
