1.000000e-03 3.426129e+03 3.425812e+03 
6.040404e-03 1.522365e+04 1.528616e+04 
1.108081e-02 2.088703e+04 2.076705e+04 
1.612121e-02 2.287041e+04 2.242580e+04 
2.116162e-02 2.262484e+04 2.174609e+04 
2.620202e-02 2.115620e+04 2.004205e+04 
3.124242e-02 1.920164e+04 1.819474e+04 
3.628283e-02 1.725721e+04 1.650728e+04 
4.132323e-02 1.559659e+04 1.501795e+04 
4.636364e-02 1.430292e+04 1.370382e+04 
5.140404e-02 1.336319e+04 1.253823e+04 
5.644444e-02 1.265939e+04 1.149970e+04 
6.148485e-02 1.206949e+04 1.057122e+04 
6.652525e-02 1.148450e+04 9.738928e+03 
7.156566e-02 1.082973e+04 8.991134e+03 
7.660606e-02 1.008495e+04 8.317811e+03 
8.164646e-02 9.283498e+03 7.710265e+03 
8.668687e-02 8.486192e+03 7.160923e+03 
9.172727e-02 7.749586e+03 6.663174e+03 
9.676768e-02 7.115404e+03 6.211235e+03 
1.018081e-01 6.608075e+03 5.800046e+03 
1.068485e-01 6.228127e+03 5.425174e+03 
1.118889e-01 5.949983e+03 5.082731e+03 
1.169293e-01 5.732401e+03 4.769300e+03 
1.219697e-01 5.534425e+03 4.481880e+03 
1.270101e-01 5.325623e+03 4.217823e+03 
1.320505e-01 5.088959e+03 3.974794e+03 
1.370909e-01 4.821040e+03 3.750730e+03 
1.421313e-01 4.531517e+03 3.543800e+03 
1.471717e-01 4.238645e+03 3.352384e+03 
1.522121e-01 3.961569e+03 3.175036e+03 
1.572525e-01 3.715896e+03 3.010473e+03 
1.622929e-01 3.511108e+03 2.857547e+03 
1.673333e-01 3.348670e+03 2.715232e+03 
1.723737e-01 3.221886e+03 2.582609e+03 
1.774141e-01 3.118696e+03 2.458852e+03 
1.824545e-01 3.026456e+03 2.343221e+03 
1.874949e-01 2.934498e+03 2.235046e+03 
1.925354e-01 2.835186e+03 2.133725e+03 
1.975758e-01 2.725042e+03 2.038712e+03 
2.026162e-01 2.605523e+03 1.949515e+03 
2.076566e-01 2.482042e+03 1.865685e+03 
2.126970e-01 2.361242e+03 1.786817e+03 
2.177374e-01 2.248774e+03 1.712540e+03 
2.227778e-01 2.148710e+03 1.642518e+03 
2.278182e-01 2.062821e+03 1.576444e+03 
2.328586e-01 1.990457e+03 1.514036e+03 
2.378990e-01 1.928766e+03 1.455038e+03 
2.429394e-01 1.873930e+03 1.399215e+03 
2.479798e-01 1.822254e+03 1.346350e+03 
2.530202e-01 1.770533e+03 1.296246e+03 
2.580606e-01 1.716539e+03 1.248719e+03 
2.631010e-01 1.659549e+03 1.203603e+03 
2.681414e-01 1.600553e+03 1.160743e+03 
2.731818e-01 1.541628e+03 1.119995e+03 
2.782222e-01 1.484778e+03 1.081228e+03 
2.832626e-01 1.431442e+03 1.044319e+03 
2.883030e-01 1.382599e+03 1.009156e+03 
2.933434e-01 1.338693e+03 9.756339e+02 
2.983838e-01 1.299561e+03 9.436556e+02 
3.034242e-01 1.264191e+03 9.131308e+02 
3.084646e-01 1.231211e+03 8.839755e+02 
3.135051e-01 1.199369e+03 8.561119e+02 
3.185455e-01 1.167827e+03 8.294671e+02 
3.235859e-01 1.136141e+03 8.039733e+02 
3.286263e-01 1.104152e+03 7.795675e+02 
3.336667e-01 1.072038e+03 7.561905e+02 
3.387071e-01 1.040326e+03 7.337872e+02 
3.437475e-01 1.009689e+03 7.123059e+02 
3.487879e-01 9.806702e+02 6.916985e+02 
3.538283e-01 9.535120e+02 6.719195e+02 
3.588687e-01 9.281964e+02 6.529267e+02 
3.639091e-01 9.045784e+02 6.346803e+02 
3.689495e-01 8.824086e+02 6.171428e+02 
3.739899e-01 8.613395e+02 6.002793e+02 
3.790303e-01 8.409632e+02 5.840566e+02 
3.840707e-01 8.209609e+02 5.684437e+02 
3.891111e-01 8.011976e+02 5.534115e+02 
3.941515e-01 7.816731e+02 5.389324e+02 
3.991919e-01 7.624488e+02 5.249805e+02 
4.042323e-01 7.436253e+02 5.115312e+02 
4.092727e-01 7.253617e+02 4.985615e+02 
4.143131e-01 7.078360e+02 4.860495e+02 
4.193535e-01 6.911194e+02 4.739747e+02 
4.243939e-01 6.752023e+02 4.623176e+02 
4.294343e-01 6.600232e+02 4.510596e+02 
4.344747e-01 6.454711e+02 4.401834e+02 
4.395152e-01 6.314785e+02 4.296724e+02 
4.445556e-01 6.179328e+02 4.195110e+02 
4.495960e-01 6.047103e+02 4.096843e+02 
4.546364e-01 5.917491e+02 4.001783e+02 
4.596768e-01 5.790471e+02 3.909795e+02 
4.647172e-01 5.666346e+02 3.820753e+02 
4.697576e-01 5.545321e+02 3.734537e+02 
4.747980e-01 5.427544e+02 3.651031e+02 
4.798384e-01 5.313450e+02 3.570127e+02 
4.848788e-01 5.203297e+02 3.491722e+02 
4.899192e-01 5.097154e+02 3.415716e+02 
4.949596e-01 4.994821e+02 3.342015e+02 
5.000000e-01 4.895739e+02 3.270531e+02 
