1.000000e-03 2.913385e+03 2.913123e+03 
6.040404e-03 1.320596e+04 1.326154e+04 
1.108081e-02 1.830696e+04 1.819401e+04 
1.612121e-02 2.024441e+04 1.983448e+04 
2.116162e-02 2.024803e+04 1.946218e+04 
2.620202e-02 1.916666e+04 1.817350e+04 
3.124242e-02 1.762092e+04 1.669595e+04 
3.628283e-02 1.603178e+04 1.529572e+04 
4.132323e-02 1.463612e+04 1.402463e+04 
4.636364e-02 1.351342e+04 1.287892e+04 
5.140404e-02 1.267965e+04 1.184620e+04 
5.644444e-02 1.202175e+04 1.091452e+04 
6.148485e-02 1.145135e+04 1.007329e+04 
6.652525e-02 1.088776e+04 9.313077e+03 
7.156566e-02 1.027010e+04 8.625393e+03 
7.660606e-02 9.583995e+03 8.002578e+03 
8.164646e-02 8.858213e+03 7.437741e+03 
8.668687e-02 8.144496e+03 6.924712e+03 
9.172727e-02 7.488336e+03 6.457985e+03 
9.676768e-02 6.920587e+03 6.032662e+03 
1.018081e-01 6.458296e+03 5.644398e+03 
1.068485e-01 6.101649e+03 5.289340e+03 
1.118889e-01 5.830026e+03 4.964077e+03 
1.169293e-01 5.608152e+03 4.665590e+03 
1.219697e-01 5.401251e+03 4.391201e+03 
1.270101e-01 5.185042e+03 4.138539e+03 
1.320505e-01 4.947933e+03 3.905497e+03 
1.370909e-01 4.689140e+03 3.690205e+03 
1.421313e-01 4.417380e+03 3.490996e+03 
1.471717e-01 4.147343e+03 3.306388e+03 
1.522121e-01 3.894143e+03 3.135056e+03 
1.572525e-01 3.669454e+03 2.975816e+03 
1.622929e-01 3.479913e+03 2.827607e+03 
1.673333e-01 3.325782e+03 2.689478e+03 
1.723737e-01 3.200840e+03 2.560574e+03 
1.774141e-01 3.094788e+03 2.440126e+03 
1.824545e-01 2.997148e+03 2.327442e+03 
1.874949e-01 2.899733e+03 2.221893e+03 
1.925354e-01 2.797165e+03 2.122915e+03 
1.975758e-01 2.687261e+03 2.029994e+03 
2.026162e-01 2.571527e+03 1.942665e+03 
2.076566e-01 2.454506e+03 1.860505e+03 
2.126970e-01 2.341676e+03 1.783129e+03 
2.177374e-01 2.237307e+03 1.710187e+03 
2.227778e-01 2.143848e+03 1.641358e+03 
2.278182e-01 2.062243e+03 1.576350e+03 
2.328586e-01 1.991683e+03 1.514896e+03 
2.378990e-01 1.929693e+03 1.456750e+03 
2.429394e-01 1.873043e+03 1.401688e+03 
2.479798e-01 1.818794e+03 1.349503e+03 
2.530202e-01 1.764799e+03 1.300004e+03 
2.580606e-01 1.709700e+03 1.253018e+03 
2.631010e-01 1.653047e+03 1.208382e+03 
2.681414e-01 1.595593e+03 1.165947e+03 
2.731818e-01 1.538965e+03 1.125577e+03 
2.782222e-01 1.484851e+03 1.087143e+03 
2.832626e-01 1.434314e+03 1.050529e+03 
2.883030e-01 1.387747e+03 1.015625e+03 
2.933434e-01 1.345188e+03 9.823286e+02 
2.983838e-01 1.306373e+03 9.505472e+02 
3.034242e-01 1.270617e+03 9.201927e+02 
3.084646e-01 1.236888e+03 8.911840e+02 
3.135051e-01 1.204159e+03 8.634451e+02 
3.185455e-01 1.171802e+03 8.369054e+02 
3.235859e-01 1.139634e+03 8.114990e+02 
3.286263e-01 1.107703e+03 7.871643e+02 
3.336667e-01 1.076171e+03 7.638440e+02 
3.387071e-01 1.045345e+03 7.414841e+02 
3.437475e-01 1.015651e+03 7.200344e+02 
3.487879e-01 9.874758e+02 6.994476e+02 
3.538283e-01 9.609951e+02 6.796796e+02 
3.588687e-01 9.361292e+02 6.606889e+02 
3.639091e-01 9.126393e+02 6.424366e+02 
3.689495e-01 8.902787e+02 6.248860e+02 
3.739899e-01 8.688478e+02 6.080029e+02 
3.790303e-01 8.481046e+02 5.917548e+02 
3.840707e-01 8.278314e+02 5.761112e+02 
3.891111e-01 8.079113e+02 5.610436e+02 
3.941515e-01 7.883549e+02 5.465249e+02 
3.991919e-01 7.692455e+02 5.325295e+02 
4.042323e-01 7.506824e+02 5.190335e+02 
4.092727e-01 7.327444e+02 5.060139e+02 
4.143131e-01 7.154734e+02 4.934495e+02 
4.193535e-01 6.989269e+02 4.813198e+02 
4.243939e-01 6.831061e+02 4.696058e+02 
4.294343e-01 6.679409e+02 4.582891e+02 
4.344747e-01 6.533239e+02 4.473525e+02 
4.395152e-01 6.391782e+02 4.367799e+02 
4.445556e-01 6.254470e+02 4.265556e+02 
4.495960e-01 6.120814e+02 4.166651e+02 
4.546364e-01 5.990432e+02 4.070943e+02 
4.596768e-01 5.863074e+02 3.978302e+02 
4.647172e-01 5.738856e+02 3.888601e+02 
4.697576e-01 5.618059e+02 3.801721e+02 
4.747980e-01 5.500864e+02 3.717549e+02 
4.798384e-01 5.387449e+02 3.635977e+02 
4.848788e-01 5.277604e+02 3.556901e+02 
4.899192e-01 5.171274e+02 3.480225e+02 
4.949596e-01 5.068431e+02 3.405856e+02 
5.000000e-01 4.968823e+02 3.333703e+02 
