1.000000e-03 5.232562e+03 5.232054e+03 
6.040404e-03 2.346122e+04 2.356892e+04 
1.108081e-02 3.196028e+04 3.190751e+04 
1.612121e-02 3.440664e+04 3.403559e+04 
2.116162e-02 3.307325e+04 3.197714e+04 
2.620202e-02 2.965671e+04 2.793009e+04 
3.124242e-02 2.548555e+04 2.384783e+04 
3.628283e-02 2.149161e+04 2.048586e+04 
4.132323e-02 1.819684e+04 1.784169e+04 
4.636364e-02 1.575745e+04 1.573717e+04 
5.140404e-02 1.416766e+04 1.401943e+04 
5.644444e-02 1.321503e+04 1.258465e+04 
6.148485e-02 1.266860e+04 1.136460e+04 
6.652525e-02 1.229051e+04 1.031327e+04 
7.156566e-02 1.188379e+04 9.398193e+03 
7.660606e-02 1.131195e+04 8.595509e+03 
8.164646e-02 1.052320e+04 7.886985e+03 
8.668687e-02 9.557113e+03 7.258289e+03 
9.172727e-02 8.511646e+03 6.697899e+03 
9.676768e-02 7.502240e+03 6.196391e+03 
1.018081e-01 6.627643e+03 5.745955e+03 
1.068485e-01 5.947432e+03 5.340054e+03 
1.118889e-01 5.475239e+03 4.973163e+03 
1.169293e-01 5.188052e+03 4.640589e+03 
1.219697e-01 5.040024e+03 4.338315e+03 
1.270101e-01 4.972801e+03 4.062887e+03 
1.320505e-01 4.924499e+03 3.811322e+03 
1.370909e-01 4.841201e+03 3.581033e+03 
1.421313e-01 4.688542e+03 3.369768e+03 
1.471717e-01 4.456627e+03 3.175557e+03 
1.522121e-01 4.157372e+03 2.996675e+03 
1.572525e-01 3.818976e+03 2.831605e+03 
1.622929e-01 3.479236e+03 2.679007e+03 
1.673333e-01 3.174607e+03 2.537700e+03 
1.723737e-01 2.928722e+03 2.406632e+03 
1.774141e-01 2.749173e+03 2.284870e+03 
1.824545e-01 2.631593e+03 2.171584e+03 
1.874949e-01 2.564497e+03 2.066030e+03 
1.925354e-01 2.531186e+03 1.967543e+03 
1.975758e-01 2.510925e+03 1.875527e+03 
2.026162e-01 2.482897e+03 1.789446e+03 
2.076566e-01 2.431963e+03 1.708815e+03 
2.126970e-01 2.351922e+03 1.633201e+03 
2.177374e-01 2.244692e+03 1.562207e+03 
2.227778e-01 2.118052e+03 1.495478e+03 
2.278182e-01 1.983628e+03 1.432689e+03 
2.328586e-01 1.854152e+03 1.373546e+03 
2.378990e-01 1.740339e+03 1.317781e+03 
2.429394e-01 1.648714e+03 1.265149e+03 
2.479798e-01 1.580997e+03 1.215428e+03 
2.530202e-01 1.534892e+03 1.168414e+03 
2.580606e-01 1.505211e+03 1.123919e+03 
2.631010e-01 1.484847e+03 1.081772e+03 
2.681414e-01 1.466179e+03 1.041817e+03 
2.731818e-01 1.442713e+03 1.003908e+03 
2.782222e-01 1.410282e+03 9.679126e+02 
2.832626e-01 1.367492e+03 9.337080e+02 
2.883030e-01 1.315550e+03 9.011810e+02 
2.933434e-01 1.257678e+03 8.702270e+02 
2.983838e-01 1.198226e+03 8.407493e+02 
3.034242e-01 1.141701e+03 8.126583e+02 
3.084646e-01 1.091722e+03 7.858711e+02 
3.135051e-01 1.050252e+03 7.603108e+02 
3.185455e-01 1.017605e+03 7.359057e+02 
3.235859e-01 9.927145e+02 7.125894e+02 
3.286263e-01 9.735776e+02 6.903001e+02 
3.336667e-01 9.576139e+02 6.689802e+02 
3.387071e-01 9.421084e+02 6.485759e+02 
3.437475e-01 9.247557e+02 6.290372e+02 
3.487879e-01 9.041490e+02 6.103172e+02 
3.538283e-01 8.799897e+02 5.923723e+02 
3.588687e-01 8.529053e+02 5.751615e+02 
3.639091e-01 8.240896e+02 5.586465e+02 
3.689495e-01 7.950112e+02 5.427915e+02 
3.739899e-01 7.672039e+02 5.275628e+02 
3.790303e-01 7.419479e+02 5.129289e+02 
3.840707e-01 7.199861e+02 4.988601e+02 
3.891111e-01 7.014348e+02 4.853285e+02 
3.941515e-01 6.858571e+02 4.723080e+02 
3.991919e-01 6.724793e+02 4.597739e+02 
4.042323e-01 6.603785e+02 4.477031e+02 
4.092727e-01 6.485950e+02 4.360736e+02 
4.143131e-01 6.363094e+02 4.248649e+02 
4.193535e-01 6.230152e+02 4.140576e+02 
4.243939e-01 6.086050e+02 4.036331e+02 
4.294343e-01 5.932719e+02 3.935743e+02 
4.344747e-01 5.774106e+02 3.838648e+02 
4.395152e-01 5.615703e+02 3.744890e+02 
4.445556e-01 5.462968e+02 3.654322e+02 
4.495960e-01 5.320451e+02 3.566807e+02 
4.546364e-01 5.190940e+02 3.482213e+02 
4.596768e-01 5.074793e+02 3.400414e+02 
4.647172e-01 4.970683e+02 3.321293e+02 
4.697576e-01 4.876147e+02 3.244738e+02 
4.747980e-01 4.787689e+02 3.170642e+02 
4.798384e-01 4.701793e+02 3.098904e+02 
4.848788e-01 4.615372e+02 3.029429e+02 
4.899192e-01 4.526376e+02 2.962124e+02 
4.949596e-01 4.434491e+02 2.896904e+02 
5.000000e-01 4.340195e+02 2.833686e+02 
