1.000000e-03 2.592755e+03 2.592517e+03 
6.040404e-03 1.160465e+04 1.165020e+04 
1.108081e-02 1.607017e+04 1.593821e+04 
1.612121e-02 1.784883e+04 1.741800e+04 
2.116162e-02 1.802198e+04 1.726640e+04 
2.620202e-02 1.730124e+04 1.637951e+04 
3.124242e-02 1.618296e+04 1.528555e+04 
3.628283e-02 1.499342e+04 1.418343e+04 
4.132323e-02 1.391353e+04 1.313290e+04 
4.636364e-02 1.299438e+04 1.215185e+04 
5.140404e-02 1.225548e+04 1.124509e+04 
5.644444e-02 1.161050e+04 1.041213e+04 
6.148485e-02 1.100295e+04 9.649860e+03 
6.652525e-02 1.039534e+04 8.953831e+03 
7.156566e-02 9.756572e+03 8.318976e+03 
7.660606e-02 9.091412e+03 7.740081e+03 
8.164646e-02 8.433198e+03 7.212059e+03 
8.668687e-02 7.821127e+03 6.730096e+03 
9.172727e-02 7.278723e+03 6.289734e+03 
9.676768e-02 6.814367e+03 5.886898e+03 
1.018081e-01 6.428553e+03 5.517896e+03 
1.068485e-01 6.111878e+03 5.179402e+03 
1.118889e-01 5.842196e+03 4.868434e+03 
1.169293e-01 5.591888e+03 4.582320e+03 
1.219697e-01 5.340347e+03 4.318674e+03 
1.270101e-01 5.079914e+03 4.075362e+03 
1.320505e-01 4.812988e+03 3.850478e+03 
1.370909e-01 4.547058e+03 3.642320e+03 
1.421313e-01 4.291419e+03 3.449362e+03 
1.471717e-01 4.054793e+03 3.270242e+03 
1.522121e-01 3.843214e+03 3.103737e+03 
1.572525e-01 3.659083e+03 2.948747e+03 
1.622929e-01 3.501019e+03 2.804288e+03 
1.673333e-01 3.363715e+03 2.669470e+03 
1.723737e-01 3.239162e+03 2.543495e+03 
1.774141e-01 3.120043e+03 2.425640e+03 
1.824545e-01 3.001970e+03 2.315252e+03 
1.874949e-01 2.883359e+03 2.211740e+03 
1.925354e-01 2.764220e+03 2.114569e+03 
1.975758e-01 2.645976e+03 2.023253e+03 
2.026162e-01 2.531748e+03 1.937349e+03 
2.076566e-01 2.424877e+03 1.856455e+03 
2.126970e-01 2.327278e+03 1.780204e+03 
2.177374e-01 2.238853e+03 1.708261e+03 
2.227778e-01 2.158561e+03 1.640321e+03 
2.278182e-01 2.085129e+03 1.576102e+03 
2.328586e-01 2.016869e+03 1.515348e+03 
2.378990e-01 1.951738e+03 1.457824e+03 
2.429394e-01 1.888170e+03 1.403313e+03 
2.479798e-01 1.825566e+03 1.351615e+03 
2.530202e-01 1.764035e+03 1.302547e+03 
2.580606e-01 1.703939e+03 1.255941e+03 
2.631010e-01 1.645767e+03 1.211640e+03 
2.681414e-01 1.590236e+03 1.169500e+03 
2.731818e-01 1.538043e+03 1.129387e+03 
2.782222e-01 1.489383e+03 1.091179e+03 
2.832626e-01 1.443914e+03 1.054760e+03 
2.883030e-01 1.401073e+03 1.020024e+03 
2.933434e-01 1.360367e+03 9.868734e+02 
2.983838e-01 1.321419e+03 9.552158e+02 
3.034242e-01 1.283861e+03 9.249660e+02 
3.084646e-01 1.247357e+03 8.960445e+02 
3.135051e-01 1.211750e+03 8.683773e+02 
3.185455e-01 1.177114e+03 8.418954e+02 
3.235859e-01 1.143659e+03 8.165343e+02 
3.286263e-01 1.111550e+03 7.922336e+02 
3.336667e-01 1.080819e+03 7.689371e+02 
3.387071e-01 1.051461e+03 7.465920e+02 
3.437475e-01 1.023459e+03 7.251488e+02 
3.487879e-01 9.967505e+02 7.045614e+02 
3.538283e-01 9.712024e+02 6.847861e+02 
3.588687e-01 9.466036e+02 6.657823e+02 
3.639091e-01 9.227925e+02 6.475117e+02 
3.689495e-01 8.997001e+02 6.299382e+02 
3.739899e-01 8.773208e+02 6.130279e+02 
3.790303e-01 8.556571e+02 5.967491e+02 
3.840707e-01 8.346878e+02 5.810716e+02 
3.891111e-01 8.143917e+02 5.659671e+02 
3.941515e-01 7.947865e+02 5.514090e+02 
3.991919e-01 7.759034e+02 5.373720e+02 
4.042323e-01 7.577277e+02 5.238324e+02 
4.092727e-01 7.402176e+02 5.107677e+02 
4.143131e-01 7.232961e+02 4.981566e+02 
4.193535e-01 7.069191e+02 4.859791e+02 
4.243939e-01 6.910727e+02 4.742162e+02 
4.294343e-01 6.757187e+02 4.628497e+02 
4.344747e-01 6.608247e+02 4.518628e+02 
4.395152e-01 6.463549e+02 4.412392e+02 
4.445556e-01 6.323026e+02 4.309635e+02 
4.495960e-01 6.186813e+02 4.210212e+02 
4.546364e-01 6.054931e+02 4.113985e+02 
4.596768e-01 5.927105e+02 4.020824e+02 
4.647172e-01 5.803028e+02 3.930602e+02 
4.697576e-01 5.682675e+02 3.843202e+02 
4.747980e-01 5.566015e+02 3.758510e+02 
4.798384e-01 5.452920e+02 3.676420e+02 
4.848788e-01 5.343063e+02 3.596830e+02 
4.899192e-01 5.236167e+02 3.519642e+02 
4.949596e-01 5.132183e+02 3.444763e+02 
5.000000e-01 5.031147e+02 3.372106e+02 
