1.000000e-03 3.698926e+03 3.698571e+03 
6.040404e-03 1.647636e+04 1.654390e+04 
1.108081e-02 2.250148e+04 2.238347e+04 
1.612121e-02 2.446803e+04 2.401509e+04 
2.116162e-02 2.398062e+04 2.304657e+04 
2.620202e-02 2.216477e+04 2.096103e+04 
3.124242e-02 1.985115e+04 1.878545e+04 
3.628283e-02 1.759938e+04 1.686158e+04 
4.132323e-02 1.571390e+04 1.521073e+04 
4.636364e-02 1.427916e+04 1.378635e+04 
5.140404e-02 1.327997e+04 1.254450e+04 
5.644444e-02 1.257118e+04 1.145253e+04 
6.148485e-02 1.201076e+04 1.048635e+04 
6.652525e-02 1.146000e+04 9.627470e+03 
7.156566e-02 1.083046e+04 8.861098e+03 
7.660606e-02 1.008996e+04 8.175069e+03 
8.164646e-02 9.266424e+03 7.559174e+03 
8.668687e-02 8.424570e+03 7.004739e+03 
9.172727e-02 7.633513e+03 6.504343e+03 
9.676768e-02 6.949101e+03 6.051600e+03 
1.018081e-01 6.405233e+03 5.640991e+03 
1.068485e-01 6.006481e+03 5.267736e+03 
1.118889e-01 5.727552e+03 4.927678e+03 
1.169293e-01 5.525866e+03 4.617199e+03 
1.219697e-01 5.356292e+03 4.333133e+03 
1.270101e-01 5.180480e+03 4.072712e+03 
1.320505e-01 4.972456e+03 3.833505e+03 
1.370909e-01 4.722655e+03 3.613373e+03 
1.421313e-01 4.439177e+03 3.410429e+03 
1.471717e-01 4.141440e+03 3.223006e+03 
1.522121e-01 3.851509e+03 3.049627e+03 
1.572525e-01 3.589299e+03 2.888982e+03 
1.622929e-01 3.369366e+03 2.739902e+03 
1.673333e-01 3.197413e+03 2.601348e+03 
1.723737e-01 3.068795e+03 2.472390e+03 
1.774141e-01 2.971291e+03 2.352196e+03 
1.824545e-01 2.890578e+03 2.240019e+03 
1.874949e-01 2.813705e+03 2.135188e+03 
1.925354e-01 2.730232e+03 2.037100e+03 
1.975758e-01 2.633410e+03 1.945208e+03 
2.026162e-01 2.522343e+03 1.859021e+03 
2.076566e-01 2.401738e+03 1.778093e+03 
2.126970e-01 2.279115e+03 1.702020e+03 
2.177374e-01 2.162114e+03 1.630434e+03 
2.227778e-01 2.056600e+03 1.563002e+03 
2.278182e-01 1.965966e+03 1.499419e+03 
2.328586e-01 1.891015e+03 1.439408e+03 
2.378990e-01 1.829905e+03 1.382715e+03 
2.429394e-01 1.778900e+03 1.329109e+03 
2.479798e-01 1.733426e+03 1.278377e+03 
2.530202e-01 1.688916e+03 1.230323e+03 
2.580606e-01 1.641900e+03 1.184770e+03 
2.631010e-01 1.590752e+03 1.141551e+03 
2.681414e-01 1.535787e+03 1.100516e+03 
2.731818e-01 1.478700e+03 1.061525e+03 
2.782222e-01 1.421722e+03 1.024448e+03 
2.832626e-01 1.367073e+03 9.891659e+02 
2.883030e-01 1.316665e+03 9.555692e+02 
2.933434e-01 1.271709e+03 9.235554e+02 
2.983838e-01 1.232362e+03 8.930297e+02 
3.034242e-01 1.197866e+03 8.639042e+02 
3.084646e-01 1.166938e+03 8.360974e+02 
3.135051e-01 1.138102e+03 8.095333e+02 
3.185455e-01 1.110008e+03 7.841413e+02 
3.235859e-01 1.081589e+03 7.598558e+02 
3.286263e-01 1.052283e+03 7.366152e+02 
3.336667e-01 1.022147e+03 7.143625e+02 
3.387071e-01 9.916823e+02 6.930442e+02 
3.437475e-01 9.615804e+02 6.726103e+02 
3.487879e-01 9.325721e+02 6.530141e+02 
3.538283e-01 9.052573e+02 6.342119e+02 
3.588687e-01 8.799767e+02 6.161627e+02 
3.639091e-01 8.567771e+02 5.988280e+02 
3.689495e-01 8.354130e+02 5.821719e+02 
3.739899e-01 8.154904e+02 5.661604e+02 
3.790303e-01 7.965780e+02 5.507618e+02 
3.840707e-01 7.782441e+02 5.359461e+02 
3.891111e-01 7.601351e+02 5.216853e+02 
3.941515e-01 7.420294e+02 5.079527e+02 
3.991919e-01 7.238923e+02 4.947234e+02 
4.042323e-01 7.058880e+02 4.819739e+02 
4.092727e-01 6.882380e+02 4.696820e+02 
4.143131e-01 6.711355e+02 4.578267e+02 
4.193535e-01 6.547296e+02 4.463883e+02 
4.243939e-01 6.391284e+02 4.353479e+02 
4.294343e-01 6.243911e+02 4.246879e+02 
4.344747e-01 6.104763e+02 4.143917e+02 
4.395152e-01 5.972294e+02 4.044432e+02 
4.445556e-01 5.844842e+02 3.948276e+02 
4.495960e-01 5.721214e+02 3.855305e+02 
4.546364e-01 5.600440e+02 3.765386e+02 
4.596768e-01 5.481761e+02 3.678389e+02 
4.647172e-01 5.364748e+02 3.594194e+02 
4.697576e-01 5.249421e+02 3.512686e+02 
4.747980e-01 5.136489e+02 3.433754e+02 
4.798384e-01 5.026787e+02 3.357294e+02 
4.848788e-01 4.920662e+02 3.283208e+02 
4.899192e-01 4.818276e+02 3.211402e+02 
4.949596e-01 4.719806e+02 3.141785e+02 
5.000000e-01 4.625173e+02 3.074272e+02 
