1.000000e-03 4.555059e+03 4.554642e+03 
6.040404e-03 2.041535e+04 2.051060e+04 
1.108081e-02 2.808128e+04 2.803046e+04 
1.612121e-02 3.058993e+04 3.025624e+04 
2.116162e-02 2.982236e+04 2.887412e+04 
2.620202e-02 2.718413e+04 2.567903e+04 
3.124242e-02 2.378691e+04 2.230410e+04 
3.628283e-02 2.042836e+04 1.943506e+04 
4.132323e-02 1.757914e+04 1.712004e+04 
4.636364e-02 1.540533e+04 1.523847e+04 
5.140404e-02 1.393054e+04 1.367628e+04 
5.644444e-02 1.299646e+04 1.235314e+04 
6.148485e-02 1.241467e+04 1.121505e+04 
6.652525e-02 1.199832e+04 1.022486e+04 
7.156566e-02 1.156903e+04 9.355923e+03 
7.660606e-02 1.100828e+04 8.588294e+03 
8.164646e-02 1.027254e+04 7.906492e+03 
8.668687e-02 9.393462e+03 7.298164e+03 
9.172727e-02 8.447822e+03 6.753247e+03 
9.676768e-02 7.526822e+03 6.263406e+03 
1.018081e-01 6.713413e+03 5.821661e+03 
1.068485e-01 6.064290e+03 5.422109e+03 
1.118889e-01 5.598247e+03 5.059724e+03 
1.169293e-01 5.297699e+03 4.730194e+03 
1.219697e-01 5.121950e+03 4.429810e+03 
1.270101e-01 5.021272e+03 4.155357e+03 
1.320505e-01 4.944295e+03 3.904045e+03 
1.370909e-01 4.844676e+03 3.673441e+03 
1.421313e-01 4.690016e+03 3.461413e+03 
1.471717e-01 4.468690e+03 3.266092e+03 
1.522121e-01 4.189824e+03 3.085832e+03 
1.572525e-01 3.877086e+03 2.919180e+03 
1.622929e-01 3.561027e+03 2.764849e+03 
1.673333e-01 3.271628e+03 2.621697e+03 
1.723737e-01 3.030953e+03 2.488709e+03 
1.774141e-01 2.848503e+03 2.364979e+03 
1.824545e-01 2.722428e+03 2.249696e+03 
1.874949e-01 2.642818e+03 2.142136e+03 
1.925354e-01 2.594888e+03 2.041649e+03 
1.975758e-01 2.561190e+03 1.947648e+03 
2.026162e-01 2.524247e+03 1.859606e+03 
2.076566e-01 2.470331e+03 1.777047e+03 
2.126970e-01 2.392449e+03 1.699540e+03 
2.177374e-01 2.290848e+03 1.626696e+03 
2.227778e-01 2.171715e+03 1.558160e+03 
2.278182e-01 2.044896e+03 1.493610e+03 
2.328586e-01 1.921224e+03 1.432753e+03 
2.378990e-01 1.810059e+03 1.375322e+03 
2.429394e-01 1.717467e+03 1.321073e+03 
2.479798e-01 1.645782e+03 1.269783e+03 
2.530202e-01 1.593889e+03 1.221248e+03 
2.580606e-01 1.557813e+03 1.175280e+03 
2.631010e-01 1.531478e+03 1.131707e+03 
2.681414e-01 1.508054e+03 1.090371e+03 
2.731818e-01 1.481638e+03 1.051126e+03 
2.782222e-01 1.448375e+03 1.013839e+03 
2.832626e-01 1.406699e+03 9.783845e+02 
2.883030e-01 1.357083e+03 9.446490e+02 
2.933434e-01 1.301822e+03 9.125265e+02 
2.983838e-01 1.244533e+03 8.819191e+02 
3.034242e-01 1.189227e+03 8.527360e+02 
3.084646e-01 1.139208e+03 8.248930e+02 
3.135051e-01 1.096423e+03 7.983117e+02 
3.185455e-01 1.061430e+03 7.729196e+02 
3.235859e-01 1.033630e+03 7.486489e+02 
3.286263e-01 1.011521e+03 7.254367e+02 
3.336667e-01 9.929256e+02 7.032241e+02 
3.387071e-01 9.754121e+02 6.819565e+02 
3.437475e-01 9.568648e+02 6.615826e+02 
3.487879e-01 9.359063e+02 6.420546e+02 
3.538283e-01 9.120623e+02 6.233278e+02 
3.588687e-01 8.856387e+02 6.053603e+02 
3.639091e-01 8.575034e+02 5.881129e+02 
3.689495e-01 8.288892e+02 5.715487e+02 
3.739899e-01 8.011903e+02 5.556334e+02 
3.790303e-01 7.755507e+02 5.403344e+02 
3.840707e-01 7.527016e+02 5.256215e+02 
3.891111e-01 7.328621e+02 5.114658e+02 
3.941515e-01 7.158243e+02 4.978406e+02 
3.991919e-01 7.010225e+02 4.847204e+02 
4.042323e-01 6.876738e+02 4.720814e+02 
4.092727e-01 6.749146e+02 4.599010e+02 
4.143131e-01 6.619770e+02 4.481581e+02 
4.193535e-01 6.483449e+02 4.368325e+02 
4.243939e-01 6.338508e+02 4.259054e+02 
4.294343e-01 6.185845e+02 4.153587e+02 
4.344747e-01 6.028155e+02 4.051757e+02 
4.395152e-01 5.869553e+02 3.953403e+02 
4.445556e-01 5.714905e+02 3.858373e+02 
4.495960e-01 5.568683e+02 3.766524e+02 
4.546364e-01 5.433690e+02 3.677720e+02 
4.596768e-01 5.310730e+02 3.591831e+02 
4.647172e-01 5.199078e+02 3.508737e+02 
4.697576e-01 5.096884e+02 3.428320e+02 
4.747980e-01 5.001585e+02 3.350470e+02 
4.798384e-01 4.910217e+02 3.275082e+02 
4.848788e-01 4.819693e+02 3.202057e+02 
4.899192e-01 4.727834e+02 3.131301e+02 
4.949596e-01 4.633942e+02 3.062722e+02 
5.000000e-01 4.538229e+02 2.996236e+02 
