1.000000e-03 3.019777e+03 3.019496e+03 
6.040404e-03 1.357924e+04 1.363251e+04 
1.108081e-02 1.865566e+04 1.851719e+04 
1.612121e-02 2.048439e+04 2.001853e+04 
2.116162e-02 2.038672e+04 1.954476e+04 
2.620202e-02 1.924846e+04 1.823383e+04 
3.124242e-02 1.769543e+04 1.676654e+04 
3.628283e-02 1.613534e+04 1.537306e+04 
4.132323e-02 1.478393e+04 1.409891e+04 
4.636364e-02 1.369901e+04 1.294384e+04 
5.140404e-02 1.288056e+04 1.189917e+04 
5.644444e-02 1.220475e+04 1.095525e+04 
6.148485e-02 1.158696e+04 1.010263e+04 
6.652525e-02 1.095348e+04 9.332339e+03 
7.156566e-02 1.026508e+04 8.636005e+03 
7.660606e-02 9.526979e+03 8.005905e+03 
8.164646e-02 8.779714e+03 7.435019e+03 
8.668687e-02 8.073906e+03 6.917019e+03 
9.172727e-02 7.447156e+03 6.446246e+03 
9.676768e-02 6.921438e+03 6.017661e+03 
1.018081e-01 6.503182e+03 5.626794e+03 
1.068485e-01 6.178994e+03 5.269684e+03 
1.118889e-01 5.916897e+03 4.942831e+03 
1.169293e-01 5.680671e+03 4.643134e+03 
1.219697e-01 5.442731e+03 4.367854e+03 
1.270101e-01 5.188650e+03 4.114562e+03 
1.320505e-01 4.915682e+03 3.881107e+03 
1.370909e-01 4.631571e+03 3.665581e+03 
1.421313e-01 4.350519e+03 3.466286e+03 
1.471717e-01 4.087294e+03 3.281711e+03 
1.522121e-01 3.852716e+03 3.110511e+03 
1.572525e-01 3.652265e+03 2.951482e+03 
1.622929e-01 3.486257e+03 2.803548e+03 
1.673333e-01 3.349373e+03 2.665746e+03 
1.723737e-01 3.231219e+03 2.537210e+03 
1.774141e-01 3.120814e+03 2.417161e+03 
1.824545e-01 3.010508e+03 2.304898e+03 
1.874949e-01 2.896253e+03 2.199790e+03 
1.925354e-01 2.777000e+03 2.101265e+03 
1.975758e-01 2.654545e+03 2.008805e+03 
2.026162e-01 2.533131e+03 1.921941e+03 
2.076566e-01 2.417785e+03 1.840247e+03 
2.126970e-01 2.312288e+03 1.763337e+03 
2.177374e-01 2.218279e+03 1.690858e+03 
2.227778e-01 2.135490e+03 1.622488e+03 
2.278182e-01 2.062411e+03 1.557932e+03 
2.328586e-01 1.996307e+03 1.496924e+03 
2.378990e-01 1.934344e+03 1.439216e+03 
2.429394e-01 1.874200e+03 1.384583e+03 
2.479798e-01 1.814222e+03 1.332818e+03 
2.530202e-01 1.753610e+03 1.283731e+03 
2.580606e-01 1.692615e+03 1.237145e+03 
2.631010e-01 1.632423e+03 1.192901e+03 
2.681414e-01 1.574566e+03 1.150848e+03 
2.731818e-01 1.520181e+03 1.110850e+03 
2.782222e-01 1.469691e+03 1.072779e+03 
2.832626e-01 1.423089e+03 1.036517e+03 
2.883030e-01 1.380154e+03 1.001955e+03 
2.933434e-01 1.340343e+03 9.689921e+02 
2.983838e-01 1.302746e+03 9.375345e+02 
3.034242e-01 1.266465e+03 9.074948e+02 
3.084646e-01 1.230949e+03 8.787917e+02 
3.135051e-01 1.195997e+03 8.513496e+02 
3.185455e-01 1.161628e+03 8.250983e+02 
3.235859e-01 1.127971e+03 7.999718e+02 
3.286263e-01 1.095260e+03 7.759091e+02 
3.336667e-01 1.063863e+03 7.528526e+02 
3.387071e-01 1.034058e+03 7.307490e+02 
3.437475e-01 1.005890e+03 7.095480e+02 
3.487879e-01 9.792467e+02 6.892028e+02 
3.538283e-01 9.539546e+02 6.696693e+02 
3.588687e-01 9.298019e+02 6.509063e+02 
3.639091e-01 9.065621e+02 6.328751e+02 
3.689495e-01 8.840353e+02 6.155392e+02 
3.739899e-01 8.620809e+02 5.988646e+02 
3.790303e-01 8.406588e+02 5.828190e+02 
3.840707e-01 8.198067e+02 5.673722e+02 
3.891111e-01 7.995594e+02 5.524957e+02 
3.941515e-01 7.799441e+02 5.381626e+02 
3.991919e-01 7.610367e+02 5.243476e+02 
4.042323e-01 7.428839e+02 5.110269e+02 
4.092727e-01 7.254769e+02 4.981777e+02 
4.143131e-01 7.087593e+02 4.857789e+02 
4.193535e-01 6.926402e+02 4.738102e+02 
4.243939e-01 6.770580e+02 4.622527e+02 
4.294343e-01 6.619807e+02 4.510882e+02 
4.344747e-01 6.473581e+02 4.402997e+02 
4.395152e-01 6.331225e+02 4.298710e+02 
4.445556e-01 6.192510e+02 4.197868e+02 
4.495960e-01 6.057737e+02 4.100326e+02 
4.546364e-01 5.927077e+02 4.005945e+02 
4.596768e-01 5.800407e+02 3.914595e+02 
4.647172e-01 5.677537e+02 3.826151e+02 
4.697576e-01 5.558444e+02 3.740494e+02 
4.747980e-01 5.443310e+02 3.657513e+02 
4.798384e-01 5.332016e+02 3.577101e+02 
4.848788e-01 5.223929e+02 3.499156e+02 
4.899192e-01 5.118888e+02 3.423581e+02 
4.949596e-01 5.016738e+02 3.350284e+02 
5.000000e-01 4.917480e+02 3.279176e+02 
