1.000000e-03 2.138527e+03 2.138333e+03 
6.040404e-03 9.707683e+03 9.746467e+03 
1.108081e-02 1.355438e+04 1.341525e+04 
1.612121e-02 1.524324e+04 1.481380e+04 
2.116162e-02 1.567214e+04 1.496161e+04 
2.620202e-02 1.539099e+04 1.451092e+04 
3.124242e-02 1.475599e+04 1.380857e+04 
3.628283e-02 1.398887e+04 1.301087e+04 
4.132323e-02 1.320901e+04 1.219158e+04 
4.636364e-02 1.246541e+04 1.138862e+04 
5.140404e-02 1.178853e+04 1.062182e+04 
5.644444e-02 1.113038e+04 9.900800e+03 
6.148485e-02 1.049093e+04 9.229313e+03 
6.652525e-02 9.873315e+03 8.607681e+03 
7.156566e-02 9.269189e+03 8.034296e+03 
7.660606e-02 8.688032e+03 7.506519e+03 
8.164646e-02 8.149580e+03 7.021225e+03 
8.668687e-02 7.666574e+03 6.575130e+03 
9.172727e-02 7.234910e+03 6.164983e+03 
9.676768e-02 6.844860e+03 5.787675e+03 
1.018081e-01 6.491066e+03 5.440292e+03 
1.068485e-01 6.167520e+03 5.120145e+03 
1.118889e-01 5.863794e+03 4.824770e+03 
1.169293e-01 5.570207e+03 4.551924e+03 
1.219697e-01 5.284847e+03 4.299577e+03 
1.270101e-01 5.011607e+03 4.065890e+03 
1.320505e-01 4.755915e+03 3.849207e+03 
1.370909e-01 4.520339e+03 3.648032e+03 
1.421313e-01 4.304706e+03 3.461015e+03 
1.471717e-01 4.107049e+03 3.286941e+03 
1.522121e-01 3.924860e+03 3.124712e+03 
1.572525e-01 3.756242e+03 2.973339e+03 
1.622929e-01 3.598866e+03 2.831924e+03 
1.673333e-01 3.449829e+03 2.699659e+03 
1.723737e-01 3.306619e+03 2.575810e+03 
1.774141e-01 3.169190e+03 2.459713e+03 
1.824545e-01 3.038536e+03 2.350764e+03 
1.874949e-01 2.915298e+03 2.248415e+03 
1.925354e-01 2.799038e+03 2.152167e+03 
1.975758e-01 2.689587e+03 2.061565e+03 
2.026162e-01 2.587082e+03 1.976196e+03 
2.076566e-01 2.491365e+03 1.895681e+03 
2.126970e-01 2.401190e+03 1.819674e+03 
2.177374e-01 2.315378e+03 1.747858e+03 
2.227778e-01 2.233389e+03 1.679943e+03 
2.278182e-01 2.155224e+03 1.615662e+03 
2.328586e-01 2.080693e+03 1.554771e+03 
2.378990e-01 2.009501e+03 1.497044e+03 
2.429394e-01 1.941506e+03 1.442275e+03 
2.479798e-01 1.876770e+03 1.390272e+03 
2.530202e-01 1.815271e+03 1.340859e+03 
2.580606e-01 1.756795e+03 1.293873e+03 
2.631010e-01 1.701065e+03 1.249164e+03 
2.681414e-01 1.647867e+03 1.206592e+03 
2.731818e-01 1.597068e+03 1.166027e+03 
2.782222e-01 1.548469e+03 1.127351e+03 
2.832626e-01 1.501873e+03 1.090451e+03 
2.883030e-01 1.457170e+03 1.055225e+03 
2.933434e-01 1.414275e+03 1.021576e+03 
2.983838e-01 1.373149e+03 9.894142e+02 
3.034242e-01 1.333745e+03 9.586571e+02 
3.084646e-01 1.295969e+03 9.292265e+02 
3.135051e-01 1.259702e+03 9.010499e+02 
3.185455e-01 1.224861e+03 8.740592e+02 
3.235859e-01 1.191392e+03 8.481913e+02 
3.286263e-01 1.159242e+03 8.233867e+02 
3.336667e-01 1.128318e+03 7.995899e+02 
3.387071e-01 1.098527e+03 7.767489e+02 
3.437475e-01 1.069813e+03 7.548148e+02 
3.487879e-01 1.042167e+03 7.337418e+02 
3.538283e-01 1.015550e+03 7.134870e+02 
3.588687e-01 9.898919e+02 6.940099e+02 
3.639091e-01 9.651233e+02 6.752724e+02 
3.689495e-01 9.412183e+02 6.572389e+02 
3.739899e-01 9.181688e+02 6.398756e+02 
3.790303e-01 8.959409e+02 6.231509e+02 
3.840707e-01 8.744721e+02 6.070347e+02 
3.891111e-01 8.537055e+02 5.914989e+02 
3.941515e-01 8.336261e+02 5.765169e+02 
3.991919e-01 8.142271e+02 5.620634e+02 
4.042323e-01 7.954821e+02 5.481147e+02 
4.092727e-01 7.773383e+02 5.346483e+02 
4.143131e-01 7.597609e+02 5.216430e+02 
4.193535e-01 7.427411e+02 5.090785e+02 
4.243939e-01 7.262788e+02 4.969359e+02 
4.294343e-01 7.103466e+02 4.851970e+02 
4.344747e-01 6.949016e+02 4.738447e+02 
4.395152e-01 6.799145e+02 4.628628e+02 
4.445556e-01 6.653810e+02 4.522358e+02 
4.495960e-01 6.513019e+02 4.419491e+02 
4.546364e-01 6.376533e+02 4.319887e+02 
4.596768e-01 6.244025e+02 4.223414e+02 
4.647172e-01 6.115292e+02 4.129947e+02 
4.697576e-01 5.990333e+02 4.039366e+02 
4.747980e-01 5.869083e+02 3.951557e+02 
4.798384e-01 5.751352e+02 3.866412e+02 
4.848788e-01 5.636886e+02 3.783826e+02 
4.899192e-01 5.525526e+02 3.703703e+02 
4.949596e-01 5.417308e+02 3.625948e+02 
5.000000e-01 5.312220e+02 3.550471e+02 
