1.000000e-03 6.485132e+03 6.484534e+03 
6.040404e-03 2.909876e+04 2.924621e+04 
1.108081e-02 3.976769e+04 3.980947e+04 
1.612121e-02 4.281006e+04 4.263683e+04 
2.116162e-02 4.094316e+04 3.991827e+04 
2.620202e-02 3.627184e+04 3.418370e+04 
3.124242e-02 3.051578e+04 2.821366e+04 
3.628283e-02 2.493324e+04 2.335777e+04 
4.132323e-02 2.026268e+04 1.969937e+04 
4.636364e-02 1.676314e+04 1.693880e+04 
5.140404e-02 1.443800e+04 1.479643e+04 
5.644444e-02 1.305960e+04 1.308140e+04 
6.148485e-02 1.235419e+04 1.167188e+04 
6.652525e-02 1.203928e+04 1.048950e+04 
7.156566e-02 1.185194e+04 9.482049e+03 
7.660606e-02 1.157378e+04 8.613300e+03 
8.164646e-02 1.105860e+04 7.857059e+03 
8.668687e-02 1.026173e+04 7.193724e+03 
9.172727e-02 9.237153e+03 6.608187e+03 
9.676768e-02 8.103802e+03 6.088527e+03 
1.018081e-01 7.001015e+03 5.625161e+03 
1.068485e-01 6.046064e+03 5.210261e+03 
1.118889e-01 5.307760e+03 4.837360e+03 
1.169293e-01 4.802803e+03 4.501056e+03 
1.219697e-01 4.510990e+03 4.196799e+03 
1.270101e-01 4.389762e+03 3.920728e+03 
1.320505e-01 4.381991e+03 3.669548e+03 
1.370909e-01 4.422005e+03 3.440429e+03 
1.421313e-01 4.445516e+03 3.230929e+03 
1.471717e-01 4.401797e+03 3.038933e+03 
1.522121e-01 4.261556e+03 2.862598e+03 
1.572525e-01 4.020736e+03 2.700316e+03 
1.622929e-01 3.701043e+03 2.550675e+03 
1.673333e-01 3.343457e+03 2.412434e+03 
1.723737e-01 2.994324e+03 2.284500e+03 
1.774141e-01 2.690511e+03 2.165904e+03 
1.824545e-01 2.452730e+03 2.055785e+03 
1.874949e-01 2.287895e+03 1.953380e+03 
1.925354e-01 2.192651e+03 1.858005e+03 
1.975758e-01 2.155498e+03 1.769053e+03 
2.026162e-01 2.157613e+03 1.685976e+03 
2.076566e-01 2.175797e+03 1.608284e+03 
2.126970e-01 2.187274e+03 1.535535e+03 
2.177374e-01 2.174091e+03 1.467333e+03 
2.227778e-01 2.125627e+03 1.403317e+03 
2.278182e-01 2.039676e+03 1.343162e+03 
2.328586e-01 1.922613e+03 1.286573e+03 
2.378990e-01 1.787400e+03 1.233282e+03 
2.429394e-01 1.649639e+03 1.183047e+03 
2.479798e-01 1.523618e+03 1.135644e+03 
2.530202e-01 1.419291e+03 1.090871e+03 
2.580606e-01 1.341765e+03 1.048544e+03 
2.631010e-01 1.291408e+03 1.008492e+03 
2.681414e-01 1.264630e+03 9.705605e+02 
2.731818e-01 1.254961e+03 9.346068e+02 
2.782222e-01 1.254243e+03 9.005000e+02 
2.832626e-01 1.254002e+03 8.681194e+02 
2.883030e-01 1.246803e+03 8.373542e+02 
2.933434e-01 1.227414e+03 8.081018e+02 
2.983838e-01 1.193711e+03 7.802676e+02 
3.034242e-01 1.146815e+03 7.537643e+02 
3.084646e-01 1.090650e+03 7.285108e+02 
3.135051e-01 1.030706e+03 7.044321e+02 
3.185455e-01 9.725948e+02 6.814588e+02 
3.235859e-01 9.209782e+02 6.595261e+02 
3.286263e-01 8.788282e+02 6.385741e+02 
3.336667e-01 8.473135e+02 6.185470e+02 
3.387071e-01 8.259766e+02 5.993927e+02 
3.437475e-01 8.129437e+02 5.810628e+02 
3.487879e-01 8.053346e+02 5.635120e+02 
3.538283e-01 7.997623e+02 5.466982e+02 
3.588687e-01 7.930393e+02 5.305818e+02 
3.639091e-01 7.827327e+02 5.151261e+02 
3.689495e-01 7.674178e+02 5.002965e+02 
3.739899e-01 7.468268e+02 4.860606e+02 
3.790303e-01 7.217627e+02 4.723881e+02 
3.840707e-01 6.938975e+02 4.592505e+02 
3.891111e-01 6.653991e+02 4.466213e+02 
3.941515e-01 6.383391e+02 4.344752e+02 
3.991919e-01 6.143438e+02 4.227886e+02 
4.042323e-01 5.943427e+02 4.115395e+02 
4.092727e-01 5.785914e+02 4.007068e+02 
4.143131e-01 5.667561e+02 3.902709e+02 
4.193535e-01 5.579611e+02 3.802132e+02 
4.243939e-01 5.510058e+02 3.705163e+02 
4.294343e-01 5.445662e+02 3.611636e+02 
4.344747e-01 5.374745e+02 3.521394e+02 
4.395152e-01 5.288944e+02 3.434291e+02 
4.445556e-01 5.183834e+02 3.350187e+02 
4.495960e-01 5.059467e+02 3.268951e+02 
4.546364e-01 4.919889e+02 3.190456e+02 
4.596768e-01 4.772267e+02 3.114585e+02 
4.647172e-01 4.624733e+02 3.041226e+02 
4.697576e-01 4.484921e+02 2.970272e+02 
4.747980e-01 4.358560e+02 2.901624e+02 
4.798384e-01 4.249006e+02 2.835184e+02 
4.848788e-01 4.156851e+02 2.770862e+02 
4.899192e-01 4.080432e+02 2.708572e+02 
4.949596e-01 4.015866e+02 2.648231e+02 
5.000000e-01 3.958118e+02 2.589762e+02 
