1.000000e-03 5.339997e+03 5.339486e+03 
6.040404e-03 2.367361e+04 2.378357e+04 
1.108081e-02 3.217805e+04 3.212792e+04 
1.612121e-02 3.462724e+04 3.426334e+04 
2.116162e-02 3.330414e+04 3.222272e+04 
2.620202e-02 2.989779e+04 2.817798e+04 
3.124242e-02 2.572725e+04 2.407612e+04 
3.628283e-02 2.171940e+04 2.068682e+04 
4.132323e-02 1.839804e+04 1.801706e+04 
4.636364e-02 1.592376e+04 1.589106e+04 
5.140404e-02 1.429659e+04 1.415562e+04 
5.644444e-02 1.331067e+04 1.270611e+04 
6.148485e-02 1.273912e+04 1.147364e+04 
6.652525e-02 1.234709e+04 1.041165e+04 
7.156566e-02 1.193747e+04 9.487340e+03 
7.660606e-02 1.137205e+04 8.676580e+03 
8.164646e-02 1.059568e+04 7.960939e+03 
8.668687e-02 9.641628e+03 7.325935e+03 
9.172727e-02 8.602939e+03 6.759927e+03 
9.676768e-02 7.592175e+03 6.253395e+03 
1.018081e-01 6.708147e+03 5.798451e+03 
1.068485e-01 6.012766e+03 5.388490e+03 
1.118889e-01 5.523204e+03 5.017936e+03 
1.169293e-01 5.219458e+03 4.682046e+03 
1.219697e-01 5.057734e+03 4.376763e+03 
1.270101e-01 4.981758e+03 4.098600e+03 
1.320505e-01 4.931085e+03 3.844543e+03 
1.370909e-01 4.851424e+03 3.611979e+03 
1.421313e-01 4.706456e+03 3.398632e+03 
1.471717e-01 4.483740e+03 3.202514e+03 
1.522121e-01 4.192946e+03 3.021882e+03 
1.572525e-01 3.860046e+03 2.855203e+03 
1.622929e-01 3.521177e+03 2.701124e+03 
1.673333e-01 3.212365e+03 2.558450e+03 
1.723737e-01 2.959060e+03 2.426120e+03 
1.774141e-01 2.770929e+03 2.303192e+03 
1.824545e-01 2.645006e+03 2.188825e+03 
1.874949e-01 2.570664e+03 2.082270e+03 
1.925354e-01 2.532310e+03 1.982853e+03 
1.975758e-01 2.510195e+03 1.889973e+03 
2.026162e-01 2.483736e+03 1.803087e+03 
2.076566e-01 2.436868e+03 1.721707e+03 
2.126970e-01 2.361878e+03 1.645394e+03 
2.177374e-01 2.259509e+03 1.573748e+03 
2.227778e-01 2.136551e+03 1.506409e+03 
2.278182e-01 2.003831e+03 1.443050e+03 
2.328586e-01 1.873709e+03 1.383373e+03 
2.378990e-01 1.757230e+03 1.327108e+03 
2.429394e-01 1.661639e+03 1.274007e+03 
2.479798e-01 1.589513e+03 1.223845e+03 
2.530202e-01 1.539388e+03 1.176416e+03 
2.580606e-01 1.506622e+03 1.131532e+03 
2.631010e-01 1.484556e+03 1.089019e+03 
2.681414e-01 1.465782e+03 1.048719e+03 
2.731818e-01 1.443605e+03 1.010485e+03 
2.782222e-01 1.413376e+03 9.741825e+02 
2.832626e-01 1.373086e+03 9.396883e+02 
2.883030e-01 1.323371e+03 9.068877e+02 
2.933434e-01 1.267010e+03 8.756752e+02 
2.983838e-01 1.208097e+03 8.459529e+02 
3.034242e-01 1.151024e+03 8.176305e+02 
3.084646e-01 1.099583e+03 7.906242e+02 
3.135051e-01 1.056159e+03 7.648561e+02 
3.185455e-01 1.021485e+03 7.402541e+02 
3.235859e-01 9.948109e+02 7.167510e+02 
3.286263e-01 9.743674e+02 6.942844e+02 
3.336667e-01 9.577382e+02 6.727960e+02 
3.387071e-01 9.422902e+02 6.522317e+02 
3.437475e-01 9.256235e+02 6.325409e+02 
3.487879e-01 9.060765e+02 6.136762e+02 
3.538283e-01 8.830384e+02 5.955935e+02 
3.588687e-01 8.568841e+02 5.782516e+02 
3.639091e-01 8.286657e+02 5.616117e+02 
3.689495e-01 7.997814e+02 5.456376e+02 
3.739899e-01 7.717117e+02 5.302954e+02 
3.790303e-01 7.457889e+02 5.155532e+02 
3.840707e-01 7.229295e+02 5.013810e+02 
3.891111e-01 7.034494e+02 4.877508e+02 
3.941515e-01 6.870809e+02 4.746361e+02 
3.991919e-01 6.731375e+02 4.620120e+02 
4.042323e-01 6.607449e+02 4.498551e+02 
4.092727e-01 6.489751e+02 4.381434e+02 
4.143131e-01 6.369762e+02 4.268560e+02 
4.193535e-01 6.241352e+02 4.159733e+02 
4.243939e-01 6.101926e+02 4.054767e+02 
4.294343e-01 5.952443e+02 3.953489e+02 
4.344747e-01 5.796543e+02 3.855732e+02 
4.395152e-01 5.638938e+02 3.761340e+02 
4.445556e-01 5.484930e+02 3.670165e+02 
4.495960e-01 5.339538e+02 3.582067e+02 
4.546364e-01 5.206104e+02 3.496914e+02 
4.596768e-01 5.085976e+02 3.414579e+02 
4.647172e-01 4.978374e+02 3.334943e+02 
4.697576e-01 4.881105e+02 3.257894e+02 
4.747980e-01 4.791179e+02 3.183323e+02 
4.798384e-01 4.705139e+02 3.111130e+02 
4.848788e-01 4.619721e+02 3.041216e+02 
4.899192e-01 4.532547e+02 2.973491e+02 
4.949596e-01 4.442460e+02 2.907866e+02 
5.000000e-01 4.349703e+02 2.844258e+02 
