1.000000e-03 3.328782e+03 3.328471e+03 
6.040404e-03 1.477538e+04 1.483491e+04 
1.108081e-02 2.021443e+04 2.008709e+04 
1.612121e-02 2.208950e+04 2.163501e+04 
2.116162e-02 2.183239e+04 2.096191e+04 
2.620202e-02 2.042078e+04 1.934168e+04 
3.124242e-02 1.856108e+04 1.759213e+04 
3.628283e-02 1.672123e+04 1.598649e+04 
4.132323e-02 1.515408e+04 1.456049e+04 
4.636364e-02 1.393318e+04 1.329587e+04 
5.140404e-02 1.303562e+04 1.217026e+04 
5.644444e-02 1.235040e+04 1.116506e+04 
6.148485e-02 1.175924e+04 1.026508e+04 
6.652525e-02 1.116210e+04 9.457583e+03 
7.156566e-02 1.049723e+04 8.731650e+03 
7.660606e-02 9.754167e+03 8.077776e+03 
8.164646e-02 8.970052e+03 7.487651e+03 
8.668687e-02 8.203005e+03 6.953995e+03 
9.172727e-02 7.504574e+03 6.470428e+03 
9.676768e-02 6.911352e+03 6.031357e+03 
1.018081e-01 6.441329e+03 5.631877e+03 
1.068485e-01 6.089057e+03 5.267688e+03 
1.118889e-01 5.825250e+03 4.935016e+03 
1.169293e-01 5.609295e+03 4.630541e+03 
1.219697e-01 5.404314e+03 4.351346e+03 
1.270101e-01 5.184624e+03 4.094859e+03 
1.320505e-01 4.937610e+03 3.858809e+03 
1.370909e-01 4.664320e+03 3.641190e+03 
1.421313e-01 4.377444e+03 3.440222e+03 
1.471717e-01 4.095018e+03 3.254329e+03 
1.522121e-01 3.834040e+03 3.082108e+03 
1.572525e-01 3.606670e+03 2.922308e+03 
1.622929e-01 3.419330e+03 2.773815e+03 
1.673333e-01 3.270792e+03 2.635630e+03 
1.723737e-01 3.152350e+03 2.506861e+03 
1.774141e-01 3.051707e+03 2.386706e+03 
1.824545e-01 2.957147e+03 2.274443e+03 
1.874949e-01 2.860026e+03 2.169423e+03 
1.925354e-01 2.755192e+03 2.071059e+03 
1.975758e-01 2.641201e+03 1.978823e+03 
2.026162e-01 2.520989e+03 1.892235e+03 
2.076566e-01 2.400344e+03 1.810859e+03 
2.126970e-01 2.285441e+03 1.734301e+03 
2.177374e-01 2.180843e+03 1.662202e+03 
2.227778e-01 2.089006e+03 1.594235e+03 
2.278182e-01 2.010314e+03 1.530100e+03 
2.328586e-01 1.943013e+03 1.469525e+03 
2.378990e-01 1.884002e+03 1.412261e+03 
2.429394e-01 1.829734e+03 1.358080e+03 
2.479798e-01 1.776975e+03 1.306770e+03 
2.530202e-01 1.723262e+03 1.258141e+03 
2.580606e-01 1.667288e+03 1.212014e+03 
2.631010e-01 1.609314e+03 1.168227e+03 
2.681414e-01 1.550921e+03 1.126630e+03 
2.731818e-01 1.494037e+03 1.087083e+03 
2.782222e-01 1.440120e+03 1.049459e+03 
2.832626e-01 1.390171e+03 1.013639e+03 
2.883030e-01 1.344764e+03 9.795137e+02 
2.933434e-01 1.303921e+03 9.469810e+02 
2.983838e-01 1.266950e+03 9.159466e+02 
3.034242e-01 1.232666e+03 8.863230e+02 
3.084646e-01 1.199909e+03 8.580287e+02 
3.135051e-01 1.167829e+03 8.309880e+02 
3.185455e-01 1.135905e+03 8.051302e+02 
3.235859e-01 1.103911e+03 7.803896e+02 
3.286263e-01 1.071929e+03 7.567048e+02 
3.336667e-01 1.040356e+03 7.340185e+02 
3.387071e-01 1.009748e+03 7.122771e+02 
3.437475e-01 9.806031e+02 6.914307e+02 
3.487879e-01 9.531661e+02 6.714322e+02 
3.538283e-01 9.274830e+02 6.522378e+02 
3.588687e-01 9.034383e+02 6.338063e+02 
3.639091e-01 8.808127e+02 6.160990e+02 
3.689495e-01 8.592986e+02 5.990798e+02 
3.739899e-01 8.385363e+02 5.827146e+02 
3.790303e-01 8.182599e+02 5.669713e+02 
3.840707e-01 7.983508e+02 5.518199e+02 
3.891111e-01 7.787650e+02 5.372318e+02 
3.941515e-01 7.595160e+02 5.231806e+02 
3.991919e-01 7.407000e+02 5.096408e+02 
4.042323e-01 7.224705e+02 4.965889e+02 
4.092727e-01 7.049463e+02 4.840023e+02 
4.143131e-01 6.881996e+02 4.718599e+02 
4.193535e-01 6.722019e+02 4.601417e+02 
4.243939e-01 6.568982e+02 4.488288e+02 
4.294343e-01 6.422187e+02 4.379032e+02 
4.344747e-01 6.280916e+02 4.273482e+02 
4.395152e-01 6.144215e+02 4.171475e+02 
4.445556e-01 6.010890e+02 4.072860e+02 
4.495960e-01 5.880461e+02 3.977493e+02 
4.546364e-01 5.753179e+02 3.885238e+02 
4.596768e-01 5.629050e+02 3.795965e+02 
4.647172e-01 5.508159e+02 3.709550e+02 
4.697576e-01 5.390588e+02 3.625876e+02 
4.747980e-01 5.276600e+02 3.544833e+02 
4.798384e-01 5.166633e+02 3.466315e+02 
4.848788e-01 5.060565e+02 3.390221e+02 
4.899192e-01 4.957993e+02 3.316456e+02 
4.949596e-01 4.858588e+02 3.244927e+02 
5.000000e-01 4.762179e+02 3.175550e+02 
