1.000000e-03 2.633918e+03 2.633671e+03 
6.040404e-03 1.176987e+04 1.181377e+04 
1.108081e-02 1.626097e+04 1.611734e+04 
1.612121e-02 1.802697e+04 1.757191e+04 
2.116162e-02 1.817964e+04 1.739751e+04 
2.620202e-02 1.744537e+04 1.650493e+04 
3.124242e-02 1.632496e+04 1.541025e+04 
3.628283e-02 1.514237e+04 1.430440e+04 
4.132323e-02 1.407222e+04 1.324682e+04 
4.636364e-02 1.315968e+04 1.225699e+04 
5.140404e-02 1.241803e+04 1.134098e+04 
5.644444e-02 1.175677e+04 1.049903e+04 
6.148485e-02 1.112676e+04 9.728388e+03 
6.652525e-02 1.049115e+04 9.024736e+03 
7.156566e-02 9.825662e+03 8.383027e+03 
7.660606e-02 9.142174e+03 7.798012e+03 
8.164646e-02 8.478052e+03 7.264542e+03 
8.668687e-02 7.870295e+03 6.777737e+03 
9.172727e-02 7.337347e+03 6.333072e+03 
9.676768e-02 6.883764e+03 5.926407e+03 
1.018081e-01 6.507234e+03 5.553994e+03 
1.068485e-01 6.194302e+03 5.212458e+03 
1.118889e-01 5.919716e+03 4.898768e+03 
1.169293e-01 5.656798e+03 4.610216e+03 
1.219697e-01 5.389267e+03 4.344380e+03 
1.270101e-01 5.114127e+03 4.099098e+03 
1.320505e-01 4.836591e+03 3.872437e+03 
1.370909e-01 4.565452e+03 3.662674e+03 
1.421313e-01 4.310088e+03 3.468262e+03 
1.471717e-01 4.077816e+03 3.287823e+03 
1.522121e-01 3.872559e+03 3.120117e+03 
1.572525e-01 3.694654e+03 2.964035e+03 
1.622929e-01 3.540728e+03 2.818577e+03 
1.673333e-01 3.403884e+03 2.682848e+03 
1.723737e-01 3.275868e+03 2.556037e+03 
1.774141e-01 3.150813e+03 2.437414e+03 
1.824545e-01 3.026233e+03 2.326321e+03 
1.874949e-01 2.901720e+03 2.222160e+03 
1.925354e-01 2.778120e+03 2.124390e+03 
1.975758e-01 2.657738e+03 2.032520e+03 
2.026162e-01 2.543949e+03 1.946105e+03 
2.076566e-01 2.439321e+03 1.864737e+03 
2.126970e-01 2.344270e+03 1.788046e+03 
2.177374e-01 2.257850e+03 1.715695e+03 
2.227778e-01 2.178722e+03 1.647375e+03 
2.278182e-01 2.105294e+03 1.582802e+03 
2.328586e-01 2.035727e+03 1.521719e+03 
2.378990e-01 1.968338e+03 1.463886e+03 
2.429394e-01 1.902222e+03 1.409087e+03 
2.479798e-01 1.837430e+03 1.357119e+03 
2.530202e-01 1.774307e+03 1.307800e+03 
2.580606e-01 1.713300e+03 1.260957e+03 
2.631010e-01 1.654994e+03 1.216433e+03 
2.681414e-01 1.599998e+03 1.174084e+03 
2.731818e-01 1.548617e+03 1.133775e+03 
2.782222e-01 1.500611e+03 1.095382e+03 
2.832626e-01 1.455352e+03 1.058789e+03 
2.883030e-01 1.412289e+03 1.023889e+03 
2.933434e-01 1.371083e+03 9.905827e+02 
2.983838e-01 1.331414e+03 9.587784e+02 
3.034242e-01 1.292971e+03 9.283899e+02 
3.084646e-01 1.255574e+03 8.993372e+02 
3.135051e-01 1.219267e+03 8.715457e+02 
3.185455e-01 1.184251e+03 8.449459e+02 
3.235859e-01 1.150681e+03 8.194729e+02 
3.286263e-01 1.118580e+03 7.950661e+02 
3.336667e-01 1.087912e+03 7.716688e+02 
3.387071e-01 1.058628e+03 7.492277e+02 
3.437475e-01 1.030649e+03 7.276934e+02 
3.487879e-01 1.003855e+03 7.070190e+02 
3.538283e-01 9.780745e+02 6.871611e+02 
3.588687e-01 9.531262e+02 6.680784e+02 
3.639091e-01 9.289474e+02 6.497326e+02 
3.689495e-01 9.055369e+02 6.320873e+02 
3.739899e-01 8.829131e+02 6.151085e+02 
3.790303e-01 8.610513e+02 5.987641e+02 
3.840707e-01 8.399122e+02 5.830239e+02 
3.891111e-01 8.195019e+02 5.678596e+02 
3.941515e-01 7.998533e+02 5.532441e+02 
3.991919e-01 7.809523e+02 5.391522e+02 
4.042323e-01 7.627151e+02 5.255600e+02 
4.092727e-01 7.450877e+02 5.124448e+02 
4.143131e-01 7.280265e+02 4.997854e+02 
4.193535e-01 7.115164e+02 4.875615e+02 
4.243939e-01 6.955345e+02 4.757540e+02 
4.294343e-01 6.800280e+02 4.643447e+02 
4.344747e-01 6.649754e+02 4.533167e+02 
4.395152e-01 6.503762e+02 4.426535e+02 
4.445556e-01 6.362379e+02 4.323398e+02 
4.495960e-01 6.225534e+02 4.223609e+02 
4.546364e-01 6.092921e+02 4.127030e+02 
4.596768e-01 5.964230e+02 4.033529e+02 
4.647172e-01 5.839395e+02 3.942981e+02 
4.697576e-01 5.718466e+02 3.855266e+02 
4.747980e-01 5.601223e+02 3.770271e+02 
4.798384e-01 5.487252e+02 3.687888e+02 
4.848788e-01 5.376368e+02 3.608015e+02 
4.899192e-01 5.268584e+02 3.530554e+02 
4.949596e-01 5.163939e+02 3.455412e+02 
5.000000e-01 5.062282e+02 3.382500e+02 
