1.000000e-03 2.966624e+03 2.966339e+03 
6.040404e-03 1.316520e+04 1.321120e+04 
1.108081e-02 1.795280e+04 1.777883e+04 
1.612121e-02 1.966292e+04 1.913417e+04 
2.116162e-02 1.961417e+04 1.873553e+04 
2.620202e-02 1.864501e+04 1.762457e+04 
3.124242e-02 1.731690e+04 1.634649e+04 
3.628283e-02 1.597578e+04 1.508756e+04 
4.132323e-02 1.479374e+04 1.390161e+04 
4.636364e-02 1.380320e+04 1.280417e+04 
5.140404e-02 1.299571e+04 1.179810e+04 
5.644444e-02 1.226723e+04 1.088087e+04 
6.148485e-02 1.156487e+04 1.004727e+04 
6.652525e-02 1.084534e+04 9.290929e+03 
7.156566e-02 1.010212e+04 8.605044e+03 
7.660606e-02 9.357954e+03 7.982921e+03 
8.164646e-02 8.653734e+03 7.418215e+03 
8.668687e-02 8.021843e+03 6.905061e+03 
9.172727e-02 7.477288e+03 6.438122e+03 
9.676768e-02 7.023250e+03 6.012592e+03 
1.018081e-01 6.650356e+03 5.624171e+03 
1.068485e-01 6.333798e+03 5.269027e+03 
1.118889e-01 6.042698e+03 4.943756e+03 
1.169293e-01 5.754351e+03 4.645334e+03 
1.219697e-01 5.459823e+03 4.371077e+03 
1.270101e-01 5.160368e+03 4.118607e+03 
1.320505e-01 4.863572e+03 3.885807e+03 
1.370909e-01 4.581204e+03 3.670798e+03 
1.421313e-01 4.323221e+03 3.471908e+03 
1.471717e-01 4.094314e+03 3.287646e+03 
1.522121e-01 3.894861e+03 3.116680e+03 
1.572525e-01 3.722288e+03 2.957822e+03 
1.622929e-01 3.570653e+03 2.810006e+03 
1.673333e-01 3.431320e+03 2.672277e+03 
1.723737e-01 3.296417e+03 2.543778e+03 
1.774141e-01 3.161995e+03 2.423735e+03 
1.824545e-01 3.028018e+03 2.311455e+03 
1.874949e-01 2.895778e+03 2.206308e+03 
1.925354e-01 2.767338e+03 2.107726e+03 
1.975758e-01 2.645694e+03 2.015196e+03 
2.026162e-01 2.533521e+03 1.928252e+03 
2.076566e-01 2.431732e+03 1.846469e+03 
2.126970e-01 2.339512e+03 1.769461e+03 
2.177374e-01 2.255106e+03 1.696880e+03 
2.227778e-01 2.176529e+03 1.628402e+03 
2.278182e-01 2.101824e+03 1.563737e+03 
2.328586e-01 2.029679e+03 1.502617e+03 
2.378990e-01 1.959387e+03 1.444795e+03 
2.429394e-01 1.890699e+03 1.390048e+03 
2.479798e-01 1.823841e+03 1.338169e+03 
2.530202e-01 1.759443e+03 1.288968e+03 
2.580606e-01 1.698334e+03 1.242269e+03 
2.631010e-01 1.641057e+03 1.197913e+03 
2.681414e-01 1.587451e+03 1.155750e+03 
2.731818e-01 1.537071e+03 1.115642e+03 
2.782222e-01 1.489512e+03 1.077463e+03 
2.832626e-01 1.444361e+03 1.041095e+03 
2.883030e-01 1.401115e+03 1.006430e+03 
2.933434e-01 1.359324e+03 9.733656e+02 
2.983838e-01 1.318790e+03 9.418085e+02 
3.034242e-01 1.279572e+03 9.116714e+02 
3.084646e-01 1.241777e+03 8.828731e+02 
3.135051e-01 1.205428e+03 8.553381e+02 
3.185455e-01 1.170575e+03 8.289959e+02 
3.235859e-01 1.137311e+03 8.037809e+02 
3.286263e-01 1.105634e+03 7.796318e+02 
3.336667e-01 1.075403e+03 7.564911e+02 
3.387071e-01 1.046436e+03 7.343053e+02 
3.437475e-01 1.018601e+03 7.130244e+02 
3.487879e-01 9.917846e+02 6.926012e+02 
3.538283e-01 9.658831e+02 6.729918e+02 
3.588687e-01 9.408286e+02 6.541549e+02 
3.639091e-01 9.165977e+02 6.360516e+02 
3.689495e-01 8.932071e+02 6.186457e+02 
3.739899e-01 8.706716e+02 6.019029e+02 
3.790303e-01 8.489399e+02 5.857909e+02 
3.840707e-01 8.279886e+02 5.702794e+02 
3.891111e-01 8.078080e+02 5.553400e+02 
3.941515e-01 7.883849e+02 5.409457e+02 
3.991919e-01 7.696584e+02 5.270711e+02 
4.042323e-01 7.515427e+02 5.136923e+02 
4.092727e-01 7.339983e+02 5.007867e+02 
4.143131e-01 7.170260e+02 4.883329e+02 
4.193535e-01 7.006028e+02 4.763107e+02 
4.243939e-01 6.847012e+02 4.647011e+02 
4.294343e-01 6.692768e+02 4.534859e+02 
4.344747e-01 6.543350e+02 4.426480e+02 
4.395152e-01 6.398933e+02 4.321713e+02 
4.445556e-01 6.259183e+02 4.220403e+02 
4.495960e-01 6.123639e+02 4.122405e+02 
4.546364e-01 5.992258e+02 4.027580e+02 
4.596768e-01 5.864926e+02 3.935797e+02 
4.647172e-01 5.741572e+02 3.846932e+02 
4.697576e-01 5.621854e+02 3.760865e+02 
4.747980e-01 5.505474e+02 3.677484e+02 
4.798384e-01 5.392395e+02 3.596682e+02 
4.848788e-01 5.282709e+02 3.518357e+02 
4.899192e-01 5.176283e+02 3.442412e+02 
4.949596e-01 5.072696e+02 3.368754e+02 
5.000000e-01 4.972013e+02 3.297295e+02 
