1.000000e-03 5.016780e+03 5.016290e+03 
6.040404e-03 2.248116e+04 2.258154e+04 
1.108081e-02 3.058961e+04 3.051480e+04 
1.612121e-02 3.293106e+04 3.251530e+04 
2.116162e-02 3.171009e+04 3.060225e+04 
2.620202e-02 2.854819e+04 2.690340e+04 
3.124242e-02 2.469672e+04 2.319195e+04 
3.628283e-02 2.102178e+04 2.011165e+04 
4.132323e-02 1.800138e+04 1.765266e+04 
4.636364e-02 1.576947e+04 1.566417e+04 
5.140404e-02 1.431621e+04 1.401856e+04 
5.644444e-02 1.342923e+04 1.262878e+04 
6.148485e-02 1.288787e+04 1.143685e+04 
6.652525e-02 1.246423e+04 1.040292e+04 
7.156566e-02 1.198275e+04 9.498309e+03 
7.660606e-02 1.132995e+04 8.701495e+03 
8.164646e-02 1.047835e+04 7.995763e+03 
8.668687e-02 9.484120e+03 7.367772e+03 
9.172727e-02 8.449914e+03 6.806668e+03 
9.676768e-02 7.484316e+03 6.303483e+03 
1.018081e-01 6.671929e+03 5.850725e+03 
1.068485e-01 6.057290e+03 5.442077e+03 
1.118889e-01 5.641434e+03 5.072177e+03 
1.169293e-01 5.391946e+03 4.736441e+03 
1.219697e-01 5.257432e+03 4.430934e+03 
1.270101e-01 5.177808e+03 4.152261e+03 
1.320505e-01 5.094170e+03 3.897481e+03 
1.370909e-01 4.961167e+03 3.664034e+03 
1.421313e-01 4.756454e+03 3.449688e+03 
1.471717e-01 4.481659e+03 3.252489e+03 
1.522121e-01 4.156385e+03 3.070719e+03 
1.572525e-01 3.812745e+03 2.902865e+03 
1.622929e-01 3.487024e+03 2.747593e+03 
1.673333e-01 3.209495e+03 2.603718e+03 
1.723737e-01 2.995494e+03 2.470190e+03 
1.774141e-01 2.845093e+03 2.346074e+03 
1.824545e-01 2.748944e+03 2.230536e+03 
1.874949e-01 2.692383e+03 2.122829e+03 
1.925354e-01 2.656932e+03 2.022284e+03 
1.975758e-01 2.622085e+03 1.928303e+03 
2.026162e-01 2.570354e+03 1.840344e+03 
2.076566e-01 2.492465e+03 1.757920e+03 
2.126970e-01 2.388170e+03 1.680592e+03 
2.177374e-01 2.263774e+03 1.607962e+03 
2.227778e-01 2.129409e+03 1.539669e+03 
2.278182e-01 1.996806e+03 1.475386e+03 
2.328586e-01 1.876950e+03 1.414814e+03 
2.378990e-01 1.777345e+03 1.357683e+03 
2.429394e-01 1.700742e+03 1.303746e+03 
2.479798e-01 1.645661e+03 1.252775e+03 
2.530202e-01 1.607513e+03 1.204564e+03 
2.580606e-01 1.579808e+03 1.158924e+03 
2.631010e-01 1.555264e+03 1.115681e+03 
2.681414e-01 1.527324e+03 1.074675e+03 
2.731818e-01 1.491652e+03 1.035760e+03 
2.782222e-01 1.446693e+03 9.987991e+02 
2.832626e-01 1.393431e+03 9.636687e+02 
2.883030e-01 1.334740e+03 9.302534e+02 
2.933434e-01 1.274529e+03 8.984468e+02 
2.983838e-01 1.216977e+03 8.681504e+02 
3.034242e-01 1.165525e+03 8.392730e+02 
3.084646e-01 1.122146e+03 8.117302e+02 
3.135051e-01 1.087179e+03 7.854434e+02 
3.185455e-01 1.059540e+03 7.603397e+02 
3.235859e-01 1.037293e+03 7.363515e+02 
3.286263e-01 1.018048e+03 7.134154e+02 
3.336667e-01 9.993196e+02 6.914729e+02 
3.387071e-01 9.790162e+02 6.704690e+02 
3.437475e-01 9.558537e+02 6.503526e+02 
3.487879e-01 9.296259e+02 6.310760e+02 
3.538283e-01 9.010338e+02 6.125944e+02 
3.588687e-01 8.712409e+02 5.948660e+02 
3.639091e-01 8.415867e+02 5.778517e+02 
3.689495e-01 8.134082e+02 5.615148e+02 
3.739899e-01 7.877783e+02 5.458209e+02 
3.790303e-01 7.652904e+02 5.307377e+02 
3.840707e-01 7.459570e+02 5.162349e+02 
3.891111e-01 7.292787e+02 5.022840e+02 
3.941515e-01 7.144880e+02 4.888581e+02 
3.991919e-01 7.007172e+02 4.759322e+02 
4.042323e-01 6.871327e+02 4.634823e+02 
4.092727e-01 6.730596e+02 4.514861e+02 
4.143131e-01 6.581372e+02 4.399225e+02 
4.193535e-01 6.423530e+02 4.287715e+02 
4.243939e-01 6.259783e+02 4.180144e+02 
4.294343e-01 6.094070e+02 4.076333e+02 
4.344747e-01 5.930941e+02 3.976116e+02 
4.395152e-01 5.775353e+02 3.879332e+02 
4.445556e-01 5.630645e+02 3.785831e+02 
4.495960e-01 5.498508e+02 3.695472e+02 
4.546364e-01 5.378511e+02 3.608118e+02 
4.596768e-01 5.268662e+02 3.523643e+02 
4.647172e-01 5.166489e+02 3.441925e+02 
4.697576e-01 5.068989e+02 3.362849e+02 
4.747980e-01 4.973120e+02 3.286306e+02 
4.798384e-01 4.876477e+02 3.212191e+02 
4.848788e-01 4.777909e+02 3.140407e+02 
4.899192e-01 4.677618e+02 3.070860e+02 
4.949596e-01 4.576570e+02 3.003460e+02 
5.000000e-01 4.476063e+02 2.938122e+02 
