1.000000e-03 1.082021e+04 1.081917e+04 
6.040404e-03 4.762802e+04 4.788076e+04 
1.108081e-02 6.400837e+04 6.421947e+04 
1.612121e-02 6.758219e+04 6.770127e+04 
2.116162e-02 6.301408e+04 6.182040e+04 
2.620202e-02 5.394015e+04 5.073362e+04 
3.124242e-02 4.335193e+04 3.951214e+04 
3.628283e-02 3.341772e+04 3.076978e+04 
4.132323e-02 2.535022e+04 2.458056e+04 
4.636364e-02 1.950000e+04 2.022492e+04 
5.140404e-02 1.573789e+04 1.706337e+04 
5.644444e-02 1.362787e+04 1.467685e+04 
6.148485e-02 1.268182e+04 1.280981e+04 
6.652525e-02 1.246170e+04 1.130599e+04 
7.156566e-02 1.259254e+04 1.006677e+04 
7.660606e-02 1.272180e+04 9.027323e+03 
8.164646e-02 1.254996e+04 8.143228e+03 
8.668687e-02 1.191291e+04 7.382858e+03 
9.172727e-02 1.082049e+04 6.722932e+03 
9.676768e-02 9.420674e+03 6.145826e+03 
1.018081e-01 7.925662e+03 5.637877e+03 
1.068485e-01 6.541118e+03 5.188288e+03 
1.118889e-01 5.411978e+03 4.788382e+03 
1.169293e-01 4.603306e+03 4.431096e+03 
1.219697e-01 4.112288e+03 4.110611e+03 
1.270101e-01 3.895316e+03 3.822089e+03 
1.320505e-01 3.889125e+03 3.561472e+03 
1.370909e-01 4.020179e+03 3.325330e+03 
1.421313e-01 4.207437e+03 3.110747e+03 
1.471717e-01 4.367065e+03 2.915230e+03 
1.522121e-01 4.422873e+03 2.736632e+03 
1.572525e-01 4.324979e+03 2.573101e+03 
1.622929e-01 4.066817e+03 2.423030e+03 
1.673333e-01 3.686078e+03 2.285016e+03 
1.723737e-01 3.245971e+03 2.157835e+03 
1.774141e-01 2.810987e+03 2.040412e+03 
1.824545e-01 2.431419e+03 1.931799e+03 
1.874949e-01 2.138490e+03 1.831161e+03 
1.925354e-01 1.944683e+03 1.737757e+03 
1.975758e-01 1.846424e+03 1.650928e+03 
2.026162e-01 1.828435e+03 1.570089e+03 
2.076566e-01 1.868343e+03 1.494717e+03 
2.126970e-01 1.939594e+03 1.424343e+03 
2.177374e-01 2.013230e+03 1.358548e+03 
2.227778e-01 2.060822e+03 1.296954e+03 
2.278182e-01 2.060179e+03 1.239222e+03 
2.328586e-01 2.001408e+03 1.185044e+03 
2.378990e-01 1.888950e+03 1.134143e+03 
2.429394e-01 1.738507e+03 1.086267e+03 
2.479798e-01 1.571583e+03 1.041188e+03 
2.530202e-01 1.409960e+03 9.986996e+02 
2.580606e-01 1.271270e+03 9.586119e+02 
2.631010e-01 1.166147e+03 9.207530e+02 
2.681414e-01 1.097959e+03 8.849654e+02 
2.731818e-01 1.064471e+03 8.511051e+02 
2.782222e-01 1.059792e+03 8.190402e+02 
2.832626e-01 1.075440e+03 7.886498e+02 
2.883030e-01 1.100829e+03 7.598227e+02 
2.933434e-01 1.124310e+03 7.324566e+02 
2.983838e-01 1.135326e+03 7.064573e+02 
3.034242e-01 1.126787e+03 6.817380e+02 
3.084646e-01 1.096262e+03 6.582185e+02 
3.135051e-01 1.045949e+03 6.358246e+02 
3.185455e-01 9.817247e+02 6.144879e+02 
3.235859e-01 9.115299e+02 5.941448e+02 
3.286263e-01 8.435296e+02 5.747363e+02 
3.336667e-01 7.843547e+02 5.562078e+02 
3.387071e-01 7.381500e+02 5.385084e+02 
3.437475e-01 7.065221e+02 5.215908e+02 
3.487879e-01 6.889288e+02 5.054112e+02 
3.538283e-01 6.830678e+02 4.899284e+02 
3.588687e-01 6.853090e+02 4.751042e+02 
3.639091e-01 6.912388e+02 4.609028e+02 
3.689495e-01 6.963086e+02 4.472910e+02 
3.739899e-01 6.966081e+02 4.342375e+02 
3.790303e-01 6.894073e+02 4.217131e+02 
3.840707e-01 6.736218e+02 4.096904e+02 
3.891111e-01 6.499486e+02 3.981438e+02 
3.941515e-01 6.206172e+02 3.870493e+02 
3.991919e-01 5.887017e+02 3.763843e+02 
4.042323e-01 5.573107e+02 3.661275e+02 
4.092727e-01 5.290848e+02 3.562591e+02 
4.143131e-01 5.058688e+02 3.467601e+02 
4.193535e-01 4.885861e+02 3.376131e+02 
4.243939e-01 4.772240e+02 3.288013e+02 
4.294343e-01 4.709218e+02 3.203091e+02 
4.344747e-01 4.682159e+02 3.121217e+02 
4.395152e-01 4.673072e+02 3.042250e+02 
4.445556e-01 4.663771e+02 2.966060e+02 
4.495960e-01 4.637905e+02 2.892521e+02 
4.546364e-01 4.583701e+02 2.821515e+02 
4.596768e-01 4.495867e+02 2.752932e+02 
4.647172e-01 4.376177e+02 2.686665e+02 
4.697576e-01 4.232272e+02 2.622615e+02 
4.747980e-01 4.075406e+02 2.560687e+02 
4.798384e-01 3.917882e+02 2.500791e+02 
4.848788e-01 3.771133e+02 2.442841e+02 
4.899192e-01 3.643810e+02 2.386758e+02 
4.949596e-01 3.540796e+02 2.332464e+02 
5.000000e-01 3.462813e+02 2.279886e+02 
