1.000000e-03 3.477960e+03 3.477628e+03 
6.040404e-03 1.529512e+04 1.535655e+04 
1.108081e-02 2.081342e+04 2.067592e+04 
1.612121e-02 2.265709e+04 2.217670e+04 
2.116162e-02 2.232941e+04 2.142150e+04 
2.620202e-02 2.083940e+04 1.972177e+04 
3.124242e-02 1.890876e+04 1.790604e+04 
3.628283e-02 1.701071e+04 1.624669e+04 
4.132323e-02 1.539840e+04 1.477692e+04 
4.636364e-02 1.414454e+04 1.347639e+04 
5.140404e-02 1.321869e+04 1.232118e+04 
5.644444e-02 1.251457e+04 1.129147e+04 
6.148485e-02 1.190246e+04 1.037113e+04 
6.652525e-02 1.128482e+04 9.546677e+03 
7.156566e-02 1.060207e+04 8.806555e+03 
7.660606e-02 9.844330e+03 8.140774e+03 
8.164646e-02 9.047129e+03 7.540623e+03 
8.668687e-02 8.268484e+03 6.998500e+03 
9.172727e-02 7.560941e+03 6.507760e+03 
9.676768e-02 6.961405e+03 6.062596e+03 
1.018081e-01 6.486972e+03 5.657926e+03 
1.068485e-01 6.130391e+03 5.289308e+03 
1.118889e-01 5.861911e+03 4.952844e+03 
1.169293e-01 5.641373e+03 4.645120e+03 
1.219697e-01 5.432000e+03 4.363135e+03 
1.270101e-01 5.208106e+03 4.104247e+03 
1.320505e-01 4.956709e+03 3.866129e+03 
1.370909e-01 4.679448e+03 3.646727e+03 
1.421313e-01 4.389903e+03 3.444221e+03 
1.471717e-01 4.106298e+03 3.257000e+03 
1.522121e-01 3.844485e+03 3.083631e+03 
1.572525e-01 3.616165e+03 2.922841e+03 
1.622929e-01 3.427883e+03 2.773491e+03 
1.673333e-01 3.278508e+03 2.634568e+03 
1.723737e-01 3.159159e+03 2.505163e+03 
1.774141e-01 3.057087e+03 2.384459e+03 
1.824545e-01 2.960655e+03 2.271725e+03 
1.874949e-01 2.861866e+03 2.166301e+03 
1.925354e-01 2.755861e+03 2.067592e+03 
1.975758e-01 2.641087e+03 1.975062e+03 
2.026162e-01 2.520303e+03 1.888225e+03 
2.076566e-01 2.399354e+03 1.806639e+03 
2.126970e-01 2.284488e+03 1.729906e+03 
2.177374e-01 2.180188e+03 1.657662e+03 
2.227778e-01 2.088516e+03 1.589576e+03 
2.278182e-01 2.009598e+03 1.525346e+03 
2.328586e-01 1.941879e+03 1.464697e+03 
2.378990e-01 1.882388e+03 1.407376e+03 
2.429394e-01 1.827577e+03 1.353153e+03 
2.479798e-01 1.774201e+03 1.301817e+03 
2.530202e-01 1.719866e+03 1.253172e+03 
2.580606e-01 1.663477e+03 1.207041e+03 
2.631010e-01 1.605416e+03 1.163258e+03 
2.681414e-01 1.547119e+03 1.121674e+03 
2.731818e-01 1.490326e+03 1.082147e+03 
2.782222e-01 1.436537e+03 1.044548e+03 
2.832626e-01 1.386773e+03 1.008760e+03 
2.883030e-01 1.341518e+03 9.746701e+02 
2.933434e-01 1.300667e+03 9.421771e+02 
2.983838e-01 1.263512e+03 9.111859e+02 
3.034242e-01 1.228985e+03 8.816084e+02 
3.084646e-01 1.196031e+03 8.533627e+02 
3.135051e-01 1.163790e+03 8.263725e+02 
3.185455e-01 1.131718e+03 8.005670e+02 
3.235859e-01 1.099610e+03 7.758801e+02 
3.286263e-01 1.067618e+03 7.522502e+02 
3.336667e-01 1.036157e+03 7.296196e+02 
3.387071e-01 1.005705e+03 7.079347e+02 
3.437475e-01 9.766578e+02 6.871451e+02 
3.487879e-01 9.492734e+02 6.672038e+02 
3.538283e-01 9.236434e+02 6.480668e+02 
3.588687e-01 8.996520e+02 6.296927e+02 
3.639091e-01 8.770217e+02 6.120428e+02 
3.689495e-01 8.554246e+02 5.950808e+02 
3.739899e-01 8.345689e+02 5.787724e+02 
3.790303e-01 8.142692e+02 5.630857e+02 
3.840707e-01 7.943707e+02 5.479903e+02 
3.891111e-01 7.747910e+02 5.334580e+02 
3.941515e-01 7.555526e+02 5.194618e+02 
3.991919e-01 7.367889e+02 5.059766e+02 
4.042323e-01 7.186470e+02 4.929786e+02 
4.092727e-01 7.012200e+02 4.804453e+02 
4.143131e-01 6.845262e+02 4.683555e+02 
4.193535e-01 6.685472e+02 4.566893e+02 
4.243939e-01 6.532702e+02 4.454276e+02 
4.294343e-01 6.386300e+02 4.345526e+02 
4.344747e-01 6.245230e+02 4.240473e+02 
4.395152e-01 6.108325e+02 4.138957e+02 
4.445556e-01 5.974941e+02 4.040825e+02 
4.495960e-01 5.844800e+02 3.945934e+02 
4.546364e-01 5.718025e+02 3.854146e+02 
4.596768e-01 5.594301e+02 3.765333e+02 
4.647172e-01 5.473610e+02 3.679371e+02 
4.697576e-01 5.356460e+02 3.596143e+02 
4.747980e-01 5.243138e+02 3.515538e+02 
4.798384e-01 5.133645e+02 3.437450e+02 
4.848788e-01 5.027851e+02 3.361779e+02 
4.899192e-01 4.925470e+02 3.288430e+02 
4.949596e-01 4.826392e+02 3.217310e+02 
5.000000e-01 4.730430e+02 3.148334e+02 
