1.000000e-03 3.581421e+03 3.581092e+03 
6.040404e-03 1.584302e+04 1.591162e+04 
1.108081e-02 2.172054e+04 2.161770e+04 
1.612121e-02 2.374961e+04 2.333752e+04 
2.116162e-02 2.342418e+04 2.255592e+04 
2.620202e-02 2.179097e+04 2.063595e+04 
3.124242e-02 1.962965e+04 1.856926e+04 
3.628283e-02 1.747611e+04 1.671616e+04 
4.132323e-02 1.563454e+04 1.511510e+04 
4.636364e-02 1.420543e+04 1.372790e+04 
5.140404e-02 1.318639e+04 1.251452e+04 
5.644444e-02 1.246178e+04 1.144451e+04 
6.148485e-02 1.189538e+04 1.049526e+04 
6.652525e-02 1.136531e+04 9.649352e+03 
7.156566e-02 1.077549e+04 8.892843e+03 
7.660606e-02 1.008352e+04 8.214220e+03 
8.164646e-02 9.305769e+03 7.603788e+03 
8.668687e-02 8.497471e+03 7.053286e+03 
9.172727e-02 7.722064e+03 6.555614e+03 
9.676768e-02 7.033015e+03 6.104642e+03 
1.018081e-01 6.467212e+03 5.695056e+03 
1.068485e-01 6.038601e+03 5.322237e+03 
1.118889e-01 5.732858e+03 4.982158e+03 
1.169293e-01 5.514081e+03 4.671301e+03 
1.219697e-01 5.339489e+03 4.386584e+03 
1.270101e-01 5.171069e+03 4.125304e+03 
1.320505e-01 4.981074e+03 3.885081e+03 
1.370909e-01 4.754996e+03 3.663818e+03 
1.421313e-01 4.493412e+03 3.459662e+03 
1.471717e-01 4.209973e+03 3.270973e+03 
1.522121e-01 3.924852e+03 3.096293e+03 
1.572525e-01 3.658068e+03 2.934330e+03 
1.622929e-01 3.425725e+03 2.783928e+03 
1.673333e-01 3.236834e+03 2.644059e+03 
1.723737e-01 3.091459e+03 2.513800e+03 
1.774141e-01 2.981636e+03 2.392326e+03 
1.824545e-01 2.894970e+03 2.278895e+03 
1.874949e-01 2.818596e+03 2.172838e+03 
1.925354e-01 2.741229e+03 2.073556e+03 
1.975758e-01 2.654419e+03 1.980503e+03 
2.026162e-01 2.554325e+03 1.893190e+03 
2.076566e-01 2.442502e+03 1.811171e+03 
2.126970e-01 2.324469e+03 1.734042e+03 
2.177374e-01 2.207258e+03 1.661435e+03 
2.227778e-01 2.097391e+03 1.593017e+03 
2.278182e-01 1.999723e+03 1.528483e+03 
2.328586e-01 1.916793e+03 1.467554e+03 
2.378990e-01 1.848357e+03 1.409977e+03 
2.429394e-01 1.791922e+03 1.355518e+03 
2.479798e-01 1.743763e+03 1.303965e+03 
2.530202e-01 1.699753e+03 1.255120e+03 
2.580606e-01 1.655940e+03 1.208804e+03 
2.631010e-01 1.609316e+03 1.164852e+03 
2.681414e-01 1.558654e+03 1.123110e+03 
2.731818e-01 1.504628e+03 1.083438e+03 
2.782222e-01 1.449090e+03 1.045706e+03 
2.832626e-01 1.394185e+03 1.009793e+03 
2.883030e-01 1.341794e+03 9.755888e+02 
2.933434e-01 1.293537e+03 9.429896e+02 
2.983838e-01 1.250466e+03 9.118999e+02 
3.034242e-01 1.212759e+03 8.822312e+02 
3.084646e-01 1.179620e+03 8.539008e+02 
3.135051e-01 1.149684e+03 8.268322e+02 
3.185455e-01 1.121579e+03 8.009539e+02 
3.235859e-01 1.094132e+03 7.761995e+02 
3.286263e-01 1.066443e+03 7.525068e+02 
3.336667e-01 1.037975e+03 7.298180e+02 
3.387071e-01 1.008682e+03 7.080790e+02 
3.437475e-01 9.790226e+02 6.872392e+02 
3.487879e-01 9.497323e+02 6.672513e+02 
3.538283e-01 9.215394e+02 6.480709e+02 
3.588687e-01 8.949330e+02 6.296566e+02 
3.639091e-01 8.701911e+02 6.119693e+02 
3.689495e-01 8.474155e+02 5.949726e+02 
3.739899e-01 8.264573e+02 5.786320e+02 
3.790303e-01 8.069604e+02 5.629153e+02 
3.840707e-01 7.884674e+02 5.477922e+02 
3.891111e-01 7.705378e+02 5.332340e+02 
3.941515e-01 7.528640e+02 5.192139e+02 
3.991919e-01 7.352554e+02 5.057066e+02 
4.042323e-01 7.176466e+02 4.926880e+02 
4.092727e-01 7.001103e+02 4.801357e+02 
4.143131e-01 6.828196e+02 4.680284e+02 
4.193535e-01 6.660205e+02 4.563458e+02 
4.243939e-01 6.498994e+02 4.450691e+02 
4.294343e-01 6.345512e+02 4.341802e+02 
4.344747e-01 6.199835e+02 4.236621e+02 
4.395152e-01 6.061882e+02 4.134987e+02 
4.445556e-01 5.931043e+02 4.036747e+02 
4.495960e-01 5.805869e+02 3.941756e+02 
4.546364e-01 5.684682e+02 3.849877e+02 
4.596768e-01 5.566233e+02 3.760981e+02 
4.647172e-01 5.449912e+02 3.674942e+02 
4.697576e-01 5.335408e+02 3.591645e+02 
4.747980e-01 5.222692e+02 3.510977e+02 
4.798384e-01 5.112005e+02 3.432832e+02 
4.848788e-01 5.003752e+02 3.357110e+02 
4.899192e-01 4.898757e+02 3.283714e+02 
4.949596e-01 4.797491e+02 3.212553e+02 
5.000000e-01 4.700102e+02 3.143540e+02 
