1.000000e-03 2.389460e+03 2.389234e+03 
6.040404e-03 1.063430e+04 1.067622e+04 
1.108081e-02 1.465190e+04 1.449219e+04 
1.612121e-02 1.631209e+04 1.583142e+04 
2.116162e-02 1.663771e+04 1.585459e+04 
2.620202e-02 1.623433e+04 1.527249e+04 
3.124242e-02 1.548194e+04 1.444942e+04 
3.628283e-02 1.461089e+04 1.354571e+04 
4.132323e-02 1.374373e+04 1.263539e+04 
4.636364e-02 1.291910e+04 1.175526e+04 
5.140404e-02 1.217264e+04 1.092349e+04 
5.644444e-02 1.145095e+04 1.014796e+04 
6.148485e-02 1.075923e+04 9.430808e+03 
6.652525e-02 1.009041e+04 8.770928e+03 
7.156566e-02 9.445260e+03 8.165490e+03 
7.660606e-02 8.835122e+03 7.610826e+03 
8.164646e-02 8.276713e+03 7.102955e+03 
8.668687e-02 7.776259e+03 6.637883e+03 
9.172727e-02 7.327153e+03 6.211769e+03 
9.676768e-02 6.921688e+03 5.821018e+03 
1.018081e-01 6.554902e+03 5.462312e+03 
1.068485e-01 6.218492e+03 5.132624e+03 
1.118889e-01 5.900419e+03 4.829213e+03 
1.169293e-01 5.593096e+03 4.549603e+03 
1.219697e-01 5.297430e+03 4.291569e+03 
1.270101e-01 5.018001e+03 4.053110e+03 
1.320505e-01 4.758039e+03 3.832431e+03 
1.370909e-01 4.518967e+03 3.627922e+03 
1.421313e-01 4.300530e+03 3.438136e+03 
1.471717e-01 4.100466e+03 3.261775e+03 
1.522121e-01 3.915924e+03 3.097670e+03 
1.572525e-01 3.744223e+03 2.944773e+03 
1.622929e-01 3.583131e+03 2.802137e+03 
1.673333e-01 3.430309e+03 2.668909e+03 
1.723737e-01 3.284347e+03 2.544319e+03 
1.774141e-01 3.145111e+03 2.427670e+03 
1.824545e-01 3.013291e+03 2.318332e+03 
1.874949e-01 2.889089e+03 2.215733e+03 
1.925354e-01 2.772374e+03 2.119354e+03 
1.975758e-01 2.662956e+03 2.028723e+03 
2.026162e-01 2.560587e+03 1.943412e+03 
2.076566e-01 2.464427e+03 1.863028e+03 
2.126970e-01 2.373434e+03 1.787215e+03 
2.177374e-01 2.286923e+03 1.715646e+03 
2.227778e-01 2.204627e+03 1.648022e+03 
2.278182e-01 2.126202e+03 1.584070e+03 
2.328586e-01 2.051291e+03 1.523538e+03 
2.378990e-01 1.979896e+03 1.466197e+03 
2.429394e-01 1.912116e+03 1.411834e+03 
2.479798e-01 1.847800e+03 1.360254e+03 
2.530202e-01 1.786543e+03 1.311277e+03 
2.580606e-01 1.728137e+03 1.264737e+03 
2.631010e-01 1.672543e+03 1.220481e+03 
2.681414e-01 1.619639e+03 1.178367e+03 
2.731818e-01 1.569084e+03 1.138264e+03 
2.782222e-01 1.520593e+03 1.100050e+03 
2.832626e-01 1.474094e+03 1.063613e+03 
2.883030e-01 1.429618e+03 1.028848e+03 
2.933434e-01 1.387096e+03 9.956579e+02 
2.983838e-01 1.346335e+03 9.639520e+02 
3.034242e-01 1.307204e+03 9.336462e+02 
3.084646e-01 1.269682e+03 9.046621e+02 
3.135051e-01 1.233748e+03 8.769266e+02 
3.185455e-01 1.199285e+03 8.503712e+02 
3.235859e-01 1.166147e+03 8.249322e+02 
3.286263e-01 1.134245e+03 8.005501e+02 
3.336667e-01 1.103585e+03 7.771689e+02 
3.387071e-01 1.074129e+03 7.547365e+02 
3.437475e-01 1.045783e+03 7.332039e+02 
3.487879e-01 1.018446e+03 7.125251e+02 
3.538283e-01 9.920963e+02 6.926571e+02 
3.588687e-01 9.667300e+02 6.735595e+02 
3.639091e-01 9.423136e+02 6.551942e+02 
3.689495e-01 9.187626e+02 6.375255e+02 
3.739899e-01 8.960147e+02 6.205196e+02 
3.790303e-01 8.740523e+02 6.041450e+02 
3.840707e-01 8.528767e+02 5.883718e+02 
3.891111e-01 8.324294e+02 5.731718e+02 
3.941515e-01 8.126572e+02 5.585185e+02 
3.991919e-01 7.935331e+02 5.443867e+02 
4.042323e-01 7.750519e+02 5.307530e+02 
4.092727e-01 7.571961e+02 5.175947e+02 
4.143131e-01 7.399251e+02 5.048909e+02 
4.193535e-01 7.231937e+02 4.926214e+02 
4.243939e-01 7.069841e+02 4.807674e+02 
4.294343e-01 6.913033e+02 4.693108e+02 
4.344747e-01 6.761308e+02 4.582347e+02 
4.395152e-01 6.614178e+02 4.475229e+02 
4.445556e-01 6.471488e+02 4.371602e+02 
4.495960e-01 6.333160e+02 4.271319e+02 
4.546364e-01 6.199086e+02 4.174244e+02 
4.596768e-01 6.069083e+02 4.080245e+02 
4.647172e-01 5.942836e+02 3.989197e+02 
4.697576e-01 5.820213e+02 3.900983e+02 
4.747980e-01 5.701220e+02 3.815489e+02 
4.798384e-01 5.585790e+02 3.732608e+02 
4.848788e-01 5.473647e+02 3.652239e+02 
4.899192e-01 5.364583e+02 3.574283e+02 
4.949596e-01 5.258545e+02 3.498648e+02 
5.000000e-01 5.155515e+02 3.425247e+02 
