1.000000e-03 2.983655e+03 2.983370e+03 
6.040404e-03 1.324887e+04 1.329824e+04 
1.108081e-02 1.814735e+04 1.799648e+04 
1.612121e-02 1.992296e+04 1.943735e+04 
2.116162e-02 1.986654e+04 1.901559e+04 
2.620202e-02 1.882538e+04 1.781136e+04 
3.124242e-02 1.739013e+04 1.644470e+04 
3.628283e-02 1.593955e+04 1.512662e+04 
4.132323e-02 1.467223e+04 1.390601e+04 
4.636364e-02 1.363640e+04 1.278935e+04 
5.140404e-02 1.283402e+04 1.177304e+04 
5.644444e-02 1.214787e+04 1.085069e+04 
6.148485e-02 1.150735e+04 1.001491e+04 
6.652525e-02 1.085087e+04 9.258022e+03 
7.156566e-02 1.014893e+04 8.572536e+03 
7.660606e-02 9.413322e+03 7.951329e+03 
8.164646e-02 8.685561e+03 7.387809e+03 
8.668687e-02 8.010679e+03 6.875964e+03 
9.172727e-02 7.417923e+03 6.410372e+03 
9.676768e-02 6.921632e+03 5.986176e+03 
1.018081e-01 6.523177e+03 5.599046e+03 
1.068485e-01 6.205950e+03 5.245136e+03 
1.118889e-01 5.938164e+03 4.921033e+03 
1.169293e-01 5.686819e+03 4.623711e+03 
1.219697e-01 5.430363e+03 4.350487e+03 
1.270101e-01 5.160178e+03 4.098984e+03 
1.320505e-01 4.878103e+03 3.867090e+03 
1.370909e-01 4.593528e+03 3.652929e+03 
1.421313e-01 4.319724e+03 3.454832e+03 
1.471717e-01 4.068795e+03 3.271311e+03 
1.522121e-01 3.847949e+03 3.101041e+03 
1.572525e-01 3.659570e+03 2.942835e+03 
1.622929e-01 3.501512e+03 2.795631e+03 
1.673333e-01 3.366630e+03 2.658477e+03 
1.723737e-01 3.244853e+03 2.530518e+03 
1.774141e-01 3.127334e+03 2.410984e+03 
1.824545e-01 3.008813e+03 2.299183e+03 
1.874949e-01 2.887382e+03 2.194488e+03 
1.925354e-01 2.763562e+03 2.096334e+03 
1.975758e-01 2.640036e+03 2.004208e+03 
2.026162e-01 2.521072e+03 1.917645e+03 
2.076566e-01 2.410551e+03 1.836224e+03 
2.126970e-01 2.310538e+03 1.759561e+03 
2.177374e-01 2.221224e+03 1.687305e+03 
2.227778e-01 2.141566e+03 1.619137e+03 
2.278182e-01 2.069495e+03 1.554767e+03 
2.328586e-01 2.002388e+03 1.493926e+03 
2.378990e-01 1.937938e+03 1.436372e+03 
2.429394e-01 1.874657e+03 1.381880e+03 
2.479798e-01 1.811791e+03 1.330244e+03 
2.530202e-01 1.749223e+03 1.281274e+03 
2.580606e-01 1.687487e+03 1.234798e+03 
2.631010e-01 1.627849e+03 1.190654e+03 
2.681414e-01 1.571525e+03 1.148693e+03 
2.731818e-01 1.519042e+03 1.108780e+03 
2.782222e-01 1.470285e+03 1.070788e+03 
2.832626e-01 1.424911e+03 1.034599e+03 
2.883030e-01 1.382532e+03 1.000105e+03 
2.933434e-01 1.342566e+03 9.672053e+02 
2.983838e-01 1.304229e+03 9.358064e+02 
3.034242e-01 1.266893e+03 9.058215e+02 
3.084646e-01 1.230321e+03 8.771696e+02 
3.135051e-01 1.194599e+03 8.497755e+02 
3.185455e-01 1.159862e+03 8.235690e+02 
3.235859e-01 1.126234e+03 7.984847e+02 
3.286263e-01 1.093897e+03 7.744615e+02 
3.336667e-01 1.063065e+03 7.514424e+02 
3.387071e-01 1.033849e+03 7.293739e+02 
3.437475e-01 1.006168e+03 7.082061e+02 
3.487879e-01 9.797856e+02 6.878922e+02 
3.538283e-01 9.544914e+02 6.683884e+02 
3.588687e-01 9.301437e+02 6.496535e+02 
3.639091e-01 9.066027e+02 6.316490e+02 
3.689495e-01 8.837513e+02 6.143385e+02 
3.739899e-01 8.615198e+02 5.976880e+02 
3.790303e-01 8.399150e+02 5.816655e+02 
3.840707e-01 8.190073e+02 5.662406e+02 
3.891111e-01 7.988337e+02 5.513851e+02 
3.941515e-01 7.793728e+02 5.370721e+02 
3.991919e-01 7.606331e+02 5.232764e+02 
4.042323e-01 7.426320e+02 5.099741e+02 
4.092727e-01 7.253332e+02 4.971426e+02 
4.143131e-01 7.086512e+02 4.847608e+02 
4.193535e-01 6.924950e+02 4.728085e+02 
4.243939e-01 6.768344e+02 4.612667e+02 
4.294343e-01 6.616668e+02 4.501174e+02 
4.344747e-01 6.469475e+02 4.393436e+02 
4.395152e-01 6.326468e+02 4.289291e+02 
4.445556e-01 6.187460e+02 4.188586e+02 
4.495960e-01 6.052680e+02 4.091176e+02 
4.546364e-01 5.922306e+02 3.996924e+02 
4.596768e-01 5.796021e+02 3.905698e+02 
4.647172e-01 5.673592e+02 3.817374e+02 
4.697576e-01 5.554957e+02 3.731835e+02 
4.747980e-01 5.440015e+02 3.648968e+02 
4.798384e-01 5.328629e+02 3.568666e+02 
4.848788e-01 5.220438e+02 3.490829e+02 
4.899192e-01 5.115120e+02 3.415358e+02 
4.949596e-01 5.012728e+02 3.342163e+02 
5.000000e-01 4.913142e+02 3.271155e+02 
