1.000000e-03 5.240873e+03 5.240390e+03 
6.040404e-03 2.291039e+04 2.301826e+04 
1.108081e-02 3.109314e+04 3.103962e+04 
1.612121e-02 3.350834e+04 3.314346e+04 
2.116162e-02 3.234869e+04 3.130948e+04 
2.620202e-02 2.921141e+04 2.758600e+04 
3.124242e-02 2.533230e+04 2.377268e+04 
3.628283e-02 2.157846e+04 2.058311e+04 
4.132323e-02 1.844444e+04 1.803683e+04 
4.636364e-02 1.608638e+04 1.598397e+04 
5.140404e-02 1.451121e+04 1.429090e+04 
5.644444e-02 1.352920e+04 1.286513e+04 
6.148485e-02 1.292843e+04 1.164497e+04 
6.652525e-02 1.249310e+04 1.058815e+04 
7.156566e-02 1.203615e+04 9.664519e+03 
7.660606e-02 1.143277e+04 8.851562e+03 
8.164646e-02 1.063855e+04 8.131914e+03 
8.668687e-02 9.690114e+03 7.491781e+03 
9.172727e-02 8.674870e+03 6.919985e+03 
9.676768e-02 7.694987e+03 6.407314e+03 
1.018081e-01 6.840629e+03 5.946093e+03 
1.068485e-01 6.168656e+03 5.529857e+03 
1.118889e-01 5.693193e+03 5.153126e+03 
1.169293e-01 5.392229e+03 4.811221e+03 
1.219697e-01 5.221695e+03 4.500125e+03 
1.270101e-01 5.127562e+03 4.216376e+03 
1.320505e-01 5.053468e+03 3.956974e+03 
1.370909e-01 4.949491e+03 3.719310e+03 
1.421313e-01 4.783296e+03 3.501109e+03 
1.471717e-01 4.545847e+03 3.300379e+03 
1.522121e-01 4.248904e+03 3.115370e+03 
1.572525e-01 3.918463e+03 2.944540e+03 
1.622929e-01 3.587712e+03 2.786529e+03 
1.673333e-01 3.289064e+03 2.640129e+03 
1.723737e-01 3.045003e+03 2.504271e+03 
1.774141e-01 2.863596e+03 2.378001e+03 
1.824545e-01 2.740728e+03 2.260470e+03 
1.874949e-01 2.664962e+03 2.150916e+03 
1.925354e-01 2.620583e+03 2.048659e+03 
1.975758e-01 2.588964e+03 1.953088e+03 
2.026162e-01 2.551443e+03 1.863650e+03 
2.076566e-01 2.493940e+03 1.779851e+03 
2.126970e-01 2.410248e+03 1.701242e+03 
2.177374e-01 2.302100e+03 1.627417e+03 
2.227778e-01 2.176966e+03 1.558009e+03 
2.278182e-01 2.045408e+03 1.492684e+03 
2.328586e-01 1.918659e+03 1.431139e+03 
2.378990e-01 1.806268e+03 1.373097e+03 
2.429394e-01 1.714259e+03 1.318306e+03 
2.479798e-01 1.644497e+03 1.266536e+03 
2.530202e-01 1.595024e+03 1.217575e+03 
2.580606e-01 1.560965e+03 1.171231e+03 
2.631010e-01 1.535700e+03 1.127326e+03 
2.681414e-01 1.512310e+03 1.085699e+03 
2.731818e-01 1.484982e+03 1.046198e+03 
2.782222e-01 1.449938e+03 1.008687e+03 
2.832626e-01 1.405804e+03 9.730383e+02 
2.883030e-01 1.353575e+03 9.391343e+02 
2.933434e-01 1.296180e+03 9.068668e+02 
2.983838e-01 1.237599e+03 8.761355e+02 
3.034242e-01 1.181816e+03 8.468476e+02 
3.084646e-01 1.131972e+03 8.189168e+02 
3.135051e-01 1.089888e+03 7.922634e+02 
3.185455e-01 1.055971e+03 7.668131e+02 
3.235859e-01 1.029331e+03 7.424967e+02 
3.286263e-01 1.008085e+03 7.192501e+02 
3.336667e-01 9.898240e+02 6.970134e+02 
3.387071e-01 9.721413e+02 6.757309e+02 
3.437475e-01 9.530550e+02 6.553503e+02 
3.487879e-01 9.312872e+02 6.358230e+02 
3.538283e-01 9.064588e+02 6.171036e+02 
3.588687e-01 8.790522e+02 5.991495e+02 
3.639091e-01 8.501854e+02 5.819208e+02 
3.689495e-01 8.212547e+02 5.653803e+02 
3.739899e-01 7.935618e+02 5.494928e+02 
3.790303e-01 7.681665e+02 5.342257e+02 
3.840707e-01 7.457214e+02 5.195478e+02 
3.891111e-01 7.264128e+02 5.054304e+02 
3.941515e-01 7.099157e+02 4.918461e+02 
3.991919e-01 6.955031e+02 4.787692e+02 
4.042323e-01 6.822925e+02 4.661756e+02 
4.092727e-01 6.694269e+02 4.540425e+02 
4.143131e-01 6.562489e+02 4.423484e+02 
4.193535e-01 6.423242e+02 4.310731e+02 
4.243939e-01 6.274869e+02 4.201973e+02 
4.294343e-01 6.118620e+02 4.097031e+02 
4.344747e-01 5.958267e+02 3.995734e+02 
4.395152e-01 5.798847e+02 3.897920e+02 
4.445556e-01 5.645108e+02 3.803435e+02 
4.495960e-01 5.500716e+02 3.712137e+02 
4.546364e-01 5.367879e+02 3.623886e+02 
4.596768e-01 5.247291e+02 3.538554e+02 
4.647172e-01 5.138186e+02 3.456017e+02 
4.697576e-01 5.038135e+02 3.376158e+02 
4.747980e-01 4.943848e+02 3.298866e+02 
4.798384e-01 4.852283e+02 3.224036e+02 
4.848788e-01 4.760887e+02 3.151568e+02 
4.899192e-01 4.668118e+02 3.081366e+02 
4.949596e-01 4.573289e+02 3.013339e+02 
5.000000e-01 4.476571e+02 2.947402e+02 
