1.000000e-03 3.730520e+03 3.730173e+03 
6.040404e-03 1.659286e+04 1.666420e+04 
1.108081e-02 2.275554e+04 2.265863e+04 
1.612121e-02 2.483189e+04 2.442486e+04 
2.116162e-02 2.439085e+04 2.349473e+04 
2.620202e-02 2.255302e+04 2.133829e+04 
3.124242e-02 2.016443e+04 1.905687e+04 
3.628283e-02 1.780855e+04 1.704679e+04 
4.132323e-02 1.581522e+04 1.533830e+04 
4.636364e-02 1.428708e+04 1.387765e+04 
5.140404e-02 1.322642e+04 1.261302e+04 
5.644444e-02 1.249441e+04 1.150641e+04 
6.148485e-02 1.194450e+04 1.053048e+04 
6.652525e-02 1.143945e+04 9.664839e+03 
7.156566e-02 1.086779e+04 8.893573e+03 
7.660606e-02 1.017859e+04 8.203851e+03 
8.164646e-02 9.385534e+03 7.585057e+03 
8.668687e-02 8.547197e+03 7.028269e+03 
9.172727e-02 7.734106e+03 6.525905e+03 
9.676768e-02 7.007711e+03 6.071475e+03 
1.018081e-01 6.412443e+03 5.659395e+03 
1.068485e-01 5.966145e+03 5.284836e+03 
1.118889e-01 5.655548e+03 4.943610e+03 
1.169293e-01 5.442946e+03 4.632072e+03 
1.219697e-01 5.282622e+03 4.347043e+03 
1.270101e-01 5.132775e+03 4.085740e+03 
1.320505e-01 4.960441e+03 3.845720e+03 
1.370909e-01 4.746788e+03 3.624838e+03 
1.421313e-01 4.489936e+03 3.421201e+03 
1.471717e-01 4.203380e+03 3.233134e+03 
1.522121e-01 3.909049e+03 3.059158e+03 
1.572525e-01 3.630004e+03 2.897955e+03 
1.622929e-01 3.385661e+03 2.748357e+03 
1.673333e-01 3.187666e+03 2.609318e+03 
1.723737e-01 3.037501e+03 2.479908e+03 
1.774141e-01 2.927709e+03 2.359291e+03 
1.824545e-01 2.845516e+03 2.246718e+03 
1.874949e-01 2.776901e+03 2.141517e+03 
1.925354e-01 2.708584e+03 2.043081e+03 
1.975758e-01 2.629983e+03 1.950864e+03 
2.026162e-01 2.535681e+03 1.864371e+03 
2.076566e-01 2.426400e+03 1.783156e+03 
2.126970e-01 2.307698e+03 1.706813e+03 
2.177374e-01 2.187271e+03 1.634973e+03 
2.227778e-01 2.072774e+03 1.567301e+03 
2.278182e-01 1.970460e+03 1.503493e+03 
2.328586e-01 1.883971e+03 1.443271e+03 
2.378990e-01 1.813753e+03 1.386378e+03 
2.429394e-01 1.757616e+03 1.332583e+03 
2.479798e-01 1.711689e+03 1.281673e+03 
2.530202e-01 1.671242e+03 1.233452e+03 
2.580606e-01 1.631489e+03 1.187740e+03 
2.631010e-01 1.588590e+03 1.144371e+03 
2.681414e-01 1.540734e+03 1.103194e+03 
2.731818e-01 1.488242e+03 1.064069e+03 
2.782222e-01 1.432916e+03 1.026865e+03 
2.832626e-01 1.377027e+03 9.914631e+02 
2.883030e-01 1.322966e+03 9.577526e+02 
2.933434e-01 1.272966e+03 9.256309e+02 
2.983838e-01 1.228556e+03 8.950029e+02 
3.034242e-01 1.190190e+03 8.657804e+02 
3.084646e-01 1.157188e+03 8.378814e+02 
3.135051e-01 1.128159e+03 8.112300e+02 
3.185455e-01 1.101568e+03 7.857550e+02 
3.235859e-01 1.075942e+03 7.613906e+02 
3.286263e-01 1.050004e+03 7.380751e+02 
3.336667e-01 1.022921e+03 7.157511e+02 
3.387071e-01 9.944966e+02 6.943650e+02 
3.437475e-01 9.651859e+02 6.738667e+02 
3.487879e-01 9.357982e+02 6.542091e+02 
3.538283e-01 9.071656e+02 6.353485e+02 
3.588687e-01 8.800013e+02 6.172437e+02 
3.639091e-01 8.547928e+02 5.998560e+02 
3.689495e-01 8.317904e+02 5.831494e+02 
3.739899e-01 8.109286e+02 5.670898e+02 
3.790303e-01 7.918426e+02 5.516452e+02 
3.840707e-01 7.739899e+02 5.367858e+02 
3.891111e-01 7.568503e+02 5.224831e+02 
3.941515e-01 7.399858e+02 5.087107e+02 
3.991919e-01 7.230927e+02 4.954434e+02 
4.042323e-01 7.060178e+02 4.826575e+02 
4.092727e-01 6.887879e+02 4.703309e+02 
4.143131e-01 6.716229e+02 4.584425e+02 
4.193535e-01 6.548143e+02 4.469723e+02 
4.243939e-01 6.386036e+02 4.359017e+02 
4.294343e-01 6.231506e+02 4.252128e+02 
4.344747e-01 6.085521e+02 4.148889e+02 
4.395152e-01 5.948476e+02 4.049139e+02 
4.445556e-01 5.819618e+02 3.952730e+02 
4.495960e-01 5.697447e+02 3.859517e+02 
4.546364e-01 5.579933e+02 3.769366e+02 
4.596768e-01 5.465389e+02 3.682147e+02 
4.647172e-01 5.352801e+02 3.597740e+02 
4.697576e-01 5.241479e+02 3.516028e+02 
4.747980e-01 5.131139e+02 3.436901e+02 
4.798384e-01 5.021976e+02 3.360255e+02 
4.848788e-01 4.914726e+02 3.285991e+02 
4.899192e-01 4.810303e+02 3.214013e+02 
4.949596e-01 4.709456e+02 3.144232e+02 
5.000000e-01 4.612591e+02 3.076562e+02 
