1.000000e-03 5.339970e+03 5.339486e+03 
6.040404e-03 2.432559e+04 2.444636e+04 
1.108081e-02 3.360127e+04 3.360510e+04 
1.612121e-02 3.657110e+04 3.634290e+04 
2.116162e-02 3.543506e+04 3.448367e+04 
2.620202e-02 3.190490e+04 3.011119e+04 
3.124242e-02 2.738123e+04 2.544269e+04 
3.628283e-02 2.290111e+04 2.154991e+04 
4.132323e-02 1.908957e+04 1.853074e+04 
4.636364e-02 1.618479e+04 1.618425e+04 
5.140404e-02 1.421835e+04 1.431375e+04 
5.644444e-02 1.301533e+04 1.278180e+04 
6.148485e-02 1.235161e+04 1.149875e+04 
6.652525e-02 1.199592e+04 1.040562e+04 
7.156566e-02 1.172046e+04 9.462187e+03 
7.660606e-02 1.134493e+04 8.639843e+03 
8.164646e-02 1.076161e+04 7.917426e+03 
8.668687e-02 9.953140e+03 7.278748e+03 
9.172727e-02 8.977495e+03 6.711081e+03 
9.676768e-02 7.937725e+03 6.204206e+03 
1.018081e-01 6.948235e+03 5.749775e+03 
1.068485e-01 6.104359e+03 5.340876e+03 
1.118889e-01 5.459789e+03 4.971728e+03 
1.169293e-01 5.022332e+03 4.637449e+03 
1.219697e-01 4.766919e+03 4.333888e+03 
1.270101e-01 4.650441e+03 4.057493e+03 
1.320505e-01 4.619242e+03 3.805208e+03 
1.370909e-01 4.614519e+03 3.574390e+03 
1.421313e-01 4.581268e+03 3.362744e+03 
1.471717e-01 4.479707e+03 3.168269e+03 
1.522121e-01 4.292535e+03 2.989215e+03 
1.572525e-01 4.025885e+03 2.824045e+03 
1.622929e-01 3.705106e+03 2.671406e+03 
1.673333e-01 3.366957e+03 2.530101e+03 
1.723737e-01 3.049657e+03 2.399071e+03 
1.774141e-01 2.781908e+03 2.277376e+03 
1.824545e-01 2.578175e+03 2.164178e+03 
1.874949e-01 2.440310e+03 2.058729e+03 
1.925354e-01 2.361428e+03 1.960360e+03 
1.975758e-01 2.327894e+03 1.868471e+03 
2.026162e-01 2.320912e+03 1.782525e+03 
2.076566e-01 2.319478e+03 1.702034e+03 
2.126970e-01 2.304575e+03 1.626562e+03 
2.177374e-01 2.262992e+03 1.555713e+03 
2.227778e-01 2.189234e+03 1.489129e+03 
2.278182e-01 2.085760e+03 1.426486e+03 
2.328586e-01 1.961465e+03 1.367487e+03 
2.378990e-01 1.829064e+03 1.311865e+03 
2.429394e-01 1.701672e+03 1.259375e+03 
2.479798e-01 1.590029e+03 1.209792e+03 
2.530202e-01 1.500925e+03 1.162914e+03 
2.580606e-01 1.436751e+03 1.118553e+03 
2.631010e-01 1.395778e+03 1.076537e+03 
2.681414e-01 1.372915e+03 1.036710e+03 
2.731818e-01 1.361086e+03 9.989254e+02 
2.782222e-01 1.352687e+03 9.630515e+02 
2.832626e-01 1.340799e+03 9.289653e+02 
2.883030e-01 1.320074e+03 8.965535e+02 
2.933434e-01 1.287532e+03 8.657115e+02 
2.983838e-01 1.243160e+03 8.363428e+02 
3.034242e-01 1.189723e+03 8.083578e+02 
3.084646e-01 1.131749e+03 7.816735e+02 
3.135051e-01 1.074143e+03 7.562131e+02 
3.185455e-01 1.021239e+03 7.319051e+02 
3.235859e-01 9.761283e+02 7.086831e+02 
3.286263e-01 9.404398e+02 6.864854e+02 
3.336667e-01 9.141762e+02 6.652543e+02 
3.387071e-01 8.959033e+02 6.449363e+02 
3.437475e-01 8.831416e+02 6.254813e+02 
3.487879e-01 8.729950e+02 6.068427e+02 
3.538283e-01 8.626489e+02 5.889766e+02 
3.588687e-01 8.497824e+02 5.718424e+02 
3.639091e-01 8.329080e+02 5.554018e+02 
3.689495e-01 8.115798e+02 5.396190e+02 
3.739899e-01 7.864132e+02 5.244604e+02 
3.790303e-01 7.587974e+02 5.098946e+02 
3.840707e-01 7.304741e+02 4.958918e+02 
3.891111e-01 7.032143e+02 4.824245e+02 
3.941515e-01 6.784850e+02 4.694663e+02 
3.991919e-01 6.572332e+02 4.569929e+02 
4.042323e-01 6.398263e+02 4.449809e+02 
4.092727e-01 6.259812e+02 4.334086e+02 
4.143131e-01 6.149025e+02 4.222555e+02 
4.193535e-01 6.055489e+02 4.115022e+02 
4.243939e-01 5.968257e+02 4.011303e+02 
4.294343e-01 5.877472e+02 3.911226e+02 
4.344747e-01 5.775475e+02 3.814627e+02 
4.395152e-01 5.657917e+02 3.721352e+02 
4.445556e-01 5.524767e+02 3.631255e+02 
4.495960e-01 5.379648e+02 3.544197e+02 
4.546364e-01 5.228876e+02 3.460047e+02 
4.596768e-01 5.079080e+02 3.378681e+02 
4.647172e-01 4.936246e+02 3.299981e+02 
4.697576e-01 4.805352e+02 3.223837e+02 
4.747980e-01 4.689428e+02 3.150140e+02 
4.798384e-01 4.589197e+02 3.078792e+02 
4.848788e-01 4.502756e+02 3.009695e+02 
4.899192e-01 4.426485e+02 2.942760e+02 
4.949596e-01 4.356149e+02 2.877900e+02 
5.000000e-01 4.287741e+02 2.815032e+02 
