1.000000e-03 3.629885e+03 3.629547e+03 
6.040404e-03 1.624530e+04 1.631355e+04 
1.108081e-02 2.226801e+04 2.215709e+04 
1.612121e-02 2.429374e+04 2.385744e+04 
2.116162e-02 2.388577e+04 2.297732e+04 
2.620202e-02 2.214594e+04 2.096547e+04 
3.124242e-02 1.989261e+04 1.883878e+04 
3.628283e-02 1.768023e+04 1.694513e+04 
4.132323e-02 1.581521e+04 1.531275e+04 
4.636364e-02 1.438673e+04 1.389944e+04 
5.140404e-02 1.338530e+04 1.266379e+04 
5.644444e-02 1.267111e+04 1.157471e+04 
6.148485e-02 1.210690e+04 1.060914e+04 
6.652525e-02 1.155744e+04 9.749287e+03 
7.156566e-02 1.093198e+04 8.980847e+03 
7.660606e-02 1.019672e+04 8.292007e+03 
8.164646e-02 9.378262e+03 7.672809e+03 
8.668687e-02 8.539828e+03 7.114764e+03 
9.172727e-02 7.748960e+03 6.610584e+03 
9.676768e-02 7.060411e+03 6.153979e+03 
1.018081e-01 6.508990e+03 5.739503e+03 
1.068485e-01 6.101882e+03 5.362423e+03 
1.118889e-01 5.815506e+03 5.018620e+03 
1.169293e-01 5.608118e+03 4.704498e+03 
1.219697e-01 5.434612e+03 4.416908e+03 
1.270101e-01 5.257051e+03 4.153093e+03 
1.320505e-01 5.049406e+03 3.910626e+03 
1.370909e-01 4.801002e+03 3.687371e+03 
1.421313e-01 4.518396e+03 3.481440e+03 
1.471717e-01 4.220173e+03 3.291166e+03 
1.522121e-01 3.928280e+03 3.115068e+03 
1.572525e-01 3.662732e+03 2.951829e+03 
1.622929e-01 3.438414e+03 2.800280e+03 
1.673333e-01 3.261541e+03 2.659374e+03 
1.723737e-01 3.128206e+03 2.528177e+03 
1.774141e-01 3.026999e+03 2.405852e+03 
1.824545e-01 2.943928e+03 2.291646e+03 
1.874949e-01 2.865732e+03 2.184884e+03 
1.925354e-01 2.781689e+03 2.084956e+03 
1.975758e-01 2.685002e+03 1.991313e+03 
2.026162e-01 2.574142e+03 1.903458e+03 
2.076566e-01 2.453350e+03 1.820940e+03 
2.126970e-01 2.329823e+03 1.743351e+03 
2.177374e-01 2.211087e+03 1.670320e+03 
2.227778e-01 2.103314e+03 1.601509e+03 
2.278182e-01 2.010257e+03 1.536611e+03 
2.328586e-01 1.932869e+03 1.475345e+03 
2.378990e-01 1.869515e+03 1.417453e+03 
2.429394e-01 1.816681e+03 1.362701e+03 
2.479798e-01 1.769909e+03 1.310874e+03 
2.530202e-01 1.724739e+03 1.261773e+03 
2.580606e-01 1.677472e+03 1.215218e+03 
2.631010e-01 1.626115e+03 1.171040e+03 
2.681414e-01 1.570843e+03 1.129087e+03 
2.731818e-01 1.513296e+03 1.089217e+03 
2.782222e-01 1.455626e+03 1.051297e+03 
2.832626e-01 1.400026e+03 1.015208e+03 
2.883030e-01 1.348386e+03 9.808362e+02 
2.933434e-01 1.302057e+03 9.480789e+02 
2.983838e-01 1.261436e+03 9.168396e+02 
3.034242e-01 1.225850e+03 8.870290e+02 
3.084646e-01 1.193987e+03 8.585638e+02 
3.135051e-01 1.164412e+03 8.313671e+02 
3.185455e-01 1.135795e+03 8.053669e+02 
3.235859e-01 1.107030e+03 7.804963e+02 
3.286263e-01 1.077461e+03 7.566929e+02 
3.336667e-01 1.047008e+03 7.338983e+02 
3.387071e-01 1.016106e+03 7.120583e+02 
3.437475e-01 9.855062e+02 6.911218e+02 
3.487879e-01 9.559131e+02 6.710413e+02 
3.538283e-01 9.279310e+02 6.517723e+02 
3.588687e-01 9.019252e+02 6.332729e+02 
3.639091e-01 8.780136e+02 6.155040e+02 
3.689495e-01 8.560243e+02 5.984288e+02 
3.739899e-01 8.355837e+02 5.820128e+02 
3.790303e-01 8.162146e+02 5.662236e+02 
3.840707e-01 7.974719e+02 5.510306e+02 
3.891111e-01 7.790296e+02 5.364051e+02 
3.941515e-01 7.606544e+02 5.223202e+02 
3.991919e-01 7.422513e+02 5.087502e+02 
4.042323e-01 7.239298e+02 4.956712e+02 
4.092727e-01 7.059091e+02 4.830605e+02 
4.143131e-01 6.884193e+02 4.708967e+02 
4.193535e-01 6.716352e+02 4.591596e+02 
4.243939e-01 6.556378e+02 4.478301e+02 
4.294343e-01 6.404785e+02 4.368900e+02 
4.344747e-01 6.261628e+02 4.263224e+02 
4.395152e-01 6.125752e+02 4.161110e+02 
4.445556e-01 5.995376e+02 4.062404e+02 
4.495960e-01 5.868967e+02 3.966961e+02 
4.546364e-01 5.745428e+02 3.874644e+02 
4.596768e-01 5.624252e+02 3.785322e+02 
4.647172e-01 5.505054e+02 3.698870e+02 
4.697576e-01 5.387559e+02 3.615171e+02 
4.747980e-01 5.272145e+02 3.534112e+02 
4.798384e-01 5.159693e+02 3.455587e+02 
4.848788e-01 5.050915e+02 3.379495e+02 
4.899192e-01 4.946068e+02 3.305739e+02 
4.949596e-01 4.845154e+02 3.234228e+02 
5.000000e-01 4.747902e+02 3.164874e+02 
