1.000000e-03 2.639445e+03 2.639190e+03 
6.040404e-03 1.178993e+04 1.183203e+04 
1.108081e-02 1.621685e+04 1.604841e+04 
1.612121e-02 1.794674e+04 1.744143e+04 
2.116162e-02 1.812496e+04 1.729382e+04 
2.620202e-02 1.746612e+04 1.647678e+04 
3.124242e-02 1.644253e+04 1.544689e+04 
3.628283e-02 1.534722e+04 1.437973e+04 
4.132323e-02 1.433149e+04 1.334100e+04 
4.636364e-02 1.344081e+04 1.235815e+04 
5.140404e-02 1.266356e+04 1.144263e+04 
5.644444e-02 1.194985e+04 1.059780e+04 
6.148485e-02 1.125674e+04 9.822641e+03 
6.652525e-02 1.056520e+04 9.113783e+03 
7.156566e-02 9.867771e+03 8.466696e+03 
7.660606e-02 9.184418e+03 7.876409e+03 
8.164646e-02 8.546415e+03 7.337911e+03 
8.668687e-02 7.975446e+03 6.846388e+03 
9.172727e-02 7.476078e+03 6.397337e+03 
9.676768e-02 7.045293e+03 5.986619e+03 
1.018081e-01 6.675786e+03 5.610471e+03 
1.068485e-01 6.350509e+03 5.265497e+03 
1.118889e-01 6.046537e+03 4.948646e+03 
1.169293e-01 5.747438e+03 4.657186e+03 
1.219697e-01 5.448604e+03 4.388674e+03 
1.270101e-01 5.154256e+03 4.140927e+03 
1.320505e-01 4.871095e+03 3.911993e+03 
1.370909e-01 4.606167e+03 3.700128e+03 
1.421313e-01 4.364771e+03 3.503775e+03 
1.471717e-01 4.148623e+03 3.321536e+03 
1.522121e-01 3.956162e+03 3.152162e+03 
1.572525e-01 3.783948e+03 2.994529e+03 
1.622929e-01 3.627356e+03 2.847630e+03 
1.673333e-01 3.480465e+03 2.710556e+03 
1.723737e-01 3.338475e+03 2.582492e+03 
1.774141e-01 3.199470e+03 2.462698e+03 
1.824545e-01 3.063952e+03 2.350509e+03 
1.874949e-01 2.933243e+03 2.245321e+03 
1.925354e-01 2.808596e+03 2.146589e+03 
1.975758e-01 2.691656e+03 2.053815e+03 
2.026162e-01 2.583518e+03 1.966549e+03 
2.076566e-01 2.484031e+03 1.884381e+03 
2.126970e-01 2.392016e+03 1.806936e+03 
2.177374e-01 2.306021e+03 1.733873e+03 
2.227778e-01 2.224804e+03 1.664880e+03 
2.278182e-01 2.147171e+03 1.599671e+03 
2.328586e-01 2.072262e+03 1.537986e+03 
2.378990e-01 1.999919e+03 1.479583e+03 
2.429394e-01 1.930399e+03 1.424243e+03 
2.479798e-01 1.863832e+03 1.371763e+03 
2.530202e-01 1.800217e+03 1.321955e+03 
2.580606e-01 1.739783e+03 1.274648e+03 
2.631010e-01 1.682785e+03 1.229684e+03 
2.681414e-01 1.629119e+03 1.186915e+03 
2.731818e-01 1.578263e+03 1.146205e+03 
2.782222e-01 1.529645e+03 1.107429e+03 
2.832626e-01 1.483057e+03 1.070471e+03 
2.883030e-01 1.438411e+03 1.035223e+03 
2.933434e-01 1.395528e+03 1.001584e+03 
2.983838e-01 1.354184e+03 9.694611e+02 
3.034242e-01 1.314318e+03 9.387675e+02 
3.084646e-01 1.276064e+03 9.094226e+02 
3.135051e-01 1.239480e+03 8.813511e+02 
3.185455e-01 1.204473e+03 8.544828e+02 
3.235859e-01 1.170889e+03 8.287522e+02 
3.286263e-01 1.138668e+03 8.040979e+02 
3.336667e-01 1.107799e+03 7.804629e+02 
3.387071e-01 1.078181e+03 7.577934e+02 
3.437475e-01 1.049658e+03 7.360394e+02 
3.487879e-01 1.022109e+03 7.151537e+02 
3.538283e-01 9.955163e+02 6.950922e+02 
3.588687e-01 9.698943e+02 6.758136e+02 
3.639091e-01 9.452097e+02 6.572789e+02 
3.689495e-01 9.213938e+02 6.394515e+02 
3.739899e-01 8.984037e+02 6.222972e+02 
3.790303e-01 8.762480e+02 6.057834e+02 
3.840707e-01 8.549084e+02 5.898797e+02 
3.891111e-01 8.343187e+02 5.745574e+02 
3.941515e-01 8.144104e+02 5.597894e+02 
3.991919e-01 7.951607e+02 5.455500e+02 
4.042323e-01 7.765727e+02 5.318153e+02 
4.092727e-01 7.586022e+02 5.185622e+02 
4.143131e-01 7.411995e+02 5.057694e+02 
4.193535e-01 7.243373e+02 4.934163e+02 
4.243939e-01 7.080142e+02 4.814838e+02 
4.294343e-01 6.922343e+02 4.699534e+02 
4.344747e-01 6.769529e+02 4.588080e+02 
4.395152e-01 6.621445e+02 4.480310e+02 
4.445556e-01 6.477912e+02 4.376070e+02 
4.495960e-01 6.338816e+02 4.275212e+02 
4.546364e-01 6.204056e+02 4.177595e+02 
4.596768e-01 6.073338e+02 4.083087e+02 
4.647172e-01 5.946364e+02 3.991561e+02 
4.697576e-01 5.823139e+02 3.902896e+02 
4.747980e-01 5.703570e+02 3.816979e+02 
4.798384e-01 5.587491e+02 3.733700e+02 
4.848788e-01 5.474756e+02 3.652956e+02 
4.899192e-01 5.365109e+02 3.574649e+02 
4.949596e-01 5.258613e+02 3.498683e+02 
5.000000e-01 5.155178e+02 3.424971e+02 
