1.000000e-03 4.034407e+03 4.034013e+03 
6.040404e-03 1.756996e+04 1.763944e+04 
1.108081e-02 2.369948e+04 2.355852e+04 
1.612121e-02 2.553842e+04 2.502608e+04 
2.116162e-02 2.485898e+04 2.385060e+04 
2.620202e-02 2.286699e+04 2.162046e+04 
3.124242e-02 2.042674e+04 1.935371e+04 
3.628283e-02 1.810190e+04 1.735931e+04 
4.132323e-02 1.618358e+04 1.564583e+04 
4.636364e-02 1.473765e+04 1.416481e+04 
5.140404e-02 1.372753e+04 1.287255e+04 
5.644444e-02 1.299600e+04 1.173644e+04 
6.148485e-02 1.238600e+04 1.073203e+04 
6.652525e-02 1.176589e+04 9.840238e+03 
7.156566e-02 1.105941e+04 9.045614e+03 
7.660606e-02 1.024794e+04 8.335346e+03 
8.164646e-02 9.371270e+03 7.698639e+03 
8.668687e-02 8.500611e+03 7.126309e+03 
9.172727e-02 7.705964e+03 6.610492e+03 
9.676768e-02 7.037721e+03 6.144430e+03 
1.018081e-01 6.520013e+03 5.722290e+03 
1.068485e-01 6.145172e+03 5.339024e+03 
1.118889e-01 5.878683e+03 4.990256e+03 
1.169293e-01 5.674065e+03 4.672177e+03 
1.219697e-01 5.486053e+03 4.381466e+03 
1.270101e-01 5.279413e+03 4.115221e+03 
1.320505e-01 5.034449e+03 3.870897e+03 
1.370909e-01 4.751231e+03 3.646260e+03 
1.421313e-01 4.445234e+03 3.439342e+03 
1.471717e-01 4.137975e+03 3.248408e+03 
1.522121e-01 3.850386e+03 3.071920e+03 
1.572525e-01 3.599953e+03 2.908516e+03 
1.622929e-01 3.397434e+03 2.756987e+03 
1.673333e-01 3.242677e+03 2.616253e+03 
1.723737e-01 3.125241e+03 2.485354e+03 
1.774141e-01 3.030216e+03 2.363427e+03 
1.824545e-01 2.943987e+03 2.249703e+03 
1.874949e-01 2.855504e+03 2.143490e+03 
1.925354e-01 2.756385e+03 2.044163e+03 
1.975758e-01 2.643313e+03 1.951163e+03 
2.026162e-01 2.519411e+03 1.863981e+03 
2.076566e-01 2.392048e+03 1.782161e+03 
2.126970e-01 2.269177e+03 1.705287e+03 
2.177374e-01 2.156821e+03 1.632982e+03 
2.227778e-01 2.058699e+03 1.564903e+03 
2.278182e-01 1.976258e+03 1.500739e+03 
2.328586e-01 1.908297e+03 1.440206e+03 
2.378990e-01 1.851303e+03 1.383043e+03 
2.429394e-01 1.800619e+03 1.329015e+03 
2.479798e-01 1.751725e+03 1.277903e+03 
2.530202e-01 1.701242e+03 1.229508e+03 
2.580606e-01 1.647299e+03 1.183648e+03 
2.631010e-01 1.589887e+03 1.140154e+03 
2.681414e-01 1.530509e+03 1.098872e+03 
2.731818e-01 1.471422e+03 1.059660e+03 
2.782222e-01 1.414892e+03 1.022385e+03 
2.832626e-01 1.362635e+03 9.869263e+02 
2.883030e-01 1.315655e+03 9.531717e+02 
2.933434e-01 1.274125e+03 9.210172e+02 
2.983838e-01 1.237405e+03 8.903665e+02 
3.034242e-01 1.204253e+03 8.611304e+02 
3.084646e-01 1.173164e+03 8.332258e+02 
3.135051e-01 1.142787e+03 8.065758e+02 
3.185455e-01 1.112222e+03 7.811086e+02 
3.235859e-01 1.081091e+03 7.567575e+02 
3.286263e-01 1.049453e+03 7.334604e+02 
3.336667e-01 1.017746e+03 7.111591e+02 
3.387071e-01 9.866144e+02 6.897995e+02 
3.437475e-01 9.567803e+02 6.693311e+02 
3.487879e-01 9.287934e+02 6.497064e+02 
3.538283e-01 9.028659e+02 6.308813e+02 
3.588687e-01 8.788755e+02 6.128142e+02 
3.639091e-01 8.565714e+02 5.954662e+02 
3.689495e-01 8.356364e+02 5.788009e+02 
3.739899e-01 8.156575e+02 5.627841e+02 
3.790303e-01 7.962087e+02 5.473836e+02 
3.840707e-01 7.769670e+02 5.325692e+02 
3.891111e-01 7.578214e+02 5.183124e+02 
3.941515e-01 7.388506e+02 5.045865e+02 
3.991919e-01 7.201804e+02 4.913663e+02 
4.042323e-01 7.019774e+02 4.786279e+02 
4.092727e-01 6.844148e+02 4.663491e+02 
4.143131e-01 6.676381e+02 4.545086e+02 
4.193535e-01 6.517187e+02 4.430865e+02 
4.243939e-01 6.366255e+02 4.320639e+02 
4.294343e-01 6.222495e+02 4.214229e+02 
4.344747e-01 6.084827e+02 4.111468e+02 
4.395152e-01 5.951986e+02 4.012195e+02 
4.445556e-01 5.822844e+02 3.916259e+02 
4.495960e-01 5.696444e+02 3.823517e+02 
4.546364e-01 5.572294e+02 3.733834e+02 
4.596768e-01 5.450507e+02 3.647079e+02 
4.647172e-01 5.331441e+02 3.563131e+02 
4.697576e-01 5.215484e+02 3.481875e+02 
4.747980e-01 5.102985e+02 3.403199e+02 
4.798384e-01 4.994306e+02 3.326999e+02 
4.848788e-01 4.889805e+02 3.253176e+02 
4.899192e-01 4.789234e+02 3.181634e+02 
4.949596e-01 4.692218e+02 3.112284e+02 
5.000000e-01 4.598326e+02 3.045040e+02 
