1.000000e-03 3.611153e+03 3.610814e+03 
6.040404e-03 1.609570e+04 1.616412e+04 
1.108081e-02 2.204205e+04 2.193154e+04 
1.612121e-02 2.404532e+04 2.361270e+04 
2.116162e-02 2.365044e+04 2.275050e+04 
2.620202e-02 2.193832e+04 2.076076e+04 
3.124242e-02 1.971203e+04 1.864916e+04 
3.628283e-02 1.751701e+04 1.676721e+04 
4.132323e-02 1.565771e+04 1.514585e+04 
4.636364e-02 1.422822e+04 1.374344e+04 
5.140404e-02 1.321896e+04 1.251841e+04 
5.644444e-02 1.250223e+04 1.143945e+04 
6.148485e-02 1.194099e+04 1.048337e+04 
6.652525e-02 1.140240e+04 9.632307e+03 
7.156566e-02 1.079566e+04 8.871971e+03 
7.660606e-02 1.008318e+04 8.190567e+03 
8.164646e-02 9.286070e+03 7.578180e+03 
8.668687e-02 8.463208e+03 7.026369e+03 
9.172727e-02 7.680504e+03 6.527895e+03 
9.676768e-02 6.993092e+03 6.076516e+03 
1.018081e-01 6.437142e+03 5.666830e+03 
1.068485e-01 6.022056e+03 5.294146e+03 
1.118889e-01 5.728621e+03 4.954383e+03 
1.169293e-01 5.517786e+03 4.643978e+03 
1.219697e-01 5.345812e+03 4.359815e+03 
1.270101e-01 5.174902e+03 4.099162e+03 
1.320505e-01 4.977611e+03 3.859618e+03 
1.370909e-01 4.741222e+03 3.639068e+03 
1.421313e-01 4.469892e+03 3.435647e+03 
1.471717e-01 4.179983e+03 3.247702e+03 
1.522121e-01 3.892646e+03 3.073770e+03 
1.572525e-01 3.627693e+03 2.912548e+03 
1.622929e-01 3.400431e+03 2.762879e+03 
1.673333e-01 3.218843e+03 2.623729e+03 
1.723737e-01 3.081048e+03 2.494173e+03 
1.774141e-01 2.976997e+03 2.373384e+03 
1.824545e-01 2.893263e+03 2.260617e+03 
1.874949e-01 2.816924e+03 2.155205e+03 
1.925354e-01 2.737065e+03 2.056546e+03 
1.975758e-01 2.646122e+03 1.964096e+03 
2.026162e-01 2.541380e+03 1.877363e+03 
2.076566e-01 2.425549e+03 1.795903e+03 
2.126970e-01 2.305261e+03 1.719312e+03 
2.177374e-01 2.187953e+03 1.647223e+03 
2.227778e-01 2.079927e+03 1.579303e+03 
2.278182e-01 1.985323e+03 1.515247e+03 
2.328586e-01 1.905873e+03 1.454777e+03 
2.378990e-01 1.840636e+03 1.397641e+03 
2.429394e-01 1.786695e+03 1.343606e+03 
2.479798e-01 1.739926e+03 1.292459e+03 
2.530202e-01 1.695901e+03 1.244004e+03 
2.580606e-01 1.650793e+03 1.198063e+03 
2.631010e-01 1.602176e+03 1.154470e+03 
2.681414e-01 1.549577e+03 1.113073e+03 
2.731818e-01 1.494196e+03 1.073732e+03 
2.782222e-01 1.437995e+03 1.036318e+03 
2.832626e-01 1.383094e+03 1.000710e+03 
2.883030e-01 1.331446e+03 9.667990e+02 
2.933434e-01 1.284590e+03 9.344812e+02 
2.983838e-01 1.243203e+03 9.036620e+02 
3.034242e-01 1.206977e+03 8.742531e+02 
3.084646e-01 1.174829e+03 8.461725e+02 
3.135051e-01 1.145409e+03 8.193439e+02 
3.185455e-01 1.117389e+03 7.936964e+02 
3.235859e-01 1.089604e+03 7.691638e+02 
3.286263e-01 1.061226e+03 7.456846e+02 
3.336667e-01 1.031965e+03 7.232012e+02 
3.387071e-01 1.002097e+03 7.016598e+02 
3.437475e-01 9.722284e+02 6.810103e+02 
3.487879e-01 9.430376e+02 6.612055e+02 
3.538283e-01 9.151760e+02 6.422016e+02 
3.588687e-01 8.891050e+02 6.239571e+02 
3.639091e-01 8.650437e+02 6.064336e+02 
3.689495e-01 8.429296e+02 5.895947e+02 
3.739899e-01 8.224616e+02 5.734062e+02 
3.790303e-01 8.032246e+02 5.578362e+02 
3.840707e-01 7.848090e+02 5.428546e+02 
3.891111e-01 7.668264e+02 5.284329e+02 
3.941515e-01 7.489864e+02 5.145445e+02 
3.991919e-01 7.311426e+02 5.011643e+02 
4.042323e-01 7.133133e+02 4.882685e+02 
4.092727e-01 6.956811e+02 4.758347e+02 
4.143131e-01 6.784670e+02 4.638419e+02 
4.193535e-01 6.618396e+02 4.522700e+02 
4.243939e-01 6.459310e+02 4.411002e+02 
4.294343e-01 6.308205e+02 4.303146e+02 
4.344747e-01 6.165316e+02 4.198965e+02 
4.395152e-01 6.030104e+02 4.098297e+02 
4.445556e-01 5.901044e+02 4.000992e+02 
4.495960e-01 5.776455e+02 3.906905e+02 
4.546364e-01 5.655255e+02 3.815902e+02 
4.596768e-01 5.536711e+02 3.727853e+02 
4.647172e-01 5.420199e+02 3.642635e+02 
4.697576e-01 5.305358e+02 3.560132e+02 
4.747980e-01 5.192266e+02 3.480234e+02 
4.798384e-01 5.081600e+02 3.402835e+02 
4.848788e-01 4.974255e+02 3.327835e+02 
4.899192e-01 4.870510e+02 3.255140e+02 
4.949596e-01 4.770423e+02 3.184658e+02 
5.000000e-01 4.674032e+02 3.116304e+02 
