1.000000e-03 4.484789e+03 4.484348e+03 
6.040404e-03 1.975531e+04 1.983755e+04 
1.108081e-02 2.673641e+04 2.662455e+04 
1.612121e-02 2.876625e+04 2.829181e+04 
2.116162e-02 2.781626e+04 2.675273e+04 
2.620202e-02 2.528544e+04 2.386882e+04 
3.124242e-02 2.221516e+04 2.098671e+04 
3.628283e-02 1.930350e+04 1.853753e+04 
4.132323e-02 1.692104e+04 1.651165e+04 
4.636364e-02 1.515711e+04 1.481595e+04 
5.140404e-02 1.398852e+04 1.337234e+04 
5.644444e-02 1.321820e+04 1.212621e+04 
6.148485e-02 1.266133e+04 1.103957e+04 
6.652525e-02 1.213398e+04 1.008488e+04 
7.156566e-02 1.151350e+04 9.241242e+03 
7.660606e-02 1.074284e+04 8.492200e+03 
8.164646e-02 9.841624e+03 7.824452e+03 
8.668687e-02 8.885082e+03 7.227031e+03 
9.172727e-02 7.964691e+03 6.690776e+03 
9.676768e-02 7.159566e+03 6.207957e+03 
1.018081e-01 6.520255e+03 5.772008e+03 
1.068485e-01 6.059301e+03 5.377316e+03 
1.118889e-01 5.753293e+03 5.019059e+03 
1.169293e-01 5.556203e+03 4.693080e+03 
1.219697e-01 5.414347e+03 4.395778e+03 
1.270101e-01 5.276200e+03 4.124027e+03 
1.320505e-01 5.101408e+03 3.875100e+03 
1.370909e-01 4.870464e+03 3.646615e+03 
1.421313e-01 4.586480e+03 3.436482e+03 
1.471717e-01 4.268891e+03 3.242864e+03 
1.522121e-01 3.944409e+03 3.064141e+03 
1.572525e-01 3.641089e+03 2.898882e+03 
1.622929e-01 3.383062e+03 2.745819e+03 
1.673333e-01 3.182380e+03 2.603824e+03 
1.723737e-01 3.037356e+03 2.471895e+03 
1.774141e-01 2.936201e+03 2.349137e+03 
1.824545e-01 2.863419e+03 2.234749e+03 
1.874949e-01 2.802776e+03 2.128015e+03 
1.925354e-01 2.738435e+03 2.028290e+03 
1.975758e-01 2.657964e+03 1.934996e+03 
2.026162e-01 2.556398e+03 1.847610e+03 
2.076566e-01 2.436849e+03 1.765660e+03 
2.126970e-01 2.307550e+03 1.688721e+03 
2.177374e-01 2.178069e+03 1.616406e+03 
2.227778e-01 2.057226e+03 1.548364e+03 
2.278182e-01 1.951960e+03 1.484276e+03 
2.328586e-01 1.865924e+03 1.423852e+03 
2.378990e-01 1.798926e+03 1.366827e+03 
2.429394e-01 1.747500e+03 1.312959e+03 
2.479798e-01 1.706150e+03 1.262028e+03 
2.530202e-01 1.668860e+03 1.213829e+03 
2.580606e-01 1.630193e+03 1.168178e+03 
2.631010e-01 1.586381e+03 1.124904e+03 
2.681414e-01 1.536075e+03 1.083850e+03 
2.731818e-01 1.480117e+03 1.044872e+03 
2.782222e-01 1.420979e+03 1.007836e+03 
2.832626e-01 1.361829e+03 9.726203e+02 
2.883030e-01 1.305732e+03 9.391105e+02 
2.933434e-01 1.255145e+03 9.072019e+02 
2.983838e-01 1.211374e+03 8.767973e+02 
3.034242e-01 1.174488e+03 8.478067e+02 
3.084646e-01 1.143419e+03 8.201465e+02 
3.135051e-01 1.116324e+03 7.937391e+02 
3.185455e-01 1.091182e+03 7.685123e+02 
3.235859e-01 1.066199e+03 7.443990e+02 
3.286263e-01 1.040080e+03 7.213366e+02 
3.336667e-01 1.012191e+03 6.992669e+02 
3.387071e-01 9.825865e+02 6.781354e+02 
3.437475e-01 9.519976e+02 6.578915e+02 
3.487879e-01 9.215317e+02 6.384876e+02 
3.538283e-01 8.922489e+02 6.198793e+02 
3.588687e-01 8.649425e+02 6.020250e+02 
3.639091e-01 8.400383e+02 5.848859e+02 
3.689495e-01 8.176601e+02 5.684254e+02 
3.739899e-01 7.976334e+02 5.526093e+02 
3.790303e-01 7.794004e+02 5.374054e+02 
3.840707e-01 7.622552e+02 5.227835e+02 
3.891111e-01 7.455312e+02 5.087151e+02 
3.941515e-01 7.287614e+02 4.951736e+02 
3.991919e-01 7.116981e+02 4.821338e+02 
4.042323e-01 6.943118e+02 4.695719e+02 
4.092727e-01 6.767207e+02 4.574656e+02 
4.143131e-01 6.592528e+02 4.457938e+02 
4.193535e-01 6.422448e+02 4.345366e+02 
4.243939e-01 6.260068e+02 4.236752e+02 
4.294343e-01 6.107054e+02 4.131919e+02 
4.344747e-01 5.964208e+02 4.030697e+02 
4.395152e-01 5.831083e+02 3.932929e+02 
4.445556e-01 5.706174e+02 3.838464e+02 
4.495960e-01 5.587528e+02 3.747159e+02 
4.546364e-01 5.472748e+02 3.658879e+02 
4.596768e-01 5.359879e+02 3.573496e+02 
4.647172e-01 5.247963e+02 3.490889e+02 
4.697576e-01 5.136459e+02 3.410942e+02 
4.747980e-01 5.025493e+02 3.333546e+02 
4.798384e-01 4.915847e+02 3.258596e+02 
4.848788e-01 4.808475e+02 3.185995e+02 
4.899192e-01 4.704598e+02 3.115647e+02 
4.949596e-01 4.604926e+02 3.047463e+02 
5.000000e-01 4.509560e+02 2.981359e+02 
