1.000000e-03 3.646919e+03 3.646580e+03 
6.040404e-03 1.601380e+04 1.608128e+04 
1.108081e-02 2.180851e+04 2.168625e+04 
1.612121e-02 2.373559e+04 2.327918e+04 
2.116162e-02 2.335190e+04 2.244562e+04 
2.620202e-02 2.171794e+04 2.056730e+04 
3.124242e-02 1.960417e+04 1.857096e+04 
3.628283e-02 1.752418e+04 1.677089e+04 
4.132323e-02 1.575937e+04 1.519920e+04 
4.636364e-02 1.439432e+04 1.382457e+04 
5.140404e-02 1.340751e+04 1.261394e+04 
5.644444e-02 1.268394e+04 1.154146e+04 
6.148485e-02 1.208605e+04 1.058716e+04 
6.652525e-02 1.149802e+04 9.735138e+03 
7.156566e-02 1.084320e+04 8.972233e+03 
7.660606e-02 1.009727e+04 8.287353e+03 
8.164646e-02 9.288461e+03 7.671010e+03 
8.668687e-02 8.475351e+03 7.115032e+03 
9.172727e-02 7.718702e+03 6.612343e+03 
9.676768e-02 7.065029e+03 6.156807e+03 
1.018081e-01 6.541407e+03 5.743083e+03 
1.068485e-01 6.149377e+03 5.366519e+03 
1.118889e-01 5.864687e+03 5.023053e+03 
1.169293e-01 5.647090e+03 4.709131e+03 
1.219697e-01 5.455329e+03 4.421640e+03 
1.270101e-01 5.256639e+03 4.157846e+03 
1.320505e-01 5.029867e+03 3.915341e+03 
1.370909e-01 4.769207e+03 3.692003e+03 
1.421313e-01 4.483781e+03 3.485959e+03 
1.471717e-01 4.191641e+03 3.295546e+03 
1.522121e-01 3.912058e+03 3.119293e+03 
1.572525e-01 3.661049e+03 2.955889e+03 
1.622929e-01 3.449839e+03 2.804167e+03 
1.673333e-01 3.282196e+03 2.663085e+03 
1.723737e-01 3.152790e+03 2.531711e+03 
1.774141e-01 3.049803e+03 2.409208e+03 
1.824545e-01 2.960024e+03 2.294828e+03 
1.874949e-01 2.872363e+03 2.187895e+03 
1.925354e-01 2.778742e+03 2.087801e+03 
1.975758e-01 2.674526e+03 1.993996e+03 
2.026162e-01 2.559603e+03 1.905984e+03 
2.076566e-01 2.438530e+03 1.823315e+03 
2.126970e-01 2.318269e+03 1.745581e+03 
2.177374e-01 2.205204e+03 1.672411e+03 
2.227778e-01 2.103719e+03 1.603467e+03 
2.278182e-01 2.015991e+03 1.538441e+03 
2.328586e-01 1.941992e+03 1.477053e+03 
2.378990e-01 1.879656e+03 1.419045e+03 
2.429394e-01 1.825518e+03 1.364182e+03 
2.479798e-01 1.775631e+03 1.312249e+03 
2.530202e-01 1.726363e+03 1.263047e+03 
2.580606e-01 1.675089e+03 1.216396e+03 
2.631010e-01 1.620785e+03 1.172128e+03 
2.681414e-01 1.564067e+03 1.130088e+03 
2.731818e-01 1.506617e+03 1.090135e+03 
2.782222e-01 1.450382e+03 1.052138e+03 
2.832626e-01 1.397056e+03 1.015974e+03 
2.883030e-01 1.347937e+03 9.815325e+02 
2.933434e-01 1.303753e+03 9.487086e+02 
2.983838e-01 1.264422e+03 9.174060e+02 
3.034242e-01 1.229126e+03 8.875353e+02 
3.084646e-01 1.196678e+03 8.590132e+02 
3.135051e-01 1.165860e+03 8.317625e+02 
3.185455e-01 1.135643e+03 8.057112e+02 
3.235859e-01 1.105319e+03 7.807921e+02 
3.286263e-01 1.074581e+03 7.569427e+02 
3.336667e-01 1.043544e+03 7.341046e+02 
3.387071e-01 1.012706e+03 7.122233e+02 
3.437475e-01 9.826582e+02 6.912478e+02 
3.487879e-01 9.539101e+02 6.711303e+02 
3.538283e-01 9.268482e+02 6.518262e+02 
3.588687e-01 9.016601e+02 6.332937e+02 
3.639091e-01 8.782803e+02 6.154934e+02 
3.689495e-01 8.564369e+02 5.983885e+02 
3.739899e-01 8.357721e+02 5.819444e+02 
3.790303e-01 8.159352e+02 5.661286e+02 
3.840707e-01 7.966207e+02 5.509105e+02 
3.891111e-01 7.776179e+02 5.362613e+02 
3.941515e-01 7.587925e+02 5.221539e+02 
3.991919e-01 7.401375e+02 5.085627e+02 
4.042323e-01 7.218007e+02 4.954636e+02 
4.092727e-01 7.039743e+02 4.828340e+02 
4.143131e-01 6.867967e+02 4.706523e+02 
4.193535e-01 6.703372e+02 4.588984e+02 
4.243939e-01 6.546334e+02 4.475529e+02 
4.294343e-01 6.396941e+02 4.365979e+02 
4.344747e-01 6.254625e+02 4.260161e+02 
4.395152e-01 6.118175e+02 4.157913e+02 
4.445556e-01 5.986254e+02 4.059082e+02 
4.495960e-01 5.857802e+02 3.963522e+02 
4.546364e-01 5.732325e+02 3.871094e+02 
4.596768e-01 5.609566e+02 3.781667e+02 
4.647172e-01 5.489296e+02 3.695118e+02 
4.697576e-01 5.371517e+02 3.611327e+02 
4.747980e-01 5.256658e+02 3.530182e+02 
4.798384e-01 5.145316e+02 3.451576e+02 
4.848788e-01 5.037818e+02 3.375409e+02 
4.899192e-01 4.934045e+02 3.301583e+02 
4.949596e-01 4.833775e+02 3.230006e+02 
5.000000e-01 4.736972e+02 3.160591e+02 
