1.000000e-03 3.238406e+03 3.238101e+03 
6.040404e-03 1.428805e+04 1.434472e+04 
1.108081e-02 1.950202e+04 1.936089e+04 
1.612121e-02 2.131950e+04 2.084201e+04 
2.116162e-02 2.113619e+04 2.026472e+04 
2.620202e-02 1.987856e+04 1.882049e+04 
3.124242e-02 1.819935e+04 1.723284e+04 
3.628283e-02 1.652457e+04 1.574456e+04 
4.132323e-02 1.508002e+04 1.439794e+04 
4.636364e-02 1.392655e+04 1.318692e+04 
5.140404e-02 1.306515e+04 1.209830e+04 
5.644444e-02 1.236732e+04 1.111926e+04 
6.148485e-02 1.174046e+04 1.023821e+04 
6.652525e-02 1.110359e+04 9.444640e+03 
7.156566e-02 1.041140e+04 8.729087e+03 
7.660606e-02 9.663685e+03 8.083011e+03 
8.164646e-02 8.898455e+03 7.498767e+03 
8.668687e-02 8.167656e+03 6.969545e+03 
9.172727e-02 7.513250e+03 6.489304e+03 
9.676768e-02 6.961536e+03 6.052704e+03 
1.018081e-01 6.521966e+03 5.655031e+03 
1.068485e-01 6.183577e+03 5.292127e+03 
1.118889e-01 5.916291e+03 4.960328e+03 
1.169293e-01 5.682286e+03 4.656403e+03 
1.219697e-01 5.451286e+03 4.377503e+03 
1.270101e-01 5.205183e+03 4.121107e+03 
1.320505e-01 4.938116e+03 3.884990e+03 
1.370909e-01 4.655320e+03 3.667177e+03 
1.421313e-01 4.370870e+03 3.465919e+03 
1.471717e-01 4.100551e+03 3.279659e+03 
1.522121e-01 3.856530e+03 3.107013e+03 
1.572525e-01 3.646324e+03 2.946744e+03 
1.622929e-01 3.472200e+03 2.797750e+03 
1.673333e-01 3.330334e+03 2.659043e+03 
1.723737e-01 3.211088e+03 2.529735e+03 
1.774141e-01 3.102794e+03 2.409032e+03 
1.824545e-01 2.996387e+03 2.296218e+03 
1.874949e-01 2.886598e+03 2.190646e+03 
1.925354e-01 2.771188e+03 2.091735e+03 
1.975758e-01 2.650871e+03 1.998956e+03 
2.026162e-01 2.529329e+03 1.911833e+03 
2.076566e-01 2.411854e+03 1.829932e+03 
2.126970e-01 2.303071e+03 1.752859e+03 
2.177374e-01 2.205497e+03 1.680257e+03 
2.227778e-01 2.119735e+03 1.611798e+03 
2.278182e-01 2.044601e+03 1.547184e+03 
2.328586e-01 1.977865e+03 1.486143e+03 
2.378990e-01 1.916595e+03 1.428426e+03 
2.429394e-01 1.858010e+03 1.373804e+03 
2.479798e-01 1.799986e+03 1.322067e+03 
2.530202e-01 1.741238e+03 1.273023e+03 
2.580606e-01 1.681549e+03 1.226494e+03 
2.631010e-01 1.621826e+03 1.182317e+03 
2.681414e-01 1.563643e+03 1.140342e+03 
2.731818e-01 1.508355e+03 1.100430e+03 
2.782222e-01 1.456734e+03 1.062452e+03 
2.832626e-01 1.409114e+03 1.026290e+03 
2.883030e-01 1.365459e+03 9.918328e+02 
2.933434e-01 1.325331e+03 9.589791e+02 
2.983838e-01 1.287900e+03 9.276341e+02 
3.034242e-01 1.252192e+03 8.977099e+02 
3.084646e-01 1.217456e+03 8.691248e+02 
3.135051e-01 1.183313e+03 8.418025e+02 
3.185455e-01 1.149599e+03 8.156722e+02 
3.235859e-01 1.116334e+03 7.906679e+02 
3.286263e-01 1.083780e+03 7.667278e+02 
3.336667e-01 1.052314e+03 7.437944e+02 
3.387071e-01 1.022260e+03 7.218137e+02 
3.437475e-01 9.938158e+02 7.007356e+02 
3.487879e-01 9.669799e+02 6.805127e+02 
3.538283e-01 9.416199e+02 6.611010e+02 
3.588687e-01 9.175566e+02 6.424589e+02 
3.639091e-01 8.945506e+02 6.245477e+02 
3.689495e-01 8.723386e+02 6.073309e+02 
3.739899e-01 8.507269e+02 5.907741e+02 
3.790303e-01 8.296396e+02 5.748452e+02 
3.840707e-01 8.090595e+02 5.595137e+02 
3.891111e-01 7.890022e+02 5.447511e+02 
3.941515e-01 7.695017e+02 5.305305e+02 
3.991919e-01 7.506297e+02 5.168265e+02 
4.042323e-01 7.324789e+02 5.036152e+02 
4.092727e-01 7.150918e+02 4.908740e+02 
4.143131e-01 6.984216e+02 4.785816e+02 
4.193535e-01 6.823829e+02 4.667177e+02 
4.243939e-01 6.669270e+02 4.552634e+02 
4.294343e-01 6.520143e+02 4.442005e+02 
4.344747e-01 6.375726e+02 4.335120e+02 
4.395152e-01 6.235248e+02 4.231817e+02 
4.445556e-01 6.098285e+02 4.131943e+02 
4.495960e-01 5.964933e+02 4.035353e+02 
4.546364e-01 5.835476e+02 3.941908e+02 
4.596768e-01 5.709852e+02 3.851478e+02 
4.647172e-01 5.587829e+02 3.763938e+02 
4.697576e-01 5.469593e+02 3.679171e+02 
4.747980e-01 5.355222e+02 3.597064e+02 
4.798384e-01 5.244759e+02 3.517511e+02 
4.848788e-01 5.137758e+02 3.440410e+02 
4.899192e-01 5.033789e+02 3.365664e+02 
4.949596e-01 4.932805e+02 3.293181e+02 
5.000000e-01 4.834716e+02 3.222875e+02 
