1.000000e-03 2.474308e+03 2.474075e+03 
6.040404e-03 1.080658e+04 1.085042e+04 
1.108081e-02 1.480498e+04 1.464375e+04 
1.612121e-02 1.643985e+04 1.595410e+04 
2.116162e-02 1.675389e+04 1.596338e+04 
2.620202e-02 1.634998e+04 1.537412e+04 
3.124242e-02 1.560091e+04 1.454299e+04 
3.628283e-02 1.472985e+04 1.362965e+04 
4.132323e-02 1.385618e+04 1.270929e+04 
4.636364e-02 1.301856e+04 1.181959e+04 
5.140404e-02 1.224903e+04 1.097908e+04 
5.644444e-02 1.150860e+04 1.019580e+04 
6.148485e-02 1.080011e+04 9.471841e+03 
6.652525e-02 1.012254e+04 8.806031e+03 
7.156566e-02 9.473467e+03 8.195442e+03 
7.660606e-02 8.863940e+03 7.636307e+03 
8.164646e-02 8.307760e+03 7.124556e+03 
8.668687e-02 7.808666e+03 6.656112e+03 
9.172727e-02 7.358448e+03 6.227067e+03 
9.676768e-02 6.948644e+03 5.833762e+03 
1.018081e-01 6.575519e+03 5.472829e+03 
1.068485e-01 6.232106e+03 5.141197e+03 
1.118889e-01 5.907809e+03 4.836084e+03 
1.169293e-01 5.596365e+03 4.554985e+03 
1.219697e-01 5.298980e+03 4.295646e+03 
1.270101e-01 5.019722e+03 4.056041e+03 
1.320505e-01 4.761131e+03 3.834357e+03 
1.370909e-01 4.523440e+03 3.628964e+03 
1.421313e-01 4.305409e+03 3.438401e+03 
1.471717e-01 4.104820e+03 3.261357e+03 
1.522121e-01 3.918867e+03 3.096653e+03 
1.572525e-01 3.745272e+03 2.943228e+03 
1.622929e-01 3.582106e+03 2.800129e+03 
1.673333e-01 3.427451e+03 2.666494e+03 
1.723737e-01 3.280278e+03 2.541548e+03 
1.774141e-01 3.140552e+03 2.424587e+03 
1.824545e-01 3.008828e+03 2.314976e+03 
1.874949e-01 2.884930e+03 2.212139e+03 
1.925354e-01 2.768480e+03 2.115554e+03 
1.975758e-01 2.659147e+03 2.024745e+03 
2.026162e-01 2.556660e+03 1.939279e+03 
2.076566e-01 2.460128e+03 1.858764e+03 
2.126970e-01 2.368598e+03 1.782838e+03 
2.177374e-01 2.281583e+03 1.711174e+03 
2.227778e-01 2.198864e+03 1.643471e+03 
2.278182e-01 2.120165e+03 1.579454e+03 
2.328586e-01 2.045161e+03 1.518870e+03 
2.378990e-01 1.973794e+03 1.461488e+03 
2.429394e-01 1.906052e+03 1.407093e+03 
2.479798e-01 1.841775e+03 1.355491e+03 
2.530202e-01 1.780540e+03 1.306499e+03 
2.580606e-01 1.722127e+03 1.259952e+03 
2.631010e-01 1.666463e+03 1.215695e+03 
2.681414e-01 1.613469e+03 1.173586e+03 
2.731818e-01 1.562823e+03 1.133493e+03 
2.782222e-01 1.514279e+03 1.095293e+03 
2.832626e-01 1.467757e+03 1.058875e+03 
2.883030e-01 1.423285e+03 1.024132e+03 
2.933434e-01 1.380779e+03 9.909668e+02 
2.983838e-01 1.340062e+03 9.592888e+02 
3.034242e-01 1.300959e+03 9.290135e+02 
3.084646e-01 1.263464e+03 9.000620e+02 
3.135051e-01 1.227553e+03 8.723608e+02 
3.185455e-01 1.193111e+03 8.458416e+02 
3.235859e-01 1.159995e+03 8.204402e+02 
3.286263e-01 1.128124e+03 7.960969e+02 
3.336667e-01 1.097477e+03 7.727556e+02 
3.387071e-01 1.068047e+03 7.503640e+02 
3.437475e-01 1.039741e+03 7.288729e+02 
3.487879e-01 1.012458e+03 7.082363e+02 
3.538283e-01 9.861519e+02 6.884110e+02 
3.588687e-01 9.608270e+02 6.693565e+02 
3.639091e-01 9.364507e+02 6.510346e+02 
3.689495e-01 9.129462e+02 6.334095e+02 
3.739899e-01 8.902435e+02 6.164474e+02 
3.790303e-01 8.683258e+02 6.001166e+02 
3.840707e-01 8.471872e+02 5.843872e+02 
3.891111e-01 8.267883e+02 5.692310e+02 
3.941515e-01 8.070717e+02 5.546213e+02 
3.991919e-01 7.880009e+02 5.405331e+02 
4.042323e-01 7.695669e+02 5.269427e+02 
4.092727e-01 7.517574e+02 5.138276e+02 
4.143131e-01 7.345358e+02 5.011666e+02 
4.193535e-01 7.178579e+02 4.889397e+02 
4.243939e-01 7.017013e+02 4.771279e+02 
4.294343e-01 6.860673e+02 4.657132e+02 
4.344747e-01 6.709422e+02 4.546786e+02 
4.395152e-01 6.562833e+02 4.440080e+02 
4.445556e-01 6.420664e+02 4.336860e+02 
4.495960e-01 6.282826e+02 4.236982e+02 
4.546364e-01 6.149251e+02 4.140306e+02 
4.596768e-01 6.019694e+02 4.046702e+02 
4.647172e-01 5.893959e+02 3.956045e+02 
4.697576e-01 5.771894e+02 3.868217e+02 
4.747980e-01 5.653373e+02 3.783105e+02 
4.798384e-01 5.538381e+02 3.700601e+02 
4.848788e-01 5.426748e+02 3.620605e+02 
4.899192e-01 5.318166e+02 3.543017e+02 
4.949596e-01 5.212613e+02 3.467747e+02 
5.000000e-01 5.110074e+02 3.394704e+02 
