1.000000e-03 3.910529e+03 3.910170e+03 
6.040404e-03 1.741958e+04 1.749713e+04 
1.108081e-02 2.397700e+04 2.389654e+04 
1.612121e-02 2.623190e+04 2.585499e+04 
2.116162e-02 2.578931e+04 2.489423e+04 
2.620202e-02 2.381748e+04 2.253079e+04 
3.124242e-02 2.121697e+04 2.000015e+04 
3.628283e-02 1.862385e+04 1.778456e+04 
4.132323e-02 1.640958e+04 1.592686e+04 
4.636364e-02 1.470195e+04 1.436006e+04 
5.140404e-02 1.351837e+04 1.301827e+04 
5.644444e-02 1.272403e+04 1.185364e+04 
6.148485e-02 1.216138e+04 1.083259e+04 
6.652525e-02 1.168739e+04 9.930828e+03 
7.156566e-02 1.116633e+04 9.129950e+03 
7.660606e-02 1.052340e+04 8.415487e+03 
8.164646e-02 9.751939e+03 7.775709e+03 
8.668687e-02 8.902189e+03 7.200907e+03 
9.172727e-02 8.046644e+03 6.682925e+03 
9.676768e-02 7.255106e+03 6.214846e+03 
1.018081e-01 6.583850e+03 5.790755e+03 
1.068485e-01 6.065314e+03 5.405564e+03 
1.118889e-01 5.699460e+03 5.054879e+03 
1.169293e-01 5.457008e+03 4.734889e+03 
1.219697e-01 5.293674e+03 4.442277e+03 
1.270101e-01 5.163209e+03 4.174145e+03 
1.320505e-01 5.025319e+03 3.927958e+03 
1.370909e-01 4.851247e+03 3.701486e+03 
1.421313e-01 4.627684e+03 3.492770e+03 
1.471717e-01 4.358989e+03 3.300077e+03 
1.522121e-01 4.063535e+03 3.121875e+03 
1.572525e-01 3.765991e+03 2.956806e+03 
1.622929e-01 3.490941e+03 2.803660e+03 
1.673333e-01 3.257069e+03 2.661361e+03 
1.723737e-01 3.073322e+03 2.528948e+03 
1.774141e-01 2.938409e+03 2.405560e+03 
1.824545e-01 2.843166e+03 2.290427e+03 
1.874949e-01 2.774269e+03 2.182856e+03 
1.925354e-01 2.716852e+03 2.082222e+03 
1.975758e-01 2.656654e+03 1.987964e+03 
2.026162e-01 2.582975e+03 1.899573e+03 
2.076566e-01 2.491005e+03 1.816590e+03 
2.126970e-01 2.382331e+03 1.738598e+03 
2.177374e-01 2.263071e+03 1.665219e+03 
2.227778e-01 2.141330e+03 1.596108e+03 
2.278182e-01 2.025493e+03 1.530953e+03 
2.328586e-01 1.922602e+03 1.469468e+03 
2.378990e-01 1.836678e+03 1.411391e+03 
2.429394e-01 1.768265e+03 1.356484e+03 
2.479798e-01 1.715101e+03 1.304527e+03 
2.530202e-01 1.673186e+03 1.255322e+03 
2.580606e-01 1.637460e+03 1.208682e+03 
2.631010e-01 1.602574e+03 1.164439e+03 
2.681414e-01 1.564144e+03 1.122437e+03 
2.731818e-01 1.519880e+03 1.082532e+03 
2.782222e-01 1.469793e+03 1.044591e+03 
2.832626e-01 1.415533e+03 1.008492e+03 
2.883030e-01 1.359529e+03 9.741208e+02 
2.933434e-01 1.304483e+03 9.413731e+02 
2.983838e-01 1.253079e+03 9.101513e+02 
3.034242e-01 1.207394e+03 8.803652e+02 
3.084646e-01 1.168299e+03 8.519310e+02 
3.135051e-01 1.135378e+03 8.247706e+02 
3.185455e-01 1.107345e+03 7.988116e+02 
3.235859e-01 1.082520e+03 7.739865e+02 
3.286263e-01 1.059197e+03 7.502322e+02 
3.336667e-01 1.035790e+03 7.274901e+02 
3.387071e-01 1.011106e+03 7.057052e+02 
3.437475e-01 9.845874e+02 6.848263e+02 
3.487879e-01 9.564340e+02 6.648054e+02 
3.538283e-01 9.274316e+02 6.455977e+02 
3.588687e-01 8.985791e+02 6.271611e+02 
3.639091e-01 8.707802e+02 6.094561e+02 
3.689495e-01 8.447671e+02 5.924459e+02 
3.739899e-01 8.210338e+02 5.760957e+02 
3.790303e-01 7.997408e+02 5.603727e+02 
3.840707e-01 7.807066e+02 5.452465e+02 
3.891111e-01 7.634172e+02 5.306881e+02 
3.941515e-01 7.472167e+02 5.166702e+02 
3.991919e-01 7.314993e+02 5.031674e+02 
4.042323e-01 7.158088e+02 4.901556e+02 
4.092727e-01 6.998347e+02 4.776118e+02 
4.143131e-01 6.834533e+02 4.655147e+02 
4.193535e-01 6.667830e+02 4.538439e+02 
4.243939e-01 6.500917e+02 4.425804e+02 
4.294343e-01 6.337111e+02 4.317059e+02 
4.344747e-01 6.179558e+02 4.212032e+02 
4.395152e-01 6.030301e+02 4.110563e+02 
4.445556e-01 5.890443e+02 4.012496e+02 
4.495960e-01 5.760369e+02 3.917686e+02 
4.546364e-01 5.639118e+02 3.825995e+02 
4.596768e-01 5.524675e+02 3.737293e+02 
4.647172e-01 5.414909e+02 3.651453e+02 
4.697576e-01 5.307822e+02 3.568360e+02 
4.747980e-01 5.201830e+02 3.487899e+02 
4.798384e-01 5.096197e+02 3.409965e+02 
4.848788e-01 4.990714e+02 3.334456e+02 
4.899192e-01 4.885536e+02 3.261276e+02 
4.949596e-01 4.781587e+02 3.190333e+02 
5.000000e-01 4.680127e+02 3.121540e+02 
