1.000000e-03 8.182775e+03 8.182004e+03 
6.040404e-03 3.616621e+04 3.635439e+04 
1.108081e-02 4.914359e+04 4.923960e+04 
1.612121e-02 5.262697e+04 5.255825e+04 
2.116162e-02 4.998744e+04 4.892627e+04 
2.620202e-02 4.383392e+04 4.131728e+04 
3.124242e-02 3.632030e+04 3.331422e+04 
3.628283e-02 2.904264e+04 2.684616e+04 
4.132323e-02 2.294795e+04 2.208572e+04 
4.636364e-02 1.837561e+04 1.860586e+04 
5.140404e-02 1.531590e+04 1.599153e+04 
5.644444e-02 1.349825e+04 1.395868e+04 
6.148485e-02 1.258404e+04 1.232832e+04 
6.652525e-02 1.223814e+04 1.098781e+04 
7.156566e-02 1.215297e+04 9.864117e+03 
7.660606e-02 1.205702e+04 8.907981e+03 
8.164646e-02 1.173592e+04 8.084830e+03 
8.668687e-02 1.107775e+04 7.369483e+03 
9.172727e-02 1.009216e+04 6.743013e+03 
9.676768e-02 8.889733e+03 6.190816e+03 
1.018081e-01 7.630506e+03 5.701373e+03 
1.068485e-01 6.469482e+03 5.265437e+03 
1.118889e-01 5.516014e+03 4.875478e+03 
1.169293e-01 4.819594e+03 4.525286e+03 
1.219697e-01 4.379567e+03 4.209688e+03 
1.270101e-01 4.163364e+03 3.924339e+03 
1.320505e-01 4.119020e+03 3.665562e+03 
1.370909e-01 4.181927e+03 3.430224e+03 
1.421313e-01 4.281417e+03 3.215639e+03 
1.471717e-01 4.350180e+03 3.019494e+03 
1.522121e-01 4.333911e+03 2.839789e+03 
1.572525e-01 4.200239e+03 2.674783e+03 
1.622929e-01 3.946895e+03 2.522958e+03 
1.673333e-01 3.603085e+03 2.382987e+03 
1.723737e-01 3.218749e+03 2.253700e+03 
1.774141e-01 2.845400e+03 2.134068e+03 
1.824545e-01 2.521727e+03 2.023180e+03 
1.874949e-01 2.270047e+03 1.920230e+03 
1.925354e-01 2.098981e+03 1.824499e+03 
1.975758e-01 2.006046e+03 1.735348e+03 
2.026162e-01 1.978886e+03 1.652205e+03 
2.076566e-01 1.997515e+03 1.574558e+03 
2.126970e-01 2.037764e+03 1.501947e+03 
2.177374e-01 2.075419e+03 1.433960e+03 
2.227778e-01 2.089400e+03 1.370224e+03 
2.278182e-01 2.064575e+03 1.310401e+03 
2.328586e-01 1.994821e+03 1.254188e+03 
2.378990e-01 1.884648e+03 1.201309e+03 
2.429394e-01 1.747406e+03 1.151514e+03 
2.479798e-01 1.600619e+03 1.104573e+03 
2.530202e-01 1.461028e+03 1.060280e+03 
2.580606e-01 1.341548e+03 1.018446e+03 
2.631010e-01 1.250008e+03 9.788961e+02 
2.681414e-01 1.189041e+03 9.414732e+02 
2.731818e-01 1.156613e+03 9.060319e+02 
2.782222e-01 1.147066e+03 8.724388e+02 
2.832626e-01 1.152458e+03 8.405716e+02 
2.883030e-01 1.163795e+03 8.103175e+02 
2.933434e-01 1.172098e+03 7.815728e+02 
2.983838e-01 1.169639e+03 7.542418e+02 
3.034242e-01 1.151337e+03 7.282360e+02 
3.084646e-01 1.115874e+03 7.034738e+02 
3.135051e-01 1.065746e+03 6.798795e+02 
3.185455e-01 1.006200e+03 6.573830e+02 
3.235859e-01 9.436374e+02 6.359193e+02 
3.286263e-01 8.840957e+02 6.154281e+02 
3.336667e-01 8.324179e+02 5.958533e+02 
3.387071e-01 7.917195e+02 5.771426e+02 
3.437475e-01 7.631265e+02 5.592475e+02 
3.487879e-01 7.458524e+02 5.421228e+02 
3.538283e-01 7.376142e+02 5.257261e+02 
3.588687e-01 7.351552e+02 5.100181e+02 
3.639091e-01 7.348693e+02 4.949618e+02 
3.689495e-01 7.332938e+02 4.805228e+02 
3.739899e-01 7.275232e+02 4.666689e+02 
3.790303e-01 7.156467e+02 4.533698e+02 
3.840707e-01 6.971915e+02 4.405971e+02 
3.891111e-01 6.730615e+02 4.283244e+02 
3.941515e-01 6.452105e+02 4.165266e+02 
3.991919e-01 6.160241e+02 4.051804e+02 
4.042323e-01 5.878771e+02 3.942635e+02 
4.092727e-01 5.627446e+02 3.837555e+02 
4.143131e-01 5.419672e+02 3.736365e+02 
4.193535e-01 5.260945e+02 3.638884e+02 
4.243939e-01 5.148841e+02 3.544938e+02 
4.294343e-01 5.074835e+02 3.454362e+02 
4.344747e-01 5.026535e+02 3.367003e+02 
4.395152e-01 4.989616e+02 3.282715e+02 
4.445556e-01 4.949752e+02 3.201359e+02 
4.495960e-01 4.894738e+02 3.122806e+02 
4.546364e-01 4.816692e+02 3.046933e+02 
4.596768e-01 4.713354e+02 2.973621e+02 
4.647172e-01 4.587730e+02 2.902762e+02 
4.697576e-01 4.446463e+02 2.834250e+02 
4.747980e-01 4.298261e+02 2.767987e+02 
4.798384e-01 4.152696e+02 2.703876e+02 
4.848788e-01 4.018367e+02 2.641830e+02 
4.899192e-01 3.901403e+02 2.581764e+02 
4.949596e-01 3.804582e+02 2.523596e+02 
5.000000e-01 3.727431e+02 2.467249e+02 
