1.000000e-03 2.904003e+03 2.903732e+03 
6.040404e-03 1.308930e+04 1.314190e+04 
1.108081e-02 1.810231e+04 1.797895e+04 
1.612121e-02 1.999269e+04 1.956256e+04 
2.116162e-02 1.998649e+04 1.918101e+04 
2.620202e-02 1.892467e+04 1.792067e+04 
3.124242e-02 1.741649e+04 1.648113e+04 
3.628283e-02 1.587164e+04 1.511306e+04 
4.132323e-02 1.451729e+04 1.386617e+04 
4.636364e-02 1.342724e+04 1.273863e+04 
5.140404e-02 1.261245e+04 1.172002e+04 
5.644444e-02 1.195871e+04 1.079974e+04 
6.148485e-02 1.138164e+04 9.968050e+03 
6.652525e-02 1.080464e+04 9.216018e+03 
7.156566e-02 1.017286e+04 8.535482e+03 
7.660606e-02 9.477809e+03 7.918999e+03 
8.164646e-02 8.752840e+03 7.359827e+03 
8.668687e-02 8.049349e+03 6.851902e+03 
9.172727e-02 7.409831e+03 6.389798e+03 
9.676768e-02 6.861478e+03 5.968683e+03 
1.018081e-01 6.417953e+03 5.584261e+03 
1.068485e-01 6.075730e+03 5.232723e+03 
1.118889e-01 5.811094e+03 4.910693e+03 
1.169293e-01 5.588095e+03 4.615182e+03 
1.219697e-01 5.373980e+03 4.343539e+03 
1.270101e-01 5.147614e+03 4.093414e+03 
1.320505e-01 4.900776e+03 3.862723e+03 
1.370909e-01 4.635457e+03 3.649610e+03 
1.421313e-01 4.362030e+03 3.452428e+03 
1.471717e-01 4.095397e+03 3.269705e+03 
1.522121e-01 3.849556e+03 3.100130e+03 
1.572525e-01 3.634356e+03 2.942529e+03 
1.622929e-01 3.454384e+03 2.795853e+03 
1.673333e-01 3.307929e+03 2.659158e+03 
1.723737e-01 3.187218e+03 2.531597e+03 
1.774141e-01 3.081663e+03 2.412410e+03 
1.824545e-01 2.981532e+03 2.300909e+03 
1.874949e-01 2.879811e+03 2.196473e+03 
1.925354e-01 2.772413e+03 2.098543e+03 
1.975758e-01 2.658548e+03 2.006609e+03 
2.026162e-01 2.540908e+03 1.920211e+03 
2.076566e-01 2.424490e+03 1.838929e+03 
2.126970e-01 2.314336e+03 1.762384e+03 
2.177374e-01 2.213848e+03 1.690227e+03 
2.227778e-01 2.124621e+03 1.622142e+03 
2.278182e-01 2.046841e+03 1.557839e+03 
2.328586e-01 1.978982e+03 1.497053e+03 
2.378990e-01 1.918174e+03 1.439542e+03 
2.429394e-01 1.861287e+03 1.385082e+03 
2.479798e-01 1.805794e+03 1.333470e+03 
2.530202e-01 1.750045e+03 1.284516e+03 
2.580606e-01 1.693206e+03 1.238049e+03 
2.631010e-01 1.635346e+03 1.193907e+03 
2.681414e-01 1.577581e+03 1.151944e+03 
2.731818e-01 1.521644e+03 1.112023e+03 
2.782222e-01 1.468939e+03 1.074018e+03 
2.832626e-01 1.420075e+03 1.037814e+03 
2.883030e-01 1.375175e+03 1.003301e+03 
2.933434e-01 1.334041e+03 9.703802e+02 
2.983838e-01 1.296230e+03 9.389575e+02 
3.034242e-01 1.260914e+03 9.089464e+02 
3.084646e-01 1.227054e+03 8.802667e+02 
3.135051e-01 1.193850e+03 8.528432e+02 
3.185455e-01 1.160953e+03 8.266059e+02 
3.235859e-01 1.128349e+03 8.014898e+02 
3.286263e-01 1.096198e+03 7.774339e+02 
3.336667e-01 1.064732e+03 7.543812e+02 
3.387071e-01 1.034260e+03 7.322785e+02 
3.437475e-01 1.005177e+03 7.110761e+02 
3.487879e-01 9.777536e+02 6.907273e+02 
3.538283e-01 9.519750e+02 6.711882e+02 
3.588687e-01 9.276465e+02 6.524179e+02 
3.639091e-01 9.045123e+02 6.343779e+02 
3.689495e-01 8.823438e+02 6.170319e+02 
3.739899e-01 8.609589e+02 6.003460e+02 
3.790303e-01 8.401606e+02 5.842881e+02 
3.840707e-01 8.197761e+02 5.688280e+02 
3.891111e-01 7.997845e+02 5.539375e+02 
3.941515e-01 7.802545e+02 5.395898e+02 
3.991919e-01 7.612778e+02 5.257595e+02 
4.042323e-01 7.429314e+02 5.124230e+02 
4.092727e-01 7.252633e+02 4.995577e+02 
4.143131e-01 7.083020e+02 4.871424e+02 
4.193535e-01 6.920548e+02 4.751569e+02 
4.243939e-01 6.764860e+02 4.635824e+02 
4.294343e-01 6.615022e+02 4.524007e+02 
4.344747e-01 6.469986e+02 4.415950e+02 
4.395152e-01 6.329267e+02 4.311489e+02 
4.445556e-01 6.192483e+02 4.210473e+02 
4.495960e-01 6.059233e+02 4.112757e+02 
4.546364e-01 5.929272e+02 4.018202e+02 
4.596768e-01 5.802587e+02 3.926678e+02 
4.647172e-01 5.679365e+02 3.838061e+02 
4.697576e-01 5.559905e+02 3.752232e+02 
4.747980e-01 5.444257e+02 3.669080e+02 
4.798384e-01 5.332251e+02 3.588498e+02 
4.848788e-01 5.223807e+02 3.510385e+02 
4.899192e-01 5.118811e+02 3.434643e+02 
4.949596e-01 5.017142e+02 3.361181e+02 
5.000000e-01 4.918410e+02 3.289910e+02 
