1.000000e-03 3.118595e+03 3.118295e+03 
6.040404e-03 1.360461e+04 1.365427e+04 
1.108081e-02 1.847557e+04 1.830415e+04 
1.612121e-02 2.019316e+04 1.966418e+04 
2.116162e-02 2.011147e+04 1.921979e+04 
2.620202e-02 1.908494e+04 1.803758e+04 
3.124242e-02 1.768683e+04 1.669126e+04 
3.628283e-02 1.627486e+04 1.537693e+04 
4.132323e-02 1.503076e+04 1.414742e+04 
4.636364e-02 1.399143e+04 1.301531e+04 
5.140404e-02 1.315538e+04 1.198111e+04 
5.644444e-02 1.241543e+04 1.104061e+04 
6.148485e-02 1.171236e+04 1.018751e+04 
6.652525e-02 1.099612e+04 9.414618e+03 
7.156566e-02 1.025351e+04 8.714578e+03 
7.660606e-02 9.501581e+03 8.080260e+03 
8.164646e-02 8.779525e+03 7.504984e+03 
8.668687e-02 8.123370e+03 6.982621e+03 
9.172727e-02 7.553259e+03 6.507624e+03 
9.676768e-02 7.075618e+03 6.075015e+03 
1.018081e-01 6.685055e+03 5.680352e+03 
1.068485e-01 6.360414e+03 5.319686e+03 
1.118889e-01 6.070990e+03 4.989514e+03 
1.169293e-01 5.790226e+03 4.686730e+03 
1.219697e-01 5.504271e+03 4.408582e+03 
1.270101e-01 5.210672e+03 4.152630e+03 
1.320505e-01 4.915024e+03 3.916708e+03 
1.370909e-01 4.628048e+03 3.698895e+03 
1.421313e-01 4.361314e+03 3.497479e+03 
1.471717e-01 4.121987e+03 3.310937e+03 
1.522121e-01 3.912386e+03 3.137911e+03 
1.572525e-01 3.731506e+03 2.977187e+03 
1.622929e-01 3.575098e+03 2.827678e+03 
1.673333e-01 3.435416e+03 2.688412e+03 
1.723737e-01 3.303503e+03 2.558513e+03 
1.774141e-01 3.173204e+03 2.437196e+03 
1.824545e-01 3.042682e+03 2.323752e+03 
1.874949e-01 2.912436e+03 2.217542e+03 
1.925354e-01 2.784102e+03 2.117988e+03 
1.975758e-01 2.660397e+03 2.024567e+03 
2.026162e-01 2.544486e+03 1.936806e+03 
2.076566e-01 2.438523e+03 1.854273e+03 
2.126970e-01 2.342789e+03 1.776577e+03 
2.177374e-01 2.256095e+03 1.703361e+03 
2.227778e-01 2.176506e+03 1.634301e+03 
2.278182e-01 2.101997e+03 1.569098e+03 
2.328586e-01 2.030838e+03 1.507482e+03 
2.378990e-01 1.961786e+03 1.449204e+03 
2.429394e-01 1.894187e+03 1.394034e+03 
2.479798e-01 1.827935e+03 1.341765e+03 
2.530202e-01 1.763375e+03 1.292202e+03 
2.580606e-01 1.701365e+03 1.245170e+03 
2.631010e-01 1.642718e+03 1.200504e+03 
2.681414e-01 1.587783e+03 1.158054e+03 
2.731818e-01 1.536411e+03 1.117681e+03 
2.782222e-01 1.488188e+03 1.079256e+03 
2.832626e-01 1.442698e+03 1.042660e+03 
2.883030e-01 1.399501e+03 1.007782e+03 
2.933434e-01 1.358024e+03 9.745210e+02 
2.983838e-01 1.317871e+03 9.427810e+02 
3.034242e-01 1.278892e+03 9.124741e+02 
3.084646e-01 1.241134e+03 8.835180e+02 
3.135051e-01 1.204662e+03 8.558363e+02 
3.185455e-01 1.169552e+03 8.293579e+02 
3.235859e-01 1.135912e+03 8.040161e+02 
3.286263e-01 1.103812e+03 7.797491e+02 
3.336667e-01 1.073248e+03 7.564989e+02 
3.387071e-01 1.044096e+03 7.342113e+02 
3.437475e-01 1.016182e+03 7.128356e+02 
3.487879e-01 9.893699e+02 6.923244e+02 
3.538283e-01 9.635333e+02 6.726331e+02 
3.588687e-01 9.385620e+02 6.537201e+02 
3.639091e-01 9.143807e+02 6.355462e+02 
3.689495e-01 8.909709e+02 6.180746e+02 
3.739899e-01 8.683657e+02 6.012708e+02 
3.790303e-01 8.465559e+02 5.851022e+02 
3.840707e-01 8.255198e+02 5.695382e+02 
3.891111e-01 8.052334e+02 5.545501e+02 
3.941515e-01 7.856988e+02 5.401107e+02 
3.991919e-01 7.669038e+02 5.261943e+02 
4.042323e-01 7.487847e+02 5.127769e+02 
4.092727e-01 7.312635e+02 4.998355e+02 
4.143131e-01 7.142941e+02 4.873487e+02 
4.193535e-01 6.978679e+02 4.752961e+02 
4.243939e-01 6.819788e+02 4.636584e+02 
4.294343e-01 6.665713e+02 4.524174e+02 
4.344747e-01 6.516197e+02 4.415558e+02 
4.395152e-01 6.371353e+02 4.310573e+02 
4.445556e-01 6.231267e+02 4.209065e+02 
4.495960e-01 6.095762e+02 4.110885e+02 
4.546364e-01 5.964291e+02 4.015895e+02 
4.596768e-01 5.836750e+02 3.923962e+02 
4.647172e-01 5.713260e+02 3.834961e+02 
4.697576e-01 5.593661e+02 3.748771e+02 
4.747980e-01 5.477563e+02 3.665281e+02 
4.798384e-01 5.364645e+02 3.584381e+02 
4.848788e-01 5.254884e+02 3.505969e+02 
4.899192e-01 5.148398e+02 3.429948e+02 
4.949596e-01 5.045024e+02 3.356223e+02 
5.000000e-01 4.944492e+02 3.284707e+02 
