1.000000e-03 3.336010e+03 3.335695e+03 
6.040404e-03 1.475444e+04 1.481343e+04 
1.108081e-02 2.016999e+04 2.003696e+04 
1.612121e-02 2.204616e+04 2.158013e+04 
2.116162e-02 2.181261e+04 2.093201e+04 
2.620202e-02 2.043753e+04 1.935020e+04 
3.124242e-02 1.861600e+04 1.763275e+04 
3.628283e-02 1.680804e+04 1.604745e+04 
4.132323e-02 1.526185e+04 1.463250e+04 
4.636364e-02 1.405105e+04 1.337299e+04 
5.140404e-02 1.315089e+04 1.224892e+04 
5.644444e-02 1.245695e+04 1.124315e+04 
6.148485e-02 1.185135e+04 1.034137e+04 
6.652525e-02 1.124020e+04 9.531374e+03 
7.156566e-02 1.056424e+04 8.802569e+03 
7.660606e-02 9.815177e+03 8.145646e+03 
8.164646e-02 9.030367e+03 7.552423e+03 
8.668687e-02 8.266800e+03 7.015699e+03 
9.172727e-02 7.573853e+03 6.529142e+03 
9.676768e-02 6.985517e+03 6.087188e+03 
1.018081e-01 6.518083e+03 5.684951e+03 
1.068485e-01 6.165281e+03 5.318137e+03 
1.118889e-01 5.897707e+03 4.982974e+03 
1.169293e-01 5.675239e+03 4.676144e+03 
1.219697e-01 5.462170e+03 4.394725e+03 
1.270101e-01 5.234314e+03 4.136140e+03 
1.320505e-01 4.980786e+03 3.898113e+03 
1.370909e-01 4.703288e+03 3.678630e+03 
1.421313e-01 4.414800e+03 3.475909e+03 
1.471717e-01 4.133000e+03 3.288364e+03 
1.522121e-01 3.873806e+03 3.114586e+03 
1.572525e-01 3.648502e+03 2.953320e+03 
1.622929e-01 3.462448e+03 2.803444e+03 
1.673333e-01 3.313847e+03 2.663957e+03 
1.723737e-01 3.193945e+03 2.533959e+03 
1.774141e-01 3.090518e+03 2.412643e+03 
1.824545e-01 2.992353e+03 2.299284e+03 
1.874949e-01 2.891403e+03 2.193229e+03 
1.925354e-01 2.783218e+03 2.093887e+03 
1.975758e-01 2.666789e+03 2.000724e+03 
2.026162e-01 2.545261e+03 1.913259e+03 
2.076566e-01 2.424406e+03 1.831054e+03 
2.126970e-01 2.309919e+03 1.753709e+03 
2.177374e-01 2.205978e+03 1.680864e+03 
2.227778e-01 2.114711e+03 1.612188e+03 
2.278182e-01 2.036144e+03 1.547381e+03 
2.328586e-01 1.968379e+03 1.486167e+03 
2.378990e-01 1.908275e+03 1.428296e+03 
2.429394e-01 1.852478e+03 1.373537e+03 
2.479798e-01 1.797997e+03 1.321678e+03 
2.530202e-01 1.742626e+03 1.272525e+03 
2.580606e-01 1.685304e+03 1.225899e+03 
2.631010e-01 1.626399e+03 1.181636e+03 
2.681414e-01 1.567504e+03 1.139585e+03 
2.731818e-01 1.510455e+03 1.099605e+03 
2.782222e-01 1.456620e+03 1.061568e+03 
2.832626e-01 1.406807e+03 1.025353e+03 
2.883030e-01 1.361407e+03 9.908494e+02 
2.933434e-01 1.320355e+03 9.579553e+02 
2.983838e-01 1.282955e+03 9.265752e+02 
3.034242e-01 1.248056e+03 8.966205e+02 
3.084646e-01 1.214552e+03 8.680092e+02 
3.135051e-01 1.181671e+03 8.406645e+02 
3.185455e-01 1.149019e+03 8.145154e+02 
3.235859e-01 1.116429e+03 7.894954e+02 
3.286263e-01 1.084024e+03 7.655424e+02 
3.336667e-01 1.052177e+03 7.425986e+02 
3.387071e-01 1.021415e+03 7.206100e+02 
3.437475e-01 9.921791e+02 6.995260e+02 
3.487879e-01 9.646542e+02 6.792991e+02 
3.538283e-01 9.388347e+02 6.598850e+02 
3.588687e-01 9.145855e+02 6.412422e+02 
3.639091e-01 8.916787e+02 6.233317e+02 
3.689495e-01 8.698083e+02 6.061167e+02 
3.739899e-01 8.486623e+02 5.895629e+02 
3.790303e-01 8.280129e+02 5.736379e+02 
3.840707e-01 8.077470e+02 5.583113e+02 
3.891111e-01 7.878602e+02 5.435545e+02 
3.941515e-01 7.683786e+02 5.293403e+02 
3.991919e-01 7.493837e+02 5.156434e+02 
4.042323e-01 7.310064e+02 5.024398e+02 
4.092727e-01 7.133561e+02 4.897068e+02 
4.143131e-01 6.964875e+02 4.774229e+02 
4.193535e-01 6.803563e+02 4.655681e+02 
4.243939e-01 6.648873e+02 4.541231e+02 
4.294343e-01 6.500291e+02 4.430699e+02 
4.344747e-01 6.356978e+02 4.323913e+02 
4.395152e-01 6.218131e+02 4.220712e+02 
4.445556e-01 6.082775e+02 4.120942e+02 
4.495960e-01 5.950496e+02 4.024457e+02 
4.546364e-01 5.821439e+02 3.931118e+02 
4.596768e-01 5.695788e+02 3.840796e+02 
4.647172e-01 5.573607e+02 3.753365e+02 
4.697576e-01 5.454875e+02 3.668707e+02 
4.747980e-01 5.339791e+02 3.586709e+02 
4.798384e-01 5.228748e+02 3.507266e+02 
4.848788e-01 5.121535e+02 3.430275e+02 
4.899192e-01 5.017819e+02 3.355639e+02 
4.949596e-01 4.917216e+02 3.283266e+02 
5.000000e-01 4.819536e+02 3.213069e+02 
