1.000000e-03 3.379220e+03 3.378901e+03 
6.040404e-03 1.491230e+04 1.497219e+04 
1.108081e-02 2.032905e+04 2.019279e+04 
1.612121e-02 2.216907e+04 2.169468e+04 
2.116162e-02 2.189293e+04 2.100385e+04 
2.620202e-02 2.048233e+04 1.939145e+04 
3.124242e-02 1.863561e+04 1.765332e+04 
3.628283e-02 1.681203e+04 1.605290e+04 
4.132323e-02 1.525680e+04 1.462635e+04 
4.636364e-02 1.404160e+04 1.335788e+04 
5.140404e-02 1.313587e+04 1.222699e+04 
5.644444e-02 1.243847e+04 1.121614e+04 
6.148485e-02 1.182581e+04 1.031068e+04 
6.652525e-02 1.120619e+04 9.498107e+03 
7.156566e-02 1.052332e+04 8.767590e+03 
7.660606e-02 9.770545e+03 8.109634e+03 
8.164646e-02 8.984517e+03 7.515900e+03 
8.668687e-02 8.221442e+03 6.979067e+03 
9.172727e-02 7.530928e+03 6.492708e+03 
9.676768e-02 6.946766e+03 6.051183e+03 
1.018081e-01 6.483896e+03 5.649546e+03 
1.068485e-01 6.134219e+03 5.283460e+03 
1.118889e-01 5.867715e+03 4.949114e+03 
1.169293e-01 5.644648e+03 4.643163e+03 
1.219697e-01 5.430065e+03 4.362662e+03 
1.270101e-01 5.200508e+03 4.105017e+03 
1.320505e-01 4.945092e+03 3.867939e+03 
1.370909e-01 4.666503e+03 3.649404e+03 
1.421313e-01 4.378604e+03 3.447622e+03 
1.471717e-01 4.098813e+03 3.261001e+03 
1.522121e-01 3.842320e+03 3.088128e+03 
1.572525e-01 3.619655e+03 2.927745e+03 
1.622929e-01 3.436021e+03 2.778727e+03 
1.673333e-01 3.289523e+03 2.640072e+03 
1.723737e-01 3.170842e+03 2.510879e+03 
1.774141e-01 3.067552e+03 2.390341e+03 
1.824545e-01 2.968775e+03 2.277732e+03 
1.874949e-01 2.867113e+03 2.172399e+03 
1.925354e-01 2.758462e+03 2.073753e+03 
1.975758e-01 2.642003e+03 1.981260e+03 
2.026162e-01 2.520860e+03 1.894438e+03 
2.076566e-01 2.400858e+03 1.812851e+03 
2.126970e-01 2.287755e+03 1.736100e+03 
2.177374e-01 2.185455e+03 1.663825e+03 
2.227778e-01 2.095677e+03 1.595697e+03 
2.278182e-01 2.018159e+03 1.531416e+03 
2.328586e-01 1.951041e+03 1.470708e+03 
2.378990e-01 1.891339e+03 1.413322e+03 
2.429394e-01 1.835678e+03 1.359028e+03 
2.479798e-01 1.781115e+03 1.307617e+03 
2.530202e-01 1.725562e+03 1.258893e+03 
2.580606e-01 1.668167e+03 1.212681e+03 
2.631010e-01 1.609532e+03 1.168815e+03 
2.681414e-01 1.551187e+03 1.127145e+03 
2.731818e-01 1.494792e+03 1.087532e+03 
2.782222e-01 1.441648e+03 1.049847e+03 
2.832626e-01 1.392546e+03 1.013970e+03 
2.883030e-01 1.347850e+03 9.797932e+02 
2.933434e-01 1.307370e+03 9.472129e+02 
2.983838e-01 1.270284e+03 9.161347e+02 
3.034242e-01 1.235539e+03 8.864708e+02 
3.084646e-01 1.202149e+03 8.581394e+02 
3.135051e-01 1.169389e+03 8.310645e+02 
3.185455e-01 1.136843e+03 8.051752e+02 
3.235859e-01 1.104372e+03 7.804057e+02 
3.286263e-01 1.072165e+03 7.566942e+02 
3.336667e-01 1.040667e+03 7.339833e+02 
3.387071e-01 1.010317e+03 7.122193e+02 
3.437475e-01 9.814639e+02 6.913520e+02 
3.487879e-01 9.542832e+02 6.713344e+02 
3.538283e-01 9.287841e+02 6.521224e+02 
3.588687e-01 9.048331e+02 6.336746e+02 
3.639091e-01 8.821494e+02 6.159525e+02 
3.689495e-01 8.604133e+02 5.989197e+02 
3.739899e-01 8.393713e+02 5.825419e+02 
3.790303e-01 8.188498e+02 5.667871e+02 
3.840707e-01 7.987437e+02 5.516251e+02 
3.891111e-01 7.790165e+02 5.370275e+02 
3.941515e-01 7.596942e+02 5.229674e+02 
3.991919e-01 7.408835e+02 5.094196e+02 
4.042323e-01 7.227419e+02 4.963603e+02 
4.092727e-01 7.053308e+02 4.837671e+02 
4.143131e-01 6.886628e+02 4.716187e+02 
4.193535e-01 6.726947e+02 4.598950e+02 
4.243939e-01 6.573857e+02 4.485772e+02 
4.294343e-01 6.426856e+02 4.376472e+02 
4.344747e-01 6.284963e+02 4.270882e+02 
4.395152e-01 6.147131e+02 4.168840e+02 
4.445556e-01 6.012718e+02 4.070194e+02 
4.495960e-01 5.881667e+02 3.974799e+02 
4.546364e-01 5.754000e+02 3.882520e+02 
4.596768e-01 5.629688e+02 3.793225e+02 
4.647172e-01 5.508604e+02 3.706792e+02 
4.697576e-01 5.391092e+02 3.623103e+02 
4.747980e-01 5.277548e+02 3.542048e+02 
4.798384e-01 5.167896e+02 3.463519e+02 
4.848788e-01 5.061844e+02 3.387417e+02 
4.899192e-01 4.959122e+02 3.313645e+02 
4.949596e-01 4.859513e+02 3.242113e+02 
5.000000e-01 4.762948e+02 3.172733e+02 
