1.000000e-03 3.519228e+03 3.518893e+03 
6.040404e-03 1.597117e+04 1.603844e+04 
1.108081e-02 2.198763e+04 2.187913e+04 
1.612121e-02 2.404427e+04 2.361605e+04 
2.116162e-02 2.366797e+04 2.276492e+04 
2.620202e-02 2.194597e+04 2.075599e+04 
3.124242e-02 1.969467e+04 1.862225e+04 
3.628283e-02 1.747329e+04 1.672655e+04 
4.132323e-02 1.559538e+04 1.509935e+04 
4.636364e-02 1.415722e+04 1.369603e+04 
5.140404e-02 1.315311e+04 1.247271e+04 
5.644444e-02 1.244962e+04 1.139671e+04 
6.148485e-02 1.190727e+04 1.044408e+04 
6.652525e-02 1.138742e+04 9.596552e+03 
7.156566e-02 1.079584e+04 8.839639e+03 
7.660606e-02 1.009204e+04 8.161446e+03 
8.164646e-02 9.295629e+03 7.552019e+03 
8.668687e-02 8.466986e+03 7.002909e+03 
9.172727e-02 7.675113e+03 6.506884e+03 
9.676768e-02 6.978231e+03 6.057719e+03 
1.018081e-01 6.415201e+03 5.650029e+03 
1.068485e-01 5.996997e+03 5.279144e+03 
1.118889e-01 5.704468e+03 4.941001e+03 
1.169293e-01 5.498365e+03 4.632055e+03 
1.219697e-01 5.334018e+03 4.349207e+03 
1.270101e-01 5.171657e+03 4.089740e+03 
1.320505e-01 4.981748e+03 3.851266e+03 
1.370909e-01 4.750220e+03 3.631683e+03 
1.421313e-01 4.480612e+03 3.429135e+03 
1.471717e-01 4.189540e+03 3.241980e+03 
1.522121e-01 3.898790e+03 3.068763e+03 
1.572525e-01 3.629349e+03 2.908190e+03 
1.622929e-01 3.397942e+03 2.759108e+03 
1.673333e-01 3.213486e+03 2.620491e+03 
1.723737e-01 3.074641e+03 2.491419e+03 
1.774141e-01 2.971410e+03 2.371069e+03 
1.824545e-01 2.889963e+03 2.258702e+03 
1.874949e-01 2.816881e+03 2.153653e+03 
1.925354e-01 2.740534e+03 2.055325e+03 
1.975758e-01 2.652533e+03 1.963175e+03 
2.026162e-01 2.549521e+03 1.876716e+03 
2.076566e-01 2.434100e+03 1.795505e+03 
2.126970e-01 2.312995e+03 1.719141e+03 
2.177374e-01 2.194055e+03 1.647259e+03 
2.227778e-01 2.084044e+03 1.579527e+03 
2.278182e-01 1.987623e+03 1.515642e+03 
2.328586e-01 1.906882e+03 1.455329e+03 
2.378990e-01 1.841150e+03 1.398334e+03 
2.429394e-01 1.787510e+03 1.344428e+03 
2.479798e-01 1.741707e+03 1.293398e+03 
2.530202e-01 1.699023e+03 1.245050e+03 
2.580606e-01 1.655274e+03 1.199206e+03 
2.631010e-01 1.607780e+03 1.155700e+03 
2.681414e-01 1.555892e+03 1.114383e+03 
2.731818e-01 1.500666e+03 1.075114e+03 
2.782222e-01 1.444086e+03 1.037764e+03 
2.832626e-01 1.388470e+03 1.002215e+03 
2.883030e-01 1.335995e+03 9.683567e+02 
2.933434e-01 1.288360e+03 9.360861e+02 
2.983838e-01 1.246401e+03 9.053091e+02 
3.034242e-01 1.209892e+03 8.759378e+02 
3.084646e-01 1.177793e+03 8.478906e+02 
3.135051e-01 1.148706e+03 8.210915e+02 
3.185455e-01 1.121180e+03 7.954700e+02 
3.235859e-01 1.093907e+03 7.709601e+02 
3.286263e-01 1.065951e+03 7.475006e+02 
3.336667e-01 1.036963e+03 7.250340e+02 
3.387071e-01 1.007164e+03 7.035070e+02 
3.437475e-01 9.771533e+02 6.828693e+02 
3.487879e-01 9.476889e+02 6.630743e+02 
3.538283e-01 9.194737e+02 6.440781e+02 
3.588687e-01 8.930658e+02 6.258396e+02 
3.639091e-01 8.687413e+02 6.083202e+02 
3.689495e-01 8.464729e+02 5.914839e+02 
3.739899e-01 8.259734e+02 5.752966e+02 
3.790303e-01 8.068106e+02 5.597265e+02 
3.840707e-01 7.885352e+02 5.447434e+02 
3.891111e-01 7.707271e+02 5.303193e+02 
3.941515e-01 7.530412e+02 5.164274e+02 
3.991919e-01 7.352842e+02 5.030427e+02 
4.042323e-01 7.174725e+02 4.901416e+02 
4.092727e-01 6.997854e+02 4.777017e+02 
4.143131e-01 6.824627e+02 4.657019e+02 
4.193535e-01 6.656918e+02 4.541225e+02 
4.243939e-01 6.496206e+02 4.429446e+02 
4.294343e-01 6.343790e+02 4.321503e+02 
4.344747e-01 6.200067e+02 4.217229e+02 
4.395152e-01 6.064331e+02 4.116465e+02 
4.445556e-01 5.935154e+02 4.019059e+02 
4.495960e-01 5.810812e+02 3.924868e+02 
4.546364e-01 5.690020e+02 3.833757e+02 
4.596768e-01 5.571891e+02 3.745597e+02 
4.647172e-01 5.455573e+02 3.660265e+02 
4.697576e-01 5.340606e+02 3.577646e+02 
4.747980e-01 5.227193e+02 3.497629e+02 
4.798384e-01 5.116113e+02 3.420109e+02 
4.848788e-01 5.008052e+02 3.344988e+02 
4.899192e-01 4.903578e+02 3.272169e+02 
4.949596e-01 4.802740e+02 3.201562e+02 
5.000000e-01 4.705765e+02 3.133082e+02 
