1.000000e-03 3.281507e+03 3.281204e+03 
6.040404e-03 1.457275e+04 1.463367e+04 
1.108081e-02 1.999682e+04 1.988114e+04 
1.612121e-02 2.191157e+04 2.148409e+04 
2.116162e-02 2.170243e+04 2.086035e+04 
2.620202e-02 2.032312e+04 1.924996e+04 
3.124242e-02 1.847093e+04 1.749095e+04 
3.628283e-02 1.661691e+04 1.587802e+04 
4.132323e-02 1.502352e+04 1.445159e+04 
4.636364e-02 1.377577e+04 1.319148e+04 
5.140404e-02 1.286046e+04 1.207291e+04 
5.644444e-02 1.217649e+04 1.107568e+04 
6.148485e-02 1.160503e+04 1.018370e+04 
6.652525e-02 1.104409e+04 9.383790e+03 
7.156566e-02 1.042206e+04 8.664841e+03 
7.660606e-02 9.716955e+03 8.017288e+03 
8.164646e-02 8.956349e+03 7.432832e+03 
8.668687e-02 8.195705e+03 6.904234e+03 
9.172727e-02 7.488763e+03 6.425170e+03 
9.676768e-02 6.875767e+03 5.990104e+03 
1.018081e-01 6.380605e+03 5.594191e+03 
1.068485e-01 6.006139e+03 5.233180e+03 
1.118889e-01 5.730756e+03 4.903344e+03 
1.169293e-01 5.516686e+03 4.601406e+03 
1.219697e-01 5.325138e+03 4.324484e+03 
1.270101e-01 5.126669e+03 4.070038e+03 
1.320505e-01 4.903819e+03 3.835825e+03 
1.370909e-01 4.651604e+03 3.619862e+03 
1.421313e-01 4.377849e+03 3.420392e+03 
1.471717e-01 4.099069e+03 3.235856e+03 
1.522121e-01 3.833129e+03 3.064866e+03 
1.572525e-01 3.594698e+03 2.906187e+03 
1.622929e-01 3.393518e+03 2.758716e+03 
1.673333e-01 3.232280e+03 2.621465e+03 
1.723737e-01 3.105908e+03 2.493550e+03 
1.774141e-01 3.003830e+03 2.374179e+03 
1.824545e-01 2.913931e+03 2.262636e+03 
1.874949e-01 2.825868e+03 2.158278e+03 
1.925354e-01 2.732264e+03 2.060526e+03 
1.975758e-01 2.629093e+03 1.968854e+03 
2.026162e-01 2.516840e+03 1.882788e+03 
2.076566e-01 2.399847e+03 1.801896e+03 
2.126970e-01 2.284187e+03 1.725787e+03 
2.177374e-01 2.175506e+03 1.654105e+03 
2.227778e-01 2.077851e+03 1.586526e+03 
2.278182e-01 1.993197e+03 1.522753e+03 
2.328586e-01 1.921357e+03 1.462516e+03 
2.378990e-01 1.860186e+03 1.405568e+03 
2.429394e-01 1.806313e+03 1.351682e+03 
2.479798e-01 1.756225e+03 1.300649e+03 
2.530202e-01 1.706843e+03 1.252279e+03 
2.580606e-01 1.655850e+03 1.206396e+03 
2.631010e-01 1.602197e+03 1.162839e+03 
2.681414e-01 1.546429e+03 1.121457e+03 
2.731818e-01 1.490297e+03 1.082113e+03 
2.782222e-01 1.435695e+03 1.044681e+03 
2.832626e-01 1.384062e+03 1.009042e+03 
2.883030e-01 1.336399e+03 9.750878e+02 
2.933434e-01 1.293288e+03 9.427168e+02 
2.983838e-01 1.254715e+03 9.118356e+02 
3.034242e-01 1.219957e+03 8.823571e+02 
3.084646e-01 1.187795e+03 8.542005e+02 
3.135051e-01 1.157048e+03 8.272904e+02 
3.185455e-01 1.126848e+03 8.015568e+02 
3.235859e-01 1.096661e+03 7.769342e+02 
3.286263e-01 1.066261e+03 7.533617e+02 
3.336667e-01 1.035707e+03 7.307824e+02 
3.387071e-01 1.005386e+03 7.091430e+02 
3.437475e-01 9.759035e+02 6.883937e+02 
3.487879e-01 9.477976e+02 6.684880e+02 
3.538283e-01 9.213597e+02 6.493822e+02 
3.588687e-01 8.966521e+02 6.310354e+02 
3.639091e-01 8.735861e+02 6.134091e+02 
3.689495e-01 8.519691e+02 5.964674e+02 
3.739899e-01 8.315070e+02 5.801764e+02 
3.790303e-01 8.118057e+02 5.645042e+02 
3.840707e-01 7.925841e+02 5.494208e+02 
3.891111e-01 7.736597e+02 5.348982e+02 
3.941515e-01 7.549738e+02 5.209096e+02 
3.991919e-01 7.365620e+02 5.074301e+02 
4.042323e-01 7.184915e+02 4.944360e+02 
4.092727e-01 7.008956e+02 4.819050e+02 
4.143131e-01 6.839470e+02 4.698161e+02 
4.193535e-01 6.677345e+02 4.581494e+02 
4.243939e-01 6.522800e+02 4.468860e+02 
4.294343e-01 6.375224e+02 4.360082e+02 
4.344747e-01 6.233961e+02 4.254991e+02 
4.395152e-01 6.098351e+02 4.153427e+02 
4.445556e-01 5.967459e+02 4.055240e+02 
4.495960e-01 5.840070e+02 3.960286e+02 
4.546364e-01 5.715365e+02 3.868429e+02 
4.596768e-01 5.593225e+02 3.779540e+02 
4.647172e-01 5.473877e+02 3.693496e+02 
4.697576e-01 5.357423e+02 3.610182e+02 
4.747980e-01 5.243859e+02 3.529486e+02 
4.798384e-01 5.133607e+02 3.451303e+02 
4.848788e-01 5.026985e+02 3.375534e+02 
4.899192e-01 4.924136e+02 3.302083e+02 
4.949596e-01 4.824977e+02 3.230859e+02 
5.000000e-01 4.729120e+02 3.161776e+02 
