1.000000e-03 3.072981e+03 3.072686e+03 
6.040404e-03 1.379472e+04 1.384753e+04 
1.108081e-02 1.892335e+04 1.877254e+04 
1.612121e-02 2.076517e+04 2.027101e+04 
2.116162e-02 2.066905e+04 1.979014e+04 
2.620202e-02 1.953059e+04 1.847568e+04 
3.124242e-02 1.797635e+04 1.700227e+04 
3.628283e-02 1.641335e+04 1.559801e+04 
4.132323e-02 1.505653e+04 1.431009e+04 
4.636364e-02 1.395935e+04 1.314012e+04 
5.140404e-02 1.312520e+04 1.208064e+04 
5.644444e-02 1.242920e+04 1.112262e+04 
6.148485e-02 1.178924e+04 1.025690e+04 
6.652525e-02 1.113243e+04 9.474588e+03 
7.156566e-02 1.042462e+04 8.767299e+03 
7.660606e-02 9.672760e+03 8.127256e+03 
8.164646e-02 8.917019e+03 7.547357e+03 
8.668687e-02 8.206308e+03 7.021190e+03 
9.172727e-02 7.577252e+03 6.543014e+03 
9.676768e-02 7.050224e+03 6.107710e+03 
1.018081e-01 6.629608e+03 5.710735e+03 
1.068485e-01 6.300623e+03 5.348067e+03 
1.118889e-01 6.030888e+03 5.016144e+03 
1.169293e-01 5.784793e+03 4.711816e+03 
1.219697e-01 5.536461e+03 4.432297e+03 
1.270101e-01 5.272560e+03 4.175120e+03 
1.320505e-01 4.991503e+03 3.938096e+03 
1.370909e-01 4.701772e+03 3.719286e+03 
1.421313e-01 4.417886e+03 3.516964e+03 
1.471717e-01 4.153991e+03 3.329595e+03 
1.522121e-01 3.919379e+03 3.155810e+03 
1.572525e-01 3.718657e+03 2.994387e+03 
1.622929e-01 3.551795e+03 2.844233e+03 
1.673333e-01 3.412887e+03 2.704368e+03 
1.723737e-01 3.291320e+03 2.573912e+03 
1.774141e-01 3.176506e+03 2.452075e+03 
1.824545e-01 3.061422e+03 2.338144e+03 
1.874949e-01 2.942840e+03 2.231477e+03 
1.925354e-01 2.820200e+03 2.131493e+03 
1.975758e-01 2.695376e+03 2.037668e+03 
2.026162e-01 2.572619e+03 1.949524e+03 
2.076566e-01 2.456729e+03 1.866629e+03 
2.126970e-01 2.351174e+03 1.788589e+03 
2.177374e-01 2.257083e+03 1.715047e+03 
2.227778e-01 2.173825e+03 1.645676e+03 
2.278182e-01 2.099601e+03 1.580178e+03 
2.328586e-01 2.031890e+03 1.518279e+03 
2.378990e-01 1.968028e+03 1.459731e+03 
2.429394e-01 1.905819e+03 1.404303e+03 
2.479798e-01 1.843840e+03 1.351786e+03 
2.530202e-01 1.781506e+03 1.301986e+03 
2.580606e-01 1.719258e+03 1.254726e+03 
2.631010e-01 1.658298e+03 1.209841e+03 
2.681414e-01 1.600010e+03 1.167181e+03 
2.731818e-01 1.545296e+03 1.126605e+03 
2.782222e-01 1.494470e+03 1.087985e+03 
2.832626e-01 1.447486e+03 1.051200e+03 
2.883030e-01 1.404027e+03 1.016141e+03 
2.933434e-01 1.363464e+03 9.827041e+02 
2.983838e-01 1.324921e+03 9.507945e+02 
3.034242e-01 1.287630e+03 9.203236e+02 
3.084646e-01 1.251176e+03 8.912089e+02 
3.135051e-01 1.215398e+03 8.633737e+02 
3.185455e-01 1.180315e+03 8.367465e+02 
3.235859e-01 1.146073e+03 8.112607e+02 
3.286263e-01 1.112955e+03 7.868539e+02 
3.336667e-01 1.081271e+03 7.634682e+02 
3.387071e-01 1.051174e+03 7.410490e+02 
3.437475e-01 1.022675e+03 7.195457e+02 
3.487879e-01 9.956495e+02 6.989105e+02 
3.538283e-01 9.699447e+02 6.790987e+02 
3.588687e-01 9.453319e+02 6.600686e+02 
3.639091e-01 9.215969e+02 6.417808e+02 
3.689495e-01 8.985551e+02 6.241985e+02 
3.739899e-01 8.761225e+02 6.072869e+02 
3.790303e-01 8.543007e+02 5.910134e+02 
3.840707e-01 8.330921e+02 5.753473e+02 
3.891111e-01 8.125220e+02 5.602598e+02 
3.941515e-01 7.926200e+02 5.457234e+02 
3.991919e-01 7.734709e+02 5.317126e+02 
4.042323e-01 7.550849e+02 5.182031e+02 
4.092727e-01 7.374373e+02 5.051720e+02 
4.143131e-01 7.204368e+02 4.925977e+02 
4.193535e-01 7.040206e+02 4.804597e+02 
4.243939e-01 6.881646e+02 4.687387e+02 
4.294343e-01 6.728140e+02 4.574164e+02 
4.344747e-01 6.579101e+02 4.464754e+02 
4.395152e-01 6.433961e+02 4.358994e+02 
4.445556e-01 6.292833e+02 4.256729e+02 
4.495960e-01 6.155981e+02 4.157809e+02 
4.546364e-01 6.023317e+02 4.062097e+02 
4.596768e-01 5.894625e+02 3.969458e+02 
4.647172e-01 5.769765e+02 3.879766e+02 
4.697576e-01 5.648939e+02 3.792902e+02 
4.747980e-01 5.532193e+02 3.708752e+02 
4.798384e-01 5.418951e+02 3.627207e+02 
4.848788e-01 5.308955e+02 3.548164e+02 
4.899192e-01 5.202052e+02 3.471524e+02 
4.949596e-01 5.098175e+02 3.397195e+02 
5.000000e-01 4.997264e+02 3.325088e+02 
