1.000000e-03 2.322366e+03 2.322154e+03 
6.040404e-03 1.045352e+04 1.049469e+04 
1.108081e-02 1.451063e+04 1.437110e+04 
1.612121e-02 1.620427e+04 1.576849e+04 
2.116162e-02 1.651336e+04 1.578356e+04 
2.620202e-02 1.605194e+04 1.516227e+04 
3.124242e-02 1.522859e+04 1.431104e+04 
3.628283e-02 1.430217e+04 1.339732e+04 
4.132323e-02 1.341384e+04 1.248909e+04 
4.636364e-02 1.260525e+04 1.161723e+04 
5.140404e-02 1.190702e+04 1.079626e+04 
5.644444e-02 1.125109e+04 1.003218e+04 
6.148485e-02 1.061718e+04 9.326141e+03 
6.652525e-02 9.992890e+03 8.676619e+03 
7.156566e-02 9.366389e+03 8.080620e+03 
7.660606e-02 8.748389e+03 7.534453e+03 
8.164646e-02 8.165271e+03 7.034177e+03 
8.668687e-02 7.638878e+03 6.575870e+03 
9.172727e-02 7.174206e+03 6.155773e+03 
9.676768e-02 6.766742e+03 5.770371e+03 
1.018081e-01 6.410913e+03 5.416422e+03 
1.068485e-01 6.097196e+03 5.090972e+03 
1.118889e-01 5.808971e+03 4.791339e+03 
1.169293e-01 5.529468e+03 4.515103e+03 
1.219697e-01 5.251751e+03 4.260088e+03 
1.270101e-01 4.977883e+03 4.024335e+03 
1.320505e-01 4.713880e+03 3.806086e+03 
1.370909e-01 4.465662e+03 3.603763e+03 
1.421313e-01 4.237266e+03 3.415947e+03 
1.471717e-01 4.030082e+03 3.241365e+03 
1.522121e-01 3.843628e+03 3.078870e+03 
1.572525e-01 3.675866e+03 2.927431e+03 
1.622929e-01 3.523364e+03 2.786119e+03 
1.673333e-01 3.381586e+03 2.654095e+03 
1.723737e-01 3.245766e+03 2.530600e+03 
1.774141e-01 3.113652e+03 2.414951e+03 
1.824545e-01 2.985300e+03 2.306526e+03 
1.874949e-01 2.861582e+03 2.204763e+03 
1.925354e-01 2.743187e+03 2.109150e+03 
1.975758e-01 2.630996e+03 2.019221e+03 
2.026162e-01 2.526257e+03 1.934555e+03 
2.076566e-01 2.429488e+03 1.854765e+03 
2.126970e-01 2.339935e+03 1.779499e+03 
2.177374e-01 2.256099e+03 1.708434e+03 
2.227778e-01 2.176876e+03 1.641276e+03 
2.278182e-01 2.101604e+03 1.577754e+03 
2.328586e-01 2.029540e+03 1.517621e+03 
2.378990e-01 1.960036e+03 1.460649e+03 
2.429394e-01 1.892956e+03 1.406628e+03 
2.479798e-01 1.828667e+03 1.355366e+03 
2.530202e-01 1.767351e+03 1.306684e+03 
2.580606e-01 1.708950e+03 1.260419e+03 
2.631010e-01 1.653415e+03 1.216418e+03 
2.681414e-01 1.600788e+03 1.174543e+03 
2.731818e-01 1.551017e+03 1.134662e+03 
2.782222e-01 1.503711e+03 1.096656e+03 
2.832626e-01 1.458431e+03 1.060413e+03 
2.883030e-01 1.414905e+03 1.025829e+03 
2.933434e-01 1.373061e+03 9.928083e+02 
2.983838e-01 1.332879e+03 9.612612e+02 
3.034242e-01 1.294258e+03 9.311043e+02 
3.084646e-01 1.257084e+03 9.022598e+02 
3.135051e-01 1.221346e+03 8.746552e+02 
3.185455e-01 1.187085e+03 8.482229e+02 
3.235859e-01 1.154283e+03 8.228996e+02 
3.286263e-01 1.122844e+03 7.986261e+02 
3.336667e-01 1.092641e+03 7.753473e+02 
3.387071e-01 1.063582e+03 7.530112e+02 
3.437475e-01 1.035625e+03 7.315693e+02 
3.487879e-01 1.008729e+03 7.109761e+02 
3.538283e-01 9.827920e+02 6.911888e+02 
3.588687e-01 9.577420e+02 6.721673e+02 
3.639091e-01 9.335391e+02 6.538739e+02 
3.689495e-01 9.101891e+02 6.362731e+02 
3.739899e-01 8.877063e+02 6.193314e+02 
3.790303e-01 8.660279e+02 6.030175e+02 
3.840707e-01 8.450836e+02 5.873017e+02 
3.891111e-01 8.248428e+02 5.721561e+02 
3.941515e-01 8.053015e+02 5.575543e+02 
3.991919e-01 7.864424e+02 5.434713e+02 
4.042323e-01 7.682115e+02 5.298838e+02 
4.092727e-01 7.505518e+02 5.167694e+02 
4.143131e-01 7.334453e+02 5.041071e+02 
4.193535e-01 7.168967e+02 4.918771e+02 
4.243939e-01 7.008927e+02 4.800605e+02 
4.294343e-01 6.853881e+02 4.686396e+02 
4.344747e-01 6.703539e+02 4.575973e+02 
4.395152e-01 6.557784e+02 4.469176e+02 
4.445556e-01 6.416654e+02 4.365854e+02 
4.495960e-01 6.280008e+02 4.265862e+02 
4.546364e-01 6.147394e+02 4.169063e+02 
4.596768e-01 6.018616e+02 4.075327e+02 
4.647172e-01 5.893637e+02 3.984530e+02 
4.697576e-01 5.772436e+02 3.896554e+02 
4.747980e-01 5.654813e+02 3.811287e+02 
4.798384e-01 5.540455e+02 3.728623e+02 
4.848788e-01 5.429304e+02 3.648460e+02 
4.899192e-01 5.321325e+02 3.570701e+02 
4.949596e-01 5.216454e+02 3.495255e+02 
5.000000e-01 5.114550e+02 3.422032e+02 
