1.000000e-03 4.189477e+03 4.189096e+03 
6.040404e-03 1.866363e+04 1.875044e+04 
1.108081e-02 2.566067e+04 2.559612e+04 
1.612121e-02 2.801402e+04 2.766375e+04 
2.116162e-02 2.744192e+04 2.654131e+04 
2.620202e-02 2.520231e+04 2.383914e+04 
3.124242e-02 2.227504e+04 2.095258e+04 
3.628283e-02 1.935855e+04 1.845657e+04 
4.132323e-02 1.686672e+04 1.640125e+04 
4.636364e-02 1.494751e+04 1.469847e+04 
5.140404e-02 1.362347e+04 1.326197e+04 
5.644444e-02 1.275971e+04 1.202980e+04 
6.148485e-02 1.218562e+04 1.095944e+04 
6.652525e-02 1.174076e+04 1.002090e+04 
7.156566e-02 1.127165e+04 9.192134e+03 
7.660606e-02 1.068222e+04 8.456244e+03 
8.164646e-02 9.944459e+03 7.799840e+03 
8.668687e-02 9.095464e+03 7.212045e+03 
9.172727e-02 8.207335e+03 6.683866e+03 
9.676768e-02 7.359091e+03 6.207763e+03 
1.018081e-01 6.619425e+03 5.777358e+03 
1.068485e-01 6.033643e+03 5.387209e+03 
1.118889e-01 5.612739e+03 5.032649e+03 
1.169293e-01 5.336414e+03 4.709653e+03 
1.219697e-01 5.163841e+03 4.414737e+03 
1.270101e-01 5.048084e+03 4.144869e+03 
1.320505e-01 4.943636e+03 3.897406e+03 
1.370909e-01 4.812082e+03 3.670035e+03 
1.421313e-01 4.629604e+03 3.460723e+03 
1.471717e-01 4.391274e+03 3.267683e+03 
1.522121e-01 4.109708e+03 3.089337e+03 
1.572525e-01 3.808130e+03 2.924287e+03 
1.622929e-01 3.513513e+03 2.771294e+03 
1.673333e-01 3.250367e+03 2.629255e+03 
1.723737e-01 3.035226e+03 2.497188e+03 
1.774141e-01 2.873476e+03 2.374215e+03 
1.824545e-01 2.760365e+03 2.259551e+03 
1.874949e-01 2.684873e+03 2.152490e+03 
1.925354e-01 2.632386e+03 2.052398e+03 
1.975758e-01 2.587338e+03 1.958706e+03 
2.026162e-01 2.535209e+03 1.870898e+03 
2.076566e-01 2.465884e+03 1.788508e+03 
2.126970e-01 2.375779e+03 1.711116e+03 
2.177374e-01 2.267634e+03 1.638339e+03 
2.227778e-01 2.148397e+03 1.569830e+03 
2.278182e-01 2.027233e+03 1.505273e+03 
2.328586e-01 1.913132e+03 1.444380e+03 
2.378990e-01 1.813167e+03 1.386888e+03 
2.429394e-01 1.731113e+03 1.332558e+03 
2.479798e-01 1.667450e+03 1.281168e+03 
2.530202e-01 1.619932e+03 1.232518e+03 
2.580606e-01 1.584167e+03 1.186423e+03 
2.631010e-01 1.554474e+03 1.142713e+03 
2.681414e-01 1.525058e+03 1.101232e+03 
2.731818e-01 1.491415e+03 1.061835e+03 
2.782222e-01 1.451254e+03 1.024390e+03 
2.832626e-01 1.404377e+03 9.887741e+02 
2.883030e-01 1.352194e+03 9.548739e+02 
2.933434e-01 1.297172e+03 9.225846e+02 
2.983838e-01 1.242536e+03 8.918089e+02 
3.034242e-01 1.191434e+03 8.624569e+02 
3.084646e-01 1.146197e+03 8.344447e+02 
3.135051e-01 1.107809e+03 8.076947e+02 
3.185455e-01 1.076049e+03 7.821346e+02 
3.235859e-01 1.049809e+03 7.576972e+02 
3.286263e-01 1.027482e+03 7.343196e+02 
3.336667e-01 1.007109e+03 7.119435e+02 
3.387071e-01 9.867683e+02 6.905143e+02 
3.437475e-01 9.649748e+02 6.699809e+02 
3.487879e-01 9.410070e+02 6.502957e+02 
3.538283e-01 9.149428e+02 6.314141e+02 
3.588687e-01 8.874076e+02 6.132943e+02 
3.639091e-01 8.593542e+02 5.958972e+02 
3.689495e-01 8.318461e+02 5.791861e+02 
3.739899e-01 8.058973e+02 5.631264e+02 
3.790303e-01 7.822329e+02 5.476858e+02 
3.840707e-01 7.611694e+02 5.328339e+02 
3.891111e-01 7.426359e+02 5.185422e+02 
3.941515e-01 7.261751e+02 5.047835e+02 
3.991919e-01 7.112062e+02 4.915327e+02 
4.042323e-01 6.970347e+02 4.787657e+02 
4.092727e-01 6.830252e+02 4.664601e+02 
4.143131e-01 6.686752e+02 4.545946e+02 
4.193535e-01 6.537351e+02 4.431490e+02 
4.243939e-01 6.382455e+02 4.321045e+02 
4.294343e-01 6.224425e+02 4.214431e+02 
4.344747e-01 6.066336e+02 4.111477e+02 
4.395152e-01 5.911628e+02 4.012025e+02 
4.445556e-01 5.763651e+02 3.915921e+02 
4.495960e-01 5.625038e+02 3.823022e+02 
4.546364e-01 5.497102e+02 3.733191e+02 
4.596768e-01 5.379238e+02 3.646299e+02 
4.647172e-01 5.269851e+02 3.562223e+02 
4.697576e-01 5.166811e+02 3.480847e+02 
4.747980e-01 5.067959e+02 3.402059e+02 
4.798384e-01 4.971120e+02 3.325754e+02 
4.848788e-01 4.874477e+02 3.251833e+02 
4.899192e-01 4.776894e+02 3.180200e+02 
4.949596e-01 4.678394e+02 3.110764e+02 
5.000000e-01 4.579864e+02 3.043441e+02 
