1.000000e-03 3.880604e+03 3.880241e+03 
6.040404e-03 1.751544e+04 1.759334e+04 
1.108081e-02 2.415494e+04 2.407286e+04 
1.612121e-02 2.642355e+04 2.604179e+04 
2.116162e-02 2.594744e+04 2.503782e+04 
2.620202e-02 2.391700e+04 2.260926e+04 
3.124242e-02 2.125263e+04 2.002208e+04 
3.628283e-02 1.860503e+04 1.776799e+04 
4.132323e-02 1.635276e+04 1.588670e+04 
4.636364e-02 1.462473e+04 1.430617e+04 
5.140404e-02 1.343647e+04 1.295680e+04 
5.644444e-02 1.264922e+04 1.178841e+04 
6.148485e-02 1.210203e+04 1.076600e+04 
6.652525e-02 1.164204e+04 9.864400e+03 
7.156566e-02 1.113283e+04 9.064654e+03 
7.660606e-02 1.049794e+04 8.351936e+03 
8.164646e-02 9.728825e+03 7.714278e+03 
8.668687e-02 8.874926e+03 7.141812e+03 
9.172727e-02 8.010839e+03 6.626277e+03 
9.676768e-02 7.210128e+03 6.160679e+03 
1.018081e-01 6.532208e+03 5.739054e+03 
1.068485e-01 6.010403e+03 5.356282e+03 
1.118889e-01 5.644474e+03 5.007945e+03 
1.169293e-01 5.404670e+03 4.690218e+03 
1.219697e-01 5.246558e+03 4.399775e+03 
1.270101e-01 5.123454e+03 4.133715e+03 
1.320505e-01 4.993453e+03 3.889500e+03 
1.370909e-01 4.825601e+03 3.664902e+03 
1.421313e-01 4.605831e+03 3.457963e+03 
1.471717e-01 4.338711e+03 3.266953e+03 
1.522121e-01 4.042909e+03 3.090343e+03 
1.572525e-01 3.743621e+03 2.926780e+03 
1.622929e-01 3.465963e+03 2.775057e+03 
1.673333e-01 3.229535e+03 2.634104e+03 
1.723737e-01 3.044280e+03 2.502963e+03 
1.774141e-01 2.909327e+03 2.380777e+03 
1.824545e-01 2.815305e+03 2.266779e+03 
1.874949e-01 2.748452e+03 2.160281e+03 
1.925354e-01 2.693767e+03 2.060662e+03 
1.975758e-01 2.636767e+03 1.967363e+03 
2.026162e-01 2.566096e+03 1.879880e+03 
2.076566e-01 2.476431e+03 1.797757e+03 
2.126970e-01 2.369040e+03 1.720578e+03 
2.177374e-01 2.250071e+03 1.647969e+03 
2.227778e-01 2.127961e+03 1.579589e+03 
2.278182e-01 2.011476e+03 1.515126e+03 
2.328586e-01 1.907819e+03 1.454297e+03 
2.378990e-01 1.821160e+03 1.396842e+03 
2.429394e-01 1.752338e+03 1.342526e+03 
2.479798e-01 1.699393e+03 1.291132e+03 
2.530202e-01 1.658290e+03 1.242460e+03 
2.580606e-01 1.623716e+03 1.196327e+03 
2.631010e-01 1.590099e+03 1.152566e+03 
2.681414e-01 1.552925e+03 1.111023e+03 
2.731818e-01 1.509826e+03 1.071555e+03 
2.782222e-01 1.460681e+03 1.034030e+03 
2.832626e-01 1.406968e+03 9.983271e+02 
2.883030e-01 1.351065e+03 9.643339e+02 
2.933434e-01 1.295846e+03 9.319466e+02 
2.983838e-01 1.244220e+03 9.010686e+02 
3.034242e-01 1.198369e+03 8.716107e+02 
3.084646e-01 1.159141e+03 8.434899e+02 
3.135051e-01 1.126185e+03 8.166289e+02 
3.185455e-01 1.098320e+03 7.909561e+02 
3.235859e-01 1.073916e+03 7.664046e+02 
3.286263e-01 1.051177e+03 7.429121e+02 
3.336667e-01 1.028376e+03 7.204203e+02 
3.387071e-01 1.004224e+03 6.988752e+02 
3.437475e-01 9.781645e+02 6.782259e+02 
3.487879e-01 9.504029e+02 6.584251e+02 
3.538283e-01 9.216788e+02 6.394282e+02 
3.588687e-01 8.929262e+02 6.211938e+02 
3.639091e-01 8.650953e+02 6.036827e+02 
3.689495e-01 8.390239e+02 5.868586e+02 
3.739899e-01 8.152830e+02 5.706869e+02 
3.790303e-01 7.940435e+02 5.551355e+02 
3.840707e-01 7.750719e+02 5.401739e+02 
3.891111e-01 7.578874e+02 5.257737e+02 
3.941515e-01 7.418890e+02 5.119080e+02 
3.991919e-01 7.264612e+02 4.985515e+02 
4.042323e-01 7.110691e+02 4.856803e+02 
4.092727e-01 6.953470e+02 4.732718e+02 
4.143131e-01 6.791715e+02 4.613050e+02 
4.193535e-01 6.626692e+02 4.497596e+02 
4.243939e-01 6.461280e+02 4.386168e+02 
4.294343e-01 6.298530e+02 4.278586e+02 
4.344747e-01 6.141239e+02 4.174681e+02 
4.395152e-01 5.991964e+02 4.074292e+02 
4.445556e-01 5.852406e+02 3.977267e+02 
4.495960e-01 5.723012e+02 3.883462e+02 
4.546364e-01 5.602554e+02 3.792740e+02 
4.596768e-01 5.488926e+02 3.704973e+02 
4.647172e-01 5.380174e+02 3.620036e+02 
4.697576e-01 5.274413e+02 3.537814e+02 
4.747980e-01 5.169990e+02 3.458195e+02 
4.798384e-01 5.065780e+02 3.381074e+02 
4.848788e-01 4.961248e+02 3.306351e+02 
4.899192e-01 4.856875e+02 3.233930e+02 
4.949596e-01 4.753815e+02 3.163721e+02 
5.000000e-01 4.653119e+02 3.095638e+02 
