1.000000e-03 3.131719e+03 3.131437e+03 
6.040404e-03 1.416887e+04 1.422906e+04 
1.108081e-02 1.962418e+04 1.951698e+04 
1.612121e-02 2.165175e+04 2.124410e+04 
2.116162e-02 2.156676e+04 2.075052e+04 
2.620202e-02 2.029398e+04 1.923892e+04 
3.124242e-02 1.851956e+04 1.754560e+04 
3.628283e-02 1.671495e+04 1.597632e+04 
4.132323e-02 1.514890e+04 1.457959e+04 
4.636364e-02 1.391407e+04 1.333968e+04 
5.140404e-02 1.300523e+04 1.223451e+04 
5.644444e-02 1.232730e+04 1.124562e+04 
6.148485e-02 1.176131e+04 1.035824e+04 
6.652525e-02 1.121182e+04 9.560142e+03 
7.156566e-02 1.060201e+04 8.840933e+03 
7.660606e-02 9.905647e+03 8.191600e+03 
8.164646e-02 9.148616e+03 7.604264e+03 
8.668687e-02 8.386733e+03 7.072005e+03 
9.172727e-02 7.674295e+03 6.588739e+03 
9.676768e-02 7.051848e+03 6.149115e+03 
1.018081e-01 6.544720e+03 5.748424e+03 
1.068485e-01 6.158673e+03 5.382523e+03 
1.118889e-01 5.874733e+03 5.047762e+03 
1.169293e-01 5.656308e+03 4.740924e+03 
1.219697e-01 5.463801e+03 4.459169e+03 
1.270101e-01 5.265964e+03 4.199989e+03 
1.320505e-01 5.044422e+03 3.961163e+03 
1.370909e-01 4.793389e+03 3.740724e+03 
1.421313e-01 4.519011e+03 3.536924e+03 
1.471717e-01 4.236793e+03 3.348210e+03 
1.522121e-01 3.964725e+03 3.173198e+03 
1.572525e-01 3.718767e+03 3.010652e+03 
1.622929e-01 3.509856e+03 2.859467e+03 
1.673333e-01 3.341398e+03 2.718654e+03 
1.723737e-01 3.209059e+03 2.587325e+03 
1.774141e-01 3.102835e+03 2.464682e+03 
1.824545e-01 3.010753e+03 2.350006e+03 
1.874949e-01 2.922088e+03 2.242650e+03 
1.925354e-01 2.828586e+03 2.142026e+03 
1.975758e-01 2.725410e+03 2.047606e+03 
2.026162e-01 2.612326e+03 1.958909e+03 
2.076566e-01 2.493407e+03 1.875500e+03 
2.126970e-01 2.374825e+03 1.796980e+03 
2.177374e-01 2.262443e+03 1.722990e+03 
2.227778e-01 2.160497e+03 1.653200e+03 
2.278182e-01 2.071546e+03 1.587310e+03 
2.328586e-01 1.996036e+03 1.525044e+03 
2.378990e-01 1.932054e+03 1.466152e+03 
2.429394e-01 1.876180e+03 1.410401e+03 
2.479798e-01 1.824724e+03 1.357581e+03 
2.530202e-01 1.774480e+03 1.307497e+03 
2.580606e-01 1.722988e+03 1.259968e+03 
2.631010e-01 1.668819e+03 1.214831e+03 
2.681414e-01 1.612140e+03 1.171933e+03 
2.731818e-01 1.554477e+03 1.131133e+03 
2.782222e-01 1.497922e+03 1.092301e+03 
2.832626e-01 1.444199e+03 1.055316e+03 
2.883030e-01 1.394387e+03 1.020068e+03 
2.933434e-01 1.349107e+03 9.864531e+02 
2.983838e-01 1.308517e+03 9.543745e+02 
3.034242e-01 1.272108e+03 9.237436e+02 
3.084646e-01 1.238768e+03 8.944773e+02 
3.135051e-01 1.207162e+03 8.664983e+02 
3.185455e-01 1.176202e+03 8.397348e+02 
3.235859e-01 1.145288e+03 8.141196e+02 
3.286263e-01 1.114160e+03 7.895900e+02 
3.336667e-01 1.082837e+03 7.660875e+02 
3.387071e-01 1.051582e+03 7.435573e+02 
3.437475e-01 1.020949e+03 7.219484e+02 
3.487879e-01 9.915568e+02 7.012128e+02 
3.538283e-01 9.638519e+02 6.813054e+02 
3.588687e-01 9.379883e+02 6.621842e+02 
3.639091e-01 9.138614e+02 6.438097e+02 
3.689495e-01 8.912552e+02 6.261446e+02 
3.739899e-01 8.699148e+02 6.091541e+02 
3.790303e-01 8.495218e+02 5.928053e+02 
3.840707e-01 8.297117e+02 5.770674e+02 
3.891111e-01 8.102122e+02 5.619112e+02 
3.941515e-01 7.908950e+02 5.473092e+02 
3.991919e-01 7.718195e+02 5.332358e+02 
4.042323e-01 7.530878e+02 5.196664e+02 
4.092727e-01 7.348053e+02 5.065780e+02 
4.143131e-01 7.171032e+02 4.939488e+02 
4.193535e-01 7.001143e+02 4.817584e+02 
4.243939e-01 6.839144e+02 4.699871e+02 
4.294343e-01 6.684927e+02 4.586167e+02 
4.344747e-01 6.537667e+02 4.476297e+02 
4.395152e-01 6.396241e+02 4.370095e+02 
4.445556e-01 6.259727e+02 4.267406e+02 
4.495960e-01 6.127328e+02 4.168081e+02 
4.546364e-01 5.998078e+02 4.071978e+02 
4.596768e-01 5.871479e+02 3.978965e+02 
4.647172e-01 5.747326e+02 3.888915e+02 
4.697576e-01 5.625792e+02 3.801707e+02 
4.747980e-01 5.507361e+02 3.717226e+02 
4.798384e-01 5.392343e+02 3.635363e+02 
4.848788e-01 5.280921e+02 3.556014e+02 
4.899192e-01 5.173235e+02 3.479082e+02 
4.949596e-01 5.069274e+02 3.404471e+02 
5.000000e-01 4.969041e+02 3.332092e+02 
