1.000000e-03 6.114526e+03 6.113955e+03 
6.040404e-03 2.693842e+04 2.706828e+04 
1.108081e-02 3.649825e+04 3.648766e+04 
1.612121e-02 3.909911e+04 3.879850e+04 
2.116162e-02 3.734614e+04 3.623312e+04 
2.620202e-02 3.319378e+04 3.127150e+04 
3.124242e-02 2.818322e+04 2.627575e+04 
3.628283e-02 2.340263e+04 2.221667e+04 
4.132323e-02 1.946252e+04 1.909341e+04 
4.636364e-02 1.654991e+04 1.666528e+04 
5.140404e-02 1.465080e+04 1.472459e+04 
5.644444e-02 1.353033e+04 1.313140e+04 
6.148485e-02 1.292814e+04 1.179529e+04 
6.652525e-02 1.257624e+04 1.065656e+04 
7.156566e-02 1.224043e+04 9.674213e+03 
7.660606e-02 1.174649e+04 8.818777e+03 
8.164646e-02 1.100812e+04 8.068272e+03 
8.668687e-02 1.004175e+04 7.405762e+03 
9.172727e-02 8.940997e+03 6.817865e+03 
9.676768e-02 7.833433e+03 6.293798e+03 
1.018081e-01 6.839388e+03 5.824733e+03 
1.068485e-01 6.040702e+03 5.403360e+03 
1.118889e-01 5.468883e+03 5.023559e+03 
1.169293e-01 5.111408e+03 4.680168e+03 
1.219697e-01 4.927560e+03 4.368800e+03 
1.270101e-01 4.860621e+03 4.085705e+03 
1.320505e-01 4.845090e+03 3.827663e+03 
1.370909e-01 4.816842e+03 3.591891e+03 
1.421313e-01 4.726464e+03 3.375979e+03 
1.471717e-01 4.548323e+03 3.177828e+03 
1.522121e-01 4.282096e+03 2.995603e+03 
1.572525e-01 3.949755e+03 2.827698e+03 
1.622929e-01 3.589738e+03 2.672698e+03 
1.673333e-01 3.245481e+03 2.529357e+03 
1.723737e-01 2.951183e+03 2.396572e+03 
1.774141e-01 2.724665e+03 2.273365e+03 
1.824545e-01 2.568989e+03 2.158866e+03 
1.874949e-01 2.477224e+03 2.052300e+03 
1.925354e-01 2.435537e+03 1.952974e+03 
1.975758e-01 2.423783e+03 1.860269e+03 
2.026162e-01 2.418587e+03 1.773626e+03 
2.076566e-01 2.398841e+03 1.692547e+03 
2.126970e-01 2.350614e+03 1.616580e+03 
2.177374e-01 2.268940e+03 1.545317e+03 
2.227778e-01 2.156932e+03 1.478391e+03 
2.278182e-01 2.024246e+03 1.415467e+03 
2.328586e-01 1.884719e+03 1.356244e+03 
2.378990e-01 1.752493e+03 1.300445e+03 
2.429394e-01 1.638770e+03 1.247820e+03 
2.479798e-01 1.549740e+03 1.198140e+03 
2.530202e-01 1.486835e+03 1.151196e+03 
2.580606e-01 1.447242e+03 1.106798e+03 
2.631010e-01 1.425017e+03 1.064771e+03 
2.681414e-01 1.412319e+03 1.024953e+03 
2.731818e-01 1.400895e+03 9.871973e+02 
2.782222e-01 1.383644e+03 9.513688e+02 
2.832626e-01 1.355877e+03 9.173422e+02 
2.883030e-01 1.315786e+03 8.850025e+02 
2.933434e-01 1.264631e+03 8.542435e+02 
2.983838e-01 1.206009e+03 8.249670e+02 
3.034242e-01 1.144995e+03 7.970821e+02 
3.084646e-01 1.086718e+03 7.705049e+02 
3.135051e-01 1.035255e+03 7.451573e+02 
3.185455e-01 9.930470e+02 7.209669e+02 
3.235859e-01 9.607080e+02 6.978665e+02 
3.286263e-01 9.373151e+02 6.757937e+02 
3.336667e-01 9.207913e+02 6.546903e+02 
3.387071e-01 9.082574e+02 6.345020e+02 
3.437475e-01 8.965958e+02 6.151783e+02 
3.487879e-01 8.830532e+02 5.966722e+02 
3.538283e-01 8.658041e+02 5.789394e+02 
3.588687e-01 8.442061e+02 5.619389e+02 
3.639091e-01 8.186410e+02 5.456320e+02 
3.689495e-01 7.902931e+02 5.299828e+02 
3.739899e-01 7.608340e+02 5.149574e+02 
3.790303e-01 7.321453e+02 5.005242e+02 
3.840707e-01 7.059005e+02 4.866533e+02 
3.891111e-01 6.831449e+02 4.733168e+02 
3.941515e-01 6.642663e+02 4.604885e+02 
3.991919e-01 6.489891e+02 4.481436e+02 
4.042323e-01 6.365910e+02 4.362590e+02 
4.092727e-01 6.260720e+02 4.248126e+02 
4.143131e-01 6.162832e+02 4.137840e+02 
4.193535e-01 6.061350e+02 4.031536e+02 
4.243939e-01 5.948821e+02 3.929031e+02 
4.294343e-01 5.821550e+02 3.830151e+02 
4.344747e-01 5.679957e+02 3.734733e+02 
4.395152e-01 5.527606e+02 3.642622e+02 
4.445556e-01 5.370454e+02 3.553671e+02 
4.495960e-01 5.215390e+02 3.467743e+02 
4.546364e-01 5.068643e+02 3.384705e+02 
4.596768e-01 4.935053e+02 3.304435e+02 
4.647172e-01 4.816648e+02 3.226813e+02 
4.697576e-01 4.713263e+02 3.151728e+02 
4.747980e-01 4.622941e+02 3.079075e+02 
4.798384e-01 4.541874e+02 3.008752e+02 
4.848788e-01 4.465907e+02 2.940665e+02 
4.899192e-01 4.390758e+02 2.874721e+02 
4.949596e-01 4.313113e+02 2.810836e+02 
5.000000e-01 4.231337e+02 2.748927e+02 
