1.000000e-03 2.667985e+03 2.667743e+03 
6.040404e-03 1.231762e+04 1.236853e+04 
1.108081e-02 1.722089e+04 1.711094e+04 
1.612121e-02 1.916553e+04 1.877052e+04 
2.116162e-02 1.927651e+04 1.852233e+04 
2.620202e-02 1.834315e+04 1.738798e+04 
3.124242e-02 1.694791e+04 1.604950e+04 
3.628283e-02 1.549059e+04 1.476182e+04 
4.132323e-02 1.419876e+04 1.358010e+04 
4.636364e-02 1.315191e+04 1.250599e+04 
5.140404e-02 1.236830e+04 1.153141e+04 
5.644444e-02 1.174395e+04 1.064749e+04 
6.148485e-02 1.119574e+04 9.845886e+03 
6.652525e-02 1.065214e+04 9.118797e+03 
7.156566e-02 1.005611e+04 8.458973e+03 
7.660606e-02 9.393590e+03 7.859717e+03 
8.164646e-02 8.693869e+03 7.314897e+03 
8.668687e-02 8.007773e+03 6.818946e+03 
9.172727e-02 7.378707e+03 6.366843e+03 
9.676768e-02 6.834574e+03 5.954088e+03 
1.018081e-01 6.390239e+03 5.576656e+03 
1.068485e-01 6.045643e+03 5.230964e+03 
1.118889e-01 5.781156e+03 4.913820e+03 
1.169293e-01 5.562932e+03 4.622388e+03 
1.219697e-01 5.357431e+03 4.354145e+03 
1.270101e-01 5.141507e+03 4.106846e+03 
1.320505e-01 4.905336e+03 3.878495e+03 
1.370909e-01 4.649552e+03 3.667312e+03 
1.421313e-01 4.382945e+03 3.471710e+03 
1.471717e-01 4.119410e+03 3.290271e+03 
1.522121e-01 3.873048e+03 3.121728e+03 
1.572525e-01 3.654900e+03 2.964944e+03 
1.622929e-01 3.471080e+03 2.818901e+03 
1.673333e-01 3.321173e+03 2.682683e+03 
1.723737e-01 3.198691e+03 2.555468e+03 
1.774141e-01 3.093410e+03 2.436512e+03 
1.824545e-01 2.995428e+03 2.325146e+03 
1.874949e-01 2.897277e+03 2.220764e+03 
1.925354e-01 2.794067e+03 2.122816e+03 
1.975758e-01 2.683975e+03 2.030807e+03 
2.026162e-01 2.568689e+03 1.944283e+03 
2.076566e-01 2.452887e+03 1.862834e+03 
2.126970e-01 2.342008e+03 1.786085e+03 
2.177374e-01 2.239874e+03 1.713695e+03 
2.227778e-01 2.148427e+03 1.645353e+03 
2.278182e-01 2.068409e+03 1.580773e+03 
2.328586e-01 1.998900e+03 1.519693e+03 
2.378990e-01 1.937500e+03 1.461875e+03 
2.429394e-01 1.880955e+03 1.407098e+03 
2.479798e-01 1.826347e+03 1.355160e+03 
2.530202e-01 1.771775e+03 1.305875e+03 
2.580606e-01 1.716189e+03 1.259072e+03 
2.631010e-01 1.659366e+03 1.214592e+03 
2.681414e-01 1.602053e+03 1.172290e+03 
2.731818e-01 1.545757e+03 1.132030e+03 
2.782222e-01 1.492132e+03 1.093688e+03 
2.832626e-01 1.442209e+03 1.057147e+03 
2.883030e-01 1.396279e+03 1.022300e+03 
2.933434e-01 1.354246e+03 9.890473e+02 
2.983838e-01 1.315694e+03 9.572969e+02 
3.034242e-01 1.279958e+03 9.269621e+02 
3.084646e-01 1.246106e+03 8.979629e+02 
3.135051e-01 1.213201e+03 8.702245e+02 
3.185455e-01 1.180638e+03 8.436772e+02 
3.235859e-01 1.148223e+03 8.182560e+02 
3.286263e-01 1.116091e+03 7.939001e+02 
3.336667e-01 1.084516e+03 7.705527e+02 
3.387071e-01 1.053772e+03 7.481607e+02 
3.437475e-01 1.024221e+03 7.266743e+02 
3.487879e-01 9.961751e+02 7.060468e+02 
3.538283e-01 9.697919e+02 6.862346e+02 
3.588687e-01 9.450134e+02 6.671965e+02 
3.639091e-01 9.215779e+02 6.488941e+02 
3.689495e-01 8.991917e+02 6.312910e+02 
3.739899e-01 8.776356e+02 6.143533e+02 
3.790303e-01 8.567300e+02 5.980488e+02 
3.840707e-01 8.363289e+02 5.823473e+02 
3.891111e-01 8.163059e+02 5.672205e+02 
3.941515e-01 7.966404e+02 5.526415e+02 
3.991919e-01 7.774325e+02 5.385849e+02 
4.042323e-01 7.588128e+02 5.250268e+02 
4.092727e-01 7.408597e+02 5.119448e+02 
4.143131e-01 7.236010e+02 4.993174e+02 
4.193535e-01 7.070427e+02 4.871244e+02 
4.243939e-01 6.911734e+02 4.753469e+02 
4.294343e-01 6.759429e+02 4.639666e+02 
4.344747e-01 6.612668e+02 4.529665e+02 
4.395152e-01 6.470617e+02 4.423304e+02 
4.445556e-01 6.332296e+02 4.320428e+02 
4.495960e-01 6.197526e+02 4.220892e+02 
4.546364e-01 6.066071e+02 4.124557e+02 
4.596768e-01 5.937967e+02 4.031291e+02 
4.647172e-01 5.813193e+02 3.940969e+02 
4.697576e-01 5.691683e+02 3.853473e+02 
4.747980e-01 5.573732e+02 3.768689e+02 
4.798384e-01 5.459669e+02 3.686510e+02 
4.848788e-01 5.349397e+02 3.606834e+02 
4.899192e-01 5.242646e+02 3.529562e+02 
4.949596e-01 5.139098e+02 3.454603e+02 
5.000000e-01 5.038629e+02 3.381867e+02 
