1.000000e-03 4.773626e+03 4.773175e+03 
6.040404e-03 2.148087e+04 2.157901e+04 
1.108081e-02 2.948220e+04 2.942908e+04 
1.612121e-02 3.199327e+04 3.164170e+04 
2.116162e-02 3.102756e+04 3.001204e+04 
2.620202e-02 2.810158e+04 2.649800e+04 
3.124242e-02 2.441430e+04 2.286229e+04 
3.628283e-02 2.081932e+04 1.981472e+04 
4.132323e-02 1.780862e+04 1.738173e+04 
4.636364e-02 1.554462e+04 1.542051e+04 
5.140404e-02 1.403880e+04 1.380270e+04 
5.644444e-02 1.310637e+04 1.243951e+04 
6.148485e-02 1.254477e+04 1.127190e+04 
6.652525e-02 1.214496e+04 1.025960e+04 
7.156566e-02 1.171889e+04 9.373898e+03 
7.660606e-02 1.114255e+04 8.593476e+03 
8.164646e-02 1.037391e+04 7.901877e+03 
8.668687e-02 9.451570e+03 7.286045e+03 
9.172727e-02 8.461546e+03 6.735396e+03 
9.676768e-02 7.504492e+03 6.241206e+03 
1.018081e-01 6.670536e+03 5.796196e+03 
1.068485e-01 6.016952e+03 5.394235e+03 
1.118889e-01 5.558050e+03 5.030117e+03 
1.169293e-01 5.271295e+03 4.699392e+03 
1.219697e-01 5.112373e+03 4.398238e+03 
1.270101e-01 5.027619e+03 4.123354e+03 
1.320505e-01 4.961262e+03 3.871880e+03 
1.370909e-01 4.864002e+03 3.641324e+03 
1.421313e-01 4.703287e+03 3.429513e+03 
1.471717e-01 4.469823e+03 3.234540e+03 
1.522121e-01 4.175982e+03 3.054729e+03 
1.572525e-01 3.848922e+03 2.888605e+03 
1.622929e-01 3.522537e+03 2.734859e+03 
1.673333e-01 3.228796e+03 2.592337e+03 
1.723737e-01 2.989777e+03 2.460008e+03 
1.774141e-01 2.813437e+03 2.336958e+03 
1.824545e-01 2.695827e+03 2.222368e+03 
1.874949e-01 2.625299e+03 2.115506e+03 
1.925354e-01 2.585508e+03 2.015716e+03 
1.975758e-01 2.557376e+03 1.922409e+03 
2.026162e-01 2.522203e+03 1.835053e+03 
2.076566e-01 2.466211e+03 1.753171e+03 
2.126970e-01 2.383359e+03 1.676328e+03 
2.177374e-01 2.275456e+03 1.604135e+03 
2.227778e-01 2.150219e+03 1.536234e+03 
2.278182e-01 2.018815e+03 1.472304e+03 
2.328586e-01 1.892903e+03 1.412051e+03 
2.378990e-01 1.782022e+03 1.355208e+03 
2.429394e-01 1.691939e+03 1.301530e+03 
2.479798e-01 1.624383e+03 1.250793e+03 
2.530202e-01 1.577372e+03 1.202795e+03 
2.580606e-01 1.545765e+03 1.157347e+03 
2.631010e-01 1.522589e+03 1.114278e+03 
2.681414e-01 1.500698e+03 1.073430e+03 
2.731818e-01 1.474268e+03 1.034657e+03 
2.782222e-01 1.439642e+03 9.978258e+02 
2.832626e-01 1.395544e+03 9.628130e+02 
2.883030e-01 1.343045e+03 9.295045e+02 
2.933434e-01 1.285265e+03 8.977948e+02 
2.983838e-01 1.226475e+03 8.675865e+02 
3.034242e-01 1.170857e+03 8.387893e+02 
3.084646e-01 1.121589e+03 8.113192e+02 
3.135051e-01 1.080362e+03 7.850985e+02 
3.185455e-01 1.047461e+03 7.600550e+02 
3.235859e-01 1.021955e+03 7.361214e+02 
3.286263e-01 1.001876e+03 7.132350e+02 
3.336667e-01 9.846532e+02 6.913375e+02 
3.387071e-01 9.676913e+02 6.703746e+02 
3.437475e-01 9.489812e+02 6.502954e+02 
3.487879e-01 9.273359e+02 6.310525e+02 
3.538283e-01 9.024736e+02 6.126015e+02 
3.588687e-01 8.749040e+02 5.949008e+02 
3.639091e-01 8.458191e+02 5.779116e+02 
3.689495e-01 8.167155e+02 5.615974e+02 
3.739899e-01 7.890432e+02 5.459241e+02 
3.790303e-01 7.638743e+02 5.308594e+02 
3.840707e-01 7.418211e+02 5.163733e+02 
3.891111e-01 7.229922e+02 5.024374e+02 
3.941515e-01 7.070167e+02 4.890250e+02 
3.991919e-01 6.931520e+02 4.761111e+02 
4.042323e-01 6.804419e+02 4.636720e+02 
4.092727e-01 6.679442e+02 4.516854e+02 
4.143131e-01 6.549558e+02 4.401303e+02 
4.193535e-01 6.410945e+02 4.289868e+02 
4.243939e-01 6.262466e+02 4.182363e+02 
4.294343e-01 6.105569e+02 4.078610e+02 
4.344747e-01 5.944245e+02 3.978443e+02 
4.395152e-01 5.783907e+02 3.881702e+02 
4.445556e-01 5.630030e+02 3.788238e+02 
4.495960e-01 5.486635e+02 3.697909e+02 
4.546364e-01 5.355530e+02 3.610582e+02 
4.596768e-01 5.237121e+02 3.526127e+02 
4.647172e-01 5.130389e+02 3.444425e+02 
4.697576e-01 5.032820e+02 3.365361e+02 
4.747980e-01 4.941080e+02 3.288826e+02 
4.798384e-01 4.851318e+02 3.214716e+02 
4.848788e-01 4.760909e+02 3.142934e+02 
4.899192e-01 4.668528e+02 3.073385e+02 
4.949596e-01 4.573765e+02 3.005981e+02 
5.000000e-01 4.476883e+02 2.940638e+02 
