1.000000e-03 2.623879e+03 2.623632e+03 
6.040404e-03 1.123335e+04 1.127582e+04 
1.108081e-02 1.530346e+04 1.513710e+04 
1.612121e-02 1.691598e+04 1.642226e+04 
2.116162e-02 1.715382e+04 1.635457e+04 
2.620202e-02 1.665241e+04 1.568164e+04 
3.124242e-02 1.581006e+04 1.478185e+04 
3.628283e-02 1.486687e+04 1.381600e+04 
4.132323e-02 1.394746e+04 1.285545e+04 
4.636364e-02 1.309432e+04 1.193444e+04 
5.140404e-02 1.231410e+04 1.106915e+04 
5.644444e-02 1.157641e+04 1.026599e+04 
6.148485e-02 1.086572e+04 9.525935e+03 
6.652525e-02 1.018094e+04 8.846994e+03 
7.156566e-02 9.515838e+03 8.225633e+03 
7.660606e-02 8.884362e+03 7.657626e+03 
8.164646e-02 8.306513e+03 7.138542e+03 
8.668687e-02 7.791382e+03 6.664026e+03 
9.172727e-02 7.332259e+03 6.229943e+03 
9.676768e-02 6.920273e+03 5.832456e+03 
1.018081e-01 6.549818e+03 5.468051e+03 
1.068485e-01 6.211847e+03 5.133540e+03 
1.118889e-01 5.892500e+03 4.826044e+03 
1.169293e-01 5.582776e+03 4.542976e+03 
1.219697e-01 5.283361e+03 4.282018e+03 
1.270101e-01 4.999138e+03 4.041090e+03 
1.320505e-01 4.734730e+03 3.818330e+03 
1.370909e-01 4.492018e+03 3.612073e+03 
1.421313e-01 4.270632e+03 3.420824e+03 
1.471717e-01 4.068516e+03 3.243246e+03 
1.522121e-01 3.883078e+03 3.078136e+03 
1.572525e-01 3.711735e+03 2.924415e+03 
1.622929e-01 3.551435e+03 2.781112e+03 
1.673333e-01 3.399036e+03 2.647353e+03 
1.723737e-01 3.252863e+03 2.522349e+03 
1.774141e-01 3.113135e+03 2.405387e+03 
1.824545e-01 2.980781e+03 2.295824e+03 
1.874949e-01 2.855936e+03 2.193075e+03 
1.925354e-01 2.738505e+03 2.096612e+03 
1.975758e-01 2.628583e+03 2.005954e+03 
2.026162e-01 2.526229e+03 1.920663e+03 
2.076566e-01 2.430430e+03 1.840343e+03 
2.126970e-01 2.339902e+03 1.764628e+03 
2.177374e-01 2.253797e+03 1.693189e+03 
2.227778e-01 2.171888e+03 1.625722e+03 
2.278182e-01 2.093870e+03 1.561949e+03 
2.328586e-01 2.019342e+03 1.501615e+03 
2.378990e-01 1.948158e+03 1.444488e+03 
2.429394e-01 1.880506e+03 1.390353e+03 
2.479798e-01 1.816356e+03 1.339012e+03 
2.530202e-01 1.755389e+03 1.290283e+03 
2.580606e-01 1.697332e+03 1.243999e+03 
2.631010e-01 1.642094e+03 1.200004e+03 
2.681414e-01 1.589558e+03 1.158156e+03 
2.731818e-01 1.539437e+03 1.118323e+03 
2.782222e-01 1.491421e+03 1.080381e+03 
2.832626e-01 1.445338e+03 1.044218e+03 
2.883030e-01 1.401205e+03 1.009727e+03 
2.933434e-01 1.359002e+03 9.768104e+02 
2.983838e-01 1.318605e+03 9.453778e+02 
3.034242e-01 1.279861e+03 9.153443e+02 
3.084646e-01 1.242695e+03 8.866307e+02 
3.135051e-01 1.207090e+03 8.591638e+02 
3.185455e-01 1.172981e+03 8.328747e+02 
3.235859e-01 1.140242e+03 8.076994e+02 
3.286263e-01 1.108743e+03 7.835780e+02 
3.336667e-01 1.078435e+03 7.604547e+02 
3.387071e-01 1.049303e+03 7.382768e+02 
3.437475e-01 1.021304e+03 7.169954e+02 
3.487879e-01 9.943459e+02 6.965643e+02 
3.538283e-01 9.683477e+02 6.769405e+02 
3.588687e-01 9.432964e+02 6.580834e+02 
3.639091e-01 9.191841e+02 6.399549e+02 
3.689495e-01 8.959652e+02 6.225192e+02 
3.739899e-01 8.735697e+02 6.057426e+02 
3.790303e-01 8.519309e+02 5.895935e+02 
3.840707e-01 8.310397e+02 5.740420e+02 
3.891111e-01 8.109000e+02 5.590599e+02 
3.941515e-01 7.914494e+02 5.446207e+02 
3.991919e-01 7.726443e+02 5.306994e+02 
4.042323e-01 7.544512e+02 5.172723e+02 
4.092727e-01 7.368571e+02 5.043170e+02 
4.143131e-01 7.198673e+02 4.918126e+02 
4.193535e-01 7.034315e+02 4.797388e+02 
4.243939e-01 6.875094e+02 4.680770e+02 
4.294343e-01 6.720870e+02 4.568090e+02 
4.344747e-01 6.571622e+02 4.459181e+02 
4.395152e-01 6.427187e+02 4.353881e+02 
4.445556e-01 6.287208e+02 4.252038e+02 
4.495960e-01 6.151364e+02 4.153506e+02 
4.546364e-01 6.019560e+02 4.058149e+02 
4.596768e-01 5.891885e+02 3.965836e+02 
4.647172e-01 5.768172e+02 3.876443e+02 
4.697576e-01 5.648050e+02 3.789853e+02 
4.747980e-01 5.531268e+02 3.705953e+02 
4.798384e-01 5.417960e+02 3.624636e+02 
4.848788e-01 5.308007e+02 3.545801e+02 
4.899192e-01 5.201201e+02 3.469352e+02 
4.949596e-01 5.097364e+02 3.395195e+02 
5.000000e-01 4.996374e+02 3.323244e+02 
