1.000000e-03 2.187205e+03 2.187006e+03 
6.040404e-03 9.863603e+03 9.903990e+03 
1.108081e-02 1.372190e+04 1.358219e+04 
1.612121e-02 1.539087e+04 1.495790e+04 
2.116162e-02 1.579127e+04 1.507357e+04 
2.620202e-02 1.548040e+04 1.459063e+04 
3.124242e-02 1.481765e+04 1.386051e+04 
3.628283e-02 1.402570e+04 1.304041e+04 
4.132323e-02 1.322602e+04 1.220351e+04 
4.636364e-02 1.246321e+04 1.138686e+04 
5.140404e-02 1.177396e+04 1.060945e+04 
5.644444e-02 1.110811e+04 9.880284e+03 
6.148485e-02 1.046305e+04 9.202591e+03 
6.652525e-02 9.840035e+03 8.576287e+03 
7.156566e-02 9.232380e+03 7.999443e+03 
7.660606e-02 8.648900e+03 7.469166e+03 
8.164646e-02 8.108060e+03 6.982132e+03 
8.668687e-02 7.622013e+03 6.534898e+03 
9.172727e-02 7.187330e+03 6.124087e+03 
9.676768e-02 6.795235e+03 5.746490e+03 
1.018081e-01 6.440551e+03 5.399115e+03 
1.068485e-01 6.117305e+03 5.079205e+03 
1.118889e-01 5.814745e+03 4.784248e+03 
1.169293e-01 5.522845e+03 4.511959e+03 
1.219697e-01 5.239174e+03 4.260274e+03 
1.270101e-01 4.967510e+03 4.027329e+03 
1.320505e-01 4.712675e+03 3.811446e+03 
1.370909e-01 4.477219e+03 3.611110e+03 
1.421313e-01 4.261389e+03 3.424961e+03 
1.471717e-01 4.063891e+03 3.251770e+03 
1.522121e-01 3.882285e+03 3.090432e+03 
1.572525e-01 3.714343e+03 2.939948e+03 
1.622929e-01 3.557773e+03 2.799418e+03 
1.673333e-01 3.409797e+03 2.668028e+03 
1.723737e-01 3.268050e+03 2.545041e+03 
1.774141e-01 3.132024e+03 2.429789e+03 
1.824545e-01 3.002479e+03 2.321667e+03 
1.874949e-01 2.880084e+03 2.220126e+03 
1.925354e-01 2.764563e+03 2.124665e+03 
1.975758e-01 2.655802e+03 2.034830e+03 
2.026162e-01 2.553952e+03 1.950206e+03 
2.076566e-01 2.458857e+03 1.870414e+03 
2.126970e-01 2.369327e+03 1.795109e+03 
2.177374e-01 2.284267e+03 1.723972e+03 
2.227778e-01 2.203139e+03 1.656716e+03 
2.278182e-01 2.125833e+03 1.593072e+03 
2.328586e-01 2.052082e+03 1.532798e+03 
2.378990e-01 1.981582e+03 1.475669e+03 
2.429394e-01 1.914222e+03 1.421477e+03 
2.479798e-01 1.850178e+03 1.370032e+03 
2.530202e-01 1.789340e+03 1.321159e+03 
2.580606e-01 1.731426e+03 1.274695e+03 
2.631010e-01 1.676176e+03 1.230490e+03 
2.681414e-01 1.623498e+03 1.188405e+03 
2.731818e-01 1.573275e+03 1.148312e+03 
2.782222e-01 1.525280e+03 1.110092e+03 
2.832626e-01 1.479242e+03 1.073633e+03 
2.883030e-01 1.435024e+03 1.038832e+03 
2.933434e-01 1.392620e+03 1.005595e+03 
2.983838e-01 1.352014e+03 9.738325e+02 
3.034242e-01 1.313110e+03 9.434609e+02 
3.084646e-01 1.275765e+03 9.144032e+02 
3.135051e-01 1.239896e+03 8.865873e+02 
3.185455e-01 1.205466e+03 8.599459e+02 
3.235859e-01 1.172435e+03 8.344159e+02 
3.286263e-01 1.140706e+03 8.099385e+02 
3.336667e-01 1.110162e+03 7.864585e+02 
3.387071e-01 1.080731e+03 7.639242e+02 
3.437475e-01 1.052393e+03 7.422873e+02 
3.487879e-01 1.025131e+03 7.215022e+02 
3.538283e-01 9.988727e+02 7.015263e+02 
3.588687e-01 9.735363e+02 6.823195e+02 
3.639091e-01 9.490804e+02 6.638441e+02 
3.689495e-01 9.255034e+02 6.460647e+02 
3.739899e-01 9.027834e+02 6.289479e+02 
3.790303e-01 8.808650e+02 6.124621e+02 
3.840707e-01 8.596786e+02 5.965779e+02 
3.891111e-01 8.391924e+02 5.812671e+02 
3.941515e-01 8.193998e+02 5.665035e+02 
3.991919e-01 8.002842e+02 5.522621e+02 
4.042323e-01 7.817991e+02 5.385193e+02 
4.092727e-01 7.639036e+02 5.252529e+02 
4.143131e-01 7.465739e+02 5.124418e+02 
4.193535e-01 7.298045e+02 5.000660e+02 
4.243939e-01 7.135915e+02 4.881068e+02 
4.294343e-01 6.978825e+02 4.765462e+02 
4.344747e-01 6.826453e+02 4.653672e+02 
4.395152e-01 6.678759e+02 4.545538e+02 
4.445556e-01 6.535716e+02 4.440906e+02 
4.495960e-01 6.397127e+02 4.339633e+02 
4.546364e-01 6.262638e+02 4.241581e+02 
4.596768e-01 6.131970e+02 4.146618e+02 
4.647172e-01 6.005146e+02 4.054620e+02 
4.697576e-01 5.882185e+02 3.965469e+02 
4.747980e-01 5.762884e+02 3.879053e+02 
4.798384e-01 5.646911e+02 3.795263e+02 
4.848788e-01 5.534091e+02 3.713999e+02 
4.899192e-01 5.424471e+02 3.635163e+02 
4.949596e-01 5.318034e+02 3.558661e+02 
5.000000e-01 5.214590e+02 3.484407e+02 
