1.000000e-03 7.336321e+03 7.335619e+03 
6.040404e-03 3.170750e+04 3.186320e+04 
1.108081e-02 4.243407e+04 4.244453e+04 
1.612121e-02 4.494359e+04 4.465031e+04 
2.116162e-02 4.240711e+04 4.116930e+04 
2.620202e-02 3.716490e+04 3.496393e+04 
3.124242e-02 3.104468e+04 2.886836e+04 
3.628283e-02 2.531647e+04 2.402049e+04 
4.132323e-02 2.066857e+04 2.037110e+04 
4.636364e-02 1.728569e+04 1.759211e+04 
5.140404e-02 1.512100e+04 1.541093e+04 
5.644444e-02 1.388711e+04 1.364737e+04 
6.148485e-02 1.326850e+04 1.218689e+04 
6.652525e-02 1.295302e+04 1.095512e+04 
7.156566e-02 1.267777e+04 9.901778e+03 
7.660606e-02 1.223113e+04 8.991340e+03 
8.164646e-02 1.149613e+04 8.197707e+03 
8.668687e-02 1.047954e+04 7.501062e+03 
9.172727e-02 9.288044e+03 6.885951e+03 
9.676768e-02 8.070894e+03 6.340066e+03 
1.018081e-01 6.968001e+03 5.853441e+03 
1.068485e-01 6.075981e+03 5.417892e+03 
1.118889e-01 5.435573e+03 5.026630e+03 
1.169293e-01 5.038778e+03 4.673968e+03 
1.219697e-01 4.844211e+03 4.355107e+03 
1.270101e-01 4.789735e+03 4.065970e+03 
1.320505e-01 4.802810e+03 3.803073e+03 
1.370909e-01 4.812085e+03 3.563423e+03 
1.421313e-01 4.759912e+03 3.344436e+03 
1.471717e-01 4.610868e+03 3.143874e+03 
1.522121e-01 4.356359e+03 2.959789e+03 
1.572525e-01 4.016593e+03 2.790479e+03 
1.622929e-01 3.634770e+03 2.634452e+03 
1.673333e-01 3.261262e+03 2.490399e+03 
1.723737e-01 2.936199e+03 2.357162e+03 
1.774141e-01 2.681836e+03 2.233718e+03 
1.824545e-01 2.505080e+03 2.119162e+03 
1.874949e-01 2.401873e+03 2.012687e+03 
1.925354e-01 2.358964e+03 1.913574e+03 
1.975758e-01 2.354755e+03 1.821181e+03 
2.026162e-01 2.363438e+03 1.734934e+03 
2.076566e-01 2.361234e+03 1.654315e+03 
2.126970e-01 2.330880e+03 1.578861e+03 
2.177374e-01 2.263409e+03 1.508155e+03 
2.227778e-01 2.158789e+03 1.441817e+03 
2.278182e-01 2.025940e+03 1.379508e+03 
2.328586e-01 1.880111e+03 1.320917e+03 
2.378990e-01 1.737814e+03 1.265764e+03 
2.429394e-01 1.612341e+03 1.213793e+03 
2.479798e-01 1.511995e+03 1.164772e+03 
2.530202e-01 1.440228e+03 1.118488e+03 
2.580606e-01 1.395652e+03 1.074748e+03 
2.631010e-01 1.372744e+03 1.033375e+03 
2.681414e-01 1.363154e+03 9.942060e+02 
2.731818e-01 1.357812e+03 9.570921e+02 
2.782222e-01 1.348586e+03 9.218965e+02 
2.832626e-01 1.329247e+03 8.884933e+02 
2.883030e-01 1.296248e+03 8.567667e+02 
2.933434e-01 1.249419e+03 8.266097e+02 
2.983838e-01 1.192009e+03 7.979238e+02 
3.034242e-01 1.129495e+03 7.706177e+02 
3.084646e-01 1.067748e+03 7.446070e+02 
3.135051e-01 1.011673e+03 7.198136e+02 
3.185455e-01 9.646253e+02 6.961651e+02 
3.235859e-01 9.282580e+02 6.735942e+02 
3.286263e-01 9.024358e+02 6.520385e+02 
3.336667e-01 8.853337e+02 6.314398e+02 
3.387071e-01 8.739310e+02 6.117440e+02 
3.437475e-01 8.648120e+02 5.929009e+02 
3.487879e-01 8.548316e+02 5.748633e+02 
3.538283e-01 8.415399e+02 5.575874e+02 
3.588687e-01 8.234883e+02 5.410323e+02 
3.639091e-01 8.004172e+02 5.251597e+02 
3.689495e-01 7.732737e+02 5.099336e+02 
3.739899e-01 7.438135e+02 4.953206e+02 
3.790303e-01 7.141532e+02 4.812891e+02 
3.840707e-01 6.862102e+02 4.678097e+02 
3.891111e-01 6.614795e+02 4.548547e+02 
3.941515e-01 6.408190e+02 4.423981e+02 
3.991919e-01 6.243853e+02 4.304153e+02 
4.042323e-01 6.115863e+02 4.188835e+02 
4.092727e-01 6.014188e+02 4.077810e+02 
4.143131e-01 5.926455e+02 3.970873e+02 
4.193535e-01 5.840749e+02 3.867834e+02 
4.243939e-01 5.746720e+02 3.768509e+02 
4.294343e-01 5.637118e+02 3.672730e+02 
4.344747e-01 5.509410e+02 3.580333e+02 
4.395152e-01 5.366015e+02 3.491167e+02 
4.445556e-01 5.212759e+02 3.405088e+02 
4.495960e-01 5.056668e+02 3.321958e+02 
4.546364e-01 4.904983e+02 3.241650e+02 
4.596768e-01 4.764143e+02 3.164040e+02 
4.647172e-01 4.638754e+02 3.089013e+02 
4.697576e-01 4.530429e+02 3.016459e+02 
4.747980e-01 4.437885e+02 2.946274e+02 
4.798384e-01 4.357757e+02 2.878359e+02 
4.848788e-01 4.285871e+02 2.812620e+02 
4.899192e-01 4.217702e+02 2.748969e+02 
4.949596e-01 4.148804e+02 2.687320e+02 
5.000000e-01 4.075777e+02 2.627594e+02 
