1.000000e-03 2.677588e+03 2.677333e+03 
6.040404e-03 1.177812e+04 1.182094e+04 
1.108081e-02 1.613019e+04 1.595951e+04 
1.612121e-02 1.782861e+04 1.731943e+04 
2.116162e-02 1.801930e+04 1.718897e+04 
2.620202e-02 1.740051e+04 1.640747e+04 
3.124242e-02 1.642395e+04 1.540691e+04 
3.628283e-02 1.536626e+04 1.435879e+04 
4.132323e-02 1.436981e+04 1.333161e+04 
4.636364e-02 1.347105e+04 1.235570e+04 
5.140404e-02 1.269010e+04 1.144436e+04 
5.644444e-02 1.195126e+04 1.060204e+04 
6.148485e-02 1.124083e+04 9.828364e+03 
6.652525e-02 1.053796e+04 9.120328e+03 
7.156566e-02 9.841304e+03 8.473638e+03 
7.660606e-02 9.167861e+03 7.883466e+03 
8.164646e-02 8.545046e+03 7.344900e+03 
8.668687e-02 7.989458e+03 6.853188e+03 
9.172727e-02 7.500866e+03 6.403868e+03 
9.676768e-02 7.073816e+03 5.992832e+03 
1.018081e-01 6.700831e+03 5.616337e+03 
1.068485e-01 6.366814e+03 5.271002e+03 
1.118889e-01 6.052469e+03 4.953787e+03 
1.169293e-01 5.743974e+03 4.661965e+03 
1.219697e-01 5.439746e+03 4.393098e+03 
1.270101e-01 5.144692e+03 4.145007e+03 
1.320505e-01 4.864980e+03 3.915743e+03 
1.370909e-01 4.605735e+03 3.703563e+03 
1.421313e-01 4.370188e+03 3.506909e+03 
1.471717e-01 4.158231e+03 3.324386e+03 
1.522121e-01 3.967425e+03 3.154742e+03 
1.572525e-01 3.794308e+03 2.996855e+03 
1.622929e-01 3.634650e+03 2.849717e+03 
1.673333e-01 3.483704e+03 2.712419e+03 
1.723737e-01 3.337893e+03 2.584143e+03 
1.774141e-01 3.196372e+03 2.464152e+03 
1.824545e-01 3.060006e+03 2.351778e+03 
1.874949e-01 2.929892e+03 2.246417e+03 
1.925354e-01 2.806818e+03 2.147523e+03 
1.975758e-01 2.691774e+03 2.054598e+03 
2.026162e-01 2.585232e+03 1.967191e+03 
2.076566e-01 2.486597e+03 1.884890e+03 
2.126970e-01 2.394535e+03 1.807322e+03 
2.177374e-01 2.307732e+03 1.734145e+03 
2.227778e-01 2.225347e+03 1.665045e+03 
2.278182e-01 2.146490e+03 1.599737e+03 
2.328586e-01 2.070666e+03 1.537959e+03 
2.378990e-01 1.997844e+03 1.479470e+03 
2.429394e-01 1.928228e+03 1.424049e+03 
2.479798e-01 1.861955e+03 1.371494e+03 
2.530202e-01 1.798833e+03 1.321617e+03 
2.580606e-01 1.738876e+03 1.274246e+03 
2.631010e-01 1.682181e+03 1.229222e+03 
2.681414e-01 1.628581e+03 1.186397e+03 
2.731818e-01 1.577568e+03 1.145636e+03 
2.782222e-01 1.528664e+03 1.106813e+03 
2.832626e-01 1.481753e+03 1.069810e+03 
2.883030e-01 1.436815e+03 1.034521e+03 
2.933434e-01 1.393720e+03 1.000844e+03 
2.983838e-01 1.352291e+03 9.686866e+02 
3.034242e-01 1.312452e+03 9.379609e+02 
3.084646e-01 1.274286e+03 9.085864e+02 
3.135051e-01 1.237805e+03 8.804876e+02 
3.185455e-01 1.202875e+03 8.535943e+02 
3.235859e-01 1.169328e+03 8.278407e+02 
3.286263e-01 1.137095e+03 8.031656e+02 
3.336667e-01 1.106168e+03 7.795114e+02 
3.387071e-01 1.076468e+03 7.568245e+02 
3.437475e-01 1.047858e+03 7.350547e+02 
3.487879e-01 1.020250e+03 7.141546e+02 
3.538283e-01 9.936211e+02 6.940803e+02 
3.588687e-01 9.679890e+02 6.747901e+02 
3.639091e-01 9.433145e+02 6.562450e+02 
3.689495e-01 9.195160e+02 6.384085e+02 
3.739899e-01 8.965450e+02 6.212460e+02 
3.790303e-01 8.744046e+02 6.047251e+02 
3.840707e-01 8.530642e+02 5.888153e+02 
3.891111e-01 8.324645e+02 5.734878e+02 
3.941515e-01 8.125483e+02 5.587153e+02 
3.991919e-01 7.932871e+02 5.444723e+02 
4.042323e-01 7.746814e+02 5.307346e+02 
4.092727e-01 7.566995e+02 5.174793e+02 
4.143131e-01 7.392938e+02 5.046849e+02 
4.193535e-01 7.224341e+02 4.923308e+02 
4.243939e-01 7.061196e+02 4.803978e+02 
4.294343e-01 6.903520e+02 4.688675e+02 
4.344747e-01 6.750831e+02 4.577226e+02 
4.395152e-01 6.602787e+02 4.469467e+02 
4.445556e-01 6.459258e+02 4.365241e+02 
4.495960e-01 6.320191e+02 4.264401e+02 
4.546364e-01 6.185500e+02 4.166806e+02 
4.596768e-01 6.054790e+02 4.072323e+02 
4.647172e-01 5.927873e+02 3.980826e+02 
4.697576e-01 5.804682e+02 3.892193e+02 
4.747980e-01 5.685174e+02 3.806310e+02 
4.798384e-01 5.569281e+02 3.723068e+02 
4.848788e-01 5.456589e+02 3.642363e+02 
4.899192e-01 5.347023e+02 3.564097e+02 
4.949596e-01 5.240622e+02 3.488175e+02 
5.000000e-01 5.137291e+02 3.414508e+02 
