1.000000e-03 4.404505e+03 4.404085e+03 
6.040404e-03 1.954550e+04 1.963096e+04 
1.108081e-02 2.653073e+04 2.643187e+04 
1.612121e-02 2.860899e+04 2.816519e+04 
2.116162e-02 2.771722e+04 2.669627e+04 
2.620202e-02 2.523025e+04 2.384128e+04 
3.124242e-02 2.217946e+04 2.095657e+04 
3.628283e-02 1.926218e+04 1.849891e+04 
4.132323e-02 1.685690e+04 1.646839e+04 
4.636364e-02 1.506365e+04 1.477229e+04 
5.140404e-02 1.386729e+04 1.333088e+04 
5.644444e-02 1.308529e+04 1.208821e+04 
6.148485e-02 1.253339e+04 1.100546e+04 
6.652525e-02 1.202855e+04 1.005465e+04 
7.156566e-02 1.144486e+04 9.214649e+03 
7.660606e-02 1.071579e+04 8.468926e+03 
8.164646e-02 9.848764e+03 7.804149e+03 
8.668687e-02 8.911138e+03 7.209361e+03 
9.172727e-02 7.992743e+03 6.675426e+03 
9.676768e-02 7.174975e+03 6.194644e+03 
1.018081e-01 6.513002e+03 5.760480e+03 
1.068485e-01 6.026433e+03 5.367352e+03 
1.118889e-01 5.698775e+03 5.010465e+03 
1.169293e-01 5.489536e+03 4.685688e+03 
1.219697e-01 5.347205e+03 4.389441e+03 
1.270101e-01 5.220019e+03 4.118616e+03 
1.320505e-01 5.064831e+03 3.870503e+03 
1.370909e-01 4.856730e+03 3.642735e+03 
1.421313e-01 4.593439e+03 3.433234e+03 
1.471717e-01 4.290145e+03 3.240173e+03 
1.522121e-01 3.970986e+03 3.061943e+03 
1.572525e-01 3.663882e+03 2.897119e+03 
1.622929e-01 3.394524e+03 2.744441e+03 
1.673333e-01 3.179141e+03 2.602786e+03 
1.723737e-01 3.020217e+03 2.471159e+03 
1.774141e-01 2.908823e+03 2.348668e+03 
1.824545e-01 2.830899e+03 2.234517e+03 
1.874949e-01 2.770979e+03 2.127993e+03 
1.925354e-01 2.713126e+03 2.028454e+03 
1.975758e-01 2.643312e+03 1.935324e+03 
2.026162e-01 2.553404e+03 1.848084e+03 
2.076566e-01 2.443576e+03 1.766264e+03 
2.126970e-01 2.320329e+03 1.689439e+03 
2.177374e-01 2.192670e+03 1.617225e+03 
2.227778e-01 2.069539e+03 1.549272e+03 
2.278182e-01 1.958844e+03 1.485262e+03 
2.328586e-01 1.865819e+03 1.424907e+03 
2.378990e-01 1.792065e+03 1.367942e+03 
2.429394e-01 1.735520e+03 1.314127e+03 
2.479798e-01 1.691605e+03 1.263240e+03 
2.530202e-01 1.654646e+03 1.215081e+03 
2.580606e-01 1.618948e+03 1.169464e+03 
2.631010e-01 1.579833e+03 1.126219e+03 
2.681414e-01 1.534641e+03 1.085190e+03 
2.731818e-01 1.483100e+03 1.046232e+03 
2.782222e-01 1.426889e+03 1.009213e+03 
2.832626e-01 1.368813e+03 9.740111e+02 
2.883030e-01 1.311965e+03 9.405120e+02 
2.933434e-01 1.259118e+03 9.086115e+02 
2.983838e-01 1.212317e+03 8.782127e+02 
3.034242e-01 1.172407e+03 8.492257e+02 
3.084646e-01 1.138975e+03 8.215672e+02 
3.135051e-01 1.110597e+03 7.951598e+02 
3.185455e-01 1.085368e+03 7.699314e+02 
3.235859e-01 1.061383e+03 7.458152e+02 
3.286263e-01 1.037079e+03 7.227487e+02 
3.336667e-01 1.011333e+03 7.006737e+02 
3.387071e-01 9.837210e+02 6.795361e+02 
3.437475e-01 9.545400e+02 6.592850e+02 
3.487879e-01 9.246775e+02 6.398732e+02 
3.538283e-01 8.952522e+02 6.212564e+02 
3.588687e-01 8.671983e+02 6.033929e+02 
3.639091e-01 8.411664e+02 5.862441e+02 
3.689495e-01 8.175559e+02 5.697734e+02 
3.739899e-01 7.964423e+02 5.539467e+02 
3.790303e-01 7.775238e+02 5.387318e+02 
3.840707e-01 7.601910e+02 5.240985e+02 
3.891111e-01 7.437473e+02 5.100186e+02 
3.941515e-01 7.275975e+02 4.964653e+02 
3.991919e-01 7.113551e+02 4.834135e+02 
4.042323e-01 6.947763e+02 4.708394e+02 
4.092727e-01 6.778449e+02 4.587209e+02 
4.143131e-01 6.607416e+02 4.470367e+02 
4.193535e-01 6.438058e+02 4.357671e+02 
4.243939e-01 6.273689e+02 4.248932e+02 
4.294343e-01 6.116789e+02 4.143972e+02 
4.344747e-01 5.969170e+02 4.042625e+02 
4.395152e-01 5.831566e+02 3.944732e+02 
4.445556e-01 5.703382e+02 3.850141e+02 
4.495960e-01 5.583105e+02 3.758711e+02 
4.546364e-01 5.468539e+02 3.670306e+02 
4.596768e-01 5.357482e+02 3.584799e+02 
4.647172e-01 5.248418e+02 3.502068e+02 
4.697576e-01 5.140094e+02 3.421998e+02 
4.747980e-01 5.031945e+02 3.344480e+02 
4.798384e-01 4.924223e+02 3.269409e+02 
4.848788e-01 4.817665e+02 3.196687e+02 
4.899192e-01 4.713562e+02 3.126219e+02 
4.949596e-01 4.612715e+02 3.057918e+02 
5.000000e-01 4.515778e+02 2.991696e+02 
