1.000000e-03 2.713840e+03 2.713588e+03 
6.040404e-03 1.233243e+04 1.237996e+04 
1.108081e-02 1.708319e+04 1.695014e+04 
1.612121e-02 1.890517e+04 1.846407e+04 
2.116162e-02 1.896821e+04 1.817967e+04 
2.620202e-02 1.806148e+04 1.710735e+04 
3.124242e-02 1.674626e+04 1.585117e+04 
3.628283e-02 1.539077e+04 1.462522e+04 
4.132323e-02 1.419450e+04 1.348203e+04 
4.636364e-02 1.321278e+04 1.243056e+04 
5.140404e-02 1.245494e+04 1.146915e+04 
5.644444e-02 1.181135e+04 1.059302e+04 
6.148485e-02 1.121402e+04 9.796198e+03 
6.652525e-02 1.060499e+04 9.072211e+03 
7.156566e-02 9.947497e+03 8.414558e+03 
7.660606e-02 9.248561e+03 7.816960e+03 
8.164646e-02 8.548029e+03 7.273518e+03 
8.668687e-02 7.891765e+03 6.778792e+03 
9.172727e-02 7.310482e+03 6.327835e+03 
9.676768e-02 6.819819e+03 5.916182e+03 
1.018081e-01 6.423553e+03 5.539828e+03 
1.068485e-01 6.110121e+03 5.195197e+03 
1.118889e-01 5.850873e+03 4.879100e+03 
1.169293e-01 5.612385e+03 4.588700e+03 
1.219697e-01 5.370498e+03 4.321472e+03 
1.270101e-01 5.114700e+03 4.075170e+03 
1.320505e-01 4.845304e+03 3.847795e+03 
1.370909e-01 4.570170e+03 3.637565e+03 
1.421313e-01 4.301458e+03 3.442891e+03 
1.471717e-01 4.051551e+03 3.262355e+03 
1.522121e-01 3.829441e+03 3.094687e+03 
1.572525e-01 3.639198e+03 2.938752e+03 
1.622929e-01 3.479924e+03 2.793529e+03 
1.673333e-01 3.345474e+03 2.658105e+03 
1.723737e-01 3.226294e+03 2.531656e+03 
1.774141e-01 3.113221e+03 2.413439e+03 
1.824545e-01 3.000155e+03 2.302786e+03 
1.874949e-01 2.884118e+03 2.199090e+03 
1.925354e-01 2.764594e+03 2.101804e+03 
1.975758e-01 2.643653e+03 2.010431e+03 
2.026162e-01 2.525557e+03 1.924520e+03 
2.076566e-01 2.414616e+03 1.843661e+03 
2.126970e-01 2.313463e+03 1.767480e+03 
2.177374e-01 2.222847e+03 1.695637e+03 
2.227778e-01 2.142205e+03 1.627821e+03 
2.278182e-01 2.070104e+03 1.563747e+03 
2.328586e-01 2.003982e+03 1.503155e+03 
2.378990e-01 1.941079e+03 1.445805e+03 
2.429394e-01 1.879529e+03 1.391480e+03 
2.479798e-01 1.818364e+03 1.339977e+03 
2.530202e-01 1.757305e+03 1.291111e+03 
2.580606e-01 1.696607e+03 1.244712e+03 
2.631010e-01 1.637204e+03 1.200621e+03 
2.681414e-01 1.580447e+03 1.158693e+03 
2.731818e-01 1.527333e+03 1.118794e+03 
2.782222e-01 1.478108e+03 1.080800e+03 
2.832626e-01 1.432446e+03 1.044594e+03 
2.883030e-01 1.389881e+03 1.010071e+03 
2.933434e-01 1.349950e+03 9.771314e+02 
2.983838e-01 1.312022e+03 9.456826e+02 
3.034242e-01 1.275339e+03 9.156390e+02 
3.084646e-01 1.239380e+03 8.869210e+02 
3.135051e-01 1.204036e+03 8.594542e+02 
3.185455e-01 1.169486e+03 8.331693e+02 
3.235859e-01 1.135942e+03 8.080017e+02 
3.286263e-01 1.103561e+03 7.838910e+02 
3.336667e-01 1.072516e+03 7.607807e+02 
3.387071e-01 1.042987e+03 7.386180e+02 
3.437475e-01 1.015036e+03 7.173534e+02 
3.487879e-01 9.885602e+02 6.969407e+02 
3.538283e-01 9.633000e+02 6.773363e+02 
3.588687e-01 9.389952e+02 6.584994e+02 
3.639091e-01 9.155114e+02 6.403919e+02 
3.689495e-01 8.927633e+02 6.229777e+02 
3.739899e-01 8.706580e+02 6.062229e+02 
3.790303e-01 8.491204e+02 5.900958e+02 
3.840707e-01 8.281691e+02 5.745663e+02 
3.891111e-01 8.078850e+02 5.596063e+02 
3.941515e-01 7.883101e+02 5.451890e+02 
3.991919e-01 7.694801e+02 5.312893e+02 
4.042323e-01 7.513551e+02 5.178836e+02 
4.092727e-01 7.339117e+02 5.049494e+02 
4.143131e-01 7.171323e+02 4.924656e+02 
4.193535e-01 7.009537e+02 4.804121e+02 
4.243939e-01 6.852899e+02 4.687700e+02 
4.294343e-01 6.700832e+02 4.575213e+02 
4.344747e-01 6.553100e+02 4.466491e+02 
4.395152e-01 6.409605e+02 4.361373e+02 
4.445556e-01 6.270291e+02 4.259707e+02 
4.495960e-01 6.134956e+02 4.161346e+02 
4.546364e-01 6.003540e+02 4.066154e+02 
4.596768e-01 5.876183e+02 3.974001e+02 
4.647172e-01 5.752878e+02 3.884762e+02 
4.697576e-01 5.633535e+02 3.798320e+02 
4.747980e-01 5.517862e+02 3.714562e+02 
4.798384e-01 5.405566e+02 3.633383e+02 
4.848788e-01 5.296594e+02 3.554679e+02 
4.899192e-01 5.190800e+02 3.478355e+02 
4.949596e-01 5.087941e+02 3.404320e+02 
5.000000e-01 4.987755e+02 3.332484e+02 
