1.000000e-03 2.717010e+03 2.716763e+03 
6.040404e-03 1.255859e+04 1.260916e+04 
1.108081e-02 1.751917e+04 1.740097e+04 
1.612121e-02 1.945326e+04 1.903791e+04 
2.116162e-02 1.952807e+04 1.874999e+04 
2.620202e-02 1.855824e+04 1.759225e+04 
3.124242e-02 1.713938e+04 1.624182e+04 
3.628283e-02 1.567376e+04 1.494302e+04 
4.132323e-02 1.438430e+04 1.374836e+04 
4.636364e-02 1.334489e+04 1.266026e+04 
5.140404e-02 1.256513e+04 1.167175e+04 
5.644444e-02 1.193215e+04 1.077465e+04 
6.148485e-02 1.136662e+04 9.960918e+03 
6.652525e-02 1.079459e+04 9.222873e+03 
7.156566e-02 1.016475e+04 8.553242e+03 
7.660606e-02 9.472171e+03 7.945250e+03 
8.164646e-02 8.753203e+03 7.392664e+03 
8.668687e-02 8.060000e+03 6.889813e+03 
9.172727e-02 7.433734e+03 6.431576e+03 
9.676768e-02 6.899394e+03 6.013359e+03 
1.018081e-01 6.468737e+03 5.631057e+03 
1.068485e-01 6.136333e+03 5.281013e+03 
1.118889e-01 5.876990e+03 4.959972e+03 
1.169293e-01 5.654231e+03 4.665041e+03 
1.219697e-01 5.435960e+03 4.393650e+03 
1.270101e-01 5.203313e+03 4.143512e+03 
1.320505e-01 4.949919e+03 3.912595e+03 
1.370909e-01 4.679654e+03 3.699088e+03 
1.421313e-01 4.404153e+03 3.501375e+03 
1.471717e-01 4.138212e+03 3.318015e+03 
1.522121e-01 3.895217e+03 3.147720e+03 
1.572525e-01 3.684344e+03 2.989335e+03 
1.622929e-01 3.508975e+03 2.841827e+03 
1.673333e-01 3.365972e+03 2.704265e+03 
1.723737e-01 3.246695e+03 2.575814e+03 
1.774141e-01 3.140269e+03 2.455721e+03 
1.824545e-01 3.037401e+03 2.343305e+03 
1.874949e-01 2.931874e+03 2.237953e+03 
1.925354e-01 2.820357e+03 2.139108e+03 
1.975758e-01 2.702782e+03 2.046267e+03 
2.026162e-01 2.582651e+03 1.958971e+03 
2.076566e-01 2.465273e+03 1.876804e+03 
2.126970e-01 2.355437e+03 1.799387e+03 
2.177374e-01 2.256000e+03 1.726374e+03 
2.227778e-01 2.168045e+03 1.657450e+03 
2.278182e-01 2.091368e+03 1.592325e+03 
2.328586e-01 2.023964e+03 1.530737e+03 
2.378990e-01 1.962789e+03 1.472441e+03 
2.429394e-01 1.904685e+03 1.417216e+03 
2.479798e-01 1.847368e+03 1.364858e+03 
2.530202e-01 1.789517e+03 1.315177e+03 
2.580606e-01 1.730627e+03 1.268002e+03 
2.631010e-01 1.671094e+03 1.223171e+03 
2.681414e-01 1.612239e+03 1.180537e+03 
2.731818e-01 1.555778e+03 1.139964e+03 
2.782222e-01 1.502963e+03 1.101326e+03 
2.832626e-01 1.454204e+03 1.064505e+03 
2.883030e-01 1.409400e+03 1.029394e+03 
2.933434e-01 1.368249e+03 9.958900e+02 
2.983838e-01 1.330168e+03 9.639013e+02 
3.034242e-01 1.294253e+03 9.333403e+02 
3.084646e-01 1.259521e+03 9.041261e+02 
3.135051e-01 1.225285e+03 8.761832e+02 
3.185455e-01 1.191319e+03 8.494414e+02 
3.235859e-01 1.157738e+03 8.238348e+02 
3.286263e-01 1.124779e+03 7.993023e+02 
3.336667e-01 1.092696e+03 7.757864e+02 
3.387071e-01 1.061812e+03 7.532336e+02 
3.437475e-01 1.032458e+03 7.315935e+02 
3.487879e-01 1.004815e+03 7.108193e+02 
3.538283e-01 9.788022e+02 6.908666e+02 
3.588687e-01 9.541765e+02 6.716942e+02 
3.639091e-01 9.306551e+02 6.532631e+02 
3.689495e-01 9.080094e+02 6.355367e+02 
3.739899e-01 8.860715e+02 6.184808e+02 
3.790303e-01 8.646878e+02 6.020630e+02 
3.840707e-01 8.437324e+02 5.862528e+02 
3.891111e-01 8.231923e+02 5.710215e+02 
3.941515e-01 8.031800e+02 5.563420e+02 
3.991919e-01 7.838066e+02 5.421890e+02 
4.042323e-01 7.651260e+02 5.285382e+02 
4.092727e-01 7.471612e+02 5.153668e+02 
4.143131e-01 7.299241e+02 5.026535e+02 
4.193535e-01 7.133915e+02 4.903778e+02 
4.243939e-01 6.975169e+02 4.785205e+02 
4.294343e-01 6.822073e+02 4.670633e+02 
4.344747e-01 6.673589e+02 4.559891e+02 
4.395152e-01 6.529232e+02 4.452814e+02 
4.445556e-01 6.388747e+02 4.349248e+02 
4.495960e-01 6.251860e+02 4.249045e+02 
4.546364e-01 6.118517e+02 4.152066e+02 
4.596768e-01 5.988662e+02 4.058178e+02 
4.647172e-01 5.862539e+02 3.967255e+02 
4.697576e-01 5.740314e+02 3.879177e+02 
4.747980e-01 5.622068e+02 3.793830e+02 
4.798384e-01 5.507667e+02 3.711106e+02 
4.848788e-01 5.396788e+02 3.630903e+02 
4.899192e-01 5.289245e+02 3.553120e+02 
4.949596e-01 5.184978e+02 3.477666e+02 
5.000000e-01 5.083702e+02 3.404451e+02 
