1.000000e-03 3.039738e+03 3.039457e+03 
6.040404e-03 1.368450e+04 1.374034e+04 
1.108081e-02 1.893755e+04 1.881813e+04 
1.612121e-02 2.091424e+04 2.048606e+04 
2.116162e-02 2.088727e+04 2.006492e+04 
2.620202e-02 1.973832e+04 1.869895e+04 
3.124242e-02 1.811395e+04 1.714868e+04 
3.628283e-02 1.645311e+04 1.568879e+04 
4.132323e-02 1.500345e+04 1.436951e+04 
4.636364e-02 1.384964e+04 1.318422e+04 
5.140404e-02 1.298137e+04 1.211833e+04 
5.644444e-02 1.231072e+04 1.115843e+04 
6.148485e-02 1.172892e+04 1.029291e+04 
6.652525e-02 1.115316e+04 9.511603e+03 
7.156566e-02 1.051919e+04 8.805481e+03 
7.660606e-02 9.810786e+03 8.166460e+03 
8.164646e-02 9.059824e+03 7.587314e+03 
8.668687e-02 8.321198e+03 7.061599e+03 
9.172727e-02 7.643060e+03 6.583582e+03 
9.676768e-02 7.057598e+03 6.148178e+03 
1.018081e-01 6.582889e+03 5.750883e+03 
1.068485e-01 6.218980e+03 5.387713e+03 
1.118889e-01 5.943582e+03 5.055142e+03 
1.169293e-01 5.719775e+03 4.750053e+03 
1.219697e-01 5.510903e+03 4.469686e+03 
1.270101e-01 5.291190e+03 4.211598e+03 
1.320505e-01 5.048718e+03 3.973619e+03 
1.370909e-01 4.782765e+03 3.753825e+03 
1.421313e-01 4.502940e+03 3.550505e+03 
1.471717e-01 4.224494e+03 3.362132e+03 
1.522121e-01 3.963471e+03 3.187346e+03 
1.572525e-01 3.732545e+03 3.024932e+03 
1.622929e-01 3.538732e+03 2.873802e+03 
1.673333e-01 3.382138e+03 2.732979e+03 
1.723737e-01 3.255897e+03 2.601588e+03 
1.774141e-01 3.149044e+03 2.478839e+03 
1.824545e-01 3.050766e+03 2.364022e+03 
1.874949e-01 2.952354e+03 2.256496e+03 
1.925354e-01 2.848070e+03 2.155680e+03 
1.975758e-01 2.735432e+03 2.061049e+03 
2.026162e-01 2.616395e+03 1.972128e+03 
2.076566e-01 2.495972e+03 1.888482e+03 
2.126970e-01 2.379980e+03 1.809719e+03 
2.177374e-01 2.272882e+03 1.735480e+03 
2.227778e-01 2.177258e+03 1.665438e+03 
2.278182e-01 2.094125e+03 1.599293e+03 
2.328586e-01 2.022657e+03 1.536772e+03 
2.378990e-01 1.960199e+03 1.477625e+03 
2.429394e-01 1.903180e+03 1.421622e+03 
2.479798e-01 1.848452e+03 1.368551e+03 
2.530202e-01 1.793709e+03 1.318219e+03 
2.580606e-01 1.737572e+03 1.270446e+03 
2.631010e-01 1.679628e+03 1.225069e+03 
2.681414e-01 1.620728e+03 1.181935e+03 
2.731818e-01 1.562633e+03 1.140903e+03 
2.782222e-01 1.507153e+03 1.101844e+03 
2.832626e-01 1.455455e+03 1.064638e+03 
2.883030e-01 1.407972e+03 1.029173e+03 
2.933434e-01 1.364754e+03 9.953455e+02 
2.983838e-01 1.325454e+03 9.630601e+02 
3.034242e-01 1.289339e+03 9.322274e+02 
3.084646e-01 1.255267e+03 9.027643e+02 
3.135051e-01 1.222167e+03 8.745936e+02 
3.185455e-01 1.189346e+03 8.476432e+02 
3.235859e-01 1.156600e+03 8.218460e+02 
3.286263e-01 1.124007e+03 7.971392e+02 
3.336667e-01 1.091782e+03 7.734643e+02 
3.387071e-01 1.060282e+03 7.507663e+02 
3.437475e-01 1.029946e+03 7.289941e+02 
3.487879e-01 1.001216e+03 7.080996e+02 
3.538283e-01 9.742619e+02 6.880377e+02 
3.588687e-01 9.490265e+02 6.687662e+02 
3.639091e-01 9.252238e+02 6.502454e+02 
3.689495e-01 9.025966e+02 6.324381e+02 
3.739899e-01 8.808898e+02 6.153092e+02 
3.790303e-01 8.598703e+02 5.988259e+02 
3.840707e-01 8.393133e+02 5.829571e+02 
3.891111e-01 8.190663e+02 5.676736e+02 
3.941515e-01 7.991480e+02 5.529478e+02 
3.991919e-01 7.796709e+02 5.387539e+02 
4.042323e-01 7.607530e+02 5.250674e+02 
4.092727e-01 7.424904e+02 5.118650e+02 
4.143131e-01 7.249286e+02 4.991249e+02 
4.193535e-01 7.081151e+02 4.868265e+02 
4.243939e-01 6.920430e+02 4.749503e+02 
4.294343e-01 6.766619e+02 4.634777e+02 
4.344747e-01 6.618565e+02 4.523912e+02 
4.395152e-01 6.475238e+02 4.416742e+02 
4.445556e-01 6.336003e+02 4.313110e+02 
4.495960e-01 6.200305e+02 4.212867e+02 
4.546364e-01 6.067924e+02 4.115871e+02 
4.596768e-01 5.938615e+02 4.021988e+02 
4.647172e-01 5.812411e+02 3.931091e+02 
4.697576e-01 5.689516e+02 3.843057e+02 
4.747980e-01 5.570386e+02 3.757771e+02 
4.798384e-01 5.455110e+02 3.675125e+02 
4.848788e-01 5.343640e+02 3.595013e+02 
4.899192e-01 5.235803e+02 3.517336e+02 
4.949596e-01 5.131423e+02 3.442000e+02 
5.000000e-01 5.030369e+02 3.368914e+02 
