1.000000e-03 2.222799e+03 2.222603e+03 
6.040404e-03 1.012906e+04 1.017036e+04 
1.108081e-02 1.415538e+04 1.402795e+04 
1.612121e-02 1.588234e+04 1.547351e+04 
2.116162e-02 1.624041e+04 1.554521e+04 
2.620202e-02 1.582457e+04 1.497030e+04 
3.124242e-02 1.503707e+04 1.415743e+04 
3.628283e-02 1.413767e+04 1.327686e+04 
4.132323e-02 1.327064e+04 1.239721e+04 
4.636364e-02 1.248305e+04 1.154957e+04 
5.140404e-02 1.180710e+04 1.074882e+04 
5.644444e-02 1.117660e+04 1.000142e+04 
6.148485e-02 1.056632e+04 9.309051e+03 
6.652525e-02 9.965591e+03 8.670663e+03 
7.156566e-02 9.357862e+03 8.083691e+03 
7.660606e-02 8.751142e+03 7.544808e+03 
8.164646e-02 8.170975e+03 7.050381e+03 
8.668687e-02 7.643067e+03 6.596741e+03 
9.172727e-02 7.176373e+03 6.180342e+03 
9.676768e-02 6.767745e+03 5.797837e+03 
1.018081e-01 6.411894e+03 5.446131e+03 
1.068485e-01 6.100689e+03 5.122382e+03 
1.118889e-01 5.818602e+03 4.824006e+03 
1.169293e-01 5.547977e+03 4.548662e+03 
1.219697e-01 5.278317e+03 4.294239e+03 
1.270101e-01 5.009610e+03 4.058831e+03 
1.320505e-01 4.747498e+03 3.840725e+03 
1.370909e-01 4.498533e+03 3.638379e+03 
1.421313e-01 4.267591e+03 3.450407e+03 
1.471717e-01 4.057285e+03 3.275558e+03 
1.522121e-01 3.867932e+03 3.112709e+03 
1.572525e-01 3.698248e+03 2.960846e+03 
1.622929e-01 3.545360e+03 2.819054e+03 
1.673333e-01 3.404809e+03 2.686505e+03 
1.723737e-01 3.271441e+03 2.562454e+03 
1.774141e-01 3.141676e+03 2.446222e+03 
1.824545e-01 3.014881e+03 2.337197e+03 
1.874949e-01 2.891837e+03 2.234821e+03 
1.925354e-01 2.773348e+03 2.138588e+03 
1.975758e-01 2.660200e+03 2.048037e+03 
2.026162e-01 2.553695e+03 1.962748e+03 
2.076566e-01 2.455079e+03 1.882338e+03 
2.126970e-01 2.364235e+03 1.806457e+03 
2.177374e-01 2.279823e+03 1.734785e+03 
2.227778e-01 2.200441e+03 1.667027e+03 
2.278182e-01 2.125176e+03 1.602916e+03 
2.328586e-01 2.053371e+03 1.542204e+03 
2.378990e-01 1.984288e+03 1.484664e+03 
2.429394e-01 1.917426e+03 1.430087e+03 
2.479798e-01 1.852861e+03 1.378281e+03 
2.530202e-01 1.790940e+03 1.329068e+03 
2.580606e-01 1.731883e+03 1.282284e+03 
2.631010e-01 1.675697e+03 1.237777e+03 
2.681414e-01 1.622370e+03 1.195408e+03 
2.731818e-01 1.571906e+03 1.155047e+03 
2.782222e-01 1.524106e+03 1.116572e+03 
2.832626e-01 1.478592e+03 1.079873e+03 
2.883030e-01 1.434958e+03 1.044846e+03 
2.933434e-01 1.392961e+03 1.011393e+03 
2.983838e-01 1.352529e+03 9.794264e+02 
3.034242e-01 1.313611e+03 9.488610e+02 
3.084646e-01 1.276159e+03 9.196193e+02 
3.135051e-01 1.240109e+03 8.916284e+02 
3.185455e-01 1.205442e+03 8.648205e+02 
3.235859e-01 1.172183e+03 8.391320e+02 
3.286263e-01 1.140331e+03 8.145035e+02 
3.336667e-01 1.109809e+03 7.908795e+02 
3.387071e-01 1.080482e+03 7.682078e+02 
3.437475e-01 1.052249e+03 7.464397e+02 
3.487879e-01 1.025063e+03 7.255293e+02 
3.538283e-01 9.988698e+02 7.054336e+02 
3.588687e-01 9.736021e+02 6.861122e+02 
3.639091e-01 9.491830e+02 6.675271e+02 
3.689495e-01 9.255740e+02 6.496426e+02 
3.739899e-01 9.027780e+02 6.324251e+02 
3.790303e-01 8.808016e+02 6.158428e+02 
3.840707e-01 8.596136e+02 5.998660e+02 
3.891111e-01 8.391460e+02 5.844663e+02 
3.941515e-01 8.193592e+02 5.696173e+02 
3.991919e-01 8.002388e+02 5.552939e+02 
4.042323e-01 7.817676e+02 5.414722e+02 
4.092727e-01 7.639162e+02 5.281300e+02 
4.143131e-01 7.466307e+02 5.152459e+02 
4.193535e-01 7.298684e+02 5.027999e+02 
4.243939e-01 7.136232e+02 4.907730e+02 
4.294343e-01 6.979028e+02 4.791471e+02 
4.344747e-01 6.826840e+02 4.679053e+02 
4.395152e-01 6.679321e+02 4.570312e+02 
4.445556e-01 6.536133e+02 4.465096e+02 
4.495960e-01 6.397280e+02 4.363258e+02 
4.546364e-01 6.262839e+02 4.264661e+02 
4.596768e-01 6.132479e+02 4.169171e+02 
4.647172e-01 6.005858e+02 4.076664e+02 
4.697576e-01 5.882794e+02 3.987021e+02 
4.747980e-01 5.763308e+02 3.900129e+02 
4.798384e-01 5.647377e+02 3.815879e+02 
4.848788e-01 5.534755e+02 3.734169e+02 
4.899192e-01 5.425219e+02 3.654901e+02 
4.949596e-01 5.318677e+02 3.577982e+02 
5.000000e-01 5.215140e+02 3.503323e+02 
