1.000000e-03 2.663666e+03 2.663413e+03 
6.040404e-03 1.172774e+04 1.177092e+04 
1.108081e-02 1.602799e+04 1.585506e+04 
1.612121e-02 1.768789e+04 1.717519e+04 
2.116162e-02 1.786245e+04 1.703191e+04 
2.620202e-02 1.724562e+04 1.625304e+04 
3.124242e-02 1.628095e+04 1.525808e+04 
3.628283e-02 1.523629e+04 1.421499e+04 
4.132323e-02 1.424874e+04 1.319237e+04 
4.636364e-02 1.335198e+04 1.222097e+04 
5.140404e-02 1.256473e+04 1.131431e+04 
5.644444e-02 1.181887e+04 1.047687e+04 
6.148485e-02 1.110113e+04 9.708211e+03 
6.652525e-02 1.039530e+04 9.005249e+03 
7.156566e-02 9.702471e+03 8.363616e+03 
7.660606e-02 9.039659e+03 7.778423e+03 
8.164646e-02 8.430427e+03 7.244710e+03 
8.668687e-02 7.887482e+03 6.757691e+03 
9.172727e-02 7.408730e+03 6.312883e+03 
9.676768e-02 6.988490e+03 5.906164e+03 
1.018081e-01 6.618947e+03 5.533784e+03 
1.068485e-01 6.284876e+03 5.192362e+03 
1.118889e-01 5.967902e+03 4.878859e+03 
1.169293e-01 5.658023e+03 4.590554e+03 
1.219697e-01 5.354874e+03 4.325015e+03 
1.270101e-01 5.063315e+03 4.080070e+03 
1.320505e-01 4.788796e+03 3.853779e+03 
1.370909e-01 4.535695e+03 3.644407e+03 
1.421313e-01 4.306365e+03 3.450406e+03 
1.471717e-01 4.099671e+03 3.270389e+03 
1.522121e-01 3.912296e+03 3.103112e+03 
1.572525e-01 3.740854e+03 2.947462e+03 
1.622929e-01 3.581791e+03 2.802437e+03 
1.673333e-01 3.430928e+03 2.667138e+03 
1.723737e-01 3.285405e+03 2.540752e+03 
1.774141e-01 3.144690e+03 2.422550e+03 
1.824545e-01 3.009881e+03 2.311869e+03 
1.874949e-01 2.882065e+03 2.208113e+03 
1.925354e-01 2.761790e+03 2.110738e+03 
1.975758e-01 2.649489e+03 2.019255e+03 
2.026162e-01 2.545292e+03 1.933215e+03 
2.076566e-01 2.448425e+03 1.852212e+03 
2.126970e-01 2.357627e+03 1.775877e+03 
2.177374e-01 2.271777e+03 1.703870e+03 
2.227778e-01 2.190030e+03 1.635884e+03 
2.278182e-01 2.111770e+03 1.571635e+03 
2.328586e-01 2.036659e+03 1.510865e+03 
2.378990e-01 1.964857e+03 1.453336e+03 
2.429394e-01 1.896472e+03 1.398831e+03 
2.479798e-01 1.831371e+03 1.347147e+03 
2.530202e-01 1.769392e+03 1.298102e+03 
2.580606e-01 1.710625e+03 1.251525e+03 
2.631010e-01 1.655043e+03 1.207258e+03 
2.681414e-01 1.602301e+03 1.165158e+03 
2.731818e-01 1.551918e+03 1.125089e+03 
2.782222e-01 1.503593e+03 1.086927e+03 
2.832626e-01 1.457339e+03 1.050558e+03 
2.883030e-01 1.413053e+03 1.015875e+03 
2.933434e-01 1.370555e+03 9.827784e+02 
2.983838e-01 1.329724e+03 9.511766e+02 
3.034242e-01 1.290558e+03 9.209839e+02 
3.084646e-01 1.253114e+03 8.921204e+02 
3.135051e-01 1.217285e+03 8.645119e+02 
3.185455e-01 1.182899e+03 8.380892e+02 
3.235859e-01 1.149864e+03 8.127874e+02 
3.286263e-01 1.118177e+03 7.885462e+02 
3.336667e-01 1.087755e+03 7.653091e+02 
3.387071e-01 1.058490e+03 7.430232e+02 
3.437475e-01 1.030278e+03 7.216390e+02 
3.487879e-01 1.003080e+03 7.011100e+02 
3.538283e-01 9.769189e+02 6.813927e+02 
3.588687e-01 9.517263e+02 6.624463e+02 
3.639091e-01 9.274386e+02 6.442325e+02 
3.689495e-01 9.040164e+02 6.267151e+02 
3.739899e-01 8.814398e+02 6.098602e+02 
3.790303e-01 8.596922e+02 5.936359e+02 
3.840707e-01 8.386957e+02 5.780122e+02 
3.891111e-01 8.184035e+02 5.629607e+02 
3.941515e-01 7.987985e+02 5.484547e+02 
3.991919e-01 7.798641e+02 5.344690e+02 
4.042323e-01 7.615747e+02 5.209798e+02 
4.092727e-01 7.438759e+02 5.079646e+02 
4.143131e-01 7.267365e+02 4.954022e+02 
4.193535e-01 7.101616e+02 4.832725e+02 
4.243939e-01 6.941486e+02 4.715564e+02 
4.294343e-01 6.786337e+02 4.602360e+02 
4.344747e-01 6.636014e+02 4.492942e+02 
4.395152e-01 6.490388e+02 4.387148e+02 
4.445556e-01 6.349344e+02 4.284825e+02 
4.495960e-01 6.212786e+02 4.185828e+02 
4.546364e-01 6.080201e+02 4.090019e+02 
4.596768e-01 5.951499e+02 3.997266e+02 
4.647172e-01 5.826728e+02 3.907445e+02 
4.697576e-01 5.705770e+02 3.820437e+02 
4.747980e-01 5.588334e+02 3.736131e+02 
4.798384e-01 5.474189e+02 3.654418e+02 
4.848788e-01 5.363306e+02 3.575197e+02 
4.899192e-01 5.255681e+02 3.498370e+02 
4.949596e-01 5.151183e+02 3.423846e+02 
5.000000e-01 5.049584e+02 3.351536e+02 
