1.000000e-03 2.700215e+03 2.699970e+03 
6.040404e-03 1.222026e+04 1.226935e+04 
1.108081e-02 1.694936e+04 1.682818e+04 
1.612121e-02 1.878451e+04 1.836879e+04 
2.116162e-02 1.886533e+04 1.810389e+04 
2.620202e-02 1.796672e+04 1.702751e+04 
3.124242e-02 1.664551e+04 1.576047e+04 
3.628283e-02 1.527319e+04 1.452867e+04 
4.132323e-02 1.405664e+04 1.338556e+04 
4.636364e-02 1.305861e+04 1.233794e+04 
5.140404e-02 1.229538e+04 1.138223e+04 
5.644444e-02 1.166175e+04 1.051247e+04 
6.148485e-02 1.108563e+04 9.722030e+03 
6.652525e-02 1.050719e+04 9.004127e+03 
7.156566e-02 9.880989e+03 8.352113e+03 
7.660606e-02 9.205197e+03 7.759662e+03 
8.164646e-02 8.513813e+03 7.220879e+03 
8.668687e-02 7.854433e+03 6.730352e+03 
9.172727e-02 7.261951e+03 6.283171e+03 
9.676768e-02 6.755923e+03 5.874912e+03 
1.018081e-01 6.344237e+03 5.501611e+03 
1.068485e-01 6.020561e+03 5.159728e+03 
1.118889e-01 5.761296e+03 4.846110e+03 
1.169293e-01 5.533139e+03 4.557949e+03 
1.219697e-01 5.307898e+03 4.292749e+03 
1.270101e-01 5.070149e+03 4.048286e+03 
1.320505e-01 4.816331e+03 3.822583e+03 
1.370909e-01 4.551418e+03 3.613877e+03 
1.421313e-01 4.285984e+03 3.420594e+03 
1.471717e-01 4.032887e+03 3.241331e+03 
1.522121e-01 3.803295e+03 3.074830e+03 
1.572525e-01 3.603958e+03 2.919968e+03 
1.622929e-01 3.436759e+03 2.775733e+03 
1.673333e-01 3.297972e+03 2.641220e+03 
1.723737e-01 3.179234e+03 2.515613e+03 
1.774141e-01 3.070895e+03 2.398176e+03 
1.824545e-01 2.965205e+03 2.288246e+03 
1.874949e-01 2.857393e+03 2.185222e+03 
1.925354e-01 2.745290e+03 2.088561e+03 
1.975758e-01 2.629361e+03 1.997771e+03 
2.026162e-01 2.512894e+03 1.912405e+03 
2.076566e-01 2.400614e+03 1.832055e+03 
2.126970e-01 2.296422e+03 1.756351e+03 
2.177374e-01 2.202216e+03 1.684955e+03 
2.227778e-01 2.118423e+03 1.617559e+03 
2.278182e-01 2.044307e+03 1.553880e+03 
2.328586e-01 1.978038e+03 1.493659e+03 
2.378990e-01 1.916921e+03 1.436660e+03 
2.429394e-01 1.858263e+03 1.382665e+03 
2.479798e-01 1.800306e+03 1.331475e+03 
2.530202e-01 1.742250e+03 1.282904e+03 
2.580606e-01 1.683945e+03 1.236784e+03 
2.631010e-01 1.625826e+03 1.192959e+03 
2.681414e-01 1.569027e+03 1.151283e+03 
2.731818e-01 1.514915e+03 1.111623e+03 
2.782222e-01 1.464435e+03 1.073855e+03 
2.832626e-01 1.417773e+03 1.037866e+03 
2.883030e-01 1.374617e+03 1.003549e+03 
2.933434e-01 1.334539e+03 9.708052e+02 
2.983838e-01 1.296999e+03 9.395435e+02 
3.034242e-01 1.261310e+03 9.096785e+02 
3.084646e-01 1.226703e+03 8.811312e+02 
3.135051e-01 1.192659e+03 8.538275e+02 
3.185455e-01 1.159073e+03 8.276988e+02 
3.235859e-01 1.126119e+03 8.026807e+02 
3.286263e-01 1.094036e+03 7.787132e+02 
3.336667e-01 1.063021e+03 7.557402e+02 
3.387071e-01 1.033261e+03 7.337092e+02 
3.437475e-01 1.004976e+03 7.125711e+02 
3.487879e-01 9.782590e+02 6.922798e+02 
3.538283e-01 9.530013e+02 6.727922e+02 
3.588687e-01 9.289509e+02 6.540677e+02 
3.639091e-01 9.058568e+02 6.360682e+02 
3.689495e-01 8.835386e+02 6.187580e+02 
3.739899e-01 8.618988e+02 6.021035e+02 
3.790303e-01 8.408425e+02 5.860729e+02 
3.840707e-01 8.202855e+02 5.706366e+02 
3.891111e-01 8.002361e+02 5.557663e+02 
3.941515e-01 7.807621e+02 5.414358e+02 
3.991919e-01 7.619538e+02 5.276198e+02 
4.042323e-01 7.438506e+02 5.142950e+02 
4.092727e-01 7.264516e+02 5.014390e+02 
4.143131e-01 7.097204e+02 4.890307e+02 
4.193535e-01 6.936198e+02 4.770504e+02 
4.243939e-01 6.781140e+02 4.654790e+02 
4.294343e-01 6.631321e+02 4.542988e+02 
4.344747e-01 6.485923e+02 4.434930e+02 
4.395152e-01 6.344555e+02 4.330455e+02 
4.445556e-01 6.206950e+02 4.229411e+02 
4.495960e-01 6.073149e+02 4.131654e+02 
4.546364e-01 5.943196e+02 4.037048e+02 
4.596768e-01 5.816914e+02 3.945463e+02 
4.647172e-01 5.694260e+02 3.856775e+02 
4.697576e-01 5.575421e+02 3.770868e+02 
4.747980e-01 5.460451e+02 3.687631e+02 
4.798384e-01 5.349140e+02 3.606956e+02 
4.848788e-01 5.241197e+02 3.528743e+02 
4.899192e-01 5.136345e+02 3.452896e+02 
4.949596e-01 5.034552e+02 3.379324e+02 
5.000000e-01 4.935675e+02 3.307940e+02 
