1.000000e-03 4.170118e+03 4.169712e+03 
6.040404e-03 1.861998e+04 1.869734e+04 
1.108081e-02 2.534779e+04 2.523295e+04 
1.612121e-02 2.741209e+04 2.694186e+04 
2.116162e-02 2.665425e+04 2.562948e+04 
2.620202e-02 2.438264e+04 2.303273e+04 
3.124242e-02 2.157271e+04 2.039541e+04 
3.628283e-02 1.888120e+04 1.812307e+04 
4.132323e-02 1.666125e+04 1.621965e+04 
4.636364e-02 1.500341e+04 1.460960e+04 
5.140404e-02 1.388896e+04 1.322733e+04 
5.644444e-02 1.313850e+04 1.202622e+04 
6.148485e-02 1.257954e+04 1.097327e+04 
6.652525e-02 1.204210e+04 1.004415e+04 
7.156566e-02 1.141478e+04 9.220130e+03 
7.660606e-02 1.064843e+04 8.486246e+03 
8.164646e-02 9.765382e+03 7.830256e+03 
8.668687e-02 8.838062e+03 7.241967e+03 
9.172727e-02 7.951888e+03 6.712794e+03 
9.676768e-02 7.179376e+03 6.235447e+03 
1.018081e-01 6.565937e+03 5.803692e+03 
1.068485e-01 6.121543e+03 5.412178e+03 
1.118889e-01 5.822218e+03 5.056286e+03 
1.169293e-01 5.622531e+03 4.732020e+03 
1.219697e-01 5.471036e+03 4.435909e+03 
1.270101e-01 5.319456e+03 4.164926e+03 
1.320505e-01 5.131751e+03 3.916428e+03 
1.370909e-01 4.891413e+03 3.688100e+03 
1.421313e-01 4.603841e+03 3.477905e+03 
1.471717e-01 4.288578e+03 3.284049e+03 
1.522121e-01 3.971293e+03 3.104950e+03 
1.572525e-01 3.677680e+03 2.939205e+03 
1.622929e-01 3.429030e+03 2.785568e+03 
1.673333e-01 3.235646e+03 2.642934e+03 
1.723737e-01 3.094708e+03 2.510315e+03 
1.774141e-01 2.993992e+03 2.386829e+03 
1.824545e-01 2.918048e+03 2.271687e+03 
1.874949e-01 2.851550e+03 2.164180e+03 
1.925354e-01 2.780147e+03 2.063673e+03 
1.975758e-01 2.693164e+03 1.969591e+03 
2.026162e-01 2.586794e+03 1.881418e+03 
2.076566e-01 2.464836e+03 1.798685e+03 
2.126970e-01 2.335674e+03 1.720970e+03 
2.177374e-01 2.208343e+03 1.647889e+03 
2.227778e-01 2.090862e+03 1.579092e+03 
2.278182e-01 1.988993e+03 1.514263e+03 
2.328586e-01 1.905588e+03 1.453113e+03 
2.378990e-01 1.839848e+03 1.395376e+03 
2.429394e-01 1.788124e+03 1.340813e+03 
2.479798e-01 1.745024e+03 1.289203e+03 
2.530202e-01 1.704895e+03 1.240343e+03 
2.580606e-01 1.662872e+03 1.194047e+03 
2.631010e-01 1.615893e+03 1.150145e+03 
2.681414e-01 1.563123e+03 1.108481e+03 
2.731818e-01 1.505751e+03 1.068908e+03 
2.782222e-01 1.446260e+03 1.031295e+03 
2.832626e-01 1.387597e+03 9.955181e+02 
2.883030e-01 1.332540e+03 9.614630e+02 
2.933434e-01 1.283105e+03 9.290249e+02 
2.983838e-01 1.240227e+03 8.981061e+02 
3.034242e-01 1.203697e+03 8.686162e+02 
3.084646e-01 1.172333e+03 8.404713e+02 
3.135051e-01 1.144362e+03 8.135934e+02 
3.185455e-01 1.117877e+03 7.879098e+02 
3.235859e-01 1.091320e+03 7.633531e+02 
3.286263e-01 1.063653e+03 7.398604e+02 
3.336667e-01 1.034486e+03 7.173729e+02 
3.387071e-01 1.004018e+03 6.958359e+02 
3.437475e-01 9.730141e+02 6.751982e+02 
3.487879e-01 9.424678e+02 6.554121e+02 
3.538283e-01 9.133644e+02 6.364326e+02 
3.588687e-01 8.863337e+02 6.182179e+02 
3.639091e-01 8.616493e+02 6.007288e+02 
3.689495e-01 8.393044e+02 5.839283e+02 
3.739899e-01 8.190315e+02 5.677820e+02 
3.790303e-01 8.003302e+02 5.522572e+02 
3.840707e-01 7.825341e+02 5.373235e+02 
3.891111e-01 7.650517e+02 5.229522e+02 
3.941515e-01 7.475074e+02 5.091163e+02 
3.991919e-01 7.297463e+02 4.957902e+02 
4.042323e-01 7.118184e+02 4.829501e+02 
4.092727e-01 6.938675e+02 4.705732e+02 
4.143131e-01 6.761912e+02 4.586382e+02 
4.193535e-01 6.590755e+02 4.471251e+02 
4.243939e-01 6.427926e+02 4.360147e+02 
4.294343e-01 6.274549e+02 4.252891e+02 
4.344747e-01 6.130733e+02 4.149312e+02 
4.395152e-01 5.995716e+02 4.049249e+02 
4.445556e-01 5.868056e+02 3.952549e+02 
4.495960e-01 5.745808e+02 3.859069e+02 
4.546364e-01 5.627029e+02 3.768671e+02 
4.596768e-01 5.510040e+02 3.681226e+02 
4.647172e-01 5.394124e+02 3.596609e+02 
4.697576e-01 5.279154e+02 3.514704e+02 
4.747980e-01 5.165406e+02 3.435400e+02 
4.798384e-01 5.053656e+02 3.358592e+02 
4.848788e-01 4.944650e+02 3.284178e+02 
4.899192e-01 4.839422e+02 3.212063e+02 
4.949596e-01 4.738472e+02 3.142157e+02 
5.000000e-01 4.641812e+02 3.074373e+02 
