1.000000e-03 5.570079e+03 5.569536e+03 
6.040404e-03 2.400994e+04 2.411494e+04 
1.108081e-02 3.210617e+04 3.201016e+04 
1.612121e-02 3.415240e+04 3.367089e+04 
2.116162e-02 3.260217e+04 3.141121e+04 
2.620202e-02 2.918423e+04 2.752654e+04 
3.124242e-02 2.518516e+04 2.375183e+04 
3.628283e-02 2.145985e+04 2.063950e+04 
4.132323e-02 1.845365e+04 1.814391e+04 
4.636364e-02 1.626395e+04 1.611178e+04 
5.140404e-02 1.485250e+04 1.442015e+04 
5.644444e-02 1.397901e+04 1.298576e+04 
6.148485e-02 1.340420e+04 1.175263e+04 
6.652525e-02 1.290263e+04 1.068166e+04 
7.156566e-02 1.231175e+04 9.744248e+03 
7.660606e-02 1.153737e+04 8.918632e+03 
8.164646e-02 1.057767e+04 8.187707e+03 
8.668687e-02 9.511859e+03 7.537716e+03 
9.172727e-02 8.453120e+03 6.957397e+03 
9.676768e-02 7.505280e+03 6.437415e+03 
1.018081e-01 6.739117e+03 5.969950e+03 
1.068485e-01 6.181035e+03 5.548399e+03 
1.118889e-01 5.816172e+03 5.167155e+03 
1.169293e-01 5.600649e+03 4.821423e+03 
1.219697e-01 5.474358e+03 4.507088e+03 
1.270101e-01 5.373489e+03 4.220600e+03 
1.320505e-01 5.243351e+03 3.958886e+03 
1.370909e-01 5.050328e+03 3.719274e+03 
1.421313e-01 4.786473e+03 3.499434e+03 
1.471717e-01 4.464866e+03 3.297329e+03 
1.522121e-01 4.113017e+03 3.111170e+03 
1.572525e-01 3.766616e+03 2.939382e+03 
1.622929e-01 3.459785e+03 2.780575e+03 
1.673333e-01 3.214338e+03 2.633521e+03 
1.723737e-01 3.034912e+03 2.497129e+03 
1.774141e-01 2.913616e+03 2.370427e+03 
1.824545e-01 2.836598e+03 2.252550e+03 
1.874949e-01 2.786155e+03 2.142726e+03 
1.925354e-01 2.741903e+03 2.040264e+03 
1.975758e-01 2.684865e+03 1.944540e+03 
2.026162e-01 2.603697e+03 1.854998e+03 
2.076566e-01 2.496858e+03 1.771133e+03 
2.126970e-01 2.370023e+03 1.692493e+03 
2.177374e-01 2.232684e+03 1.618666e+03 
2.227778e-01 2.096205e+03 1.549280e+03 
2.278182e-01 1.971646e+03 1.483999e+03 
2.328586e-01 1.866856e+03 1.422514e+03 
2.378990e-01 1.784789e+03 1.364547e+03 
2.429394e-01 1.724010e+03 1.309843e+03 
2.479798e-01 1.680091e+03 1.258170e+03 
2.530202e-01 1.646732e+03 1.209315e+03 
2.580606e-01 1.616703e+03 1.163084e+03 
2.631010e-01 1.583465e+03 1.119298e+03 
2.681414e-01 1.542881e+03 1.077793e+03 
2.731818e-01 1.493785e+03 1.038418e+03 
2.782222e-01 1.437483e+03 1.001035e+03 
2.832626e-01 1.376756e+03 9.655160e+02 
2.883030e-01 1.315328e+03 9.317429e+02 
2.933434e-01 1.257192e+03 8.996068e+02 
2.983838e-01 1.205553e+03 8.690070e+02 
3.034242e-01 1.161995e+03 8.398501e+02 
3.084646e-01 1.126415e+03 8.120497e+02 
3.135051e-01 1.097496e+03 7.855255e+02 
3.185455e-01 1.073304e+03 7.602032e+02 
3.235859e-01 1.051501e+03 7.360134e+02 
3.286263e-01 1.029768e+03 7.128918e+02 
3.336667e-01 1.006244e+03 6.907783e+02 
3.387071e-01 9.800620e+02 6.696169e+02 
3.437475e-01 9.514066e+02 6.493556e+02 
3.487879e-01 9.211232e+02 6.299455e+02 
3.538283e-01 8.903762e+02 6.113412e+02 
3.588687e-01 8.604160e+02 5.935000e+02 
3.639091e-01 8.324219e+02 5.763821e+02 
3.689495e-01 8.072137e+02 5.599501e+02 
3.739899e-01 7.850531e+02 5.441690e+02 
3.790303e-01 7.656849e+02 5.290059e+02 
3.840707e-01 7.485168e+02 5.144300e+02 
3.891111e-01 7.327900e+02 5.004123e+02 
3.941515e-01 7.176830e+02 4.869256e+02 
3.991919e-01 7.024635e+02 4.739441e+02 
4.042323e-01 6.866757e+02 4.614437e+02 
4.092727e-01 6.702146e+02 4.494018e+02 
4.143131e-01 6.532370e+02 4.377968e+02 
4.193535e-01 6.360473e+02 4.266085e+02 
4.243939e-01 6.190411e+02 4.158179e+02 
4.294343e-01 6.026422e+02 4.054068e+02 
4.344747e-01 5.872449e+02 3.953583e+02 
4.395152e-01 5.730298e+02 3.856562e+02 
4.445556e-01 5.599534e+02 3.762853e+02 
4.495960e-01 5.478919e+02 3.672312e+02 
4.546364e-01 5.366414e+02 3.584801e+02 
4.596768e-01 5.259398e+02 3.500191e+02 
4.647172e-01 5.154991e+02 3.418360e+02 
4.697576e-01 5.050695e+02 3.339190e+02 
4.747980e-01 4.945577e+02 3.262572e+02 
4.798384e-01 4.839760e+02 3.188399e+02 
4.848788e-01 4.733885e+02 3.116573e+02 
4.899192e-01 4.628828e+02 3.046999e+02 
4.949596e-01 4.526000e+02 2.979586e+02 
5.000000e-01 4.426936e+02 2.914248e+02 
