1.000000e-03 3.350512e+03 3.350197e+03 
6.040404e-03 1.451367e+04 1.457120e+04 
1.108081e-02 1.971838e+04 1.958161e+04 
1.612121e-02 2.149330e+04 2.102530e+04 
2.116162e-02 2.125154e+04 2.038614e+04 
2.620202e-02 1.992981e+04 1.887269e+04 
3.124242e-02 1.819025e+04 1.722884e+04 
3.628283e-02 1.646507e+04 1.570223e+04 
4.132323e-02 1.498492e+04 1.433132e+04 
4.636364e-02 1.381720e+04 1.310544e+04 
5.140404e-02 1.293365e+04 1.200806e+04 
5.644444e-02 1.223827e+04 1.102423e+04 
6.148485e-02 1.162021e+04 1.014099e+04 
6.652525e-02 1.099688e+04 9.346995e+03 
7.156566e-02 1.031592e+04 8.632185e+03 
7.660606e-02 9.573931e+03 7.987640e+03 
8.164646e-02 8.808784e+03 7.405452e+03 
8.668687e-02 8.073804e+03 6.878627e+03 
9.172727e-02 7.412610e+03 6.400994e+03 
9.676768e-02 6.853139e+03 5.967120e+03 
1.018081e-01 6.407511e+03 5.572225e+03 
1.068485e-01 6.067053e+03 5.212105e+03 
1.118889e-01 5.802433e+03 4.883062e+03 
1.169293e-01 5.575549e+03 4.581842e+03 
1.219697e-01 5.354028e+03 4.305578e+03 
1.270101e-01 5.117885e+03 4.051742e+03 
1.320505e-01 4.859585e+03 3.818097e+03 
1.370909e-01 4.583055e+03 3.602669e+03 
1.421313e-01 4.301232e+03 3.403705e+03 
1.471717e-01 4.030416e+03 3.219647e+03 
1.522121e-01 3.784315e+03 3.049114e+03 
1.572525e-01 3.571679e+03 2.890870e+03 
1.622929e-01 3.395825e+03 2.743814e+03 
1.673333e-01 3.253649e+03 2.606962e+03 
1.723737e-01 3.136005e+03 2.479430e+03 
1.774141e-01 3.031383e+03 2.360425e+03 
1.824545e-01 2.930065e+03 2.249235e+03 
1.874949e-01 2.825563e+03 2.145218e+03 
1.925354e-01 2.714730e+03 2.047793e+03 
1.975758e-01 2.597799e+03 1.956436e+03 
2.026162e-01 2.478227e+03 1.870674e+03 
2.076566e-01 2.361484e+03 1.790076e+03 
2.126970e-01 2.252392e+03 1.714251e+03 
2.177374e-01 2.154095e+03 1.642843e+03 
2.227778e-01 2.067806e+03 1.575528e+03 
2.278182e-01 1.992870e+03 1.512012e+03 
2.328586e-01 1.927186e+03 1.452022e+03 
2.378990e-01 1.867670e+03 1.395314e+03 
2.429394e-01 1.811310e+03 1.341659e+03 
2.479798e-01 1.755774e+03 1.290851e+03 
2.530202e-01 1.699466e+03 1.242698e+03 
2.580606e-01 1.641792e+03 1.197026e+03 
2.631010e-01 1.583437e+03 1.153672e+03 
2.681414e-01 1.526001e+03 1.112488e+03 
2.731818e-01 1.471071e+03 1.073336e+03 
2.782222e-01 1.419654e+03 1.036089e+03 
2.832626e-01 1.372193e+03 1.000631e+03 
2.883030e-01 1.328786e+03 9.668514e+02 
2.933434e-01 1.289194e+03 9.346502e+02 
2.983838e-01 1.252672e+03 9.039339e+02 
3.034242e-01 1.218121e+03 8.746156e+02 
3.084646e-01 1.184632e+03 8.466145e+02 
3.135051e-01 1.151670e+03 8.198555e+02 
3.185455e-01 1.119042e+03 7.942687e+02 
3.235859e-01 1.086732e+03 7.697889e+02 
3.286263e-01 1.054914e+03 7.463552e+02 
3.336667e-01 1.023933e+03 7.239108e+02 
3.387071e-01 9.942179e+02 7.024027e+02 
3.437475e-01 9.660958e+02 6.817811e+02 
3.487879e-01 9.396338e+02 6.619997e+02 
3.538283e-01 9.147108e+02 6.430148e+02 
3.588687e-01 8.911469e+02 6.247857e+02 
3.639091e-01 8.687219e+02 6.072742e+02 
3.689495e-01 8.471811e+02 5.904441e+02 
3.739899e-01 8.262757e+02 5.742618e+02 
3.790303e-01 8.058338e+02 5.586956e+02 
3.840707e-01 7.858273e+02 5.437155e+02 
3.891111e-01 7.662787e+02 5.292935e+02 
3.941515e-01 7.472274e+02 5.154031e+02 
3.991919e-01 7.287459e+02 5.020192e+02 
4.042323e-01 7.109251e+02 4.891185e+02 
4.092727e-01 6.938450e+02 4.766785e+02 
4.143131e-01 6.775079e+02 4.646784e+02 
4.193535e-01 6.618498e+02 4.530983e+02 
4.243939e-01 6.467831e+02 4.419195e+02 
4.294343e-01 6.322521e+02 4.311243e+02 
4.344747e-01 6.182071e+02 4.206957e+02 
4.395152e-01 6.045742e+02 4.106181e+02 
4.445556e-01 5.912838e+02 4.008762e+02 
4.495960e-01 5.783141e+02 3.914558e+02 
4.546364e-01 5.656864e+02 3.823435e+02 
4.596768e-01 5.534242e+02 3.735262e+02 
4.647172e-01 5.415274e+02 3.649919e+02 
4.697576e-01 5.299854e+02 3.567289e+02 
4.747980e-01 5.188110e+02 3.487262e+02 
4.798384e-01 5.080150e+02 3.409733e+02 
4.848788e-01 4.975860e+02 3.334604e+02 
4.899192e-01 4.874810e+02 3.261778e+02 
4.949596e-01 4.776637e+02 3.191166e+02 
5.000000e-01 4.681218e+02 3.122682e+02 
