1.000000e-03 6.161755e+03 6.161196e+03 
6.040404e-03 2.708908e+04 2.722740e+04 
1.108081e-02 3.682933e+04 3.684056e+04 
1.612121e-02 3.963132e+04 3.939889e+04 
2.116162e-02 3.803753e+04 3.703859e+04 
2.620202e-02 3.394852e+04 3.205807e+04 
3.124242e-02 2.888356e+04 2.685287e+04 
3.628283e-02 2.394521e+04 2.256200e+04 
4.132323e-02 1.978540e+04 1.926619e+04 
4.636364e-02 1.663583e+04 1.672781e+04 
5.140404e-02 1.451479e+04 1.472107e+04 
5.644444e-02 1.322734e+04 1.308963e+04 
6.148485e-02 1.252650e+04 1.173210e+04 
6.652525e-02 1.215899e+04 1.058206e+04 
7.156566e-02 1.188874e+04 9.594449e+03 
7.660606e-02 1.152676e+04 8.737394e+03 
8.164646e-02 1.095110e+04 7.987449e+03 
8.668687e-02 1.013343e+04 7.326784e+03 
9.172727e-02 9.130825e+03 6.741466e+03 
9.676768e-02 8.052529e+03 6.220367e+03 
1.018081e-01 7.020274e+03 5.754446e+03 
1.068485e-01 6.134388e+03 5.336257e+03 
1.118889e-01 5.451667e+03 4.959597e+03 
1.169293e-01 4.983486e+03 4.619254e+03 
1.219697e-01 4.707987e+03 4.310812e+03 
1.270101e-01 4.582639e+03 4.030507e+03 
1.320505e-01 4.552392e+03 3.775110e+03 
1.370909e-01 4.555973e+03 3.541840e+03 
1.421313e-01 4.536126e+03 3.328288e+03 
1.471717e-01 4.450657e+03 3.132359e+03 
1.522121e-01 4.278873e+03 2.952227e+03 
1.572525e-01 4.022579e+03 2.786291e+03 
1.622929e-01 3.704270e+03 2.633144e+03 
1.673333e-01 3.361408e+03 2.491547e+03 
1.723737e-01 3.034577e+03 2.360403e+03 
1.774141e-01 2.754925e+03 2.238742e+03 
1.824545e-01 2.538710e+03 2.125700e+03 
1.874949e-01 2.389240e+03 2.020508e+03 
1.925354e-01 2.301229e+03 1.922478e+03 
1.975758e-01 2.262653e+03 1.830996e+03 
2.026162e-01 2.255408e+03 1.745510e+03 
2.076566e-01 2.257956e+03 1.665524e+03 
2.126970e-01 2.250131e+03 1.590591e+03 
2.177374e-01 2.217476e+03 1.520308e+03 
2.227778e-01 2.153067e+03 1.454310e+03 
2.278182e-01 2.057507e+03 1.392266e+03 
2.328586e-01 1.938079e+03 1.333878e+03 
2.378990e-01 1.806827e+03 1.278873e+03 
2.429394e-01 1.677475e+03 1.227002e+03 
2.479798e-01 1.561795e+03 1.178039e+03 
2.530202e-01 1.467512e+03 1.131778e+03 
2.580606e-01 1.397881e+03 1.088030e+03 
2.631010e-01 1.352040e+03 1.046621e+03 
2.681414e-01 1.325938e+03 1.007394e+03 
2.731818e-01 1.313117e+03 9.702023e+02 
2.782222e-01 1.305967e+03 9.349118e+02 
2.832626e-01 1.297090e+03 9.013994e+02 
2.883030e-01 1.280632e+03 8.695512e+02 
2.933434e-01 1.253012e+03 8.392622e+02 
2.983838e-01 1.213410e+03 8.104356e+02 
3.034242e-01 1.163686e+03 7.829816e+02 
3.084646e-01 1.107729e+03 7.568172e+02 
3.135051e-01 1.050440e+03 7.318653e+02 
3.185455e-01 9.965376e+02 7.080544e+02 
3.235859e-01 9.495846e+02 6.853183e+02 
3.286263e-01 9.115645e+02 6.635952e+02 
3.336667e-01 8.829067e+02 6.428276e+02 
3.387071e-01 8.627051e+02 6.229621e+02 
3.437475e-01 8.489664e+02 6.039488e+02 
3.487879e-01 8.389660e+02 5.857411e+02 
3.538283e-01 8.297583e+02 5.682957e+02 
3.588687e-01 8.187495e+02 5.515717e+02 
3.639091e-01 8.042059e+02 5.355313e+02 
3.689495e-01 7.853915e+02 5.201388e+02 
3.739899e-01 7.625200e+02 5.053609e+02 
3.790303e-01 7.365918e+02 4.911662e+02 
3.840707e-01 7.091511e+02 4.775255e+02 
3.891111e-01 6.820287e+02 4.644113e+02 
3.941515e-01 6.568773e+02 4.517974e+02 
3.991919e-01 6.348510e+02 4.396598e+02 
4.042323e-01 6.164595e+02 4.279753e+02 
4.092727e-01 6.016589e+02 4.167224e+02 
4.143131e-01 5.899387e+02 4.058808e+02 
4.193535e-01 5.804286e+02 3.954314e+02 
4.243939e-01 5.720487e+02 3.853559e+02 
4.294343e-01 5.637096e+02 3.756373e+02 
4.344747e-01 5.545471e+02 3.662595e+02 
4.395152e-01 5.440372e+02 3.572072e+02 
4.445556e-01 5.320029e+02 3.484661e+02 
4.495960e-01 5.186192e+02 3.400223e+02 
4.546364e-01 5.043393e+02 3.318631e+02 
4.596768e-01 4.897901e+02 3.239762e+02 
4.647172e-01 4.756465e+02 3.163499e+02 
4.697576e-01 4.624541e+02 3.089733e+02 
4.747980e-01 4.506023e+02 3.018360e+02 
4.798384e-01 4.402218e+02 2.949279e+02 
4.848788e-01 4.312673e+02 2.882398e+02 
4.899192e-01 4.235076e+02 2.817626e+02 
4.949596e-01 4.165653e+02 2.754878e+02 
5.000000e-01 4.100191e+02 2.694075e+02 
