1.000000e-03 1.888148e+04 1.887962e+04 
6.040404e-03 8.077452e+04 8.122058e+04 
1.108081e-02 1.066335e+05 1.072482e+05 
1.612121e-02 1.104174e+05 1.113497e+05 
2.116162e-02 1.003696e+05 9.928882e+04 
2.620202e-02 8.295281e+04 7.807267e+04 
3.124242e-02 6.350594e+04 5.706216e+04 
3.628283e-02 4.584399e+04 4.132602e+04 
4.132323e-02 3.198464e+04 3.084276e+04 
4.636364e-02 2.233414e+04 2.397430e+04 
5.140404e-02 1.636153e+04 1.933259e+04 
5.644444e-02 1.318395e+04 1.604912e+04 
6.148485e-02 1.187362e+04 1.362024e+04 
6.652525e-02 1.177362e+04 1.175356e+04 
7.156566e-02 1.237761e+04 1.027400e+04 
7.660606e-02 1.317844e+04 9.072321e+03 
8.164646e-02 1.367545e+04 8.077351e+03 
8.668687e-02 1.351258e+04 7.240777e+03 
9.172727e-02 1.258206e+04 6.528578e+03 
9.676768e-02 1.101228e+04 5.916019e+03 
1.018081e-01 9.093200e+03 5.384613e+03 
1.068485e-01 7.167989e+03 4.920215e+03 
1.118889e-01 5.519251e+03 4.511788e+03 
1.169293e-01 4.294969e+03 4.150573e+03 
1.219697e-01 3.513622e+03 3.829520e+03 
1.270101e-01 3.120469e+03 3.542885e+03 
1.320505e-01 3.041994e+03 3.285938e+03 
1.370909e-01 3.205137e+03 3.054746e+03 
1.421313e-01 3.530008e+03 2.846018e+03 
1.471717e-01 3.916606e+03 2.656973e+03 
1.522121e-01 4.247280e+03 2.485250e+03 
1.572525e-01 4.412526e+03 2.328835e+03 
1.622929e-01 4.346601e+03 2.185993e+03 
1.673333e-01 4.048817e+03 2.055232e+03 
1.723737e-01 3.578113e+03 1.935255e+03 
1.774141e-01 3.026166e+03 1.824936e+03 
1.824545e-01 2.485966e+03 1.723288e+03 
1.874949e-01 2.028443e+03 1.629449e+03 
1.925354e-01 1.691354e+03 1.542658e+03 
1.975758e-01 1.482765e+03 1.462245e+03 
2.026162e-01 1.392467e+03 1.387615e+03 
2.076566e-01 1.402063e+03 1.318242e+03 
2.126970e-01 1.488727e+03 1.253656e+03 
2.177374e-01 1.623763e+03 1.193438e+03 
2.227778e-01 1.771335e+03 1.137214e+03 
2.278182e-01 1.892095e+03 1.084648e+03 
2.328586e-01 1.951562e+03 1.035439e+03 
2.378990e-01 1.929406e+03 9.893133e+02 
2.429394e-01 1.825138e+03 9.460271e+02 
2.479798e-01 1.657371e+03 9.053582e+02 
2.530202e-01 1.456648e+03 8.671059e+02 
2.580606e-01 1.255460e+03 8.310877e+02 
2.631010e-01 1.079620e+03 7.971381e+02 
2.681414e-01 9.446639e+02 7.651062e+02 
2.731818e-01 8.564656e+02 7.348543e+02 
2.782222e-01 8.141026e+02 7.062569e+02 
2.832626e-01 8.121214e+02 6.791989e+02 
2.883030e-01 8.418963e+02 6.535751e+02 
2.933434e-01 8.918802e+02 6.292888e+02 
2.983838e-01 9.480538e+02 6.062513e+02 
3.034242e-01 9.954116e+02 5.843808e+02 
3.084646e-01 1.020868e+03 5.636024e+02 
3.135051e-01 1.016182e+03 5.438465e+02 
3.185455e-01 9.798924e+02 5.250492e+02 
3.235859e-01 9.171668e+02 5.071513e+02 
3.286263e-01 8.379026e+02 4.900980e+02 
3.336667e-01 7.539311e+02 4.738387e+02 
3.387071e-01 6.760907e+02 4.583262e+02 
3.437475e-01 6.121554e+02 4.435170e+02 
3.487879e-01 5.662524e+02 4.293703e+02 
3.538283e-01 5.393601e+02 4.158486e+02 
3.588687e-01 5.301971e+02 4.029165e+02 
3.639091e-01 5.357279e+02 3.905414e+02 
3.689495e-01 5.513892e+02 3.786928e+02 
3.739899e-01 5.714570e+02 3.673420e+02 
3.790303e-01 5.898344e+02 3.564624e+02 
3.840707e-01 6.010882e+02 3.460292e+02 
3.891111e-01 6.013336e+02 3.360190e+02 
3.941515e-01 5.889553e+02 3.264098e+02 
3.991919e-01 5.648926e+02 3.171814e+02 
4.042323e-01 5.322794e+02 3.083143e+02 
4.092727e-01 4.954921e+02 2.997907e+02 
4.143131e-01 4.589709e+02 2.915934e+02 
4.193535e-01 4.264311e+02 2.837067e+02 
4.243939e-01 4.004937e+02 2.761155e+02 
4.294343e-01 3.825086e+02 2.688056e+02 
4.344747e-01 3.725673e+02 2.617639e+02 
4.395152e-01 3.696848e+02 2.549777e+02 
4.445556e-01 3.721139e+02 2.484352e+02 
4.495960e-01 3.776328e+02 2.421252e+02 
4.546364e-01 3.837646e+02 2.360373e+02 
4.596768e-01 3.880506e+02 2.301614e+02 
4.647172e-01 3.884891e+02 2.244882e+02 
4.697576e-01 3.839699e+02 2.190087e+02 
4.747980e-01 3.744050e+02 2.137145e+02 
4.798384e-01 3.605974e+02 2.085975e+02 
4.848788e-01 3.439671e+02 2.036503e+02 
4.899192e-01 3.262873e+02 1.988656e+02 
4.949596e-01 3.093151e+02 1.942366e+02 
5.000000e-01 2.945161e+02 1.897568e+02 
