1.000000e-03 4.074532e+03 4.074154e+03 
6.040404e-03 1.813444e+04 1.821430e+04 
1.108081e-02 2.479983e+04 2.471333e+04 
1.612121e-02 2.694294e+04 2.654346e+04 
2.116162e-02 2.629746e+04 2.536009e+04 
2.620202e-02 2.411288e+04 2.280202e+04 
3.124242e-02 2.133947e+04 2.014549e+04 
3.628283e-02 1.863401e+04 1.785223e+04 
4.132323e-02 1.636628e+04 1.594331e+04 
4.636364e-02 1.464808e+04 1.434055e+04 
5.140404e-02 1.348157e+04 1.297277e+04 
5.644444e-02 1.270790e+04 1.178922e+04 
6.148485e-02 1.216225e+04 1.075455e+04 
6.652525e-02 1.168147e+04 9.843170e+03 
7.156566e-02 1.113537e+04 9.035757e+03 
7.660606e-02 1.045650e+04 8.317119e+03 
8.164646e-02 9.647530e+03 7.674975e+03 
8.668687e-02 8.766456e+03 7.099188e+03 
9.172727e-02 7.892194e+03 6.581271e+03 
9.676768e-02 7.099560e+03 6.114049e+03 
1.018081e-01 6.444540e+03 5.691404e+03 
1.068485e-01 5.952616e+03 5.308095e+03 
1.118889e-01 5.614890e+03 4.959605e+03 
1.169293e-01 5.395012e+03 4.642027e+03 
1.219697e-01 5.245654e+03 4.351971e+03 
1.270101e-01 5.119394e+03 4.086484e+03 
1.320505e-01 4.975066e+03 3.842983e+03 
1.370909e-01 4.785645e+03 3.619209e+03 
1.421313e-01 4.543169e+03 3.413172e+03 
1.471717e-01 4.258577e+03 3.223123e+03 
1.522121e-01 3.954181e+03 3.047515e+03 
1.572525e-01 3.655789e+03 2.884977e+03 
1.622929e-01 3.387784e+03 2.734294e+03 
1.673333e-01 3.167224e+03 2.594384e+03 
1.723737e-01 2.999954e+03 2.464283e+03 
1.774141e-01 2.880836e+03 2.343129e+03 
1.824545e-01 2.797570e+03 2.230149e+03 
1.874949e-01 2.735302e+03 2.124651e+03 
1.925354e-01 2.678801e+03 2.026013e+03 
1.975758e-01 2.614440e+03 1.933673e+03 
2.026162e-01 2.533162e+03 1.847125e+03 
2.076566e-01 2.432505e+03 1.765912e+03 
2.126970e-01 2.316658e+03 1.689620e+03 
2.177374e-01 2.193541e+03 1.617871e+03 
2.227778e-01 2.072130e+03 1.550326e+03 
2.278182e-01 1.960601e+03 1.486672e+03 
2.328586e-01 1.864625e+03 1.426627e+03 
2.378990e-01 1.786662e+03 1.369932e+03 
2.429394e-01 1.725986e+03 1.316351e+03 
2.479798e-01 1.679244e+03 1.265667e+03 
2.530202e-01 1.641422e+03 1.217683e+03 
2.580606e-01 1.606768e+03 1.172216e+03 
2.631010e-01 1.570197e+03 1.129098e+03 
2.681414e-01 1.528477e+03 1.088177e+03 
2.731818e-01 1.480640e+03 1.049309e+03 
2.782222e-01 1.427629e+03 1.012365e+03 
2.832626e-01 1.371569e+03 9.772240e+02 
2.883030e-01 1.315308e+03 9.437738e+02 
2.933434e-01 1.261863e+03 9.119113e+02 
2.983838e-01 1.213642e+03 8.815408e+02 
3.034242e-01 1.171908e+03 8.525737e+02 
3.084646e-01 1.136645e+03 8.249274e+02 
3.135051e-01 1.106884e+03 7.985254e+02 
3.185455e-01 1.081107e+03 7.732966e+02 
3.235859e-01 1.057478e+03 7.491747e+02 
3.286263e-01 1.034176e+03 7.260978e+02 
3.336667e-01 1.009822e+03 7.040083e+02 
3.387071e-01 9.837044e+02 6.828526e+02 
3.437475e-01 9.559088e+02 6.625803e+02 
3.487879e-01 9.270067e+02 6.431445e+02 
3.538283e-01 8.979218e+02 6.245012e+02 
3.588687e-01 8.696411e+02 6.066093e+02 
3.639091e-01 8.430431e+02 5.894301e+02 
3.689495e-01 8.187212e+02 5.729276e+02 
3.739899e-01 7.968617e+02 5.570677e+02 
3.790303e-01 7.772868e+02 5.418185e+02 
3.840707e-01 7.595687e+02 5.271500e+02 
3.891111e-01 7.431262e+02 5.130342e+02 
3.941515e-01 7.273346e+02 4.994443e+02 
3.991919e-01 7.116283e+02 4.863554e+02 
4.042323e-01 6.956303e+02 4.737439e+02 
4.092727e-01 6.792346e+02 4.615876e+02 
4.143131e-01 6.625643e+02 4.498656e+02 
4.193535e-01 6.458801e+02 4.385580e+02 
4.243939e-01 6.294514e+02 4.276462e+02 
4.294343e-01 6.135648e+02 4.171124e+02 
4.344747e-01 5.985029e+02 4.069399e+02 
4.395152e-01 5.844238e+02 3.971129e+02 
4.445556e-01 5.713478e+02 3.876164e+02 
4.495960e-01 5.591289e+02 3.784363e+02 
4.546364e-01 5.475845e+02 3.695590e+02 
4.596768e-01 5.365326e+02 3.609717e+02 
4.647172e-01 5.257943e+02 3.526625e+02 
4.697576e-01 5.151914e+02 3.446197e+02 
4.747980e-01 5.045957e+02 3.368325e+02 
4.798384e-01 4.940012e+02 3.292904e+02 
4.848788e-01 4.834709e+02 3.219837e+02 
4.899192e-01 4.730994e+02 3.149028e+02 
4.949596e-01 4.629775e+02 3.080390e+02 
5.000000e-01 4.531762e+02 3.013836e+02 
