1.000000e-03 4.084926e+03 4.084525e+03 
6.040404e-03 1.784182e+04 1.791250e+04 
1.108081e-02 2.405600e+04 2.391350e+04 
1.612121e-02 2.589820e+04 2.537923e+04 
2.116162e-02 2.517866e+04 2.415559e+04 
2.620202e-02 2.312815e+04 2.186586e+04 
3.124242e-02 2.062943e+04 1.954864e+04 
3.628283e-02 1.825617e+04 1.751613e+04 
4.132323e-02 1.630354e+04 1.577419e+04 
4.636364e-02 1.483713e+04 1.427145e+04 
5.140404e-02 1.381657e+04 1.296220e+04 
5.644444e-02 1.308256e+04 1.181252e+04 
6.148485e-02 1.247022e+04 1.079711e+04 
6.652525e-02 1.184736e+04 9.896287e+03 
7.156566e-02 1.113620e+04 9.094172e+03 
7.660606e-02 1.031691e+04 8.377643e+03 
8.164646e-02 9.429566e+03 7.735663e+03 
8.668687e-02 8.547167e+03 7.158866e+03 
9.172727e-02 7.742272e+03 6.639245e+03 
9.676768e-02 7.066629e+03 6.169924e+03 
1.018081e-01 6.544186e+03 5.744981e+03 
1.068485e-01 6.167166e+03 5.359295e+03 
1.118889e-01 5.900357e+03 5.008426e+03 
1.169293e-01 5.696809e+03 4.688518e+03 
1.219697e-01 5.510257e+03 4.396209e+03 
1.270101e-01 5.304036e+03 4.128561e+03 
1.320505e-01 5.058268e+03 3.883003e+03 
1.370909e-01 4.773325e+03 3.657278e+03 
1.421313e-01 4.464895e+03 3.449396e+03 
1.471717e-01 4.154588e+03 3.257606e+03 
1.522121e-01 3.863770e+03 3.080356e+03 
1.572525e-01 3.610776e+03 2.916272e+03 
1.622929e-01 3.406800e+03 2.764134e+03 
1.673333e-01 3.251480e+03 2.622854e+03 
1.723737e-01 3.133922e+03 2.491463e+03 
1.774141e-01 3.039098e+03 2.369095e+03 
1.824545e-01 2.953376e+03 2.254971e+03 
1.874949e-01 2.865394e+03 2.148395e+03 
1.925354e-01 2.766438e+03 2.048740e+03 
1.975758e-01 2.652890e+03 1.955441e+03 
2.026162e-01 2.528174e+03 1.867988e+03 
2.076566e-01 2.399986e+03 1.785920e+03 
2.126970e-01 2.276225e+03 1.708819e+03 
2.177374e-01 2.162899e+03 1.636306e+03 
2.227778e-01 2.063984e+03 1.568037e+03 
2.278182e-01 1.981082e+03 1.503698e+03 
2.328586e-01 1.912966e+03 1.443003e+03 
2.378990e-01 1.855999e+03 1.385693e+03 
2.429394e-01 1.805384e+03 1.331527e+03 
2.479798e-01 1.756591e+03 1.280288e+03 
2.530202e-01 1.706188e+03 1.231776e+03 
2.580606e-01 1.652242e+03 1.185807e+03 
2.631010e-01 1.594636e+03 1.142212e+03 
2.681414e-01 1.534939e+03 1.100836e+03 
2.731818e-01 1.475520e+03 1.061536e+03 
2.782222e-01 1.418685e+03 1.024179e+03 
2.832626e-01 1.366123e+03 9.886438e+02 
2.883030e-01 1.318857e+03 9.548178e+02 
2.933434e-01 1.277145e+03 9.225965e+02 
2.983838e-01 1.240365e+03 8.918832e+02 
3.034242e-01 1.207200e+03 8.625882e+02 
3.084646e-01 1.176094e+03 8.346284e+02 
3.135051e-01 1.145696e+03 8.079264e+02 
3.185455e-01 1.115107e+03 7.824103e+02 
3.235859e-01 1.083950e+03 7.580131e+02 
3.286263e-01 1.052257e+03 7.346724e+02 
3.336667e-01 1.020400e+03 7.123300e+02 
3.387071e-01 9.891015e+02 6.909316e+02 
3.437475e-01 9.591616e+02 6.704263e+02 
3.487879e-01 9.310815e+02 6.507668e+02 
3.538283e-01 9.050312e+02 6.319086e+02 
3.588687e-01 8.809373e+02 6.138101e+02 
3.639091e-01 8.585834e+02 5.964323e+02 
3.689495e-01 8.376356e+02 5.797387e+02 
3.739899e-01 8.176454e+02 5.636949e+02 
3.790303e-01 7.981536e+02 5.482687e+02 
3.840707e-01 7.788656e+02 5.334298e+02 
3.891111e-01 7.596940e+02 5.191497e+02 
3.941515e-01 7.406907e+02 5.054014e+02 
3.991919e-01 7.219672e+02 4.921599e+02 
4.042323e-01 7.036824e+02 4.794011e+02 
4.092727e-01 6.860561e+02 4.671028e+02 
4.143131e-01 6.692468e+02 4.552436e+02 
4.193535e-01 6.532832e+02 4.438035e+02 
4.243939e-01 6.381233e+02 4.327638e+02 
4.294343e-01 6.237056e+02 4.221063e+02 
4.344747e-01 6.099176e+02 4.118144e+02 
4.395152e-01 5.966251e+02 4.018719e+02 
4.445556e-01 5.836836e+02 3.922636e+02 
4.495960e-01 5.710080e+02 3.829754e+02 
4.546364e-01 5.585683e+02 3.739934e+02 
4.596768e-01 5.463699e+02 3.653049e+02 
4.647172e-01 5.344346e+02 3.568976e+02 
4.697576e-01 5.227944e+02 3.487598e+02 
4.747980e-01 5.115068e+02 3.408805e+02 
4.798384e-01 5.006253e+02 3.332492e+02 
4.848788e-01 4.901539e+02 3.258560e+02 
4.899192e-01 4.800660e+02 3.186913e+02 
4.949596e-01 4.703310e+02 3.117461e+02 
5.000000e-01 4.609196e+02 3.050117e+02 
