1.000000e-03 4.020173e+03 4.019790e+03 
6.040404e-03 1.786395e+04 1.793982e+04 
1.108081e-02 2.436231e+04 2.425504e+04 
1.612121e-02 2.642592e+04 2.598214e+04 
2.116162e-02 2.579257e+04 2.482229e+04 
2.620202e-02 2.369425e+04 2.239939e+04 
3.124242e-02 2.105121e+04 1.989887e+04 
3.628283e-02 1.848926e+04 1.772511e+04 
4.132323e-02 1.635251e+04 1.589400e+04 
4.636364e-02 1.473757e+04 1.433897e+04 
5.140404e-02 1.363529e+04 1.299988e+04 
5.644444e-02 1.288422e+04 1.183339e+04 
6.148485e-02 1.232615e+04 1.080862e+04 
6.652525e-02 1.180008e+04 9.902720e+03 
7.156566e-02 1.119655e+04 9.097985e+03 
7.660606e-02 1.046486e+04 8.380242e+03 
8.164646e-02 9.622038e+03 7.737848e+03 
8.668687e-02 8.732840e+03 7.161076e+03 
9.172727e-02 7.875809e+03 6.641709e+03 
9.676768e-02 7.119424e+03 6.172749e+03 
1.018081e-01 6.509477e+03 5.748200e+03 
1.068485e-01 6.059925e+03 5.362901e+03 
1.118889e-01 5.751948e+03 5.012391e+03 
1.169293e-01 5.543914e+03 4.692803e+03 
1.219697e-01 5.387426e+03 4.400770e+03 
1.270101e-01 5.237260e+03 4.133356e+03 
1.320505e-01 5.057993e+03 3.887991e+03 
1.370909e-01 4.831083e+03 3.662419e+03 
1.421313e-01 4.558341e+03 3.454657e+03 
1.471717e-01 4.256564e+03 3.262955e+03 
1.522121e-01 3.949506e+03 3.085767e+03 
1.572525e-01 3.661421e+03 2.921722e+03 
1.622929e-01 3.412654e+03 2.769601e+03 
1.673333e-01 3.214939e+03 2.628322e+03 
1.723737e-01 3.068128e+03 2.496916e+03 
1.774141e-01 2.962288e+03 2.374519e+03 
1.824545e-01 2.882988e+03 2.260357e+03 
1.874949e-01 2.815363e+03 2.153733e+03 
1.925354e-01 2.745846e+03 2.054023e+03 
1.975758e-01 2.663701e+03 1.960663e+03 
2.026162e-01 2.563894e+03 1.873143e+03 
2.076566e-01 2.448400e+03 1.791003e+03 
2.126970e-01 2.324107e+03 1.713828e+03 
2.177374e-01 2.199744e+03 1.641238e+03 
2.227778e-01 2.083263e+03 1.572890e+03 
2.278182e-01 1.980567e+03 1.508471e+03 
2.328586e-01 1.894871e+03 1.447695e+03 
2.378990e-01 1.826254e+03 1.390302e+03 
2.429394e-01 1.771986e+03 1.336054e+03 
2.479798e-01 1.727464e+03 1.284734e+03 
2.530202e-01 1.687316e+03 1.236140e+03 
2.580606e-01 1.646584e+03 1.190090e+03 
2.631010e-01 1.601837e+03 1.146415e+03 
2.681414e-01 1.551779e+03 1.104959e+03 
2.731818e-01 1.497044e+03 1.065580e+03 
2.782222e-01 1.439630e+03 1.028146e+03 
2.832626e-01 1.382170e+03 9.925354e+02 
2.883030e-01 1.327367e+03 9.586346e+02 
2.933434e-01 1.277432e+03 9.263397e+02 
2.983838e-01 1.233593e+03 8.955542e+02 
3.034242e-01 1.195930e+03 8.661885e+02 
3.084646e-01 1.163544e+03 8.381592e+02 
3.135051e-01 1.134994e+03 8.113892e+02 
3.185455e-01 1.108560e+03 7.858065e+02 
3.235859e-01 1.082583e+03 7.613441e+02 
3.286263e-01 1.055850e+03 7.379396e+02 
3.336667e-01 1.027785e+03 7.155348e+02 
3.387071e-01 9.984398e+02 6.940753e+02 
3.437475e-01 9.683512e+02 6.735104e+02 
3.487879e-01 9.383601e+02 6.537926e+02 
3.538283e-01 9.093732e+02 6.348774e+02 
3.588687e-01 8.821734e+02 6.167232e+02 
3.639091e-01 8.571798e+02 5.992911e+02 
3.689495e-01 8.344729e+02 5.825443e+02 
3.739899e-01 8.138364e+02 5.664486e+02 
3.790303e-01 7.948686e+02 5.509717e+02 
3.840707e-01 7.770672e+02 5.360833e+02 
3.891111e-01 7.598377e+02 5.217548e+02 
3.941515e-01 7.426974e+02 5.079593e+02 
3.991919e-01 7.253911e+02 4.946716e+02 
4.042323e-01 7.078911e+02 4.818679e+02 
4.092727e-01 6.903400e+02 4.695255e+02 
4.143131e-01 6.729554e+02 4.576233e+02 
4.193535e-01 6.559850e+02 4.461413e+02 
4.243939e-01 6.396819e+02 4.350606e+02 
4.294343e-01 6.242423e+02 4.243631e+02 
4.344747e-01 6.097524e+02 4.140320e+02 
4.395152e-01 5.961608e+02 4.040513e+02 
4.445556e-01 5.833268e+02 3.944057e+02 
4.495960e-01 5.710837e+02 3.850810e+02 
4.546364e-01 5.592741e+02 3.760634e+02 
4.596768e-01 5.477507e+02 3.673401e+02 
4.647172e-01 5.363626e+02 3.588987e+02 
4.697576e-01 5.250579e+02 3.507276e+02 
4.747980e-01 5.138522e+02 3.428158e+02 
4.798384e-01 5.028173e+02 3.351527e+02 
4.848788e-01 4.920307e+02 3.277284e+02 
4.899192e-01 4.815517e+02 3.205333e+02 
4.949596e-01 4.714397e+02 3.135584e+02 
5.000000e-01 4.617485e+02 3.067950e+02 
