1.000000e-03 4.002561e+03 4.002188e+03 
6.040404e-03 1.806299e+04 1.814140e+04 
1.108081e-02 2.473095e+04 2.463619e+04 
1.612121e-02 2.685513e+04 2.643319e+04 
2.116162e-02 2.619284e+04 2.523345e+04 
2.620202e-02 2.401020e+04 2.271229e+04 
3.124242e-02 2.126483e+04 2.011707e+04 
3.628283e-02 1.860936e+04 1.787487e+04 
4.132323e-02 1.640303e+04 1.599866e+04 
4.636364e-02 1.474563e+04 1.441422e+04 
5.140404e-02 1.362930e+04 1.305551e+04 
5.644444e-02 1.288361e+04 1.187554e+04 
6.148485e-02 1.234317e+04 1.084123e+04 
6.652525e-02 1.183867e+04 9.928384e+03 
7.156566e-02 1.125262e+04 9.118494e+03 
7.660606e-02 1.052873e+04 8.396851e+03 
8.164646e-02 9.681600e+03 7.751463e+03 
8.668687e-02 8.778061e+03 7.172364e+03 
9.172727e-02 7.900854e+03 6.651171e+03 
9.676768e-02 7.123844e+03 6.180768e+03 
1.018081e-01 6.497541e+03 5.755070e+03 
1.068485e-01 6.038091e+03 5.368851e+03 
1.118889e-01 5.727350e+03 5.017602e+03 
1.169293e-01 5.523340e+03 4.697416e+03 
1.219697e-01 5.376239e+03 4.404900e+03 
1.270101e-01 5.237831e+03 4.137093e+03 
1.320505e-01 5.069900e+03 3.891408e+03 
1.370909e-01 4.851023e+03 3.665576e+03 
1.421313e-01 4.581390e+03 3.457602e+03 
1.471717e-01 4.277840e+03 3.265726e+03 
1.522121e-01 3.964909e+03 3.088396e+03 
1.572525e-01 3.668822e+03 2.924234e+03 
1.622929e-01 3.412189e+03 2.772018e+03 
1.673333e-01 3.208444e+03 2.630659e+03 
1.723737e-01 3.058221e+03 2.499189e+03 
1.774141e-01 2.951895e+03 2.376738e+03 
1.824545e-01 2.874908e+03 2.262531e+03 
1.874949e-01 2.811711e+03 2.155871e+03 
1.925354e-01 2.747517e+03 2.056129e+03 
1.975758e-01 2.670275e+03 1.962742e+03 
2.026162e-01 2.573873e+03 1.875200e+03 
2.076566e-01 2.459655e+03 1.793041e+03 
2.126970e-01 2.334620e+03 1.715849e+03 
2.177374e-01 2.207851e+03 1.643244e+03 
2.227778e-01 2.088047e+03 1.574883e+03 
2.278182e-01 1.981959e+03 1.510451e+03 
2.328586e-01 1.893556e+03 1.449663e+03 
2.378990e-01 1.823372e+03 1.392260e+03 
2.429394e-01 1.768898e+03 1.338002e+03 
2.479798e-01 1.725361e+03 1.286670e+03 
2.530202e-01 1.687054e+03 1.238067e+03 
2.580606e-01 1.648524e+03 1.192006e+03 
2.631010e-01 1.605858e+03 1.148321e+03 
2.681414e-01 1.557303e+03 1.106855e+03 
2.731818e-01 1.503264e+03 1.067466e+03 
2.782222e-01 1.445640e+03 1.030021e+03 
2.832626e-01 1.387247e+03 9.943994e+02 
2.883030e-01 1.331116e+03 9.604874e+02 
2.933434e-01 1.279765e+03 9.281813e+02 
2.983838e-01 1.234726e+03 8.973842e+02 
3.034242e-01 1.196283e+03 8.680067e+02 
3.084646e-01 1.163677e+03 8.399654e+02 
3.135051e-01 1.135443e+03 8.131832e+02 
3.185455e-01 1.109686e+03 7.875881e+02 
3.235859e-01 1.084579e+03 7.631131e+02 
3.286263e-01 1.058697e+03 7.396958e+02 
3.336667e-01 1.031304e+03 7.172781e+02 
3.387071e-01 1.002315e+03 6.958055e+02 
3.437475e-01 9.722156e+02 6.752274e+02 
3.487879e-01 9.419035e+02 6.554962e+02 
3.538283e-01 9.124138e+02 6.365675e+02 
3.588687e-01 8.846442e+02 6.183998e+02 
3.639091e-01 8.591327e+02 6.009540e+02 
3.689495e-01 8.360391e+02 5.841936e+02 
3.739899e-01 8.152255e+02 5.680841e+02 
3.790303e-01 7.963088e+02 5.525934e+02 
3.840707e-01 7.787231e+02 5.376911e+02 
3.891111e-01 7.618037e+02 5.233487e+02 
3.941515e-01 7.449898e+02 5.095394e+02 
3.991919e-01 7.279602e+02 4.962378e+02 
4.042323e-01 7.106332e+02 4.834201e+02 
4.092727e-01 6.931256e+02 4.710639e+02 
4.143131e-01 6.756506e+02 4.591479e+02 
4.193535e-01 6.584969e+02 4.476521e+02 
4.243939e-01 6.419713e+02 4.365576e+02 
4.294343e-01 6.263144e+02 4.258464e+02 
4.344747e-01 6.116474e+02 4.155017e+02 
4.395152e-01 5.979411e+02 4.055073e+02 
4.445556e-01 5.850745e+02 3.958483e+02 
4.495960e-01 5.728769e+02 3.865101e+02 
4.546364e-01 5.611702e+02 3.774791e+02 
4.596768e-01 5.497532e+02 3.687424e+02 
4.647172e-01 5.384652e+02 3.602878e+02 
4.697576e-01 5.272312e+02 3.521036e+02 
4.747980e-01 5.160572e+02 3.441788e+02 
4.798384e-01 5.050009e+02 3.365028e+02 
4.848788e-01 4.941501e+02 3.290656e+02 
4.899192e-01 4.835844e+02 3.218577e+02 
4.949596e-01 4.733804e+02 3.148702e+02 
5.000000e-01 4.636080e+02 3.080942e+02 
