1.000000e-03 4.474462e+03 4.474033e+03 
6.040404e-03 1.966287e+04 1.974626e+04 
1.108081e-02 2.663855e+04 2.653334e+04 
1.612121e-02 2.870337e+04 2.824494e+04 
2.116162e-02 2.780267e+04 2.676256e+04 
2.620202e-02 2.531752e+04 2.391756e+04 
3.124242e-02 2.227919e+04 2.105325e+04 
3.628283e-02 1.938207e+04 1.861083e+04 
4.132323e-02 1.699920e+04 1.658718e+04 
4.636364e-02 1.522528e+04 1.489170e+04 
5.140404e-02 1.404228e+04 1.344718e+04 
5.644444e-02 1.325919e+04 1.219944e+04 
6.148485e-02 1.269600e+04 1.111071e+04 
6.652525e-02 1.216986e+04 1.015361e+04 
7.156566e-02 1.155599e+04 9.307370e+03 
7.660606e-02 1.079510e+04 8.555622e+03 
8.164646e-02 9.903675e+03 7.885133e+03 
8.668687e-02 8.953671e+03 7.284988e+03 
9.172727e-02 8.034013e+03 6.746059e+03 
9.676768e-02 7.223599e+03 6.260644e+03 
1.018081e-01 6.574645e+03 5.822190e+03 
1.068485e-01 6.102642e+03 5.425097e+03 
1.118889e-01 5.786632e+03 5.064547e+03 
1.169293e-01 5.582115e+03 4.736385e+03 
1.219697e-01 5.436493e+03 4.437012e+03 
1.270101e-01 5.298712e+03 4.163297e+03 
1.320505e-01 5.128032e+03 3.912511e+03 
1.370909e-01 4.902834e+03 3.682268e+03 
1.421313e-01 4.624085e+03 3.470475e+03 
1.471717e-01 4.309840e+03 3.275288e+03 
1.522121e-01 3.986157e+03 3.095084e+03 
1.572525e-01 3.680850e+03 2.928427e+03 
1.622929e-01 3.417931e+03 2.774043e+03 
1.673333e-01 3.211088e+03 2.630801e+03 
1.723737e-01 3.060125e+03 2.497693e+03 
1.774141e-01 2.954459e+03 2.373822e+03 
1.824545e-01 2.878917e+03 2.258382e+03 
1.874949e-01 2.817265e+03 2.150652e+03 
1.925354e-01 2.753842e+03 2.049986e+03 
1.975758e-01 2.675879e+03 1.955800e+03 
2.026162e-01 2.577307e+03 1.867570e+03 
2.076566e-01 2.460130e+03 1.784821e+03 
2.126970e-01 2.331914e+03 1.707124e+03 
2.177374e-01 2.202167e+03 1.634090e+03 
2.227778e-01 2.079894e+03 1.565366e+03 
2.278182e-01 1.972225e+03 1.500630e+03 
2.328586e-01 1.883236e+03 1.439591e+03 
2.378990e-01 1.813374e+03 1.381981e+03 
2.429394e-01 1.759708e+03 1.327557e+03 
2.479798e-01 1.717110e+03 1.276096e+03 
2.530202e-01 1.679539e+03 1.227393e+03 
2.580606e-01 1.641373e+03 1.181262e+03 
2.631010e-01 1.598592e+03 1.137530e+03 
2.681414e-01 1.549462e+03 1.096040e+03 
2.731818e-01 1.494489e+03 1.056646e+03 
2.782222e-01 1.435812e+03 1.019212e+03 
2.832626e-01 1.376459e+03 9.836168e+02 
2.883030e-01 1.319619e+03 9.497443e+02 
2.933434e-01 1.267887e+03 9.174889e+02 
2.983838e-01 1.222777e+03 8.867527e+02 
3.034242e-01 1.184575e+03 8.574448e+02 
3.084646e-01 1.152423e+03 8.294807e+02 
3.135051e-01 1.124675e+03 8.027823e+02 
3.185455e-01 1.099320e+03 7.772766e+02 
3.235859e-01 1.074460e+03 7.528959e+02 
3.286263e-01 1.048674e+03 7.295772e+02 
3.336667e-01 1.021189e+03 7.072615e+02 
3.387071e-01 9.919603e+02 6.858939e+02 
3.437475e-01 9.615494e+02 6.654232e+02 
3.487879e-01 9.309616e+02 6.458014e+02 
3.538283e-01 9.013114e+02 6.269837e+02 
3.588687e-01 8.734825e+02 6.089281e+02 
3.639091e-01 8.480061e+02 5.915954e+02 
3.689495e-01 8.250409e+02 5.749486e+02 
3.739899e-01 8.044686e+02 5.589531e+02 
3.790303e-01 7.858438e+02 5.435765e+02 
3.840707e-01 7.685159e+02 5.287882e+02 
3.891111e-01 7.517701e+02 5.145595e+02 
3.941515e-01 7.350680e+02 5.008635e+02 
3.991919e-01 7.180900e+02 4.876746e+02 
4.042323e-01 7.007830e+02 4.749690e+02 
4.092727e-01 6.832491e+02 4.627240e+02 
4.143131e-01 6.657250e+02 4.509183e+02 
4.193535e-01 6.485522e+02 4.395319e+02 
4.243939e-01 6.320620e+02 4.285456e+02 
4.294343e-01 6.164881e+02 4.179416e+02 
4.344747e-01 6.019302e+02 4.077029e+02 
4.395152e-01 5.883534e+02 3.978133e+02 
4.445556e-01 5.756387e+02 3.882578e+02 
4.495960e-01 5.636158e+02 3.790218e+02 
4.546364e-01 5.520627e+02 3.700918e+02 
4.596768e-01 5.407623e+02 3.614547e+02 
4.647172e-01 5.295543e+02 3.530984e+02 
4.697576e-01 5.183880e+02 3.450111e+02 
4.747980e-01 5.072705e+02 3.371817e+02 
4.798384e-01 4.962650e+02 3.295999e+02 
4.848788e-01 4.854516e+02 3.222554e+02 
4.899192e-01 4.749394e+02 3.151390e+02 
4.949596e-01 4.648256e+02 3.082414e+02 
5.000000e-01 4.551545e+02 3.015542e+02 
