1.000000e-03 5.538413e+03 5.537887e+03 
6.040404e-03 2.447698e+04 2.459074e+04 
1.108081e-02 3.317137e+04 3.312563e+04 
1.612121e-02 3.558154e+04 3.521512e+04 
2.116162e-02 3.410068e+04 3.298921e+04 
2.620202e-02 3.049749e+04 2.874330e+04 
3.124242e-02 2.614812e+04 2.449553e+04 
3.628283e-02 2.200853e+04 2.101138e+04 
4.132323e-02 1.860819e+04 1.827744e+04 
4.636364e-02 1.609950e+04 1.610484e+04 
5.140404e-02 1.446930e+04 1.433375e+04 
5.644444e-02 1.349287e+04 1.285604e+04 
6.148485e-02 1.293115e+04 1.160078e+04 
6.652525e-02 1.253890e+04 1.052015e+04 
7.156566e-02 1.211367e+04 9.580417e+03 
7.660606e-02 1.151675e+04 8.756799e+03 
8.164646e-02 1.069885e+04 8.030368e+03 
8.668687e-02 9.702774e+03 7.386256e+03 
9.172727e-02 8.630356e+03 6.812520e+03 
9.676768e-02 7.599899e+03 6.299399e+03 
1.018081e-01 6.711191e+03 5.838814e+03 
1.068485e-01 6.023701e+03 5.424002e+03 
1.118889e-01 5.549381e+03 5.049261e+03 
1.169293e-01 5.262792e+03 4.709743e+03 
1.219697e-01 5.115944e+03 4.401307e+03 
1.270101e-01 5.048857e+03 4.120394e+03 
1.320505e-01 4.998239e+03 3.863931e+03 
1.370909e-01 4.909485e+03 3.629257e+03 
1.421313e-01 4.748744e+03 3.414055e+03 
1.471717e-01 4.507176e+03 3.216300e+03 
1.522121e-01 4.198146e+03 3.034221e+03 
1.572525e-01 3.851632e+03 2.866260e+03 
1.622929e-01 3.506481e+03 2.711042e+03 
1.673333e-01 3.199255e+03 2.567355e+03 
1.723737e-01 2.953042e+03 2.434122e+03 
1.774141e-01 2.774641e+03 2.310386e+03 
1.824545e-01 2.658939e+03 2.195297e+03 
1.874949e-01 2.593686e+03 2.088094e+03 
1.925354e-01 2.561423e+03 1.988095e+03 
1.975758e-01 2.540757e+03 1.894692e+03 
2.026162e-01 2.510693e+03 1.807335e+03 
2.076566e-01 2.456460e+03 1.725530e+03 
2.126970e-01 2.372379e+03 1.648833e+03 
2.177374e-01 2.261055e+03 1.576840e+03 
2.227778e-01 2.130929e+03 1.509187e+03 
2.278182e-01 1.994007e+03 1.445543e+03 
2.328586e-01 1.863322e+03 1.385608e+03 
2.378990e-01 1.749488e+03 1.329108e+03 
2.429394e-01 1.658634e+03 1.275793e+03 
2.479798e-01 1.592111e+03 1.225437e+03 
2.530202e-01 1.547240e+03 1.177832e+03 
2.580606e-01 1.518420e+03 1.132787e+03 
2.631010e-01 1.498261e+03 1.090127e+03 
2.681414e-01 1.479058e+03 1.049692e+03 
2.731818e-01 1.454392e+03 1.011335e+03 
2.782222e-01 1.420293e+03 9.749213e+02 
2.832626e-01 1.375641e+03 9.403248e+02 
2.883030e-01 1.321935e+03 9.074306e+02 
2.933434e-01 1.262670e+03 8.761324e+02 
2.983838e-01 1.202396e+03 8.463318e+02 
3.034242e-01 1.145623e+03 8.179376e+02 
3.084646e-01 1.095833e+03 7.908655e+02 
3.135051e-01 1.054864e+03 7.650373e+02 
3.185455e-01 1.022833e+03 7.403801e+02 
3.235859e-01 9.984951e+02 7.168265e+02 
3.286263e-01 9.796867e+02 6.943136e+02 
3.336667e-01 9.637388e+02 6.727829e+02 
3.387071e-01 9.479046e+02 6.521798e+02 
3.437475e-01 9.299290e+02 6.324534e+02 
3.487879e-01 9.085260e+02 6.135561e+02 
3.538283e-01 8.835345e+02 5.954437e+02 
3.588687e-01 8.557031e+02 5.780746e+02 
3.639091e-01 8.263198e+02 5.614098e+02 
3.689495e-01 7.969114e+02 5.454130e+02 
3.739899e-01 7.690109e+02 5.300501e+02 
3.790303e-01 7.438669e+02 5.152889e+02 
3.840707e-01 7.221521e+02 5.010996e+02 
3.891111e-01 7.038710e+02 4.874537e+02 
3.941515e-01 6.885101e+02 4.743248e+02 
3.991919e-01 6.752539e+02 4.616878e+02 
4.042323e-01 6.631299e+02 4.495193e+02 
4.092727e-01 6.511792e+02 4.377970e+02 
4.143131e-01 6.386046e+02 4.265002e+02 
4.193535e-01 6.249575e+02 4.156089e+02 
4.243939e-01 6.101719e+02 4.051048e+02 
4.294343e-01 5.945074e+02 3.949702e+02 
4.344747e-01 5.784013e+02 3.851885e+02 
4.395152e-01 5.624050e+02 3.757440e+02 
4.445556e-01 5.470868e+02 3.666219e+02 
4.495960e-01 5.328790e+02 3.578080e+02 
4.546364e-01 5.200144e+02 3.492892e+02 
4.596768e-01 5.085059e+02 3.410528e+02 
4.647172e-01 4.981871e+02 3.330867e+02 
4.697576e-01 4.887714e+02 3.253798e+02 
4.747980e-01 4.799106e+02 3.179211e+02 
4.798384e-01 4.712412e+02 3.107005e+02 
4.848788e-01 4.624614e+02 3.037083e+02 
4.899192e-01 4.534117e+02 2.969352e+02 
4.949596e-01 4.440558e+02 2.903724e+02 
5.000000e-01 4.344769e+02 2.840116e+02 
