1.000000e-03 3.017599e+03 3.017315e+03 
6.040404e-03 1.329418e+04 1.334460e+04 
1.108081e-02 1.810649e+04 1.794557e+04 
1.612121e-02 1.981909e+04 1.931344e+04 
2.116162e-02 1.975285e+04 1.889221e+04 
2.620202e-02 1.874752e+04 1.773162e+04 
3.124242e-02 1.736863e+04 1.640605e+04 
3.628283e-02 1.597246e+04 1.511309e+04 
4.132323e-02 1.474212e+04 1.390499e+04 
4.636364e-02 1.371663e+04 1.279344e+04 
5.140404e-02 1.289704e+04 1.177840e+04 
5.644444e-02 1.217841e+04 1.085545e+04 
6.148485e-02 1.149841e+04 1.001826e+04 
6.652525e-02 1.080591e+04 9.259723e+03 
7.156566e-02 1.008542e+04 8.572595e+03 
7.660606e-02 9.351172e+03 7.949885e+03 
8.164646e-02 8.640641e+03 7.385049e+03 
8.668687e-02 7.990805e+03 6.872084e+03 
9.172727e-02 7.423866e+03 6.405559e+03 
9.676768e-02 6.948404e+03 5.980600e+03 
1.018081e-01 6.560758e+03 5.592856e+03 
1.068485e-01 6.241069e+03 5.238462e+03 
1.118889e-01 5.959770e+03 4.913985e+03 
1.169293e-01 5.689722e+03 4.616382e+03 
1.219697e-01 5.415138e+03 4.342958e+03 
1.270101e-01 5.131884e+03 4.091320e+03 
1.320505e-01 4.844110e+03 3.859345e+03 
1.370909e-01 4.562097e+03 3.645150e+03 
1.421313e-01 4.297834e+03 3.447056e+03 
1.471717e-01 4.059412e+03 3.263570e+03 
1.522121e-01 3.849915e+03 3.093359e+03 
1.572525e-01 3.669155e+03 2.935232e+03 
1.622929e-01 3.513938e+03 2.788125e+03 
1.673333e-01 3.377035e+03 2.651080e+03 
1.723737e-01 3.249121e+03 2.523241e+03 
1.774141e-01 3.123479e+03 2.403836e+03 
1.824545e-01 2.997483e+03 2.292168e+03 
1.874949e-01 2.871264e+03 2.187611e+03 
1.925354e-01 2.746071e+03 2.089598e+03 
1.975758e-01 2.624257e+03 1.997615e+03 
2.026162e-01 2.509179e+03 1.911196e+03 
2.076566e-01 2.403538e+03 1.829918e+03 
2.126970e-01 2.308113e+03 1.753397e+03 
2.177374e-01 2.221874e+03 1.681283e+03 
2.227778e-01 2.143167e+03 1.613255e+03 
2.278182e-01 2.070086e+03 1.549023e+03 
2.328586e-01 2.000717e+03 1.488318e+03 
2.378990e-01 1.933583e+03 1.430898e+03 
2.429394e-01 1.867850e+03 1.376536e+03 
2.479798e-01 1.803227e+03 1.325028e+03 
2.530202e-01 1.739993e+03 1.276183e+03 
2.580606e-01 1.678907e+03 1.229829e+03 
2.631010e-01 1.620822e+03 1.185803e+03 
2.681414e-01 1.566281e+03 1.143959e+03 
2.731818e-01 1.515304e+03 1.104159e+03 
2.782222e-01 1.467558e+03 1.066277e+03 
2.832626e-01 1.422664e+03 1.030195e+03 
2.883030e-01 1.380185e+03 9.958058e+02 
2.933434e-01 1.339543e+03 9.630076e+02 
2.983838e-01 1.300252e+03 9.317074e+02 
3.034242e-01 1.262117e+03 9.018184e+02 
3.084646e-01 1.225101e+03 8.732597e+02 
3.135051e-01 1.189247e+03 8.459561e+02 
3.185455e-01 1.154653e+03 8.198376e+02 
3.235859e-01 1.121432e+03 7.948389e+02 
3.286263e-01 1.089690e+03 7.708987e+02 
3.336667e-01 1.059463e+03 7.479603e+02 
3.387071e-01 1.030660e+03 7.259701e+02 
3.437475e-01 1.003122e+03 7.048785e+02 
3.487879e-01 9.767231e+02 6.846386e+02 
3.538283e-01 9.513379e+02 6.652066e+02 
3.588687e-01 9.268049e+02 6.465416e+02 
3.639091e-01 9.030227e+02 6.286049e+02 
3.689495e-01 8.800019e+02 6.113604e+02 
3.739899e-01 8.577446e+02 5.947740e+02 
3.790303e-01 8.362540e+02 5.788137e+02 
3.840707e-01 8.155009e+02 5.634494e+02 
3.891111e-01 7.954714e+02 5.486527e+02 
3.941515e-01 7.761836e+02 5.343969e+02 
3.991919e-01 7.576370e+02 5.206568e+02 
4.042323e-01 7.397712e+02 5.074085e+02 
4.092727e-01 7.224922e+02 4.946297e+02 
4.143131e-01 7.057771e+02 4.822990e+02 
4.193535e-01 6.896036e+02 4.703965e+02 
4.243939e-01 6.739480e+02 4.589031e+02 
4.294343e-01 6.587685e+02 4.478010e+02 
4.344747e-01 6.440331e+02 4.370730e+02 
4.395152e-01 6.297475e+02 4.267031e+02 
4.445556e-01 6.159224e+02 4.166761e+02 
4.495960e-01 6.025502e+02 4.069774e+02 
4.546364e-01 5.895816e+02 3.975934e+02 
4.596768e-01 5.770007e+02 3.885109e+02 
4.647172e-01 5.648177e+02 3.797177e+02 
4.697576e-01 5.530173e+02 3.712018e+02 
4.747980e-01 5.415601e+02 3.629522e+02 
4.798384e-01 5.304250e+02 3.549582e+02 
4.848788e-01 5.196109e+02 3.472097e+02 
4.899192e-01 5.091041e+02 3.396970e+02 
4.949596e-01 4.989026e+02 3.324110e+02 
5.000000e-01 4.889794e+02 3.253429e+02 
