1.000000e-03 2.866627e+03 2.866351e+03 
6.040404e-03 1.274653e+04 1.279341e+04 
1.108081e-02 1.746121e+04 1.729945e+04 
1.612121e-02 1.920837e+04 1.870610e+04 
2.116162e-02 1.923615e+04 1.838417e+04 
2.620202e-02 1.834268e+04 1.733200e+04 
3.124242e-02 1.706972e+04 1.609800e+04 
3.628283e-02 1.576035e+04 1.487643e+04 
4.132323e-02 1.459343e+04 1.372338e+04 
4.636364e-02 1.361047e+04 1.265466e+04 
5.140404e-02 1.281477e+04 1.167328e+04 
5.644444e-02 1.210895e+04 1.077703e+04 
6.148485e-02 1.143930e+04 9.961151e+03 
6.652525e-02 1.075737e+04 9.219708e+03 
7.156566e-02 1.004879e+04 8.546338e+03 
7.660606e-02 9.328402e+03 7.934724e+03 
8.164646e-02 8.633720e+03 7.378846e+03 
8.668687e-02 8.000173e+03 6.873116e+03 
9.172727e-02 7.446876e+03 6.412426e+03 
9.676768e-02 6.980231e+03 5.992163e+03 
1.018081e-01 6.596726e+03 5.608185e+03 
1.068485e-01 6.277933e+03 5.256794e+03 
1.118889e-01 5.995233e+03 4.934693e+03 
1.169293e-01 5.722156e+03 4.638952e+03 
1.219697e-01 5.444469e+03 4.366962e+03 
1.270101e-01 5.159818e+03 4.116408e+03 
1.320505e-01 4.872866e+03 3.885228e+03 
1.370909e-01 4.593249e+03 3.671586e+03 
1.421313e-01 4.331889e+03 3.473848e+03 
1.471717e-01 4.096341e+03 3.290555e+03 
1.522121e-01 3.889333e+03 3.120401e+03 
1.572525e-01 3.710066e+03 2.962222e+03 
1.622929e-01 3.554774e+03 2.814970e+03 
1.673333e-01 3.416332e+03 2.677707e+03 
1.723737e-01 3.286353e+03 2.549589e+03 
1.774141e-01 3.158667e+03 2.429856e+03 
1.824545e-01 3.030875e+03 2.317822e+03 
1.874949e-01 2.903266e+03 2.212869e+03 
1.925354e-01 2.777344e+03 2.114436e+03 
1.975758e-01 2.655574e+03 2.022015e+03 
2.026162e-01 2.541041e+03 1.935145e+03 
2.076566e-01 2.435899e+03 1.853408e+03 
2.126970e-01 2.340572e+03 1.776423e+03 
2.177374e-01 2.254148e+03 1.703841e+03 
2.227778e-01 2.174981e+03 1.635346e+03 
2.278182e-01 2.101083e+03 1.570647e+03 
2.328586e-01 2.030574e+03 1.509480e+03 
2.378990e-01 1.962228e+03 1.451601e+03 
2.429394e-01 1.895433e+03 1.396788e+03 
2.479798e-01 1.830059e+03 1.344834e+03 
2.530202e-01 1.766302e+03 1.295552e+03 
2.580606e-01 1.704802e+03 1.248767e+03 
2.631010e-01 1.646434e+03 1.204320e+03 
2.681414e-01 1.591697e+03 1.162063e+03 
2.731818e-01 1.540515e+03 1.121859e+03 
2.782222e-01 1.492413e+03 1.083581e+03 
2.832626e-01 1.447011e+03 1.047113e+03 
2.883030e-01 1.403927e+03 1.012347e+03 
2.933434e-01 1.362687e+03 9.791810e+02 
2.983838e-01 1.322827e+03 9.475221e+02 
3.034242e-01 1.284082e+03 9.172834e+02 
3.084646e-01 1.246501e+03 8.883839e+02 
3.135051e-01 1.210212e+03 8.607483e+02 
3.185455e-01 1.175278e+03 8.343064e+02 
3.235859e-01 1.141743e+03 8.089927e+02 
3.286263e-01 1.109670e+03 7.847459e+02 
3.336667e-01 1.079100e+03 7.615089e+02 
3.387071e-01 1.049969e+03 7.392281e+02 
3.437475e-01 1.022106e+03 7.178536e+02 
3.487879e-01 9.953182e+02 6.973384e+02 
3.538283e-01 9.694970e+02 6.776384e+02 
3.588687e-01 9.445646e+02 6.587126e+02 
3.639091e-01 9.204513e+02 6.405221e+02 
3.689495e-01 8.970993e+02 6.230305e+02 
3.739899e-01 8.744908e+02 6.062036e+02 
3.790303e-01 8.526690e+02 5.900092e+02 
3.840707e-01 8.316484e+02 5.744171e+02 
3.891111e-01 8.113694e+02 5.593986e+02 
3.941515e-01 7.918118e+02 5.449269e+02 
3.991919e-01 7.729708e+02 5.309765e+02 
4.042323e-01 7.548169e+02 5.175235e+02 
4.092727e-01 7.372908e+02 5.045454e+02 
4.143131e-01 7.203133e+02 4.920206e+02 
4.193535e-01 7.038583e+02 4.799290e+02 
4.243939e-01 6.879242e+02 4.682514e+02 
4.294343e-01 6.724998e+02 4.569698e+02 
4.344747e-01 6.575441e+02 4.460670e+02 
4.395152e-01 6.430300e+02 4.355268e+02 
4.445556e-01 6.289677e+02 4.253337e+02 
4.495960e-01 6.153641e+02 4.154733e+02 
4.546364e-01 6.022017e+02 4.059315e+02 
4.596768e-01 5.894253e+02 3.966952e+02 
4.647172e-01 5.770238e+02 3.877520e+02 
4.697576e-01 5.650044e+02 3.790899e+02 
4.747980e-01 5.533545e+02 3.706977e+02 
4.798384e-01 5.420407e+02 3.625646e+02 
4.848788e-01 5.310330e+02 3.546804e+02 
4.899192e-01 5.203321e+02 3.470353e+02 
4.949596e-01 5.099391e+02 3.396201e+02 
5.000000e-01 4.998493e+02 3.324259e+02 
