1.000000e-03 3.402532e+03 3.402225e+03 
6.040404e-03 1.515765e+04 1.522359e+04 
1.108081e-02 2.085759e+04 2.075377e+04 
1.612121e-02 2.289093e+04 2.248208e+04 
2.116162e-02 2.267730e+04 2.183549e+04 
2.620202e-02 2.120920e+04 2.010220e+04 
3.124242e-02 1.922258e+04 1.820223e+04 
3.628283e-02 1.722326e+04 1.647262e+04 
4.132323e-02 1.549977e+04 1.495792e+04 
4.636364e-02 1.415077e+04 1.363102e+04 
5.140404e-02 1.317209e+04 1.246043e+04 
5.644444e-02 1.246162e+04 1.142135e+04 
6.148485e-02 1.188958e+04 1.049474e+04 
6.652525e-02 1.134661e+04 9.665579e+03 
7.156566e-02 1.074569e+04 8.921496e+03 
7.660606e-02 1.005093e+04 8.252083e+03 
8.164646e-02 9.281485e+03 7.648434e+03 
8.668687e-02 8.492278e+03 7.102859e+03 
9.172727e-02 7.742712e+03 6.608684e+03 
9.676768e-02 7.080294e+03 6.160101e+03 
1.018081e-01 6.536684e+03 5.752043e+03 
1.068485e-01 6.122722e+03 5.380079e+03 
1.118889e-01 5.823018e+03 5.040331e+03 
1.169293e-01 5.601853e+03 4.729396e+03 
1.219697e-01 5.417826e+03 4.444284e+03 
1.270101e-01 5.235748e+03 4.182364e+03 
1.320505e-01 5.031583e+03 3.941313e+03 
1.370909e-01 4.794474e+03 3.719081e+03 
1.421313e-01 4.527159e+03 3.513851e+03 
1.471717e-01 4.243694e+03 3.324011e+03 
1.522121e-01 3.963357e+03 3.148129e+03 
1.572525e-01 3.704378e+03 2.984928e+03 
1.622929e-01 3.480592e+03 2.833271e+03 
1.673333e-01 3.298784e+03 2.692140e+03 
1.723737e-01 3.157505e+03 2.560621e+03 
1.774141e-01 3.048102e+03 2.437896e+03 
1.824545e-01 2.958345e+03 2.323230e+03 
1.874949e-01 2.876234e+03 2.215960e+03 
1.925354e-01 2.791697e+03 2.115487e+03 
1.975758e-01 2.697796e+03 2.021270e+03 
2.026162e-01 2.592060e+03 1.932821e+03 
2.076566e-01 2.476906e+03 1.849695e+03 
2.126970e-01 2.358247e+03 1.771490e+03 
2.177374e-01 2.242539e+03 1.697837e+03 
2.227778e-01 2.135397e+03 1.628405e+03 
2.278182e-01 2.040773e+03 1.562887e+03 
2.328586e-01 1.960337e+03 1.501005e+03 
2.378990e-01 1.893237e+03 1.442504e+03 
2.429394e-01 1.836620e+03 1.387152e+03 
2.479798e-01 1.786748e+03 1.334733e+03 
2.530202e-01 1.739864e+03 1.285052e+03 
2.580606e-01 1.692641e+03 1.237928e+03 
2.631010e-01 1.642712e+03 1.193194e+03 
2.681414e-01 1.589330e+03 1.150696e+03 
2.731818e-01 1.533513e+03 1.110293e+03 
2.782222e-01 1.477254e+03 1.071854e+03 
2.832626e-01 1.422536e+03 1.035259e+03 
2.883030e-01 1.370946e+03 1.000394e+03 
2.933434e-01 1.323657e+03 9.671569e+02 
2.983838e-01 1.281346e+03 9.354503e+02 
3.034242e-01 1.243937e+03 9.051850e+02 
3.084646e-01 1.210528e+03 8.762778e+02 
3.135051e-01 1.179760e+03 8.486513e+02 
3.185455e-01 1.150332e+03 8.222334e+02 
3.235859e-01 1.121279e+03 7.969569e+02 
3.286263e-01 1.092006e+03 7.727592e+02 
3.336667e-01 1.062188e+03 7.495816e+02 
3.387071e-01 1.031913e+03 7.273695e+02 
3.437475e-01 1.001670e+03 7.060718e+02 
3.487879e-01 9.721518e+02 6.856404e+02 
3.538283e-01 9.439854e+02 6.660306e+02 
3.588687e-01 9.175426e+02 6.472003e+02 
3.639091e-01 8.929400e+02 6.291101e+02 
3.689495e-01 8.701224e+02 6.117228e+02 
3.739899e-01 8.488986e+02 5.950038e+02 
3.790303e-01 8.289464e+02 5.789202e+02 
3.840707e-01 8.098083e+02 5.634413e+02 
3.891111e-01 7.911311e+02 5.485382e+02 
3.941515e-01 7.726660e+02 5.341835e+02 
3.991919e-01 7.543322e+02 5.203514e+02 
4.042323e-01 7.361463e+02 5.070178e+02 
4.092727e-01 7.181862e+02 4.941597e+02 
4.143131e-01 7.006186e+02 4.817554e+02 
4.193535e-01 6.836397e+02 4.697846e+02 
4.243939e-01 6.673932e+02 4.582279e+02 
4.294343e-01 6.519430e+02 4.470670e+02 
4.344747e-01 6.372498e+02 4.362847e+02 
4.395152e-01 6.232470e+02 4.258644e+02 
4.445556e-01 6.098621e+02 4.157908e+02 
4.495960e-01 5.969802e+02 4.060490e+02 
4.546364e-01 5.844652e+02 3.966252e+02 
4.596768e-01 5.722168e+02 3.875060e+02 
4.647172e-01 5.601801e+02 3.786789e+02 
4.697576e-01 5.483579e+02 3.701319e+02 
4.747980e-01 5.367817e+02 3.618537e+02 
4.798384e-01 5.254709e+02 3.538334e+02 
4.848788e-01 5.144514e+02 3.460609e+02 
4.899192e-01 5.037743e+02 3.385262e+02 
4.949596e-01 4.934852e+02 3.312202e+02 
5.000000e-01 4.835833e+02 3.241339e+02 
