1.000000e-03 3.467671e+03 3.467353e+03 
6.040404e-03 1.553187e+04 1.559882e+04 
1.108081e-02 2.134505e+04 2.123890e+04 
1.612121e-02 2.336592e+04 2.294740e+04 
2.116162e-02 2.306933e+04 2.220410e+04 
2.620202e-02 2.149060e+04 2.035879e+04 
3.124242e-02 1.939749e+04 1.836908e+04 
3.628283e-02 1.731424e+04 1.657610e+04 
4.132323e-02 1.553602e+04 1.501753e+04 
4.636364e-02 1.415798e+04 1.365982e+04 
5.140404e-02 1.317293e+04 1.246722e+04 
5.644444e-02 1.246472e+04 1.141221e+04 
6.148485e-02 1.190130e+04 1.047402e+04 
6.652525e-02 1.136031e+04 9.636448e+03 
7.156566e-02 1.075451e+04 8.886308e+03 
7.660606e-02 1.004891e+04 8.212611e+03 
8.164646e-02 9.265123e+03 7.606020e+03 
8.668687e-02 8.459916e+03 7.058529e+03 
9.172727e-02 7.696222e+03 6.563223e+03 
9.676768e-02 7.024987e+03 6.114111e+03 
1.018081e-01 6.479793e+03 5.705982e+03 
1.068485e-01 6.069812e+03 5.334298e+03 
1.118889e-01 5.776751e+03 4.995095e+03 
1.169293e-01 5.562499e+03 4.684903e+03 
1.219697e-01 5.384611e+03 4.400680e+03 
1.270101e-01 5.207000e+03 4.139754e+03 
1.320505e-01 5.004363e+03 3.899772e+03 
1.370909e-01 4.765417e+03 3.678655e+03 
1.421313e-01 4.494143e+03 3.474569e+03 
1.471717e-01 4.206670e+03 3.285886e+03 
1.522121e-01 3.923270e+03 3.111162e+03 
1.572525e-01 3.662656e+03 2.949112e+03 
1.622929e-01 3.439068e+03 2.798589e+03 
1.673333e-01 3.259381e+03 2.658571e+03 
1.723737e-01 3.121650e+03 2.528141e+03 
1.774141e-01 3.016174e+03 2.406478e+03 
1.824545e-01 2.929913e+03 2.292843e+03 
1.874949e-01 2.850300e+03 2.186573e+03 
1.925354e-01 2.767117e+03 2.087069e+03 
1.975758e-01 2.673498e+03 1.993789e+03 
2.026162e-01 2.567119e+03 1.906243e+03 
2.076566e-01 2.450888e+03 1.823990e+03 
2.126970e-01 2.331052e+03 1.746625e+03 
2.177374e-01 2.214703e+03 1.673782e+03 
2.227778e-01 2.107736e+03 1.605129e+03 
2.278182e-01 2.014032e+03 1.540362e+03 
2.328586e-01 1.935010e+03 1.479202e+03 
2.378990e-01 1.869548e+03 1.421396e+03 
2.429394e-01 1.814655e+03 1.366711e+03 
2.479798e-01 1.766438e+03 1.314935e+03 
2.530202e-01 1.720815e+03 1.265872e+03 
2.580606e-01 1.674205e+03 1.219341e+03 
2.631010e-01 1.624332e+03 1.175178e+03 
2.681414e-01 1.570780e+03 1.133230e+03 
2.731818e-01 1.514846e+03 1.093356e+03 
2.782222e-01 1.458510e+03 1.055425e+03 
2.832626e-01 1.403783e+03 1.019319e+03 
2.883030e-01 1.352373e+03 9.849245e+02 
2.933434e-01 1.305605e+03 9.521400e+02 
2.983838e-01 1.264132e+03 9.208692e+02 
3.034242e-01 1.227628e+03 8.910236e+02 
3.084646e-01 1.195010e+03 8.625205e+02 
3.135051e-01 1.164906e+03 8.352832e+02 
3.185455e-01 1.136061e+03 8.092404e+02 
3.235859e-01 1.107479e+03 7.843253e+02 
3.286263e-01 1.078443e+03 7.604758e+02 
3.336667e-01 1.048676e+03 7.376341e+02 
3.387071e-01 1.018410e+03 7.157458e+02 
3.437475e-01 9.882667e+02 6.947604e+02 
3.487879e-01 9.589472e+02 6.746304e+02 
3.538283e-01 9.310230e+02 6.553115e+02 
3.588687e-01 9.048666e+02 6.367620e+02 
3.639091e-01 8.806384e+02 6.189428e+02 
3.689495e-01 8.582770e+02 6.018174e+02 
3.739899e-01 8.375119e+02 5.853512e+02 
3.790303e-01 8.179263e+02 5.695121e+02 
3.840707e-01 7.990895e+02 5.542694e+02 
3.891111e-01 7.806642e+02 5.395946e+02 
3.941515e-01 7.624268e+02 5.254608e+02 
3.991919e-01 7.442642e+02 5.118423e+02 
4.042323e-01 7.261780e+02 4.987154e+02 
4.092727e-01 7.083176e+02 4.860572e+02 
4.143131e-01 6.909038e+02 4.738466e+02 
4.193535e-01 6.741270e+02 4.620632e+02 
4.243939e-01 6.580962e+02 4.506880e+02 
4.294343e-01 6.428437e+02 4.397030e+02 
4.344747e-01 6.283656e+02 4.290909e+02 
4.395152e-01 6.146177e+02 4.188358e+02 
4.445556e-01 6.014793e+02 4.089222e+02 
4.495960e-01 5.887987e+02 3.993356e+02 
4.546364e-01 5.764425e+02 3.900622e+02 
4.596768e-01 5.643250e+02 3.810890e+02 
4.647172e-01 5.524487e+02 3.724035e+02 
4.697576e-01 5.407700e+02 3.639940e+02 
4.747980e-01 5.293024e+02 3.558492e+02 
4.798384e-01 5.180861e+02 3.479584e+02 
4.848788e-01 5.071888e+02 3.403116e+02 
4.899192e-01 4.966750e+02 3.328992e+02 
4.949596e-01 4.865446e+02 3.257118e+02 
5.000000e-01 4.767731e+02 3.187408e+02 
