1.000000e-03 1.877807e+04 1.877623e+04 
6.040404e-03 8.107103e+04 8.193038e+04 
1.108081e-02 1.073496e+05 1.097875e+05 
1.612121e-02 1.113612e+05 1.192439e+05 
2.116162e-02 1.013574e+05 1.194290e+05 
2.620202e-02 8.385175e+04 1.152492e+05 
3.124242e-02 6.424550e+04 1.091556e+05 
3.628283e-02 4.640923e+04 1.023451e+05 
4.132323e-02 3.239805e+04 9.542695e+04 
4.636364e-02 2.263464e+04 8.871581e+04 
5.140404e-02 1.658949e+04 8.236769e+04 
5.644444e-02 1.337340e+04 7.645061e+04 
6.148485e-02 1.204903e+04 7.098351e+04 
6.652525e-02 1.195195e+04 6.595844e+04 
7.156566e-02 1.256943e+04 6.135333e+04 
7.660606e-02 1.338699e+04 5.713937e+04 
8.164646e-02 1.389611e+04 5.328534e+04 
8.668687e-02 1.373457e+04 4.975998e+04 
9.172727e-02 1.279227e+04 4.653331e+04 
9.676768e-02 1.119918e+04 4.357736e+04 
1.018081e-01 9.249820e+03 4.086636e+04 
1.068485e-01 7.293178e+03 3.837689e+04 
1.118889e-01 5.616920e+03 3.608776e+04 
1.169293e-01 4.371923e+03 3.397987e+04 
1.219697e-01 3.577325e+03 3.203610e+04 
1.270101e-01 3.177682e+03 3.024107e+04 
1.320505e-01 3.098368e+03 2.858100e+04 
1.370909e-01 3.265143e+03 2.704357e+04 
1.421313e-01 3.596744e+03 2.561770e+04 
1.471717e-01 3.991346e+03 2.429346e+04 
1.522121e-01 4.329059e+03 2.306195e+04 
1.572525e-01 4.498220e+03 2.191516e+04 
1.622929e-01 4.431714e+03 2.084588e+04 
1.673333e-01 4.128733e+03 1.984762e+04 
1.723737e-01 3.649281e+03 1.891452e+04 
1.774141e-01 3.086803e+03 1.804130e+04 
1.824545e-01 2.536136e+03 1.722316e+04 
1.874949e-01 2.069663e+03 1.645577e+04 
1.925354e-01 1.725954e+03 1.573520e+04 
1.975758e-01 1.513295e+03 1.505787e+04 
2.026162e-01 1.421318e+03 1.442053e+04 
2.076566e-01 1.431290e+03 1.382023e+04 
2.126970e-01 1.519945e+03 1.325426e+04 
2.177374e-01 1.658007e+03 1.272016e+04 
2.227778e-01 1.808901e+03 1.221567e+04 
2.278182e-01 1.932439e+03 1.173872e+04 
2.328586e-01 1.993394e+03 1.128743e+04 
2.378990e-01 1.970977e+03 1.086005e+04 
2.429394e-01 1.864659e+03 1.045498e+04 
2.479798e-01 1.693435e+03 1.007077e+04 
2.530202e-01 1.488495e+03 9.706041e+03 
2.580606e-01 1.283037e+03 9.359559e+03 
2.631010e-01 1.103442e+03 9.030168e+03 
2.681414e-01 9.656003e+02 8.716800e+03 
2.731818e-01 8.755297e+02 8.418471e+03 
2.782222e-01 8.323006e+02 8.134266e+03 
2.832626e-01 8.303504e+02 7.863340e+03 
2.883030e-01 8.608704e+02 7.604906e+03 
2.933434e-01 9.120607e+02 7.358235e+03 
2.983838e-01 9.695888e+02 7.122648e+03 
3.034242e-01 1.018109e+03 6.897513e+03 
3.084646e-01 1.044233e+03 6.682243e+03 
3.135051e-01 1.039524e+03 6.476288e+03 
3.185455e-01 1.002482e+03 6.279137e+03 
3.235859e-01 9.383849e+02 6.090312e+03 
3.286263e-01 8.573541e+02 5.909367e+03 
3.336667e-01 7.714926e+02 5.735883e+03 
3.387071e-01 6.918916e+02 5.569470e+03 
3.437475e-01 6.265089e+02 5.409761e+03 
3.487879e-01 5.795723e+02 5.256413e+03 
3.538283e-01 5.520876e+02 5.109104e+03 
3.588687e-01 5.427472e+02 4.967531e+03 
3.639091e-01 5.484477e+02 4.831410e+03 
3.689495e-01 5.645202e+02 4.700473e+03 
3.739899e-01 5.851061e+02 4.574470e+03 
3.790303e-01 6.039634e+02 4.453163e+03 
3.840707e-01 6.155280e+02 4.336329e+03 
3.891111e-01 6.158200e+02 4.223759e+03 
3.941515e-01 6.031829e+02 4.115255e+03 
3.991919e-01 5.785763e+02 4.010628e+03 
4.042323e-01 5.452077e+02 3.909703e+03 
4.092727e-01 5.075588e+02 3.812312e+03 
4.143131e-01 4.701774e+02 3.718298e+03 
4.193535e-01 4.368699e+02 3.627511e+03 
4.243939e-01 4.103225e+02 3.539810e+03 
4.294343e-01 3.919194e+02 3.455061e+03 
4.344747e-01 3.817562e+02 3.373138e+03 
4.395152e-01 3.788248e+02 3.293919e+03 
4.445556e-01 3.813360e+02 3.217292e+03 
4.495960e-01 3.870139e+02 3.143148e+03 
4.546364e-01 3.933203e+02 3.071384e+03 
4.596768e-01 3.977353e+02 3.001903e+03 
4.647172e-01 3.982068e+02 2.934612e+03 
4.697576e-01 3.935961e+02 2.869422e+03 
4.747980e-01 3.838122e+02 2.806251e+03 
4.798384e-01 3.696776e+02 2.745018e+03 
4.848788e-01 3.526473e+02 2.685646e+03 
4.899192e-01 3.345389e+02 2.628065e+03 
4.949596e-01 3.171540e+02 2.572204e+03 
5.000000e-01 3.019955e+02 2.517999e+03 
