1.000000e-03 7.793494e+03 7.792779e+03 
6.040404e-03 3.553981e+04 3.572703e+04 
1.108081e-02 4.889051e+04 4.900499e+04 
1.612121e-02 5.277855e+04 5.276172e+04 
2.116162e-02 5.042637e+04 4.943276e+04 
2.620202e-02 4.441234e+04 4.190721e+04 
3.124242e-02 3.690861e+04 3.382636e+04 
3.628283e-02 2.955436e+04 2.724055e+04 
4.132323e-02 2.334332e+04 2.238515e+04 
4.636364e-02 1.865453e+04 1.884172e+04 
5.140404e-02 1.549427e+04 1.618695e+04 
5.644444e-02 1.360406e+04 1.412812e+04 
6.148485e-02 1.264910e+04 1.248034e+04 
6.652525e-02 1.229402e+04 1.112743e+04 
7.156566e-02 1.222528e+04 9.994307e+03 
7.660606e-02 1.216501e+04 9.030565e+03 
8.164646e-02 1.188983e+04 8.200958e+03 
8.668687e-02 1.127589e+04 7.479918e+03 
9.172727e-02 1.031980e+04 6.848295e+03 
9.676768e-02 9.123694e+03 6.291347e+03 
1.018081e-01 7.846838e+03 5.797474e+03 
1.068485e-01 6.651918e+03 5.357380e+03 
1.118889e-01 5.657627e+03 4.963498e+03 
1.169293e-01 4.920884e+03 4.609596e+03 
1.219697e-01 4.446355e+03 4.290485e+03 
1.270101e-01 4.204428e+03 4.001806e+03 
1.320505e-01 4.145698e+03 3.739870e+03 
1.370909e-01 4.206873e+03 3.501535e+03 
1.421313e-01 4.316637e+03 3.284105e+03 
1.471717e-01 4.404831e+03 3.085260e+03 
1.522121e-01 4.412723e+03 2.902990e+03 
1.572525e-01 4.302865e+03 2.735549e+03 
1.622929e-01 4.067314e+03 2.581412e+03 
1.673333e-01 3.730804e+03 2.439243e+03 
1.723737e-01 3.341950e+03 2.307867e+03 
1.774141e-01 2.954543e+03 2.186248e+03 
1.824545e-01 2.611618e+03 2.073472e+03 
1.874949e-01 2.339489e+03 1.968724e+03 
1.925354e-01 2.149368e+03 1.871282e+03 
1.975758e-01 2.040779e+03 1.780501e+03 
2.026162e-01 2.003176e+03 1.695806e+03 
2.076566e-01 2.017650e+03 1.616679e+03 
2.126970e-01 2.060168e+03 1.542657e+03 
2.177374e-01 2.105476e+03 1.473323e+03 
2.227778e-01 2.130667e+03 1.408301e+03 
2.278182e-01 2.118324e+03 1.347251e+03 
2.328586e-01 2.059623e+03 1.289865e+03 
2.378990e-01 1.956556e+03 1.235865e+03 
2.429394e-01 1.821018e+03 1.184997e+03 
2.479798e-01 1.670556e+03 1.137030e+03 
2.530202e-01 1.523248e+03 1.091754e+03 
2.580606e-01 1.393806e+03 1.048979e+03 
2.631010e-01 1.291815e+03 1.008527e+03 
2.681414e-01 1.221297e+03 9.702397e+02 
2.731818e-01 1.181335e+03 9.339690e+02 
2.782222e-01 1.167111e+03 8.995801e+02 
2.832626e-01 1.171073e+03 8.669487e+02 
2.883030e-01 1.184043e+03 8.359608e+02 
2.933434e-01 1.196466e+03 8.065109e+02 
2.983838e-01 1.199679e+03 7.785019e+02 
3.034242e-01 1.187444e+03 7.518441e+02 
3.084646e-01 1.157108e+03 7.264546e+02 
3.135051e-01 1.110054e+03 7.022565e+02 
3.185455e-01 1.050980e+03 6.791785e+02 
3.235859e-01 9.863972e+02 6.571547e+02 
3.286263e-01 9.229951e+02 6.361237e+02 
3.336667e-01 8.663613e+02 6.160284e+02 
3.387071e-01 8.203605e+02 5.968159e+02 
3.437475e-01 7.868715e+02 5.784366e+02 
3.487879e-01 7.657563e+02 5.608444e+02 
3.538283e-01 7.551439e+02 5.439965e+02 
3.588687e-01 7.519358e+02 5.278526e+02 
3.639091e-01 7.523858e+02 5.123752e+02 
3.689495e-01 7.527033e+02 4.975292e+02 
3.739899e-01 7.495653e+02 4.832818e+02 
3.790303e-01 7.405294e+02 4.696021e+02 
3.840707e-01 7.244745e+02 4.564612e+02 
3.891111e-01 7.017690e+02 4.438321e+02 
3.941515e-01 6.741285e+02 4.316893e+02 
3.991919e-01 6.440238e+02 4.200089e+02 
4.042323e-01 6.140344e+02 4.087685e+02 
4.092727e-01 5.864777e+02 3.979468e+02 
4.143131e-01 5.630198e+02 3.875239e+02 
4.193535e-01 5.446097e+02 3.774811e+02 
4.243939e-01 5.313679e+02 3.678006e+02 
4.294343e-01 5.226481e+02 3.584657e+02 
4.344747e-01 5.172631e+02 3.494608e+02 
4.395152e-01 5.137296e+02 3.407708e+02 
4.445556e-01 5.104873e+02 3.323816e+02 
4.495960e-01 5.061389e+02 3.242801e+02 
4.546364e-01 4.996073e+02 3.164536e+02 
4.596768e-01 4.903666e+02 3.088900e+02 
4.647172e-01 4.784698e+02 3.015782e+02 
4.697576e-01 4.644814e+02 2.945075e+02 
4.747980e-01 4.492815e+02 2.876676e+02 
4.798384e-01 4.338815e+02 2.810489e+02 
4.848788e-01 4.192652e+02 2.746423e+02 
4.899192e-01 4.062158e+02 2.684391e+02 
4.949596e-01 3.952151e+02 2.624310e+02 
5.000000e-01 3.864033e+02 2.566102e+02 
