1.000000e-03 5.065826e+03 5.065340e+03 
6.040404e-03 2.218957e+04 2.228799e+04 
1.108081e-02 2.995781e+04 2.987291e+04 
1.612121e-02 3.212135e+04 3.168428e+04 
2.116162e-02 3.088693e+04 2.978717e+04 
2.620202e-02 2.783651e+04 2.626759e+04 
3.124242e-02 2.416639e+04 2.276747e+04 
3.628283e-02 2.068892e+04 1.984968e+04 
4.132323e-02 1.784291e+04 1.749663e+04 
4.636364e-02 1.574181e+04 1.557354e+04 
5.140404e-02 1.436773e+04 1.396797e+04 
5.644444e-02 1.350770e+04 1.260291e+04 
6.148485e-02 1.294968e+04 1.142643e+04 
6.652525e-02 1.247665e+04 1.040221e+04 
7.156566e-02 1.193077e+04 9.503711e+03 
7.660606e-02 1.121802e+04 8.710696e+03 
8.164646e-02 1.032852e+04 8.007252e+03 
8.668687e-02 9.328192e+03 7.380550e+03 
9.172727e-02 8.318548e+03 6.820067e+03 
9.676768e-02 7.398706e+03 6.317055e+03 
1.018081e-01 6.641509e+03 5.864170e+03 
1.068485e-01 6.079017e+03 5.455197e+03 
1.118889e-01 5.702761e+03 5.084842e+03 
1.169293e-01 5.474800e+03 4.748572e+03 
1.219697e-01 5.341012e+03 4.442484e+03 
1.270101e-01 5.242770e+03 4.163208e+03 
1.320505e-01 5.126283e+03 3.907818e+03 
1.370909e-01 4.954630e+03 3.673768e+03 
1.421313e-01 4.715307e+03 3.458832e+03 
1.471717e-01 4.417382e+03 3.261061e+03 
1.522121e-01 4.084760e+03 3.078742e+03 
1.572525e-01 3.749257e+03 2.910364e+03 
1.622929e-01 3.443844e+03 2.754592e+03 
1.673333e-01 3.192575e+03 2.610243e+03 
1.723737e-01 3.004355e+03 2.476267e+03 
1.774141e-01 2.874394e+03 2.351727e+03 
1.824545e-01 2.790222e+03 2.235789e+03 
1.874949e-01 2.735923e+03 2.127706e+03 
1.925354e-01 2.692900e+03 2.026808e+03 
1.975758e-01 2.642816e+03 1.932493e+03 
2.026162e-01 2.572103e+03 1.844222e+03 
2.076566e-01 2.476269e+03 1.761505e+03 
2.126970e-01 2.358919e+03 1.683901e+03 
2.177374e-01 2.228542e+03 1.611013e+03 
2.227778e-01 2.095603e+03 1.542477e+03 
2.278182e-01 1.970673e+03 1.477967e+03 
2.328586e-01 1.862390e+03 1.417182e+03 
2.378990e-01 1.775356e+03 1.359851e+03 
2.429394e-01 1.709715e+03 1.305725e+03 
2.479798e-01 1.662076e+03 1.254578e+03 
2.530202e-01 1.626809e+03 1.206203e+03 
2.580606e-01 1.597235e+03 1.160408e+03 
2.631010e-01 1.566837e+03 1.117020e+03 
2.681414e-01 1.530696e+03 1.075877e+03 
2.731818e-01 1.486449e+03 1.036834e+03 
2.782222e-01 1.434410e+03 9.997533e+02 
2.832626e-01 1.376807e+03 9.645103e+02 
2.883030e-01 1.317081e+03 9.309894e+02 
2.933434e-01 1.258975e+03 8.990836e+02 
2.983838e-01 1.205847e+03 8.686943e+02 
3.034242e-01 1.159976e+03 8.397296e+02 
3.084646e-01 1.122048e+03 8.121049e+02 
3.135051e-01 1.091340e+03 7.857413e+02 
3.185455e-01 1.066095e+03 7.605655e+02 
3.235859e-01 1.044158e+03 7.365096e+02 
3.286263e-01 1.023283e+03 7.135101e+02 
3.336667e-01 1.001508e+03 6.915080e+02 
3.387071e-01 9.774707e+02 6.704482e+02 
3.437475e-01 9.507739e+02 6.502794e+02 
3.487879e-01 9.219337e+02 6.309536e+02 
3.538283e-01 8.920469e+02 6.124259e+02 
3.588687e-01 8.623529e+02 5.946543e+02 
3.639091e-01 8.339917e+02 5.775995e+02 
3.689495e-01 8.079134e+02 5.612247e+02 
3.739899e-01 7.846988e+02 5.454953e+02 
3.790303e-01 7.644265e+02 5.303788e+02 
3.840707e-01 7.466821e+02 5.158449e+02 
3.891111e-01 7.307349e+02 5.018649e+02 
3.941515e-01 7.158025e+02 4.884118e+02 
3.991919e-01 7.011509e+02 4.754603e+02 
4.042323e-01 6.861877e+02 4.629867e+02 
4.092727e-01 6.705887e+02 4.509683e+02 
4.143131e-01 6.543042e+02 4.393840e+02 
4.193535e-01 6.375953e+02 4.282137e+02 
4.243939e-01 6.208373e+02 4.174386e+02 
4.294343e-01 6.044376e+02 4.070409e+02 
4.344747e-01 5.887637e+02 3.970036e+02 
4.395152e-01 5.741269e+02 3.873108e+02 
4.445556e-01 5.606521e+02 3.779473e+02 
4.495960e-01 5.482951e+02 3.688990e+02 
4.546364e-01 5.368818e+02 3.601523e+02 
4.596768e-01 5.261332e+02 3.516942e+02 
4.647172e-01 5.158154e+02 3.435127e+02 
4.697576e-01 5.056794e+02 3.355962e+02 
4.747980e-01 4.955259e+02 3.279337e+02 
4.798384e-01 4.852488e+02 3.205147e+02 
4.848788e-01 4.748912e+02 3.133295e+02 
4.899192e-01 4.645438e+02 3.063686e+02 
4.949596e-01 4.543342e+02 2.996230e+02 
5.000000e-01 4.443898e+02 2.930843e+02 
