1.000000e-03 5.614833e+03 5.614295e+03 
6.040404e-03 2.461724e+04 2.473036e+04 
1.108081e-02 3.313761e+04 3.307836e+04 
1.612121e-02 3.535301e+04 3.495019e+04 
2.116162e-02 3.373654e+04 3.259222e+04 
2.620202e-02 3.008119e+04 2.835684e+04 
3.124242e-02 2.575604e+04 2.419707e+04 
3.628283e-02 2.169358e+04 2.079969e+04 
4.132323e-02 1.839437e+04 1.812645e+04 
4.636364e-02 1.598478e+04 1.599176e+04 
5.140404e-02 1.443747e+04 1.424370e+04 
5.644444e-02 1.351462e+04 1.278021e+04 
6.148485e-02 1.297003e+04 1.153409e+04 
6.652525e-02 1.255832e+04 1.045966e+04 
7.156566e-02 1.209057e+04 9.524426e+03 
7.660606e-02 1.143950e+04 8.704293e+03 
8.164646e-02 1.057002e+04 7.980731e+03 
8.668687e-02 9.540572e+03 7.339098e+03 
9.172727e-02 8.462726e+03 6.767581e+03 
9.676768e-02 7.454222e+03 6.256497e+03 
1.018081e-01 6.606182e+03 5.797809e+03 
1.068485e-01 5.965722e+03 5.384783e+03 
1.118889e-01 5.535581e+03 5.011732e+03 
1.169293e-01 5.283823e+03 4.673820e+03 
1.219697e-01 5.156734e+03 4.366911e+03 
1.270101e-01 5.090546e+03 4.087451e+03 
1.320505e-01 5.022497e+03 3.832372e+03 
1.370909e-01 4.903950e+03 3.599014e+03 
1.421313e-01 4.709836e+03 3.385065e+03 
1.471717e-01 4.439146e+03 3.188502e+03 
1.522121e-01 4.110868e+03 3.007557e+03 
1.572525e-01 3.759180e+03 2.840674e+03 
1.622929e-01 3.423764e+03 2.686482e+03 
1.673333e-01 3.137393e+03 2.543770e+03 
1.723737e-01 2.916373e+03 2.411464e+03 
1.774141e-01 2.761641e+03 2.288610e+03 
1.824545e-01 2.664805e+03 2.174360e+03 
1.874949e-01 2.611490e+03 2.067954e+03 
1.925354e-01 2.582167e+03 1.968715e+03 
1.975758e-01 2.554689e+03 1.876033e+03 
2.026162e-01 2.510303e+03 1.789364e+03 
2.076566e-01 2.438800e+03 1.708214e+03 
2.126970e-01 2.338980e+03 1.632140e+03 
2.177374e-01 2.216366e+03 1.560742e+03 
2.227778e-01 2.081159e+03 1.493655e+03 
2.278182e-01 1.946175e+03 1.430551e+03 
2.328586e-01 1.823481e+03 1.371131e+03 
2.378990e-01 1.721334e+03 1.315123e+03 
2.429394e-01 1.642933e+03 1.262278e+03 
2.479798e-01 1.587246e+03 1.212371e+03 
2.530202e-01 1.550051e+03 1.165194e+03 
2.580606e-01 1.524718e+03 1.120558e+03 
2.631010e-01 1.503431e+03 1.078290e+03 
2.681414e-01 1.479070e+03 1.038231e+03 
2.731818e-01 1.446834e+03 1.000233e+03 
2.782222e-01 1.404810e+03 9.641629e+02 
2.832626e-01 1.353583e+03 9.298958e+02 
2.883030e-01 1.295742e+03 8.973173e+02 
2.933434e-01 1.235423e+03 8.663219e+02 
2.983838e-01 1.177246e+03 8.368117e+02 
3.034242e-01 1.125060e+03 8.086963e+02 
3.084646e-01 1.081075e+03 7.818919e+02 
3.135051e-01 1.045771e+03 7.563207e+02 
3.185455e-01 1.018324e+03 7.319106e+02 
3.235859e-01 9.969369e+02 7.085944e+02 
3.286263e-01 9.791351e+02 6.863099e+02 
3.336667e-01 9.621335e+02 6.649988e+02 
3.387071e-01 9.435800e+02 6.446071e+02 
3.437475e-01 9.220823e+02 6.250842e+02 
3.487879e-01 8.973032e+02 6.063830e+02 
3.538283e-01 8.697536e+02 5.884594e+02 
3.588687e-01 8.405053e+02 5.712722e+02 
3.639091e-01 8.110094e+02 5.547830e+02 
3.689495e-01 7.828104e+02 5.389554e+02 
3.739899e-01 7.571363e+02 5.237558e+02 
3.790303e-01 7.346492e+02 5.091522e+02 
3.840707e-01 7.154248e+02 4.951150e+02 
3.891111e-01 6.990971e+02 4.816161e+02 
3.941515e-01 6.849311e+02 4.686291e+02 
3.991919e-01 6.719947e+02 4.561294e+02 
4.042323e-01 6.593246e+02 4.440934e+02 
4.092727e-01 6.461730e+02 4.324994e+02 
4.143131e-01 6.321365e+02 4.213266e+02 
4.193535e-01 6.171400e+02 4.105554e+02 
4.243939e-01 6.013500e+02 4.001675e+02 
4.294343e-01 5.851534e+02 3.901454e+02 
4.344747e-01 5.691010e+02 3.804726e+02 
4.395152e-01 5.537273e+02 3.711336e+02 
4.445556e-01 5.394266e+02 3.621137e+02 
4.495960e-01 5.263746e+02 3.533990e+02 
4.546364e-01 5.145805e+02 3.449762e+02 
4.596768e-01 5.039251e+02 3.368329e+02 
4.647172e-01 4.941483e+02 3.289573e+02 
4.697576e-01 4.849020e+02 3.213380e+02 
4.747980e-01 4.758247e+02 3.139644e+02 
4.798384e-01 4.666761e+02 3.068264e+02 
4.848788e-01 4.573333e+02 2.999144e+02 
4.899192e-01 4.477730e+02 2.932192e+02 
4.949596e-01 4.380468e+02 2.867321e+02 
5.000000e-01 4.282780e+02 2.804449e+02 
