1.000000e-03 3.061765e+03 3.061481e+03 
6.040404e-03 1.378790e+04 1.384365e+04 
1.108081e-02 1.904427e+04 1.891803e+04 
1.612121e-02 2.099929e+04 2.055533e+04 
2.116162e-02 2.095142e+04 2.011302e+04 
2.620202e-02 1.979211e+04 1.874544e+04 
3.124242e-02 1.816849e+04 1.720028e+04 
3.628283e-02 1.651593e+04 1.574295e+04 
4.132323e-02 1.507418e+04 1.442256e+04 
4.636364e-02 1.392193e+04 1.323384e+04 
5.140404e-02 1.306707e+04 1.216351e+04 
5.644444e-02 1.238816e+04 1.119893e+04 
6.148485e-02 1.179416e+04 1.032889e+04 
6.652525e-02 1.119991e+04 9.543442e+03 
7.156566e-02 1.054656e+04 8.833597e+03 
7.660606e-02 9.823946e+03 8.191280e+03 
8.164646e-02 9.066455e+03 7.609239e+03 
8.668687e-02 8.328329e+03 7.080991e+03 
9.172727e-02 7.655716e+03 6.600763e+03 
9.676768e-02 7.079057e+03 6.163430e+03 
1.018081e-01 6.614117e+03 5.764451e+03 
1.068485e-01 6.257609e+03 5.399809e+03 
1.118889e-01 5.984532e+03 5.065950e+03 
1.169293e-01 5.757142e+03 4.759732e+03 
1.219697e-01 5.540142e+03 4.478374e+03 
1.270101e-01 5.310714e+03 4.219413e+03 
1.320505e-01 5.058693e+03 3.980666e+03 
1.370909e-01 4.785276e+03 3.760192e+03 
1.421313e-01 4.501477e+03 3.556270e+03 
1.471717e-01 4.223232e+03 3.367363e+03 
1.522121e-01 3.965781e+03 3.192103e+03 
1.572525e-01 3.740178e+03 3.029267e+03 
1.622929e-01 3.551817e+03 2.877760e+03 
1.673333e-01 3.399389e+03 2.736600e+03 
1.723737e-01 3.275008e+03 2.604907e+03 
1.774141e-01 3.167437e+03 2.481888e+03 
1.824545e-01 3.066142e+03 2.366828e+03 
1.874949e-01 2.963303e+03 2.259082e+03 
1.925354e-01 2.854225e+03 2.158069e+03 
1.975758e-01 2.737684e+03 2.063260e+03 
2.026162e-01 2.616396e+03 1.974177e+03 
2.076566e-01 2.495637e+03 1.890386e+03 
2.126970e-01 2.380804e+03 1.811490e+03 
2.177374e-01 2.275786e+03 1.737131e+03 
2.227778e-01 2.182640e+03 1.666978e+03 
2.278182e-01 2.101759e+03 1.600734e+03 
2.328586e-01 2.031645e+03 1.538122e+03 
2.378990e-01 1.969292e+03 1.478891e+03 
2.429394e-01 1.911356e+03 1.422811e+03 
2.479798e-01 1.855088e+03 1.369671e+03 
2.530202e-01 1.798511e+03 1.319274e+03 
2.580606e-01 1.740527e+03 1.271443e+03 
2.631010e-01 1.681145e+03 1.226011e+03 
2.681414e-01 1.621565e+03 1.182827e+03 
2.731818e-01 1.563639e+03 1.141749e+03 
2.782222e-01 1.508892e+03 1.102648e+03 
2.832626e-01 1.458097e+03 1.065402e+03 
2.883030e-01 1.411462e+03 1.029901e+03 
2.933434e-01 1.368936e+03 9.960400e+02 
2.983838e-01 1.330054e+03 9.637233e+02 
3.034242e-01 1.293889e+03 9.328616e+02 
3.084646e-01 1.259322e+03 9.033715e+02 
3.135051e-01 1.225463e+03 8.751756e+02 
3.185455e-01 1.191889e+03 8.482019e+02 
3.235859e-01 1.158547e+03 8.223828e+02 
3.286263e-01 1.125535e+03 7.976557e+02 
3.336667e-01 1.093095e+03 7.739617e+02 
3.387071e-01 1.061625e+03 7.512459e+02 
3.437475e-01 1.031556e+03 7.294570e+02 
3.487879e-01 1.003198e+03 7.085468e+02 
3.538283e-01 9.765779e+02 6.884702e+02 
3.588687e-01 9.515016e+02 6.691848e+02 
3.639091e-01 9.277255e+02 6.506510e+02 
3.689495e-01 9.050216e+02 6.328315e+02 
3.739899e-01 8.831551e+02 6.156911e+02 
3.790303e-01 8.618822e+02 5.991968e+02 
3.840707e-01 8.410130e+02 5.833177e+02 
3.891111e-01 8.205113e+02 5.680245e+02 
3.941515e-01 8.004548e+02 5.532896e+02 
3.991919e-01 7.809459e+02 5.390869e+02 
4.042323e-01 7.620470e+02 5.253921e+02 
4.092727e-01 7.438259e+02 5.121818e+02 
4.143131e-01 7.263489e+02 4.994343e+02 
4.193535e-01 7.096366e+02 4.871288e+02 
4.243939e-01 6.936358e+02 4.752458e+02 
4.294343e-01 6.782429e+02 4.637667e+02 
4.344747e-01 6.633689e+02 4.526741e+02 
4.395152e-01 6.489538e+02 4.419512e+02 
4.445556e-01 6.349390e+02 4.315825e+02 
4.495960e-01 6.212811e+02 4.215528e+02 
4.546364e-01 6.079464e+02 4.118481e+02 
4.596768e-01 5.949381e+02 4.024549e+02 
4.647172e-01 5.822816e+02 3.933604e+02 
4.697576e-01 5.700047e+02 3.845524e+02 
4.747980e-01 5.581128e+02 3.760196e+02 
4.798384e-01 5.465926e+02 3.677507e+02 
4.848788e-01 5.354452e+02 3.597355e+02 
4.899192e-01 5.246664e+02 3.519640e+02 
4.949596e-01 5.142338e+02 3.444266e+02 
5.000000e-01 5.041071e+02 3.371144e+02 
