1.000000e-03 5.147990e+03 5.147501e+03 
6.040404e-03 2.190039e+04 2.199693e+04 
1.108081e-02 2.933316e+04 2.923722e+04 
1.612121e-02 3.135620e+04 3.090102e+04 
2.116162e-02 3.015411e+04 2.906769e+04 
2.620202e-02 2.724926e+04 2.573963e+04 
3.124242e-02 2.377100e+04 2.243240e+04 
3.628283e-02 2.047801e+04 1.965332e+04 
4.132323e-02 1.777663e+04 1.738797e+04 
4.636364e-02 1.576901e+04 1.551826e+04 
5.140404e-02 1.443505e+04 1.394509e+04 
5.644444e-02 1.357192e+04 1.259983e+04 
6.148485e-02 1.298098e+04 1.143547e+04 
6.652525e-02 1.245990e+04 1.041861e+04 
7.156566e-02 1.186527e+04 9.524464e+03 
7.660606e-02 1.111781e+04 8.733856e+03 
8.164646e-02 1.021797e+04 8.031548e+03 
8.668687e-02 9.232654e+03 7.405146e+03 
9.172727e-02 8.255919e+03 6.844413e+03 
9.676768e-02 7.376812e+03 6.340791e+03 
1.018081e-01 6.658295e+03 5.887068e+03 
1.068485e-01 6.126065e+03 5.477117e+03 
1.118889e-01 5.767059e+03 5.105705e+03 
1.169293e-01 5.540913e+03 4.768342e+03 
1.219697e-01 5.395091e+03 4.461155e+03 
1.270101e-01 5.274719e+03 4.180793e+03 
1.320505e-01 5.131702e+03 3.924345e+03 
1.370909e-01 4.935545e+03 3.689272e+03 
1.421313e-01 4.678680e+03 3.473357e+03 
1.471717e-01 4.373796e+03 3.274651e+03 
1.522121e-01 4.045344e+03 3.091444e+03 
1.572525e-01 3.722563e+03 2.922225e+03 
1.622929e-01 3.434129e+03 2.765658e+03 
1.673333e-01 3.199719e+03 2.620560e+03 
1.723737e-01 3.024984e+03 2.485877e+03 
1.774141e-01 2.903023e+03 2.360674e+03 
1.824545e-01 2.820365e+03 2.244112e+03 
1.874949e-01 2.761151e+03 2.135443e+03 
1.925354e-01 2.708357e+03 2.033996e+03 
1.975758e-01 2.646103e+03 1.939166e+03 
2.026162e-01 2.563858e+03 1.850410e+03 
2.076566e-01 2.459363e+03 1.767240e+03 
2.126970e-01 2.337759e+03 1.689211e+03 
2.177374e-01 2.207935e+03 1.615924e+03 
2.227778e-01 2.079632e+03 1.547015e+03 
2.278182e-01 1.961890e+03 1.482154e+03 
2.328586e-01 1.861297e+03 1.421041e+03 
2.378990e-01 1.780895e+03 1.363401e+03 
2.429394e-01 1.719661e+03 1.308987e+03 
2.479798e-01 1.673638e+03 1.257569e+03 
2.530202e-01 1.637080e+03 1.208939e+03 
2.580606e-01 1.603770e+03 1.162906e+03 
2.631010e-01 1.568243e+03 1.119294e+03 
2.681414e-01 1.526825e+03 1.077942e+03 
2.731818e-01 1.478297e+03 1.038702e+03 
2.782222e-01 1.423663e+03 1.001436e+03 
2.832626e-01 1.365483e+03 9.660194e+02 
2.883030e-01 1.307075e+03 9.323355e+02 
2.933434e-01 1.251680e+03 9.002767e+02 
2.983838e-01 1.201897e+03 8.697436e+02 
3.034242e-01 1.159173e+03 8.406440e+02 
3.084646e-01 1.123604e+03 8.128926e+02 
3.135051e-01 1.094132e+03 7.864099e+02 
3.185455e-01 1.068911e+03 7.611223e+02 
3.235859e-01 1.045850e+03 7.369613e+02 
3.286263e-01 1.023042e+03 7.138631e+02 
3.336667e-01 9.990103e+02 6.917683e+02 
3.387071e-01 9.729554e+02 6.706215e+02 
3.437475e-01 9.448259e+02 6.503710e+02 
3.487879e-01 9.153364e+02 6.309684e+02 
3.538283e-01 8.855979e+02 6.123686e+02 
3.588687e-01 8.567404e+02 5.945293e+02 
3.639091e-01 8.296726e+02 5.774109e+02 
3.689495e-01 8.049887e+02 5.609764e+02 
3.739899e-01 7.829511e+02 5.451910e+02 
3.790303e-01 7.634729e+02 5.300220e+02 
3.840707e-01 7.460363e+02 5.154387e+02 
3.891111e-01 7.299104e+02 5.014125e+02 
3.941515e-01 7.143784e+02 4.879161e+02 
3.991919e-01 6.988711e+02 4.749240e+02 
4.042323e-01 6.830322e+02 4.624123e+02 
4.092727e-01 6.667153e+02 4.503583e+02 
4.143131e-01 6.499926e+02 4.387407e+02 
4.193535e-01 6.331468e+02 4.275393e+02 
4.243939e-01 6.165594e+02 4.167351e+02 
4.294343e-01 6.005782e+02 4.063101e+02 
4.344747e-01 5.854704e+02 3.962474e+02 
4.395152e-01 5.713870e+02 3.865309e+02 
4.445556e-01 5.583402e+02 3.771455e+02 
4.495960e-01 5.462406e+02 3.680767e+02 
4.546364e-01 5.348920e+02 3.593108e+02 
4.596768e-01 5.240439e+02 3.508351e+02 
4.647172e-01 5.134638e+02 3.426371e+02 
4.697576e-01 5.029831e+02 3.347054e+02 
4.747980e-01 4.925116e+02 3.270289e+02 
4.798384e-01 4.820110e+02 3.195970e+02 
4.848788e-01 4.715286e+02 3.123999e+02 
4.899192e-01 4.611730e+02 3.054280e+02 
4.949596e-01 4.510669e+02 2.986724e+02 
5.000000e-01 4.413168e+02 2.921245e+02 
