1.000000e-03 5.106644e+03 5.106166e+03 
6.040404e-03 2.247464e+04 2.257922e+04 
1.108081e-02 3.050410e+04 3.044971e+04 
1.612121e-02 3.283307e+04 3.246830e+04 
2.116162e-02 3.163287e+04 3.059676e+04 
2.620202e-02 2.849366e+04 2.688884e+04 
3.124242e-02 2.464431e+04 2.312698e+04 
3.628283e-02 2.094360e+04 1.999786e+04 
4.132323e-02 1.787448e+04 1.750782e+04 
4.636364e-02 1.558276e+04 1.550412e+04 
5.140404e-02 1.406870e+04 1.385372e+04 
5.644444e-02 1.313559e+04 1.246525e+04 
6.148485e-02 1.257147e+04 1.127797e+04 
6.652525e-02 1.215770e+04 1.025040e+04 
7.156566e-02 1.171232e+04 9.352895e+03 
7.660606e-02 1.111444e+04 8.563410e+03 
8.164646e-02 1.032390e+04 7.864916e+03 
8.668687e-02 9.381842e+03 7.243908e+03 
9.172727e-02 8.379143e+03 6.689444e+03 
9.676768e-02 7.419679e+03 6.192522e+03 
1.018081e-01 6.591909e+03 5.745639e+03 
1.068485e-01 5.948695e+03 5.342485e+03 
1.118889e-01 5.500326e+03 4.977714e+03 
1.169293e-01 5.222220e+03 4.646762e+03 
1.219697e-01 5.069132e+03 4.345716e+03 
1.270101e-01 4.986206e+03 4.071205e+03 
1.320505e-01 4.916636e+03 3.820307e+03 
1.370909e-01 4.811731e+03 3.590487e+03 
1.421313e-01 4.641889e+03 3.379531e+03 
1.471717e-01 4.401064e+03 3.185502e+03 
1.522121e-01 4.103085e+03 3.006702e+03 
1.572525e-01 3.775158e+03 2.841632e+03 
1.622929e-01 3.451366e+03 2.688972e+03 
1.673333e-01 3.163698e+03 2.547552e+03 
1.723737e-01 2.932750e+03 2.416332e+03 
1.774141e-01 2.764175e+03 2.294388e+03 
1.824545e-01 2.652447e+03 2.180897e+03 
1.874949e-01 2.585459e+03 2.075122e+03 
1.925354e-01 2.546961e+03 1.976401e+03 
1.975758e-01 2.517925e+03 1.884143e+03 
2.026162e-01 2.479898e+03 1.797815e+03 
2.076566e-01 2.419918e+03 1.716935e+03 
2.126970e-01 2.333414e+03 1.641071e+03 
2.177374e-01 2.223452e+03 1.569829e+03 
2.227778e-01 2.098241e+03 1.502854e+03 
2.278182e-01 1.968653e+03 1.439824e+03 
2.328586e-01 1.845872e+03 1.380443e+03 
2.378990e-01 1.738982e+03 1.324446e+03 
2.429394e-01 1.653226e+03 1.271588e+03 
2.479798e-01 1.589544e+03 1.221646e+03 
2.530202e-01 1.545189e+03 1.174417e+03 
2.580606e-01 1.514813e+03 1.129714e+03 
2.631010e-01 1.491650e+03 1.087366e+03 
2.681414e-01 1.468898e+03 1.047215e+03 
2.731818e-01 1.441045e+03 1.009118e+03 
2.782222e-01 1.404827e+03 9.729401e+02 
2.832626e-01 1.359496e+03 9.385593e+02 
2.883030e-01 1.306635e+03 9.058622e+02 
2.933434e-01 1.249526e+03 8.747441e+02 
2.983838e-01 1.192218e+03 8.451082e+02 
3.034242e-01 1.138568e+03 8.168648e+02 
3.084646e-01 1.091478e+03 7.899307e+02 
3.135051e-01 1.052412e+03 7.642288e+02 
3.185455e-01 1.021375e+03 7.396873e+02 
3.235859e-01 9.971221e+02 7.162397e+02 
3.286263e-01 9.775651e+02 6.938239e+02 
3.336667e-01 9.602810e+02 6.723822e+02 
3.387071e-01 9.429650e+02 6.518606e+02 
3.437475e-01 9.237469e+02 6.322090e+02 
3.487879e-01 9.015807e+02 6.133803e+02 
3.538283e-01 8.763833e+02 5.953307e+02 
3.588687e-01 8.489144e+02 5.780191e+02 
3.639091e-01 8.204160e+02 5.614070e+02 
3.689495e-01 7.922422e+02 5.454585e+02 
3.739899e-01 7.656506e+02 5.301398e+02 
3.790303e-01 7.416049e+02 5.154191e+02 
3.840707e-01 7.206373e+02 5.012667e+02 
3.891111e-01 7.027559e+02 4.876547e+02 
3.941515e-01 6.874414e+02 4.745566e+02 
3.991919e-01 6.738902e+02 4.619478e+02 
4.042323e-01 6.612349e+02 4.498050e+02 
4.092727e-01 6.486758e+02 4.381061e+02 
4.143131e-01 6.356104e+02 4.268305e+02 
4.193535e-01 6.216678e+02 4.159585e+02 
4.243939e-01 6.068158e+02 4.054719e+02 
4.294343e-01 5.912942e+02 3.953531e+02 
4.344747e-01 5.755446e+02 3.855857e+02 
4.395152e-01 5.600655e+02 3.761540e+02 
4.445556e-01 5.452836e+02 3.670434e+02 
4.495960e-01 5.315338e+02 3.582399e+02 
4.546364e-01 5.189935e+02 3.497303e+02 
4.596768e-01 5.076743e+02 3.415020e+02 
4.647172e-01 4.973960e+02 3.335431e+02 
4.697576e-01 4.878815e+02 3.258424e+02 
4.747980e-01 4.788163e+02 3.183892e+02 
4.798384e-01 4.699134e+02 3.111734e+02 
4.848788e-01 4.609472e+02 3.041851e+02 
4.899192e-01 4.517836e+02 2.974154e+02 
4.949596e-01 4.424014e+02 2.908554e+02 
5.000000e-01 4.328773e+02 2.844968e+02 
