1.000000e-03 6.799610e+03 6.798976e+03 
6.040404e-03 3.010743e+04 3.025869e+04 
1.108081e-02 4.098266e+04 4.102084e+04 
1.612121e-02 4.401955e+04 4.383252e+04 
2.116162e-02 4.203819e+04 4.097388e+04 
2.620202e-02 3.720323e+04 3.504532e+04 
3.124242e-02 3.127446e+04 2.889378e+04 
3.628283e-02 2.553571e+04 2.389718e+04 
4.132323e-02 2.073842e+04 2.013626e+04 
4.636364e-02 1.714470e+04 1.730063e+04 
5.140404e-02 1.475405e+04 1.510174e+04 
5.644444e-02 1.333318e+04 1.334279e+04 
6.148485e-02 1.260165e+04 1.189821e+04 
6.652525e-02 1.227077e+04 1.068722e+04 
7.156566e-02 1.207219e+04 9.656056e+03 
7.660606e-02 1.178310e+04 8.767373e+03 
8.164646e-02 1.125469e+04 7.994202e+03 
8.668687e-02 1.044183e+04 7.316360e+03 
9.172727e-02 9.398428e+03 6.718303e+03 
9.676768e-02 8.244734e+03 6.187768e+03 
1.018081e-01 7.121918e+03 5.714902e+03 
1.068485e-01 6.148874e+03 5.291665e+03 
1.118889e-01 5.395795e+03 4.911413e+03 
1.169293e-01 4.879923e+03 4.568601e+03 
1.219697e-01 4.580476e+03 4.258561e+03 
1.270101e-01 4.454461e+03 3.977335e+03 
1.320505e-01 4.444050e+03 3.721542e+03 
1.370909e-01 4.482809e+03 3.488286e+03 
1.421313e-01 4.505709e+03 3.275063e+03 
1.471717e-01 4.461029e+03 3.079709e+03 
1.522121e-01 4.318940e+03 2.900337e+03 
1.572525e-01 4.075220e+03 2.735301e+03 
1.622929e-01 3.751654e+03 2.583158e+03 
1.673333e-01 3.389433e+03 2.442641e+03 
1.723737e-01 3.035223e+03 2.312629e+03 
1.774141e-01 2.726603e+03 2.192133e+03 
1.824545e-01 2.484706e+03 2.080274e+03 
1.874949e-01 2.316556e+03 1.976273e+03 
1.925354e-01 2.218915e+03 1.879432e+03 
1.975758e-01 2.180127e+03 1.789130e+03 
2.026162e-01 2.181338e+03 1.704809e+03 
2.076566e-01 2.199172e+03 1.625968e+03 
2.126970e-01 2.210609e+03 1.552157e+03 
2.177374e-01 2.197369e+03 1.482971e+03 
2.227778e-01 2.148595e+03 1.418043e+03 
2.278182e-01 2.062045e+03 1.357042e+03 
2.328586e-01 1.943968e+03 1.299667e+03 
2.378990e-01 1.807391e+03 1.245645e+03 
2.429394e-01 1.668042e+03 1.194727e+03 
2.479798e-01 1.540258e+03 1.146689e+03 
2.530202e-01 1.434350e+03 1.101323e+03 
2.580606e-01 1.355434e+03 1.058441e+03 
2.631010e-01 1.303975e+03 1.017870e+03 
2.681414e-01 1.276389e+03 9.794529e+02 
2.731818e-01 1.266195e+03 9.430440e+02 
2.782222e-01 1.265215e+03 9.085101e+02 
2.832626e-01 1.264893e+03 8.757286e+02 
2.883030e-01 1.257690e+03 8.445865e+02 
2.933434e-01 1.238264e+03 8.149798e+02 
2.983838e-01 1.204415e+03 7.868122e+02 
3.034242e-01 1.157256e+03 7.599947e+02 
3.084646e-01 1.100661e+03 7.344451e+02 
3.135051e-01 1.040133e+03 7.100871e+02 
3.185455e-01 9.813550e+02 6.868501e+02 
3.235859e-01 9.290415e+02 6.646684e+02 
3.286263e-01 8.862349e+02 6.434810e+02 
3.336667e-01 8.541645e+02 6.232312e+02 
3.387071e-01 8.323840e+02 6.038661e+02 
3.437475e-01 8.190117e+02 5.853366e+02 
3.487879e-01 8.111854e+02 5.675967e+02 
3.538283e-01 8.055125e+02 5.506035e+02 
3.588687e-01 7.987523e+02 5.343171e+02 
3.639091e-01 7.884198e+02 5.186998e+02 
3.689495e-01 7.730589e+02 5.037168e+02 
3.739899e-01 7.523815e+02 4.893351e+02 
3.790303e-01 7.271794e+02 4.755241e+02 
3.840707e-01 6.991113e+02 4.622547e+02 
3.891111e-01 6.703345e+02 4.495000e+02 
3.941515e-01 6.429691e+02 4.372344e+02 
3.991919e-01 6.186681e+02 4.254341e+02 
4.042323e-01 5.983737e+02 4.140766e+02 
4.092727e-01 5.823699e+02 4.031405e+02 
4.143131e-01 5.703174e+02 3.926060e+02 
4.193535e-01 5.613653e+02 3.824542e+02 
4.243939e-01 5.543090e+02 3.726675e+02 
4.294343e-01 5.478163e+02 3.632290e+02 
4.344747e-01 5.406921e+02 3.541229e+02 
4.395152e-01 5.320703e+02 3.453343e+02 
4.445556e-01 5.215191e+02 3.368490e+02 
4.495960e-01 5.090285e+02 3.286537e+02 
4.546364e-01 4.949964e+02 3.207357e+02 
4.596768e-01 4.801189e+02 3.130830e+02 
4.647172e-01 4.652281e+02 3.056843e+02 
4.697576e-01 4.511018e+02 2.985287e+02 
4.747980e-01 4.383183e+02 2.916062e+02 
4.798384e-01 4.272188e+02 2.849070e+02 
4.848788e-01 4.178817e+02 2.784218e+02 
4.899192e-01 4.101357e+02 2.721420e+02 
4.949596e-01 4.035967e+02 2.660592e+02 
5.000000e-01 3.977654e+02 2.601656e+02 
