1.000000e-03 6.253784e+03 6.253184e+03 
6.040404e-03 2.710934e+04 2.723599e+04 
1.108081e-02 3.644377e+04 3.640615e+04 
1.612121e-02 3.883791e+04 3.846978e+04 
2.116162e-02 3.697543e+04 3.578835e+04 
2.620202e-02 3.282055e+04 3.090139e+04 
3.124242e-02 2.789510e+04 2.607299e+04 
3.628283e-02 2.324965e+04 2.216084e+04 
4.132323e-02 1.945852e+04 1.913207e+04 
4.636364e-02 1.667910e+04 1.675596e+04 
5.140404e-02 1.488464e+04 1.484048e+04 
5.644444e-02 1.382662e+04 1.325702e+04 
6.148485e-02 1.323982e+04 1.192208e+04 
6.652525e-02 1.285574e+04 1.077997e+04 
7.156566e-02 1.245180e+04 9.791917e+03 
7.660606e-02 1.186942e+04 8.929750e+03 
8.164646e-02 1.104391e+04 8.172193e+03 
8.668687e-02 1.001292e+04 7.502705e+03 
9.172727e-02 8.883656e+03 6.908111e+03 
9.676768e-02 7.785574e+03 6.377734e+03 
1.018081e-01 6.830134e+03 5.902788e+03 
1.068485e-01 6.084936e+03 5.475970e+03 
1.118889e-01 5.567681e+03 5.091148e+03 
1.169293e-01 5.255749e+03 4.743137e+03 
1.219697e-01 5.100938e+03 4.427524e+03 
1.270101e-01 5.040785e+03 4.140531e+03 
1.320505e-01 5.007748e+03 3.878908e+03 
1.370909e-01 4.941425e+03 3.639846e+03 
1.421313e-01 4.801761e+03 3.420907e+03 
1.471717e-01 4.574156e+03 3.219969e+03 
1.522121e-01 4.268099e+03 3.035177e+03 
1.572525e-01 3.913181e+03 2.864902e+03 
1.622929e-01 3.551149e+03 2.707714e+03 
1.673333e-01 3.222886e+03 2.562349e+03 
1.723737e-01 2.955564e+03 2.427691e+03 
1.774141e-01 2.759216e+03 2.302746e+03 
1.824545e-01 2.630853e+03 2.186635e+03 
1.874949e-01 2.559655e+03 2.078571e+03 
1.925354e-01 2.528348e+03 1.977851e+03 
1.975758e-01 2.514482e+03 1.883847e+03 
2.026162e-01 2.494997e+03 1.795994e+03 
2.076566e-01 2.452493e+03 1.713785e+03 
2.126970e-01 2.378634e+03 1.636761e+03 
2.177374e-01 2.273738e+03 1.564510e+03 
2.227778e-01 2.145035e+03 1.496658e+03 
2.278182e-01 2.004807e+03 1.432867e+03 
2.328586e-01 1.867305e+03 1.372829e+03 
2.378990e-01 1.744944e+03 1.316266e+03 
2.429394e-01 1.645553e+03 1.262922e+03 
2.479798e-01 1.571858e+03 1.212565e+03 
2.530202e-01 1.522282e+03 1.164984e+03 
2.580606e-01 1.491820e+03 1.119986e+03 
2.631010e-01 1.473085e+03 1.077391e+03 
2.681414e-01 1.457733e+03 1.037038e+03 
2.731818e-01 1.438339e+03 9.987773e+02 
2.782222e-01 1.409776e+03 9.624705e+02 
2.832626e-01 1.369804e+03 9.279914e+02 
2.883030e-01 1.319030e+03 8.952231e+02 
2.933434e-01 1.260483e+03 8.640580e+02 
2.983838e-01 1.198850e+03 8.343962e+02 
3.034242e-01 1.139226e+03 8.061458e+02 
3.084646e-01 1.085854e+03 7.792214e+02 
3.135051e-01 1.041296e+03 7.535438e+02 
3.185455e-01 1.006283e+03 7.290397e+02 
3.235859e-01 9.800916e+02 7.056408e+02 
3.286263e-01 9.608255e+02 6.832838e+02 
3.336667e-01 9.457426e+02 6.619097e+02 
3.387071e-01 9.318075e+02 6.414634e+02 
3.437475e-01 9.163021e+02 6.218936e+02 
3.487879e-01 8.974393e+02 6.031526e+02 
3.538283e-01 8.745995e+02 5.851957e+02 
3.588687e-01 8.481576e+02 5.679811e+02 
3.639091e-01 8.192000e+02 5.514696e+02 
3.689495e-01 7.893179e+02 5.356248e+02 
3.739899e-01 7.603076e+02 5.204122e+02 
3.790303e-01 7.337233e+02 5.057998e+02 
3.840707e-01 7.105292e+02 4.917574e+02 
3.891111e-01 6.910274e+02 4.782566e+02 
3.941515e-01 6.749352e+02 4.652709e+02 
3.991919e-01 6.615486e+02 4.527750e+02 
4.042323e-01 6.498863e+02 4.407456e+02 
4.092727e-01 6.388115e+02 4.291603e+02 
4.143131e-01 6.273626e+02 4.179982e+02 
4.193535e-01 6.148771e+02 4.072397e+02 
4.243939e-01 6.011145e+02 3.968661e+02 
4.294343e-01 5.861449e+02 3.868598e+02 
4.344747e-01 5.703264e+02 3.772042e+02 
4.395152e-01 5.542372e+02 3.678837e+02 
4.445556e-01 5.385454e+02 3.588834e+02 
4.495960e-01 5.238055e+02 3.501892e+02 
4.546364e-01 5.103794e+02 3.417879e+02 
4.596768e-01 4.983868e+02 3.336669e+02 
4.647172e-01 4.877888e+02 3.258142e+02 
4.697576e-01 4.783573e+02 3.182184e+02 
4.747980e-01 4.697189e+02 3.108689e+02 
4.798384e-01 4.614559e+02 3.037555e+02 
4.848788e-01 4.531883e+02 2.968685e+02 
4.899192e-01 4.446830e+02 2.901986e+02 
4.949596e-01 4.358283e+02 2.837371e+02 
5.000000e-01 4.266208e+02 2.774758e+02 
