1.000000e-03 5.924724e+03 5.924176e+03 
6.040404e-03 2.694425e+04 2.707876e+04 
1.108081e-02 3.707190e+04 3.708678e+04 
1.612121e-02 4.016199e+04 3.993970e+04 
2.116162e-02 3.869109e+04 3.766973e+04 
2.620202e-02 3.458270e+04 3.260611e+04 
3.124242e-02 2.941185e+04 2.726246e+04 
3.628283e-02 2.433885e+04 2.285723e+04 
4.132323e-02 2.005606e+04 1.948588e+04 
4.636364e-02 1.681732e+04 1.690095e+04 
5.140404e-02 1.464547e+04 1.486549e+04 
5.644444e-02 1.333908e+04 1.321570e+04 
6.148485e-02 1.264621e+04 1.184577e+04 
6.652525e-02 1.230527e+04 1.068681e+04 
7.156566e-02 1.206762e+04 9.692366e+03 
7.660606e-02 1.173183e+04 8.829769e+03 
8.164646e-02 1.116873e+04 8.075117e+03 
8.668687e-02 1.034696e+04 7.410311e+03 
9.172727e-02 9.323934e+03 6.821257e+03 
9.676768e-02 8.213909e+03 6.296728e+03 
1.018081e-01 7.146228e+03 5.827620e+03 
1.068485e-01 6.228591e+03 5.406447e+03 
1.118889e-01 5.522777e+03 5.026979e+03 
1.169293e-01 5.041704e+03 4.683983e+03 
1.219697e-01 4.762600e+03 4.373030e+03 
1.270101e-01 4.641689e+03 4.090343e+03 
1.320505e-01 4.622115e+03 3.832686e+03 
1.370909e-01 4.639856e+03 3.597268e+03 
1.421313e-01 4.633868e+03 3.381674e+03 
1.471717e-01 4.558141e+03 3.183804e+03 
1.522121e-01 4.389298e+03 3.001824e+03 
1.572525e-01 4.128642e+03 2.834129e+03 
1.622929e-01 3.800108e+03 2.679306e+03 
1.673333e-01 3.443531e+03 2.536112e+03 
1.723737e-01 3.102275e+03 2.403447e+03 
1.774141e-01 2.809920e+03 2.280334e+03 
1.824545e-01 2.584327e+03 2.165907e+03 
1.874949e-01 2.429622e+03 2.059393e+03 
1.925354e-01 2.340613e+03 1.960102e+03 
1.975758e-01 2.304551e+03 1.867414e+03 
2.026162e-01 2.302240e+03 1.780776e+03 
2.076566e-01 2.310890e+03 1.699688e+03 
2.126970e-01 2.308882e+03 1.623701e+03 
2.177374e-01 2.280304e+03 1.552408e+03 
2.227778e-01 2.217093e+03 1.485444e+03 
2.278182e-01 2.119565e+03 1.422476e+03 
2.328586e-01 1.995544e+03 1.363201e+03 
2.378990e-01 1.858174e+03 1.307345e+03 
2.429394e-01 1.722166e+03 1.254658e+03 
2.479798e-01 1.600346e+03 1.204912e+03 
2.530202e-01 1.501347e+03 1.157899e+03 
2.580606e-01 1.428872e+03 1.113429e+03 
2.631010e-01 1.382135e+03 1.071327e+03 
2.681414e-01 1.356738e+03 1.031433e+03 
2.731818e-01 1.345797e+03 9.935991e+02 
2.782222e-01 1.341191e+03 9.576913e+02 
2.832626e-01 1.334925e+03 9.235844e+02 
2.883030e-01 1.320414e+03 8.911639e+02 
2.933434e-01 1.293525e+03 8.603236e+02 
2.983838e-01 1.253247e+03 8.309655e+02 
3.034242e-01 1.201618e+03 8.029992e+02 
3.084646e-01 1.142932e+03 7.763405e+02 
3.135051e-01 1.082524e+03 7.509117e+02 
3.185455e-01 1.025509e+03 7.266406e+02 
3.235859e-01 9.759289e+02 7.034601e+02 
3.286263e-01 9.360868e+02 6.813076e+02 
3.336667e-01 9.065273e+02 6.601253e+02 
3.387071e-01 8.862337e+02 6.398588e+02 
3.437475e-01 8.730321e+02 6.204578e+02 
3.487879e-01 8.639635e+02 6.018751e+02 
3.538283e-01 8.558142e+02 5.840668e+02 
3.588687e-01 8.457171e+02 5.669917e+02 
3.639091e-01 8.316311e+02 5.506112e+02 
3.689495e-01 8.126880e+02 5.348894e+02 
3.739899e-01 7.890918e+02 5.197924e+02 
3.790303e-01 7.619733e+02 5.052886e+02 
3.840707e-01 7.330611e+02 4.913482e+02 
3.891111e-01 7.043758e+02 4.779433e+02 
3.941515e-01 6.777731e+02 4.650476e+02 
3.991919e-01 6.545837e+02 4.526365e+02 
4.042323e-01 6.354299e+02 4.406866e+02 
4.092727e-01 6.202675e+02 4.291761e+02 
4.143131e-01 6.085218e+02 4.180843e+02 
4.193535e-01 5.992270e+02 4.073919e+02 
4.243939e-01 5.911945e+02 3.970803e+02 
4.294343e-01 5.832226e+02 3.871324e+02 
4.344747e-01 5.742969e+02 3.775316e+02 
4.395152e-01 5.637710e+02 3.682626e+02 
4.445556e-01 5.514620e+02 3.593106e+02 
4.495960e-01 5.375821e+02 3.506619e+02 
4.546364e-01 5.226240e+02 3.423032e+02 
4.596768e-01 5.072935e+02 3.342221e+02 
4.647172e-01 4.923557e+02 3.264069e+02 
4.697576e-01 4.784485e+02 3.188463e+02 
4.747980e-01 4.660317e+02 3.115298e+02 
4.798384e-01 4.552823e+02 3.044473e+02 
4.848788e-01 4.461189e+02 2.975891e+02 
4.899192e-01 4.382782e+02 2.909463e+02 
4.949596e-01 4.313622e+02 2.845101e+02 
5.000000e-01 4.248980e+02 2.782724e+02 
