1.000000e-03 2.083050e+03 2.082855e+03 
6.040404e-03 9.477037e+03 9.521264e+03 
1.108081e-02 1.318517e+04 1.304862e+04 
1.612121e-02 1.482366e+04 1.438956e+04 
2.116162e-02 1.529097e+04 1.456872e+04 
2.620202e-02 1.510286e+04 1.417849e+04 
3.124242e-02 1.457152e+04 1.352663e+04 
3.628283e-02 1.388476e+04 1.276458e+04 
4.132323e-02 1.314714e+04 1.197067e+04 
4.636364e-02 1.240192e+04 1.118694e+04 
5.140404e-02 1.169960e+04 1.043565e+04 
5.644444e-02 1.100889e+04 9.727796e+03 
6.148485e-02 1.034940e+04 9.067868e+03 
6.652525e-02 9.725016e+03 8.456606e+03 
7.156566e-02 9.135062e+03 7.892650e+03 
7.660606e-02 8.585047e+03 7.373515e+03 
8.164646e-02 8.081215e+03 6.896182e+03 
8.668687e-02 7.623390e+03 6.457445e+03 
9.172727e-02 7.201203e+03 6.054114e+03 
9.676768e-02 6.808634e+03 5.683128e+03 
1.018081e-01 6.444426e+03 5.341618e+03 
1.068485e-01 6.107423e+03 5.026931e+03 
1.118889e-01 5.791107e+03 4.736637e+03 
1.169293e-01 5.491704e+03 4.468525e+03 
1.219697e-01 5.209675e+03 4.220589e+03 
1.270101e-01 4.947468e+03 3.991020e+03 
1.320505e-01 4.705026e+03 3.778181e+03 
1.370909e-01 4.480766e+03 3.580598e+03 
1.421313e-01 4.272501e+03 3.396941e+03 
1.471717e-01 4.078074e+03 3.226013e+03 
1.522121e-01 3.895735e+03 3.066732e+03 
1.572525e-01 3.724250e+03 2.918121e+03 
1.622929e-01 3.562881e+03 2.779301e+03 
1.673333e-01 3.410727e+03 2.649472e+03 
1.723737e-01 3.267023e+03 2.527913e+03 
1.774141e-01 3.131662e+03 2.413970e+03 
1.824545e-01 3.004360e+03 2.307050e+03 
1.874949e-01 2.884496e+03 2.206612e+03 
1.925354e-01 2.771446e+03 2.112166e+03 
1.975758e-01 2.664670e+03 2.023266e+03 
2.026162e-01 2.563855e+03 1.939504e+03 
2.076566e-01 2.468479e+03 1.860508e+03 
2.126970e-01 2.377809e+03 1.785937e+03 
2.177374e-01 2.291656e+03 1.715481e+03 
2.227778e-01 2.209970e+03 1.648853e+03 
2.278182e-01 2.132390e+03 1.585793e+03 
2.328586e-01 2.058593e+03 1.526060e+03 
2.378990e-01 1.988363e+03 1.469432e+03 
2.429394e-01 1.921589e+03 1.415706e+03 
2.479798e-01 1.858107e+03 1.364695e+03 
2.530202e-01 1.797518e+03 1.316225e+03 
2.580606e-01 1.739586e+03 1.270137e+03 
2.631010e-01 1.684294e+03 1.226281e+03 
2.681414e-01 1.631548e+03 1.184523e+03 
2.731818e-01 1.581185e+03 1.144734e+03 
2.782222e-01 1.532941e+03 1.106797e+03 
2.832626e-01 1.486691e+03 1.070603e+03 
2.883030e-01 1.442452e+03 1.036051e+03 
2.933434e-01 1.400121e+03 1.003045e+03 
2.983838e-01 1.359543e+03 9.714990e+02 
3.034242e-01 1.320576e+03 9.413300e+02 
3.084646e-01 1.283152e+03 9.124621e+02 
3.135051e-01 1.247256e+03 8.848240e+02 
3.185455e-01 1.212805e+03 8.583490e+02 
3.235859e-01 1.179685e+03 8.329751e+02 
3.286263e-01 1.147801e+03 8.086440e+02 
3.336667e-01 1.117113e+03 7.853012e+02 
3.387071e-01 1.087622e+03 7.628957e+02 
3.437475e-01 1.059247e+03 7.413796e+02 
3.487879e-01 1.031891e+03 7.207079e+02 
3.538283e-01 1.005511e+03 7.008385e+02 
3.588687e-01 9.800830e+02 6.817317e+02 
3.639091e-01 9.555919e+02 6.633503e+02 
3.689495e-01 9.319684e+02 6.456591e+02 
3.739899e-01 9.091420e+02 6.286252e+02 
3.790303e-01 8.870937e+02 6.122174e+02 
3.840707e-01 8.658101e+02 5.964064e+02 
3.891111e-01 8.452706e+02 5.811645e+02 
3.941515e-01 8.254202e+02 5.664655e+02 
3.991919e-01 8.062086e+02 5.522849e+02 
4.042323e-01 7.876297e+02 5.385992e+02 
4.092727e-01 7.696700e+02 5.253865e+02 
4.143131e-01 7.523004e+02 5.126259e+02 
4.193535e-01 7.354775e+02 5.002975e+02 
4.243939e-01 7.191683e+02 4.883829e+02 
4.294343e-01 7.033765e+02 4.768641e+02 
4.344747e-01 6.880920e+02 4.657245e+02 
4.395152e-01 6.732854e+02 4.549480e+02 
4.445556e-01 6.589226e+02 4.445195e+02 
4.495960e-01 6.449809e+02 4.344247e+02 
4.546364e-01 6.314653e+02 4.246500e+02 
4.596768e-01 6.183623e+02 4.151823e+02 
4.647172e-01 6.056390e+02 4.060094e+02 
4.697576e-01 5.932766e+02 3.971195e+02 
4.747980e-01 5.812676e+02 3.885014e+02 
4.798384e-01 5.696145e+02 3.801445e+02 
4.848788e-01 5.583014e+02 3.720387e+02 
4.899192e-01 5.472974e+02 3.641743e+02 
4.949596e-01 5.365925e+02 3.565422e+02 
5.000000e-01 5.261846e+02 3.491335e+02 
