1.000000e-03 2.965422e+03 2.965146e+03 
6.040404e-03 1.303332e+04 1.308493e+04 
1.108081e-02 1.784201e+04 1.770159e+04 
1.612121e-02 1.961234e+04 1.915024e+04 
2.116162e-02 1.959692e+04 1.877797e+04 
2.620202e-02 1.861157e+04 1.761929e+04 
3.124242e-02 1.722374e+04 1.628499e+04 
3.628283e-02 1.580166e+04 1.499139e+04 
4.132323e-02 1.454515e+04 1.379080e+04 
4.636364e-02 1.350504e+04 1.269099e+04 
5.140404e-02 1.269623e+04 1.168896e+04 
5.644444e-02 1.201068e+04 1.077868e+04 
6.148485e-02 1.137916e+04 9.953096e+03 
6.652525e-02 1.074295e+04 9.204829e+03 
7.156566e-02 1.006764e+04 8.526625e+03 
7.660606e-02 9.357531e+03 7.911580e+03 
8.164646e-02 8.647799e+03 7.353286e+03 
8.668687e-02 7.981562e+03 6.845883e+03 
9.172727e-02 7.389075e+03 6.384074e+03 
9.676768e-02 6.885777e+03 5.963110e+03 
1.018081e-01 6.475789e+03 5.578749e+03 
1.068485e-01 6.148523e+03 5.227216e+03 
1.118889e-01 5.877263e+03 4.905160e+03 
1.169293e-01 5.630088e+03 4.609605e+03 
1.219697e-01 5.383143e+03 4.337911e+03 
1.270101e-01 5.125211e+03 4.087735e+03 
1.320505e-01 4.855364e+03 3.856995e+03 
1.370909e-01 4.580179e+03 3.643841e+03 
1.421313e-01 4.311199e+03 3.446623e+03 
1.471717e-01 4.060245e+03 3.263873e+03 
1.522121e-01 3.835764e+03 3.094279e+03 
1.572525e-01 3.641613e+03 2.936667e+03 
1.622929e-01 3.477397e+03 2.789987e+03 
1.673333e-01 3.338224e+03 2.653296e+03 
1.723737e-01 3.215566e+03 2.525746e+03 
1.774141e-01 3.100381e+03 2.406576e+03 
1.824545e-01 2.986262e+03 2.295097e+03 
1.874949e-01 2.870176e+03 2.190690e+03 
1.925354e-01 2.751580e+03 2.092792e+03 
1.975758e-01 2.631932e+03 2.000895e+03 
2.026162e-01 2.514661e+03 1.914537e+03 
2.076566e-01 2.403753e+03 1.833300e+03 
2.126970e-01 2.301991e+03 1.756801e+03 
2.177374e-01 2.210345e+03 1.684694e+03 
2.227778e-01 2.128409e+03 1.616660e+03 
2.278182e-01 2.054824e+03 1.552411e+03 
2.328586e-01 1.987429e+03 1.491680e+03 
2.378990e-01 1.923785e+03 1.434226e+03 
2.429394e-01 1.862016e+03 1.379824e+03 
2.479798e-01 1.801091e+03 1.328270e+03 
2.530202e-01 1.740572e+03 1.279375e+03 
2.580606e-01 1.680531e+03 1.232967e+03 
2.631010e-01 1.621696e+03 1.188886e+03 
2.681414e-01 1.565254e+03 1.146983e+03 
2.731818e-01 1.512197e+03 1.107123e+03 
2.782222e-01 1.462817e+03 1.069180e+03 
2.832626e-01 1.416854e+03 1.033036e+03 
2.883030e-01 1.373955e+03 9.985837e+02 
2.933434e-01 1.333734e+03 9.657228e+02 
2.983838e-01 1.295630e+03 9.343599e+02 
3.034242e-01 1.258950e+03 9.044085e+02 
3.084646e-01 1.223151e+03 8.757879e+02 
3.135051e-01 1.188094e+03 8.484231e+02 
3.185455e-01 1.153882e+03 8.222440e+02 
3.235859e-01 1.120681e+03 7.971855e+02 
3.286263e-01 1.088575e+03 7.731866e+02 
3.336667e-01 1.057707e+03 7.501903e+02 
3.387071e-01 1.028283e+03 7.281434e+02 
3.437475e-01 1.000389e+03 7.069961e+02 
3.487879e-01 9.739160e+02 6.867017e+02 
3.538283e-01 9.486587e+02 6.672164e+02 
3.588687e-01 9.244104e+02 6.484992e+02 
3.639091e-01 9.010358e+02 6.305115e+02 
3.689495e-01 8.784351e+02 6.132172e+02 
3.739899e-01 8.564968e+02 5.965822e+02 
3.790303e-01 8.351520e+02 5.805744e+02 
3.840707e-01 8.144126e+02 5.651639e+02 
3.891111e-01 7.943342e+02 5.503221e+02 
3.941515e-01 7.749527e+02 5.360224e+02 
3.991919e-01 7.562613e+02 5.222394e+02 
4.042323e-01 7.382534e+02 5.089495e+02 
4.092727e-01 7.209271e+02 4.961301e+02 
4.143131e-01 7.042677e+02 4.837599e+02 
4.193535e-01 6.882080e+02 4.718189e+02 
4.243939e-01 6.726592e+02 4.602881e+02 
4.294343e-01 6.575740e+02 4.491496e+02 
4.344747e-01 6.429465e+02 4.383862e+02 
4.395152e-01 6.287611e+02 4.279819e+02 
4.445556e-01 6.149823e+02 4.179213e+02 
4.495960e-01 6.015867e+02 4.081901e+02 
4.546364e-01 5.885901e+02 3.987743e+02 
4.596768e-01 5.760031e+02 3.896610e+02 
4.647172e-01 5.638143e+02 3.808378e+02 
4.697576e-01 5.520016e+02 3.722928e+02 
4.747980e-01 5.405441e+02 3.640148e+02 
4.798384e-01 5.294331e+02 3.559933e+02 
4.848788e-01 5.186667e+02 3.482179e+02 
4.899192e-01 5.082123e+02 3.406792e+02 
4.949596e-01 4.980432e+02 3.333678e+02 
5.000000e-01 4.881417e+02 3.262751e+02 
