1.000000e-03 2.746492e+03 2.746230e+03 
6.040404e-03 1.231385e+04 1.235743e+04 
1.108081e-02 1.691926e+04 1.675950e+04 
1.612121e-02 1.864729e+04 1.815511e+04 
2.116162e-02 1.870236e+04 1.787483e+04 
2.620202e-02 1.786209e+04 1.688866e+04 
3.124242e-02 1.665407e+04 1.571955e+04 
3.628283e-02 1.541075e+04 1.455261e+04 
4.132323e-02 1.430249e+04 1.344408e+04 
4.636364e-02 1.336617e+04 1.241184e+04 
5.140404e-02 1.260238e+04 1.146075e+04 
5.644444e-02 1.191236e+04 1.058995e+04 
6.148485e-02 1.125190e+04 9.795674e+03 
6.652525e-02 1.057507e+04 9.072706e+03 
7.156566e-02 9.871467e+03 8.415242e+03 
7.660606e-02 9.161021e+03 7.817399e+03 
8.164646e-02 8.483633e+03 7.273503e+03 
8.668687e-02 7.872376e+03 6.778241e+03 
9.172727e-02 7.342047e+03 6.326736e+03 
9.676768e-02 6.896282e+03 5.914562e+03 
1.018081e-01 6.529123e+03 5.537731e+03 
1.068485e-01 6.219846e+03 5.192677e+03 
1.118889e-01 5.939282e+03 4.876212e+03 
1.169293e-01 5.663148e+03 4.585496e+03 
1.219697e-01 5.380766e+03 4.318001e+03 
1.270101e-01 5.093038e+03 4.071478e+03 
1.320505e-01 4.806452e+03 3.843921e+03 
1.370909e-01 4.531340e+03 3.633544e+03 
1.421313e-01 4.277384e+03 3.438755e+03 
1.471717e-01 4.050764e+03 3.258130e+03 
1.522121e-01 3.852738e+03 3.090398e+03 
1.572525e-01 3.681262e+03 2.934418e+03 
1.622929e-01 3.531232e+03 2.789169e+03 
1.673333e-01 3.394560e+03 2.653734e+03 
1.723737e-01 3.263597e+03 2.527286e+03 
1.774141e-01 3.133743e+03 2.409081e+03 
1.824545e-01 3.004057e+03 2.298450e+03 
1.874949e-01 2.875259e+03 2.194783e+03 
1.925354e-01 2.749394e+03 2.097534e+03 
1.975758e-01 2.629415e+03 2.006203e+03 
2.026162e-01 2.518038e+03 1.920338e+03 
2.076566e-01 2.416591e+03 1.839530e+03 
2.126970e-01 2.324569e+03 1.763403e+03 
2.177374e-01 2.240601e+03 1.691616e+03 
2.227778e-01 2.162942e+03 1.623857e+03 
2.278182e-01 2.089646e+03 1.559843e+03 
2.328586e-01 2.018971e+03 1.499311e+03 
2.378990e-01 1.950023e+03 1.442023e+03 
2.429394e-01 1.882714e+03 1.387760e+03 
2.479798e-01 1.817139e+03 1.336319e+03 
2.530202e-01 1.753645e+03 1.287515e+03 
2.580606e-01 1.692904e+03 1.241177e+03 
2.631010e-01 1.635724e+03 1.197148e+03 
2.681414e-01 1.582315e+03 1.155281e+03 
2.731818e-01 1.532278e+03 1.115443e+03 
2.782222e-01 1.485045e+03 1.077508e+03 
2.832626e-01 1.440189e+03 1.041362e+03 
2.883030e-01 1.397407e+03 1.006898e+03 
2.933434e-01 1.356250e+03 9.740151e+02 
2.983838e-01 1.316337e+03 9.426228e+02 
3.034242e-01 1.277547e+03 9.126349e+02 
3.084646e-01 1.240041e+03 8.839715e+02 
3.135051e-01 1.203989e+03 8.565583e+02 
3.185455e-01 1.169414e+03 8.303261e+02 
3.235859e-01 1.136302e+03 8.052101e+02 
3.286263e-01 1.104660e+03 7.811500e+02 
3.336667e-01 1.074531e+03 7.580894e+02 
3.387071e-01 1.045770e+03 7.359753e+02 
3.437475e-01 1.018160e+03 7.147583e+02 
3.487879e-01 9.915261e+02 6.943922e+02 
3.538283e-01 9.657965e+02 6.748334e+02 
3.588687e-01 9.409491e+02 6.560412e+02 
3.639091e-01 9.169186e+02 6.379774e+02 
3.689495e-01 8.936758e+02 6.206059e+02 
3.739899e-01 8.712036e+02 6.038930e+02 
3.790303e-01 8.495482e+02 5.878068e+02 
3.840707e-01 8.287004e+02 5.723173e+02 
3.891111e-01 8.086125e+02 5.573964e+02 
3.941515e-01 7.892382e+02 5.430174e+02 
3.991919e-01 7.705468e+02 5.291552e+02 
4.042323e-01 7.525240e+02 5.157861e+02 
4.092727e-01 7.350895e+02 5.028877e+02 
4.143131e-01 7.182020e+02 4.904389e+02 
4.193535e-01 7.018253e+02 4.784196e+02 
4.243939e-01 6.859625e+02 4.668110e+02 
4.294343e-01 6.706123e+02 4.555951e+02 
4.344747e-01 6.557397e+02 4.447549e+02 
4.395152e-01 6.413194e+02 4.342744e+02 
4.445556e-01 6.273513e+02 4.241383e+02 
4.495960e-01 6.138371e+02 4.143322e+02 
4.546364e-01 6.007492e+02 4.048424e+02 
4.596768e-01 5.880523e+02 3.956557e+02 
4.647172e-01 5.757260e+02 3.867599e+02 
4.697576e-01 5.637687e+02 3.781431e+02 
4.747980e-01 5.521717e+02 3.697942e+02 
4.798384e-01 5.409057e+02 3.617025e+02 
4.848788e-01 5.299553e+02 3.538578e+02 
4.899192e-01 5.193036e+02 3.462506e+02 
4.949596e-01 5.089615e+02 3.388717e+02 
5.000000e-01 4.989218e+02 3.317122e+02 
