1.000000e-03 3.485656e+03 3.485330e+03 
6.040404e-03 1.525654e+04 1.530608e+04 
1.108081e-02 2.073953e+04 2.065754e+04 
1.612121e-02 2.257428e+04 2.258154e+04 
2.116162e-02 2.226046e+04 2.274569e+04 
2.620202e-02 2.080036e+04 2.205561e+04 
3.124242e-02 1.890606e+04 2.097451e+04 
3.628283e-02 1.704253e+04 1.973458e+04 
4.132323e-02 1.545695e+04 1.845677e+04 
4.636364e-02 1.421949e+04 1.720515e+04 
5.140404e-02 1.329836e+04 1.601269e+04 
5.644444e-02 1.258827e+04 1.489484e+04 
6.148485e-02 1.196417e+04 1.385713e+04 
6.652525e-02 1.133246e+04 1.289951e+04 
7.156566e-02 1.063680e+04 1.201886e+04 
7.660606e-02 9.870532e+03 1.121055e+04 
8.164646e-02 9.072003e+03 1.046926e+04 
8.668687e-02 8.298262e+03 9.789514e+03 
9.172727e-02 7.599269e+03 9.165972e+03 
9.676768e-02 7.008856e+03 8.593573e+03 
1.018081e-01 6.541802e+03 8.067621e+03 
1.068485e-01 6.189369e+03 7.583806e+03 
1.118889e-01 5.920418e+03 7.138206e+03 
1.169293e-01 5.694710e+03 6.727271e+03 
1.219697e-01 5.476978e+03 6.347797e+03 
1.270101e-01 5.243533e+03 5.996899e+03 
1.320505e-01 4.984080e+03 5.671984e+03 
1.370909e-01 4.701265e+03 5.370719e+03 
1.421313e-01 4.409602e+03 5.091007e+03 
1.471717e-01 4.126786e+03 4.830963e+03 
1.522121e-01 3.868051e+03 4.588889e+03 
1.572525e-01 3.643877e+03 4.363257e+03 
1.622929e-01 3.459385e+03 4.152688e+03 
1.673333e-01 3.312282e+03 3.955939e+03 
1.723737e-01 3.192984e+03 3.771884e+03 
1.774141e-01 3.088865e+03 3.599507e+03 
1.824545e-01 2.988956e+03 3.437884e+03 
1.874949e-01 2.885901e+03 3.286181e+03 
1.925354e-01 2.775651e+03 3.143637e+03 
1.975758e-01 2.657528e+03 3.009562e+03 
2.026162e-01 2.534973e+03 2.883325e+03 
2.076566e-01 2.413772e+03 2.764352e+03 
2.126970e-01 2.299802e+03 2.652120e+03 
2.177374e-01 2.196920e+03 2.546149e+03 
2.227778e-01 2.106771e+03 2.446001e+03 
2.278182e-01 2.029013e+03 2.351272e+03 
2.328586e-01 1.961656e+03 2.261595e+03 
2.378990e-01 1.901627e+03 2.176630e+03 
2.429394e-01 1.845518e+03 2.096064e+03 
2.479798e-01 1.790413e+03 2.019611e+03 
2.530202e-01 1.734199e+03 1.947006e+03 
2.580606e-01 1.676140e+03 1.878005e+03 
2.631010e-01 1.616874e+03 1.812381e+03 
2.681414e-01 1.557984e+03 1.749925e+03 
2.731818e-01 1.501177e+03 1.690445e+03 
2.782222e-01 1.447716e+03 1.633760e+03 
2.832626e-01 1.398399e+03 1.579705e+03 
2.883030e-01 1.353548e+03 1.528125e+03 
2.933434e-01 1.312916e+03 1.478877e+03 
2.983838e-01 1.275685e+03 1.431826e+03 
3.034242e-01 1.240739e+03 1.386850e+03 
3.084646e-01 1.207113e+03 1.343831e+03 
3.135051e-01 1.174070e+03 1.302661e+03 
3.185455e-01 1.141234e+03 1.263241e+03 
3.235859e-01 1.108474e+03 1.225475e+03 
3.286263e-01 1.076018e+03 1.189275e+03 
3.336667e-01 1.044288e+03 1.154559e+03 
3.387071e-01 1.013754e+03 1.121249e+03 
3.437475e-01 9.847636e+02 1.089274e+03 
3.487879e-01 9.574697e+02 1.058565e+03 
3.538283e-01 9.318729e+02 1.029058e+03 
3.588687e-01 9.078206e+02 1.000693e+03 
3.639091e-01 8.850297e+02 9.734153e+02 
3.689495e-01 8.631887e+02 9.471706e+02 
3.739899e-01 8.420189e+02 9.219093e+02 
3.790303e-01 8.213644e+02 8.975846e+02 
3.840707e-01 8.011214e+02 8.741522e+02 
3.891111e-01 7.812605e+02 8.515705e+02 
3.941515e-01 7.618147e+02 8.298002e+02 
3.991919e-01 7.429043e+02 8.088040e+02 
4.042323e-01 7.246646e+02 7.885469e+02 
4.092727e-01 7.071793e+02 7.689958e+02 
4.143131e-01 6.904457e+02 7.501192e+02 
4.193535e-01 6.744097e+02 7.318875e+02 
4.243939e-01 6.590402e+02 7.142726e+02 
4.294343e-01 6.442807e+02 6.972479e+02 
4.344747e-01 6.300235e+02 6.807882e+02 
4.395152e-01 6.161732e+02 6.648695e+02 
4.445556e-01 6.026547e+02 6.494691e+02 
4.495960e-01 5.894815e+02 6.345656e+02 
4.546364e-01 5.766550e+02 6.201383e+02 
4.596768e-01 5.641623e+02 6.061680e+02 
4.647172e-01 5.519996e+02 5.926361e+02 
4.697576e-01 5.401993e+02 5.795251e+02 
4.747980e-01 5.287945e+02 5.668182e+02 
4.798384e-01 5.177831e+02 5.544996e+02 
4.848788e-01 5.071433e+02 5.425540e+02 
4.899192e-01 4.968270e+02 5.309671e+02 
4.949596e-01 4.868261e+02 5.197251e+02 
5.000000e-01 4.771282e+02 5.088148e+02 
