1.000000e-03 3.094102e+03 3.093803e+03 
6.040404e-03 1.368405e+04 1.373215e+04 
1.108081e-02 1.864728e+04 1.847845e+04 
1.612121e-02 2.038502e+04 1.986016e+04 
2.116162e-02 2.026237e+04 1.936964e+04 
2.620202e-02 1.916453e+04 1.812495e+04 
3.124242e-02 1.769495e+04 1.673102e+04 
3.628283e-02 1.623139e+04 1.538632e+04 
4.132323e-02 1.496220e+04 1.413833e+04 
4.636364e-02 1.392568e+04 1.299505e+04 
5.140404e-02 1.310946e+04 1.195413e+04 
5.644444e-02 1.239334e+04 1.100969e+04 
6.148485e-02 1.171106e+04 1.015444e+04 
6.652525e-02 1.100438e+04 9.380566e+03 
7.156566e-02 1.025689e+04 8.680316e+03 
7.660606e-02 9.490541e+03 8.046308e+03 
8.164646e-02 8.750791e+03 7.471689e+03 
8.668687e-02 8.079185e+03 6.950213e+03 
9.172727e-02 7.499128e+03 6.476249e+03 
9.676768e-02 7.020176e+03 6.044762e+03 
1.018081e-01 6.636132e+03 5.651268e+03 
1.068485e-01 6.322827e+03 5.291789e+03 
1.118889e-01 6.045074e+03 4.962800e+03 
1.169293e-01 5.773399e+03 4.661183e+03 
1.219697e-01 5.492626e+03 4.384173e+03 
1.270101e-01 5.199751e+03 4.129324e+03 
1.320505e-01 4.900946e+03 3.894467e+03 
1.370909e-01 4.608766e+03 3.677676e+03 
1.421313e-01 4.336552e+03 3.477239e+03 
1.471717e-01 4.093300e+03 3.291632e+03 
1.522121e-01 3.882641e+03 3.119498e+03 
1.572525e-01 3.703883e+03 2.959624e+03 
1.622929e-01 3.551871e+03 2.810923e+03 
1.673333e-01 3.417134e+03 2.672425e+03 
1.723737e-01 3.289480e+03 2.543255e+03 
1.774141e-01 3.162426e+03 2.422630e+03 
1.824545e-01 3.033624e+03 2.309843e+03 
1.874949e-01 2.903217e+03 2.204257e+03 
1.925354e-01 2.773312e+03 2.105294e+03 
1.975758e-01 2.647650e+03 2.012435e+03 
2.026162e-01 2.530209e+03 1.925207e+03 
2.076566e-01 2.423534e+03 1.843179e+03 
2.126970e-01 2.327902e+03 1.765963e+03 
2.177374e-01 2.242153e+03 1.693203e+03 
2.227778e-01 2.164240e+03 1.624575e+03 
2.278182e-01 2.091669e+03 1.559784e+03 
2.328586e-01 2.022204e+03 1.498558e+03 
2.378990e-01 1.954342e+03 1.440650e+03 
2.429394e-01 1.887341e+03 1.385834e+03 
2.479798e-01 1.821075e+03 1.333900e+03 
2.530202e-01 1.756096e+03 1.284657e+03 
2.580606e-01 1.693580e+03 1.237928e+03 
2.631010e-01 1.634597e+03 1.193552e+03 
2.681414e-01 1.579604e+03 1.151377e+03 
2.731818e-01 1.528391e+03 1.111267e+03 
2.782222e-01 1.480582e+03 1.073092e+03 
2.832626e-01 1.435746e+03 1.036734e+03 
2.883030e-01 1.393272e+03 1.002084e+03 
2.933434e-01 1.352440e+03 9.690402e+02 
2.983838e-01 1.312734e+03 9.375075e+02 
3.034242e-01 1.274018e+03 9.073985e+02 
3.084646e-01 1.236369e+03 8.786315e+02 
3.135051e-01 1.199903e+03 8.511305e+02 
3.185455e-01 1.164726e+03 8.248248e+02 
3.235859e-01 1.131026e+03 7.996482e+02 
3.286263e-01 1.098974e+03 7.755392e+02 
3.336667e-01 1.068562e+03 7.524402e+02 
3.387071e-01 1.039633e+03 7.302974e+02 
3.437475e-01 1.011988e+03 7.090603e+02 
3.487879e-01 9.854451e+02 6.886819e+02 
3.538283e-01 9.598579e+02 6.691180e+02 
3.588687e-01 9.350960e+02 6.503270e+02 
3.639091e-01 9.110653e+02 6.322700e+02 
3.689495e-01 8.877589e+02 6.149107e+02 
3.739899e-01 8.652183e+02 5.982145e+02 
3.790303e-01 8.434568e+02 5.821493e+02 
3.840707e-01 8.224657e+02 5.666846e+02 
3.891111e-01 8.022468e+02 5.517918e+02 
3.941515e-01 7.828090e+02 5.374439e+02 
3.991919e-01 7.641329e+02 5.236155e+02 
4.042323e-01 7.461398e+02 5.102827e+02 
4.092727e-01 7.287319e+02 4.974227e+02 
4.143131e-01 7.118712e+02 4.850141e+02 
4.193535e-01 6.955596e+02 4.730367e+02 
4.243939e-01 6.797558e+02 4.614715e+02 
4.294343e-01 6.644210e+02 4.503002e+02 
4.344747e-01 6.495341e+02 4.395058e+02 
4.395152e-01 6.351053e+02 4.290720e+02 
4.445556e-01 6.211577e+02 4.189834e+02 
4.495960e-01 6.076619e+02 4.092255e+02 
4.546364e-01 5.945702e+02 3.997843e+02 
4.596768e-01 5.818799e+02 3.906468e+02 
4.647172e-01 5.696028e+02 3.818005e+02 
4.697576e-01 5.577100e+02 3.732335e+02 
4.747980e-01 5.461571e+02 3.649345e+02 
4.798384e-01 5.349209e+02 3.568929e+02 
4.848788e-01 5.240040e+02 3.490983e+02 
4.899192e-01 5.134079e+02 3.415412e+02 
4.949596e-01 5.031151e+02 3.342122e+02 
5.000000e-01 4.931006e+02 3.271026e+02 
