1.000000e-03 4.437032e+03 4.436618e+03 
6.040404e-03 2.008096e+04 2.017357e+04 
1.108081e-02 2.762317e+04 2.756264e+04 
1.612121e-02 3.005997e+04 2.970306e+04 
2.116162e-02 2.927159e+04 2.830334e+04 
2.620202e-02 2.665990e+04 2.517293e+04 
3.124242e-02 2.332613e+04 2.190048e+04 
3.628283e-02 2.005375e+04 1.912403e+04 
4.132323e-02 1.729746e+04 1.687770e+04 
4.636364e-02 1.520980e+04 1.504443e+04 
5.140404e-02 1.380731e+04 1.351646e+04 
5.644444e-02 1.292372e+04 1.221831e+04 
6.148485e-02 1.237007e+04 1.109913e+04 
6.652525e-02 1.195506e+04 1.012374e+04 
7.156566e-02 1.150878e+04 9.266732e+03 
7.660606e-02 1.092190e+04 8.508942e+03 
8.164646e-02 1.016100e+04 7.835411e+03 
8.668687e-02 9.265328e+03 7.234143e+03 
9.172727e-02 8.317165e+03 6.695321e+03 
9.676768e-02 7.409324e+03 6.210796e+03 
1.018081e-01 6.622472e+03 5.773723e+03 
1.068485e-01 6.006789e+03 5.378304e+03 
1.118889e-01 5.573103e+03 5.019594e+03 
1.169293e-01 5.298396e+03 4.693350e+03 
1.219697e-01 5.139074e+03 4.395912e+03 
1.270101e-01 5.043825e+03 4.124113e+03 
1.320505e-01 4.960799e+03 3.875197e+03 
1.370909e-01 4.845408e+03 3.646763e+03 
1.421313e-01 4.669977e+03 3.436706e+03 
1.471717e-01 4.429241e+03 3.243179e+03 
1.522121e-01 4.137078e+03 3.064556e+03 
1.572525e-01 3.819288e+03 2.899400e+03 
1.622929e-01 3.506934e+03 2.746439e+03 
1.673333e-01 3.228834e+03 2.604544e+03 
1.723737e-01 3.004143e+03 2.472710e+03 
1.774141e-01 2.838588e+03 2.350043e+03 
1.824545e-01 2.726855e+03 2.235740e+03 
1.874949e-01 2.656831e+03 2.129084e+03 
1.925354e-01 2.612841e+03 2.029432e+03 
1.975758e-01 2.577207e+03 1.936204e+03 
2.026162e-01 2.533135e+03 1.848879e+03 
2.076566e-01 2.468828e+03 1.766985e+03 
2.126970e-01 2.379965e+03 1.690095e+03 
2.177374e-01 2.269536e+03 1.617825e+03 
2.227778e-01 2.145591e+03 1.549823e+03 
2.278182e-01 2.018491e+03 1.485770e+03 
2.328586e-01 1.898547e+03 1.425377e+03 
2.378990e-01 1.793931e+03 1.368380e+03 
2.429394e-01 1.709286e+03 1.314536e+03 
2.479798e-01 1.645438e+03 1.263624e+03 
2.530202e-01 1.599854e+03 1.215443e+03 
2.580606e-01 1.567389e+03 1.169806e+03 
2.631010e-01 1.541501e+03 1.126544e+03 
2.681414e-01 1.515720e+03 1.085500e+03 
2.731818e-01 1.485074e+03 1.046528e+03 
2.782222e-01 1.446731e+03 1.009498e+03 
2.832626e-01 1.400170e+03 9.742851e+02 
2.883030e-01 1.346824e+03 9.407767e+02 
2.933434e-01 1.289775e+03 9.088681e+02 
2.983838e-01 1.232910e+03 8.784621e+02 
3.034242e-01 1.179849e+03 8.494687e+02 
3.084646e-01 1.133162e+03 8.218046e+02 
3.135051e-01 1.094064e+03 7.953921e+02 
3.185455e-01 1.062497e+03 7.701593e+02 
3.235859e-01 1.037321e+03 7.460391e+02 
3.286263e-01 1.016561e+03 7.229690e+02 
3.336667e-01 9.978713e+02 7.008909e+02 
3.387071e-01 9.790346e+02 6.797503e+02 
3.437475e-01 9.584056e+02 6.594967e+02 
3.487879e-01 9.351450e+02 6.400826e+02 
3.538283e-01 9.092102e+02 6.214637e+02 
3.588687e-01 8.812664e+02 6.035983e+02 
3.639091e-01 8.524602e+02 5.864478e+02 
3.689495e-01 8.241569e+02 5.699755e+02 
3.739899e-01 7.975274e+02 5.541473e+02 
3.790303e-01 7.733967e+02 5.389310e+02 
3.840707e-01 7.521627e+02 5.242965e+02 
3.891111e-01 7.337954e+02 5.102155e+02 
3.941515e-01 7.178605e+02 4.966610e+02 
3.991919e-01 7.036091e+02 4.836082e+02 
4.042323e-01 6.901878e+02 4.710331e+02 
4.092727e-01 6.768143e+02 4.589136e+02 
4.143131e-01 6.629427e+02 4.472286e+02 
4.193535e-01 6.483334e+02 4.359580e+02 
4.243939e-01 6.329821e+02 4.250833e+02 
4.294343e-01 6.170832e+02 4.145865e+02 
4.344747e-01 6.010162e+02 4.044510e+02 
4.395152e-01 5.852603e+02 3.946608e+02 
4.445556e-01 5.702615e+02 3.852010e+02 
4.495960e-01 5.563035e+02 3.760571e+02 
4.546364e-01 5.434920e+02 3.672159e+02 
4.596768e-01 5.317982e+02 3.586644e+02 
4.647172e-01 5.210886e+02 3.503905e+02 
4.697576e-01 5.111309e+02 3.423827e+02 
4.747980e-01 5.016068e+02 3.346301e+02 
4.798384e-01 4.922226e+02 3.271223e+02 
4.848788e-01 4.827696e+02 3.198493e+02 
4.899192e-01 4.731708e+02 3.128017e+02 
4.949596e-01 4.634349e+02 3.059707e+02 
5.000000e-01 4.536104e+02 2.993478e+02 
