1.000000e-03 3.284190e+03 3.283886e+03 
6.040404e-03 1.466340e+04 1.472331e+04 
1.108081e-02 2.014351e+04 2.002483e+04 
1.612121e-02 2.207413e+04 2.163820e+04 
2.116162e-02 2.185537e+04 2.100156e+04 
2.620202e-02 2.045864e+04 1.938402e+04 
3.124242e-02 1.859435e+04 1.762551e+04 
3.628283e-02 1.673917e+04 1.601300e+04 
4.132323e-02 1.515488e+04 1.458425e+04 
4.636364e-02 1.392002e+04 1.331952e+04 
5.140404e-02 1.301979e+04 1.219503e+04 
5.644444e-02 1.233965e+04 1.119127e+04 
6.148485e-02 1.176333e+04 1.029265e+04 
6.652525e-02 1.118656e+04 9.486250e+03 
7.156566e-02 1.054068e+04 8.761093e+03 
7.660606e-02 9.809398e+03 8.107686e+03 
8.164646e-02 9.027890e+03 7.517754e+03 
8.668687e-02 8.255547e+03 6.984061e+03 
9.172727e-02 7.546493e+03 6.500270e+03 
9.676768e-02 6.939158e+03 6.060826e+03 
1.018081e-01 6.455223e+03 5.660858e+03 
1.068485e-01 6.093111e+03 5.296094e+03 
1.118889e-01 5.826259e+03 4.962783e+03 
1.169293e-01 5.613793e+03 4.657624e+03 
1.219697e-01 5.416474e+03 4.377715e+03 
1.270101e-01 5.206436e+03 4.120496e+03 
1.320505e-01 4.968891e+03 3.883706e+03 
1.370909e-01 4.702215e+03 3.665345e+03 
1.421313e-01 4.417276e+03 3.463642e+03 
1.471717e-01 4.132105e+03 3.277023e+03 
1.522121e-01 3.864856e+03 3.104090e+03 
1.572525e-01 3.629913e+03 2.943593e+03 
1.622929e-01 3.435285e+03 2.794421e+03 
1.673333e-01 3.281058e+03 2.655577e+03 
1.723737e-01 3.159798e+03 2.526168e+03 
1.774141e-01 3.059511e+03 2.405394e+03 
1.824545e-01 2.967960e+03 2.292532e+03 
1.874949e-01 2.875283e+03 2.186934e+03 
1.925354e-01 2.774857e+03 2.088013e+03 
1.975758e-01 2.664197e+03 1.995239e+03 
2.026162e-01 2.545451e+03 1.908133e+03 
2.076566e-01 2.424236e+03 1.826258e+03 
2.126970e-01 2.307006e+03 1.749221e+03 
2.177374e-01 2.198908e+03 1.676660e+03 
2.227778e-01 2.103382e+03 1.608248e+03 
2.278182e-01 2.021632e+03 1.543686e+03 
2.328586e-01 1.952478e+03 1.482700e+03 
2.378990e-01 1.892895e+03 1.425041e+03 
2.429394e-01 1.839151e+03 1.370479e+03 
2.479798e-01 1.787738e+03 1.318804e+03 
2.530202e-01 1.735819e+03 1.269822e+03 
2.580606e-01 1.681557e+03 1.223357e+03 
2.631010e-01 1.624625e+03 1.179244e+03 
2.681414e-01 1.566280e+03 1.137333e+03 
2.731818e-01 1.508604e+03 1.097485e+03 
2.782222e-01 1.453462e+03 1.059570e+03 
2.832626e-01 1.402061e+03 1.023470e+03 
2.883030e-01 1.355161e+03 9.890748e+02 
2.933434e-01 1.313051e+03 9.562822e+02 
2.983838e-01 1.275336e+03 9.249974e+02 
3.034242e-01 1.240936e+03 8.951324e+02 
3.084646e-01 1.208505e+03 8.666053e+02 
3.135051e-01 1.176927e+03 8.393400e+02 
3.185455e-01 1.145521e+03 8.132656e+02 
3.235859e-01 1.113983e+03 7.883160e+02 
3.286263e-01 1.082255e+03 7.644294e+02 
3.336667e-01 1.050583e+03 7.415483e+02 
3.387071e-01 1.019538e+03 7.196188e+02 
3.437475e-01 9.897558e+02 6.985905e+02 
3.487879e-01 9.616639e+02 6.784163e+02 
3.538283e-01 9.354069e+02 6.590521e+02 
3.588687e-01 9.109037e+02 6.404565e+02 
3.639091e-01 8.879618e+02 6.225905e+02 
3.689495e-01 8.663109e+02 6.054177e+02 
3.739899e-01 8.456177e+02 5.889039e+02 
3.790303e-01 8.255023e+02 5.730168e+02 
3.840707e-01 8.057118e+02 5.577260e+02 
3.891111e-01 7.861664e+02 5.430032e+02 
3.941515e-01 7.669031e+02 5.288213e+02 
3.991919e-01 7.479978e+02 5.151550e+02 
4.042323e-01 7.295578e+02 5.019804e+02 
4.092727e-01 7.117396e+02 4.892749e+02 
4.143131e-01 6.946787e+02 4.770172e+02 
4.193535e-01 6.784181e+02 4.651873e+02 
4.243939e-01 6.629238e+02 4.537659e+02 
4.294343e-01 6.480990e+02 4.427351e+02 
4.344747e-01 6.338618e+02 4.320779e+02 
4.395152e-01 6.201373e+02 4.217781e+02 
4.445556e-01 6.068051e+02 4.118204e+02 
4.495960e-01 5.937795e+02 4.021902e+02 
4.546364e-01 5.810074e+02 3.928739e+02 
4.596768e-01 5.685162e+02 3.838583e+02 
4.647172e-01 5.563269e+02 3.751310e+02 
4.697576e-01 5.444591e+02 3.666803e+02 
4.747980e-01 5.329400e+02 3.584949e+02 
4.798384e-01 5.217880e+02 3.505643e+02 
4.848788e-01 5.110270e+02 3.428782e+02 
4.899192e-01 5.006551e+02 3.354271e+02 
4.949596e-01 4.906438e+02 3.282017e+02 
5.000000e-01 4.809330e+02 3.211933e+02 
