1.000000e-03 3.841030e+03 3.840674e+03 
6.040404e-03 1.745667e+04 1.753530e+04 
1.108081e-02 2.415290e+04 2.407828e+04 
1.612121e-02 2.647751e+04 2.611313e+04 
2.116162e-02 2.603253e+04 2.513906e+04 
2.620202e-02 2.400330e+04 2.269122e+04 
3.124242e-02 2.131607e+04 2.006365e+04 
3.628283e-02 1.863103e+04 1.777509e+04 
4.132323e-02 1.633764e+04 1.587189e+04 
4.636364e-02 1.457309e+04 1.427941e+04 
5.140404e-02 1.335884e+04 1.292440e+04 
5.644444e-02 1.256040e+04 1.175402e+04 
6.148485e-02 1.201637e+04 1.073166e+04 
6.652525e-02 1.157404e+04 9.831192e+03 
7.156566e-02 1.109113e+04 9.033124e+03 
7.660606e-02 1.048421e+04 8.322318e+03 
8.164646e-02 9.737293e+03 7.686633e+03 
8.668687e-02 8.895189e+03 7.116105e+03 
9.172727e-02 8.030987e+03 6.602420e+03 
9.676768e-02 7.220110e+03 6.138561e+03 
1.018081e-01 6.525034e+03 5.718553e+03 
1.068485e-01 5.983703e+03 5.337275e+03 
1.118889e-01 5.601085e+03 4.990314e+03 
1.169293e-01 5.351079e+03 4.673852e+03 
1.219697e-01 5.190659e+03 4.384569e+03 
1.270101e-01 5.073319e+03 4.119573e+03 
1.320505e-01 4.955862e+03 3.876334e+03 
1.370909e-01 4.804380e+03 3.652632e+03 
1.421313e-01 4.600828e+03 3.446516e+03 
1.471717e-01 4.346220e+03 3.256262e+03 
1.522121e-01 4.056916e+03 3.080348e+03 
1.572525e-01 3.757473e+03 2.917425e+03 
1.622929e-01 3.474042e+03 2.766294e+03 
1.673333e-01 3.228225e+03 2.625886e+03 
1.723737e-01 3.032485e+03 2.495248e+03 
1.774141e-01 2.888365e+03 2.373529e+03 
1.824545e-01 2.788346e+03 2.259963e+03 
1.874949e-01 2.719676e+03 2.153865e+03 
1.925354e-01 2.667318e+03 2.054618e+03 
1.975758e-01 2.616169e+03 1.961664e+03 
2.026162e-01 2.553584e+03 1.874503e+03 
2.076566e-01 2.472245e+03 1.792678e+03 
2.126970e-01 2.371586e+03 1.715779e+03 
2.177374e-01 2.256553e+03 1.643430e+03 
2.227778e-01 2.135204e+03 1.575293e+03 
2.278182e-01 2.016532e+03 1.511057e+03 
2.328586e-01 1.908685e+03 1.450441e+03 
2.378990e-01 1.817025e+03 1.393186e+03 
2.429394e-01 1.743492e+03 1.339057e+03 
2.479798e-01 1.687009e+03 1.287838e+03 
2.530202e-01 1.644167e+03 1.239330e+03 
2.580606e-01 1.609937e+03 1.193352e+03 
2.631010e-01 1.578569e+03 1.149737e+03 
2.681414e-01 1.544914e+03 1.108331e+03 
2.731818e-01 1.505704e+03 1.068992e+03 
2.782222e-01 1.459973e+03 1.031589e+03 
2.832626e-01 1.408637e+03 9.960006e+02 
2.883030e-01 1.353820e+03 9.621158e+02 
2.933434e-01 1.298312e+03 9.298309e+02 
2.983838e-01 1.245203e+03 8.990497e+02 
3.034242e-01 1.197163e+03 8.696834e+02 
3.084646e-01 1.155662e+03 8.416492e+02 
3.135051e-01 1.120836e+03 8.148703e+02 
3.185455e-01 1.091808e+03 7.892753e+02 
3.235859e-01 1.067094e+03 7.647975e+02 
3.286263e-01 1.044880e+03 7.413749e+02 
3.336667e-01 1.023332e+03 7.189497e+02 
3.387071e-01 1.000842e+03 6.974676e+02 
3.437475e-01 9.764486e+02 6.768782e+02 
3.487879e-01 9.500309e+02 6.571344e+02 
3.538283e-01 9.221110e+02 6.381917e+02 
3.588687e-01 8.935788e+02 6.200088e+02 
3.639091e-01 8.654405e+02 6.025469e+02 
3.689495e-01 8.386547e+02 5.857695e+02 
3.739899e-01 8.139766e+02 5.696424e+02 
3.790303e-01 7.918065e+02 5.541335e+02 
3.840707e-01 7.721417e+02 5.392125e+02 
3.891111e-01 7.546098e+02 5.248510e+02 
3.941515e-01 7.386186e+02 5.110222e+02 
3.991919e-01 7.235216e+02 4.977009e+02 
4.042323e-01 7.087212e+02 4.848634e+02 
4.092727e-01 6.937055e+02 4.724872e+02 
4.143131e-01 6.782055e+02 4.605511e+02 
4.193535e-01 6.622104e+02 4.490352e+02 
4.243939e-01 6.459420e+02 4.379206e+02 
4.294343e-01 6.297104e+02 4.271893e+02 
4.344747e-01 6.138287e+02 4.168246e+02 
4.395152e-01 5.986036e+02 4.068104e+02 
4.445556e-01 5.842787e+02 3.971316e+02 
4.495960e-01 5.709819e+02 3.877738e+02 
4.546364e-01 5.586874e+02 3.787234e+02 
4.596768e-01 5.472372e+02 3.699675e+02 
4.647172e-01 5.364067e+02 3.614939e+02 
4.697576e-01 5.259824e+02 3.532909e+02 
4.747980e-01 5.157897e+02 3.453474e+02 
4.798384e-01 5.056604e+02 3.376531e+02 
4.848788e-01 4.954795e+02 3.301977e+02 
4.899192e-01 4.852479e+02 3.229720e+02 
4.949596e-01 4.750372e+02 3.159668e+02 
5.000000e-01 4.649764e+02 3.091735e+02 
