1.000000e-03 4.350615e+03 4.350223e+03 
6.040404e-03 1.945195e+04 1.954333e+04 
1.108081e-02 2.675943e+04 2.670582e+04 
1.612121e-02 2.918631e+04 2.885351e+04 
2.116162e-02 2.852218e+04 2.761183e+04 
2.620202e-02 2.609369e+04 2.467610e+04 
3.124242e-02 2.294305e+04 2.155677e+04 
3.628283e-02 1.981652e+04 1.888340e+04 
4.132323e-02 1.715472e+04 1.670555e+04 
4.636364e-02 1.511457e+04 1.491937e+04 
5.140404e-02 1.372014e+04 1.342507e+04 
5.644444e-02 1.282438e+04 1.215172e+04 
6.148485e-02 1.224899e+04 1.105122e+04 
6.652525e-02 1.182142e+04 1.009011e+04 
7.156566e-02 1.137545e+04 9.244110e+03 
7.660606e-02 1.080344e+04 8.494869e+03 
8.164646e-02 1.006972e+04 7.827999e+03 
8.668687e-02 9.208872e+03 7.231926e+03 
9.172727e-02 8.295215e+03 6.697152e+03 
9.676768e-02 7.413290e+03 6.215772e+03 
1.018081e-01 6.638884e+03 5.781128e+03 
1.068485e-01 6.022973e+03 5.387568e+03 
1.118889e-01 5.580928e+03 5.030263e+03 
1.169293e-01 5.293657e+03 4.705059e+03 
1.219697e-01 5.120750e+03 4.408372e+03 
1.270101e-01 5.013690e+03 4.137089e+03 
1.320505e-01 4.924181e+03 3.888504e+03 
1.370909e-01 4.809991e+03 3.660250e+03 
1.421313e-01 4.642739e+03 3.450254e+03 
1.471717e-01 4.414028e+03 3.256694e+03 
1.522121e-01 4.134628e+03 3.077962e+03 
1.572525e-01 3.828053e+03 2.912638e+03 
1.622929e-01 3.523264e+03 2.759464e+03 
1.673333e-01 3.247526e+03 2.617320e+03 
1.723737e-01 3.020136e+03 2.485212e+03 
1.774141e-01 2.848481e+03 2.362250e+03 
1.824545e-01 2.729343e+03 2.247639e+03 
1.874949e-01 2.652371e+03 2.140666e+03 
1.925354e-01 2.602915e+03 2.040692e+03 
1.975758e-01 2.564277e+03 1.947140e+03 
2.026162e-01 2.520386e+03 1.859491e+03 
2.076566e-01 2.459313e+03 1.777276e+03 
2.126970e-01 2.375779e+03 1.700069e+03 
2.177374e-01 2.271225e+03 1.627486e+03 
2.227778e-01 2.152232e+03 1.559177e+03 
2.278182e-01 2.028300e+03 1.494825e+03 
2.328586e-01 1.909473e+03 1.434140e+03 
2.378990e-01 1.804007e+03 1.376858e+03 
2.429394e-01 1.716885e+03 1.322738e+03 
2.479798e-01 1.649466e+03 1.271558e+03 
2.530202e-01 1.600083e+03 1.223116e+03 
2.580606e-01 1.564575e+03 1.177228e+03 
2.631010e-01 1.536985e+03 1.133722e+03 
2.681414e-01 1.510964e+03 1.092442e+03 
2.731818e-01 1.481265e+03 1.053243e+03 
2.782222e-01 1.444786e+03 1.015993e+03 
2.832626e-01 1.400655e+03 9.805679e+02 
2.883030e-01 1.349826e+03 9.468548e+02 
2.933434e-01 1.294705e+03 9.147487e+02 
2.983838e-01 1.238729e+03 8.841522e+02 
3.034242e-01 1.185539e+03 8.549751e+02 
3.084646e-01 1.137971e+03 8.271339e+02 
3.135051e-01 1.097508e+03 8.005507e+02 
3.185455e-01 1.064302e+03 7.751533e+02 
3.235859e-01 1.037492e+03 7.508745e+02 
3.286263e-01 1.015503e+03 7.276515e+02 
3.336667e-01 9.962529e+02 7.054260e+02 
3.387071e-01 9.775492e+02 6.841434e+02 
3.437475e-01 9.575497e+02 6.637529e+02 
3.487879e-01 9.351924e+02 6.442067e+02 
3.538283e-01 9.102864e+02 6.254605e+02 
3.588687e-01 8.833222e+02 6.074724e+02 
3.639091e-01 8.552314e+02 5.902035e+02 
3.689495e-01 8.271806e+02 5.736171e+02 
3.739899e-01 8.003626e+02 5.576787e+02 
3.790303e-01 7.757429e+02 5.423563e+02 
3.840707e-01 7.538711e+02 5.276193e+02 
3.891111e-01 7.348000e+02 5.134393e+02 
3.941515e-01 7.181844e+02 4.997895e+02 
3.991919e-01 7.034300e+02 4.866445e+02 
4.042323e-01 6.897945e+02 4.739805e+02 
4.092727e-01 6.765187e+02 4.617752e+02 
4.143131e-01 6.629595e+02 4.500072e+02 
4.193535e-01 6.487328e+02 4.386565e+02 
4.243939e-01 6.337722e+02 4.277044e+02 
4.294343e-01 6.182497e+02 4.171329e+02 
4.344747e-01 6.024726e+02 4.069251e+02 
4.395152e-01 5.868167e+02 3.970651e+02 
4.445556e-01 5.716990e+02 3.875377e+02 
4.495960e-01 5.574944e+02 3.783286e+02 
4.546364e-01 5.443968e+02 3.694242e+02 
4.596768e-01 5.324262e+02 3.608117e+02 
4.647172e-01 5.214507e+02 3.524787e+02 
4.697576e-01 5.112634e+02 3.444138e+02 
4.747980e-01 5.016283e+02 3.366058e+02 
4.798384e-01 4.922769e+02 3.290444e+02 
4.848788e-01 4.829673e+02 3.217196e+02 
4.899192e-01 4.735303e+02 3.146219e+02 
4.949596e-01 4.639323e+02 3.077423e+02 
5.000000e-01 4.542367e+02 3.010723e+02 
