1.000000e-03 2.528365e+03 2.528126e+03 
6.040404e-03 1.123801e+04 1.127983e+04 
1.108081e-02 1.547072e+04 1.530806e+04 
1.612121e-02 1.717340e+04 1.668414e+04 
2.116162e-02 1.742719e+04 1.662614e+04 
2.620202e-02 1.689341e+04 1.592733e+04 
3.124242e-02 1.600053e+04 1.500049e+04 
3.628283e-02 1.501308e+04 1.401422e+04 
4.132323e-02 1.407022e+04 1.303850e+04 
4.636364e-02 1.320857e+04 1.210552e+04 
5.140404e-02 1.245312e+04 1.123015e+04 
5.644444e-02 1.173514e+04 1.041811e+04 
6.148485e-02 1.104517e+04 9.670013e+03 
6.652525e-02 1.036471e+04 8.983667e+03 
7.156566e-02 9.691584e+03 8.355438e+03 
7.660606e-02 9.040888e+03 7.781032e+03 
8.164646e-02 8.438526e+03 7.255975e+03 
8.668687e-02 7.900098e+03 6.775875e+03 
9.172727e-02 7.424757e+03 6.336568e+03 
9.676768e-02 7.006360e+03 5.934191e+03 
1.018081e-01 6.638244e+03 5.565205e+03 
1.068485e-01 6.308090e+03 5.226399e+03 
1.118889e-01 5.997587e+03 4.914875e+03 
1.169293e-01 5.693952e+03 4.628026e+03 
1.219697e-01 5.395196e+03 4.363513e+03 
1.270101e-01 5.106002e+03 4.119243e+03 
1.320505e-01 4.832297e+03 3.893338e+03 
1.370909e-01 4.578614e+03 3.684117e+03 
1.421313e-01 4.347597e+03 3.490074e+03 
1.471717e-01 4.138931e+03 3.309858e+03 
1.522121e-01 3.950296e+03 3.142256e+03 
1.572525e-01 3.778562e+03 2.986179e+03 
1.622929e-01 3.619830e+03 2.840646e+03 
1.673333e-01 3.469705e+03 2.704774e+03 
1.723737e-01 3.325097e+03 2.577767e+03 
1.774141e-01 3.185087e+03 2.458904e+03 
1.824545e-01 3.050426e+03 2.347535e+03 
1.874949e-01 2.922082e+03 2.243070e+03 
1.925354e-01 2.800710e+03 2.144974e+03 
1.975758e-01 2.687048e+03 2.052761e+03 
2.026162e-01 2.581566e+03 1.965989e+03 
2.076566e-01 2.483759e+03 1.884256e+03 
2.126970e-01 2.392191e+03 1.807194e+03 
2.177374e-01 2.305755e+03 1.734468e+03 
2.227778e-01 2.223683e+03 1.665771e+03 
2.278182e-01 2.145272e+03 1.600822e+03 
2.328586e-01 2.069915e+03 1.539363e+03 
2.378990e-01 1.997560e+03 1.481159e+03 
2.429394e-01 1.928457e+03 1.425991e+03 
2.479798e-01 1.862682e+03 1.373660e+03 
2.530202e-01 1.800077e+03 1.323982e+03 
2.580606e-01 1.740535e+03 1.276787e+03 
2.631010e-01 1.684085e+03 1.231918e+03 
2.681414e-01 1.630634e+03 1.189229e+03 
2.731818e-01 1.579810e+03 1.148588e+03 
2.782222e-01 1.531125e+03 1.109869e+03 
2.832626e-01 1.484345e+03 1.072957e+03 
2.883030e-01 1.439488e+03 1.037746e+03 
2.933434e-01 1.396524e+03 1.004136e+03 
2.983838e-01 1.355294e+03 9.720351e+02 
3.034242e-01 1.315641e+03 9.413570e+02 
3.084646e-01 1.277597e+03 9.120219e+02 
3.135051e-01 1.241192e+03 8.839550e+02 
3.185455e-01 1.206348e+03 8.570868e+02 
3.235859e-01 1.172914e+03 8.313523e+02 
3.286263e-01 1.140763e+03 8.066906e+02 
3.336667e-01 1.109854e+03 7.830450e+02 
3.387071e-01 1.080160e+03 7.603621e+02 
3.437475e-01 1.051603e+03 7.385922e+02 
3.487879e-01 1.024060e+03 7.176885e+02 
3.538283e-01 9.974590e+02 6.976072e+02 
3.588687e-01 9.718357e+02 6.783070e+02 
3.639091e-01 9.471807e+02 6.597493e+02 
3.689495e-01 9.234227e+02 6.418978e+02 
3.739899e-01 9.004868e+02 6.247182e+02 
3.790303e-01 8.783442e+02 6.081782e+02 
3.840707e-01 8.569864e+02 5.922477e+02 
3.891111e-01 8.363870e+02 5.768978e+02 
3.941515e-01 8.164845e+02 5.621017e+02 
3.991919e-01 7.972228e+02 5.478339e+02 
4.042323e-01 7.785950e+02 5.340704e+02 
4.092727e-01 7.605925e+02 5.207883e+02 
4.143131e-01 7.431882e+02 5.079663e+02 
4.193535e-01 7.263382e+02 4.955839e+02 
4.243939e-01 7.100115e+02 4.836220e+02 
4.294343e-01 6.942101e+02 4.720624e+02 
4.344747e-01 6.789186e+02 4.608877e+02 
4.395152e-01 6.641053e+02 4.500816e+02 
4.445556e-01 6.497420e+02 4.396286e+02 
4.495960e-01 6.358122e+02 4.295140e+02 
4.546364e-01 6.223042e+02 4.197237e+02 
4.596768e-01 6.092133e+02 4.102445e+02 
4.647172e-01 5.965150e+02 4.010637e+02 
4.697576e-01 5.841775e+02 3.921694e+02 
4.747980e-01 5.721903e+02 3.835501e+02 
4.798384e-01 5.605667e+02 3.751949e+02 
4.848788e-01 5.492797e+02 3.670936e+02 
4.899192e-01 5.383052e+02 3.592362e+02 
4.949596e-01 5.276352e+02 3.516134e+02 
5.000000e-01 5.172665e+02 3.442162e+02 
