1.000000e-03 6.271001e+03 6.270403e+03 
6.040404e-03 2.795638e+04 2.809060e+04 
1.108081e-02 3.776365e+04 3.774486e+04 
1.612121e-02 4.025173e+04 3.991019e+04 
2.116162e-02 3.822071e+04 3.702240e+04 
2.620202e-02 3.375984e+04 3.178480e+04 
3.124242e-02 2.849853e+04 2.663963e+04 
3.628283e-02 2.356352e+04 2.250765e+04 
4.132323e-02 1.956437e+04 1.934060e+04 
4.636364e-02 1.666110e+04 1.687905e+04 
5.140404e-02 1.481744e+04 1.491003e+04 
5.644444e-02 1.376600e+04 1.329229e+04 
6.148485e-02 1.321688e+04 1.193495e+04 
6.652525e-02 1.288444e+04 1.077803e+04 
7.156566e-02 1.253516e+04 9.780135e+03 
7.660606e-02 1.199166e+04 8.911462e+03 
8.164646e-02 1.117512e+04 8.149690e+03 
8.668687e-02 1.012352e+04 7.477580e+03 
9.172727e-02 8.955330e+03 6.881487e+03 
9.676768e-02 7.812433e+03 6.350405e+03 
1.018081e-01 6.815216e+03 5.875319e+03 
1.068485e-01 6.037454e+03 5.448759e+03 
1.118889e-01 5.501383e+03 5.064475e+03 
1.169293e-01 5.185883e+03 4.717195e+03 
1.219697e-01 5.040845e+03 4.402442e+03 
1.270101e-01 4.999442e+03 4.116390e+03 
1.320505e-01 4.989423e+03 3.855755e+03 
1.370909e-01 4.946534e+03 3.617703e+03 
1.421313e-01 4.826240e+03 3.399777e+03 
1.471717e-01 4.609309e+03 3.199842e+03 
1.522121e-01 4.302841e+03 3.016032e+03 
1.572525e-01 3.938280e+03 2.846712e+03 
1.622929e-01 3.562132e+03 2.690448e+03 
1.673333e-01 3.219172e+03 2.545972e+03 
1.723737e-01 2.938806e+03 2.412166e+03 
1.774141e-01 2.732686e+03 2.288037e+03 
1.824545e-01 2.599594e+03 2.172703e+03 
1.874949e-01 2.529419e+03 2.065380e+03 
1.925354e-01 2.503888e+03 1.965364e+03 
1.975758e-01 2.498593e+03 1.872029e+03 
2.026162e-01 2.488776e+03 1.784811e+03 
2.076566e-01 2.455550e+03 1.703203e+03 
2.126970e-01 2.388889e+03 1.626750e+03 
2.177374e-01 2.287449e+03 1.555039e+03 
2.227778e-01 2.157993e+03 1.487699e+03 
2.278182e-01 2.013808e+03 1.424392e+03 
2.328586e-01 1.870807e+03 1.364813e+03 
2.378990e-01 1.742627e+03 1.308683e+03 
2.429394e-01 1.637925e+03 1.255750e+03 
2.479798e-01 1.560412e+03 1.205782e+03 
2.530202e-01 1.509239e+03 1.158570e+03 
2.580606e-01 1.479535e+03 1.113919e+03 
2.631010e-01 1.463322e+03 1.071655e+03 
2.681414e-01 1.451549e+03 1.031614e+03 
2.731818e-01 1.436224e+03 9.936488e+02 
2.782222e-01 1.411589e+03 9.576223e+02 
2.832626e-01 1.374587e+03 9.234086e+02 
2.883030e-01 1.325143e+03 8.908919e+02 
2.933434e-01 1.266256e+03 8.599651e+02 
2.983838e-01 1.203101e+03 8.305294e+02 
3.034242e-01 1.141358e+03 8.024932e+02 
3.084646e-01 1.085605e+03 7.757720e+02 
3.135051e-01 1.038774e+03 7.502873e+02 
3.185455e-01 1.002112e+03 7.259661e+02 
3.235859e-01 9.752433e+02 7.027409e+02 
3.286263e-01 9.562687e+02 6.805488e+02 
3.336667e-01 9.422007e+02 6.593311e+02 
3.387071e-01 9.297092e+02 6.390335e+02 
3.437475e-01 9.158891e+02 6.196050e+02 
3.487879e-01 8.987102e+02 6.009982e+02 
3.538283e-01 8.771579e+02 5.831687e+02 
3.588687e-01 8.513202e+02 5.660753e+02 
3.639091e-01 8.223106e+02 5.496791e+02 
3.689495e-01 7.919171e+02 5.339439e+02 
3.739899e-01 7.620993e+02 5.188356e+02 
3.790303e-01 7.345173e+02 5.043224e+02 
3.840707e-01 7.103378e+02 4.903743e+02 
3.891111e-01 6.901089e+02 4.769634e+02 
3.941515e-01 6.736962e+02 4.640631e+02 
3.991919e-01 6.603820e+02 4.516486e+02 
4.042323e-01 6.490576e+02 4.396967e+02 
4.092727e-01 6.385457e+02 4.281852e+02 
4.143131e-01 6.278031e+02 4.170935e+02 
4.193535e-01 6.160576e+02 4.064019e+02 
4.243939e-01 6.028547e+02 3.960921e+02 
4.294343e-01 5.881655e+02 3.861466e+02 
4.344747e-01 5.723783e+02 3.765490e+02 
4.395152e-01 5.561620e+02 3.672838e+02 
4.445556e-01 5.401762e+02 3.583361e+02 
4.495960e-01 5.250204e+02 3.496921e+02 
4.546364e-01 5.111519e+02 3.413387e+02 
4.596768e-01 4.988502e+02 3.332633e+02 
4.647172e-01 4.881007e+02 3.254541e+02 
4.697576e-01 4.786506e+02 3.178998e+02 
4.747980e-01 4.701122e+02 3.105899e+02 
4.798384e-01 4.620477e+02 3.035143e+02 
4.848788e-01 4.540818e+02 2.966632e+02 
4.899192e-01 4.458868e+02 2.900277e+02 
4.949596e-01 4.372651e+02 2.835990e+02 
5.000000e-01 4.281915e+02 2.773689e+02 
