1.000000e-03 2.472689e+03 2.472466e+03 
6.040404e-03 1.130424e+04 1.134792e+04 
1.108081e-02 1.576323e+04 1.563464e+04 
1.612121e-02 1.757440e+04 1.715320e+04 
2.116162e-02 1.778613e+04 1.704651e+04 
2.620202e-02 1.710225e+04 1.620481e+04 
3.124242e-02 1.601940e+04 1.515155e+04 
3.628283e-02 1.486446e+04 1.408306e+04 
4.132323e-02 1.381770e+04 1.305943e+04 
4.636364e-02 1.292934e+04 1.209973e+04 
5.140404e-02 1.221729e+04 1.120992e+04 
5.644444e-02 1.158984e+04 1.039046e+04 
6.148485e-02 1.099378e+04 9.638982e+03 
6.652525e-02 1.039212e+04 8.951577e+03 
7.156566e-02 9.754304e+03 8.323621e+03 
7.660606e-02 9.088360e+03 7.750242e+03 
8.164646e-02 8.431260e+03 7.226617e+03 
8.668687e-02 7.823712e+03 6.748146e+03 
9.172727e-02 7.288302e+03 6.310542e+03 
9.676768e-02 6.832406e+03 5.909864e+03 
1.018081e-01 6.455501e+03 5.542531e+03 
1.068485e-01 6.146427e+03 5.205305e+03 
1.118889e-01 5.881109e+03 4.895276e+03 
1.169293e-01 5.631154e+03 4.609830e+03 
1.219697e-01 5.377031e+03 4.346630e+03 
1.270101e-01 5.112622e+03 4.103582e+03 
1.320505e-01 4.841697e+03 3.878813e+03 
1.370909e-01 4.573096e+03 3.670647e+03 
1.421313e-01 4.316618e+03 3.477582e+03 
1.471717e-01 4.080992e+03 3.298272e+03 
1.522121e-01 3.871615e+03 3.131509e+03 
1.572525e-01 3.690611e+03 2.976210e+03 
1.622929e-01 3.535805e+03 2.831398e+03 
1.673333e-01 3.400636e+03 2.696195e+03 
1.723737e-01 3.276457e+03 2.569808e+03 
1.774141e-01 3.156106e+03 2.451520e+03 
1.824545e-01 3.036020e+03 2.340685e+03 
1.874949e-01 2.915065e+03 2.236716e+03 
1.925354e-01 2.793566e+03 2.139081e+03 
1.975758e-01 2.673417e+03 2.047297e+03 
2.026162e-01 2.558282e+03 1.960924e+03 
2.076566e-01 2.451541e+03 1.879562e+03 
2.126970e-01 2.354579e+03 1.802846e+03 
2.177374e-01 2.266960e+03 1.730442e+03 
2.227778e-01 2.187349e+03 1.662045e+03 
2.278182e-01 2.114261e+03 1.597376e+03 
2.328586e-01 2.045855e+03 1.536179e+03 
2.378990e-01 1.980060e+03 1.478219e+03 
2.429394e-01 1.915470e+03 1.423280e+03 
2.479798e-01 1.851677e+03 1.371162e+03 
2.530202e-01 1.788976e+03 1.321684e+03 
2.580606e-01 1.727909e+03 1.274675e+03 
2.631010e-01 1.669094e+03 1.229981e+03 
2.681414e-01 1.613290e+03 1.187456e+03 
2.731818e-01 1.561041e+03 1.146968e+03 
2.782222e-01 1.512393e+03 1.108393e+03 
2.832626e-01 1.466884e+03 1.071616e+03 
2.883030e-01 1.423916e+03 1.036531e+03 
2.933434e-01 1.382963e+03 1.003040e+03 
2.983838e-01 1.343599e+03 9.710501e+02 
3.034242e-01 1.305493e+03 9.404765e+02 
3.084646e-01 1.268376e+03 9.112394e+02 
3.135051e-01 1.232173e+03 8.832646e+02 
3.185455e-01 1.197018e+03 8.564829e+02 
3.235859e-01 1.163141e+03 8.308297e+02 
3.286263e-01 1.130692e+03 8.062443e+02 
3.336667e-01 1.099706e+03 7.826704e+02 
3.387071e-01 1.070152e+03 7.600550e+02 
3.437475e-01 1.041964e+03 7.383485e+02 
3.487879e-01 1.015040e+03 7.175045e+02 
3.538283e-01 9.892237e+02 6.974792e+02 
3.588687e-01 9.643227e+02 6.782317e+02 
3.639091e-01 9.401716e+02 6.597236e+02 
3.689495e-01 9.167274e+02 6.419187e+02 
3.739899e-01 8.940115e+02 6.247828e+02 
3.790303e-01 8.720291e+02 6.082841e+02 
3.840707e-01 8.507563e+02 5.923922e+02 
3.891111e-01 8.301821e+02 5.770788e+02 
3.941515e-01 8.103396e+02 5.623169e+02 
3.991919e-01 7.912362e+02 5.480813e+02 
4.042323e-01 7.728550e+02 5.343479e+02 
4.092727e-01 7.551348e+02 5.210942e+02 
4.143131e-01 7.379928e+02 5.082988e+02 
4.193535e-01 7.213847e+02 4.959415e+02 
4.243939e-01 7.052998e+02 4.840031e+02 
4.294343e-01 6.897158e+02 4.724654e+02 
4.344747e-01 6.745934e+02 4.613114e+02 
4.395152e-01 6.598867e+02 4.505246e+02 
4.445556e-01 6.456187e+02 4.400897e+02 
4.495960e-01 6.317947e+02 4.299920e+02 
4.546364e-01 6.184119e+02 4.202176e+02 
4.596768e-01 6.054418e+02 4.107532e+02 
4.647172e-01 5.928470e+02 4.015863e+02 
4.697576e-01 5.806277e+02 3.927049e+02 
4.747980e-01 5.687943e+02 3.840976e+02 
4.798384e-01 5.573079e+02 3.757537e+02 
4.848788e-01 5.461427e+02 3.676628e+02 
4.899192e-01 5.352737e+02 3.598151e+02 
4.949596e-01 5.247083e+02 3.522012e+02 
5.000000e-01 5.144391e+02 3.448123e+02 
