1.000000e-03 2.598905e+03 2.598658e+03 
6.040404e-03 1.155708e+04 1.159991e+04 
1.108081e-02 1.586071e+04 1.569394e+04 
1.612121e-02 1.754426e+04 1.704413e+04 
2.116162e-02 1.773645e+04 1.691940e+04 
2.620202e-02 1.712745e+04 1.614952e+04 
3.124242e-02 1.616380e+04 1.516312e+04 
3.628283e-02 1.511962e+04 1.413024e+04 
4.132323e-02 1.413655e+04 1.311844e+04 
4.636364e-02 1.325031e+04 1.215746e+04 
5.140404e-02 1.248216e+04 1.126029e+04 
5.644444e-02 1.175655e+04 1.043122e+04 
6.148485e-02 1.105943e+04 9.669831e+03 
6.652525e-02 1.036848e+04 8.973127e+03 
7.156566e-02 9.683924e+03 8.336855e+03 
7.660606e-02 9.022039e+03 7.756243e+03 
8.164646e-02 8.408908e+03 7.226442e+03 
8.668687e-02 7.860883e+03 6.742764e+03 
9.172727e-02 7.378897e+03 6.300812e+03 
9.676768e-02 6.958260e+03 5.896536e+03 
1.018081e-01 6.591573e+03 5.526248e+03 
1.068485e-01 6.263970e+03 5.186618e+03 
1.118889e-01 5.955689e+03 4.874651e+03 
1.169293e-01 5.653356e+03 4.587665e+03 
1.219697e-01 5.355270e+03 4.323259e+03 
1.270101e-01 5.065693e+03 4.079286e+03 
1.320505e-01 4.790410e+03 3.853830e+03 
1.370909e-01 4.534767e+03 3.645175e+03 
1.421313e-01 4.302552e+03 3.451789e+03 
1.471717e-01 4.093715e+03 3.272298e+03 
1.522121e-01 3.905747e+03 3.105472e+03 
1.572525e-01 3.735234e+03 2.950206e+03 
1.622929e-01 3.578242e+03 2.805509e+03 
1.673333e-01 3.430207e+03 2.670486e+03 
1.723737e-01 3.287312e+03 2.544335e+03 
1.774141e-01 3.148468e+03 2.426329e+03 
1.824545e-01 3.014486e+03 2.315812e+03 
1.874949e-01 2.886526e+03 2.212190e+03 
1.925354e-01 2.765405e+03 2.114925e+03 
1.975758e-01 2.652115e+03 2.023529e+03 
2.026162e-01 2.547089e+03 1.937557e+03 
2.076566e-01 2.449849e+03 1.856607e+03 
2.126970e-01 2.359219e+03 1.780309e+03 
2.177374e-01 2.273884e+03 1.708327e+03 
2.227778e-01 2.192892e+03 1.640354e+03 
2.278182e-01 2.115382e+03 1.576109e+03 
2.328586e-01 2.040848e+03 1.515335e+03 
2.378990e-01 1.969283e+03 1.457794e+03 
2.429394e-01 1.900899e+03 1.403270e+03 
2.479798e-01 1.835650e+03 1.351563e+03 
2.530202e-01 1.773446e+03 1.302489e+03 
2.580606e-01 1.714394e+03 1.255879e+03 
2.631010e-01 1.658593e+03 1.211577e+03 
2.681414e-01 1.605834e+03 1.169437e+03 
2.731818e-01 1.555584e+03 1.129326e+03 
2.782222e-01 1.507438e+03 1.091120e+03 
2.832626e-01 1.461298e+03 1.054706e+03 
2.883030e-01 1.417115e+03 1.019975e+03 
2.933434e-01 1.374712e+03 9.868304e+02 
2.983838e-01 1.333910e+03 9.551792e+02 
3.034242e-01 1.294689e+03 9.249364e+02 
3.084646e-01 1.257125e+03 8.960222e+02 
3.135051e-01 1.221202e+03 8.683628e+02 
3.185455e-01 1.186781e+03 8.418887e+02 
3.235859e-01 1.153727e+03 8.165356e+02 
3.286263e-01 1.121995e+03 7.922431e+02 
3.336667e-01 1.091562e+03 7.689547e+02 
3.387071e-01 1.062320e+03 7.466177e+02 
3.437475e-01 1.034129e+03 7.251827e+02 
3.487879e-01 1.006928e+03 7.046033e+02 
3.538283e-01 9.807184e+02 6.848360e+02 
3.588687e-01 9.554879e+02 6.658400e+02 
3.639091e-01 9.311742e+02 6.475770e+02 
3.689495e-01 9.077126e+02 6.300111e+02 
3.739899e-01 8.850821e+02 6.131082e+02 
3.790303e-01 8.632807e+02 5.968365e+02 
3.840707e-01 8.422575e+02 5.811659e+02 
3.891111e-01 8.219484e+02 5.660683e+02 
3.941515e-01 8.023151e+02 5.515167e+02 
3.991919e-01 7.833467e+02 5.374861e+02 
4.042323e-01 7.650256e+02 5.239527e+02 
4.092727e-01 7.473074e+02 5.108940e+02 
4.143131e-01 7.301427e+02 4.982887e+02 
4.193535e-01 7.135231e+02 4.861167e+02 
4.243939e-01 6.974599e+02 4.743591e+02 
4.294343e-01 6.819165e+02 4.629978e+02 
4.344747e-01 6.668565e+02 4.520158e+02 
4.395152e-01 6.522558e+02 4.413969e+02 
4.445556e-01 6.381111e+02 4.311258e+02 
4.495960e-01 6.244166e+02 4.211879e+02 
4.546364e-01 6.111365e+02 4.115694e+02 
4.596768e-01 5.982392e+02 4.022573e+02 
4.647172e-01 5.857236e+02 3.932389e+02 
4.697576e-01 5.735872e+02 3.845025e+02 
4.747980e-01 5.618122e+02 3.760369e+02 
4.798384e-01 5.503760e+02 3.678312e+02 
4.848788e-01 5.392584e+02 3.598753e+02 
4.899192e-01 5.284554e+02 3.521595e+02 
4.949596e-01 5.179672e+02 3.446745e+02 
5.000000e-01 5.077799e+02 3.374115e+02 
