1.000000e-03 3.274025e+03 3.273710e+03 
6.040404e-03 1.466984e+04 1.472597e+04 
1.108081e-02 2.008882e+04 1.994494e+04 
1.612121e-02 2.196192e+04 2.147243e+04 
2.116162e-02 2.172792e+04 2.082434e+04 
2.620202e-02 2.036448e+04 1.927247e+04 
3.124242e-02 1.857006e+04 1.759263e+04 
3.628283e-02 1.680104e+04 1.603625e+04 
4.132323e-02 1.529759e+04 1.463986e+04 
4.636364e-02 1.412467e+04 1.339141e+04 
5.140404e-02 1.324975e+04 1.227370e+04 
5.644444e-02 1.256210e+04 1.127142e+04 
6.148485e-02 1.194487e+04 1.037140e+04 
6.652525e-02 1.130780e+04 9.562117e+03 
7.156566e-02 1.060140e+04 8.833377e+03 
7.660606e-02 9.827317e+03 8.176125e+03 
8.164646e-02 9.030209e+03 7.582333e+03 
8.668687e-02 8.268514e+03 7.044897e+03 
9.172727e-02 7.589021e+03 6.557547e+03 
9.676768e-02 7.022052e+03 6.114760e+03 
1.018081e-01 6.578288e+03 5.711675e+03 
1.068485e-01 6.243964e+03 5.344016e+03 
1.118889e-01 5.983786e+03 5.008021e+03 
1.169293e-01 5.756646e+03 4.700379e+03 
1.219697e-01 5.529742e+03 4.418172e+03 
1.270101e-01 5.283052e+03 4.158826e+03 
1.320505e-01 5.010082e+03 3.920066e+03 
1.370909e-01 4.717788e+03 3.699879e+03 
1.421313e-01 4.422357e+03 3.496482e+03 
1.471717e-01 4.141828e+03 3.308288e+03 
1.522121e-01 3.889969e+03 3.133888e+03 
1.572525e-01 3.675724e+03 2.972027e+03 
1.622929e-01 3.501549e+03 2.821581e+03 
1.673333e-01 3.362116e+03 2.681546e+03 
1.723737e-01 3.245976e+03 2.551024e+03 
1.774141e-01 3.140468e+03 2.429206e+03 
1.824545e-01 3.035779e+03 2.315366e+03 
1.874949e-01 2.925905e+03 2.208849e+03 
1.925354e-01 2.808243e+03 2.109064e+03 
1.975758e-01 2.683999e+03 2.015476e+03 
2.026162e-01 2.558128e+03 1.927603e+03 
2.076566e-01 2.436760e+03 1.845005e+03 
2.126970e-01 2.324965e+03 1.767284e+03 
2.177374e-01 2.225577e+03 1.694076e+03 
2.227778e-01 2.139207e+03 1.625052e+03 
2.278182e-01 2.064596e+03 1.559910e+03 
2.328586e-01 1.998910e+03 1.498374e+03 
2.378990e-01 1.938740e+03 1.440192e+03 
2.429394e-01 1.880898e+03 1.385134e+03 
2.479798e-01 1.822887e+03 1.332986e+03 
2.530202e-01 1.763305e+03 1.283555e+03 
2.580606e-01 1.702157e+03 1.236661e+03 
2.631010e-01 1.640774e+03 1.192140e+03 
2.681414e-01 1.581013e+03 1.149839e+03 
2.731818e-01 1.524362e+03 1.109618e+03 
2.782222e-01 1.471721e+03 1.071347e+03 
2.832626e-01 1.423529e+03 1.034907e+03 
2.883030e-01 1.379776e+03 1.000186e+03 
2.933434e-01 1.339870e+03 9.670818e+02 
2.983838e-01 1.302680e+03 9.354981e+02 
3.034242e-01 1.267105e+03 9.053464e+02 
3.084646e-01 1.232341e+03 8.765443e+02 
3.135051e-01 1.197938e+03 8.490150e+02 
3.185455e-01 1.163732e+03 8.226869e+02 
3.235859e-01 1.129791e+03 7.974935e+02 
3.286263e-01 1.096503e+03 7.733725e+02 
3.336667e-01 1.064375e+03 7.502658e+02 
3.387071e-01 1.033807e+03 7.281191e+02 
3.437475e-01 1.004999e+03 7.068817e+02 
3.487879e-01 9.779255e+02 6.865061e+02 
3.538283e-01 9.524495e+02 6.669476e+02 
3.588687e-01 9.283463e+02 6.481645e+02 
3.639091e-01 9.052943e+02 6.301178e+02 
3.689495e-01 8.829921e+02 6.127705e+02 
3.739899e-01 8.612350e+02 5.960881e+02 
3.790303e-01 8.399382e+02 5.800381e+02 
3.840707e-01 8.190855e+02 5.645900e+02 
3.891111e-01 7.986893e+02 5.497149e+02 
3.941515e-01 7.788469e+02 5.353858e+02 
3.991919e-01 7.596820e+02 5.215770e+02 
4.042323e-01 7.413073e+02 5.082645e+02 
4.092727e-01 7.237368e+02 4.954255e+02 
4.143131e-01 7.068941e+02 4.830384e+02 
4.193535e-01 6.907228e+02 4.710831e+02 
4.243939e-01 6.751783e+02 4.595402e+02 
4.294343e-01 6.601793e+02 4.483916e+02 
4.344747e-01 6.456189e+02 4.376201e+02 
4.395152e-01 6.314207e+02 4.272093e+02 
4.445556e-01 6.175717e+02 4.171440e+02 
4.495960e-01 6.040906e+02 4.074093e+02 
4.546364e-01 5.909796e+02 3.979914e+02 
4.596768e-01 5.782315e+02 3.888772e+02 
4.647172e-01 5.658615e+02 3.800541e+02 
4.697576e-01 5.538929e+02 3.715103e+02 
4.747980e-01 5.423477e+02 3.632344e+02 
4.798384e-01 5.311897e+02 3.552157e+02 
4.848788e-01 5.203730e+02 3.474439e+02 
4.899192e-01 5.098784e+02 3.399094e+02 
4.949596e-01 4.996892e+02 3.326029e+02 
5.000000e-01 4.897915e+02 3.255155e+02 
