1.000000e-03 4.760622e+03 4.760177e+03 
6.040404e-03 2.128195e+04 2.137972e+04 
1.108081e-02 2.904531e+04 2.898218e+04 
1.612121e-02 3.139264e+04 3.101529e+04 
2.116162e-02 3.037200e+04 2.935221e+04 
2.620202e-02 2.749203e+04 2.595592e+04 
3.124242e-02 2.392045e+04 2.248913e+04 
3.628283e-02 2.047256e+04 1.958070e+04 
4.132323e-02 1.760800e+04 1.724090e+04 
4.636364e-02 1.546600e+04 1.533767e+04 
5.140404e-02 1.404846e+04 1.375529e+04 
5.644444e-02 1.316564e+04 1.241386e+04 
6.148485e-02 1.261482e+04 1.125976e+04 
6.652525e-02 1.218762e+04 1.025592e+04 
7.156566e-02 1.171342e+04 9.375587e+03 
7.660606e-02 1.108454e+04 8.598555e+03 
8.164646e-02 1.027322e+04 7.909081e+03 
8.668687e-02 9.328619e+03 7.294548e+03 
9.172727e-02 8.341942e+03 6.744650e+03 
9.676768e-02 7.412670e+03 6.250847e+03 
1.018081e-01 6.622239e+03 5.805980e+03 
1.068485e-01 6.016179e+03 5.403998e+03 
1.118889e-01 5.598536e+03 5.039749e+03 
1.169293e-01 5.340471e+03 4.708822e+03 
1.219697e-01 5.194386e+03 4.407418e+03 
1.270101e-01 5.105103e+03 4.132257e+03 
1.320505e-01 5.017954e+03 3.880490e+03 
1.370909e-01 4.888663e+03 3.649634e+03 
1.421313e-01 4.693462e+03 3.437522e+03 
1.471717e-01 4.432063e+03 3.242251e+03 
1.522121e-01 4.122255e+03 3.062149e+03 
1.572525e-01 3.792802e+03 2.895741e+03 
1.622929e-01 3.476691e+03 2.741722e+03 
1.673333e-01 3.202756e+03 2.598935e+03 
1.723737e-01 2.987744e+03 2.466353e+03 
1.774141e-01 2.833795e+03 2.343060e+03 
1.824545e-01 2.732689e+03 2.228237e+03 
1.874949e-01 2.670589e+03 2.121153e+03 
1.925354e-01 2.630553e+03 2.021152e+03 
1.975758e-01 2.593896e+03 1.927642e+03 
2.026162e-01 2.543859e+03 1.840094e+03 
2.076566e-01 2.470241e+03 1.758028e+03 
2.126970e-01 2.371379e+03 1.681010e+03 
2.177374e-01 2.252636e+03 1.608649e+03 
2.227778e-01 2.123382e+03 1.540589e+03 
2.278182e-01 1.994506e+03 1.476507e+03 
2.328586e-01 1.876231e+03 1.416109e+03 
2.378990e-01 1.776061e+03 1.359127e+03 
2.429394e-01 1.697462e+03 1.305316e+03 
2.479798e-01 1.639782e+03 1.254453e+03 
2.530202e-01 1.599128e+03 1.206334e+03 
2.580606e-01 1.569444e+03 1.160771e+03 
2.631010e-01 1.543905e+03 1.117592e+03 
2.681414e-01 1.516270e+03 1.076638e+03 
2.731818e-01 1.482089e+03 1.037764e+03 
2.782222e-01 1.439380e+03 1.000836e+03 
2.832626e-01 1.388558e+03 9.657311e+02 
2.883030e-01 1.332045e+03 9.323340e+02 
2.933434e-01 1.273495e+03 9.005394e+02 
2.983838e-01 1.216828e+03 8.702496e+02 
3.034242e-01 1.165382e+03 8.413741e+02 
3.084646e-01 1.121271e+03 8.138290e+02 
3.135051e-01 1.085157e+03 7.875364e+02 
3.185455e-01 1.056371e+03 7.624236e+02 
3.235859e-01 1.033201e+03 7.384235e+02 
3.286263e-01 1.013354e+03 7.154732e+02 
3.336667e-01 9.944774e+02 6.935143e+02 
3.387071e-01 9.745718e+02 6.724922e+02 
3.437475e-01 9.522831e+02 6.523561e+02 
3.487879e-01 9.271163e+02 6.330584e+02 
3.538283e-01 8.994782e+02 6.145546e+02 
3.588687e-01 8.704250e+02 5.968031e+02 
3.639091e-01 8.412975e+02 5.797649e+02 
3.689495e-01 8.133616e+02 5.634034e+02 
3.739899e-01 7.876121e+02 5.476845e+02 
3.790303e-01 7.647016e+02 5.325758e+02 
3.840707e-01 7.448326e+02 5.180472e+02 
3.891111e-01 7.277041e+02 5.040703e+02 
3.941515e-01 7.126082e+02 4.906183e+02 
3.991919e-01 6.986796e+02 4.776661e+02 
4.042323e-01 6.851109e+02 4.651900e+02 
4.092727e-01 6.712674e+02 4.531677e+02 
4.143131e-01 6.567434e+02 4.415780e+02 
4.193535e-01 6.414061e+02 4.304011e+02 
4.243939e-01 6.254023e+02 4.196182e+02 
4.294343e-01 6.091019e+02 4.092115e+02 
4.344747e-01 5.929810e+02 3.991644e+02 
4.395152e-01 5.774785e+02 3.894609e+02 
4.445556e-01 5.629290e+02 3.800860e+02 
4.495960e-01 5.495283e+02 3.710256e+02 
4.546364e-01 5.373063e+02 3.622660e+02 
4.596768e-01 5.261682e+02 3.537946e+02 
4.647172e-01 5.158456e+02 3.455992e+02 
4.697576e-01 5.060464e+02 3.376684e+02 
4.747980e-01 4.964854e+02 3.299912e+02 
4.798384e-01 4.869309e+02 3.225572e+02 
4.848788e-01 4.772499e+02 3.153566e+02 
4.899192e-01 4.674042e+02 3.083800e+02 
4.949596e-01 4.574408e+02 3.016186e+02 
5.000000e-01 4.474904e+02 2.950637e+02 
