1.000000e-03 3.272225e+03 3.271912e+03 
6.040404e-03 1.436444e+04 1.441890e+04 
1.108081e-02 1.951237e+04 1.935190e+04 
1.612121e-02 2.126885e+04 2.075218e+04 
2.116162e-02 2.106714e+04 2.016327e+04 
2.620202e-02 1.983618e+04 1.876680e+04 
3.124242e-02 1.821404e+04 1.723262e+04 
3.628283e-02 1.660567e+04 1.577960e+04 
4.132323e-02 1.521898e+04 1.445114e+04 
4.636364e-02 1.409899e+04 1.324745e+04 
5.140404e-02 1.324199e+04 1.216012e+04 
5.644444e-02 1.251869e+04 1.117927e+04 
6.148485e-02 1.184816e+04 1.029491e+04 
6.652525e-02 1.115832e+04 9.497453e+03 
7.156566e-02 1.042241e+04 8.777883e+03 
7.660606e-02 9.650928e+03 8.127907e+03 
8.164646e-02 8.885531e+03 7.539995e+03 
8.668687e-02 8.173975e+03 7.007386e+03 
9.172727e-02 7.549998e+03 6.524052e+03 
9.676768e-02 7.031235e+03 6.084642e+03 
1.018081e-01 6.618242e+03 5.684425e+03 
1.068485e-01 6.292031e+03 5.319222e+03 
1.118889e-01 6.018662e+03 4.985347e+03 
1.169293e-01 5.764035e+03 4.679546e+03 
1.219697e-01 5.504860e+03 4.398948e+03 
1.270101e-01 5.230254e+03 4.141016e+03 
1.320505e-01 4.940922e+03 3.903504e+03 
1.370909e-01 4.647417e+03 3.684426e+03 
1.421313e-01 4.364737e+03 3.482015e+03 
1.471717e-01 4.105470e+03 3.294705e+03 
1.522121e-01 3.876985e+03 3.121100e+03 
1.572525e-01 3.682548e+03 2.959955e+03 
1.622929e-01 3.520816e+03 2.810157e+03 
1.673333e-01 3.384428e+03 2.670711e+03 
1.723737e-01 3.262064e+03 2.540726e+03 
1.774141e-01 3.144069e+03 2.419398e+03 
1.824545e-01 3.025000e+03 2.306007e+03 
1.874949e-01 2.902823e+03 2.199903e+03 
1.925354e-01 2.777700e+03 2.100499e+03 
1.975758e-01 2.652004e+03 2.007264e+03 
2.026162e-01 2.530360e+03 1.919716e+03 
2.076566e-01 2.417220e+03 1.837421e+03 
2.126970e-01 2.315063e+03 1.759982e+03 
2.177374e-01 2.224150e+03 1.687037e+03 
2.227778e-01 2.143239e+03 1.618259e+03 
2.278182e-01 2.070335e+03 1.553346e+03 
2.328586e-01 2.002943e+03 1.492027e+03 
2.378990e-01 1.938558e+03 1.434048e+03 
2.429394e-01 1.875334e+03 1.379180e+03 
2.479798e-01 1.812256e+03 1.327213e+03 
2.530202e-01 1.749173e+03 1.277953e+03 
2.580606e-01 1.686895e+03 1.231221e+03 
2.631010e-01 1.626697e+03 1.186852e+03 
2.681414e-01 1.569664e+03 1.144696e+03 
2.731818e-01 1.516387e+03 1.104614e+03 
2.782222e-01 1.466991e+03 1.066474e+03 
2.832626e-01 1.421274e+03 1.030159e+03 
2.883030e-01 1.378734e+03 9.955581e+02 
2.933434e-01 1.338608e+03 9.625678e+02 
2.983838e-01 1.300155e+03 9.310932e+02 
3.034242e-01 1.262813e+03 9.010461e+02 
3.084646e-01 1.226308e+03 8.723442e+02 
3.135051e-01 1.190542e+03 8.449110e+02 
3.185455e-01 1.155617e+03 8.186752e+02 
3.235859e-01 1.121771e+03 7.935705e+02 
3.286263e-01 1.089276e+03 7.695348e+02 
3.336667e-01 1.058317e+03 7.465102e+02 
3.387071e-01 1.028927e+03 7.244427e+02 
3.437475e-01 1.001062e+03 7.032816e+02 
3.487879e-01 9.745949e+02 6.829795e+02 
3.538283e-01 9.493264e+02 6.634921e+02 
3.588687e-01 9.249989e+02 6.447777e+02 
3.639091e-01 9.014368e+02 6.267972e+02 
3.689495e-01 8.785708e+02 6.095141e+02 
3.739899e-01 8.563676e+02 5.928938e+02 
3.790303e-01 8.348015e+02 5.769040e+02 
3.840707e-01 8.138774e+02 5.615142e+02 
3.891111e-01 7.936361e+02 5.466956e+02 
3.941515e-01 7.741314e+02 5.324213e+02 
3.991919e-01 7.554075e+02 5.186657e+02 
4.042323e-01 7.374211e+02 5.054048e+02 
4.092727e-01 7.201016e+02 4.926160e+02 
4.143131e-01 7.033972e+02 4.802777e+02 
4.193535e-01 6.872721e+02 4.683697e+02 
4.243939e-01 6.716766e+02 4.568729e+02 
4.294343e-01 6.565455e+02 4.457691e+02 
4.344747e-01 6.418347e+02 4.350412e+02 
4.395152e-01 6.275373e+02 4.246729e+02 
4.445556e-01 6.136826e+02 4.146489e+02 
4.495960e-01 6.002614e+02 4.049545e+02 
4.546364e-01 5.872329e+02 3.955759e+02 
4.596768e-01 5.746040e+02 3.865000e+02 
4.647172e-01 5.623905e+02 3.777142e+02 
4.697576e-01 5.505753e+02 3.692068e+02 
4.747980e-01 5.391241e+02 3.609664e+02 
4.798384e-01 5.280053e+02 3.529824e+02 
4.848788e-01 5.172052e+02 3.452445e+02 
4.899192e-01 5.067254e+02 3.377430e+02 
4.949596e-01 4.965433e+02 3.304688e+02 
5.000000e-01 4.866230e+02 3.234130e+02 
