1.000000e-03 3.261533e+03 3.261233e+03 
6.040404e-03 1.451714e+04 1.457745e+04 
1.108081e-02 1.993065e+04 1.981507e+04 
1.612121e-02 2.184198e+04 2.141486e+04 
2.116162e-02 2.163348e+04 2.079426e+04 
2.620202e-02 2.025982e+04 1.919582e+04 
3.124242e-02 1.841813e+04 1.745157e+04 
3.628283e-02 1.657807e+04 1.585094e+04 
4.132323e-02 1.500011e+04 1.443340e+04 
4.636364e-02 1.376619e+04 1.317948e+04 
5.140404e-02 1.286229e+04 1.206526e+04 
5.644444e-02 1.218312e+04 1.107112e+04 
6.148485e-02 1.161210e+04 1.018139e+04 
6.652525e-02 1.104689e+04 9.383146e+03 
7.156566e-02 1.041794e+04 8.665439e+03 
7.660606e-02 9.705890e+03 8.018822e+03 
8.164646e-02 8.941310e+03 7.435073e+03 
8.668687e-02 8.180630e+03 6.907011e+03 
9.172727e-02 7.477120e+03 6.428350e+03 
9.676768e-02 6.870314e+03 5.993586e+03 
1.018081e-01 6.382897e+03 5.597893e+03 
1.068485e-01 6.015580e+03 5.237041e+03 
1.118889e-01 5.744920e+03 4.907312e+03 
1.169293e-01 5.532206e+03 4.605442e+03 
1.219697e-01 5.338886e+03 4.328557e+03 
1.270101e-01 5.136395e+03 4.074121e+03 
1.320505e-01 4.908242e+03 3.839899e+03 
1.370909e-01 4.651102e+03 3.623912e+03 
1.421313e-01 4.374131e+03 3.424404e+03 
1.471717e-01 4.094170e+03 3.239820e+03 
1.522121e-01 3.829219e+03 3.068776e+03 
1.572525e-01 3.593623e+03 2.910036e+03 
1.622929e-01 3.396198e+03 2.762498e+03 
1.673333e-01 3.238697e+03 2.625178e+03 
1.723737e-01 3.115117e+03 2.497193e+03 
1.774141e-01 3.014216e+03 2.377748e+03 
1.824545e-01 2.923940e+03 2.266131e+03 
1.874949e-01 2.834256e+03 2.161699e+03 
1.925354e-01 2.738120e+03 2.063873e+03 
1.975758e-01 2.632320e+03 1.972127e+03 
2.026162e-01 2.517880e+03 1.885988e+03 
2.076566e-01 2.399606e+03 1.805024e+03 
2.126970e-01 2.283828e+03 1.728844e+03 
2.177374e-01 2.175946e+03 1.657092e+03 
2.227778e-01 2.079668e+03 1.589444e+03 
2.278182e-01 1.996659e+03 1.525604e+03 
2.328586e-01 1.926293e+03 1.465302e+03 
2.378990e-01 1.866057e+03 1.408289e+03 
2.429394e-01 1.812470e+03 1.354340e+03 
2.479798e-01 1.762036e+03 1.303246e+03 
2.530202e-01 1.711813e+03 1.254817e+03 
2.580606e-01 1.659663e+03 1.208876e+03 
2.631010e-01 1.604837e+03 1.165262e+03 
2.681414e-01 1.548222e+03 1.123825e+03 
2.731818e-01 1.491668e+03 1.084428e+03 
2.782222e-01 1.437082e+03 1.046944e+03 
2.832626e-01 1.385794e+03 1.011254e+03 
2.883030e-01 1.338669e+03 9.772503e+02 
2.933434e-01 1.296178e+03 9.448315e+02 
2.983838e-01 1.258144e+03 9.139037e+02 
3.034242e-01 1.223694e+03 8.843800e+02 
3.084646e-01 1.191583e+03 8.561795e+02 
3.135051e-01 1.160622e+03 8.292267e+02 
3.185455e-01 1.130032e+03 8.034515e+02 
3.235859e-01 1.099411e+03 7.787886e+02 
3.286263e-01 1.068570e+03 7.551769e+02 
3.336667e-01 1.037669e+03 7.325594e+02 
3.387071e-01 1.007170e+03 7.108829e+02 
3.437475e-01 9.776815e+02 6.900976e+02 
3.487879e-01 9.496971e+02 6.701569e+02 
3.538283e-01 9.234486e+02 6.510170e+02 
3.588687e-01 8.989348e+02 6.326370e+02 
3.639091e-01 8.760303e+02 6.149786e+02 
3.689495e-01 8.545117e+02 5.980055e+02 
3.739899e-01 8.340357e+02 5.816839e+02 
3.790303e-01 8.142491e+02 5.659820e+02 
3.840707e-01 7.948702e+02 5.508698e+02 
3.891111e-01 7.757663e+02 5.363190e+02 
3.941515e-01 7.569151e+02 5.223031e+02 
3.991919e-01 7.383633e+02 5.087969e+02 
4.042323e-01 7.202074e+02 4.957769e+02 
4.092727e-01 7.025865e+02 4.832206e+02 
4.143131e-01 6.856573e+02 4.711071e+02 
4.193535e-01 6.695042e+02 4.594164e+02 
4.243939e-01 6.540992e+02 4.481297e+02 
4.294343e-01 6.393743e+02 4.372291e+02 
4.344747e-01 6.252674e+02 4.266978e+02 
4.395152e-01 6.116957e+02 4.165199e+02 
4.445556e-01 5.985634e+02 4.066801e+02 
4.495960e-01 5.857612e+02 3.971641e+02 
4.546364e-01 5.732128e+02 3.879583e+02 
4.596768e-01 5.609338e+02 3.790499e+02 
4.647172e-01 5.489366e+02 3.704264e+02 
4.697576e-01 5.372403e+02 3.620764e+02 
4.747980e-01 5.258633e+02 3.539886e+02 
4.798384e-01 5.148292e+02 3.461527e+02 
4.848788e-01 5.041693e+02 3.385584e+02 
4.899192e-01 4.938934e+02 3.311964e+02 
4.949596e-01 4.839832e+02 3.240575e+02 
5.000000e-01 4.743845e+02 3.171332e+02 
