1.000000e-03 3.261568e+03 3.261267e+03 
6.040404e-03 1.450641e+04 1.450785e+04 
1.108081e-02 1.991120e+04 1.973222e+04 
1.612121e-02 2.181783e+04 2.171440e+04 
2.116162e-02 2.160787e+04 2.200752e+04 
2.620202e-02 2.023488e+04 2.145311e+04 
3.124242e-02 1.839495e+04 2.049113e+04 
3.628283e-02 1.655695e+04 1.935065e+04 
4.132323e-02 1.498088e+04 1.815470e+04 
4.636364e-02 1.374849e+04 1.697016e+04 
5.140404e-02 1.284574e+04 1.583260e+04 
5.644444e-02 1.216743e+04 1.475967e+04 
6.148485e-02 1.159715e+04 1.375872e+04 
6.652525e-02 1.103266e+04 1.283119e+04 
7.156566e-02 1.040450e+04 1.197518e+04 
7.660606e-02 9.693345e+03 1.118705e+04 
8.164646e-02 8.929724e+03 1.046226e+04 
8.668687e-02 8.169998e+03 9.796002e+03 
9.172727e-02 7.467368e+03 9.183459e+03 
9.676768e-02 6.861316e+03 8.620005e+03 
1.018081e-01 6.374502e+03 8.101296e+03 
1.068485e-01 6.007630e+03 7.623314e+03 
1.118889e-01 5.737290e+03 7.182375e+03 
1.169293e-01 5.524821e+03 6.775126e+03 
1.219697e-01 5.331721e+03 6.398526e+03 
1.270101e-01 5.129466e+03 6.049826e+03 
1.320505e-01 4.901585e+03 5.726544e+03 
1.370909e-01 4.644760e+03 5.426442e+03 
1.421313e-01 4.368134e+03 5.147501e+03 
1.471717e-01 4.088527e+03 4.887900e+03 
1.522121e-01 3.823912e+03 4.645999e+03 
1.572525e-01 3.588617e+03 4.420314e+03 
1.622929e-01 3.391442e+03 4.209505e+03 
1.673333e-01 3.234137e+03 4.012362e+03 
1.723737e-01 3.110709e+03 3.827787e+03 
1.774141e-01 3.009929e+03 3.654786e+03 
1.824545e-01 2.919761e+03 3.492458e+03 
1.874949e-01 2.830185e+03 3.339981e+03 
1.925354e-01 2.734168e+03 3.196611e+03 
1.975758e-01 2.628503e+03 3.061669e+03 
2.026162e-01 2.514212e+03 2.934534e+03 
2.076566e-01 2.396095e+03 2.814642e+03 
2.126970e-01 2.280471e+03 2.701475e+03 
2.177374e-01 2.172734e+03 2.594560e+03 
2.227778e-01 2.076584e+03 2.493464e+03 
2.278182e-01 1.993686e+03 2.397788e+03 
2.328586e-01 1.923413e+03 2.307167e+03 
2.378990e-01 1.863255e+03 2.221264e+03 
2.429394e-01 1.809737e+03 2.139771e+03 
2.479798e-01 1.759369e+03 2.062401e+03 
2.530202e-01 1.709212e+03 1.988893e+03 
2.580606e-01 1.657132e+03 1.919002e+03 
2.631010e-01 1.602380e+03 1.852503e+03 
2.681414e-01 1.545843e+03 1.789190e+03 
2.731818e-01 1.489368e+03 1.728868e+03 
2.782222e-01 1.434858e+03 1.671359e+03 
2.832626e-01 1.383642e+03 1.616497e+03 
2.883030e-01 1.336583e+03 1.564128e+03 
2.933434e-01 1.294152e+03 1.514108e+03 
2.983838e-01 1.256170e+03 1.466305e+03 
3.034242e-01 1.221768e+03 1.420592e+03 
3.084646e-01 1.189701e+03 1.376855e+03 
3.135051e-01 1.158783e+03 1.334985e+03 
3.185455e-01 1.128236e+03 1.294880e+03 
3.235859e-01 1.097658e+03 1.256448e+03 
3.286263e-01 1.066861e+03 1.219598e+03 
3.336667e-01 1.036005e+03 1.184248e+03 
3.387071e-01 1.005549e+03 1.150321e+03 
3.437475e-01 9.761040e+02 1.117744e+03 
3.487879e-01 9.481604e+02 1.086448e+03 
3.538283e-01 9.219501e+02 1.056369e+03 
3.588687e-01 8.974719e+02 1.027448e+03 
3.639091e-01 8.746007e+02 9.996271e+02 
3.689495e-01 8.531134e+02 9.728536e+02 
3.739899e-01 8.326672e+02 9.470772e+02 
3.790303e-01 8.129095e+02 9.222505e+02 
3.840707e-01 7.935589e+02 8.983290e+02 
3.891111e-01 7.744833e+02 8.752708e+02 
3.941515e-01 7.556599e+02 8.530360e+02 
3.991919e-01 7.371357e+02 8.315872e+02 
4.042323e-01 7.190070e+02 8.108891e+02 
4.092727e-01 7.014126e+02 7.909081e+02 
4.143131e-01 6.845088e+02 7.716125e+02 
4.193535e-01 6.683800e+02 7.529723e+02 
4.243939e-01 6.529982e+02 7.349593e+02 
4.294343e-01 6.382955e+02 7.175464e+02 
4.344747e-01 6.242099e+02 7.007081e+02 
4.395152e-01 6.106587e+02 6.844202e+02 
4.445556e-01 5.975463e+02 6.686599e+02 
4.495960e-01 5.847636e+02 6.534051e+02 
4.546364e-01 5.722343e+02 6.386354e+02 
4.596768e-01 5.599741e+02 6.243309e+02 
4.647172e-01 5.479954e+02 6.104730e+02 
4.697576e-01 5.363172e+02 5.970438e+02 
4.747980e-01 5.249577e+02 5.840264e+02 
4.798384e-01 5.139407e+02 5.714047e+02 
4.848788e-01 5.032974e+02 5.591633e+02 
4.899192e-01 4.930374e+02 5.472876e+02 
4.949596e-01 4.831427e+02 5.357636e+02 
5.000000e-01 4.735589e+02 5.245779e+02 
