1.000000e-03 5.626669e+03 5.626117e+03 
6.040404e-03 2.428028e+04 2.438571e+04 
1.108081e-02 3.242032e+04 3.232247e+04 
1.612121e-02 3.441933e+04 3.392811e+04 
2.116162e-02 3.278113e+04 3.157024e+04 
2.620202e-02 2.927352e+04 2.760473e+04 
3.124242e-02 2.520480e+04 2.378411e+04 
3.628283e-02 2.143954e+04 2.064753e+04 
4.132323e-02 1.842059e+04 1.813786e+04 
4.636364e-02 1.623756e+04 1.609667e+04 
5.140404e-02 1.484306e+04 1.439888e+04 
5.644444e-02 1.398604e+04 1.296029e+04 
6.148485e-02 1.341955e+04 1.172434e+04 
6.652525e-02 1.291704e+04 1.065158e+04 
7.156566e-02 1.231513e+04 9.713161e+03 
7.660606e-02 1.152176e+04 8.887106e+03 
8.164646e-02 1.054101e+04 8.156168e+03 
8.668687e-02 9.459008e+03 7.506477e+03 
9.172727e-02 8.392981e+03 6.926686e+03 
9.676768e-02 7.447617e+03 6.407393e+03 
1.018081e-01 6.691288e+03 5.940729e+03 
1.068485e-01 6.147233e+03 5.520053e+03 
1.118889e-01 5.797257e+03 5.139728e+03 
1.169293e-01 5.593907e+03 4.794938e+03 
1.219697e-01 5.474645e+03 4.481552e+03 
1.270101e-01 5.374245e+03 4.196008e+03 
1.320505e-01 5.238572e+03 3.935223e+03 
1.370909e-01 5.036400e+03 3.696520e+03 
1.421313e-01 4.762380e+03 3.477564e+03 
1.471717e-01 4.431935e+03 3.276314e+03 
1.522121e-01 4.074675e+03 3.090981e+03 
1.572525e-01 3.728040e+03 2.919987e+03 
1.622929e-01 3.425957e+03 2.761944e+03 
1.673333e-01 3.188070e+03 2.615621e+03 
1.723737e-01 3.016738e+03 2.479928e+03 
1.774141e-01 2.902757e+03 2.353896e+03 
1.824545e-01 2.831397e+03 2.236659e+03 
1.874949e-01 2.783937e+03 2.127447e+03 
1.925354e-01 2.739190e+03 2.025567e+03 
1.975758e-01 2.678577e+03 1.930400e+03 
2.026162e-01 2.592408e+03 1.841389e+03 
2.076566e-01 2.480669e+03 1.758031e+03 
2.126970e-01 2.349974e+03 1.679875e+03 
2.177374e-01 2.210509e+03 1.606509e+03 
2.227778e-01 2.074162e+03 1.537563e+03 
2.278182e-01 1.951917e+03 1.472702e+03 
2.328586e-01 1.850831e+03 1.411618e+03 
2.378990e-01 1.772852e+03 1.354034e+03 
2.429394e-01 1.715774e+03 1.299696e+03 
2.479798e-01 1.674683e+03 1.248372e+03 
2.530202e-01 1.642775e+03 1.199852e+03 
2.580606e-01 1.612582e+03 1.153940e+03 
2.631010e-01 1.577845e+03 1.110459e+03 
2.681414e-01 1.535091e+03 1.069245e+03 
2.731818e-01 1.483824e+03 1.030150e+03 
2.782222e-01 1.425735e+03 9.930346e+02 
2.832626e-01 1.363936e+03 9.577717e+02 
2.883030e-01 1.302424e+03 9.242439e+02 
2.933434e-01 1.245228e+03 8.923430e+02 
2.983838e-01 1.195242e+03 8.619685e+02 
3.034242e-01 1.153571e+03 8.330278e+02 
3.084646e-01 1.119716e+03 8.054348e+02 
3.135051e-01 1.092175e+03 7.791097e+02 
3.185455e-01 1.068835e+03 7.539784e+02 
3.235859e-01 1.047248e+03 7.299722e+02 
3.286263e-01 1.025075e+03 7.070269e+02 
3.336667e-01 1.000691e+03 6.850828e+02 
3.387071e-01 9.735863e+02 6.640844e+02 
3.437475e-01 9.441679e+02 6.439798e+02 
3.487879e-01 9.133922e+02 6.247205e+02 
3.538283e-01 8.824987e+02 6.062613e+02 
3.588687e-01 8.528144e+02 5.885599e+02 
3.639091e-01 8.254550e+02 5.715765e+02 
3.689495e-01 8.010564e+02 5.552742e+02 
3.739899e-01 7.797146e+02 5.396180e+02 
3.790303e-01 7.610333e+02 5.245754e+02 
3.840707e-01 7.443664e+02 5.101157e+02 
3.891111e-01 7.288854e+02 4.962101e+02 
3.941515e-01 7.137400e+02 4.828315e+02 
3.991919e-01 6.982775e+02 4.699545e+02 
4.042323e-01 6.821583e+02 4.575550e+02 
4.092727e-01 6.653984e+02 4.456104e+02 
4.143131e-01 6.481949e+02 4.340995e+02 
4.193535e-01 6.308930e+02 4.230022e+02 
4.243939e-01 6.139345e+02 4.122995e+02 
4.294343e-01 5.977772e+02 4.019735e+02 
4.344747e-01 5.827331e+02 3.920072e+02 
4.395152e-01 5.688675e+02 3.823847e+02 
4.445556e-01 5.561196e+02 3.730909e+02 
4.495960e-01 5.443424e+02 3.641113e+02 
4.546364e-01 5.332946e+02 3.554324e+02 
4.596768e-01 5.226780e+02 3.470414e+02 
4.647172e-01 5.121986e+02 3.389261e+02 
4.697576e-01 5.016776e+02 3.310748e+02 
4.747980e-01 4.910695e+02 3.234766e+02 
4.798384e-01 4.804146e+02 3.161211e+02 
4.848788e-01 4.697809e+02 3.089984e+02 
4.899192e-01 4.592817e+02 3.020991e+02 
4.949596e-01 4.490845e+02 2.954141e+02 
5.000000e-01 4.393116e+02 2.889351e+02 
