1.000000e-03 4.235906e+03 4.235505e+03 
6.040404e-03 1.899085e+04 1.907570e+04 
1.108081e-02 2.599272e+04 2.590754e+04 
1.612121e-02 2.822361e+04 2.781842e+04 
2.116162e-02 2.750139e+04 2.652757e+04 
2.620202e-02 2.514441e+04 2.375663e+04 
3.124242e-02 2.216079e+04 2.088497e+04 
3.628283e-02 1.925137e+04 1.842321e+04 
4.132323e-02 1.681372e+04 1.639287e+04 
4.636364e-02 1.497088e+04 1.470300e+04 
5.140404e-02 1.372668e+04 1.327117e+04 
5.644444e-02 1.291817e+04 1.203913e+04 
6.148485e-02 1.237010e+04 1.096669e+04 
6.652525e-02 1.190346e+04 1.002524e+04 
7.156566e-02 1.137908e+04 9.193428e+03 
7.660606e-02 1.071629e+04 8.454697e+03 
8.164646e-02 9.907116e+03 7.795806e+03 
8.668687e-02 9.005137e+03 7.205920e+03 
9.172727e-02 8.093670e+03 6.676033e+03 
9.676768e-02 7.255219e+03 6.198573e+03 
1.018081e-01 6.554131e+03 5.767118e+03 
1.068485e-01 6.022346e+03 5.376181e+03 
1.118889e-01 5.655488e+03 5.021055e+03 
1.169293e-01 5.420708e+03 4.697677e+03 
1.219697e-01 5.270857e+03 4.402530e+03 
1.270101e-01 5.155820e+03 4.132554e+03 
1.320505e-01 5.029569e+03 3.885084e+03 
1.370909e-01 4.858965e+03 3.657785e+03 
1.421313e-01 4.631080e+03 3.448611e+03 
1.471717e-01 4.353010e+03 3.255758e+03 
1.522121e-01 4.045546e+03 3.077638e+03 
1.572525e-01 3.735258e+03 2.912844e+03 
1.622929e-01 3.449372e+03 2.760128e+03 
1.673333e-01 3.209225e+03 2.618383e+03 
1.723737e-01 3.024511e+03 2.486620e+03 
1.774141e-01 2.892646e+03 2.363958e+03 
1.824545e-01 2.802592e+03 2.249607e+03 
1.874949e-01 2.739812e+03 2.142860e+03 
1.925354e-01 2.688560e+03 2.043081e+03 
1.975758e-01 2.633378e+03 1.949697e+03 
2.026162e-01 2.562236e+03 1.862192e+03 
2.076566e-01 2.470010e+03 1.780100e+03 
2.126970e-01 2.358853e+03 1.702999e+03 
2.177374e-01 2.236120e+03 1.630505e+03 
2.227778e-01 2.110992e+03 1.562271e+03 
2.278182e-01 1.992558e+03 1.497982e+03 
2.328586e-01 1.888097e+03 1.437348e+03 
2.378990e-01 1.801847e+03 1.380107e+03 
2.429394e-01 1.734587e+03 1.326018e+03 
2.479798e-01 1.683849e+03 1.274863e+03 
2.530202e-01 1.644881e+03 1.226439e+03 
2.580606e-01 1.611787e+03 1.180562e+03 
2.631010e-01 1.578827e+03 1.137061e+03 
2.681414e-01 1.541676e+03 1.095782e+03 
2.731818e-01 1.498055e+03 1.056580e+03 
2.782222e-01 1.447901e+03 1.019322e+03 
2.832626e-01 1.392896e+03 9.838865e+02 
2.883030e-01 1.335825e+03 9.501597e+02 
2.933434e-01 1.280017e+03 9.180371e+02 
2.983838e-01 1.228388e+03 8.874219e+02 
3.034242e-01 1.182889e+03 8.582240e+02 
3.084646e-01 1.144322e+03 8.303602e+02 
3.135051e-01 1.112258e+03 8.037528e+02 
3.185455e-01 1.085396e+03 7.783299e+02 
3.235859e-01 1.061855e+03 7.540243e+02 
3.286263e-01 1.039619e+03 7.307736e+02 
3.336667e-01 1.016957e+03 7.085195e+02 
3.387071e-01 9.927130e+02 6.872076e+02 
3.437475e-01 9.664515e+02 6.667870e+02 
3.487879e-01 9.383899e+02 6.472104e+02 
3.538283e-01 9.093159e+02 6.284332e+02 
3.588687e-01 8.803475e+02 6.104139e+02 
3.639091e-01 8.525374e+02 5.931135e+02 
3.689495e-01 8.267115e+02 5.764954e+02 
3.739899e-01 8.033237e+02 5.605254e+02 
3.790303e-01 7.824701e+02 5.451711e+02 
3.840707e-01 7.639512e+02 5.304023e+02 
3.891111e-01 7.472285e+02 5.161905e+02 
3.941515e-01 7.316119e+02 5.025089e+02 
3.991919e-01 7.164073e+02 4.893323e+02 
4.042323e-01 7.010699e+02 4.766369e+02 
4.092727e-01 6.853374e+02 4.644002e+02 
4.143131e-01 6.691559e+02 4.526011e+02 
4.193535e-01 6.526542e+02 4.412196e+02 
4.243939e-01 6.360927e+02 4.302369e+02 
4.294343e-01 6.198193e+02 4.196350e+02 
4.344747e-01 6.041998e+02 4.093971e+02 
4.395152e-01 5.894900e+02 3.995073e+02 
4.445556e-01 5.757894e+02 3.899504e+02 
4.495960e-01 5.630756e+02 3.807122e+02 
4.546364e-01 5.512362e+02 3.717789e+02 
4.596768e-01 5.400988e+02 3.631378e+02 
4.647172e-01 5.294393e+02 3.547766e+02 
4.697576e-01 5.190088e+02 3.466838e+02 
4.747980e-01 5.086385e+02 3.388484e+02 
4.798384e-01 4.982458e+02 3.312598e+02 
4.848788e-01 4.878507e+02 3.239081e+02 
4.899192e-01 4.774944e+02 3.167839e+02 
4.949596e-01 4.672585e+02 3.098781e+02 
5.000000e-01 4.572549e+02 3.031823e+02 
