1.000000e-03 3.741131e+03 3.740768e+03 
6.040404e-03 1.654378e+04 1.660983e+04 
1.108081e-02 2.246574e+04 2.232479e+04 
1.612121e-02 2.435488e+04 2.385169e+04 
2.116162e-02 2.386139e+04 2.289028e+04 
2.620202e-02 2.210725e+04 2.090957e+04 
3.124242e-02 1.989753e+04 1.884771e+04 
3.628283e-02 1.776032e+04 1.700124e+04 
4.132323e-02 1.597345e+04 1.539221e+04 
4.636364e-02 1.460924e+04 1.398609e+04 
5.140404e-02 1.363239e+04 1.274875e+04 
5.644444e-02 1.291198e+04 1.165374e+04 
6.148485e-02 1.229817e+04 1.068054e+04 
6.652525e-02 1.167552e+04 9.812695e+03 
7.156566e-02 1.097517e+04 9.036584e+03 
7.660606e-02 1.018214e+04 8.340683e+03 
8.164646e-02 9.334379e+03 7.715138e+03 
8.668687e-02 8.497110e+03 7.151467e+03 
9.172727e-02 7.734020e+03 6.642342e+03 
9.676768e-02 7.090414e+03 6.181410e+03 
1.018081e-01 6.587280e+03 5.763160e+03 
1.068485e-01 6.217067e+03 5.382792e+03 
1.118889e-01 5.947104e+03 5.036125e+03 
1.169293e-01 5.733485e+03 4.719509e+03 
1.219697e-01 5.534507e+03 4.429748e+03 
1.270101e-01 5.318270e+03 4.164038e+03 
1.320505e-01 5.067870e+03 3.919919e+03 
1.370909e-01 4.784223e+03 3.695221e+03 
1.421313e-01 4.482295e+03 3.488029e+03 
1.471717e-01 4.182312e+03 3.296651e+03 
1.522121e-01 3.902857e+03 3.119587e+03 
1.572525e-01 3.659195e+03 2.955502e+03 
1.622929e-01 3.460548e+03 2.803211e+03 
1.673333e-01 3.306464e+03 2.661655e+03 
1.723737e-01 3.186841e+03 2.529887e+03 
1.774141e-01 3.087428e+03 2.407061e+03 
1.824545e-01 2.995497e+03 2.292415e+03 
1.874949e-01 2.901332e+03 2.185267e+03 
1.925354e-01 2.798018e+03 2.085001e+03 
1.975758e-01 2.682863e+03 1.991062e+03 
2.026162e-01 2.558765e+03 1.902946e+03 
2.076566e-01 2.432652e+03 1.820201e+03 
2.126970e-01 2.311926e+03 1.742413e+03 
2.177374e-01 2.201808e+03 1.669209e+03 
2.227778e-01 2.105252e+03 1.600248e+03 
2.278182e-01 2.023229e+03 1.535218e+03 
2.328586e-01 1.954414e+03 1.473838e+03 
2.378990e-01 1.895496e+03 1.415849e+03 
2.429394e-01 1.842223e+03 1.361013e+03 
2.479798e-01 1.790579e+03 1.309114e+03 
2.530202e-01 1.737606e+03 1.259953e+03 
2.580606e-01 1.681833e+03 1.213347e+03 
2.631010e-01 1.623389e+03 1.169127e+03 
2.681414e-01 1.563704e+03 1.127140e+03 
2.731818e-01 1.504838e+03 1.087242e+03 
2.782222e-01 1.448780e+03 1.049301e+03 
2.832626e-01 1.396960e+03 1.013195e+03 
2.883030e-01 1.350104e+03 9.788123e+02 
2.933434e-01 1.308254e+03 9.460480e+02 
2.983838e-01 1.270758e+03 9.148055e+02 
3.034242e-01 1.236472e+03 8.849950e+02 
3.084646e-01 1.204058e+03 8.565329e+02 
3.135051e-01 1.172357e+03 8.293419e+02 
3.185455e-01 1.140614e+03 8.033498e+02 
3.235859e-01 1.108548e+03 7.784893e+02 
3.286263e-01 1.076304e+03 7.546977e+02 
3.336667e-01 1.044273e+03 7.319166e+02 
3.387071e-01 1.012991e+03 7.100914e+02 
3.437475e-01 9.830571e+02 6.891709e+02 
3.487879e-01 9.549445e+02 6.691075e+02 
3.538283e-01 9.287796e+02 6.498564e+02 
3.588687e-01 9.044191e+02 6.313758e+02 
3.639091e-01 8.815991e+02 6.136262e+02 
3.689495e-01 8.599995e+02 5.965710e+02 
3.739899e-01 8.392983e+02 5.801753e+02 
3.790303e-01 8.191524e+02 5.644069e+02 
3.840707e-01 7.992929e+02 5.492349e+02 
3.891111e-01 7.796293e+02 5.346307e+02 
3.941515e-01 7.602309e+02 5.205672e+02 
3.991919e-01 7.412437e+02 5.070188e+02 
4.042323e-01 7.227927e+02 4.939614e+02 
4.092727e-01 7.050125e+02 4.813724e+02 
4.143131e-01 6.879966e+02 4.692302e+02 
4.193535e-01 6.718045e+02 4.575147e+02 
4.243939e-01 6.563901e+02 4.462067e+02 
4.294343e-01 6.416555e+02 4.352880e+02 
4.344747e-01 6.274855e+02 4.247417e+02 
4.395152e-01 6.137831e+02 4.145514e+02 
4.445556e-01 6.004649e+02 4.047018e+02 
4.495960e-01 5.874496e+02 3.951783e+02 
4.546364e-01 5.746937e+02 3.859672e+02 
4.596768e-01 5.622086e+02 3.770553e+02 
4.647172e-01 5.500335e+02 3.684303e+02 
4.697576e-01 5.382067e+02 3.600803e+02 
4.747980e-01 5.267340e+02 3.519941e+02 
4.798384e-01 5.156471e+02 3.441611e+02 
4.848788e-01 5.049535e+02 3.365711e+02 
4.899192e-01 4.946479e+02 3.292145e+02 
4.949596e-01 4.846932e+02 3.220821e+02 
5.000000e-01 4.750379e+02 3.151651e+02 
