1.000000e-03 5.071160e+03 5.070683e+03 
6.040404e-03 2.247117e+04 2.257544e+04 
1.108081e-02 3.062267e+04 3.057177e+04 
1.612121e-02 3.305618e+04 3.270251e+04 
2.116162e-02 3.191394e+04 3.088084e+04 
2.620202e-02 2.878182e+04 2.714757e+04 
3.124242e-02 2.490058e+04 2.332612e+04 
3.628283e-02 2.114564e+04 2.014281e+04 
4.132323e-02 1.801601e+04 1.761491e+04 
4.636364e-02 1.567049e+04 1.558690e+04 
5.140404e-02 1.411494e+04 1.392099e+04 
5.644444e-02 1.315718e+04 1.252236e+04 
6.148485e-02 1.258551e+04 1.132813e+04 
6.652525e-02 1.218236e+04 1.029552e+04 
7.156566e-02 1.175769e+04 9.394197e+03 
7.660606e-02 1.118328e+04 8.601658e+03 
8.164646e-02 1.041272e+04 7.900625e+03 
8.668687e-02 9.481620e+03 7.277436e+03 
9.172727e-02 8.477570e+03 6.721053e+03 
9.676768e-02 7.504817e+03 6.222410e+03 
1.018081e-01 6.655618e+03 5.773964e+03 
1.068485e-01 5.988577e+03 5.369376e+03 
1.118889e-01 5.518905e+03 5.003279e+03 
1.169293e-01 5.225053e+03 4.671097e+03 
1.219697e-01 5.063410e+03 4.368905e+03 
1.270101e-01 4.980082e+03 4.093322e+03 
1.320505e-01 4.918235e+03 3.841420e+03 
1.370909e-01 4.826858e+03 3.610658e+03 
1.421313e-01 4.672243e+03 3.398817e+03 
1.471717e-01 4.444084e+03 3.203955e+03 
1.522121e-01 4.153772e+03 3.024370e+03 
1.572525e-01 3.827344e+03 2.858561e+03 
1.622929e-01 3.498721e+03 2.705203e+03 
1.673333e-01 3.201304e+03 2.563123e+03 
1.723737e-01 2.958205e+03 2.431280e+03 
1.774141e-01 2.778056e+03 2.308748e+03 
1.824545e-01 2.657298e+03 2.194699e+03 
1.874949e-01 2.584802e+03 2.088394e+03 
1.925354e-01 2.544789e+03 1.989173e+03 
1.975758e-01 2.518293e+03 1.896440e+03 
2.026162e-01 2.486197e+03 1.809660e+03 
2.076566e-01 2.433906e+03 1.728353e+03 
2.126970e-01 2.354680e+03 1.652081e+03 
2.177374e-01 2.249874e+03 1.580452e+03 
2.227778e-01 2.126873e+03 1.513109e+03 
2.278182e-01 1.996402e+03 1.449727e+03 
2.328586e-01 1.870079e+03 1.390013e+03 
2.378990e-01 1.757887e+03 1.333697e+03 
2.429394e-01 1.666198e+03 1.280535e+03 
2.479798e-01 1.597136e+03 1.230303e+03 
2.530202e-01 1.548910e+03 1.182796e+03 
2.580606e-01 1.516660e+03 1.137829e+03 
2.631010e-01 1.493661e+03 1.095227e+03 
2.681414e-01 1.472826e+03 1.054835e+03 
2.731818e-01 1.448105e+03 1.016505e+03 
2.782222e-01 1.415447e+03 9.801052e+02 
2.832626e-01 1.373271e+03 9.455117e+02 
2.883030e-01 1.322418e+03 9.126108e+02 
2.933434e-01 1.265860e+03 8.812972e+02 
2.983838e-01 1.207703e+03 8.514736e+02 
3.034242e-01 1.152124e+03 8.230501e+02 
3.084646e-01 1.102425e+03 7.959430e+02 
3.135051e-01 1.060588e+03 7.700749e+02 
3.185455e-01 1.027143e+03 7.453736e+02 
3.235859e-01 1.001249e+03 7.217724e+02 
3.286263e-01 9.810205e+02 6.992088e+02 
3.336667e-01 9.639775e+02 6.776248e+02 
3.387071e-01 9.476048e+02 6.569662e+02 
3.437475e-01 9.298105e+02 6.371826e+02 
3.487879e-01 9.092064e+02 6.182267e+02 
3.538283e-01 8.853196e+02 6.000545e+02 
3.588687e-01 8.586037e+02 5.826246e+02 
3.639091e-01 8.301925e+02 5.658985e+02 
3.689495e-01 8.015327e+02 5.498399e+02 
3.739899e-01 7.740173e+02 5.344149e+02 
3.790303e-01 7.487766e+02 5.195915e+02 
3.840707e-01 7.265543e+02 5.053399e+02 
3.891111e-01 7.075741e+02 4.916320e+02 
3.941515e-01 6.915344e+02 4.784413e+02 
3.991919e-01 6.777018e+02 4.657428e+02 
4.042323e-01 6.651468e+02 4.535132e+02 
4.092727e-01 6.529856e+02 4.417304e+02 
4.143131e-01 6.404843e+02 4.303736e+02 
4.193535e-01 6.271722e+02 4.194230e+02 
4.243939e-01 6.128418e+02 4.088601e+02 
4.294343e-01 5.976145e+02 3.986675e+02 
4.344747e-01 5.818691e+02 3.888285e+02 
4.395152e-01 5.661374e+02 3.793274e+02 
4.445556e-01 5.509318e+02 3.701495e+02 
4.495960e-01 5.366512e+02 3.612807e+02 
4.546364e-01 5.235514e+02 3.527078e+02 
4.596768e-01 5.117266e+02 3.444180e+02 
4.647172e-01 5.011014e+02 3.363995e+02 
4.697576e-01 4.914358e+02 3.286408e+02 
4.747980e-01 4.823799e+02 3.211313e+02 
4.798384e-01 4.735988e+02 3.138608e+02 
4.848788e-01 4.648376e+02 3.068194e+02 
4.899192e-01 4.559089e+02 2.999980e+02 
4.949596e-01 4.467222e+02 2.933878e+02 
5.000000e-01 4.373019e+02 2.869804e+02 
