1.000000e-03 4.749075e+03 4.748625e+03 
6.040404e-03 2.095829e+04 2.105121e+04 
1.108081e-02 2.840479e+04 2.832232e+04 
1.612121e-02 3.055499e+04 3.013445e+04 
2.116162e-02 2.947681e+04 2.842910e+04 
2.620202e-02 2.666080e+04 2.517295e+04 
3.124242e-02 2.323704e+04 2.190925e+04 
3.628283e-02 1.997644e+04 1.917058e+04 
4.132323e-02 1.729811e+04 1.694789e+04 
4.636364e-02 1.531320e+04 1.512106e+04 
5.140404e-02 1.400870e+04 1.358867e+04 
5.644444e-02 1.318370e+04 1.228082e+04 
6.148485e-02 1.263875e+04 1.115010e+04 
6.652525e-02 1.217042e+04 1.016317e+04 
7.156566e-02 1.162820e+04 9.295477e+03 
7.660606e-02 1.092625e+04 8.528219e+03 
8.164646e-02 1.005987e+04 7.846509e+03 
8.668687e-02 9.093652e+03 7.238292e+03 
9.172727e-02 8.123349e+03 6.693638e+03 
9.676768e-02 7.242280e+03 6.204262e+03 
1.018081e-01 6.518669e+03 5.763187e+03 
1.068485e-01 5.982199e+03 5.364492e+03 
1.118889e-01 5.623044e+03 5.003121e+03 
1.169293e-01 5.402957e+03 4.674735e+03 
1.219697e-01 5.269581e+03 4.375593e+03 
1.270101e-01 5.166970e+03 4.102458e+03 
1.320505e-01 5.044648e+03 3.852514e+03 
1.370909e-01 4.868448e+03 3.623310e+03 
1.421313e-01 4.627803e+03 3.412699e+03 
1.471717e-01 4.333122e+03 3.218797e+03 
1.522121e-01 4.008311e+03 3.039949e+03 
1.572525e-01 3.683914e+03 2.874693e+03 
1.622929e-01 3.390607e+03 2.721736e+03 
1.673333e-01 3.150485e+03 2.579930e+03 
1.723737e-01 2.971191e+03 2.448256e+03 
1.774141e-01 2.847329e+03 2.325806e+03 
1.824545e-01 2.766161e+03 2.211767e+03 
1.874949e-01 2.711747e+03 2.105414e+03 
1.925354e-01 2.666509e+03 2.006094e+03 
1.975758e-01 2.613126e+03 1.913223e+03 
2.026162e-01 2.539460e+03 1.826272e+03 
2.076566e-01 2.441871e+03 1.744766e+03 
2.126970e-01 2.324504e+03 1.668276e+03 
2.177374e-01 2.196013e+03 1.596410e+03 
2.227778e-01 2.066600e+03 1.528818e+03 
2.278182e-01 1.946171e+03 1.465176e+03 
2.328586e-01 1.842437e+03 1.405194e+03 
2.378990e-01 1.759338e+03 1.348606e+03 
2.429394e-01 1.696649e+03 1.295168e+03 
2.479798e-01 1.650758e+03 1.244658e+03 
2.530202e-01 1.615959e+03 1.196874e+03 
2.580606e-01 1.585726e+03 1.151629e+03 
2.631010e-01 1.554000e+03 1.108752e+03 
2.681414e-01 1.516441e+03 1.068085e+03 
2.731818e-01 1.471150e+03 1.029485e+03 
2.782222e-01 1.418657e+03 9.928186e+02 
2.832626e-01 1.361358e+03 9.579620e+02 
2.883030e-01 1.302664e+03 9.248021e+02 
2.933434e-01 1.246191e+03 8.932342e+02 
2.983838e-01 1.194974e+03 8.631611e+02 
3.034242e-01 1.150897e+03 8.344928e+02 
3.084646e-01 1.114447e+03 8.071460e+02 
3.135051e-01 1.084759e+03 7.810432e+02 
3.185455e-01 1.060048e+03 7.561125e+02 
3.235859e-01 1.038138e+03 7.322869e+02 
3.286263e-01 1.016889e+03 7.095040e+02 
3.336667e-01 9.945411e+02 6.877058e+02 
3.387071e-01 9.700014e+02 6.668381e+02 
3.437475e-01 9.430028e+02 6.468504e+02 
3.487879e-01 9.141275e+02 6.276954e+02 
3.538283e-01 8.844928e+02 6.093288e+02 
3.588687e-01 8.553378e+02 5.917094e+02 
3.639091e-01 8.277158e+02 5.747984e+02 
3.689495e-01 8.024329e+02 5.585596e+02 
3.739899e-01 7.799431e+02 5.429588e+02 
3.790303e-01 7.602333e+02 5.279640e+02 
3.840707e-01 7.428759e+02 5.135454e+02 
3.891111e-01 7.271270e+02 4.996746e+02 
3.941515e-01 7.121770e+02 4.863251e+02 
3.991919e-01 6.973657e+02 4.734719e+02 
4.042323e-01 6.822178e+02 4.610914e+02 
4.092727e-01 6.664740e+02 4.491615e+02 
4.143131e-01 6.501384e+02 4.376612e+02 
4.193535e-01 6.334650e+02 4.265708e+02 
4.243939e-01 6.168599e+02 4.158716e+02 
4.294343e-01 6.007318e+02 4.055461e+02 
4.344747e-01 5.854018e+02 3.955775e+02 
4.395152e-01 5.711062e+02 3.859500e+02 
4.445556e-01 5.579252e+02 3.766489e+02 
4.495960e-01 5.458029e+02 3.676599e+02 
4.546364e-01 5.345470e+02 3.589696e+02 
4.596768e-01 5.238920e+02 3.505654e+02 
4.647172e-01 5.135817e+02 3.424353e+02 
4.697576e-01 5.033932e+02 3.345678e+02 
4.747980e-01 4.931898e+02 3.269520e+02 
4.798384e-01 4.829032e+02 3.195777e+02 
4.848788e-01 4.725578e+02 3.124352e+02 
4.899192e-01 4.622531e+02 3.055150e+02 
4.949596e-01 4.521287e+02 2.988083e+02 
5.000000e-01 4.423182e+02 2.923067e+02 
