1.000000e-03 2.630199e+03 2.629947e+03 
6.040404e-03 1.156324e+04 1.160516e+04 
1.108081e-02 1.580349e+04 1.563057e+04 
1.612121e-02 1.744569e+04 1.693551e+04 
2.116162e-02 1.762642e+04 1.680208e+04 
2.620202e-02 1.702836e+04 1.604303e+04 
3.124242e-02 1.608677e+04 1.506877e+04 
3.628283e-02 1.506444e+04 1.404444e+04 
4.132323e-02 1.409575e+04 1.303836e+04 
4.636364e-02 1.321366e+04 1.208153e+04 
5.140404e-02 1.243552e+04 1.118770e+04 
5.644444e-02 1.169637e+04 1.036161e+04 
6.148485e-02 1.098505e+04 9.603005e+03 
6.652525e-02 1.028615e+04 8.908973e+03 
7.156566e-02 9.600820e+03 8.275290e+03 
7.660606e-02 8.946440e+03 7.697192e+03 
8.164646e-02 8.346477e+03 7.169825e+03 
8.668687e-02 7.812329e+03 6.688498e+03 
9.172727e-02 7.340955e+03 6.248807e+03 
9.676768e-02 6.926250e+03 5.846700e+03 
1.018081e-01 6.560338e+03 5.478488e+03 
1.068485e-01 6.228660e+03 5.140840e+03 
1.118889e-01 5.913224e+03 4.830762e+03 
1.169293e-01 5.604626e+03 4.545575e+03 
1.219697e-01 5.303298e+03 4.282879e+03 
1.270101e-01 5.014561e+03 4.040532e+03 
1.320505e-01 4.743543e+03 3.816620e+03 
1.370909e-01 4.494054e+03 3.609432e+03 
1.421313e-01 4.267984e+03 3.417438e+03 
1.471717e-01 4.064046e+03 3.239270e+03 
1.522121e-01 3.878908e+03 3.073699e+03 
1.572525e-01 3.709167e+03 2.919626e+03 
1.622929e-01 3.551197e+03 2.776062e+03 
1.673333e-01 3.401021e+03 2.642117e+03 
1.723737e-01 3.256152e+03 2.516990e+03 
1.774141e-01 3.116367e+03 2.399958e+03 
1.824545e-01 2.982776e+03 2.290368e+03 
1.874949e-01 2.856246e+03 2.187629e+03 
1.925354e-01 2.737325e+03 2.091205e+03 
1.975758e-01 2.626421e+03 2.000610e+03 
2.026162e-01 2.523517e+03 1.915402e+03 
2.076566e-01 2.427727e+03 1.835180e+03 
2.126970e-01 2.337700e+03 1.759578e+03 
2.177374e-01 2.252479e+03 1.688260e+03 
2.227778e-01 2.171327e+03 1.620922e+03 
2.278182e-01 2.093600e+03 1.557284e+03 
2.328586e-01 2.019048e+03 1.497089e+03 
2.378990e-01 1.947836e+03 1.440104e+03 
2.429394e-01 1.880072e+03 1.386111e+03 
2.479798e-01 1.815621e+03 1.334913e+03 
2.530202e-01 1.754282e+03 1.286327e+03 
2.580606e-01 1.696095e+03 1.240185e+03 
2.631010e-01 1.641046e+03 1.196331e+03 
2.681414e-01 1.588783e+03 1.154622e+03 
2.731818e-01 1.538817e+03 1.114924e+03 
2.782222e-01 1.490868e+03 1.077116e+03 
2.832626e-01 1.444962e+03 1.041083e+03 
2.883030e-01 1.401036e+03 1.006719e+03 
2.933434e-01 1.358903e+03 9.739275e+02 
2.983838e-01 1.318421e+03 9.426160e+02 
3.034242e-01 1.279605e+03 9.127001e+02 
3.084646e-01 1.242494e+03 8.841008e+02 
3.135051e-01 1.206997e+03 8.567447e+02 
3.185455e-01 1.172934e+03 8.305631e+02 
3.235859e-01 1.140183e+03 8.054919e+02 
3.286263e-01 1.108749e+03 7.814714e+02 
3.336667e-01 1.078588e+03 7.584455e+02 
3.387071e-01 1.049573e+03 7.363618e+02 
3.437475e-01 1.021595e+03 7.151715e+02 
3.487879e-01 9.946246e+02 6.948284e+02 
3.538283e-01 9.686751e+02 6.752895e+02 
3.588687e-01 9.437025e+02 6.565143e+02 
3.639091e-01 9.196319e+02 6.384648e+02 
3.689495e-01 8.964077e+02 6.211054e+02 
3.739899e-01 8.740182e+02 6.044024e+02 
3.790303e-01 8.524594e+02 5.883241e+02 
3.840707e-01 8.316459e+02 5.728409e+02 
3.891111e-01 8.115232e+02 5.579247e+02 
3.941515e-01 7.920787e+02 5.435489e+02 
3.991919e-01 7.733054e+02 5.296887e+02 
4.042323e-01 7.551707e+02 5.163205e+02 
4.092727e-01 7.376205e+02 5.034219e+02 
4.143131e-01 7.206284e+02 4.909720e+02 
4.193535e-01 7.041941e+02 4.789508e+02 
4.243939e-01 6.883099e+02 4.673395e+02 
4.294343e-01 6.729335e+02 4.561203e+02 
4.344747e-01 6.580275e+02 4.452762e+02 
4.395152e-01 6.435878e+02 4.347913e+02 
4.445556e-01 6.296056e+02 4.246503e+02 
4.495960e-01 6.160530e+02 4.148390e+02 
4.546364e-01 6.029173e+02 4.053434e+02 
4.596768e-01 5.901585e+02 3.961508e+02 
4.647172e-01 5.777759e+02 3.872487e+02 
4.697576e-01 5.657786e+02 3.786255e+02 
4.747980e-01 5.541398e+02 3.702699e+02 
4.798384e-01 5.428235e+02 3.621713e+02 
4.848788e-01 5.318285e+02 3.543197e+02 
4.899192e-01 5.211558e+02 3.467054e+02 
4.949596e-01 5.107929e+02 3.393192e+02 
5.000000e-01 5.007190e+02 3.321525e+02 
