1.000000e-03 3.399368e+03 3.399050e+03 
6.040404e-03 1.502073e+04 1.508078e+04 
1.108081e-02 2.050721e+04 2.037365e+04 
1.612121e-02 2.238132e+04 2.191145e+04 
2.116162e-02 2.210710e+04 2.121779e+04 
2.620202e-02 2.067698e+04 1.958339e+04 
3.124242e-02 1.880310e+04 1.782241e+04 
3.628283e-02 1.695367e+04 1.620370e+04 
4.132323e-02 1.537995e+04 1.476290e+04 
4.636364e-02 1.415291e+04 1.348291e+04 
5.140404e-02 1.324593e+04 1.234231e+04 
5.644444e-02 1.254743e+04 1.132299e+04 
6.148485e-02 1.193789e+04 1.040998e+04 
6.652525e-02 1.131958e+04 9.590618e+03 
7.156566e-02 1.063318e+04 8.853928e+03 
7.660606e-02 9.871807e+03 8.190336e+03 
8.164646e-02 9.074703e+03 7.591442e+03 
8.668687e-02 8.300608e+03 7.049873e+03 
9.172727e-02 7.599978e+03 6.559160e+03 
9.676768e-02 7.007486e+03 6.113626e+03 
1.018081e-01 6.539377e+03 5.708294e+03 
1.068485e-01 6.187931e+03 5.338795e+03 
1.118889e-01 5.921810e+03 5.001295e+03 
1.169293e-01 5.699890e+03 4.692425e+03 
1.219697e-01 5.486049e+03 4.409220e+03 
1.270101e-01 5.256025e+03 4.149066e+03 
1.320505e-01 4.999025e+03 3.909658e+03 
1.370909e-01 4.717357e+03 3.688957e+03 
1.421313e-01 4.425011e+03 3.485157e+03 
1.471717e-01 4.140302e+03 3.296656e+03 
1.522121e-01 3.879447e+03 3.122029e+03 
1.572525e-01 3.653657e+03 2.960007e+03 
1.622929e-01 3.468209e+03 2.809457e+03 
1.673333e-01 3.320844e+03 2.669367e+03 
1.723737e-01 3.202051e+03 2.538830e+03 
1.774141e-01 3.099137e+03 2.417030e+03 
1.824545e-01 3.000812e+03 2.303237e+03 
1.874949e-01 2.899129e+03 2.196791e+03 
1.925354e-01 2.789617e+03 2.097097e+03 
1.975758e-01 2.671577e+03 2.003617e+03 
2.026162e-01 2.548552e+03 1.915865e+03 
2.076566e-01 2.426498e+03 1.833400e+03 
2.126970e-01 2.311420e+03 1.755821e+03 
2.177374e-01 2.207422e+03 1.682763e+03 
2.227778e-01 2.116422e+03 1.613894e+03 
2.278182e-01 2.038297e+03 1.548912e+03 
2.328586e-01 1.971014e+03 1.487539e+03 
2.378990e-01 1.911279e+03 1.429523e+03 
2.429394e-01 1.855594e+03 1.374632e+03 
2.479798e-01 1.800949e+03 1.322653e+03 
2.530202e-01 1.745117e+03 1.273390e+03 
2.580606e-01 1.687153e+03 1.226664e+03 
2.631010e-01 1.627641e+03 1.182311e+03 
2.681414e-01 1.568304e+03 1.140176e+03 
2.731818e-01 1.510965e+03 1.100120e+03 
2.782222e-01 1.456994e+03 1.062013e+03 
2.832626e-01 1.407187e+03 1.025734e+03 
2.883030e-01 1.361942e+03 9.911722e+02 
2.933434e-01 1.321119e+03 9.582247e+02 
2.983838e-01 1.283896e+03 9.267957e+02 
3.034242e-01 1.249064e+03 8.967963e+02 
3.084646e-01 1.215518e+03 8.681439e+02 
3.135051e-01 1.182529e+03 8.407618e+02 
3.185455e-01 1.149703e+03 8.145782e+02 
3.235859e-01 1.116899e+03 7.895267e+02 
3.286263e-01 1.084264e+03 7.655449e+02 
3.336667e-01 1.052249e+03 7.425747e+02 
3.387071e-01 1.021417e+03 7.205619e+02 
3.437475e-01 9.921733e+02 6.994558e+02 
3.487879e-01 9.646746e+02 6.792087e+02 
3.538283e-01 9.388962e+02 6.597761e+02 
3.588687e-01 9.147039e+02 6.411165e+02 
3.639091e-01 8.918522e+02 6.231905e+02 
3.689495e-01 8.700020e+02 6.059615e+02 
3.739899e-01 8.488259e+02 5.893949e+02 
3.790303e-01 8.281137e+02 5.734583e+02 
3.840707e-01 8.077907e+02 5.581211e+02 
3.891111e-01 7.878325e+02 5.433546e+02 
3.941515e-01 7.682788e+02 5.291318e+02 
3.991919e-01 7.492285e+02 5.154270e+02 
4.042323e-01 7.308191e+02 5.022163e+02 
4.092727e-01 7.131777e+02 4.894769e+02 
4.143131e-01 6.963258e+02 4.771874e+02 
4.193535e-01 6.801990e+02 4.653275e+02 
4.243939e-01 6.647402e+02 4.538779e+02 
4.294343e-01 6.498926e+02 4.428207e+02 
4.344747e-01 6.355760e+02 4.321386e+02 
4.395152e-01 6.216779e+02 4.218154e+02 
4.445556e-01 6.081142e+02 4.118357e+02 
4.495960e-01 5.948618e+02 4.021849e+02 
4.546364e-01 5.819379e+02 3.928491e+02 
4.596768e-01 5.693564e+02 3.838153e+02 
4.647172e-01 5.571132e+02 3.750708e+02 
4.697576e-01 5.452248e+02 3.666040e+02 
4.747980e-01 5.337238e+02 3.584035e+02 
4.798384e-01 5.226239e+02 3.504586e+02 
4.848788e-01 5.119079e+02 3.427591e+02 
4.899192e-01 5.015317e+02 3.352954e+02 
4.949596e-01 4.914730e+02 3.280582e+02 
5.000000e-01 4.817099e+02 3.210388e+02 
