1.000000e-03 2.068747e+03 2.068562e+03 
6.040404e-03 9.465532e+03 9.504550e+03 
1.108081e-02 1.325252e+04 1.312029e+04 
1.612121e-02 1.492964e+04 1.451569e+04 
2.116162e-02 1.536897e+04 1.467979e+04 
2.620202e-02 1.510739e+04 1.425020e+04 
3.124242e-02 1.449312e+04 1.356972e+04 
3.628283e-02 1.374545e+04 1.279337e+04 
4.132323e-02 1.298562e+04 1.199419e+04 
4.636364e-02 1.226349e+04 1.120974e+04 
5.140404e-02 1.159062e+04 1.045970e+04 
5.644444e-02 1.095188e+04 9.753744e+03 
6.148485e-02 1.032727e+04 9.095733e+03 
6.652525e-02 9.724356e+03 8.486134e+03 
7.156566e-02 9.133913e+03 7.923488e+03 
7.660606e-02 8.564425e+03 7.405300e+03 
8.164646e-02 8.034761e+03 6.928578e+03 
8.668687e-02 7.558404e+03 6.490159e+03 
9.172727e-02 7.132552e+03 6.086898e+03 
9.676768e-02 6.748230e+03 5.715779e+03 
1.018081e-01 6.400026e+03 5.373971e+03 
1.068485e-01 6.082333e+03 5.058854e+03 
1.118889e-01 5.785272e+03 4.768028e+03 
1.169293e-01 5.498674e+03 4.499306e+03 
1.219697e-01 5.219527e+03 4.250703e+03 
1.270101e-01 4.951358e+03 4.020423e+03 
1.320505e-01 4.699363e+03 3.806845e+03 
1.370909e-01 4.466467e+03 3.608506e+03 
1.421313e-01 4.253042e+03 3.424084e+03 
1.471717e-01 4.057554e+03 3.252389e+03 
1.522121e-01 3.877657e+03 3.092344e+03 
1.572525e-01 3.711311e+03 2.942978e+03 
1.622929e-01 3.556314e+03 2.803414e+03 
1.673333e-01 3.409935e+03 2.672855e+03 
1.723737e-01 3.269536e+03 2.550583e+03 
1.774141e-01 3.134576e+03 2.435944e+03 
1.824545e-01 3.005895e+03 2.328346e+03 
1.874949e-01 2.884289e+03 2.227250e+03 
1.925354e-01 2.769480e+03 2.132167e+03 
1.975758e-01 2.661281e+03 2.042648e+03 
2.026162e-01 2.559827e+03 1.958288e+03 
2.076566e-01 2.465137e+03 1.878713e+03 
2.126970e-01 2.376082e+03 1.803583e+03 
2.177374e-01 2.291487e+03 1.732587e+03 
2.227778e-01 2.210714e+03 1.665439e+03 
2.278182e-01 2.133690e+03 1.601876e+03 
2.328586e-01 2.060173e+03 1.541658e+03 
2.378990e-01 1.989913e+03 1.484562e+03 
2.429394e-01 1.922790e+03 1.430386e+03 
2.479798e-01 1.858826e+03 1.378940e+03 
2.530202e-01 1.798012e+03 1.330052e+03 
2.580606e-01 1.740188e+03 1.283559e+03 
2.631010e-01 1.685085e+03 1.239315e+03 
2.681414e-01 1.632503e+03 1.197181e+03 
2.731818e-01 1.582298e+03 1.157030e+03 
2.782222e-01 1.534303e+03 1.118745e+03 
2.832626e-01 1.488313e+03 1.082215e+03 
2.883030e-01 1.444149e+03 1.047338e+03 
2.933434e-01 1.401741e+03 1.014020e+03 
2.983838e-01 1.361078e+03 9.821716e+02 
3.034242e-01 1.322127e+03 9.517116e+02 
3.084646e-01 1.284760e+03 9.225628e+02 
3.135051e-01 1.248878e+03 8.946535e+02 
3.185455e-01 1.214415e+03 8.679169e+02 
3.235859e-01 1.181316e+03 8.422903e+02 
3.286263e-01 1.149518e+03 8.177152e+02 
3.336667e-01 1.118930e+03 7.941367e+02 
3.387071e-01 1.089467e+03 7.715035e+02 
3.437475e-01 1.061073e+03 7.497673e+02 
3.487879e-01 1.033718e+03 7.288830e+02 
3.538283e-01 1.007373e+03 7.088080e+02 
3.588687e-01 9.819872e+02 6.895024e+02 
3.639091e-01 9.574833e+02 6.709286e+02 
3.689495e-01 9.338242e+02 6.530514e+02 
3.739899e-01 9.110041e+02 6.358375e+02 
3.790303e-01 8.890068e+02 6.192555e+02 
3.840707e-01 8.677619e+02 6.032758e+02 
3.891111e-01 8.472045e+02 5.878706e+02 
3.941515e-01 8.273158e+02 5.730135e+02 
3.991919e-01 8.081049e+02 5.586796e+02 
4.042323e-01 7.895474e+02 5.448455e+02 
4.092727e-01 7.715848e+02 5.314889e+02 
4.143131e-01 7.541782e+02 5.185888e+02 
4.193535e-01 7.373243e+02 5.061253e+02 
4.243939e-01 7.210207e+02 4.940795e+02 
4.294343e-01 7.052352e+02 4.824336e+02 
4.344747e-01 6.899316e+02 4.711705e+02 
4.395152e-01 6.750892e+02 4.602743e+02 
4.445556e-01 6.606948e+02 4.497296e+02 
4.495960e-01 6.467443e+02 4.395220e+02 
4.546364e-01 6.332240e+02 4.296377e+02 
4.596768e-01 6.201002e+02 4.200637e+02 
4.647172e-01 6.073420e+02 4.107874e+02 
4.697576e-01 5.949531e+02 4.017970e+02 
4.747980e-01 5.829387e+02 3.930813e+02 
4.798384e-01 5.712718e+02 3.846296e+02 
4.848788e-01 5.599270e+02 3.764316e+02 
4.899192e-01 5.488932e+02 3.684775e+02 
4.949596e-01 5.381696e+02 3.607582e+02 
5.000000e-01 5.277520e+02 3.532647e+02 
