1.000000e-03 3.800325e+03 3.799981e+03 
6.040404e-03 1.730873e+04 1.738850e+04 
1.108081e-02 2.400377e+04 2.394378e+04 
1.612121e-02 2.635268e+04 2.602446e+04 
2.116162e-02 2.592417e+04 2.507325e+04 
2.620202e-02 2.389195e+04 2.260021e+04 
3.124242e-02 2.118247e+04 1.992725e+04 
3.628283e-02 1.846282e+04 1.760346e+04 
4.132323e-02 1.613115e+04 1.568203e+04 
4.636364e-02 1.433267e+04 1.408427e+04 
5.140404e-02 1.309383e+04 1.273183e+04 
5.644444e-02 1.228550e+04 1.156831e+04 
6.148485e-02 1.174687e+04 1.055489e+04 
6.652525e-02 1.132829e+04 9.664190e+03 
7.156566e-02 1.088145e+04 8.876014e+03 
7.660606e-02 1.031460e+04 8.174843e+03 
8.164646e-02 9.603143e+03 7.548339e+03 
8.668687e-02 8.786053e+03 6.986447e+03 
9.172727e-02 7.933960e+03 6.480822e+03 
9.676768e-02 7.122338e+03 6.024451e+03 
1.018081e-01 6.416291e+03 5.611381e+03 
1.068485e-01 5.858824e+03 5.236521e+03 
1.118889e-01 5.460715e+03 4.895495e+03 
1.169293e-01 5.200662e+03 4.584519e+03 
1.219697e-01 5.038659e+03 4.300312e+03 
1.270101e-01 4.928494e+03 4.040014e+03 
1.320505e-01 4.826225e+03 3.801128e+03 
1.370909e-01 4.695844e+03 3.581462e+03 
1.421313e-01 4.515210e+03 3.379092e+03 
1.471717e-01 4.280428e+03 3.192321e+03 
1.522121e-01 4.004355e+03 3.019647e+03 
1.572525e-01 3.710512e+03 2.859743e+03 
1.622929e-01 3.425467e+03 2.711426e+03 
1.673333e-01 3.172829e+03 2.573646e+03 
1.723737e-01 2.967714e+03 2.445466e+03 
1.774141e-01 2.814351e+03 2.326045e+03 
1.824545e-01 2.707767e+03 2.214633e+03 
1.874949e-01 2.636807e+03 2.110556e+03 
1.925354e-01 2.587077e+03 2.013205e+03 
1.975758e-01 2.543047e+03 1.922035e+03 
2.026162e-01 2.490608e+03 1.836550e+03 
2.076566e-01 2.420567e+03 1.756305e+03 
2.126970e-01 2.330205e+03 1.680895e+03 
2.177374e-01 2.222757e+03 1.609951e+03 
2.227778e-01 2.105256e+03 1.543141e+03 
2.278182e-01 1.986717e+03 1.480159e+03 
2.328586e-01 1.876055e+03 1.420730e+03 
2.378990e-01 1.779967e+03 1.364598e+03 
2.429394e-01 1.701832e+03 1.311534e+03 
2.479798e-01 1.641598e+03 1.261325e+03 
2.530202e-01 1.596691e+03 1.213775e+03 
2.580606e-01 1.562682e+03 1.168708e+03 
2.631010e-01 1.533926e+03 1.125959e+03 
2.681414e-01 1.504765e+03 1.085376e+03 
2.731818e-01 1.470909e+03 1.046820e+03 
2.782222e-01 1.430345e+03 1.010163e+03 
2.832626e-01 1.383226e+03 9.752868e+02 
2.883030e-01 1.331184e+03 9.420808e+02 
2.933434e-01 1.276840e+03 9.104436e+02 
2.983838e-01 1.223291e+03 8.802810e+02 
3.034242e-01 1.173625e+03 8.515059e+02 
3.084646e-01 1.130008e+03 8.240369e+02 
3.135051e-01 1.093281e+03 7.977988e+02 
3.185455e-01 1.063026e+03 7.727214e+02 
3.235859e-01 1.037962e+03 7.487393e+02 
3.286263e-01 1.016413e+03 7.257918e+02 
3.336667e-01 9.964570e+02 7.038220e+02 
3.387071e-01 9.762674e+02 6.827768e+02 
3.437475e-01 9.544400e+02 6.626067e+02 
3.487879e-01 9.303505e+02 6.432654e+02 
3.538283e-01 9.041962e+02 6.247095e+02 
3.588687e-01 8.767301e+02 6.068983e+02 
3.639091e-01 8.489825e+02 5.897938e+02 
3.689495e-01 8.219935e+02 5.733602e+02 
3.739899e-01 7.966712e+02 5.575639e+02 
3.790303e-01 7.737049e+02 5.423735e+02 
3.840707e-01 7.533726e+02 5.277592e+02 
3.891111e-01 7.355167e+02 5.136933e+02 
3.941515e-01 7.196411e+02 5.001494e+02 
3.991919e-01 7.050610e+02 4.871029e+02 
4.042323e-01 6.911130e+02 4.745304e+02 
4.092727e-01 6.772065e+02 4.624100e+02 
4.143131e-01 6.628920e+02 4.507209e+02 
4.193535e-01 6.479666e+02 4.394434e+02 
4.243939e-01 6.324918e+02 4.285591e+02 
4.294343e-01 6.167386e+02 4.180506e+02 
4.344747e-01 6.010727e+02 4.079011e+02 
4.395152e-01 5.858498e+02 3.980950e+02 
4.445556e-01 5.713602e+02 3.886175e+02 
4.495960e-01 5.578291e+02 3.794546e+02 
4.546364e-01 5.453622e+02 3.705928e+02 
4.596768e-01 5.338928e+02 3.620195e+02 
4.647172e-01 5.232373e+02 3.537227e+02 
4.697576e-01 5.131537e+02 3.456911e+02 
4.747980e-01 5.034094e+02 3.379137e+02 
4.798384e-01 4.938018e+02 3.303803e+02 
4.848788e-01 4.841835e+02 3.230811e+02 
4.899192e-01 4.744729e+02 3.160068e+02 
4.949596e-01 4.646688e+02 3.091485e+02 
5.000000e-01 4.548695e+02 3.024977e+02 
