1.000000e-03 6.696030e+03 6.695408e+03 
6.040404e-03 2.986002e+04 3.001135e+04 
1.108081e-02 4.079819e+04 4.083562e+04 
1.612121e-02 4.396686e+04 4.378581e+04 
2.116162e-02 4.212730e+04 4.108970e+04 
2.620202e-02 3.740567e+04 3.526535e+04 
3.124242e-02 3.153943e+04 2.913245e+04 
3.628283e-02 2.581141e+04 2.411166e+04 
4.132323e-02 2.098497e+04 2.032010e+04 
4.636364e-02 1.733910e+04 1.745939e+04 
5.140404e-02 1.488906e+04 1.524185e+04 
5.644444e-02 1.341712e+04 1.346902e+04 
6.148485e-02 1.264748e+04 1.201372e+04 
6.652525e-02 1.229864e+04 1.079408e+04 
7.156566e-02 1.210293e+04 9.755631e+03 
7.660606e-02 1.183733e+04 8.860620e+03 
8.164646e-02 1.134549e+04 8.081821e+03 
8.668687e-02 1.057111e+04 7.398892e+03 
9.172727e-02 9.556850e+03 6.796184e+03 
9.676768e-02 8.415515e+03 6.261369e+03 
1.018081e-01 7.285729e+03 5.784542e+03 
1.068485e-01 6.289832e+03 5.357628e+03 
1.118889e-01 5.504262e+03 4.973954e+03 
1.169293e-01 4.953594e+03 4.627952e+03 
1.219697e-01 4.622508e+03 4.314934e+03 
1.270101e-01 4.471569e+03 4.030924e+03 
1.320505e-01 4.446162e+03 3.772528e+03 
1.370909e-01 4.481963e+03 3.536832e+03 
1.421313e-01 4.513761e+03 3.321325e+03 
1.471717e-01 4.487250e+03 3.123826e+03 
1.522121e-01 4.368241e+03 2.942442e+03 
1.572525e-01 4.147103e+03 2.775516e+03 
1.622929e-01 3.839868e+03 2.621596e+03 
1.673333e-01 3.483666e+03 2.479406e+03 
1.723737e-01 3.124932e+03 2.347820e+03 
1.774141e-01 2.803615e+03 2.225840e+03 
1.824545e-01 2.544662e+03 2.112582e+03 
1.874949e-01 2.358086e+03 2.007259e+03 
1.925354e-01 2.243019e+03 1.909171e+03 
1.975758e-01 2.190225e+03 1.817689e+03 
2.026162e-01 2.182892e+03 1.732252e+03 
2.076566e-01 2.198856e+03 1.652354e+03 
2.126970e-01 2.214788e+03 1.577543e+03 
2.177374e-01 2.210969e+03 1.507408e+03 
2.227778e-01 2.174351e+03 1.441580e+03 
2.278182e-01 2.099970e+03 1.379724e+03 
2.328586e-01 1.991437e+03 1.321537e+03 
2.378990e-01 1.859729e+03 1.266742e+03 
2.429394e-01 1.719971e+03 1.215091e+03 
2.479798e-01 1.587192e+03 1.166353e+03 
2.530202e-01 1.473061e+03 1.120321e+03 
2.580606e-01 1.384445e+03 1.076804e+03 
2.631010e-01 1.323396e+03 1.035628e+03 
2.681414e-01 1.287743e+03 9.966330e+02 
2.731818e-01 1.272049e+03 9.596724e+02 
2.782222e-01 1.268746e+03 9.246115e+02 
2.832626e-01 1.269372e+03 8.913261e+02 
2.883030e-01 1.265928e+03 8.597021e+02 
2.933434e-01 1.252179e+03 8.296342e+02 
2.983838e-01 1.224614e+03 8.010249e+02 
3.034242e-01 1.182947e+03 7.737843e+02 
3.084646e-01 1.129984e+03 7.478292e+02 
3.135051e-01 1.070605e+03 7.230824e+02 
3.185455e-01 1.010535e+03 6.994723e+02 
3.235859e-01 9.549621e+02 6.769324e+02 
3.286263e-01 9.076751e+02 6.554010e+02 
3.336667e-01 8.706808e+02 6.348208e+02 
3.387071e-01 8.442955e+02 6.151380e+02 
3.437475e-01 8.273109e+02 5.963030e+02 
3.487879e-01 8.173088e+02 5.782692e+02 
3.538283e-01 8.111252e+02 5.609931e+02 
3.588687e-01 8.053914e+02 5.444343e+02 
3.639091e-01 7.972269e+02 5.285547e+02 
3.689495e-01 7.846729e+02 5.133188e+02 
3.739899e-01 7.668578e+02 4.986934e+02 
3.790303e-01 7.439910e+02 4.846473e+02 
3.840707e-01 7.172890e+02 4.711512e+02 
3.891111e-01 6.886898e+02 4.581776e+02 
3.941515e-01 6.603702e+02 4.457007e+02 
3.991919e-01 6.342575e+02 4.336963e+02 
4.042323e-01 6.116804e+02 4.221415e+02 
4.092727e-01 5.932851e+02 4.110149e+02 
4.143131e-01 5.790830e+02 4.002961e+02 
4.193535e-01 5.685078e+02 3.899662e+02 
4.243939e-01 5.605534e+02 3.800070e+02 
4.294343e-01 5.539400e+02 3.704017e+02 
4.344747e-01 5.473815e+02 3.611341e+02 
4.395152e-01 5.398310e+02 3.521891e+02 
4.445556e-01 5.305681e+02 3.435523e+02 
4.495960e-01 5.193243e+02 3.352102e+02 
4.546364e-01 5.062580e+02 3.271500e+02 
4.596768e-01 4.918732e+02 3.193594e+02 
4.647172e-01 4.769441e+02 3.118269e+02 
4.697576e-01 4.622683e+02 3.045417e+02 
4.747980e-01 4.485647e+02 2.974933e+02 
4.798384e-01 4.363475e+02 2.906718e+02 
4.848788e-01 4.258492e+02 2.840681e+02 
4.899192e-01 4.170715e+02 2.776731e+02 
4.949596e-01 4.097821e+02 2.714785e+02 
5.000000e-01 4.035514e+02 2.654762e+02 
