1.000000e-03 3.644225e+03 3.643893e+03 
6.040404e-03 1.666118e+04 1.673606e+04 
1.108081e-02 2.318040e+04 2.311156e+04 
1.612121e-02 2.553556e+04 2.519146e+04 
2.116162e-02 2.522173e+04 2.436839e+04 
2.620202e-02 2.335978e+04 2.209487e+04 
3.124242e-02 2.083496e+04 1.961377e+04 
3.628283e-02 1.828465e+04 1.743433e+04 
4.132323e-02 1.608970e+04 1.561079e+04 
4.636364e-02 1.438950e+04 1.407746e+04 
5.140404e-02 1.321168e+04 1.276737e+04 
5.644444e-02 1.242982e+04 1.163180e+04 
6.148485e-02 1.189027e+04 1.063680e+04 
6.652525e-02 1.145285e+04 9.758072e+03 
7.156566e-02 1.097818e+04 8.977434e+03 
7.660606e-02 1.038266e+04 8.280685e+03 
8.164646e-02 9.651136e+03 7.656388e+03 
8.668687e-02 8.828677e+03 7.095118e+03 
9.172727e-02 7.986442e+03 6.588977e+03 
9.676768e-02 7.195528e+03 6.131274e+03 
1.018081e-01 6.514907e+03 5.716293e+03 
1.068485e-01 5.982109e+03 5.339119e+03 
1.118889e-01 5.603435e+03 4.995503e+03 
1.169293e-01 5.354662e+03 4.681760e+03 
1.219697e-01 5.193454e+03 4.394681e+03 
1.270101e-01 5.073468e+03 4.131460e+03 
1.320505e-01 4.953062e+03 3.889641e+03 
1.370909e-01 4.800357e+03 3.667064e+03 
1.421313e-01 4.598039e+03 3.461826e+03 
1.471717e-01 4.346297e+03 3.272245e+03 
1.522121e-01 4.060458e+03 3.096833e+03 
1.572525e-01 3.764673e+03 2.934269e+03 
1.622929e-01 3.484890e+03 2.783376e+03 
1.673333e-01 3.242260e+03 2.643108e+03 
1.723737e-01 3.048619e+03 2.512527e+03 
1.774141e-01 2.905133e+03 2.390795e+03 
1.824545e-01 2.804598e+03 2.277161e+03 
1.874949e-01 2.734999e+03 2.170946e+03 
1.925354e-01 2.681750e+03 2.071544e+03 
1.975758e-01 2.629625e+03 1.978404e+03 
2.026162e-01 2.566010e+03 1.891030e+03 
2.076566e-01 2.484000e+03 1.808972e+03 
2.126970e-01 2.383289e+03 1.731823e+03 
2.177374e-01 2.268774e+03 1.659213e+03 
2.227778e-01 2.148132e+03 1.590804e+03 
2.278182e-01 2.030056e+03 1.526290e+03 
2.328586e-01 1.922604e+03 1.465390e+03 
2.378990e-01 1.831327e+03 1.407849e+03 
2.429394e-01 1.758132e+03 1.353432e+03 
2.479798e-01 1.701721e+03 1.301925e+03 
2.530202e-01 1.658561e+03 1.253131e+03 
2.580606e-01 1.623813e+03 1.206868e+03 
2.631010e-01 1.591994e+03 1.162971e+03 
2.681414e-01 1.558013e+03 1.121287e+03 
2.731818e-01 1.518469e+03 1.081672e+03 
2.782222e-01 1.472336e+03 1.043999e+03 
2.832626e-01 1.420652e+03 1.008145e+03 
2.883030e-01 1.365668e+03 9.739987e+02 
2.933434e-01 1.310181e+03 9.414577e+02 
2.983838e-01 1.257100e+03 9.104256e+02 
3.034242e-01 1.208950e+03 8.808137e+02 
3.084646e-01 1.167313e+03 8.525393e+02 
3.135051e-01 1.132442e+03 8.255256e+02 
3.185455e-01 1.103393e+03 7.997011e+02 
3.235859e-01 1.078568e+03 7.749993e+02 
3.286263e-01 1.056120e+03 7.513580e+02 
3.336667e-01 1.034290e+03 7.287192e+02 
3.387071e-01 1.011583e+03 7.070290e+02 
3.437475e-01 9.870308e+02 6.862366e+02 
3.487879e-01 9.603955e+02 6.662948e+02 
3.538283e-01 9.321950e+02 6.471592e+02 
3.588687e-01 9.034086e+02 6.287882e+02 
3.639091e-01 8.751185e+02 6.111430e+02 
3.689495e-01 8.482335e+02 5.941870e+02 
3.739899e-01 8.234408e+02 5.778859e+02 
3.790303e-01 8.011261e+02 5.622074e+02 
3.840707e-01 7.813282e+02 5.471212e+02 
3.891111e-01 7.637127e+02 5.325987e+02 
3.941515e-01 7.476646e+02 5.186131e+02 
3.991919e-01 7.324629e+02 5.051390e+02 
4.042323e-01 7.174838e+02 4.921526e+02 
4.092727e-01 7.022919e+02 4.796314e+02 
4.143131e-01 6.866519e+02 4.675540e+02 
4.193535e-01 6.705343e+02 4.559004e+02 
4.243939e-01 6.540926e+02 4.446515e+02 
4.294343e-01 6.376619e+02 4.337895e+02 
4.344747e-01 6.216189e+02 4.232973e+02 
4.395152e-01 6.062792e+02 4.131589e+02 
4.445556e-01 5.918742e+02 4.033590e+02 
4.495960e-01 5.784713e+02 3.938831e+02 
4.546364e-01 5.660520e+02 3.847177e+02 
4.596768e-01 5.545038e+02 3.758495e+02 
4.647172e-01 5.436034e+02 3.672665e+02 
4.697576e-01 5.331237e+02 3.589567e+02 
4.747980e-01 5.228272e+02 3.509092e+02 
4.798384e-01 5.125604e+02 3.431132e+02 
4.848788e-01 5.022602e+02 3.355589e+02 
4.899192e-01 4.919245e+02 3.282365e+02 
4.949596e-01 4.816145e+02 3.211369e+02 
5.000000e-01 4.714310e+02 3.142516e+02 
