1.000000e-03 3.068289e+03 3.067997e+03 
6.040404e-03 1.348070e+04 1.353158e+04 
1.108081e-02 1.841653e+04 1.826818e+04 
1.612121e-02 2.018556e+04 1.970364e+04 
2.116162e-02 2.009703e+04 1.924508e+04 
2.620202e-02 1.901099e+04 1.799004e+04 
3.124242e-02 1.752668e+04 1.657769e+04 
3.628283e-02 1.603073e+04 1.522501e+04 
4.132323e-02 1.472650e+04 1.397926e+04 
4.636364e-02 1.366552e+04 1.284416e+04 
5.140404e-02 1.284986e+04 1.181406e+04 
5.644444e-02 1.216079e+04 1.088115e+04 
6.148485e-02 1.152345e+04 1.003714e+04 
6.652525e-02 1.087344e+04 9.273766e+03 
7.156566e-02 1.017594e+04 8.583102e+03 
7.660606e-02 9.439507e+03 7.957734e+03 
8.164646e-02 8.705189e+03 7.390850e+03 
8.668687e-02 8.019640e+03 6.876276e+03 
9.172727e-02 7.414545e+03 6.408465e+03 
9.676768e-02 6.906617e+03 5.982462e+03 
1.018081e-01 6.498878e+03 5.593863e+03 
1.068485e-01 6.177128e+03 5.238760e+03 
1.118889e-01 5.910264e+03 4.913692e+03 
1.169293e-01 5.663925e+03 4.615593e+03 
1.219697e-01 5.414142e+03 4.341749e+03 
1.270101e-01 5.150322e+03 4.089757e+03 
1.320505e-01 4.872506e+03 3.857482e+03 
1.370909e-01 4.589122e+03 3.643031e+03 
1.421313e-01 4.313413e+03 3.444721e+03 
1.471717e-01 4.058320e+03 3.261051e+03 
1.522121e-01 3.832568e+03 3.090685e+03 
1.572525e-01 3.639676e+03 2.932428e+03 
1.622929e-01 3.478527e+03 2.785210e+03 
1.673333e-01 3.342657e+03 2.648074e+03 
1.723737e-01 3.222107e+03 2.520160e+03 
1.774141e-01 3.107442e+03 2.400693e+03 
1.824545e-01 2.992346e+03 2.288976e+03 
1.874949e-01 2.874006e+03 2.184381e+03 
1.925354e-01 2.752373e+03 2.086338e+03 
1.975758e-01 2.629709e+03 1.994334e+03 
2.026162e-01 2.510187e+03 1.907901e+03 
2.076566e-01 2.398210e+03 1.826616e+03 
2.126970e-01 2.296395e+03 1.750094e+03 
2.177374e-01 2.205449e+03 1.677982e+03 
2.227778e-01 2.124778e+03 1.609962e+03 
2.278182e-01 2.052534e+03 1.545741e+03 
2.328586e-01 1.986066e+03 1.485051e+03 
2.378990e-01 1.922800e+03 1.427648e+03 
2.429394e-01 1.860900e+03 1.373306e+03 
2.479798e-01 1.799372e+03 1.321820e+03 
2.530202e-01 1.737854e+03 1.273000e+03 
2.580606e-01 1.676717e+03 1.226671e+03 
2.631010e-01 1.617077e+03 1.182673e+03 
2.681414e-01 1.560342e+03 1.140857e+03 
2.731818e-01 1.507343e+03 1.101087e+03 
2.782222e-01 1.458175e+03 1.063235e+03 
2.832626e-01 1.412568e+03 1.027185e+03 
2.883030e-01 1.370157e+03 9.928267e+02 
2.933434e-01 1.330423e+03 9.600608e+02 
2.983838e-01 1.292595e+03 9.287932e+02 
3.034242e-01 1.255890e+03 8.989370e+02 
3.084646e-01 1.219907e+03 8.704114e+02 
3.135051e-01 1.184629e+03 8.431410e+02 
3.185455e-01 1.150194e+03 8.170558e+02 
3.235859e-01 1.116744e+03 7.920902e+02 
3.286263e-01 1.084449e+03 7.681833e+02 
3.336667e-01 1.053551e+03 7.452780e+02 
3.387071e-01 1.024256e+03 7.233208e+02 
3.437475e-01 9.965570e+02 7.022620e+02 
3.487879e-01 9.702630e+02 6.820547e+02 
3.538283e-01 9.451417e+02 6.626551e+02 
3.588687e-01 9.210101e+02 6.440222e+02 
3.639091e-01 8.977317e+02 6.261173e+02 
3.689495e-01 8.751583e+02 6.089043e+02 
3.739899e-01 8.531792e+02 5.923491e+02 
3.790303e-01 8.317758e+02 5.764197e+02 
3.840707e-01 8.110008e+02 5.610860e+02 
3.891111e-01 7.909158e+02 5.463195e+02 
3.941515e-01 7.715403e+02 5.320935e+02 
3.991919e-01 7.528743e+02 5.183829e+02 
4.042323e-01 7.349309e+02 5.051637e+02 
4.092727e-01 7.177057e+02 4.924136e+02 
4.143131e-01 7.011345e+02 4.801113e+02 
4.193535e-01 6.851246e+02 4.682367e+02 
4.243939e-01 6.696159e+02 4.567710e+02 
4.294343e-01 6.545816e+02 4.456960e+02 
4.344747e-01 6.399958e+02 4.349949e+02 
4.395152e-01 6.258290e+02 4.246514e+02 
4.445556e-01 6.120525e+02 4.146504e+02 
4.495960e-01 5.986704e+02 4.049774e+02 
4.546364e-01 5.857051e+02 3.956187e+02 
4.596768e-01 5.731614e+02 3.865611e+02 
4.647172e-01 5.610083e+02 3.777924e+02 
4.697576e-01 5.492293e+02 3.693007e+02 
4.747980e-01 5.378200e+02 3.610749e+02 
4.798384e-01 5.267640e+02 3.531044e+02 
4.848788e-01 5.160444e+02 3.453790e+02 
4.899192e-01 5.056180e+02 3.378890e+02 
4.949596e-01 4.954694e+02 3.306254e+02 
5.000000e-01 4.856019e+02 3.235793e+02 
