1.000000e-03 2.038968e+03 2.038782e+03 
6.040404e-03 9.189436e+03 9.231639e+03 
1.108081e-02 1.281764e+04 1.268918e+04 
1.612121e-02 1.445358e+04 1.404145e+04 
2.116162e-02 1.494502e+04 1.425516e+04 
2.620202e-02 1.478697e+04 1.390397e+04 
3.124242e-02 1.428540e+04 1.329149e+04 
3.628283e-02 1.362791e+04 1.256663e+04 
4.132323e-02 1.292153e+04 1.180617e+04 
4.636364e-02 1.220937e+04 1.105156e+04 
5.140404e-02 1.153245e+04 1.032515e+04 
5.644444e-02 1.087226e+04 9.638340e+03 
6.148485e-02 1.023550e+04 8.996086e+03 
6.652525e-02 9.632206e+03 8.399617e+03 
7.156566e-02 9.057713e+03 7.848015e+03 
7.660606e-02 8.515250e+03 7.339187e+03 
8.164646e-02 8.015281e+03 6.870445e+03 
8.668687e-02 7.562119e+03 6.438865e+03 
9.172727e-02 7.148553e+03 6.041491e+03 
9.676768e-02 6.765072e+03 5.675461e+03 
1.018081e-01 6.408395e+03 5.338068e+03 
1.068485e-01 6.078079e+03 5.026794e+03 
1.118889e-01 5.769247e+03 4.739324e+03 
1.169293e-01 5.476458e+03 4.473541e+03 
1.219697e-01 5.197975e+03 4.227518e+03 
1.270101e-01 4.936307e+03 3.999511e+03 
1.320505e-01 4.693811e+03 3.787939e+03 
1.370909e-01 4.470235e+03 3.591375e+03 
1.421313e-01 4.263408e+03 3.408527e+03 
1.471717e-01 4.070613e+03 3.238231e+03 
1.522121e-01 3.890019e+03 3.079432e+03 
1.572525e-01 3.720433e+03 2.931178e+03 
1.622929e-01 3.561128e+03 2.792608e+03 
1.673333e-01 3.410752e+03 2.662940e+03 
1.723737e-01 3.268054e+03 2.541467e+03 
1.774141e-01 3.132946e+03 2.427547e+03 
1.824545e-01 3.005639e+03 2.320596e+03 
1.874949e-01 2.886176e+03 2.220084e+03 
1.925354e-01 2.773499e+03 2.125528e+03 
1.975758e-01 2.666845e+03 2.036487e+03 
2.026162e-01 2.566174e+03 1.952559e+03 
2.076566e-01 2.471155e+03 1.873377e+03 
2.126970e-01 2.381194e+03 1.798604e+03 
2.177374e-01 2.295510e+03 1.727933e+03 
2.227778e-01 2.213850e+03 1.661080e+03 
2.278182e-01 2.136280e+03 1.597788e+03 
2.328586e-01 2.062610e+03 1.537817e+03 
2.378990e-01 1.992535e+03 1.480948e+03 
2.429394e-01 1.925727e+03 1.426978e+03 
2.479798e-01 1.862106e+03 1.375723e+03 
2.530202e-01 1.801566e+03 1.327008e+03 
2.580606e-01 1.743813e+03 1.280677e+03 
2.631010e-01 1.688612e+03 1.236580e+03 
2.681414e-01 1.635812e+03 1.194583e+03 
2.731818e-01 1.585347e+03 1.154558e+03 
2.782222e-01 1.537110e+03 1.116389e+03 
2.832626e-01 1.490939e+03 1.079966e+03 
2.883030e-01 1.446686e+03 1.045189e+03 
2.933434e-01 1.404248e+03 1.011963e+03 
2.983838e-01 1.363573e+03 9.802010e+02 
3.034242e-01 1.324590e+03 9.498208e+02 
3.084646e-01 1.287201e+03 9.207462e+02 
3.135051e-01 1.251273e+03 8.929061e+02 
3.185455e-01 1.216727e+03 8.662339e+02 
3.235859e-01 1.183525e+03 8.406675e+02 
3.286263e-01 1.151623e+03 8.161487e+02 
3.336667e-01 1.120949e+03 7.926228e+02 
3.387071e-01 1.091398e+03 7.700389e+02 
3.437475e-01 1.062924e+03 7.483490e+02 
3.487879e-01 1.035501e+03 7.275080e+02 
3.538283e-01 1.009102e+03 7.074738e+02 
3.588687e-01 9.836589e+02 6.882066e+02 
3.639091e-01 9.590931e+02 6.696690e+02 
3.689495e-01 9.353792e+02 6.518258e+02 
3.739899e-01 9.125016e+02 6.346441e+02 
3.790303e-01 8.904380e+02 6.180924e+02 
3.840707e-01 8.691266e+02 6.021414e+02 
3.891111e-01 8.485145e+02 5.867634e+02 
3.941515e-01 8.285839e+02 5.719321e+02 
3.991919e-01 8.093231e+02 5.576226e+02 
4.042323e-01 7.907115e+02 5.438118e+02 
4.092727e-01 7.727031e+02 5.304772e+02 
4.143131e-01 7.552616e+02 5.175981e+02 
4.193535e-01 7.383673e+02 5.051546e+02 
4.243939e-01 7.220207e+02 4.931279e+02 
4.294343e-01 7.062030e+02 4.815002e+02 
4.344747e-01 6.908657e+02 4.702545e+02 
4.395152e-01 6.759877e+02 4.593749e+02 
4.445556e-01 6.615620e+02 4.488461e+02 
4.495960e-01 6.475832e+02 4.386538e+02 
4.546364e-01 6.340291e+02 4.287841e+02 
4.596768e-01 6.208697e+02 4.192241e+02 
4.647172e-01 6.080886e+02 4.099613e+02 
4.697576e-01 5.956795e+02 4.009839e+02 
4.747980e-01 5.836408e+02 3.922807e+02 
4.798384e-01 5.719511e+02 3.838409e+02 
4.848788e-01 5.605855e+02 3.756545e+02 
4.899192e-01 5.495288e+02 3.677116e+02 
4.949596e-01 5.387814e+02 3.600031e+02 
5.000000e-01 5.283442e+02 3.525200e+02 
