1.000000e-03 3.854401e+03 3.854040e+03 
6.040404e-03 1.750693e+04 1.758409e+04 
1.108081e-02 2.407881e+04 2.398649e+04 
1.612121e-02 2.625976e+04 2.585031e+04 
2.116162e-02 2.572094e+04 2.478843e+04 
2.620202e-02 2.367298e+04 2.238797e+04 
3.124242e-02 2.103673e+04 1.987030e+04 
3.628283e-02 1.845029e+04 1.767840e+04 
4.132323e-02 1.627465e+04 1.583892e+04 
4.636364e-02 1.462189e+04 1.428354e+04 
5.140404e-02 1.349360e+04 1.294858e+04 
5.644444e-02 1.273939e+04 1.178820e+04 
6.148485e-02 1.220031e+04 1.077012e+04 
6.652525e-02 1.171368e+04 9.870721e+03 
7.156566e-02 1.116012e+04 9.071982e+03 
7.660606e-02 1.047708e+04 8.359597e+03 
8.164646e-02 9.669085e+03 7.721903e+03 
8.668687e-02 8.794501e+03 7.149208e+03 
9.172727e-02 7.931395e+03 6.633353e+03 
9.676768e-02 7.152774e+03 6.167402e+03 
1.018081e-01 6.511811e+03 5.745424e+03 
1.068485e-01 6.031284e+03 5.362314e+03 
1.118889e-01 5.700005e+03 5.013665e+03 
1.169293e-01 5.481745e+03 4.695653e+03 
1.219697e-01 5.329354e+03 4.404953e+03 
1.270101e-01 5.196219e+03 4.138664e+03 
1.320505e-01 5.042766e+03 3.894243e+03 
1.370909e-01 4.843809e+03 3.669462e+03 
1.421313e-01 4.593929e+03 3.462359e+03 
1.471717e-01 4.305572e+03 3.271203e+03 
1.522121e-01 4.000848e+03 3.094462e+03 
1.572525e-01 3.704830e+03 2.930780e+03 
1.622929e-01 3.440720e+03 2.778951e+03 
1.673333e-01 3.224494e+03 2.637901e+03 
1.723737e-01 3.060961e+03 2.506670e+03 
1.774141e-01 2.943833e+03 2.384403e+03 
1.824545e-01 2.860166e+03 2.270330e+03 
1.874949e-01 2.795286e+03 2.163762e+03 
1.925354e-01 2.734586e+03 2.064077e+03 
1.975758e-01 2.665317e+03 1.970718e+03 
2.026162e-01 2.578986e+03 1.883177e+03 
2.076566e-01 2.474123e+03 1.800998e+03 
2.126970e-01 2.355686e+03 1.723768e+03 
2.177374e-01 2.231759e+03 1.651109e+03 
2.227778e-01 2.110987e+03 1.582681e+03 
2.278182e-01 2.000863e+03 1.518172e+03 
2.328586e-01 1.906450e+03 1.457299e+03 
2.378990e-01 1.829781e+03 1.399802e+03 
2.429394e-01 1.769727e+03 1.345444e+03 
2.479798e-01 1.722650e+03 1.294009e+03 
2.530202e-01 1.683430e+03 1.245298e+03 
2.580606e-01 1.646539e+03 1.199127e+03 
2.631010e-01 1.607350e+03 1.155329e+03 
2.681414e-01 1.563089e+03 1.113749e+03 
2.731818e-01 1.513090e+03 1.074244e+03 
2.782222e-01 1.458519e+03 1.036684e+03 
2.832626e-01 1.401619e+03 1.000946e+03 
2.883030e-01 1.345220e+03 9.669192e+02 
2.933434e-01 1.292138e+03 9.344984e+02 
2.983838e-01 1.244434e+03 9.035875e+02 
3.034242e-01 1.203081e+03 8.740972e+02 
3.084646e-01 1.167920e+03 8.459445e+02 
3.135051e-01 1.137899e+03 8.190522e+02 
3.185455e-01 1.111428e+03 7.933485e+02 
3.235859e-01 1.086707e+03 7.687666e+02 
3.286263e-01 1.062072e+03 7.452441e+02 
3.336667e-01 1.036359e+03 7.227229e+02 
3.387071e-01 1.009067e+03 7.011487e+02 
3.437475e-01 9.803428e+02 6.804707e+02 
3.487879e-01 9.508026e+02 6.606416e+02 
3.538283e-01 9.213424e+02 6.416170e+02 
3.588687e-01 8.929622e+02 6.233551e+02 
3.639091e-01 8.664090e+02 6.058171e+02 
3.689495e-01 8.421295e+02 5.889663e+02 
3.739899e-01 8.201925e+02 5.727684e+02 
3.790303e-01 8.003631e+02 5.571911e+02 
3.840707e-01 7.822538e+02 5.422041e+02 
3.891111e-01 7.652792e+02 5.277788e+02 
3.941515e-01 7.488263e+02 5.138884e+02 
3.991919e-01 7.323914e+02 5.005075e+02 
4.042323e-01 7.156904e+02 4.876123e+02 
4.092727e-01 6.987191e+02 4.751803e+02 
4.143131e-01 6.816057e+02 4.631901e+02 
4.193535e-01 6.645692e+02 4.516218e+02 
4.243939e-01 6.478975e+02 4.404564e+02 
4.294343e-01 6.318622e+02 4.296759e+02 
4.344747e-01 6.166901e+02 4.192634e+02 
4.395152e-01 6.024874e+02 4.092029e+02 
4.445556e-01 5.892006e+02 3.994791e+02 
4.495960e-01 5.767138e+02 3.900776e+02 
4.546364e-01 5.648528e+02 3.809848e+02 
4.596768e-01 5.534474e+02 3.721876e+02 
4.647172e-01 5.423137e+02 3.636739e+02 
4.697576e-01 5.312943e+02 3.554319e+02 
4.747980e-01 5.203186e+02 3.474506e+02 
4.798384e-01 5.094011e+02 3.397193e+02 
4.848788e-01 4.986046e+02 3.322281e+02 
4.899192e-01 4.880113e+02 3.249674e+02 
4.949596e-01 4.776877e+02 3.179282e+02 
5.000000e-01 4.677216e+02 3.111018e+02 
