1.000000e-03 4.009718e+03 4.009350e+03 
6.040404e-03 1.803224e+04 1.811329e+04 
1.108081e-02 2.487381e+04 2.480165e+04 
1.612121e-02 2.721072e+04 2.684668e+04 
2.116162e-02 2.670239e+04 2.579432e+04 
2.620202e-02 2.457427e+04 2.323513e+04 
3.124242e-02 2.178254e+04 2.050746e+04 
3.628283e-02 1.900612e+04 1.814172e+04 
4.132323e-02 1.664265e+04 1.618035e+04 
4.636364e-02 1.482966e+04 1.454303e+04 
5.140404e-02 1.358677e+04 1.315244e+04 
5.644444e-02 1.276997e+04 1.195311e+04 
6.148485e-02 1.221414e+04 1.090675e+04 
6.652525e-02 1.176242e+04 9.986087e+03 
7.156566e-02 1.126735e+04 9.170849e+03 
7.660606e-02 1.064319e+04 8.445314e+03 
8.164646e-02 9.875589e+03 7.796904e+03 
8.668687e-02 9.012121e+03 7.215315e+03 
9.172727e-02 8.128725e+03 6.691966e+03 
9.676768e-02 7.301875e+03 6.219623e+03 
1.018081e-01 6.595428e+03 5.792137e+03 
1.068485e-01 6.047703e+03 5.404242e+03 
1.118889e-01 5.662314e+03 5.051405e+03 
1.169293e-01 5.412015e+03 4.729707e+03 
1.219697e-01 5.252240e+03 4.435746e+03 
1.270101e-01 5.134605e+03 4.166557e+03 
1.320505e-01 5.015228e+03 3.919550e+03 
1.370909e-01 4.859926e+03 3.692453e+03 
1.421313e-01 4.650903e+03 3.483270e+03 
1.471717e-01 4.389607e+03 3.290241e+03 
1.522121e-01 4.093247e+03 3.111809e+03 
1.572525e-01 3.787739e+03 2.946597e+03 
1.622929e-01 3.499982e+03 2.793380e+03 
1.673333e-01 3.251765e+03 2.651069e+03 
1.723737e-01 3.055322e+03 2.518692e+03 
1.774141e-01 2.911560e+03 2.395379e+03 
1.824545e-01 2.812410e+03 2.280351e+03 
1.874949e-01 2.744724e+03 2.172910e+03 
1.925354e-01 2.692938e+03 2.072427e+03 
1.975758e-01 2.641387e+03 1.978334e+03 
2.026162e-01 2.577212e+03 1.890121e+03 
2.076566e-01 2.493375e+03 1.807325e+03 
2.126970e-01 2.389926e+03 1.729526e+03 
2.177374e-01 2.272081e+03 1.656345e+03 
2.227778e-01 2.148173e+03 1.587435e+03 
2.278182e-01 2.027640e+03 1.522482e+03 
2.328586e-01 1.918724e+03 1.461198e+03 
2.378990e-01 1.826810e+03 1.403322e+03 
2.429394e-01 1.753656e+03 1.348614e+03 
2.479798e-01 1.697819e+03 1.296855e+03 
2.530202e-01 1.655619e+03 1.247844e+03 
2.580606e-01 1.621800e+03 1.201395e+03 
2.631010e-01 1.590453e+03 1.157339e+03 
2.681414e-01 1.556334e+03 1.115521e+03 
2.731818e-01 1.516175e+03 1.075795e+03 
2.782222e-01 1.469214e+03 1.038030e+03 
2.832626e-01 1.416590e+03 1.002102e+03 
2.883030e-01 1.360549e+03 9.678973e+02 
2.933434e-01 1.304077e+03 9.353121e+02 
2.983838e-01 1.250367e+03 9.042484e+02 
3.034242e-01 1.202054e+03 8.746162e+02 
3.084646e-01 1.160601e+03 8.463316e+02 
3.135051e-01 1.126030e+03 8.193166e+02 
3.185455e-01 1.097327e+03 7.934989e+02 
3.235859e-01 1.072853e+03 7.688109e+02 
3.286263e-01 1.050739e+03 7.451898e+02 
3.336667e-01 1.029100e+03 7.225769e+02 
3.387071e-01 1.006314e+03 7.009174e+02 
3.437475e-01 9.814518e+02 6.801602e+02 
3.487879e-01 9.544527e+02 6.602575e+02 
3.538283e-01 9.259407e+02 6.411643e+02 
3.588687e-01 8.969004e+02 6.228389e+02 
3.639091e-01 8.683968e+02 6.052418e+02 
3.689495e-01 8.413794e+02 5.883361e+02 
3.739899e-01 8.166077e+02 5.720873e+02 
3.790303e-01 7.944603e+02 5.564628e+02 
3.840707e-01 7.748980e+02 5.414321e+02 
3.891111e-01 7.574982e+02 5.269662e+02 
3.941515e-01 7.415822e+02 5.130383e+02 
3.991919e-01 7.264809e+02 4.996227e+02 
4.042323e-01 7.115886e+02 4.866954e+02 
4.092727e-01 6.964125e+02 4.742337e+02 
4.143131e-01 6.806901e+02 4.622163e+02 
4.193535e-01 6.644486e+02 4.506229e+02 
4.243939e-01 6.479127e+02 4.394343e+02 
4.294343e-01 6.314541e+02 4.286327e+02 
4.344747e-01 6.154112e+02 4.182008e+02 
4.395152e-01 6.000935e+02 4.081225e+02 
4.445556e-01 5.857245e+02 3.983826e+02 
4.495960e-01 5.724196e+02 3.889664e+02 
4.546364e-01 5.601476e+02 3.798603e+02 
4.596768e-01 5.487323e+02 3.710511e+02 
4.647172e-01 5.379218e+02 3.625266e+02 
4.697576e-01 5.274850e+02 3.542750e+02 
4.747980e-01 5.172342e+02 3.462851e+02 
4.798384e-01 5.070088e+02 3.385462e+02 
4.848788e-01 4.967266e+02 3.310484e+02 
4.899192e-01 4.863860e+02 3.237819e+02 
4.949596e-01 4.760603e+02 3.167378e+02 
5.000000e-01 4.658924e+02 3.099072e+02 
