1.000000e-03 2.238185e+03 2.237983e+03 
6.040404e-03 1.018259e+04 1.022220e+04 
1.108081e-02 1.423356e+04 1.410139e+04 
1.612121e-02 1.597138e+04 1.555399e+04 
2.116162e-02 1.632910e+04 1.562258e+04 
2.620202e-02 1.590705e+04 1.504330e+04 
3.124242e-02 1.511304e+04 1.422704e+04 
3.628283e-02 1.421040e+04 1.334344e+04 
4.132323e-02 1.334222e+04 1.246073e+04 
4.636364e-02 1.256010e+04 1.160996e+04 
5.140404e-02 1.188723e+04 1.080606e+04 
5.644444e-02 1.125616e+04 1.005555e+04 
6.148485e-02 1.064413e+04 9.360172e+03 
6.652525e-02 1.003880e+04 8.718898e+03 
7.156566e-02 9.424233e+03 8.129182e+03 
7.660606e-02 8.809611e+03 7.587707e+03 
8.164646e-02 8.223152e+03 7.090841e+03 
8.668687e-02 7.691773e+03 6.634915e+03 
9.172727e-02 7.223864e+03 6.216374e+03 
9.676768e-02 6.815401e+03 5.831869e+03 
1.018081e-01 6.460298e+03 5.478293e+03 
1.068485e-01 6.149386e+03 5.152798e+03 
1.118889e-01 5.866082e+03 4.852792e+03 
1.169293e-01 5.592682e+03 4.575927e+03 
1.219697e-01 5.319018e+03 4.320082e+03 
1.270101e-01 5.045947e+03 4.083346e+03 
1.320505e-01 4.780062e+03 3.863999e+03 
1.370909e-01 4.528414e+03 3.660492e+03 
1.421313e-01 4.296070e+03 3.471432e+03 
1.471717e-01 4.085216e+03 3.295565e+03 
1.522121e-01 3.895714e+03 3.131761e+03 
1.572525e-01 3.726192e+03 2.979002e+03 
1.622929e-01 3.573510e+03 2.836368e+03 
1.673333e-01 3.432642e+03 2.703029e+03 
1.723737e-01 3.298114e+03 2.578235e+03 
1.774141e-01 3.166591e+03 2.461303e+03 
1.824545e-01 3.037892e+03 2.351619e+03 
1.874949e-01 2.913171e+03 2.248622e+03 
1.925354e-01 2.793258e+03 2.151803e+03 
1.975758e-01 2.678979e+03 2.060699e+03 
2.026162e-01 2.571800e+03 1.974888e+03 
2.076566e-01 2.472913e+03 1.893984e+03 
2.126970e-01 2.381953e+03 1.817635e+03 
2.177374e-01 2.297354e+03 1.745520e+03 
2.227778e-01 2.217643e+03 1.677343e+03 
2.278182e-01 2.141878e+03 1.612834e+03 
2.328586e-01 2.069416e+03 1.551745e+03 
2.378990e-01 1.999624e+03 1.493847e+03 
2.429394e-01 1.932017e+03 1.438930e+03 
2.479798e-01 1.866724e+03 1.386800e+03 
2.530202e-01 1.804171e+03 1.337279e+03 
2.580606e-01 1.744578e+03 1.290202e+03 
2.631010e-01 1.688003e+03 1.245416e+03 
2.681414e-01 1.634449e+03 1.202781e+03 
2.731818e-01 1.583784e+03 1.162166e+03 
2.782222e-01 1.535718e+03 1.123450e+03 
2.832626e-01 1.489875e+03 1.086520e+03 
2.883030e-01 1.445918e+03 1.051272e+03 
2.933434e-01 1.403609e+03 1.017608e+03 
2.983838e-01 1.362818e+03 9.854399e+02 
3.034242e-01 1.323515e+03 9.546816e+02 
3.084646e-01 1.285694e+03 9.252553e+02 
3.135051e-01 1.249338e+03 8.970878e+02 
3.185455e-01 1.214427e+03 8.701105e+02 
3.235859e-01 1.180941e+03 8.442598e+02 
3.286263e-01 1.148855e+03 8.194757e+02 
3.336667e-01 1.118111e+03 7.957025e+02 
3.387071e-01 1.088595e+03 7.728875e+02 
3.437475e-01 1.060185e+03 7.509819e+02 
3.487879e-01 1.032798e+03 7.299393e+02 
3.538283e-01 1.006382e+03 7.097166e+02 
3.588687e-01 9.808898e+02 6.902732e+02 
3.639091e-01 9.562788e+02 6.715707e+02 
3.689495e-01 9.324892e+02 6.535733e+02 
3.739899e-01 9.095130e+02 6.362471e+02 
3.790303e-01 8.873575e+02 6.195602e+02 
3.840707e-01 8.660017e+02 6.034825e+02 
3.891111e-01 8.453933e+02 5.879857e+02 
3.941515e-01 8.254652e+02 5.730431e+02 
3.991919e-01 8.062027e+02 5.586294e+02 
4.042323e-01 7.875900e+02 5.447206e+02 
4.092727e-01 7.695988e+02 5.312943e+02 
4.143131e-01 7.521852e+02 5.183291e+02 
4.193535e-01 7.352955e+02 5.058048e+02 
4.243939e-01 7.189212e+02 4.937023e+02 
4.294343e-01 7.030797e+02 4.820034e+02 
4.344747e-01 6.877460e+02 4.706909e+02 
4.395152e-01 6.728810e+02 4.597486e+02 
4.445556e-01 6.584616e+02 4.491609e+02 
4.495960e-01 6.444705e+02 4.389133e+02 
4.546364e-01 6.309194e+02 4.289917e+02 
4.596768e-01 6.177825e+02 4.193829e+02 
4.647172e-01 6.050269e+02 4.100744e+02 
4.697576e-01 5.926312e+02 4.010540e+02 
4.747980e-01 5.805890e+02 3.923105e+02 
4.798384e-01 5.689063e+02 3.838329e+02 
4.848788e-01 5.575603e+02 3.756109e+02 
4.899192e-01 5.465259e+02 3.676347e+02 
4.949596e-01 5.357894e+02 3.598948e+02 
5.000000e-01 5.253514e+02 3.523824e+02 
