1.000000e-03 2.545298e+03 2.545059e+03 
6.040404e-03 1.112287e+04 1.116618e+04 
1.108081e-02 1.521758e+04 1.505345e+04 
1.612121e-02 1.685261e+04 1.636103e+04 
2.116162e-02 1.710746e+04 1.630905e+04 
2.620202e-02 1.661781e+04 1.564629e+04 
3.124242e-02 1.578342e+04 1.475343e+04 
3.628283e-02 1.484498e+04 1.379271e+04 
4.132323e-02 1.392818e+04 1.283620e+04 
4.636364e-02 1.307812e+04 1.191848e+04 
5.140404e-02 1.229806e+04 1.105595e+04 
5.644444e-02 1.156412e+04 1.025512e+04 
6.148485e-02 1.085580e+04 9.517085e+03 
6.652525e-02 1.017160e+04 8.839892e+03 
7.156566e-02 9.508767e+03 8.220059e+03 
7.660606e-02 8.880429e+03 7.653392e+03 
8.164646e-02 8.305063e+03 7.135490e+03 
8.668687e-02 7.790849e+03 6.662018e+03 
9.172727e-02 7.331806e+03 6.228859e+03 
9.676768e-02 6.920549e+03 5.832191e+03 
1.018081e-01 6.551487e+03 5.468513e+03 
1.068485e-01 6.214620e+03 5.134645e+03 
1.118889e-01 5.895946e+03 4.827720e+03 
1.169293e-01 5.587039e+03 4.545158e+03 
1.219697e-01 5.288887e+03 4.284648e+03 
1.270101e-01 5.005942e+03 4.044116e+03 
1.320505e-01 4.741961e+03 3.821707e+03 
1.370909e-01 4.499229e+03 3.615758e+03 
1.421313e-01 4.277862e+03 3.424781e+03 
1.471717e-01 4.076070e+03 3.247441e+03 
1.522121e-01 3.890928e+03 3.082539e+03 
1.572525e-01 3.719519e+03 2.929000e+03 
1.622929e-01 3.559086e+03 2.785855e+03 
1.673333e-01 3.407012e+03 2.652231e+03 
1.723737e-01 3.261273e+03 2.527343e+03 
1.774141e-01 3.121892e+03 2.410479e+03 
1.824545e-01 2.989571e+03 2.300998e+03 
1.874949e-01 2.864762e+03 2.198318e+03 
1.925354e-01 2.747403e+03 2.101910e+03 
1.975758e-01 2.637629e+03 2.011296e+03 
2.026162e-01 2.535173e+03 1.926039e+03 
2.076566e-01 2.439207e+03 1.845742e+03 
2.126970e-01 2.348596e+03 1.770043e+03 
2.177374e-01 2.262584e+03 1.698612e+03 
2.227778e-01 2.180731e+03 1.631146e+03 
2.278182e-01 2.102670e+03 1.567368e+03 
2.328586e-01 2.028008e+03 1.507025e+03 
2.378990e-01 1.956842e+03 1.449882e+03 
2.429394e-01 1.889258e+03 1.395727e+03 
2.479798e-01 1.825095e+03 1.344363e+03 
2.530202e-01 1.764010e+03 1.295607e+03 
2.580606e-01 1.705833e+03 1.249292e+03 
2.631010e-01 1.650531e+03 1.205265e+03 
2.681414e-01 1.597986e+03 1.163381e+03 
2.731818e-01 1.547801e+03 1.123510e+03 
2.782222e-01 1.499649e+03 1.085529e+03 
2.832626e-01 1.453471e+03 1.049324e+03 
2.883030e-01 1.409326e+03 1.014791e+03 
2.933434e-01 1.367099e+03 9.818307e+02 
2.983838e-01 1.326608e+03 9.503532e+02 
3.034242e-01 1.287741e+03 9.202738e+02 
3.084646e-01 1.250487e+03 8.915137e+02 
3.135051e-01 1.214857e+03 8.639994e+02 
3.185455e-01 1.180691e+03 8.376626e+02 
3.235859e-01 1.147834e+03 8.124392e+02 
3.286263e-01 1.116223e+03 7.882694e+02 
3.336667e-01 1.085850e+03 7.650973e+02 
3.387071e-01 1.056679e+03 7.428706e+02 
3.437475e-01 1.028606e+03 7.215403e+02 
3.487879e-01 1.001528e+03 7.010604e+02 
3.538283e-01 9.754358e+02 6.813878e+02 
3.588687e-01 9.503314e+02 6.624819e+02 
3.639091e-01 9.261671e+02 6.443049e+02 
3.689495e-01 9.028583e+02 6.268209e+02 
3.739899e-01 8.803565e+02 6.099962e+02 
3.790303e-01 8.586404e+02 5.937993e+02 
3.840707e-01 8.376971e+02 5.782003e+02 
3.891111e-01 8.174917e+02 5.631711e+02 
3.941515e-01 7.979442e+02 5.486852e+02 
3.991919e-01 7.790429e+02 5.347175e+02 
4.042323e-01 7.607877e+02 5.212444e+02 
4.092727e-01 7.431479e+02 5.082437e+02 
4.143131e-01 7.260855e+02 4.956941e+02 
4.193535e-01 7.095570e+02 4.835757e+02 
4.243939e-01 6.935507e+02 4.718697e+02 
4.294343e-01 6.780784e+02 4.605580e+02 
4.344747e-01 6.630984e+02 4.496239e+02 
4.395152e-01 6.485753e+02 4.390511e+02 
4.445556e-01 6.344936e+02 4.288246e+02 
4.495960e-01 6.208478e+02 4.189296e+02 
4.546364e-01 6.076206e+02 4.093527e+02 
4.596768e-01 5.947946e+02 4.000807e+02 
4.647172e-01 5.823476e+02 3.911012e+02 
4.697576e-01 5.702579e+02 3.824024e+02 
4.747980e-01 5.585308e+02 3.739731e+02 
4.798384e-01 5.471506e+02 3.658027e+02 
4.848788e-01 5.360931e+02 3.578810e+02 
4.899192e-01 5.253456e+02 3.501983e+02 
4.949596e-01 5.149001e+02 3.427455e+02 
5.000000e-01 5.047540e+02 3.355137e+02 
