1.000000e-03 4.623233e+03 4.622803e+03 
6.040404e-03 2.068643e+04 2.078350e+04 
1.108081e-02 2.839471e+04 2.834200e+04 
1.612121e-02 3.087305e+04 3.053414e+04 
2.116162e-02 3.004213e+04 2.908326e+04 
2.620202e-02 2.732932e+04 2.580543e+04 
3.124242e-02 2.385883e+04 2.235645e+04 
3.628283e-02 2.043705e+04 1.943373e+04 
4.132323e-02 1.753858e+04 1.708388e+04 
4.636364e-02 1.533012e+04 1.518086e+04 
5.140404e-02 1.383370e+04 1.360590e+04 
5.644444e-02 1.289132e+04 1.227552e+04 
6.148485e-02 1.231144e+04 1.113375e+04 
6.652525e-02 1.190248e+04 1.014220e+04 
7.156566e-02 1.148595e+04 9.273427e+03 
7.660606e-02 1.094095e+04 8.506960e+03 
8.164646e-02 1.021930e+04 7.826975e+03 
8.668687e-02 9.348465e+03 7.220884e+03 
9.172727e-02 8.404291e+03 6.678457e+03 
9.676768e-02 7.479358e+03 6.191248e+03 
1.018081e-01 6.658864e+03 5.752198e+03 
1.068485e-01 6.001430e+03 5.355348e+03 
1.118889e-01 5.527031e+03 4.995632e+03 
1.169293e-01 5.219992e+03 4.668714e+03 
1.219697e-01 5.041538e+03 4.370865e+03 
1.270101e-01 4.942476e+03 4.098861e+03 
1.320505e-01 4.871274e+03 3.849904e+03 
1.370909e-01 4.780254e+03 3.621555e+03 
1.421313e-01 4.635360e+03 3.411685e+03 
1.471717e-01 4.423688e+03 3.218424e+03 
1.522121e-01 4.152770e+03 3.040128e+03 
1.572525e-01 3.844724e+03 2.875346e+03 
1.622929e-01 3.529662e+03 2.722795e+03 
1.673333e-01 3.238183e+03 2.581336e+03 
1.723737e-01 2.993620e+03 2.449957e+03 
1.774141e-01 2.807029e+03 2.327757e+03 
1.824545e-01 2.677258e+03 2.213929e+03 
1.874949e-01 2.595014e+03 2.107753e+03 
1.925354e-01 2.546285e+03 2.008580e+03 
1.975758e-01 2.514095e+03 1.915830e+03 
2.026162e-01 2.480862e+03 1.828978e+03 
2.076566e-01 2.432023e+03 1.747551e+03 
2.126970e-01 2.359513e+03 1.671122e+03 
2.177374e-01 2.262724e+03 1.599304e+03 
2.227778e-01 2.147282e+03 1.531745e+03 
2.278182e-01 2.022567e+03 1.468127e+03 
2.328586e-01 1.899289e+03 1.408158e+03 
2.378990e-01 1.787036e+03 1.351575e+03 
2.429394e-01 1.692552e+03 1.298134e+03 
2.479798e-01 1.618776e+03 1.247616e+03 
2.530202e-01 1.565156e+03 1.199818e+03 
2.580606e-01 1.528028e+03 1.154554e+03 
2.631010e-01 1.501576e+03 1.111654e+03 
2.681414e-01 1.479141e+03 1.070962e+03 
2.731818e-01 1.454708e+03 1.032333e+03 
2.782222e-01 1.424035e+03 9.956346e+02 
2.832626e-01 1.385023e+03 9.607448e+02 
2.883030e-01 1.337753e+03 9.275501e+02 
2.933434e-01 1.284265e+03 8.959459e+02 
2.983838e-01 1.228028e+03 8.658355e+02 
3.034242e-01 1.173011e+03 8.371291e+02 
3.084646e-01 1.122587e+03 8.097436e+02 
3.135051e-01 1.078977e+03 7.836016e+02 
3.185455e-01 1.043086e+03 7.586314e+02 
3.235859e-01 1.014579e+03 7.347661e+02 
3.286263e-01 9.921194e+02 7.119435e+02 
3.336667e-01 9.736048e+02 6.901057e+02 
3.387071e-01 9.566272e+02 6.691986e+02 
3.437475e-01 9.390423e+02 6.491716e+02 
3.487879e-01 9.193567e+02 6.299776e+02 
3.538283e-01 8.968398e+02 6.115725e+02 
3.588687e-01 8.715679e+02 5.939149e+02 
3.639091e-01 8.443069e+02 5.769662e+02 
3.689495e-01 8.162657e+02 5.606900e+02 
3.739899e-01 7.888162e+02 5.450525e+02 
3.790303e-01 7.631326e+02 5.300215e+02 
3.840707e-01 7.400171e+02 5.155672e+02 
3.891111e-01 7.198482e+02 5.016613e+02 
3.941515e-01 7.025532e+02 4.882772e+02 
3.991919e-01 6.876717e+02 4.753900e+02 
4.042323e-01 6.744396e+02 4.629762e+02 
4.092727e-01 6.619755e+02 4.510135e+02 
4.143131e-01 6.495001e+02 4.394811e+02 
4.193535e-01 6.364738e+02 4.283591e+02 
4.243939e-01 6.226372e+02 4.176290e+02 
4.294343e-01 6.079766e+02 4.072731e+02 
4.344747e-01 5.926718e+02 3.972747e+02 
4.395152e-01 5.771360e+02 3.876180e+02 
4.445556e-01 5.618688e+02 3.782882e+02 
4.495960e-01 5.473302e+02 3.692712e+02 
4.546364e-01 5.338134e+02 3.605534e+02 
4.596768e-01 5.214452e+02 3.521223e+02 
4.647172e-01 5.102191e+02 3.439658e+02 
4.697576e-01 5.000119e+02 3.360724e+02 
4.747980e-01 4.905863e+02 3.284313e+02 
4.798384e-01 4.816222e+02 3.210322e+02 
4.848788e-01 4.728084e+02 3.138654e+02 
4.899192e-01 4.639258e+02 3.069214e+02 
4.949596e-01 4.548688e+02 3.001914e+02 
5.000000e-01 4.456197e+02 2.936670e+02 
