1.000000e-03 4.016483e+03 4.016105e+03 
6.040404e-03 1.764500e+04 1.772067e+04 
1.108081e-02 2.401527e+04 2.391777e+04 
1.612121e-02 2.602746e+04 2.560909e+04 
2.116162e-02 2.538643e+04 2.445080e+04 
2.620202e-02 2.330027e+04 2.203327e+04 
3.124242e-02 2.067478e+04 1.953809e+04 
3.628283e-02 1.812745e+04 1.737453e+04 
4.132323e-02 1.599925e+04 1.555865e+04 
4.636364e-02 1.438795e+04 1.402183e+04 
5.140404e-02 1.328782e+04 1.270202e+04 
5.644444e-02 1.254167e+04 1.155471e+04 
6.148485e-02 1.199300e+04 1.054836e+04 
6.652525e-02 1.148787e+04 9.659794e+03 
7.156566e-02 1.091069e+04 8.871199e+03 
7.660606e-02 1.020776e+04 8.168380e+03 
8.164646e-02 9.392601e+03 7.539733e+03 
8.668687e-02 8.526983e+03 6.975599e+03 
9.172727e-02 7.686418e+03 6.467842e+03 
9.676768e-02 6.938319e+03 6.009549e+03 
1.018081e-01 6.330319e+03 5.594806e+03 
1.068485e-01 5.879841e+03 5.218528e+03 
1.118889e-01 5.570704e+03 4.876327e+03 
1.169293e-01 5.363780e+03 4.564401e+03 
1.219697e-01 5.212093e+03 4.279443e+03 
1.270101e-01 5.070901e+03 4.018571e+03 
1.320505e-01 4.904892e+03 3.779263e+03 
1.370909e-01 4.693497e+03 3.559309e+03 
1.421313e-01 4.435208e+03 3.356763e+03 
1.471717e-01 4.145086e+03 3.169912e+03 
1.522121e-01 3.845972e+03 2.997240e+03 
1.572525e-01 3.562183e+03 2.837406e+03 
1.622929e-01 3.314584e+03 2.689218e+03 
1.673333e-01 3.115691e+03 2.551614e+03 
1.723737e-01 2.967006e+03 2.423649e+03 
1.774141e-01 2.860287e+03 2.304477e+03 
1.824545e-01 2.782113e+03 2.193340e+03 
1.874949e-01 2.717899e+03 2.089558e+03 
1.925354e-01 2.653683e+03 1.992520e+03 
1.975758e-01 2.578251e+03 1.901675e+03 
2.026162e-01 2.485774e+03 1.816526e+03 
2.076566e-01 2.376934e+03 1.736624e+03 
2.126970e-01 2.257789e+03 1.661560e+03 
2.177374e-01 2.136550e+03 1.590966e+03 
2.227778e-01 2.021387e+03 1.524506e+03 
2.278182e-01 1.918874e+03 1.461875e+03 
2.328586e-01 1.832711e+03 1.402794e+03 
2.378990e-01 1.763540e+03 1.347009e+03 
2.429394e-01 1.709156e+03 1.294287e+03 
2.479798e-01 1.665470e+03 1.244416e+03 
2.530202e-01 1.627315e+03 1.197201e+03 
2.580606e-01 1.589498e+03 1.152463e+03 
2.631010e-01 1.548142e+03 1.110037e+03 
2.681414e-01 1.501485e+03 1.069772e+03 
2.731818e-01 1.449839e+03 1.031528e+03 
2.782222e-01 1.394915e+03 9.951770e+02 
2.832626e-01 1.339110e+03 9.606000e+02 
2.883030e-01 1.285126e+03 9.276873e+02 
2.933434e-01 1.235440e+03 8.963371e+02 
2.983838e-01 1.191597e+03 8.664553e+02 
3.034242e-01 1.153986e+03 8.379546e+02 
3.084646e-01 1.121875e+03 8.107538e+02 
3.135051e-01 1.093940e+03 7.847777e+02 
3.185455e-01 1.068565e+03 7.599562e+02 
3.235859e-01 1.044076e+03 7.362241e+02 
3.286263e-01 1.019080e+03 7.135205e+02 
3.336667e-01 9.927378e+02 6.917888e+02 
3.387071e-01 9.649268e+02 6.709761e+02 
3.437475e-01 9.361274e+02 6.510328e+02 
3.487879e-01 9.071174e+02 6.319129e+02 
3.538283e-01 8.787868e+02 6.135729e+02 
3.588687e-01 8.519481e+02 5.959725e+02 
3.639091e-01 8.271709e+02 5.790735e+02 
3.689495e-01 8.047029e+02 5.628405e+02 
3.739899e-01 7.844157e+02 5.472400e+02 
3.790303e-01 7.659203e+02 5.322405e+02 
3.840707e-01 7.487205e+02 5.178126e+02 
3.891111e-01 7.322569e+02 5.039285e+02 
3.941515e-01 7.160244e+02 4.905620e+02 
3.991919e-01 6.996478e+02 4.776887e+02 
4.042323e-01 6.829925e+02 4.652852e+02 
4.092727e-01 6.661659e+02 4.533297e+02 
4.143131e-01 6.493844e+02 4.418015e+02 
4.193535e-01 6.329205e+02 4.306812e+02 
4.243939e-01 6.170031e+02 4.199503e+02 
4.294343e-01 6.018473e+02 4.095915e+02 
4.344747e-01 5.876110e+02 3.995882e+02 
4.395152e-01 5.743107e+02 3.899250e+02 
4.445556e-01 5.618376e+02 3.805870e+02 
4.495960e-01 5.500107e+02 3.715602e+02 
4.546364e-01 5.386439e+02 3.628315e+02 
4.596768e-01 5.275965e+02 3.543882e+02 
4.647172e-01 5.167361e+02 3.462184e+02 
4.697576e-01 5.059421e+02 3.383109e+02 
4.747980e-01 4.951950e+02 3.306548e+02 
4.798384e-01 4.845512e+02 3.232399e+02 
4.848788e-01 4.741112e+02 3.160566e+02 
4.899192e-01 4.639529e+02 3.090955e+02 
4.949596e-01 4.541213e+02 3.023480e+02 
5.000000e-01 4.446787e+02 2.958055e+02 
