1.000000e-03 2.442563e+03 2.442334e+03 
6.040404e-03 1.093106e+04 1.097335e+04 
1.108081e-02 1.507385e+04 1.491480e+04 
1.612121e-02 1.676095e+04 1.628021e+04 
2.116162e-02 1.704605e+04 1.625895e+04 
2.620202e-02 1.656634e+04 1.561038e+04 
3.124242e-02 1.573149e+04 1.472855e+04 
3.628283e-02 1.479229e+04 1.377893e+04 
4.132323e-02 1.388216e+04 1.283300e+04 
4.636364e-02 1.304256e+04 1.192465e+04 
5.140404e-02 1.228820e+04 1.107000e+04 
5.644444e-02 1.157619e+04 1.027560e+04 
6.148485e-02 1.088762e+04 9.542664e+03 
6.652525e-02 1.021562e+04 8.869453e+03 
7.156566e-02 9.556351e+03 8.252662e+03 
7.660606e-02 8.924546e+03 7.688267e+03 
8.164646e-02 8.341652e+03 7.172008e+03 
8.668687e-02 7.819659e+03 6.699671e+03 
9.172727e-02 7.356310e+03 6.267237e+03 
9.676768e-02 6.944994e+03 5.870964e+03 
1.018081e-01 6.579646e+03 5.507417e+03 
1.068485e-01 6.249238e+03 5.173471e+03 
1.118889e-01 5.937747e+03 4.866301e+03 
1.169293e-01 5.634479e+03 4.583363e+03 
1.219697e-01 5.338443e+03 4.322373e+03 
1.270101e-01 5.054296e+03 4.081283e+03 
1.320505e-01 4.786837e+03 3.858254e+03 
1.370909e-01 4.539527e+03 3.651641e+03 
1.421313e-01 4.314109e+03 3.459968e+03 
1.471717e-01 4.109696e+03 3.281909e+03 
1.522121e-01 3.923585e+03 3.116274e+03 
1.572525e-01 3.752673e+03 2.961994e+03 
1.622929e-01 3.593827e+03 2.818107e+03 
1.673333e-01 3.443501e+03 2.683743e+03 
1.723737e-01 3.299082e+03 2.558121e+03 
1.774141e-01 3.159939e+03 2.440532e+03 
1.824545e-01 3.026821e+03 2.330336e+03 
1.874949e-01 2.900516e+03 2.226954e+03 
1.925354e-01 2.781378e+03 2.129857e+03 
1.975758e-01 2.669836e+03 2.038569e+03 
2.026162e-01 2.566016e+03 1.952654e+03 
2.076566e-01 2.469270e+03 1.871714e+03 
2.126970e-01 2.378331e+03 1.795389e+03 
2.177374e-01 2.292278e+03 1.723348e+03 
2.227778e-01 2.210441e+03 1.655288e+03 
2.278182e-01 2.132247e+03 1.590932e+03 
2.328586e-01 2.057322e+03 1.530027e+03 
2.378990e-01 1.985592e+03 1.472339e+03 
2.429394e-01 1.917231e+03 1.417654e+03 
2.479798e-01 1.852287e+03 1.365775e+03 
2.530202e-01 1.790445e+03 1.316519e+03 
2.580606e-01 1.731575e+03 1.269720e+03 
2.631010e-01 1.675692e+03 1.225221e+03 
2.681414e-01 1.622677e+03 1.182881e+03 
2.731818e-01 1.572141e+03 1.142566e+03 
2.782222e-01 1.523680e+03 1.104155e+03 
2.832626e-01 1.477161e+03 1.067532e+03 
2.883030e-01 1.432596e+03 1.032593e+03 
2.933434e-01 1.389941e+03 9.992395e+02 
2.983838e-01 1.349006e+03 9.673801e+02 
3.034242e-01 1.309686e+03 9.369299e+02 
3.084646e-01 1.271980e+03 9.078098e+02 
3.135051e-01 1.235894e+03 8.799461e+02 
3.185455e-01 1.201330e+03 8.532699e+02 
3.235859e-01 1.168111e+03 8.277168e+02 
3.286263e-01 1.136151e+03 8.032269e+02 
3.336667e-01 1.105440e+03 7.797438e+02 
3.387071e-01 1.075943e+03 7.572150e+02 
3.437475e-01 1.047545e+03 7.355911e+02 
3.487879e-01 1.020146e+03 7.148258e+02 
3.538283e-01 9.937208e+02 6.948758e+02 
3.588687e-01 9.682857e+02 6.757003e+02 
3.639091e-01 9.438040e+02 6.572611e+02 
3.689495e-01 9.201882e+02 6.395220e+02 
3.739899e-01 8.973848e+02 6.224493e+02 
3.790303e-01 8.753827e+02 6.060111e+02 
3.840707e-01 8.541683e+02 5.901773e+02 
3.891111e-01 8.336830e+02 5.749196e+02 
3.941515e-01 8.138727e+02 5.602112e+02 
3.991919e-01 7.947130e+02 5.460269e+02 
4.042323e-01 7.762006e+02 5.323430e+02 
4.092727e-01 7.583114e+02 5.191369e+02 
4.143131e-01 7.409955e+02 5.063872e+02 
4.193535e-01 7.242201e+02 4.940740e+02 
4.243939e-01 7.079817e+02 4.821780e+02 
4.294343e-01 6.922777e+02 4.706814e+02 
4.344747e-01 6.770749e+02 4.595668e+02 
4.395152e-01 6.623339e+02 4.488182e+02 
4.445556e-01 6.480333e+02 4.384201e+02 
4.495960e-01 6.341747e+02 4.283580e+02 
4.546364e-01 6.207488e+02 4.186179e+02 
4.596768e-01 6.077247e+02 4.091867e+02 
4.647172e-01 5.950740e+02 4.000519e+02 
4.697576e-01 5.827888e+02 3.912016e+02 
4.747980e-01 5.708699e+02 3.826245e+02 
4.798384e-01 5.593053e+02 3.743097e+02 
4.848788e-01 5.480708e+02 3.662470e+02 
4.899192e-01 5.371442e+02 3.584267e+02 
4.949596e-01 5.265215e+02 3.508394e+02 
5.000000e-01 5.162056e+02 3.434762e+02 
