1.000000e-03 5.201150e+03 5.200665e+03 
6.040404e-03 2.305514e+04 2.316370e+04 
1.108081e-02 3.134208e+04 3.129040e+04 
1.612121e-02 3.375607e+04 3.339038e+04 
2.116162e-02 3.252642e+04 3.147233e+04 
2.620202e-02 2.928925e+04 2.764606e+04 
3.124242e-02 2.531399e+04 2.375721e+04 
3.628283e-02 2.148904e+04 2.052370e+04 
4.132323e-02 1.831532e+04 1.795444e+04 
4.636364e-02 1.594576e+04 1.589058e+04 
5.140404e-02 1.438119e+04 1.419319e+04 
5.644444e-02 1.342150e+04 1.276691e+04 
6.148485e-02 1.284789e+04 1.154841e+04 
6.652525e-02 1.243333e+04 1.049453e+04 
7.156566e-02 1.199059e+04 9.574524e+03 
7.660606e-02 1.139267e+04 8.765564e+03 
8.164646e-02 1.059372e+04 8.050058e+03 
8.668687e-02 9.633177e+03 7.414078e+03 
9.172727e-02 8.604203e+03 6.846358e+03 
9.676768e-02 7.614864e+03 6.337634e+03 
1.018081e-01 6.757774e+03 5.880196e+03 
1.068485e-01 6.088937e+03 5.467565e+03 
1.118889e-01 5.620775e+03 5.094250e+03 
1.169293e-01 5.329954e+03 4.755572e+03 
1.219697e-01 5.171354e+03 4.447518e+03 
1.270101e-01 5.088458e+03 4.166629e+03 
1.320505e-01 5.022481e+03 3.909914e+03 
1.370909e-01 4.922267e+03 3.674773e+03 
1.421313e-01 4.756069e+03 3.458938e+03 
1.471717e-01 4.516070e+03 3.260428e+03 
1.522121e-01 4.214804e+03 3.077501e+03 
1.572525e-01 3.879591e+03 2.908623e+03 
1.622929e-01 3.545660e+03 2.752443e+03 
1.673333e-01 3.246725e+03 2.607763e+03 
1.723737e-01 3.005090e+03 2.473518e+03 
1.774141e-01 2.827645e+03 2.348764e+03 
1.824545e-01 2.709412e+03 2.232657e+03 
1.874949e-01 2.638641e+03 2.124442e+03 
1.925354e-01 2.599063e+03 2.023445e+03 
1.975758e-01 2.571130e+03 1.929059e+03 
2.026162e-01 2.535416e+03 1.840737e+03 
2.076566e-01 2.477831e+03 1.757990e+03 
2.126970e-01 2.392876e+03 1.680373e+03 
2.177374e-01 2.283032e+03 1.607484e+03 
2.227778e-01 2.156202e+03 1.538959e+03 
2.278182e-01 2.023296e+03 1.474469e+03 
2.328586e-01 1.896036e+03 1.413713e+03 
2.378990e-01 1.784319e+03 1.356417e+03 
2.429394e-01 1.694017e+03 1.302332e+03 
2.479798e-01 1.626524e+03 1.251230e+03 
2.530202e-01 1.579410e+03 1.202902e+03 
2.580606e-01 1.547504e+03 1.157159e+03 
2.631010e-01 1.523982e+03 1.113824e+03 
2.681414e-01 1.501757e+03 1.072737e+03 
2.731818e-01 1.474827e+03 1.033750e+03 
2.782222e-01 1.439482e+03 9.967263e+02 
2.832626e-01 1.394655e+03 9.615411e+02 
2.883030e-01 1.341696e+03 9.280782e+02 
2.933434e-01 1.283726e+03 8.962305e+02 
2.983838e-01 1.224846e+03 8.658989e+02 
3.034242e-01 1.169153e+03 8.369918e+02 
3.084646e-01 1.119845e+03 8.094240e+02 
3.135051e-01 1.078701e+03 7.831167e+02 
3.185455e-01 1.045909e+03 7.579966e+02 
3.235859e-01 1.020330e+03 7.339955e+02 
3.286263e-01 9.999772e+02 7.110499e+02 
3.336667e-01 9.824183e+02 6.891008e+02 
3.387071e-01 9.651861e+02 6.680932e+02 
3.437475e-01 9.462292e+02 6.479754e+02 
3.487879e-01 9.243085e+02 6.286997e+02 
3.538283e-01 8.991720e+02 6.102210e+02 
3.588687e-01 8.715237e+02 5.924973e+02 
3.639091e-01 8.425419e+02 5.754894e+02 
3.689495e-01 8.135945e+02 5.591605e+02 
3.739899e-01 7.860281e+02 5.434758e+02 
3.790303e-01 7.609260e+02 5.284031e+02 
3.840707e-01 7.389605e+02 5.139119e+02 
3.891111e-01 7.202012e+02 4.999736e+02 
3.941515e-01 7.041989e+02 4.865612e+02 
3.991919e-01 6.901749e+02 4.736495e+02 
4.042323e-01 6.772607e+02 4.612146e+02 
4.092727e-01 6.646210e+02 4.492340e+02 
4.143131e-01 6.515425e+02 4.376865e+02 
4.193535e-01 6.375799e+02 4.265522e+02 
4.243939e-01 6.226473e+02 4.158121e+02 
4.294343e-01 6.069638e+02 4.054485e+02 
4.344747e-01 5.909318e+02 3.954445e+02 
4.395152e-01 5.750361e+02 3.857842e+02 
4.445556e-01 5.597481e+02 3.764524e+02 
4.495960e-01 5.454724e+02 3.674349e+02 
4.546364e-01 5.324215e+02 3.587182e+02 
4.596768e-01 5.206382e+02 3.502894e+02 
4.647172e-01 5.099669e+02 3.421365e+02 
4.697576e-01 5.001430e+02 3.342478e+02 
4.747980e-01 4.908726e+02 3.266124e+02 
4.798384e-01 4.818320e+02 3.192200e+02 
4.848788e-01 4.727705e+02 3.120606e+02 
4.899192e-01 4.635077e+02 3.051248e+02 
4.949596e-01 4.540129e+02 2.984037e+02 
5.000000e-01 4.443482e+02 2.918889e+02 
