1.000000e-03 6.596958e+03 6.596324e+03 
6.040404e-03 2.908767e+04 2.922805e+04 
1.108081e-02 3.932349e+04 3.931932e+04 
1.612121e-02 4.199686e+04 4.169668e+04 
2.116162e-02 3.994475e+04 3.876483e+04 
2.620202e-02 3.529799e+04 3.321052e+04 
3.124242e-02 2.974226e+04 2.764859e+04 
3.628283e-02 2.446734e+04 2.316895e+04 
4.132323e-02 2.013814e+04 1.976269e+04 
4.636364e-02 1.695264e+04 1.714700e+04 
5.140404e-02 1.488915e+04 1.507943e+04 
5.644444e-02 1.369161e+04 1.339771e+04 
6.148485e-02 1.307463e+04 1.199789e+04 
6.652525e-02 1.274783e+04 1.081211e+04 
7.156566e-02 1.246020e+04 9.794220e+03 
7.660606e-02 1.201461e+04 8.911465e+03 
8.164646e-02 1.130302e+04 8.139663e+03 
8.668687e-02 1.032968e+04 7.460362e+03 
9.172727e-02 9.189963e+03 6.859108e+03 
9.676768e-02 8.022185e+03 6.324338e+03 
1.018081e-01 6.959374e+03 5.846650e+03 
1.068485e-01 6.094974e+03 5.418300e+03 
1.118889e-01 5.468964e+03 5.032835e+03 
1.169293e-01 5.074703e+03 4.684837e+03 
1.219697e-01 4.873799e+03 4.369718e+03 
1.270101e-01 4.808351e+03 4.083570e+03 
1.320505e-01 4.809871e+03 3.823044e+03 
1.370909e-01 4.809562e+03 3.585258e+03 
1.421313e-01 4.751423e+03 3.367718e+03 
1.471717e-01 4.602195e+03 3.168258e+03 
1.522121e-01 4.354138e+03 2.984990e+03 
1.572525e-01 4.025165e+03 2.816262e+03 
1.622929e-01 3.654782e+03 2.660622e+03 
1.673333e-01 3.290596e+03 2.516794e+03 
1.723737e-01 2.971959e+03 2.383650e+03 
1.774141e-01 2.721165e+03 2.260189e+03 
1.824545e-01 2.544816e+03 2.145526e+03 
1.874949e-01 2.439021e+03 2.038870e+03 
1.925354e-01 2.391483e+03 1.939515e+03 
1.975758e-01 2.382186e+03 1.846831e+03 
2.026162e-01 2.386485e+03 1.760254e+03 
2.076566e-01 2.381012e+03 1.679274e+03 
2.126970e-01 2.348846e+03 1.603434e+03 
2.177374e-01 2.281432e+03 1.532323e+03 
2.227778e-01 2.178853e+03 1.465567e+03 
2.278182e-01 2.049128e+03 1.402830e+03 
2.328586e-01 1.906312e+03 1.343804e+03 
2.378990e-01 1.766228e+03 1.288211e+03 
2.429394e-01 1.642060e+03 1.235800e+03 
2.479798e-01 1.542087e+03 1.186339e+03 
2.530202e-01 1.469565e+03 1.139618e+03 
2.580606e-01 1.423278e+03 1.095444e+03 
2.631010e-01 1.398216e+03 1.053641e+03 
2.681414e-01 1.386556e+03 1.014047e+03 
2.731818e-01 1.379468e+03 9.765157e+02 
2.782222e-01 1.368862e+03 9.409091e+02 
2.832626e-01 1.348695e+03 9.071023e+02 
2.883030e-01 1.315625e+03 8.749796e+02 
2.933434e-01 1.269415e+03 8.444346e+02 
2.983838e-01 1.212889e+03 8.153687e+02 
3.034242e-01 1.151115e+03 7.876908e+02 
3.084646e-01 1.089823e+03 7.613167e+02 
3.135051e-01 1.033947e+03 7.361682e+02 
3.185455e-01 9.867845e+02 7.121729e+02 
3.235859e-01 9.498722e+02 6.892635e+02 
3.286263e-01 9.231305e+02 6.673774e+02 
3.336667e-01 9.049831e+02 6.464565e+02 
3.387071e-01 8.926354e+02 6.264465e+02 
3.437475e-01 8.827204e+02 6.072969e+02 
3.487879e-01 8.720712e+02 5.889607e+02 
3.538283e-01 8.583075e+02 5.713937e+02 
3.588687e-01 8.400727e+02 5.545549e+02 
3.639091e-01 8.170854e+02 5.384058e+02 
3.689495e-01 7.901140e+02 5.229104e+02 
3.739899e-01 7.607765e+02 5.080349e+02 
3.790303e-01 7.311348e+02 4.937477e+02 
3.840707e-01 7.031418e+02 4.800191e+02 
3.891111e-01 6.782364e+02 4.668214e+02 
3.941515e-01 6.572261e+02 4.541282e+02 
3.991919e-01 6.402839e+02 4.419150e+02 
4.042323e-01 6.269605e+02 4.301587e+02 
4.092727e-01 6.163162e+02 4.188373e+02 
4.143131e-01 6.071099e+02 4.079304e+02 
4.193535e-01 5.981336e+02 3.974186e+02 
4.243939e-01 5.884153e+02 3.872837e+02 
4.294343e-01 5.772825e+02 3.775083e+02 
4.344747e-01 5.644507e+02 3.680762e+02 
4.395152e-01 5.500645e+02 3.589720e+02 
4.445556e-01 5.346551e+02 3.501811e+02 
4.495960e-01 5.189528e+02 3.416898e+02 
4.546364e-01 5.036999e+02 3.334850e+02 
4.596768e-01 4.894674e+02 3.255543e+02 
4.647172e-01 4.766860e+02 3.178861e+02 
4.697576e-01 4.655565e+02 3.104693e+02 
4.747980e-01 4.560123e+02 3.032933e+02 
4.798384e-01 4.477361e+02 2.963481e+02 
4.848788e-01 4.402884e+02 2.896243e+02 
4.899192e-01 4.332019e+02 2.831128e+02 
4.949596e-01 4.260914e+02 2.768050e+02 
5.000000e-01 4.186399e+02 2.706928e+02 
