1.000000e-03 3.230043e+03 3.229739e+03 
6.040404e-03 1.448395e+04 1.454173e+04 
1.108081e-02 1.990768e+04 1.977862e+04 
1.612121e-02 2.183340e+04 2.137704e+04 
2.116162e-02 2.165111e+04 2.078097e+04 
2.620202e-02 2.031636e+04 1.923552e+04 
3.124242e-02 1.852279e+04 1.754377e+04 
3.628283e-02 1.673291e+04 1.597887e+04 
4.132323e-02 1.519958e+04 1.458099e+04 
4.636364e-02 1.399901e+04 1.333577e+04 
5.140404e-02 1.311074e+04 1.222353e+04 
5.644444e-02 1.242871e+04 1.122745e+04 
6.148485e-02 1.183758e+04 1.033354e+04 
6.652525e-02 1.124082e+04 9.529905e+03 
7.156566e-02 1.057672e+04 8.806206e+03 
7.660606e-02 9.835393e+03 8.153366e+03 
8.164646e-02 9.053872e+03 7.563389e+03 
8.668687e-02 8.290100e+03 7.029226e+03 
9.172727e-02 7.594698e+03 6.544674e+03 
9.676768e-02 7.002712e+03 6.104271e+03 
1.018081e-01 6.532086e+03 5.703214e+03 
1.068485e-01 6.177790e+03 5.337278e+03 
1.118889e-01 5.911249e+03 5.002747e+03 
1.169293e-01 5.691929e+03 4.696347e+03 
1.219697e-01 5.482940e+03 4.415194e+03 
1.270101e-01 5.259396e+03 4.156741e+03 
1.320505e-01 5.009330e+03 3.918737e+03 
1.370909e-01 4.733878e+03 3.699190e+03 
1.421313e-01 4.445416e+03 3.496333e+03 
1.471717e-01 4.161874e+03 3.308595e+03 
1.522121e-01 3.899908e+03 3.134579e+03 
1.572525e-01 3.671578e+03 2.973039e+03 
1.622929e-01 3.483012e+03 2.822861e+03 
1.673333e-01 3.332805e+03 2.683050e+03 
1.723737e-01 3.212394e+03 2.552712e+03 
1.774141e-01 3.109540e+03 2.431045e+03 
1.824545e-01 3.012731e+03 2.317326e+03 
1.874949e-01 2.913463e+03 2.210907e+03 
1.925354e-01 2.806580e+03 2.111198e+03 
1.975758e-01 2.690823e+03 2.017669e+03 
2.026162e-01 2.569194e+03 1.929839e+03 
2.076566e-01 2.447459e+03 1.847271e+03 
2.126970e-01 2.331569e+03 1.769568e+03 
2.177374e-01 2.226010e+03 1.696369e+03 
2.227778e-01 2.133221e+03 1.627346e+03 
2.278182e-01 2.053515e+03 1.562197e+03 
2.328586e-01 1.985137e+03 1.500649e+03 
2.378990e-01 1.924905e+03 1.442450e+03 
2.429394e-01 1.869304e+03 1.387369e+03 
2.479798e-01 1.815235e+03 1.335197e+03 
2.530202e-01 1.760318e+03 1.285738e+03 
2.580606e-01 1.703272e+03 1.238813e+03 
2.631010e-01 1.644320e+03 1.194260e+03 
2.681414e-01 1.585030e+03 1.151925e+03 
2.731818e-01 1.527336e+03 1.111668e+03 
2.782222e-01 1.472751e+03 1.073362e+03 
2.832626e-01 1.422172e+03 1.036885e+03 
2.883030e-01 1.376079e+03 1.002126e+03 
2.933434e-01 1.334479e+03 9.689843e+02 
2.983838e-01 1.296757e+03 9.373628e+02 
3.034242e-01 1.261751e+03 9.071735e+02 
3.084646e-01 1.228243e+03 8.783338e+02 
3.135051e-01 1.195386e+03 8.507672e+02 
3.185455e-01 1.162729e+03 8.244021e+02 
3.235859e-01 1.130083e+03 7.991721e+02 
3.286263e-01 1.097505e+03 7.750149e+02 
3.336667e-01 1.065369e+03 7.518726e+02 
3.387071e-01 1.034226e+03 7.296908e+02 
3.437475e-01 1.004574e+03 7.084189e+02 
3.487879e-01 9.766728e+02 6.880093e+02 
3.538283e-01 9.505243e+02 6.684176e+02 
3.588687e-01 9.259947e+02 6.496019e+02 
3.639091e-01 9.028709e+02 6.315231e+02 
3.689495e-01 8.808595e+02 6.141445e+02 
3.739899e-01 8.596278e+02 5.974314e+02 
3.790303e-01 8.388958e+02 5.813514e+02 
3.840707e-01 8.185193e+02 5.658740e+02 
3.891111e-01 7.984897e+02 5.509702e+02 
3.941515e-01 7.788537e+02 5.366131e+02 
3.991919e-01 7.596725e+02 5.227769e+02 
4.042323e-01 7.410698e+02 5.094377e+02 
4.092727e-01 7.231803e+02 4.965726e+02 
4.143131e-01 7.060890e+02 4.841601e+02 
4.193535e-01 6.897652e+02 4.721799e+02 
4.243939e-01 6.741298e+02 4.606128e+02 
4.294343e-01 6.591134e+02 4.494406e+02 
4.344747e-01 6.446528e+02 4.386460e+02 
4.395152e-01 6.306560e+02 4.282128e+02 
4.445556e-01 6.170175e+02 4.181255e+02 
4.495960e-01 6.036841e+02 4.083694e+02 
4.546364e-01 5.906495e+02 3.989307e+02 
4.596768e-01 5.779475e+02 3.897962e+02 
4.647172e-01 5.655924e+02 3.809533e+02 
4.697576e-01 5.535811e+02 3.723901e+02 
4.747980e-01 5.419329e+02 3.640954e+02 
4.798384e-01 5.306807e+02 3.560583e+02 
4.848788e-01 5.198238e+02 3.482687e+02 
4.899192e-01 5.093359e+02 3.407167e+02 
4.949596e-01 4.991722e+02 3.333932e+02 
5.000000e-01 4.892948e+02 3.262892e+02 
