1.000000e-03 2.781142e+03 2.780877e+03 
6.040404e-03 1.232538e+04 1.237062e+04 
1.108081e-02 1.690894e+04 1.674939e+04 
1.612121e-02 1.864937e+04 1.815605e+04 
2.116162e-02 1.874035e+04 1.790963e+04 
2.620202e-02 1.794272e+04 1.695418e+04 
3.124242e-02 1.676938e+04 1.580422e+04 
3.628283e-02 1.554456e+04 1.464752e+04 
4.132323e-02 1.443819e+04 1.354371e+04 
4.636364e-02 1.349289e+04 1.251282e+04 
5.140404e-02 1.271115e+04 1.156098e+04 
5.644444e-02 1.200846e+04 1.068813e+04 
6.148485e-02 1.133857e+04 9.890992e+03 
6.652525e-02 1.066069e+04 9.164667e+03 
7.156566e-02 9.961662e+03 8.503576e+03 
7.660606e-02 9.257050e+03 7.901980e+03 
8.164646e-02 8.583049e+03 7.354307e+03 
8.668687e-02 7.971852e+03 6.855313e+03 
9.172727e-02 7.437827e+03 6.400166e+03 
9.676768e-02 6.983924e+03 5.984467e+03 
1.018081e-01 6.605689e+03 5.604252e+03 
1.068485e-01 6.286291e+03 5.255960e+03 
1.118889e-01 5.999241e+03 4.936411e+03 
1.169293e-01 5.720176e+03 4.642765e+03 
1.219697e-01 5.437314e+03 4.372492e+03 
1.270101e-01 5.150389e+03 4.123338e+03 
1.320505e-01 4.865325e+03 3.893293e+03 
1.370909e-01 4.590777e+03 3.680565e+03 
1.421313e-01 4.335670e+03 3.483554e+03 
1.471717e-01 4.106187e+03 3.300832e+03 
1.522121e-01 3.904064e+03 3.131119e+03 
1.572525e-01 3.727679e+03 2.973269e+03 
1.622929e-01 3.572750e+03 2.826255e+03 
1.673333e-01 3.432407e+03 2.689151e+03 
1.723737e-01 3.299335e+03 2.561128e+03 
1.774141e-01 3.168630e+03 2.441435e+03 
1.824545e-01 3.038698e+03 2.329395e+03 
1.874949e-01 2.910112e+03 2.224397e+03 
1.925354e-01 2.784423e+03 2.125888e+03 
1.975758e-01 2.663959e+03 2.033365e+03 
2.026162e-01 2.551400e+03 1.946371e+03 
2.076566e-01 2.448166e+03 1.864492e+03 
2.126970e-01 2.354114e+03 1.787351e+03 
2.177374e-01 2.268131e+03 1.714602e+03 
2.227778e-01 2.188649e+03 1.645930e+03 
2.278182e-01 2.113921e+03 1.581049e+03 
2.328586e-01 2.042311e+03 1.519694e+03 
2.378990e-01 1.972738e+03 1.461624e+03 
2.429394e-01 1.904974e+03 1.406616e+03 
2.479798e-01 1.839140e+03 1.354467e+03 
2.530202e-01 1.775423e+03 1.304989e+03 
2.580606e-01 1.714240e+03 1.258010e+03 
2.631010e-01 1.656235e+03 1.213369e+03 
2.681414e-01 1.601862e+03 1.170919e+03 
2.731818e-01 1.550949e+03 1.130525e+03 
2.782222e-01 1.502917e+03 1.092059e+03 
2.832626e-01 1.457269e+03 1.055407e+03 
2.883030e-01 1.413724e+03 1.020458e+03 
2.933434e-01 1.372006e+03 9.871134e+02 
2.983838e-01 1.331725e+03 9.552791e+02 
3.034242e-01 1.292631e+03 9.248684e+02 
3.084646e-01 1.254784e+03 8.958006e+02 
3.135051e-01 1.218338e+03 8.680002e+02 
3.185455e-01 1.183385e+03 8.413971e+02 
3.235859e-01 1.149899e+03 8.159259e+02 
3.286263e-01 1.117829e+03 7.915253e+02 
3.336667e-01 1.087189e+03 7.681381e+02 
3.387071e-01 1.057947e+03 7.457107e+02 
3.437475e-01 1.029945e+03 7.241932e+02 
3.487879e-01 1.002975e+03 7.035385e+02 
3.538283e-01 9.769162e+02 6.837026e+02 
3.588687e-01 9.517424e+02 6.646441e+02 
3.639091e-01 9.274389e+02 6.463244e+02 
3.689495e-01 9.039576e+02 6.287069e+02 
3.739899e-01 8.812396e+02 6.117573e+02 
3.790303e-01 8.593038e+02 5.954434e+02 
3.840707e-01 8.381782e+02 5.797349e+02 
3.891111e-01 8.178345e+02 5.646030e+02 
3.941515e-01 7.982114e+02 5.500207e+02 
3.991919e-01 7.792638e+02 5.359628e+02 
4.042323e-01 7.609716e+02 5.224050e+02 
4.092727e-01 7.433106e+02 5.093247e+02 
4.143131e-01 7.262215e+02 4.967005e+02 
4.193535e-01 7.096548e+02 4.845120e+02 
4.243939e-01 6.935913e+02 4.727401e+02 
4.294343e-01 6.780411e+02 4.613665e+02 
4.344747e-01 6.629950e+02 4.503742e+02 
4.395152e-01 6.484061e+02 4.397468e+02 
4.445556e-01 6.342693e+02 4.294687e+02 
4.495960e-01 6.205651e+02 4.195254e+02 
4.546364e-01 6.073017e+02 4.099029e+02 
4.596768e-01 5.944538e+02 4.005880e+02 
4.647172e-01 5.819823e+02 3.915682e+02 
4.697576e-01 5.698720e+02 3.828314e+02 
4.747980e-01 5.581170e+02 3.743664e+02 
4.798384e-01 5.467136e+02 3.661623e+02 
4.848788e-01 5.356379e+02 3.582089e+02 
4.899192e-01 5.248658e+02 3.504963e+02 
4.949596e-01 5.143924e+02 3.430153e+02 
5.000000e-01 5.042156e+02 3.357569e+02 
