1.000000e-03 3.526043e+03 3.525734e+03 
6.040404e-03 1.613106e+04 1.620738e+04 
1.108081e-02 2.252731e+04 2.247089e+04 
1.612121e-02 2.492504e+04 2.461702e+04 
2.116162e-02 2.473606e+04 2.394962e+04 
2.620202e-02 2.301801e+04 2.180862e+04 
3.124242e-02 2.061076e+04 1.939903e+04 
3.628283e-02 1.813020e+04 1.725651e+04 
4.132323e-02 1.595668e+04 1.545786e+04 
4.636364e-02 1.424454e+04 1.394546e+04 
5.140404e-02 1.303089e+04 1.265415e+04 
5.644444e-02 1.222054e+04 1.153536e+04 
6.148485e-02 1.166516e+04 1.055514e+04 
6.652525e-02 1.123621e+04 9.689245e+03 
7.156566e-02 1.079949e+04 8.919638e+03 
7.660606e-02 1.026255e+04 8.232317e+03 
8.164646e-02 9.594527e+03 7.616049e+03 
8.668687e-02 8.824899e+03 7.061603e+03 
9.172727e-02 8.015985e+03 6.561257e+03 
9.676768e-02 7.235347e+03 6.108476e+03 
1.018081e-01 6.542165e+03 5.697675e+03 
1.068485e-01 5.978741e+03 5.324052e+03 
1.118889e-01 5.562119e+03 4.983457e+03 
1.169293e-01 5.279628e+03 4.672284e+03 
1.219697e-01 5.096990e+03 4.387393e+03 
1.270101e-01 4.971256e+03 4.126036e+03 
1.320505e-01 4.861379e+03 3.885804e+03 
1.370909e-01 4.733225e+03 3.664579e+03 
1.421313e-01 4.564045e+03 3.460491e+03 
1.471717e-01 4.346168e+03 3.271890e+03 
1.522121e-01 4.087269e+03 3.097310e+03 
1.572525e-01 3.806303e+03 2.935452e+03 
1.622929e-01 3.527277e+03 2.785157e+03 
1.673333e-01 3.273061e+03 2.645394e+03 
1.723737e-01 3.059825e+03 2.515238e+03 
1.774141e-01 2.894313e+03 2.393861e+03 
1.824545e-01 2.774212e+03 2.280523e+03 
1.874949e-01 2.690748e+03 2.174554e+03 
1.925354e-01 2.631770e+03 2.075352e+03 
1.975758e-01 2.583291e+03 1.982374e+03 
2.026162e-01 2.531629e+03 1.895129e+03 
2.076566e-01 2.466380e+03 1.813173e+03 
2.126970e-01 2.383002e+03 1.736100e+03 
2.177374e-01 2.282835e+03 1.663544e+03 
2.227778e-01 2.171269e+03 1.595172e+03 
2.278182e-01 2.055784e+03 1.530678e+03 
2.328586e-01 1.944447e+03 1.469786e+03 
2.378990e-01 1.844381e+03 1.412240e+03 
2.429394e-01 1.760165e+03 1.357808e+03 
2.479798e-01 1.693036e+03 1.306278e+03 
2.530202e-01 1.641367e+03 1.257453e+03 
2.580606e-01 1.601653e+03 1.211154e+03 
2.631010e-01 1.569274e+03 1.167214e+03 
2.681414e-01 1.539153e+03 1.125483e+03 
2.731818e-01 1.506667e+03 1.085819e+03 
2.782222e-01 1.468763e+03 1.048092e+03 
2.832626e-01 1.424596e+03 1.012182e+03 
2.883030e-01 1.375181e+03 9.779785e+02 
2.933434e-01 1.322640e+03 9.453781e+02 
2.983838e-01 1.269608e+03 9.142857e+02 
3.034242e-01 1.218782e+03 8.846125e+02 
3.084646e-01 1.172525e+03 8.562762e+02 
3.135051e-01 1.132362e+03 8.292003e+02 
3.185455e-01 1.098610e+03 8.033135e+02 
3.235859e-01 1.070498e+03 7.785494e+02 
3.286263e-01 1.046568e+03 7.548460e+02 
3.336667e-01 1.025097e+03 7.321456e+02 
3.387071e-01 1.004417e+03 7.103941e+02 
3.437475e-01 9.830937e+02 6.895411e+02 
3.487879e-01 9.601232e+02 6.695392e+02 
3.538283e-01 9.351561e+02 6.503443e+02 
3.588687e-01 9.085268e+02 6.319149e+02 
3.639091e-01 8.810889e+02 6.142120e+02 
3.689495e-01 8.538514e+02 5.971992e+02 
3.739899e-01 8.277423e+02 5.808421e+02 
3.790303e-01 8.034657e+02 5.651087e+02 
3.840707e-01 7.814474e+02 5.499684e+02 
3.891111e-01 7.618329e+02 5.353929e+02 
3.941515e-01 7.444288e+02 5.213553e+02 
3.991919e-01 7.287331e+02 5.078301e+02 
4.042323e-01 7.140935e+02 4.947936e+02 
4.092727e-01 6.998651e+02 4.822232e+02 
4.143131e-01 6.855580e+02 4.700977e+02 
4.193535e-01 6.708917e+02 4.583969e+02 
4.243939e-01 6.557448e+02 4.471019e+02 
4.294343e-01 6.401971e+02 4.361946e+02 
4.344747e-01 6.244867e+02 4.256582e+02 
4.395152e-01 6.089544e+02 4.154764e+02 
4.445556e-01 5.939418e+02 4.056340e+02 
4.495960e-01 5.797175e+02 3.961166e+02 
4.546364e-01 5.664248e+02 3.869105e+02 
4.596768e-01 5.540931e+02 3.780026e+02 
4.647172e-01 5.426486e+02 3.693806e+02 
4.697576e-01 5.319461e+02 3.610328e+02 
4.747980e-01 5.217794e+02 3.529480e+02 
4.798384e-01 5.119201e+02 3.451157e+02 
4.848788e-01 5.021628e+02 3.375257e+02 
4.899192e-01 4.923906e+02 3.301684e+02 
4.949596e-01 4.825796e+02 3.230348e+02 
5.000000e-01 4.727412e+02 3.161162e+02 
