1.000000e-03 2.347812e+03 2.347601e+03 
6.040404e-03 1.064083e+04 1.068331e+04 
1.108081e-02 1.480351e+04 1.466879e+04 
1.612121e-02 1.653758e+04 1.610917e+04 
2.116162e-02 1.683538e+04 1.610855e+04 
2.620202e-02 1.633064e+04 1.544462e+04 
3.124242e-02 1.545177e+04 1.455154e+04 
3.628283e-02 1.447419e+04 1.360456e+04 
4.132323e-02 1.354896e+04 1.267063e+04 
4.636364e-02 1.272983e+04 1.177843e+04 
5.140404e-02 1.201654e+04 1.094087e+04 
5.644444e-02 1.137013e+04 1.016286e+04 
6.148485e-02 1.074478e+04 9.444928e+03 
6.652525e-02 1.012592e+04 8.785092e+03 
7.156566e-02 9.496315e+03 8.180059e+03 
7.660606e-02 8.866522e+03 7.625919e+03 
8.164646e-02 8.264472e+03 7.118563e+03 
8.668687e-02 7.716861e+03 6.653937e+03 
9.172727e-02 7.233693e+03 6.228177e+03 
9.676768e-02 6.813483e+03 5.837681e+03 
1.018081e-01 6.451579e+03 5.479135e+03 
1.068485e-01 6.138300e+03 5.149521e+03 
1.118889e-01 5.855260e+03 4.846108e+03 
1.169293e-01 5.583023e+03 4.566432e+03 
1.219697e-01 5.310396e+03 4.308277e+03 
1.270101e-01 5.037719e+03 4.069652e+03 
1.320505e-01 4.770649e+03 3.848770e+03 
1.370909e-01 4.515852e+03 3.644028e+03 
1.421313e-01 4.279155e+03 3.453985e+03 
1.471717e-01 4.064156e+03 3.277348e+03 
1.522121e-01 3.871636e+03 3.112956e+03 
1.572525e-01 3.700322e+03 2.959760e+03 
1.622929e-01 3.546885e+03 2.816818e+03 
1.673333e-01 3.406332e+03 2.683280e+03 
1.723737e-01 3.273175e+03 2.558378e+03 
1.774141e-01 3.143462e+03 2.441417e+03 
1.824545e-01 3.016218e+03 2.331768e+03 
1.874949e-01 2.892135e+03 2.228861e+03 
1.925354e-01 2.772066e+03 2.132178e+03 
1.975758e-01 2.657253e+03 2.041247e+03 
2.026162e-01 2.549408e+03 1.955641e+03 
2.076566e-01 2.449835e+03 1.874968e+03 
2.126970e-01 2.358258e+03 1.798871e+03 
2.177374e-01 2.273407e+03 1.727024e+03 
2.227778e-01 2.193980e+03 1.659129e+03 
2.278182e-01 2.118954e+03 1.594913e+03 
2.328586e-01 2.047372e+03 1.534124e+03 
2.378990e-01 1.978264e+03 1.476531e+03 
2.429394e-01 1.911212e+03 1.421923e+03 
2.479798e-01 1.846453e+03 1.370105e+03 
2.530202e-01 1.784295e+03 1.320896e+03 
2.580606e-01 1.724881e+03 1.274131e+03 
2.631010e-01 1.668298e+03 1.229656e+03 
2.681414e-01 1.614701e+03 1.187329e+03 
2.731818e-01 1.564172e+03 1.147019e+03 
2.782222e-01 1.516431e+03 1.108605e+03 
2.832626e-01 1.470974e+03 1.071973e+03 
2.883030e-01 1.427370e+03 1.037018e+03 
2.933434e-01 1.385427e+03 1.003644e+03 
2.983838e-01 1.345111e+03 9.717595e+02 
3.034242e-01 1.306283e+03 9.412802e+02 
3.084646e-01 1.268814e+03 9.121275e+02 
3.135051e-01 1.232687e+03 8.842281e+02 
3.185455e-01 1.197975e+03 8.575137e+02 
3.235859e-01 1.164733e+03 8.319203e+02 
3.286263e-01 1.132929e+03 8.073880e+02 
3.336667e-01 1.102423e+03 7.838611e+02 
3.387071e-01 1.073111e+03 7.612870e+02 
3.437475e-01 1.044950e+03 7.396167e+02 
3.487879e-01 1.017884e+03 7.188042e+02 
3.538283e-01 9.918004e+02 6.988062e+02 
3.588687e-01 9.665930e+02 6.795822e+02 
3.639091e-01 9.422035e+02 6.610940e+02 
3.689495e-01 9.186435e+02 6.433058e+02 
3.739899e-01 8.959394e+02 6.261838e+02 
3.790303e-01 8.740460e+02 6.096961e+02 
3.840707e-01 8.528917e+02 5.938130e+02 
3.891111e-01 8.324548e+02 5.785060e+02 
3.941515e-01 8.127362e+02 5.637486e+02 
3.991919e-01 7.937138e+02 5.495156e+02 
4.042323e-01 7.753351e+02 5.357833e+02 
4.092727e-01 7.575478e+02 5.225290e+02 
4.143131e-01 7.403097e+02 5.097318e+02 
4.193535e-01 7.236202e+02 4.973713e+02 
4.243939e-01 7.074747e+02 4.854286e+02 
4.294343e-01 6.918360e+02 4.738857e+02 
4.344747e-01 6.766668e+02 4.627255e+02 
4.395152e-01 6.619637e+02 4.519317e+02 
4.445556e-01 6.477149e+02 4.414890e+02 
4.495960e-01 6.339181e+02 4.313829e+02 
4.546364e-01 6.205511e+02 4.215994e+02 
4.596768e-01 6.075673e+02 4.121255e+02 
4.647172e-01 5.949569e+02 4.029485e+02 
4.697576e-01 5.827299e+02 3.940566e+02 
4.747980e-01 5.708662e+02 3.854385e+02 
4.798384e-01 5.593374e+02 3.770833e+02 
4.848788e-01 5.481280e+02 3.689809e+02 
4.899192e-01 5.372315e+02 3.611215e+02 
4.949596e-01 5.266470e+02 3.534957e+02 
5.000000e-01 5.163655e+02 3.460947e+02 
