1.000000e-03 3.739039e+03 3.738696e+03 
6.040404e-03 1.691442e+04 1.699051e+04 
1.108081e-02 2.332111e+04 2.323396e+04 
1.612121e-02 2.552848e+04 2.513821e+04 
2.116162e-02 2.512019e+04 2.423050e+04 
2.620202e-02 2.323899e+04 2.199644e+04 
3.124242e-02 2.075736e+04 1.960327e+04 
3.628283e-02 1.828630e+04 1.749544e+04 
4.132323e-02 1.617964e+04 1.571351e+04 
4.636364e-02 1.455759e+04 1.419902e+04 
5.140404e-02 1.342882e+04 1.289406e+04 
5.644444e-02 1.266525e+04 1.175614e+04 
6.148485e-02 1.211417e+04 1.075506e+04 
6.652525e-02 1.162886e+04 9.868617e+03 
7.156566e-02 1.108983e+04 9.079766e+03 
7.660606e-02 1.043236e+04 8.374914e+03 
8.164646e-02 9.656192e+03 7.742927e+03 
8.668687e-02 8.812324e+03 7.174516e+03 
9.172727e-02 7.972710e+03 6.661827e+03 
9.676768e-02 7.205261e+03 6.198164e+03 
1.018081e-01 6.562327e+03 5.777780e+03 
1.068485e-01 6.070522e+03 5.395718e+03 
1.118889e-01 5.724239e+03 5.047685e+03 
1.169293e-01 5.491650e+03 4.729950e+03 
1.219697e-01 5.328567e+03 4.439260e+03 
1.270101e-01 5.190782e+03 4.172770e+03 
1.320505e-01 5.040179e+03 3.927988e+03 
1.370909e-01 4.850755e+03 3.702720e+03 
1.421313e-01 4.613657e+03 3.495034e+03 
1.471717e-01 4.337371e+03 3.303224e+03 
1.522121e-01 4.041746e+03 3.125779e+03 
1.572525e-01 3.750248e+03 2.961355e+03 
1.622929e-01 3.485146e+03 2.808761e+03 
1.673333e-01 3.262943e+03 2.666931e+03 
1.723737e-01 3.090544e+03 2.534916e+03 
1.774141e-01 2.964365e+03 2.411864e+03 
1.824545e-01 2.873441e+03 2.297013e+03 
1.874949e-01 2.803910e+03 2.189676e+03 
1.925354e-01 2.741750e+03 2.089235e+03 
1.975758e-01 2.674412e+03 1.995133e+03 
2.026162e-01 2.592883e+03 1.906868e+03 
2.076566e-01 2.494029e+03 1.823983e+03 
2.126970e-01 2.380879e+03 1.746064e+03 
2.177374e-01 2.260316e+03 1.672737e+03 
2.227778e-01 2.140547e+03 1.603660e+03 
2.278182e-01 2.029179e+03 1.538523e+03 
2.328586e-01 1.931712e+03 1.477040e+03 
2.378990e-01 1.850850e+03 1.418954e+03 
2.429394e-01 1.786304e+03 1.364027e+03 
2.479798e-01 1.735337e+03 1.312041e+03 
2.530202e-01 1.693608e+03 1.262797e+03 
2.580606e-01 1.656032e+03 1.216112e+03 
2.631010e-01 1.617744e+03 1.171818e+03 
2.681414e-01 1.575365e+03 1.129759e+03 
2.731818e-01 1.527636e+03 1.089792e+03 
2.782222e-01 1.475206e+03 1.051786e+03 
2.832626e-01 1.419883e+03 1.015618e+03 
2.883030e-01 1.364101e+03 9.811751e+02 
2.933434e-01 1.310481e+03 9.483534e+02 
2.983838e-01 1.261318e+03 9.170556e+02 
3.034242e-01 1.218034e+03 8.871920e+02 
3.084646e-01 1.180863e+03 8.586789e+02 
3.135051e-01 1.149036e+03 8.314388e+02 
3.185455e-01 1.121209e+03 8.053993e+02 
3.235859e-01 1.095832e+03 7.804932e+02 
3.286263e-01 1.071270e+03 7.566576e+02 
3.336667e-01 1.046175e+03 7.338340e+02 
3.387071e-01 1.019727e+03 7.119678e+02 
3.437475e-01 9.918236e+02 6.910077e+02 
3.487879e-01 9.629101e+02 6.709060e+02 
3.538283e-01 9.337588e+02 6.516178e+02 
3.588687e-01 9.052295e+02 6.331012e+02 
3.639091e-01 8.781129e+02 6.153170e+02 
3.689495e-01 8.530059e+02 5.982280e+02 
3.739899e-01 8.301716e+02 5.817998e+02 
3.790303e-01 8.095157e+02 5.659997e+02 
3.840707e-01 7.906972e+02 5.507971e+02 
3.891111e-01 7.732337e+02 5.361631e+02 
3.941515e-01 7.565752e+02 5.220706e+02 
3.991919e-01 7.402241e+02 5.084942e+02 
4.042323e-01 7.237897e+02 4.954095e+02 
4.092727e-01 7.070801e+02 4.827940e+02 
4.143131e-01 6.901470e+02 4.706260e+02 
4.193535e-01 6.732057e+02 4.588855e+02 
4.243939e-01 6.565140e+02 4.475531e+02 
4.294343e-01 6.403116e+02 4.366107e+02 
4.344747e-01 6.248049e+02 4.260412e+02 
4.395152e-01 6.101654e+02 4.158285e+02 
4.445556e-01 5.964617e+02 4.059570e+02 
4.495960e-01 5.836257e+02 3.964122e+02 
4.546364e-01 5.714948e+02 3.871803e+02 
4.596768e-01 5.598770e+02 3.782481e+02 
4.647172e-01 5.486228e+02 3.696034e+02 
4.697576e-01 5.376063e+02 3.612341e+02 
4.747980e-01 5.266932e+02 3.531291e+02 
4.798384e-01 5.158247e+02 3.452777e+02 
4.848788e-01 5.050285e+02 3.376698e+02 
4.899192e-01 4.943836e+02 3.302958e+02 
4.949596e-01 4.839777e+02 3.231463e+02 
5.000000e-01 4.738850e+02 3.162127e+02 
