1.000000e-03 2.749058e+03 2.748805e+03 
6.040404e-03 1.248460e+04 1.253412e+04 
1.108081e-02 1.731137e+04 1.718671e+04 
1.612121e-02 1.916543e+04 1.873951e+04 
2.116162e-02 1.921837e+04 1.843751e+04 
2.620202e-02 1.826959e+04 1.730917e+04 
3.124242e-02 1.689418e+04 1.599555e+04 
3.628283e-02 1.547536e+04 1.472651e+04 
4.132323e-02 1.422475e+04 1.355393e+04 
4.636364e-02 1.320658e+04 1.248260e+04 
5.140404e-02 1.243290e+04 1.150748e+04 
5.644444e-02 1.179381e+04 1.062161e+04 
6.148485e-02 1.121421e+04 9.817652e+03 
6.652525e-02 1.062881e+04 9.088310e+03 
7.156566e-02 9.991888e+03 8.426554e+03 
7.660606e-02 9.302532e+03 7.825756e+03 
8.164646e-02 8.596749e+03 7.279785e+03 
8.668687e-02 7.923474e+03 6.783041e+03 
9.172727e-02 7.319233e+03 6.330459e+03 
9.676768e-02 6.804915e+03 5.917490e+03 
1.018081e-01 6.389013e+03 5.540065e+03 
1.068485e-01 6.064291e+03 5.194560e+03 
1.118889e-01 5.805437e+03 4.877749e+03 
1.169293e-01 5.577396e+03 4.586765e+03 
1.219697e-01 5.351560e+03 4.319061e+03 
1.270101e-01 5.112186e+03 4.072372e+03 
1.320505e-01 4.855267e+03 3.844683e+03 
1.370909e-01 4.585934e+03 3.634200e+03 
1.421313e-01 4.315833e+03 3.439324e+03 
1.471717e-01 4.058588e+03 3.258629e+03 
1.522121e-01 3.825628e+03 3.090838e+03 
1.572525e-01 3.624189e+03 2.934810e+03 
1.622929e-01 3.456061e+03 2.789522e+03 
1.673333e-01 3.317124e+03 2.654052e+03 
1.723737e-01 3.198659e+03 2.527576e+03 
1.774141e-01 3.090618e+03 2.409348e+03 
1.824545e-01 2.984906e+03 2.298695e+03 
1.874949e-01 2.876483e+03 2.195011e+03 
1.925354e-01 2.763185e+03 2.097746e+03 
1.975758e-01 2.645725e+03 2.006402e+03 
2.026162e-01 2.527620e+03 1.920526e+03 
2.076566e-01 2.413831e+03 1.839708e+03 
2.126970e-01 2.308399e+03 1.763572e+03 
2.177374e-01 2.213297e+03 1.691777e+03 
2.227778e-01 2.129022e+03 1.624011e+03 
2.278182e-01 2.054823e+03 1.559991e+03 
2.328586e-01 1.988592e+03 1.499453e+03 
2.378990e-01 1.927427e+03 1.442160e+03 
2.429394e-01 1.868663e+03 1.387892e+03 
2.479798e-01 1.810518e+03 1.336447e+03 
2.530202e-01 1.752097e+03 1.287640e+03 
2.580606e-01 1.693215e+03 1.241298e+03 
2.631010e-01 1.634409e+03 1.197266e+03 
2.681414e-01 1.576967e+03 1.155396e+03 
2.731818e-01 1.522376e+03 1.115555e+03 
2.782222e-01 1.471537e+03 1.077618e+03 
2.832626e-01 1.424565e+03 1.041469e+03 
2.883030e-01 1.381179e+03 1.007002e+03 
2.933434e-01 1.341000e+03 9.741176e+02 
2.983838e-01 1.303448e+03 9.427232e+02 
3.034242e-01 1.267696e+03 9.127333e+02 
3.084646e-01 1.232941e+03 8.840681e+02 
3.135051e-01 1.198693e+03 8.566532e+02 
3.185455e-01 1.164882e+03 8.304193e+02 
3.235859e-01 1.131696e+03 8.053017e+02 
3.286263e-01 1.099357e+03 7.812401e+02 
3.336667e-01 1.068066e+03 7.581780e+02 
3.387071e-01 1.038073e+03 7.360625e+02 
3.437475e-01 1.009625e+03 7.148441e+02 
3.487879e-01 9.828046e+02 6.944767e+02 
3.538283e-01 9.574512e+02 6.749166e+02 
3.588687e-01 9.332987e+02 6.561232e+02 
3.639091e-01 9.101179e+02 6.380582e+02 
3.689495e-01 8.877203e+02 6.206856e+02 
3.739899e-01 8.659977e+02 6.039715e+02 
3.790303e-01 8.448332e+02 5.878842e+02 
3.840707e-01 8.241433e+02 5.723937e+02 
3.891111e-01 8.039534e+02 5.574717e+02 
3.941515e-01 7.843645e+02 5.430917e+02 
3.991919e-01 7.654561e+02 5.292285e+02 
4.042323e-01 7.472474e+02 5.158584e+02 
4.092727e-01 7.297380e+02 5.029590e+02 
4.143131e-01 7.129244e+02 4.905093e+02 
4.193535e-01 6.967698e+02 4.784891e+02 
4.243939e-01 6.812102e+02 4.668796e+02 
4.294343e-01 6.661582e+02 4.556628e+02 
4.344747e-01 6.515459e+02 4.448218e+02 
4.395152e-01 6.373404e+02 4.343405e+02 
4.445556e-01 6.235234e+02 4.242036e+02 
4.495960e-01 6.100829e+02 4.143967e+02 
4.546364e-01 5.970088e+02 4.049061e+02 
4.596768e-01 5.842957e+02 3.957186e+02 
4.647172e-01 5.719710e+02 3.868221e+02 
4.697576e-01 5.600383e+02 3.782045e+02 
4.747980e-01 5.484893e+02 3.698549e+02 
4.798384e-01 5.373014e+02 3.617624e+02 
4.848788e-01 5.264525e+02 3.539171e+02 
4.899192e-01 5.159292e+02 3.463092e+02 
4.949596e-01 5.057132e+02 3.389295e+02 
5.000000e-01 4.957775e+02 3.317694e+02 
