1.000000e-03 2.454480e+03 2.454257e+03 
6.040404e-03 1.126651e+04 1.131031e+04 
1.108081e-02 1.571552e+04 1.558635e+04 
1.612121e-02 1.752140e+04 1.709868e+04 
2.116162e-02 1.773292e+04 1.699239e+04 
2.620202e-02 1.705290e+04 1.615460e+04 
3.124242e-02 1.597522e+04 1.510541e+04 
3.628283e-02 1.482544e+04 1.404023e+04 
4.132323e-02 1.378232e+04 1.301931e+04 
4.636364e-02 1.289580e+04 1.206195e+04 
5.140404e-02 1.218350e+04 1.117427e+04 
5.644444e-02 1.155559e+04 1.035679e+04 
6.148485e-02 1.095954e+04 9.607185e+03 
6.652525e-02 1.035718e+04 8.921558e+03 
7.156566e-02 9.719946e+03 8.295288e+03 
7.660606e-02 9.056513e+03 7.723507e+03 
8.164646e-02 8.403121e+03 7.201392e+03 
8.668687e-02 7.799079e+03 6.724346e+03 
9.172727e-02 7.266389e+03 6.288083e+03 
9.676768e-02 6.812404e+03 5.888667e+03 
1.018081e-01 6.436951e+03 5.522517e+03 
1.068485e-01 6.128724e+03 5.186401e+03 
1.118889e-01 5.863373e+03 4.877412e+03 
1.169293e-01 5.613107e+03 4.592941e+03 
1.219697e-01 5.358826e+03 4.330655e+03 
1.270101e-01 5.094788e+03 4.088462e+03 
1.320505e-01 4.825008e+03 3.864494e+03 
1.370909e-01 4.557627e+03 3.657079e+03 
1.421313e-01 4.302552e+03 3.464717e+03 
1.471717e-01 4.068236e+03 3.286067e+03 
1.522121e-01 3.860187e+03 3.119924e+03 
1.572525e-01 3.680105e+03 2.965206e+03 
1.622929e-01 3.525625e+03 2.820940e+03 
1.673333e-01 3.390523e+03 2.686249e+03 
1.723737e-01 3.266316e+03 2.560344e+03 
1.774141e-01 3.146043e+03 2.442510e+03 
1.824545e-01 3.026086e+03 2.332101e+03 
1.874949e-01 2.905371e+03 2.228534e+03 
1.925354e-01 2.784253e+03 2.131278e+03 
1.975758e-01 2.664755e+03 2.039851e+03 
2.026162e-01 2.550360e+03 1.953814e+03 
2.076566e-01 2.444303e+03 1.872770e+03 
2.126970e-01 2.347864e+03 1.796355e+03 
2.177374e-01 2.260520e+03 1.724235e+03 
2.227778e-01 2.181140e+03 1.656106e+03 
2.278182e-01 2.108238e+03 1.591692e+03 
2.328586e-01 2.039884e+03 1.530736e+03 
2.378990e-01 1.974097e+03 1.473004e+03 
2.429394e-01 1.909566e+03 1.418281e+03 
2.479798e-01 1.845963e+03 1.366369e+03 
2.530202e-01 1.783560e+03 1.317085e+03 
2.580606e-01 1.722769e+03 1.270261e+03 
2.631010e-01 1.664223e+03 1.225742e+03 
2.681414e-01 1.608695e+03 1.183385e+03 
2.731818e-01 1.556734e+03 1.143055e+03 
2.782222e-01 1.508317e+03 1.104631e+03 
2.832626e-01 1.462945e+03 1.067999e+03 
2.883030e-01 1.420034e+03 1.033051e+03 
2.933434e-01 1.379125e+03 9.996905e+02 
2.983838e-01 1.339864e+03 9.678254e+02 
3.034242e-01 1.301862e+03 9.373707e+02 
3.084646e-01 1.264832e+03 9.082471e+02 
3.135051e-01 1.228730e+03 8.803807e+02 
3.185455e-01 1.193719e+03 8.537025e+02 
3.235859e-01 1.160008e+03 8.281482e+02 
3.286263e-01 1.127711e+03 8.036575e+02 
3.336667e-01 1.096848e+03 7.801741e+02 
3.387071e-01 1.067381e+03 7.576453e+02 
3.437475e-01 1.039285e+03 7.360217e+02 
3.487879e-01 1.012457e+03 7.152570e+02 
3.538283e-01 9.867172e+02 6.953077e+02 
3.588687e-01 9.618583e+02 6.761332e+02 
3.639091e-01 9.377455e+02 6.576950e+02 
3.689495e-01 9.143743e+02 6.399571e+02 
3.739899e-01 8.917453e+02 6.228856e+02 
3.790303e-01 8.698424e+02 6.064486e+02 
3.840707e-01 8.486395e+02 5.906160e+02 
3.891111e-01 8.281370e+02 5.753595e+02 
3.941515e-01 8.083611e+02 5.606523e+02 
3.991919e-01 7.893307e+02 5.464693e+02 
4.042323e-01 7.710147e+02 5.327865e+02 
4.092727e-01 7.533335e+02 5.195814e+02 
4.143131e-01 7.362300e+02 5.068328e+02 
4.193535e-01 7.196723e+02 4.945205e+02 
4.243939e-01 7.036479e+02 4.826254e+02 
4.294343e-01 6.881079e+02 4.711295e+02 
4.344747e-01 6.730108e+02 4.600157e+02 
4.395152e-01 6.583509e+02 4.492677e+02 
4.445556e-01 6.441338e+02 4.388701e+02 
4.495960e-01 6.303634e+02 4.288084e+02 
4.546364e-01 6.170229e+02 4.190687e+02 
4.596768e-01 6.040792e+02 4.096378e+02 
4.647172e-01 5.915217e+02 4.005032e+02 
4.697576e-01 5.793497e+02 3.916530e+02 
4.747980e-01 5.675539e+02 3.830758e+02 
4.798384e-01 5.561020e+02 3.747610e+02 
4.848788e-01 5.449574e+02 3.666981e+02 
4.899192e-01 5.341171e+02 3.588775e+02 
4.949596e-01 5.235816e+02 3.512899e+02 
5.000000e-01 5.133506e+02 3.439263e+02 
