1.000000e-03 1.301226e+04 1.301105e+04 
6.040404e-03 5.974798e+04 6.008161e+04 
1.108081e-02 8.205702e+04 8.246410e+04 
1.612121e-02 8.797328e+04 8.863799e+04 
2.116162e-02 8.286636e+04 8.224036e+04 
2.620202e-02 7.120005e+04 6.757413e+04 
3.124242e-02 5.688557e+04 5.135832e+04 
3.628283e-02 4.296585e+04 3.825496e+04 
4.132323e-02 3.131548e+04 2.907568e+04 
4.636364e-02 2.264345e+04 2.287625e+04 
5.140404e-02 1.684900e+04 1.861262e+04 
5.644444e-02 1.341642e+04 1.556494e+04 
6.148485e-02 1.170046e+04 1.329464e+04 
6.652525e-02 1.114670e+04 1.154013e+04 
7.156566e-02 1.131851e+04 1.014253e+04 
7.660606e-02 1.182932e+04 9.001915e+03 
8.164646e-02 1.229839e+04 8.052967e+03 
8.668687e-02 1.239723e+04 7.251289e+03 
9.172727e-02 1.193400e+04 6.565597e+03 
9.676768e-02 1.089947e+04 5.973134e+03 
1.018081e-01 9.446530e+03 5.456875e+03 
1.068485e-01 7.819655e+03 5.003777e+03 
1.118889e-01 6.267647e+03 4.603643e+03 
1.169293e-01 4.971019e+03 4.248363e+03 
1.219697e-01 4.016542e+03 3.931390e+03 
1.270101e-01 3.409942e+03 3.647375e+03 
1.320505e-01 3.111603e+03 3.391897e+03 
1.370909e-01 3.064373e+03 3.161271e+03 
1.421313e-01 3.206473e+03 2.952398e+03 
1.471717e-01 3.469414e+03 2.762653e+03 
1.522121e-01 3.772888e+03 2.589801e+03 
1.572525e-01 4.026410e+03 2.431924e+03 
1.622929e-01 4.145734e+03 2.287369e+03 
1.673333e-01 4.079154e+03 2.154707e+03 
1.723737e-01 3.825409e+03 2.032693e+03 
1.774141e-01 3.429678e+03 1.920241e+03 
1.824545e-01 2.961401e+03 1.816399e+03 
1.874949e-01 2.492098e+03 1.720329e+03 
1.925354e-01 2.079646e+03 1.631293e+03 
1.975758e-01 1.760410e+03 1.548637e+03 
2.026162e-01 1.547979e+03 1.471779e+03 
2.076566e-01 1.438146e+03 1.400205e+03 
2.126970e-01 1.417208e+03 1.333451e+03 
2.177374e-01 1.467140e+03 1.271107e+03 
2.227778e-01 1.566131e+03 1.212802e+03 
2.278182e-01 1.687086e+03 1.158203e+03 
2.328586e-01 1.798380e+03 1.107011e+03 
2.378990e-01 1.869454e+03 1.058956e+03 
2.429394e-01 1.878647e+03 1.013794e+03 
2.479798e-01 1.818631e+03 9.713029e+02 
2.530202e-01 1.697149e+03 9.312822e+02 
2.580606e-01 1.533726e+03 8.935492e+02 
2.631010e-01 1.353766e+03 8.579375e+02 
2.681414e-01 1.181971e+03 8.242954e+02 
2.731818e-01 1.036897e+03 7.924843e+02 
2.782222e-01 9.287027e+02 7.623774e+02 
2.832626e-01 8.603676e+02 7.338583e+02 
2.883030e-01 8.300577e+02 7.068206e+02 
2.933434e-01 8.328629e+02 6.811662e+02 
2.983838e-01 8.611401e+02 6.568050e+02 
3.034242e-01 9.046545e+02 6.336539e+02 
3.084646e-01 9.512560e+02 6.116363e+02 
3.135051e-01 9.886179e+02 5.906816e+02 
3.185455e-01 1.006605e+03 5.707243e+02 
3.235859e-01 9.990553e+02 5.517039e+02 
3.286263e-01 9.649438e+02 5.335644e+02 
3.336667e-01 9.083372e+02 5.162537e+02 
3.387071e-01 8.373336e+02 4.997235e+02 
3.437475e-01 7.616816e+02 4.839290e+02 
3.487879e-01 6.904615e+02 4.688284e+02 
3.538283e-01 6.303686e+02 4.543828e+02 
3.588687e-01 5.853497e+02 4.405559e+02 
3.639091e-01 5.568009e+02 4.273139e+02 
3.689495e-01 5.441219e+02 4.146253e+02 
3.739899e-01 5.450197e+02 4.024605e+02 
3.790303e-01 5.558583e+02 3.907920e+02 
3.840707e-01 5.720140e+02 3.795938e+02 
3.891111e-01 5.884270e+02 3.688418e+02 
3.941515e-01 6.002749e+02 3.585133e+02 
3.991919e-01 6.036985e+02 3.485870e+02 
4.042323e-01 5.965059e+02 3.390429e+02 
4.092727e-01 5.785781e+02 3.298621e+02 
4.143131e-01 5.518039e+02 3.210271e+02 
4.193535e-01 5.194324e+02 3.125211e+02 
4.243939e-01 4.852182e+02 3.043286e+02 
4.294343e-01 4.527049e+02 2.964347e+02 
4.344747e-01 4.246947e+02 2.888256e+02 
4.395152e-01 4.030615e+02 2.814881e+02 
4.445556e-01 3.885700e+02 2.744098e+02 
4.495960e-01 3.810033e+02 2.675791e+02 
4.546364e-01 3.792968e+02 2.609849e+02 
4.596768e-01 3.818172e+02 2.546166e+02 
4.647172e-01 3.865993e+02 2.484645e+02 
4.697576e-01 3.914817e+02 2.425191e+02 
4.747980e-01 3.944123e+02 2.367715e+02 
4.798384e-01 3.937722e+02 2.312134e+02 
4.848788e-01 3.887212e+02 2.258367e+02 
4.899192e-01 3.792445e+02 2.206339e+02 
4.949596e-01 3.660732e+02 2.155978e+02 
5.000000e-01 3.504365e+02 2.107215e+02 
