1.000000e-03 5.152169e+03 5.151668e+03 
6.040404e-03 2.269409e+04 2.279397e+04 
1.108081e-02 3.069345e+04 3.061601e+04 
1.612121e-02 3.290993e+04 3.248468e+04 
2.116162e-02 3.159197e+04 3.047308e+04 
2.620202e-02 2.837824e+04 2.674584e+04 
3.124242e-02 2.451950e+04 2.305243e+04 
3.628283e-02 2.087024e+04 1.999843e+04 
4.132323e-02 1.789224e+04 1.755930e+04 
4.636364e-02 1.570562e+04 1.558345e+04 
5.140404e-02 1.428902e+04 1.394563e+04 
5.644444e-02 1.342123e+04 1.256083e+04 
6.148485e-02 1.287881e+04 1.137235e+04 
6.652525e-02 1.243693e+04 1.034105e+04 
7.156566e-02 1.192284e+04 9.438659e+03 
7.660606e-02 1.123258e+04 8.643854e+03 
8.164646e-02 1.035066e+04 7.940019e+03 
8.668687e-02 9.341576e+03 7.313865e+03 
9.172727e-02 8.310396e+03 6.754555e+03 
9.676768e-02 7.363246e+03 6.253128e+03 
1.018081e-01 6.579624e+03 5.802092e+03 
1.068485e-01 5.997120e+03 5.395126e+03 
1.118889e-01 5.609621e+03 5.026863e+03 
1.169293e-01 5.379973e+03 4.692718e+03 
1.219697e-01 5.253984e+03 4.388751e+03 
1.270101e-01 5.170891e+03 4.111566e+03 
1.320505e-01 5.073506e+03 3.858221e+03 
1.370909e-01 4.920496e+03 3.626155e+03 
1.421313e-01 4.695098e+03 3.413137e+03 
1.471717e-01 4.403986e+03 3.217212e+03 
1.522121e-01 4.070728e+03 3.036664e+03 
1.572525e-01 3.728698e+03 2.869983e+03 
1.622929e-01 3.413392e+03 2.715833e+03 
1.673333e-01 3.151753e+03 2.573034e+03 
1.723737e-01 2.954936e+03 2.440536e+03 
1.774141e-01 2.819953e+03 2.317405e+03 
1.824545e-01 2.735099e+03 2.202810e+03 
1.874949e-01 2.684298e+03 2.096006e+03 
1.925354e-01 2.648290e+03 1.996326e+03 
1.975758e-01 2.607105e+03 1.903172e+03 
2.026162e-01 2.545410e+03 1.816006e+03 
2.076566e-01 2.456801e+03 1.734342e+03 
2.126970e-01 2.343714e+03 1.657741e+03 
2.177374e-01 2.214164e+03 1.585808e+03 
2.227778e-01 2.079189e+03 1.518184e+03 
2.278182e-01 1.950358e+03 1.454541e+03 
2.328586e-01 1.837513e+03 1.394585e+03 
2.378990e-01 1.746385e+03 1.338044e+03 
2.429394e-01 1.678060e+03 1.284672e+03 
2.479798e-01 1.629672e+03 1.234245e+03 
2.530202e-01 1.595627e+03 1.186557e+03 
2.580606e-01 1.568932e+03 1.141419e+03 
2.631010e-01 1.542481e+03 1.098658e+03 
2.681414e-01 1.510590e+03 1.058116e+03 
2.731818e-01 1.470102e+03 1.019647e+03 
2.782222e-01 1.420643e+03 9.831159e+02 
2.832626e-01 1.364173e+03 9.483990e+02 
2.883030e-01 1.304163e+03 9.153820e+02 
2.933434e-01 1.244768e+03 8.839591e+02 
2.983838e-01 1.189825e+03 8.540325e+02 
3.034242e-01 1.142088e+03 8.255117e+02 
3.084646e-01 1.102762e+03 7.983127e+02 
3.135051e-01 1.071401e+03 7.723577e+02 
3.185455e-01 1.046419e+03 7.475742e+02 
3.235859e-01 1.025555e+03 7.238951e+02 
3.286263e-01 1.006345e+03 7.012576e+02 
3.336667e-01 9.864842e+02 6.796035e+02 
3.387071e-01 9.643234e+02 6.588784e+02 
3.437475e-01 9.391317e+02 6.390315e+02 
3.487879e-01 9.112092e+02 6.200155e+02 
3.538283e-01 8.816251e+02 6.017860e+02 
3.588687e-01 8.516852e+02 5.843016e+02 
3.639091e-01 8.227495e+02 5.675234e+02 
3.689495e-01 7.959486e+02 5.514152e+02 
3.739899e-01 7.720844e+02 5.359428e+02 
3.790303e-01 7.514229e+02 5.210742e+02 
3.840707e-01 7.336567e+02 5.067793e+02 
3.891111e-01 7.180613e+02 4.930300e+02 
3.941515e-01 7.037701e+02 4.797996e+02 
3.991919e-01 6.899522e+02 4.670632e+02 
4.042323e-01 6.758938e+02 4.547973e+02 
4.092727e-01 6.611078e+02 4.429796e+02 
4.143131e-01 6.454459e+02 4.315893e+02 
4.193535e-01 6.291003e+02 4.206066e+02 
4.243939e-01 6.124578e+02 4.100129e+02 
4.294343e-01 5.959788e+02 3.997906e+02 
4.344747e-01 5.801195e+02 3.899231e+02 
4.395152e-01 5.652497e+02 3.803946e+02 
4.445556e-01 5.516059e+02 3.711903e+02 
4.495960e-01 5.392023e+02 3.622961e+02 
4.546364e-01 5.278823e+02 3.536986e+02 
4.596768e-01 5.173966e+02 3.453853e+02 
4.647172e-01 5.074282e+02 3.373440e+02 
4.697576e-01 4.977000e+02 3.295634e+02 
4.747980e-01 4.879670e+02 3.220327e+02 
4.798384e-01 4.780698e+02 3.147417e+02 
4.848788e-01 4.679874e+02 3.076805e+02 
4.899192e-01 4.578150e+02 3.008400e+02 
4.949596e-01 4.476914e+02 2.942114e+02 
5.000000e-01 4.377595e+02 2.877861e+02 
