1.000000e-03 3.179066e+03 3.178754e+03 
6.040404e-03 1.395102e+04 1.399937e+04 
1.108081e-02 1.888420e+04 1.869539e+04 
1.612121e-02 2.056570e+04 1.999944e+04 
2.116162e-02 2.041950e+04 1.948712e+04 
2.620202e-02 1.933489e+04 1.825884e+04 
3.124242e-02 1.789859e+04 1.687879e+04 
3.628283e-02 1.646728e+04 1.553466e+04 
4.132323e-02 1.521417e+04 1.427797e+04 
4.636364e-02 1.416942e+04 1.312177e+04 
5.140404e-02 1.331689e+04 1.206681e+04 
5.644444e-02 1.255282e+04 1.110877e+04 
6.148485e-02 1.181217e+04 1.024103e+04 
6.652525e-02 1.105814e+04 9.456014e+03 
7.156566e-02 1.028527e+04 8.745974e+03 
7.660606e-02 9.515743e+03 8.103434e+03 
8.164646e-02 8.789090e+03 7.521412e+03 
8.668687e-02 8.138655e+03 6.993524e+03 
9.172727e-02 7.580617e+03 6.514009e+03 
9.676768e-02 7.117073e+03 6.077713e+03 
1.018081e-01 6.735997e+03 5.680049e+03 
1.068485e-01 6.410780e+03 5.316949e+03 
1.118889e-01 6.111103e+03 4.984811e+03 
1.169293e-01 5.814736e+03 4.680449e+03 
1.219697e-01 5.512327e+03 4.401044e+03 
1.270101e-01 5.204904e+03 4.144100e+03 
1.320505e-01 4.901329e+03 3.907407e+03 
1.370909e-01 4.614223e+03 3.689005e+03 
1.421313e-01 4.352990e+03 3.487151e+03 
1.471717e-01 4.121269e+03 3.300298e+03 
1.522121e-01 3.919177e+03 3.127064e+03 
1.572525e-01 3.744449e+03 2.966218e+03 
1.622929e-01 3.590996e+03 2.816658e+03 
1.673333e-01 3.449340e+03 2.677399e+03 
1.723737e-01 3.311473e+03 2.547555e+03 
1.774141e-01 3.174338e+03 2.426332e+03 
1.824545e-01 3.038245e+03 2.313013e+03 
1.874949e-01 2.904344e+03 2.206954e+03 
1.925354e-01 2.774457e+03 2.107571e+03 
1.975758e-01 2.651597e+03 2.014337e+03 
2.026162e-01 2.538713e+03 1.926775e+03 
2.076566e-01 2.436584e+03 1.844450e+03 
2.126970e-01 2.343830e+03 1.766968e+03 
2.177374e-01 2.258570e+03 1.693971e+03 
2.227778e-01 2.179036e+03 1.625132e+03 
2.278182e-01 2.103545e+03 1.560152e+03 
2.328586e-01 2.030671e+03 1.498759e+03 
2.378990e-01 1.959577e+03 1.440701e+03 
2.429394e-01 1.890128e+03 1.385751e+03 
2.479798e-01 1.822748e+03 1.333698e+03 
2.530202e-01 1.758105e+03 1.284349e+03 
2.580606e-01 1.696840e+03 1.237526e+03 
2.631010e-01 1.639315e+03 1.193066e+03 
2.681414e-01 1.585474e+03 1.150817e+03 
2.731818e-01 1.534937e+03 1.110641e+03 
2.782222e-01 1.487206e+03 1.072408e+03 
2.832626e-01 1.441760e+03 1.035999e+03 
2.883030e-01 1.398152e+03 1.001305e+03 
2.933434e-01 1.356103e+03 9.682212e+02 
2.983838e-01 1.315420e+03 9.366543e+02 
3.034242e-01 1.276052e+03 9.065156e+02 
3.084646e-01 1.238075e+03 8.777230e+02 
3.135051e-01 1.201608e+03 8.502001e+02 
3.185455e-01 1.166757e+03 8.238759e+02 
3.235859e-01 1.133495e+03 7.986838e+02 
3.286263e-01 1.101742e+03 7.745620e+02 
3.336667e-01 1.071408e+03 7.514527e+02 
3.387071e-01 1.042388e+03 7.293017e+02 
3.437475e-01 1.014531e+03 7.080585e+02 
3.487879e-01 9.876500e+02 6.876758e+02 
3.538283e-01 9.616383e+02 6.681091e+02 
3.588687e-01 9.365220e+02 6.493169e+02 
3.639091e-01 9.122954e+02 6.312601e+02 
3.689495e-01 8.889166e+02 6.139020e+02 
3.739899e-01 8.663470e+02 5.972081e+02 
3.790303e-01 8.445874e+02 5.811462e+02 
3.840707e-01 8.236529e+02 5.656856e+02 
3.891111e-01 8.035144e+02 5.507977e+02 
3.941515e-01 7.840962e+02 5.364554e+02 
3.991919e-01 7.653355e+02 5.226331e+02 
4.042323e-01 7.472140e+02 5.093070e+02 
4.092727e-01 7.297002e+02 4.964541e+02 
4.143131e-01 7.127494e+02 4.840532e+02 
4.193535e-01 6.963241e+02 4.720838e+02 
4.243939e-01 6.804096e+02 4.605268e+02 
4.294343e-01 6.650139e+02 4.493641e+02 
4.344747e-01 6.501264e+02 4.385784e+02 
4.395152e-01 6.357029e+02 4.281536e+02 
4.445556e-01 6.217297e+02 4.180742e+02 
4.495960e-01 6.082035e+02 4.083256e+02 
4.546364e-01 5.951055e+02 3.988939e+02 
4.596768e-01 5.824058e+02 3.897660e+02 
4.647172e-01 5.700814e+02 3.809292e+02 
4.697576e-01 5.581253e+02 3.723719e+02 
4.747980e-01 5.465228e+02 3.640826e+02 
4.798384e-01 5.352619e+02 3.560507e+02 
4.848788e-01 5.243191e+02 3.482658e+02 
4.899192e-01 5.136833e+02 3.407184e+02 
4.949596e-01 5.033584e+02 3.333991e+02 
5.000000e-01 4.933364e+02 3.262992e+02 
