1.000000e-03 3.570761e+03 3.570431e+03 
6.040404e-03 1.632537e+04 1.639779e+04 
1.108081e-02 2.255067e+04 2.245884e+04 
1.612121e-02 2.470468e+04 2.430812e+04 
2.116162e-02 2.432720e+04 2.344595e+04 
2.620202e-02 2.253045e+04 2.132504e+04 
3.124242e-02 2.016055e+04 1.905614e+04 
3.628283e-02 1.780601e+04 1.705105e+04 
4.132323e-02 1.580471e+04 1.534655e+04 
4.636364e-02 1.426844e+04 1.389002e+04 
5.140404e-02 1.320038e+04 1.262944e+04 
5.644444e-02 1.247212e+04 1.152650e+04 
6.148485e-02 1.193664e+04 1.055370e+04 
6.652525e-02 1.144877e+04 9.690618e+03 
7.156566e-02 1.089958e+04 8.921381e+03 
7.660606e-02 1.023317e+04 8.233213e+03 
8.164646e-02 9.456256e+03 7.615565e+03 
8.668687e-02 8.623052e+03 7.059579e+03 
9.172727e-02 7.804873e+03 6.557735e+03 
9.676768e-02 7.066901e+03 6.103591e+03 
1.018081e-01 6.456881e+03 5.691607e+03 
1.068485e-01 5.995974e+03 5.316989e+03 
1.118889e-01 5.673415e+03 4.975581e+03 
1.169293e-01 5.454776e+03 4.663762e+03 
1.219697e-01 5.295773e+03 4.378373e+03 
1.270101e-01 5.153282e+03 4.116648e+03 
1.320505e-01 4.991892e+03 3.876160e+03 
1.370909e-01 4.789539e+03 3.654773e+03 
1.421313e-01 4.541876e+03 3.450604e+03 
1.471717e-01 4.260777e+03 3.261987e+03 
1.522121e-01 3.967138e+03 3.087446e+03 
1.572525e-01 3.683773e+03 2.925673e+03 
1.622929e-01 3.431139e+03 2.775500e+03 
1.673333e-01 3.223501e+03 2.635887e+03 
1.723737e-01 3.064803e+03 2.505904e+03 
1.774141e-01 2.949040e+03 2.384720e+03 
1.824545e-01 2.863756e+03 2.271587e+03 
1.874949e-01 2.795038e+03 2.165834e+03 
1.925354e-01 2.729701e+03 2.066855e+03 
1.975758e-01 2.656346e+03 1.974105e+03 
2.026162e-01 2.567802e+03 1.887091e+03 
2.076566e-01 2.463021e+03 1.805365e+03 
2.126970e-01 2.346616e+03 1.728522e+03 
2.177374e-01 2.226184e+03 1.656195e+03 
2.227778e-01 2.109628e+03 1.588048e+03 
2.278182e-01 2.003650e+03 1.523776e+03 
2.328586e-01 1.912543e+03 1.463101e+03 
2.378990e-01 1.837833e+03 1.405769e+03 
2.429394e-01 1.778236e+03 1.351546e+03 
2.479798e-01 1.730339e+03 1.300218e+03 
2.530202e-01 1.689452e+03 1.251591e+03 
2.580606e-01 1.650606e+03 1.205484e+03 
2.631010e-01 1.609619e+03 1.161732e+03 
2.681414e-01 1.564069e+03 1.120181e+03 
2.731818e-01 1.513600e+03 1.080692e+03 
2.782222e-01 1.459435e+03 1.043135e+03 
2.832626e-01 1.403662e+03 1.007390e+03 
2.883030e-01 1.348776e+03 9.733454e+02 
2.933434e-01 1.297217e+03 9.408988e+02 
2.983838e-01 1.250795e+03 9.099550e+02 
3.034242e-01 1.210305e+03 8.804253e+02 
3.084646e-01 1.175461e+03 8.522276e+02 
3.135051e-01 1.145210e+03 8.252856e+02 
3.185455e-01 1.118091e+03 7.995280e+02 
3.235859e-01 1.092545e+03 7.748886e+02 
3.286263e-01 1.067096e+03 7.513056e+02 
3.336667e-01 1.040735e+03 7.287213e+02 
3.387071e-01 1.013055e+03 7.070819e+02 
3.437475e-01 9.842729e+02 6.863369e+02 
3.487879e-01 9.550011e+02 6.664394e+02 
3.538283e-01 9.260344e+02 6.473451e+02 
3.588687e-01 8.981895e+02 6.290127e+02 
3.639091e-01 8.721215e+02 6.114035e+02 
3.689495e-01 8.481953e+02 5.944811e+02 
3.739899e-01 8.264343e+02 5.782113e+02 
3.790303e-01 8.065954e+02 5.625620e+02 
3.840707e-01 7.882568e+02 5.475030e+02 
3.891111e-01 7.709234e+02 5.330059e+02 
3.941515e-01 7.541026e+02 5.190439e+02 
3.991919e-01 7.373495e+02 5.055918e+02 
4.042323e-01 7.204278e+02 4.926258e+02 
4.092727e-01 7.033167e+02 4.801235e+02 
4.143131e-01 6.861857e+02 4.680637e+02 
4.193535e-01 6.692571e+02 4.564264e+02 
4.243939e-01 6.527535e+02 4.451927e+02 
4.294343e-01 6.368908e+02 4.343447e+02 
4.344747e-01 6.218393e+02 4.238655e+02 
4.395152e-01 6.076895e+02 4.137390e+02 
4.445556e-01 5.944088e+02 4.039501e+02 
4.495960e-01 5.818586e+02 3.944844e+02 
4.546364e-01 5.698576e+02 3.853282e+02 
4.596768e-01 5.582708e+02 3.764685e+02 
4.647172e-01 5.469652e+02 3.678932e+02 
4.697576e-01 5.358168e+02 3.595906e+02 
4.747980e-01 5.247469e+02 3.515494e+02 
4.798384e-01 5.137585e+02 3.437593e+02 
4.848788e-01 5.029349e+02 3.362101e+02 
4.899192e-01 4.923567e+02 3.288924e+02 
4.949596e-01 4.820740e+02 3.217971e+02 
5.000000e-01 4.721374e+02 3.149154e+02 
