1.000000e-03 3.098485e+03 3.098193e+03 
6.040404e-03 1.393574e+04 1.399013e+04 
1.108081e-02 1.916629e+04 1.902859e+04 
1.612121e-02 2.105226e+04 2.058359e+04 
2.116162e-02 2.093876e+04 2.007729e+04 
2.620202e-02 1.973820e+04 1.868953e+04 
3.124242e-02 1.810282e+04 1.714581e+04 
3.628283e-02 1.646195e+04 1.569182e+04 
4.132323e-02 1.504368e+04 1.437193e+04 
4.636364e-02 1.391599e+04 1.318166e+04 
5.140404e-02 1.307553e+04 1.210906e+04 
5.644444e-02 1.239514e+04 1.114229e+04 
6.148485e-02 1.178345e+04 1.027057e+04 
6.652525e-02 1.115819e+04 9.484012e+03 
7.156566e-02 1.047183e+04 8.773652e+03 
7.660606e-02 9.724957e+03 8.131337e+03 
8.164646e-02 8.958324e+03 7.549729e+03 
8.668687e-02 8.225831e+03 7.022259e+03 
9.172727e-02 7.570292e+03 6.543077e+03 
9.676768e-02 7.018155e+03 6.106991e+03 
1.018081e-01 6.579728e+03 5.709405e+03 
1.068485e-01 6.244010e+03 5.346258e+03 
1.118889e-01 5.979811e+03 5.013960e+03 
1.169293e-01 5.748454e+03 4.709338e+03 
1.219697e-01 5.518456e+03 4.429591e+03 
1.270101e-01 5.271761e+03 4.172238e+03 
1.320505e-01 5.002735e+03 3.935081e+03 
1.370909e-01 4.717208e+03 3.716171e+03 
1.421313e-01 4.429426e+03 3.513779e+03 
1.471717e-01 4.155793e+03 3.326362e+03 
1.522121e-01 3.909275e+03 3.152548e+03 
1.572525e-01 3.697772e+03 2.991112e+03 
1.622929e-01 3.523421e+03 2.840957e+03 
1.673333e-01 3.381734e+03 2.701102e+03 
1.723737e-01 3.262722e+03 2.570664e+03 
1.774141e-01 3.154606e+03 2.448852e+03 
1.824545e-01 3.048050e+03 2.334953e+03 
1.874949e-01 2.937395e+03 2.228322e+03 
1.925354e-01 2.820318e+03 2.128378e+03 
1.975758e-01 2.697877e+03 2.034595e+03 
2.026162e-01 2.574247e+03 1.946495e+03 
2.076566e-01 2.454883e+03 1.863647e+03 
2.126970e-01 2.344461e+03 1.785655e+03 
2.177374e-01 2.245646e+03 1.712162e+03 
2.227778e-01 2.159018e+03 1.642840e+03 
2.278182e-01 2.083518e+03 1.577392e+03 
2.328586e-01 2.016584e+03 1.515543e+03 
2.378990e-01 1.955030e+03 1.457044e+03 
2.429394e-01 1.895966e+03 1.401666e+03 
2.479798e-01 1.837289e+03 1.349198e+03 
2.530202e-01 1.777659e+03 1.299447e+03 
2.580606e-01 1.716865e+03 1.252235e+03 
2.631010e-01 1.655929e+03 1.207397e+03 
2.681414e-01 1.596552e+03 1.164783e+03 
2.731818e-01 1.540241e+03 1.124253e+03 
2.782222e-01 1.487804e+03 1.085678e+03 
2.832626e-01 1.439492e+03 1.048938e+03 
2.883030e-01 1.395267e+03 1.013922e+03 
2.933434e-01 1.354713e+03 9.805281e+02 
2.983838e-01 1.316923e+03 9.486603e+02 
3.034242e-01 1.280828e+03 9.182302e+02 
3.084646e-01 1.245596e+03 8.891555e+02 
3.135051e-01 1.210849e+03 8.613595e+02 
3.185455e-01 1.176494e+03 8.347706e+02 
3.235859e-01 1.142586e+03 8.093221e+02 
3.286263e-01 1.109363e+03 7.849520e+02 
3.336667e-01 1.077220e+03 7.616020e+02 
3.387071e-01 1.046561e+03 7.392178e+02 
3.437475e-01 1.017610e+03 7.177486e+02 
3.487879e-01 9.903373e+02 6.971467e+02 
3.538283e-01 9.645793e+02 6.773675e+02 
3.588687e-01 9.401246e+02 6.583692e+02 
3.639091e-01 9.167408e+02 6.401125e+02 
3.689495e-01 8.941708e+02 6.225605e+02 
3.739899e-01 8.721911e+02 6.056785e+02 
3.790303e-01 8.506929e+02 5.894340e+02 
3.840707e-01 8.296760e+02 5.737961e+02 
3.891111e-01 8.091825e+02 5.587361e+02 
3.941515e-01 7.892677e+02 5.442267e+02 
3.991919e-01 7.700047e+02 5.302423e+02 
4.042323e-01 7.514679e+02 5.167585e+02 
4.092727e-01 7.337162e+02 5.037525e+02 
4.143131e-01 7.167211e+02 4.912026e+02 
4.193535e-01 7.003925e+02 4.790886e+02 
4.243939e-01 6.846475e+02 4.673910e+02 
4.294343e-01 6.694313e+02 4.560915e+02 
4.344747e-01 6.546894e+02 4.451729e+02 
4.395152e-01 6.403572e+02 4.346187e+02 
4.445556e-01 6.263837e+02 4.244135e+02 
4.495960e-01 6.127480e+02 4.145424e+02 
4.546364e-01 5.995053e+02 4.049915e+02 
4.596768e-01 5.866576e+02 3.957475e+02 
4.647172e-01 5.741953e+02 3.867978e+02 
4.697576e-01 5.621131e+02 3.781305e+02 
4.747980e-01 5.504182e+02 3.697341e+02 
4.798384e-01 5.391178e+02 3.615978e+02 
4.848788e-01 5.281874e+02 3.537112e+02 
4.899192e-01 5.175763e+02 3.460647e+02 
4.949596e-01 5.072524e+02 3.386489e+02 
5.000000e-01 4.972174e+02 3.314547e+02 
