1.000000e-03 3.486472e+03 3.486139e+03 
6.040404e-03 1.535145e+04 1.540855e+04 
1.108081e-02 2.081183e+04 2.065726e+04 
1.612121e-02 2.256957e+04 2.205390e+04 
2.116162e-02 2.217672e+04 2.124409e+04 
2.620202e-02 2.066784e+04 1.957122e+04 
3.124242e-02 1.876808e+04 1.780994e+04 
3.628283e-02 1.693744e+04 1.619375e+04 
4.132323e-02 1.540592e+04 1.475026e+04 
4.636364e-02 1.422291e+04 1.346397e+04 
5.140404e-02 1.334154e+04 1.231587e+04 
5.644444e-02 1.263811e+04 1.128933e+04 
6.148485e-02 1.199073e+04 1.037010e+04 
6.652525e-02 1.131218e+04 9.545688e+03 
7.156566e-02 1.056274e+04 8.805131e+03 
7.660606e-02 9.753914e+03 8.138726e+03 
8.164646e-02 8.936707e+03 7.537920e+03 
8.668687e-02 8.170618e+03 6.995189e+03 
9.172727e-02 7.500935e+03 6.503920e+03 
9.676768e-02 6.953837e+03 6.058319e+03 
1.018081e-01 6.532398e+03 5.653303e+03 
1.068485e-01 6.214158e+03 5.284420e+03 
1.118889e-01 5.958977e+03 4.947767e+03 
1.169293e-01 5.725850e+03 4.639917e+03 
1.219697e-01 5.484842e+03 4.357859e+03 
1.270101e-01 5.219894e+03 4.098944e+03 
1.320505e-01 4.929792e+03 3.860837e+03 
1.370909e-01 4.626704e+03 3.641475e+03 
1.421313e-01 4.329221e+03 3.439034e+03 
1.471717e-01 4.054261e+03 3.251897e+03 
1.522121e-01 3.813193e+03 3.078628e+03 
1.572525e-01 3.612602e+03 2.917949e+03 
1.622929e-01 3.451731e+03 2.768720e+03 
1.673333e-01 3.321541e+03 2.629923e+03 
1.723737e-01 3.208379e+03 2.500648e+03 
1.774141e-01 3.100360e+03 2.380077e+03 
1.824545e-01 2.989846e+03 2.267477e+03 
1.874949e-01 2.872691e+03 2.162188e+03 
1.925354e-01 2.748212e+03 2.063613e+03 
1.975758e-01 2.619754e+03 1.971215e+03 
2.026162e-01 2.493458e+03 1.884508e+03 
2.076566e-01 2.375419e+03 1.803050e+03 
2.126970e-01 2.269412e+03 1.726442e+03 
2.177374e-01 2.176559e+03 1.654319e+03 
2.227778e-01 2.096172e+03 1.586352e+03 
2.278182e-01 2.025967e+03 1.522237e+03 
2.328586e-01 1.962623e+03 1.461699e+03 
2.378990e-01 1.902643e+03 1.404487e+03 
2.429394e-01 1.843205e+03 1.350368e+03 
2.479798e-01 1.782592e+03 1.299133e+03 
2.530202e-01 1.720483e+03 1.250585e+03 
2.580606e-01 1.657930e+03 1.204548e+03 
2.631010e-01 1.596662e+03 1.160857e+03 
2.681414e-01 1.538272e+03 1.119359e+03 
2.731818e-01 1.483868e+03 1.079917e+03 
2.782222e-01 1.434013e+03 1.042400e+03 
2.832626e-01 1.388680e+03 1.006689e+03 
2.883030e-01 1.347273e+03 9.726743e+02 
2.933434e-01 1.308808e+03 9.402536e+02 
2.983838e-01 1.272184e+03 9.093320e+02 
3.034242e-01 1.236556e+03 8.798214e+02 
3.084646e-01 1.201365e+03 8.516399e+02 
3.135051e-01 1.166411e+03 8.247117e+02 
3.185455e-01 1.131817e+03 7.989657e+02 
3.235859e-01 1.097969e+03 7.743361e+02 
3.286263e-01 1.065323e+03 7.507612e+02 
3.336667e-01 1.034227e+03 7.281836e+02 
3.387071e-01 1.004881e+03 7.065496e+02 
3.437475e-01 9.773278e+02 6.858090e+02 
3.487879e-01 9.514279e+02 6.659149e+02 
3.538283e-01 9.268840e+02 6.468232e+02 
3.588687e-01 9.033703e+02 6.284927e+02 
3.639091e-01 8.806223e+02 6.108848e+02 
3.689495e-01 8.584801e+02 5.939632e+02 
3.739899e-01 8.368465e+02 5.776937e+02 
3.790303e-01 8.156733e+02 5.620444e+02 
3.840707e-01 7.949944e+02 5.469851e+02 
3.891111e-01 7.749254e+02 5.324874e+02 
3.941515e-01 7.556023e+02 5.185247e+02 
3.991919e-01 7.370843e+02 5.050717e+02 
4.042323e-01 7.193443e+02 4.921047e+02 
4.092727e-01 7.023423e+02 4.796013e+02 
4.143131e-01 6.860417e+02 4.675403e+02 
4.193535e-01 6.703643e+02 4.559018e+02 
4.243939e-01 6.552010e+02 4.446669e+02 
4.294343e-01 6.404667e+02 4.338177e+02 
4.344747e-01 6.261159e+02 4.233373e+02 
4.395152e-01 6.121487e+02 4.132096e+02 
4.445556e-01 5.985723e+02 4.034196e+02 
4.495960e-01 5.853721e+02 3.939528e+02 
4.546364e-01 5.725416e+02 3.847956e+02 
4.596768e-01 5.601275e+02 3.759350e+02 
4.647172e-01 5.481491e+02 3.673588e+02 
4.697576e-01 5.365712e+02 3.590554e+02 
4.747980e-01 5.253599e+02 3.510136e+02 
4.798384e-01 5.145038e+02 3.432228e+02 
4.848788e-01 5.039849e+02 3.356732e+02 
4.899192e-01 4.937691e+02 3.283550e+02 
4.949596e-01 4.838251e+02 3.212593e+02 
5.000000e-01 4.741301e+02 3.143774e+02 
