1.000000e-03 4.219730e+03 4.219338e+03 
6.040404e-03 1.884721e+04 1.893189e+04 
1.108081e-02 2.577484e+04 2.569433e+04 
1.612121e-02 2.797524e+04 2.758205e+04 
2.116162e-02 2.725313e+04 2.630013e+04 
2.620202e-02 2.491555e+04 2.355604e+04 
3.124242e-02 2.196098e+04 2.071417e+04 
3.628283e-02 1.908266e+04 1.827760e+04 
4.132323e-02 1.667223e+04 1.626698e+04 
4.636364e-02 1.484996e+04 1.459254e+04 
5.140404e-02 1.361975e+04 1.317308e+04 
5.644444e-02 1.281818e+04 1.195121e+04 
6.148485e-02 1.227203e+04 1.088732e+04 
6.652525e-02 1.180600e+04 9.953161e+03 
7.156566e-02 1.128130e+04 9.127652e+03 
7.660606e-02 1.061915e+04 8.394424e+03 
8.164646e-02 9.813388e+03 7.740373e+03 
8.668687e-02 8.918400e+03 7.154771e+03 
9.172727e-02 8.016149e+03 6.628696e+03 
9.676768e-02 7.187680e+03 6.154645e+03 
1.018081e-01 6.495976e+03 5.726249e+03 
1.068485e-01 5.972232e+03 5.338070e+03 
1.118889e-01 5.611452e+03 4.985437e+03 
1.169293e-01 5.380405e+03 4.664321e+03 
1.219697e-01 5.231940e+03 4.371231e+03 
1.270101e-01 5.116474e+03 4.103133e+03 
1.320505e-01 4.988938e+03 3.857379e+03 
1.370909e-01 4.817148e+03 3.631655e+03 
1.421313e-01 4.588612e+03 3.423927e+03 
1.471717e-01 4.311066e+03 3.232407e+03 
1.522121e-01 4.005392e+03 3.055516e+03 
1.572525e-01 3.698172e+03 2.891859e+03 
1.622929e-01 3.416166e+03 2.740196e+03 
1.673333e-01 3.179935e+03 2.599429e+03 
1.723737e-01 2.998699e+03 2.468575e+03 
1.774141e-01 2.869505e+03 2.346759e+03 
1.824545e-01 2.781252e+03 2.233198e+03 
1.874949e-01 2.719333e+03 2.127188e+03 
1.925354e-01 2.668029e+03 2.028098e+03 
1.975758e-01 2.612183e+03 1.935361e+03 
2.026162e-01 2.540235e+03 1.848462e+03 
2.076566e-01 2.447451e+03 1.766939e+03 
2.126970e-01 2.336252e+03 1.690373e+03 
2.177374e-01 2.213987e+03 1.618383e+03 
2.227778e-01 2.089903e+03 1.550625e+03 
2.278182e-01 1.972916e+03 1.486783e+03 
2.328586e-01 1.870160e+03 1.426573e+03 
2.378990e-01 1.785614e+03 1.369732e+03 
2.429394e-01 1.719768e+03 1.316022e+03 
2.479798e-01 1.670078e+03 1.265226e+03 
2.530202e-01 1.631757e+03 1.217142e+03 
2.580606e-01 1.598914e+03 1.171588e+03 
2.631010e-01 1.565858e+03 1.128395e+03 
2.681414e-01 1.528400e+03 1.087407e+03 
2.731818e-01 1.484507e+03 1.048483e+03 
2.782222e-01 1.434256e+03 1.011489e+03 
2.832626e-01 1.379351e+03 9.763051e+02 
2.883030e-01 1.322630e+03 9.428185e+02 
2.933434e-01 1.267373e+03 9.109251e+02 
2.983838e-01 1.216458e+03 8.805287e+02 
3.034242e-01 1.171779e+03 8.515400e+02 
3.084646e-01 1.133962e+03 8.238761e+02 
3.135051e-01 1.102501e+03 7.974602e+02 
3.185455e-01 1.076066e+03 7.722205e+02 
3.235859e-01 1.052812e+03 7.480904e+02 
3.286263e-01 1.030704e+03 7.250079e+02 
3.336667e-01 1.008040e+03 7.029152e+02 
3.387071e-01 9.837305e+02 6.817581e+02 
3.437475e-01 9.574113e+02 6.614862e+02 
3.487879e-01 9.293871e+02 6.420524e+02 
3.538283e-01 9.004661e+02 6.234126e+02 
3.588687e-01 8.717200e+02 6.055253e+02 
3.639091e-01 8.442060e+02 5.883519e+02 
3.689495e-01 8.187427e+02 5.718560e+02 
3.739899e-01 7.957359e+02 5.560037e+02 
3.790303e-01 7.752394e+02 5.407628e+02 
3.840707e-01 7.569998e+02 5.261034e+02 
3.891111e-01 7.404924e+02 5.119970e+02 
3.941515e-01 7.250227e+02 4.984171e+02 
3.991919e-01 7.098966e+02 4.853386e+02 
4.042323e-01 6.946082e+02 4.727380e+02 
4.092727e-01 6.789024e+02 4.605928e+02 
4.143131e-01 6.627600e+02 4.488821e+02 
4.193535e-01 6.463329e+02 4.375861e+02 
4.243939e-01 6.298827e+02 4.266860e+02 
4.294343e-01 6.137510e+02 4.161640e+02 
4.344747e-01 5.982976e+02 4.060035e+02 
4.395152e-01 5.837698e+02 3.961885e+02 
4.445556e-01 5.702669e+02 3.867041e+02 
4.495960e-01 5.577344e+02 3.775360e+02 
4.546364e-01 5.460478e+02 3.686708e+02 
4.596768e-01 5.350304e+02 3.600956e+02 
4.647172e-01 5.244582e+02 3.517983e+02 
4.697576e-01 5.141051e+02 3.437675e+02 
4.747980e-01 5.037945e+02 3.359922e+02 
4.798384e-01 4.934534e+02 3.284619e+02 
4.848788e-01 4.831075e+02 3.211669e+02 
4.899192e-01 4.728173e+02 3.140976e+02 
4.949596e-01 4.626625e+02 3.072453e+02 
5.000000e-01 4.527557e+02 3.006013e+02 
