1.000000e-03 6.089983e+03 6.089388e+03 
6.040404e-03 2.655522e+04 2.667799e+04 
1.108081e-02 3.571548e+04 3.566933e+04 
1.612121e-02 3.805760e+04 3.767324e+04 
2.116162e-02 3.622423e+04 3.503225e+04 
2.620202e-02 3.215010e+04 3.025638e+04 
3.124242e-02 2.732948e+04 2.555291e+04 
3.628283e-02 2.279273e+04 2.174364e+04 
4.132323e-02 1.909895e+04 1.879081e+04 
4.636364e-02 1.639746e+04 1.647009e+04 
5.140404e-02 1.466078e+04 1.459604e+04 
5.644444e-02 1.364138e+04 1.304464e+04 
6.148485e-02 1.307590e+04 1.173530e+04 
6.652525e-02 1.269817e+04 1.061415e+04 
7.156566e-02 1.229368e+04 9.643630e+03 
7.660606e-02 1.170827e+04 8.796338e+03 
8.164646e-02 1.088077e+04 8.051563e+03 
8.668687e-02 9.853155e+03 7.393163e+03 
9.172727e-02 8.735222e+03 6.808266e+03 
9.676768e-02 7.655636e+03 6.286422e+03 
1.018081e-01 6.721989e+03 5.819030e+03 
1.068485e-01 5.998319e+03 5.398929e+03 
1.118889e-01 5.499772e+03 5.020107e+03 
1.169293e-01 5.202344e+03 4.677476e+03 
1.219697e-01 5.057000e+03 4.366704e+03 
1.270101e-01 5.000428e+03 4.084079e+03 
1.320505e-01 4.965261e+03 3.826410e+03 
1.370909e-01 4.893286e+03 3.590936e+03 
1.421313e-01 4.747014e+03 3.375263e+03 
1.471717e-01 4.513934e+03 3.177303e+03 
1.522121e-01 4.205072e+03 2.995233e+03 
1.572525e-01 3.851112e+03 2.827452e+03 
1.622929e-01 3.494218e+03 2.672553e+03 
1.673333e-01 3.174133e+03 2.529294e+03 
1.723737e-01 2.916055e+03 2.396574e+03 
1.774141e-01 2.728262e+03 2.273420e+03 
1.824545e-01 2.606885e+03 2.158963e+03 
1.874949e-01 2.540651e+03 2.052431e+03 
1.925354e-01 2.511753e+03 1.953132e+03 
1.975758e-01 2.497478e+03 1.860447e+03 
2.026162e-01 2.475257e+03 1.773820e+03 
2.076566e-01 2.428938e+03 1.692753e+03 
2.126970e-01 2.351496e+03 1.616794e+03 
2.177374e-01 2.244116e+03 1.545536e+03 
2.227778e-01 2.114517e+03 1.478614e+03 
2.278182e-01 1.975272e+03 1.415692e+03 
2.328586e-01 1.840555e+03 1.356468e+03 
2.378990e-01 1.722133e+03 1.300668e+03 
2.429394e-01 1.626965e+03 1.248041e+03 
2.479798e-01 1.557077e+03 1.198358e+03 
2.530202e-01 1.510487e+03 1.151411e+03 
2.580606e-01 1.481915e+03 1.107008e+03 
2.631010e-01 1.463755e+03 1.064976e+03 
2.681414e-01 1.447718e+03 1.025153e+03 
2.731818e-01 1.426779e+03 9.873924e+02 
2.782222e-01 1.396383e+03 9.515584e+02 
2.832626e-01 1.354823e+03 9.175262e+02 
2.883030e-01 1.303012e+03 8.851810e+02 
2.933434e-01 1.244201e+03 8.544163e+02 
2.983838e-01 1.183201e+03 8.251342e+02 
3.034242e-01 1.125026e+03 7.972438e+02 
3.084646e-01 1.073564e+03 7.706610e+02 
3.135051e-01 1.030958e+03 7.453079e+02 
3.185455e-01 9.976683e+02 7.211122e+02 
3.235859e-01 9.727954e+02 6.980066e+02 
3.286263e-01 9.543233e+02 6.759286e+02 
3.336667e-01 9.394420e+02 6.548201e+02 
3.387071e-01 9.251317e+02 6.346269e+02 
3.437475e-01 9.088870e+02 6.152985e+02 
3.487879e-01 8.892394e+02 5.967876e+02 
3.538283e-01 8.657581e+02 5.790503e+02 
3.588687e-01 8.389215e+02 5.620454e+02 
3.639091e-01 8.099090e+02 5.457343e+02 
3.689495e-01 7.803720e+02 5.300809e+02 
3.739899e-01 7.520598e+02 5.150515e+02 
3.790303e-01 7.263686e+02 5.006144e+02 
3.840707e-01 7.040810e+02 4.867397e+02 
3.891111e-01 6.853607e+02 4.733996e+02 
3.941515e-01 6.698811e+02 4.605678e+02 
3.991919e-01 6.568808e+02 4.482195e+02 
4.042323e-01 6.453186e+02 4.363316e+02 
4.092727e-01 6.341041e+02 4.248820e+02 
4.143131e-01 6.223719e+02 4.138503e+02 
4.193535e-01 6.095965e+02 4.032169e+02 
4.243939e-01 5.955830e+02 3.929636e+02 
4.294343e-01 5.804565e+02 3.830728e+02 
4.344747e-01 5.646350e+02 3.735283e+02 
4.395152e-01 5.487255e+02 3.643146e+02 
4.445556e-01 5.333712e+02 3.554171e+02 
4.495960e-01 5.190430e+02 3.468219e+02 
4.546364e-01 5.060200e+02 3.385158e+02 
4.596768e-01 4.944057e+02 3.304865e+02 
4.647172e-01 4.841191e+02 3.227222e+02 
4.697576e-01 4.748965e+02 3.152116e+02 
4.747980e-01 4.663430e+02 3.079443e+02 
4.798384e-01 4.580430e+02 3.009101e+02 
4.848788e-01 4.496931e+02 2.940995e+02 
4.899192e-01 4.410983e+02 2.875034e+02 
4.949596e-01 4.321616e+02 2.811131e+02 
5.000000e-01 4.229078e+02 2.749205e+02 
