1.000000e-03 5.823018e+03 5.822467e+03 
6.040404e-03 2.586469e+04 2.598932e+04 
1.108081e-02 3.513723e+04 3.511788e+04 
1.612121e-02 3.772343e+04 3.741582e+04 
2.116162e-02 3.611435e+04 3.502867e+04 
2.620202e-02 3.217852e+04 3.031573e+04 
3.124242e-02 2.739059e+04 2.553473e+04 
3.628283e-02 2.279854e+04 2.163093e+04 
4.132323e-02 1.899725e+04 1.861686e+04 
4.636364e-02 1.617270e+04 1.626789e+04 
5.140404e-02 1.432220e+04 1.438700e+04 
5.644444e-02 1.322519e+04 1.284063e+04 
6.148485e-02 1.263234e+04 1.154219e+04 
6.652525e-02 1.228578e+04 1.043443e+04 
7.156566e-02 1.196225e+04 9.477909e+03 
7.660606e-02 1.149158e+04 8.644293e+03 
8.164646e-02 1.078657e+04 7.912401e+03 
8.668687e-02 9.858325e+03 7.265894e+03 
9.172727e-02 8.794783e+03 6.691853e+03 
9.676768e-02 7.718790e+03 6.179852e+03 
1.018081e-01 6.746681e+03 5.721353e+03 
1.068485e-01 5.959390e+03 5.309275e+03 
1.118889e-01 5.390026e+03 4.937686e+03 
1.169293e-01 5.029300e+03 4.601578e+03 
1.219697e-01 4.839804e+03 4.296694e+03 
1.270101e-01 4.767371e+03 4.019392e+03 
1.320505e-01 4.748940e+03 3.766540e+03 
1.370909e-01 4.722428e+03 3.535434e+03 
1.421313e-01 4.639113e+03 3.323728e+03 
1.471717e-01 4.472672e+03 3.129377e+03 
1.522121e-01 4.220616e+03 2.950596e+03 
1.572525e-01 3.902123e+03 2.785818e+03 
1.622929e-01 3.553138e+03 2.633665e+03 
1.673333e-01 3.215603e+03 2.492920e+03 
1.723737e-01 2.923949e+03 2.362509e+03 
1.774141e-01 2.696677e+03 2.241476e+03 
1.824545e-01 2.537751e+03 2.128972e+03 
1.874949e-01 2.441542e+03 2.024240e+03 
1.925354e-01 2.395516e+03 1.926602e+03 
1.975758e-01 2.380907e+03 1.835454e+03 
2.026162e-01 2.375190e+03 1.750251e+03 
2.076566e-01 2.357517e+03 1.670503e+03 
2.126970e-01 2.313715e+03 1.595769e+03 
2.177374e-01 2.238049e+03 1.525651e+03 
2.227778e-01 2.132527e+03 1.459788e+03 
2.278182e-01 2.005615e+03 1.397854e+03 
2.328586e-01 1.870179e+03 1.339552e+03 
2.378990e-01 1.740069e+03 1.284613e+03 
2.429394e-01 1.626518e+03 1.232790e+03 
2.479798e-01 1.536174e+03 1.183861e+03 
2.530202e-01 1.470931e+03 1.137619e+03 
2.580606e-01 1.428721e+03 1.093879e+03 
2.631010e-01 1.404350e+03 1.052468e+03 
2.681414e-01 1.390444e+03 1.013229e+03 
2.731818e-01 1.378982e+03 9.760175e+02 
2.782222e-01 1.362922e+03 9.407005e+02 
2.832626e-01 1.337402e+03 9.071555e+02 
2.883030e-01 1.300273e+03 8.752695e+02 
2.933434e-01 1.252189e+03 8.449384e+02 
2.983838e-01 1.196202e+03 8.160656e+02 
3.034242e-01 1.136975e+03 7.885621e+02 
3.084646e-01 1.079561e+03 7.623453e+02 
3.135051e-01 1.028099e+03 7.373386e+02 
3.185455e-01 9.851862e+02 7.134709e+02 
3.235859e-01 9.516986e+02 6.906763e+02 
3.286263e-01 9.270501e+02 6.688933e+02 
3.336667e-01 9.094762e+02 6.480647e+02 
3.387071e-01 8.963696e+02 6.281374e+02 
3.437475e-01 8.846978e+02 6.090616e+02 
3.487879e-01 8.717263e+02 5.907910e+02 
3.538283e-01 8.555340e+02 5.732822e+02 
3.588687e-01 8.352992e+02 5.564948e+02 
3.639091e-01 8.111577e+02 5.403909e+02 
3.689495e-01 7.840534e+02 5.249351e+02 
3.739899e-01 7.555142e+02 5.100940e+02 
3.790303e-01 7.273289e+02 4.958365e+02 
3.840707e-01 7.011560e+02 4.821333e+02 
3.891111e-01 6.781342e+02 4.689569e+02 
3.941515e-01 6.587543e+02 4.562815e+02 
3.991919e-01 6.429148e+02 4.440828e+02 
4.042323e-01 6.300496e+02 4.323379e+02 
4.092727e-01 6.192549e+02 4.210252e+02 
4.143131e-01 6.094257e+02 4.101245e+02 
4.193535e-01 5.995019e+02 3.996165e+02 
4.243939e-01 5.887024e+02 3.894833e+02 
4.294343e-01 5.765973e+02 3.797077e+02 
4.344747e-01 5.631098e+02 3.702736e+02 
4.395152e-01 5.484949e+02 3.611658e+02 
4.445556e-01 5.332495e+02 3.523699e+02 
4.495960e-01 5.180379e+02 3.438722e+02 
4.546364e-01 5.034891e+02 3.356598e+02 
4.596768e-01 4.900850e+02 3.277205e+02 
4.647172e-01 4.780682e+02 3.200426e+02 
4.697576e-01 4.675057e+02 3.126152e+02 
4.747980e-01 4.582593e+02 3.054278e+02 
4.798384e-01 4.500362e+02 2.984705e+02 
4.848788e-01 4.424109e+02 2.917339e+02 
4.899192e-01 4.349774e+02 2.852090e+02 
4.949596e-01 4.274044e+02 2.788873e+02 
5.000000e-01 4.194937e+02 2.727607e+02 
