1.000000e-03 3.555595e+03 3.555259e+03 
6.040404e-03 1.572615e+04 1.579060e+04 
1.108081e-02 2.146601e+04 2.134152e+04 
1.612121e-02 2.338849e+04 2.293012e+04 
2.116162e-02 2.302120e+04 2.211449e+04 
2.620202e-02 2.141439e+04 2.026901e+04 
3.124242e-02 1.933335e+04 1.830976e+04 
3.628283e-02 1.728934e+04 1.654331e+04 
4.132323e-02 1.556019e+04 1.499990e+04 
4.636364e-02 1.422636e+04 1.364880e+04 
5.140404e-02 1.326835e+04 1.245792e+04 
5.644444e-02 1.256221e+04 1.140220e+04 
6.148485e-02 1.197681e+04 1.046227e+04 
6.652525e-02 1.139431e+04 9.622663e+03 
7.156566e-02 1.074032e+04 8.870566e+03 
7.660606e-02 9.993228e+03 8.195147e+03 
8.164646e-02 9.185428e+03 7.587127e+03 
8.668687e-02 8.377634e+03 7.038502e+03 
9.172727e-02 7.630107e+03 6.542336e+03 
9.676768e-02 6.988155e+03 6.092607e+03 
1.018081e-01 6.477895e+03 5.684069e+03 
1.068485e-01 6.098823e+03 5.312152e+03 
1.118889e-01 5.824188e+03 4.972862e+03 
1.169293e-01 5.612524e+03 4.662704e+03 
1.219697e-01 5.422582e+03 4.378613e+03 
1.270101e-01 5.222262e+03 4.117897e+03 
1.320505e-01 4.992248e+03 3.878187e+03 
1.370909e-01 4.728360e+03 3.657393e+03 
1.421313e-01 4.440923e+03 3.453668e+03 
1.471717e-01 4.148882e+03 3.265374e+03 
1.522121e-01 3.871764e+03 3.091061e+03 
1.572525e-01 3.625461e+03 2.929436e+03 
1.622929e-01 3.420392e+03 2.779349e+03 
1.673333e-01 3.258961e+03 2.639771e+03 
1.723737e-01 3.134501e+03 2.509784e+03 
1.774141e-01 3.034664e+03 2.388563e+03 
1.824545e-01 2.946258e+03 2.275367e+03 
1.874949e-01 2.858330e+03 2.169531e+03 
1.925354e-01 2.763103e+03 2.070454e+03 
1.975758e-01 2.656629e+03 1.977595e+03 
2.026162e-01 2.539811e+03 1.890462e+03 
2.076566e-01 2.417956e+03 1.808611e+03 
2.126970e-01 2.298149e+03 1.731640e+03 
2.177374e-01 2.186494e+03 1.659182e+03 
2.227778e-01 2.087218e+03 1.590903e+03 
2.278182e-01 2.002141e+03 1.526499e+03 
2.328586e-01 1.930721e+03 1.465693e+03 
2.378990e-01 1.870408e+03 1.408231e+03 
2.429394e-01 1.817511e+03 1.353881e+03 
2.479798e-01 1.768049e+03 1.302430e+03 
2.530202e-01 1.718487e+03 1.253681e+03 
2.580606e-01 1.666432e+03 1.207456e+03 
2.631010e-01 1.611209e+03 1.163589e+03 
2.681414e-01 1.553829e+03 1.121927e+03 
2.731818e-01 1.496172e+03 1.082331e+03 
2.782222e-01 1.440199e+03 1.044670e+03 
2.832626e-01 1.387533e+03 1.008825e+03 
2.883030e-01 1.339382e+03 9.746837e+02 
2.933434e-01 1.296317e+03 9.421444e+02 
2.983838e-01 1.258057e+03 9.111115e+02 
3.034242e-01 1.223591e+03 8.814962e+02 
3.084646e-01 1.191622e+03 8.532165e+02 
3.135051e-01 1.160963e+03 8.261957e+02 
3.185455e-01 1.130676e+03 8.003627e+02 
3.235859e-01 1.100125e+03 7.756510e+02 
3.286263e-01 1.069101e+03 7.519988e+02 
3.336667e-01 1.037860e+03 7.293483e+02 
3.387071e-01 1.006980e+03 7.076456e+02 
3.437475e-01 9.770852e+02 6.868401e+02 
3.487879e-01 9.486629e+02 6.668847e+02 
3.538283e-01 9.220256e+02 6.477351e+02 
3.588687e-01 8.972890e+02 6.293499e+02 
3.639091e-01 8.743251e+02 6.116903e+02 
3.689495e-01 8.528231e+02 5.947197e+02 
3.739899e-01 8.323921e+02 5.784039e+02 
3.790303e-01 8.126680e+02 5.627108e+02 
3.840707e-01 7.933731e+02 5.476099e+02 
3.891111e-01 7.743256e+02 5.330729e+02 
3.941515e-01 7.554452e+02 5.190729e+02 
3.991919e-01 7.367658e+02 5.055846e+02 
4.042323e-01 7.184509e+02 4.925840e+02 
4.092727e-01 7.007101e+02 4.800488e+02 
4.143131e-01 6.836757e+02 4.679577e+02 
4.193535e-01 6.674006e+02 4.562906e+02 
4.243939e-01 6.518843e+02 4.450285e+02 
4.294343e-01 6.371203e+02 4.341534e+02 
4.344747e-01 6.230470e+02 4.236484e+02 
4.395152e-01 6.095218e+02 4.134975e+02 
4.445556e-01 5.964000e+02 4.036853e+02 
4.495960e-01 5.835987e+02 3.941974e+02 
4.546364e-01 5.710773e+02 3.850202e+02 
4.596768e-01 5.588167e+02 3.761406e+02 
4.647172e-01 5.468119e+02 3.675464e+02 
4.697576e-01 5.350588e+02 3.592257e+02 
4.747980e-01 5.236213e+02 3.511675e+02 
4.798384e-01 5.125611e+02 3.433611e+02 
4.848788e-01 5.018945e+02 3.357966e+02 
4.899192e-01 4.915989e+02 3.284644e+02 
4.949596e-01 4.816602e+02 3.213552e+02 
5.000000e-01 4.720611e+02 3.144605e+02 
