1.000000e-03 5.715242e+03 5.714717e+03 
6.040404e-03 2.566275e+04 2.578874e+04 
1.108081e-02 3.521369e+04 3.521454e+04 
1.612121e-02 3.813101e+04 3.788043e+04 
2.116162e-02 3.677735e+04 3.576019e+04 
2.620202e-02 3.297221e+04 3.109082e+04 
3.124242e-02 2.818805e+04 2.619209e+04 
3.628283e-02 2.350146e+04 2.214230e+04 
4.132323e-02 1.954942e+04 1.901411e+04 
4.636364e-02 1.656225e+04 1.658738e+04 
5.140404e-02 1.455923e+04 1.465485e+04 
5.644444e-02 1.334472e+04 1.307335e+04 
6.148485e-02 1.268130e+04 1.174988e+04 
6.652525e-02 1.232194e+04 1.062329e+04 
7.156566e-02 1.203066e+04 9.651875e+03 
7.660606e-02 1.162383e+04 8.805929e+03 
8.164646e-02 1.099545e+04 8.063470e+03 
8.668687e-02 1.013504e+04 7.407671e+03 
9.172727e-02 9.109548e+03 6.825301e+03 
9.676768e-02 8.030531e+03 6.305738e+03 
1.018081e-01 7.017397e+03 5.840308e+03 
1.068485e-01 6.165461e+03 5.421837e+03 
1.118889e-01 5.524320e+03 5.044325e+03 
1.169293e-01 5.097125e+03 4.702711e+03 
1.219697e-01 4.854614e+03 4.392696e+03 
1.270101e-01 4.749657e+03 4.110604e+03 
1.320505e-01 4.724904e+03 3.853274e+03 
1.370909e-01 4.718657e+03 3.617976e+03 
1.421313e-01 4.675079e+03 3.402341e+03 
1.471717e-01 4.556097e+03 3.204305e+03 
1.522121e-01 4.348155e+03 3.022065e+03 
1.572525e-01 4.061186e+03 2.854036e+03 
1.622929e-01 3.723910e+03 2.698826e+03 
1.673333e-01 3.376098e+03 2.555205e+03 
1.723737e-01 3.056671e+03 2.422085e+03 
1.774141e-01 2.792805e+03 2.298499e+03 
1.824545e-01 2.596520e+03 2.183587e+03 
1.874949e-01 2.467641e+03 2.076581e+03 
1.925354e-01 2.397359e+03 1.976797e+03 
1.975758e-01 2.370263e+03 1.883620e+03 
2.026162e-01 2.366089e+03 1.796497e+03 
2.076566e-01 2.362943e+03 1.714932e+03 
2.126970e-01 2.342053e+03 1.638477e+03 
2.177374e-01 2.291464e+03 1.566727e+03 
2.227778e-01 2.207617e+03 1.499317e+03 
2.278182e-01 2.094856e+03 1.435914e+03 
2.328586e-01 1.963738e+03 1.376217e+03 
2.378990e-01 1.827769e+03 1.319952e+03 
2.429394e-01 1.700195e+03 1.266869e+03 
2.479798e-01 1.591265e+03 1.216740e+03 
2.530202e-01 1.506739e+03 1.169356e+03 
2.580606e-01 1.447823e+03 1.124528e+03 
2.631010e-01 1.411602e+03 1.082079e+03 
2.681414e-01 1.392097e+03 1.041851e+03 
2.731818e-01 1.381700e+03 1.003695e+03 
2.782222e-01 1.372605e+03 9.674767e+02 
2.832626e-01 1.358018e+03 9.330701e+02 
2.883030e-01 1.333061e+03 9.003606e+02 
2.933434e-01 1.295622e+03 8.692417e+02 
2.983838e-01 1.246713e+03 8.396152e+02 
3.034242e-01 1.189893e+03 8.113900e+02 
3.084646e-01 1.130079e+03 7.844818e+02 
3.135051e-01 1.072235e+03 7.588126e+02 
3.185455e-01 1.020495e+03 7.343096e+02 
3.235859e-01 9.775837e+02 7.109056e+02 
3.286263e-01 9.445289e+02 6.885377e+02 
3.336667e-01 9.207646e+02 6.671476e+02 
3.387071e-01 9.043585e+02 6.466808e+02 
3.437475e-01 8.925603e+02 6.270865e+02 
3.487879e-01 8.823565e+02 6.083175e+02 
3.538283e-01 8.709625e+02 5.903293e+02 
3.588687e-01 8.562698e+02 5.730806e+02 
3.639091e-01 8.371499e+02 5.565327e+02 
3.689495e-01 8.136052e+02 5.406492e+02 
3.739899e-01 7.866549e+02 5.253962e+02 
3.790303e-01 7.579153e+02 5.107417e+02 
3.840707e-01 7.292127e+02 4.966557e+02 
3.891111e-01 7.022646e+02 4.831102e+02 
3.941515e-01 6.784047e+02 4.700786e+02 
3.991919e-01 6.583766e+02 4.575361e+02 
4.042323e-01 6.422206e+02 4.454593e+02 
4.092727e-01 6.293948e+02 4.338261e+02 
4.143131e-01 6.189450e+02 4.226157e+02 
4.193535e-01 6.097630e+02 4.118084e+02 
4.243939e-01 6.007609e+02 4.013858e+02 
4.294343e-01 5.909975e+02 3.913304e+02 
4.344747e-01 5.798247e+02 3.816256e+02 
4.395152e-01 5.670085e+02 3.722559e+02 
4.445556e-01 5.527540e+02 3.632064e+02 
4.495960e-01 5.375833e+02 3.544632e+02 
4.546364e-01 5.221622e+02 3.460130e+02 
4.596768e-01 5.071507e+02 3.378433e+02 
4.647172e-01 4.931236e+02 3.299422e+02 
4.697576e-01 4.805131e+02 3.222984e+02 
4.747980e-01 4.695081e+02 3.149012e+02 
4.798384e-01 4.600239e+02 3.077404e+02 
4.848788e-01 4.517643e+02 3.008063e+02 
4.899192e-01 4.443238e+02 2.940899e+02 
4.949596e-01 4.372683e+02 2.875822e+02 
5.000000e-01 4.302266e+02 2.812752e+02 
