1.000000e-03 3.536934e+03 3.536607e+03 
6.040404e-03 1.557918e+04 1.564365e+04 
1.108081e-02 2.124557e+04 2.112281e+04 
1.612121e-02 2.314722e+04 2.269369e+04 
2.116162e-02 2.279832e+04 2.190813e+04 
2.620202e-02 2.123490e+04 2.011768e+04 
3.124242e-02 1.920718e+04 1.821008e+04 
3.628283e-02 1.721378e+04 1.648137e+04 
4.132323e-02 1.552487e+04 1.496334e+04 
4.636364e-02 1.421781e+04 1.362911e+04 
5.140404e-02 1.327149e+04 1.244958e+04 
5.644444e-02 1.256480e+04 1.140161e+04 
6.148485e-02 1.197083e+04 1.046705e+04 
6.652525e-02 1.137734e+04 9.631192e+03 
7.156566e-02 1.071347e+04 8.881701e+03 
7.660606e-02 9.961718e+03 8.208076e+03 
8.164646e-02 9.156233e+03 7.601261e+03 
8.668687e-02 8.357550e+03 7.053406e+03 
9.172727e-02 7.622677e+03 6.557691e+03 
9.676768e-02 6.994041e+03 6.108172e+03 
1.018081e-01 6.495004e+03 5.699668e+03 
1.068485e-01 6.123342e+03 5.327651e+03 
1.118889e-01 5.850906e+03 4.988163e+03 
1.169293e-01 5.636441e+03 4.677735e+03 
1.219697e-01 5.439939e+03 4.393321e+03 
1.270101e-01 5.231280e+03 4.132247e+03 
1.320505e-01 4.993669e+03 3.892154e+03 
1.370909e-01 4.724738e+03 3.670961e+03 
1.421313e-01 4.435651e+03 3.466828e+03 
1.471717e-01 4.145300e+03 3.278124e+03 
1.522121e-01 3.872285e+03 3.103402e+03 
1.572525e-01 3.631438e+03 2.941372e+03 
1.622929e-01 3.431767e+03 2.790886e+03 
1.673333e-01 3.274323e+03 2.650919e+03 
1.723737e-01 3.151608e+03 2.520552e+03 
1.774141e-01 3.051149e+03 2.398962e+03 
1.824545e-01 2.960271e+03 2.285408e+03 
1.874949e-01 2.868770e+03 2.179226e+03 
1.925354e-01 2.769598e+03 2.079815e+03 
1.975758e-01 2.659719e+03 1.986632e+03 
2.026162e-01 2.540953e+03 1.899189e+03 
2.076566e-01 2.418821e+03 1.817039e+03 
2.126970e-01 2.300053e+03 1.739780e+03 
2.177374e-01 2.190337e+03 1.667045e+03 
2.227778e-01 2.093312e+03 1.598500e+03 
2.278182e-01 2.010252e+03 1.533841e+03 
2.328586e-01 1.940138e+03 1.472790e+03 
2.378990e-01 1.880199e+03 1.415093e+03 
2.429394e-01 1.826739e+03 1.360516e+03 
2.479798e-01 1.775989e+03 1.308847e+03 
2.530202e-01 1.724760e+03 1.259890e+03 
2.580606e-01 1.671044e+03 1.213465e+03 
2.631010e-01 1.614523e+03 1.169405e+03 
2.681414e-01 1.556433e+03 1.127559e+03 
2.731818e-01 1.498722e+03 1.087786e+03 
2.782222e-01 1.443193e+03 1.049955e+03 
2.832626e-01 1.391285e+03 1.013946e+03 
2.883030e-01 1.343957e+03 9.796474e+02 
2.933434e-01 1.301584e+03 9.469570e+02 
2.983838e-01 1.263736e+03 9.157788e+02 
3.034242e-01 1.229314e+03 8.860238e+02 
3.084646e-01 1.197024e+03 8.576097e+02 
3.135051e-01 1.165777e+03 8.304596e+02 
3.185455e-01 1.134798e+03 8.045021e+02 
3.235859e-01 1.103603e+03 7.796707e+02 
3.286263e-01 1.072081e+03 7.559032e+02 
3.336667e-01 1.040554e+03 7.331417e+02 
3.387071e-01 1.009619e+03 7.113320e+02 
3.437475e-01 9.798660e+02 6.904235e+02 
3.487879e-01 9.517058e+02 6.703688e+02 
3.538283e-01 9.253492e+02 6.511235e+02 
3.588687e-01 9.008068e+02 6.326460e+02 
3.639091e-01 8.779376e+02 6.148973e+02 
3.689495e-01 8.564095e+02 5.978408e+02 
3.739899e-01 8.358316e+02 5.814422e+02 
3.790303e-01 8.158672e+02 5.656690e+02 
3.840707e-01 7.962898e+02 5.504909e+02 
3.891111e-01 7.769820e+02 5.358793e+02 
3.941515e-01 7.578915e+02 5.218071e+02 
3.991919e-01 7.390875e+02 5.082491e+02 
4.042323e-01 7.207323e+02 4.951813e+02 
4.092727e-01 7.030105e+02 4.825810e+02 
4.143131e-01 6.860335e+02 4.704269e+02 
4.193535e-01 6.698240e+02 4.586988e+02 
4.243939e-01 6.543566e+02 4.473778e+02 
4.294343e-01 6.396036e+02 4.364457e+02 
4.344747e-01 6.254957e+02 4.258855e+02 
4.395152e-01 6.118949e+02 4.156811e+02 
4.445556e-01 5.986722e+02 4.058172e+02 
4.495960e-01 5.857566e+02 3.962792e+02 
4.546364e-01 5.731199e+02 3.870533e+02 
4.596768e-01 5.607666e+02 3.781267e+02 
4.647172e-01 5.486914e+02 3.694868e+02 
4.697576e-01 5.369013e+02 3.611218e+02 
4.747980e-01 5.254562e+02 3.530207e+02 
4.798384e-01 5.143850e+02 3.451727e+02 
4.848788e-01 5.037239e+02 3.375678e+02 
4.899192e-01 4.934313e+02 3.301963e+02 
4.949596e-01 4.834728e+02 3.230491e+02 
5.000000e-01 4.738433e+02 3.161175e+02 
