1.000000e-03 4.897548e+03 4.897109e+03 
6.040404e-03 2.151638e+04 2.161997e+04 
1.108081e-02 2.935045e+04 2.931350e+04 
1.612121e-02 3.177124e+04 3.146056e+04 
2.116162e-02 3.079075e+04 2.985121e+04 
2.620202e-02 2.789274e+04 2.636390e+04 
3.124242e-02 2.424047e+04 2.272508e+04 
3.628283e-02 2.066278e+04 1.966248e+04 
4.132323e-02 1.764357e+04 1.721784e+04 
4.636364e-02 1.534940e+04 1.525155e+04 
5.140404e-02 1.379847e+04 1.363388e+04 
5.644444e-02 1.282511e+04 1.227418e+04 
6.148485e-02 1.223296e+04 1.111198e+04 
6.652525e-02 1.182552e+04 1.010607e+04 
7.156566e-02 1.141826e+04 9.227210e+03 
7.660606e-02 1.088438e+04 8.453707e+03 
8.164646e-02 1.017098e+04 7.768909e+03 
8.668687e-02 9.302770e+03 7.159646e+03 
9.172727e-02 8.354741e+03 6.615271e+03 
9.676768e-02 7.420543e+03 6.127033e+03 
1.018081e-01 6.587702e+03 5.687642e+03 
1.068485e-01 5.917412e+03 5.290972e+03 
1.118889e-01 5.432185e+03 4.931824e+03 
1.169293e-01 5.117874e+03 4.605766e+03 
1.219697e-01 4.936296e+03 4.308992e+03 
1.270101e-01 4.839120e+03 4.038217e+03 
1.320505e-01 4.774238e+03 3.790598e+03 
1.370909e-01 4.693043e+03 3.563663e+03 
1.421313e-01 4.559413e+03 3.355253e+03 
1.471717e-01 4.358164e+03 3.163476e+03 
1.522121e-01 4.094748e+03 2.986672e+03 
1.572525e-01 3.790730e+03 2.823377e+03 
1.622929e-01 3.476151e+03 2.672299e+03 
1.673333e-01 3.182258e+03 2.532290e+03 
1.723737e-01 2.933687e+03 2.402334e+03 
1.774141e-01 2.742591e+03 2.281525e+03 
1.824545e-01 2.609151e+03 2.169052e+03 
1.874949e-01 2.524953e+03 2.064194e+03 
1.925354e-01 2.476429e+03 1.966302e+03 
1.975758e-01 2.446700e+03 1.874793e+03 
2.026162e-01 2.417866e+03 1.789143e+03 
2.076566e-01 2.374701e+03 1.708879e+03 
2.126970e-01 2.308157e+03 1.633574e+03 
2.177374e-01 2.216643e+03 1.562841e+03 
2.227778e-01 2.104927e+03 1.496331e+03 
2.278182e-01 1.982114e+03 1.433725e+03 
2.328586e-01 1.859056e+03 1.374732e+03 
2.378990e-01 1.745765e+03 1.319091e+03 
2.429394e-01 1.649558e+03 1.266559e+03 
2.479798e-01 1.573972e+03 1.216917e+03 
2.530202e-01 1.519007e+03 1.169965e+03 
2.580606e-01 1.481414e+03 1.125516e+03 
2.631010e-01 1.455603e+03 1.083403e+03 
2.681414e-01 1.434849e+03 1.043469e+03 
2.731818e-01 1.412931e+03 1.005572e+03 
2.782222e-01 1.385236e+03 9.695803e+02 
2.832626e-01 1.349204e+03 9.353719e+02 
2.883030e-01 1.304504e+03 9.028350e+02 
2.933434e-01 1.252844e+03 8.718658e+02 
2.983838e-01 1.197592e+03 8.423685e+02 
3.034242e-01 1.142782e+03 8.142542e+02 
3.084646e-01 1.092031e+03 7.874406e+02 
3.135051e-01 1.047807e+03 7.618511e+02 
3.185455e-01 1.011284e+03 7.374148e+02 
3.235859e-01 9.823874e+02 7.140656e+02 
3.286263e-01 9.599421e+02 6.917421e+02 
3.336667e-01 9.419425e+02 6.703868e+02 
3.387071e-01 9.259640e+02 6.499464e+02 
3.437475e-01 9.097398e+02 6.303711e+02 
3.487879e-01 8.915762e+02 6.116141e+02 
3.538283e-01 8.705590e+02 5.936320e+02 
3.588687e-01 8.465975e+02 5.763840e+02 
3.639091e-01 8.203103e+02 5.598320e+02 
3.689495e-01 7.928801e+02 5.439401e+02 
3.739899e-01 7.656800e+02 5.286749e+02 
3.790303e-01 7.400014e+02 5.140048e+02 
3.840707e-01 7.167677e+02 4.999003e+02 
3.891111e-01 6.964803e+02 4.863336e+02 
3.941515e-01 6.791541e+02 4.732786e+02 
3.991919e-01 6.644157e+02 4.607105e+02 
4.042323e-01 6.515573e+02 4.486064e+02 
4.092727e-01 6.396707e+02 4.369443e+02 
4.143131e-01 6.279249e+02 4.257037e+02 
4.193535e-01 6.156983e+02 4.148651e+02 
4.243939e-01 6.026499e+02 4.044102e+02 
4.294343e-01 5.886807e+02 3.943216e+02 
4.344747e-01 5.739564e+02 3.845830e+02 
4.395152e-01 5.588333e+02 3.751789e+02 
4.445556e-01 5.438189e+02 3.660945e+02 
4.495960e-01 5.294113e+02 3.573161e+02 
4.546364e-01 5.159643e+02 3.488305e+02 
4.596768e-01 5.036602e+02 3.406252e+02 
4.647172e-01 4.925334e+02 3.326883e+02 
4.697576e-01 4.824969e+02 3.250087e+02 
4.747980e-01 4.733218e+02 3.175757e+02 
4.798384e-01 4.647003e+02 3.103792e+02 
4.848788e-01 4.563035e+02 3.034096e+02 
4.899192e-01 4.478632e+02 2.966578e+02 
4.949596e-01 4.392416e+02 2.901149e+02 
5.000000e-01 4.303987e+02 2.837729e+02 
