1.000000e-03 2.911117e+03 2.910852e+03 
6.040404e-03 1.309217e+04 1.314592e+04 
1.108081e-02 1.804338e+04 1.791605e+04 
1.612121e-02 1.988411e+04 1.944560e+04 
2.116162e-02 1.986442e+04 1.906163e+04 
2.620202e-02 1.882284e+04 1.783709e+04 
3.124242e-02 1.735451e+04 1.643609e+04 
3.628283e-02 1.585388e+04 1.509437e+04 
4.132323e-02 1.453715e+04 1.386251e+04 
4.636364e-02 1.346497e+04 1.274269e+04 
5.140404e-02 1.265292e+04 1.172764e+04 
5.644444e-02 1.198712e+04 1.080865e+04 
6.148485e-02 1.138693e+04 9.977055e+03 
6.652525e-02 1.078238e+04 9.224533e+03 
7.156566e-02 1.012952e+04 8.543242e+03 
7.660606e-02 9.426371e+03 7.925912e+03 
8.164646e-02 8.706483e+03 7.365895e+03 
8.668687e-02 8.017292e+03 6.857173e+03 
9.172727e-02 7.396746e+03 6.394343e+03 
9.676768e-02 6.867830e+03 5.972576e+03 
1.018081e-01 6.440212e+03 5.587579e+03 
1.068485e-01 6.106398e+03 5.235536e+03 
1.118889e-01 5.840555e+03 4.913066e+03 
1.169293e-01 5.608029e+03 4.617173e+03 
1.219697e-01 5.380282e+03 4.345199e+03 
1.270101e-01 5.140458e+03 4.094789e+03 
1.320505e-01 4.882953e+03 3.863852e+03 
1.370909e-01 4.611976e+03 3.650528e+03 
1.421313e-01 4.339115e+03 3.453163e+03 
1.471717e-01 4.078629e+03 3.270284e+03 
1.522121e-01 3.842129e+03 3.100575e+03 
1.572525e-01 3.636402e+03 2.942860e+03 
1.622929e-01 3.463860e+03 2.796085e+03 
1.673333e-01 3.321474e+03 2.659306e+03 
1.723737e-01 3.200930e+03 2.531675e+03 
1.774141e-01 3.091979e+03 2.412428e+03 
1.824545e-01 2.986031e+03 2.300875e+03 
1.874949e-01 2.877783e+03 2.196397e+03 
1.925354e-01 2.765022e+03 2.098431e+03 
1.975758e-01 2.648129e+03 2.006467e+03 
2.026162e-01 2.530181e+03 1.920044e+03 
2.076566e-01 2.415787e+03 1.838743e+03 
2.126970e-01 2.309120e+03 1.762182e+03 
2.177374e-01 2.212693e+03 1.690012e+03 
2.227778e-01 2.127155e+03 1.621918e+03 
2.278182e-01 2.051753e+03 1.557608e+03 
2.328586e-01 1.984517e+03 1.496817e+03 
2.378990e-01 1.922695e+03 1.439302e+03 
2.429394e-01 1.863773e+03 1.384841e+03 
2.479798e-01 1.805897e+03 1.333228e+03 
2.530202e-01 1.747879e+03 1.284276e+03 
2.580606e-01 1.689261e+03 1.237810e+03 
2.631010e-01 1.630617e+03 1.193671e+03 
2.681414e-01 1.573276e+03 1.151711e+03 
2.731818e-01 1.518602e+03 1.111794e+03 
2.782222e-01 1.467425e+03 1.073795e+03 
2.832626e-01 1.419975e+03 1.037595e+03 
2.883030e-01 1.376145e+03 1.003088e+03 
2.933434e-01 1.335658e+03 9.701719e+02 
2.983838e-01 1.297915e+03 9.387548e+02 
3.034242e-01 1.262063e+03 9.087496e+02 
3.084646e-01 1.227276e+03 8.800758e+02 
3.135051e-01 1.193138e+03 8.526582e+02 
3.185455e-01 1.159559e+03 8.264270e+02 
3.235859e-01 1.126579e+03 8.013169e+02 
3.286263e-01 1.094317e+03 7.772670e+02 
3.336667e-01 1.063015e+03 7.542203e+02 
3.387071e-01 1.033012e+03 7.321236e+02 
3.437475e-01 1.004546e+03 7.109270e+02 
3.487879e-01 9.776350e+02 6.905839e+02 
3.538283e-01 9.521556e+02 6.710505e+02 
3.588687e-01 9.279065e+02 6.522858e+02 
3.639091e-01 9.047075e+02 6.342513e+02 
3.689495e-01 8.823801e+02 6.169106e+02 
3.739899e-01 8.607231e+02 6.002300e+02 
3.790303e-01 8.395953e+02 5.841772e+02 
3.840707e-01 8.189755e+02 5.687221e+02 
3.891111e-01 7.988978e+02 5.538365e+02 
3.941515e-01 7.794092e+02 5.394935e+02 
3.991919e-01 7.605368e+02 5.256679e+02 
4.042323e-01 7.423259e+02 5.123358e+02 
4.092727e-01 7.248237e+02 4.994749e+02 
4.143131e-01 7.080385e+02 4.870638e+02 
4.193535e-01 6.919126e+02 4.750825e+02 
4.243939e-01 6.763581e+02 4.635120e+02 
4.294343e-01 6.613123e+02 4.523342e+02 
4.344747e-01 6.467384e+02 4.415323e+02 
4.395152e-01 6.326102e+02 4.310899e+02 
4.445556e-01 6.188655e+02 4.209918e+02 
4.495960e-01 6.054641e+02 4.112236e+02 
4.546364e-01 5.924262e+02 4.017714e+02 
4.596768e-01 5.797824e+02 3.926223e+02 
4.647172e-01 5.675242e+02 3.837637e+02 
4.697576e-01 5.556320e+02 3.751838e+02 
4.747980e-01 5.441038e+02 3.668716e+02 
4.798384e-01 5.329375e+02 3.588162e+02 
4.848788e-01 5.221341e+02 3.510076e+02 
4.899192e-01 5.116620e+02 3.434361e+02 
4.949596e-01 5.014848e+02 3.360924e+02 
5.000000e-01 4.915780e+02 3.289678e+02 
