1.000000e-03 2.428915e+03 2.428694e+03 
6.040404e-03 1.092245e+04 1.096518e+04 
1.108081e-02 1.516973e+04 1.503598e+04 
1.612121e-02 1.691581e+04 1.648814e+04 
2.116162e-02 1.717529e+04 1.644192e+04 
2.620202e-02 1.660373e+04 1.571159e+04 
3.124242e-02 1.565161e+04 1.475991e+04 
3.628283e-02 1.461076e+04 1.376846e+04 
4.132323e-02 1.364197e+04 1.280157e+04 
4.636364e-02 1.279605e+04 1.188448e+04 
5.140404e-02 1.208182e+04 1.102763e+04 
5.644444e-02 1.143943e+04 1.023435e+04 
6.148485e-02 1.082350e+04 9.504088e+03 
6.652525e-02 1.020919e+04 8.834171e+03 
7.156566e-02 9.576598e+03 8.220805e+03 
7.660606e-02 8.933700e+03 7.659718e+03 
8.164646e-02 8.311739e+03 7.146533e+03 
8.668687e-02 7.742856e+03 6.676989e+03 
9.172727e-02 7.241653e+03 6.247061e+03 
9.676768e-02 6.809198e+03 5.853019e+03 
1.018081e-01 6.441922e+03 5.491446e+03 
1.068485e-01 6.129744e+03 5.159244e+03 
1.118889e-01 5.852827e+03 4.853610e+03 
1.169293e-01 5.588310e+03 4.572026e+03 
1.219697e-01 5.322123e+03 4.312230e+03 
1.270101e-01 5.052035e+03 4.072190e+03 
1.320505e-01 4.783295e+03 3.850089e+03 
1.370909e-01 4.523532e+03 3.644295e+03 
1.421313e-01 4.280080e+03 3.453345e+03 
1.471717e-01 4.058172e+03 3.275926e+03 
1.522121e-01 3.860080e+03 3.110859e+03 
1.572525e-01 3.685701e+03 2.957082e+03 
1.622929e-01 3.532190e+03 2.813641e+03 
1.673333e-01 3.393917e+03 2.679676e+03 
1.723737e-01 3.264098e+03 2.554408e+03 
1.774141e-01 3.137639e+03 2.437135e+03 
1.824545e-01 3.012773e+03 2.327221e+03 
1.874949e-01 2.889652e+03 2.224091e+03 
1.925354e-01 2.769067e+03 2.127221e+03 
1.975758e-01 2.652485e+03 2.036135e+03 
2.026162e-01 2.542195e+03 1.950402e+03 
2.076566e-01 2.440318e+03 1.869626e+03 
2.126970e-01 2.347254e+03 1.793448e+03 
2.177374e-01 2.261871e+03 1.721540e+03 
2.227778e-01 2.182728e+03 1.653600e+03 
2.278182e-01 2.108568e+03 1.589352e+03 
2.328586e-01 2.038172e+03 1.528545e+03 
2.378990e-01 1.970297e+03 1.470945e+03 
2.429394e-01 1.904107e+03 1.416341e+03 
2.479798e-01 1.839660e+03 1.364534e+03 
2.530202e-01 1.777312e+03 1.315345e+03 
2.580606e-01 1.717406e+03 1.268605e+03 
2.631010e-01 1.660238e+03 1.224162e+03 
2.681414e-01 1.606092e+03 1.181871e+03 
2.731818e-01 1.555183e+03 1.141603e+03 
2.782222e-01 1.507343e+03 1.103233e+03 
2.832626e-01 1.462073e+03 1.066648e+03 
2.883030e-01 1.418871e+03 1.031744e+03 
2.933434e-01 1.377401e+03 9.984228e+02 
2.983838e-01 1.337462e+03 9.665928e+02 
3.034242e-01 1.298904e+03 9.361698e+02 
3.084646e-01 1.261602e+03 9.070747e+02 
3.135051e-01 1.225534e+03 8.792340e+02 
3.185455e-01 1.190769e+03 8.525791e+02 
3.235859e-01 1.157414e+03 8.270457e+02 
3.286263e-01 1.125511e+03 8.025740e+02 
3.336667e-01 1.094996e+03 7.791079e+02 
3.387071e-01 1.065769e+03 7.565948e+02 
3.437475e-01 1.037726e+03 7.349854e+02 
3.487879e-01 1.010798e+03 7.142338e+02 
3.538283e-01 9.848867e+02 6.942965e+02 
3.588687e-01 9.598689e+02 6.751328e+02 
3.639091e-01 9.356471e+02 6.567047e+02 
3.689495e-01 9.121875e+02 6.389760e+02 
3.739899e-01 8.895304e+02 6.219131e+02 
3.790303e-01 8.676800e+02 6.054841e+02 
3.840707e-01 8.465879e+02 5.896590e+02 
3.891111e-01 8.262095e+02 5.744094e+02 
3.941515e-01 8.065371e+02 5.597088e+02 
3.991919e-01 7.875715e+02 5.455318e+02 
4.042323e-01 7.692771e+02 5.318548e+02 
4.092727e-01 7.516006e+02 5.186553e+02 
4.143131e-01 7.344836e+02 5.059120e+02 
4.193535e-01 7.178874e+02 4.936047e+02 
4.243939e-01 7.018098e+02 4.817145e+02 
4.294343e-01 6.862520e+02 4.702233e+02 
4.344747e-01 6.711710e+02 4.591140e+02 
4.395152e-01 6.565348e+02 4.483704e+02 
4.445556e-01 6.423415e+02 4.379772e+02 
4.495960e-01 6.285988e+02 4.279197e+02 
4.546364e-01 6.152924e+02 4.181841e+02 
4.596768e-01 6.023874e+02 4.087573e+02 
4.647172e-01 5.898566e+02 3.996267e+02 
4.697576e-01 5.776880e+02 3.907804e+02 
4.747980e-01 5.658829e+02 3.822072e+02 
4.798384e-01 5.544323e+02 3.738963e+02 
4.848788e-01 5.433027e+02 3.658373e+02 
4.899192e-01 5.324697e+02 3.580206e+02 
4.949596e-01 5.219389e+02 3.504368e+02 
5.000000e-01 5.117061e+02 3.430771e+02 
