1.000000e-03 2.409845e+03 2.409613e+03 
6.040404e-03 1.068672e+04 1.073281e+04 
1.108081e-02 1.467687e+04 1.451369e+04 
1.612121e-02 1.633526e+04 1.583886e+04 
2.116162e-02 1.670260e+04 1.589288e+04 
2.620202e-02 1.636730e+04 1.535103e+04 
3.124242e-02 1.568265e+04 1.455372e+04 
3.628283e-02 1.485776e+04 1.366117e+04 
4.132323e-02 1.400468e+04 1.275296e+04 
4.636364e-02 1.316740e+04 1.187011e+04 
5.140404e-02 1.237890e+04 1.103325e+04 
5.644444e-02 1.161929e+04 1.025165e+04 
6.148485e-02 1.089374e+04 9.528131e+03 
6.652525e-02 1.020812e+04 8.861976e+03 
7.156566e-02 9.562576e+03 8.250540e+03 
7.660606e-02 8.964023e+03 7.690242e+03 
8.164646e-02 8.419585e+03 7.177131e+03 
8.668687e-02 7.926280e+03 6.707214e+03 
9.172727e-02 7.474333e+03 6.276636e+03 
9.676768e-02 7.057554e+03 5.881776e+03 
1.018081e-01 6.673881e+03 5.519292e+03 
1.068485e-01 6.318245e+03 5.186131e+03 
1.118889e-01 5.982866e+03 4.879523e+03 
1.169293e-01 5.664844e+03 4.596970e+03 
1.219697e-01 5.366134e+03 4.336222e+03 
1.270101e-01 5.089192e+03 4.095259e+03 
1.320505e-01 4.833300e+03 3.872265e+03 
1.370909e-01 4.597432e+03 3.665614e+03 
1.421313e-01 4.379527e+03 3.473843e+03 
1.471717e-01 4.176897e+03 3.295640e+03 
1.522121e-01 3.986989e+03 3.129825e+03 
1.572525e-01 3.808411e+03 2.975335e+03 
1.622929e-01 3.640580e+03 2.831216e+03 
1.673333e-01 3.482322e+03 2.696604e+03 
1.723737e-01 3.332845e+03 2.570722e+03 
1.774141e-01 3.192007e+03 2.452864e+03 
1.824545e-01 3.059653e+03 2.342394e+03 
1.874949e-01 2.935377e+03 2.238733e+03 
1.925354e-01 2.818404e+03 2.141359e+03 
1.975758e-01 2.708158e+03 2.049792e+03 
2.026162e-01 2.604125e+03 1.963601e+03 
2.076566e-01 2.505629e+03 1.882389e+03 
2.126970e-01 2.412212e+03 1.805794e+03 
2.177374e-01 2.323597e+03 1.733488e+03 
2.227778e-01 2.239483e+03 1.665169e+03 
2.278182e-01 2.159568e+03 1.600559e+03 
2.328586e-01 2.083590e+03 1.539405e+03 
2.378990e-01 2.011479e+03 1.481474e+03 
2.429394e-01 1.943056e+03 1.426553e+03 
2.479798e-01 1.877869e+03 1.374443e+03 
2.530202e-01 1.815653e+03 1.324963e+03 
2.580606e-01 1.756302e+03 1.277945e+03 
2.631010e-01 1.699807e+03 1.233234e+03 
2.681414e-01 1.645925e+03 1.190688e+03 
2.731818e-01 1.594308e+03 1.150173e+03 
2.782222e-01 1.544911e+03 1.111567e+03 
2.832626e-01 1.497713e+03 1.074757e+03 
2.883030e-01 1.452622e+03 1.039635e+03 
2.933434e-01 1.409423e+03 1.006104e+03 
2.983838e-01 1.367961e+03 9.740724e+02 
3.034242e-01 1.328232e+03 9.434555e+02 
3.084646e-01 1.290175e+03 9.141738e+02 
3.135051e-01 1.253670e+03 8.861533e+02 
3.185455e-01 1.218567e+03 8.593252e+02 
3.235859e-01 1.184809e+03 8.336248e+02 
3.286263e-01 1.152396e+03 8.089921e+02 
3.336667e-01 1.121266e+03 7.853706e+02 
3.387071e-01 1.091323e+03 7.627075e+02 
3.437475e-01 1.062465e+03 7.409533e+02 
3.487879e-01 1.034677e+03 7.200618e+02 
3.538283e-01 1.007939e+03 6.999894e+02 
3.588687e-01 9.821836e+02 6.806951e+02 
3.639091e-01 9.573390e+02 6.621406e+02 
3.689495e-01 9.333563e+02 6.442898e+02 
3.739899e-01 9.102373e+02 6.271087e+02 
3.790303e-01 8.879474e+02 6.105652e+02 
3.840707e-01 8.664256e+02 5.946293e+02 
3.891111e-01 8.456203e+02 5.792724e+02 
3.941515e-01 8.255104e+02 5.644678e+02 
3.991919e-01 8.060944e+02 5.501901e+02 
4.042323e-01 7.873347e+02 5.364154e+02 
4.092727e-01 7.691851e+02 5.231211e+02 
4.143131e-01 7.516081e+02 5.102859e+02 
4.193535e-01 7.346021e+02 4.978895e+02 
4.243939e-01 7.181613e+02 4.859127e+02 
4.294343e-01 7.022411e+02 4.743375e+02 
4.344747e-01 6.868090e+02 4.631466e+02 
4.395152e-01 6.718494e+02 4.523237e+02 
4.445556e-01 6.573629e+02 4.418534e+02 
4.495960e-01 6.433283e+02 4.317211e+02 
4.546364e-01 6.297065e+02 4.219128e+02 
4.596768e-01 6.164825e+02 4.124152e+02 
4.647172e-01 6.036527e+02 4.032157e+02 
4.697576e-01 5.912154e+02 3.943025e+02 
4.747980e-01 5.791446e+02 3.856642e+02 
4.798384e-01 5.674122e+02 3.772898e+02 
4.848788e-01 5.560064e+02 3.691691e+02 
4.899192e-01 5.449279e+02 3.612923e+02 
4.949596e-01 5.341738e+02 3.536499e+02 
5.000000e-01 5.237128e+02 3.462332e+02 
