1.000000e-03 3.172529e+03 3.172240e+03 
6.040404e-03 1.419610e+04 1.425585e+04 
1.108081e-02 1.958965e+04 1.948282e+04 
1.612121e-02 2.155840e+04 2.115344e+04 
2.116162e-02 2.142560e+04 2.061206e+04 
2.620202e-02 2.011679e+04 1.906468e+04 
3.124242e-02 1.831825e+04 1.734946e+04 
3.628283e-02 1.649975e+04 1.576965e+04 
4.132323e-02 1.492777e+04 1.437005e+04 
4.636364e-02 1.369165e+04 1.313204e+04 
5.140404e-02 1.278682e+04 1.203164e+04 
5.644444e-02 1.211429e+04 1.104921e+04 
6.148485e-02 1.155510e+04 1.016920e+04 
6.652525e-02 1.101364e+04 9.378920e+03 
7.156566e-02 1.041208e+04 8.667668e+03 
7.660606e-02 9.723912e+03 8.026233e+03 
8.164646e-02 8.974486e+03 7.446608e+03 
8.668687e-02 8.219503e+03 6.921797e+03 
9.172727e-02 7.513540e+03 6.445670e+03 
9.676768e-02 6.897029e+03 6.012854e+03 
1.018081e-01 6.395447e+03 5.618629e+03 
1.068485e-01 6.014522e+03 5.258854e+03 
1.118889e-01 5.735689e+03 4.929885e+03 
1.169293e-01 5.522538e+03 4.628516e+03 
1.219697e-01 5.335402e+03 4.351921e+03 
1.270101e-01 5.143096e+03 4.097608e+03 
1.320505e-01 4.927039e+03 3.863370e+03 
1.370909e-01 4.681339e+03 3.647257e+03 
1.421313e-01 4.411969e+03 3.447537e+03 
1.471717e-01 4.134060e+03 3.262671e+03 
1.522121e-01 3.865819e+03 3.091290e+03 
1.572525e-01 3.623376e+03 2.932171e+03 
1.622929e-01 3.417541e+03 2.784223e+03 
1.673333e-01 3.252031e+03 2.646469e+03 
1.723737e-01 3.122515e+03 2.518032e+03 
1.774141e-01 3.019082e+03 2.398125e+03 
1.824545e-01 2.929861e+03 2.286039e+03 
1.874949e-01 2.844122e+03 2.181136e+03 
1.925354e-01 2.753570e+03 2.082838e+03 
1.975758e-01 2.653248e+03 1.990624e+03 
2.026162e-01 2.542830e+03 1.904020e+03 
2.076566e-01 2.426341e+03 1.822598e+03 
2.126970e-01 2.309960e+03 1.745968e+03 
2.177374e-01 2.199497e+03 1.673774e+03 
2.227778e-01 2.099296e+03 1.605693e+03 
2.278182e-01 2.011991e+03 1.541430e+03 
2.328586e-01 1.938091e+03 1.480715e+03 
2.378990e-01 1.875752e+03 1.423300e+03 
2.429394e-01 1.821565e+03 1.368959e+03 
2.479798e-01 1.771795e+03 1.317484e+03 
2.530202e-01 1.723204e+03 1.268684e+03 
2.580606e-01 1.673334e+03 1.222383e+03 
2.631010e-01 1.620755e+03 1.178419e+03 
2.681414e-01 1.565521e+03 1.136643e+03 
2.731818e-01 1.509163e+03 1.096917e+03 
2.782222e-01 1.453775e+03 1.059114e+03 
2.832626e-01 1.401129e+03 1.023115e+03 
2.883030e-01 1.352365e+03 9.888108e+02 
2.933434e-01 1.308097e+03 9.561011e+02 
2.983838e-01 1.268502e+03 9.248915e+02 
3.034242e-01 1.233086e+03 8.950947e+02 
3.084646e-01 1.200762e+03 8.666294e+02 
3.135051e-01 1.170174e+03 8.394200e+02 
3.185455e-01 1.140224e+03 8.133963e+02 
3.235859e-01 1.110271e+03 7.884925e+02 
3.286263e-01 1.080050e+03 7.646473e+02 
3.336667e-01 1.049575e+03 7.418036e+02 
3.387071e-01 1.019122e+03 7.199078e+02 
3.437475e-01 9.892281e+02 6.989099e+02 
3.487879e-01 9.605195e+02 6.787630e+02 
3.538283e-01 9.334757e+02 6.594233e+02 
3.588687e-01 9.082634e+02 6.408496e+02 
3.639091e-01 8.847934e+02 6.230032e+02 
3.689495e-01 8.628432e+02 6.058479e+02 
3.739899e-01 8.421404e+02 5.893495e+02 
3.790303e-01 8.223761e+02 5.734761e+02 
3.840707e-01 8.031924e+02 5.581974e+02 
3.891111e-01 7.842995e+02 5.434850e+02 
3.941515e-01 7.655716e+02 5.293123e+02 
3.991919e-01 7.470416e+02 5.156539e+02 
4.042323e-01 7.288182e+02 5.024860e+02 
4.092727e-01 7.110226e+02 4.897862e+02 
4.143131e-01 6.938042e+02 4.775332e+02 
4.193535e-01 6.772693e+02 4.657071e+02 
4.243939e-01 6.615075e+02 4.542887e+02 
4.294343e-01 6.465227e+02 4.432602e+02 
4.344747e-01 6.322266e+02 4.326046e+02 
4.395152e-01 6.185193e+02 4.223057e+02 
4.445556e-01 6.052976e+02 4.123484e+02 
4.495960e-01 5.924642e+02 4.027181e+02 
4.546364e-01 5.799395e+02 3.934011e+02 
4.596768e-01 5.676672e+02 3.843845e+02 
4.647172e-01 5.556268e+02 3.756558e+02 
4.697576e-01 5.438352e+02 3.672033e+02 
4.747980e-01 5.323327e+02 3.590159e+02 
4.798384e-01 5.211627e+02 3.510829e+02 
4.848788e-01 5.103436e+02 3.433941e+02 
4.899192e-01 4.998868e+02 3.359401e+02 
4.949596e-01 4.898046e+02 3.287116e+02 
5.000000e-01 4.800799e+02 3.216999e+02 
