1.000000e-03 6.922774e+03 6.922119e+03 
6.040404e-03 3.153431e+04 3.169279e+04 
1.108081e-02 4.321854e+04 4.327687e+04 
1.612121e-02 4.650798e+04 4.635489e+04 
2.116162e-02 4.435369e+04 4.325374e+04 
2.620202e-02 3.908592e+04 3.677293e+04 
3.124242e-02 3.263195e+04 3.006201e+04 
3.628283e-02 2.640328e+04 2.465425e+04 
4.132323e-02 2.122357e+04 2.062873e+04 
4.636364e-02 1.737472e+04 1.762846e+04 
5.140404e-02 1.484401e+04 1.532590e+04 
5.644444e-02 1.337136e+04 1.349981e+04 
6.148485e-02 1.265094e+04 1.201036e+04 
6.652525e-02 1.236809e+04 1.076849e+04 
7.156566e-02 1.223520e+04 9.715524e+03 
7.660606e-02 1.200732e+04 8.811121e+03 
8.164646e-02 1.151500e+04 8.026421e+03 
8.668687e-02 1.070130e+04 7.340008e+03 
9.172727e-02 9.621940e+03 6.735509e+03 
9.676768e-02 8.409309e+03 6.200098e+03 
1.018081e-01 7.220313e+03 5.723519e+03 
1.068485e-01 6.187304e+03 5.297446e+03 
1.118889e-01 5.388675e+03 4.915025e+03 
1.169293e-01 4.844866e+03 4.570558e+03 
1.219697e-01 4.535717e+03 4.259259e+03 
1.270101e-01 4.416120e+03 3.977081e+03 
1.320505e-01 4.424732e+03 3.720579e+03 
1.370909e-01 4.490465e+03 3.486802e+03 
1.421313e-01 4.542859e+03 3.273206e+03 
1.471717e-01 4.524048e+03 3.077595e+03 
1.522121e-01 4.398232e+03 2.898057e+03 
1.572525e-01 4.157489e+03 2.732928e+03 
1.622929e-01 3.824110e+03 2.580748e+03 
1.673333e-01 3.443674e+03 2.440236e+03 
1.723737e-01 3.068108e+03 2.310263e+03 
1.774141e-01 2.738863e+03 2.189832e+03 
1.824545e-01 2.480067e+03 2.078058e+03 
1.874949e-01 2.300748e+03 1.974155e+03 
1.925354e-01 2.198725e+03 1.877423e+03 
1.975758e-01 2.162150e+03 1.787236e+03 
2.026162e-01 2.170756e+03 1.703034e+03 
2.076566e-01 2.199430e+03 1.624315e+03 
2.126970e-01 2.223175e+03 1.550627e+03 
2.177374e-01 2.221451e+03 1.481562e+03 
2.227778e-01 2.180994e+03 1.416755e+03 
2.278182e-01 2.097788e+03 1.355871e+03 
2.328586e-01 1.977820e+03 1.298610e+03 
2.378990e-01 1.835167e+03 1.244699e+03 
2.429394e-01 1.687489e+03 1.193889e+03 
2.479798e-01 1.550894e+03 1.145954e+03 
2.530202e-01 1.437084e+03 1.100688e+03 
2.580606e-01 1.352341e+03 1.057901e+03 
2.631010e-01 1.297729e+03 1.017421e+03 
2.681414e-01 1.269845e+03 9.790905e+02 
2.731818e-01 1.261915e+03 9.427643e+02 
2.782222e-01 1.265075e+03 9.083091e+02 
2.832626e-01 1.269986e+03 8.756024e+02 
2.883030e-01 1.268102e+03 8.445313e+02 
2.933434e-01 1.253068e+03 8.149918e+02 
2.983838e-01 1.221804e+03 7.868878e+02 
3.034242e-01 1.175019e+03 7.601306e+02 
3.084646e-01 1.116810e+03 7.346379e+02 
3.135051e-01 1.053250e+03 7.103337e+02 
3.185455e-01 9.907172e+02 6.871474e+02 
3.235859e-01 9.346332e+02 6.650135e+02 
3.286263e-01 8.885904e+02 6.438711e+02 
3.336667e-01 8.543092e+02 6.236636e+02 
3.387071e-01 8.315939e+02 6.043384e+02 
3.437475e-01 8.185589e+02 5.858463e+02 
3.487879e-01 8.120696e+02 5.681416e+02 
3.538283e-01 8.084116e+02 5.511814e+02 
3.588687e-01 8.039817e+02 5.349258e+02 
3.639091e-01 7.958777e+02 5.193375e+02 
3.689495e-01 7.822090e+02 5.043815e+02 
3.739899e-01 7.623548e+02 4.900251e+02 
3.790303e-01 7.370197e+02 4.762377e+02 
3.840707e-01 7.080312e+02 4.629903e+02 
3.891111e-01 6.778240e+02 4.502561e+02 
3.941515e-01 6.487833e+02 4.380096e+02 
3.991919e-01 6.228153e+02 4.262270e+02 
4.042323e-01 6.011400e+02 4.148858e+02 
4.092727e-01 5.842595e+02 4.039649e+02 
4.143131e-01 5.719245e+02 3.934444e+02 
4.193535e-01 5.632114e+02 3.833056e+02 
4.243939e-01 5.568021e+02 3.735307e+02 
4.294343e-01 5.512288e+02 3.641031e+02 
4.344747e-01 5.451347e+02 3.550070e+02 
4.395152e-01 5.374529e+02 3.462275e+02 
4.445556e-01 5.275388e+02 3.377504e+02 
4.495960e-01 5.152901e+02 3.295626e+02 
4.546364e-01 5.011214e+02 3.216513e+02 
4.596768e-01 4.858030e+02 3.140046e+02 
4.647172e-01 4.702499e+02 3.066112e+02 
4.697576e-01 4.553389e+02 2.994604e+02 
4.747980e-01 4.417980e+02 2.925420e+02 
4.798384e-01 4.301064e+02 2.858463e+02 
4.848788e-01 4.204093e+02 2.793642e+02 
4.899192e-01 4.125435e+02 2.730869e+02 
4.949596e-01 4.061075e+02 2.670061e+02 
5.000000e-01 4.005590e+02 2.611141e+02 
