1.000000e-03 1.963420e+03 1.963239e+03 
6.040404e-03 8.931739e+03 8.975070e+03 
1.108081e-02 1.249624e+04 1.237359e+04 
1.612121e-02 1.412934e+04 1.372758e+04 
2.116162e-02 1.465492e+04 1.397716e+04 
2.620202e-02 1.454882e+04 1.367009e+04 
3.124242e-02 1.410148e+04 1.309671e+04 
3.628283e-02 1.348959e+04 1.240386e+04 
4.132323e-02 1.281562e+04 1.166942e+04 
4.636364e-02 1.212118e+04 1.093618e+04 
5.140404e-02 1.145730e+04 1.022749e+04 
5.644444e-02 1.080266e+04 9.555481e+03 
6.148485e-02 1.017330e+04 8.925682e+03 
6.652525e-02 9.578993e+03 8.339746e+03 
7.156566e-02 9.016452e+03 7.797089e+03 
7.660606e-02 8.486949e+03 7.295886e+03 
8.164646e-02 7.999000e+03 6.833667e+03 
8.668687e-02 7.554379e+03 6.407683e+03 
9.172727e-02 7.145331e+03 6.015123e+03 
9.676768e-02 6.762563e+03 5.653245e+03 
1.018081e-01 6.405213e+03 5.319441e+03 
1.068485e-01 6.073432e+03 5.011276e+03 
1.118889e-01 5.764114e+03 4.726504e+03 
1.169293e-01 5.472039e+03 4.463066e+03 
1.219697e-01 5.196255e+03 4.219085e+03 
1.270101e-01 4.938308e+03 3.992857e+03 
1.320505e-01 4.699434e+03 3.782839e+03 
1.370909e-01 4.478596e+03 3.587630e+03 
1.421313e-01 4.273302e+03 3.405968e+03 
1.471717e-01 4.080991e+03 3.236708e+03 
1.522121e-01 3.899982e+03 3.078816e+03 
1.572525e-01 3.729999e+03 2.931355e+03 
1.622929e-01 3.570331e+03 2.793478e+03 
1.673333e-01 3.419675e+03 2.664416e+03 
1.723737e-01 3.277222e+03 2.543472e+03 
1.774141e-01 3.142606e+03 2.430014e+03 
1.824545e-01 3.016070e+03 2.323465e+03 
1.874949e-01 2.897259e+03 2.223302e+03 
1.925354e-01 2.784884e+03 2.129049e+03 
1.975758e-01 2.678406e+03 2.040270e+03 
2.026162e-01 2.577753e+03 1.956568e+03 
2.076566e-01 2.482588e+03 1.877579e+03 
2.126970e-01 2.392404e+03 1.802971e+03 
2.177374e-01 2.306547e+03 1.732439e+03 
2.227778e-01 2.224797e+03 1.665704e+03 
2.278182e-01 2.147260e+03 1.602508e+03 
2.328586e-01 2.073642e+03 1.542616e+03 
2.378990e-01 2.003546e+03 1.485811e+03 
2.429394e-01 1.936739e+03 1.431891e+03 
2.479798e-01 1.873061e+03 1.380673e+03 
2.530202e-01 1.812401e+03 1.331985e+03 
2.580606e-01 1.754535e+03 1.285669e+03 
2.631010e-01 1.699211e+03 1.241580e+03 
2.681414e-01 1.646305e+03 1.199582e+03 
2.731818e-01 1.595722e+03 1.159551e+03 
2.782222e-01 1.547364e+03 1.121368e+03 
2.832626e-01 1.501085e+03 1.084928e+03 
2.883030e-01 1.456718e+03 1.050127e+03 
2.933434e-01 1.414168e+03 1.016874e+03 
2.983838e-01 1.373368e+03 9.850814e+02 
3.034242e-01 1.334267e+03 9.546671e+02 
3.084646e-01 1.296757e+03 9.255557e+02 
3.135051e-01 1.260693e+03 8.976763e+02 
3.185455e-01 1.226009e+03 8.709629e+02 
3.235859e-01 1.192675e+03 8.453533e+02 
3.286263e-01 1.160644e+03 8.207898e+02 
3.336667e-01 1.129842e+03 7.972180e+02 
3.387071e-01 1.100161e+03 7.745871e+02 
3.437475e-01 1.071557e+03 7.528492e+02 
3.487879e-01 1.044014e+03 7.319596e+02 
3.538283e-01 1.017489e+03 7.118761e+02 
3.588687e-01 9.919217e+02 6.925592e+02 
3.639091e-01 9.672298e+02 6.739716e+02 
3.689495e-01 9.433873e+02 6.560783e+02 
3.739899e-01 9.204033e+02 6.388462e+02 
3.790303e-01 8.982267e+02 6.222443e+02 
3.840707e-01 8.767940e+02 6.062431e+02 
3.891111e-01 8.560636e+02 5.908149e+02 
3.941515e-01 8.360178e+02 5.759337e+02 
3.991919e-01 8.166568e+02 5.615746e+02 
4.042323e-01 7.979430e+02 5.477144e+02 
4.092727e-01 7.798267e+02 5.343308e+02 
4.143131e-01 7.622805e+02 5.214031e+02 
4.193535e-01 7.452898e+02 5.089114e+02 
4.243939e-01 7.288510e+02 4.968369e+02 
4.294343e-01 7.129350e+02 4.851618e+02 
4.344747e-01 6.975008e+02 4.738693e+02 
4.395152e-01 6.825314e+02 4.629434e+02 
4.445556e-01 6.680183e+02 4.523689e+02 
4.495960e-01 6.539544e+02 4.421313e+02 
4.546364e-01 6.403173e+02 4.322169e+02 
4.596768e-01 6.270738e+02 4.226127e+02 
4.647172e-01 6.142091e+02 4.133063e+02 
4.697576e-01 6.017175e+02 4.042859e+02 
4.747980e-01 5.895958e+02 3.955403e+02 
4.798384e-01 5.778280e+02 3.870587e+02 
4.848788e-01 5.663837e+02 3.788310e+02 
4.899192e-01 5.552520e+02 3.708474e+02 
4.949596e-01 5.444312e+02 3.630988e+02 
5.000000e-01 5.339155e+02 3.555761e+02 
