1.000000e-03 4.700650e+03 4.700213e+03 
6.040404e-03 2.078542e+04 2.088220e+04 
1.108081e-02 2.831048e+04 2.824557e+04 
1.612121e-02 3.060678e+04 3.023389e+04 
2.116162e-02 2.966434e+04 2.867822e+04 
2.620202e-02 2.692783e+04 2.544109e+04 
3.124242e-02 2.350872e+04 2.210573e+04 
3.628283e-02 2.018606e+04 1.928746e+04 
4.132323e-02 1.740452e+04 1.700835e+04 
4.636364e-02 1.530487e+04 1.514758e+04 
5.140404e-02 1.389466e+04 1.359636e+04 
5.644444e-02 1.300286e+04 1.227872e+04 
6.148485e-02 1.243709e+04 1.114335e+04 
6.652525e-02 1.200023e+04 1.015461e+04 
7.156566e-02 1.152924e+04 9.286653e+03 
7.660606e-02 1.091928e+04 8.519915e+03 
8.164646e-02 1.013911e+04 7.839093e+03 
8.668687e-02 9.230353e+03 7.231901e+03 
9.172727e-02 8.276758e+03 6.688281e+03 
9.676768e-02 7.371400e+03 6.199884e+03 
1.018081e-01 6.592516e+03 5.759701e+03 
1.068485e-01 5.986504e+03 5.361799e+03 
1.118889e-01 5.560726e+03 5.001124e+03 
1.169293e-01 5.290508e+03 4.673341e+03 
1.219697e-01 5.131939e+03 4.374717e+03 
1.270101e-01 5.033434e+03 4.102023e+03 
1.320505e-01 4.943163e+03 3.852454e+03 
1.370909e-01 4.818033e+03 3.623564e+03 
1.421313e-01 4.633058e+03 3.413216e+03 
1.471717e-01 4.385614e+03 3.219534e+03 
1.522121e-01 4.090598e+03 3.040867e+03 
1.572525e-01 3.773593e+03 2.875759e+03 
1.622929e-01 3.465083e+03 2.722921e+03 
1.673333e-01 3.193034e+03 2.581211e+03 
1.723737e-01 2.975072e+03 2.449613e+03 
1.774141e-01 2.815412e+03 2.327220e+03 
1.824545e-01 2.707507e+03 2.213224e+03 
1.874949e-01 2.638844e+03 2.106901e+03 
1.925354e-01 2.593917e+03 2.007601e+03 
1.975758e-01 2.555551e+03 1.914740e+03 
2.026162e-01 2.507578e+03 1.827793e+03 
2.076566e-01 2.438965e+03 1.746283e+03 
2.126970e-01 2.346669e+03 1.669784e+03 
2.177374e-01 2.234672e+03 1.597905e+03 
2.227778e-01 2.111172e+03 1.530295e+03 
2.278182e-01 1.986128e+03 1.466634e+03 
2.328586e-01 1.869265e+03 1.406630e+03 
2.378990e-01 1.768188e+03 1.350017e+03 
2.429394e-01 1.686970e+03 1.296553e+03 
2.479798e-01 1.625834e+03 1.246016e+03 
2.530202e-01 1.581760e+03 1.198204e+03 
2.580606e-01 1.549489e+03 1.152930e+03 
2.631010e-01 1.522737e+03 1.110023e+03 
2.681414e-01 1.495462e+03 1.069327e+03 
2.731818e-01 1.463064e+03 1.030698e+03 
2.782222e-01 1.423131e+03 9.940016e+02 
2.832626e-01 1.375502e+03 9.591157e+02 
2.883030e-01 1.321965e+03 9.259268e+02 
2.933434e-01 1.265660e+03 8.943301e+02 
2.983838e-01 1.210210e+03 8.642286e+02 
3.034242e-01 1.158887e+03 8.355325e+02 
3.084646e-01 1.113982e+03 8.081583e+02 
3.135051e-01 1.076502e+03 7.820286e+02 
3.185455e-01 1.046168e+03 7.570716e+02 
3.235859e-01 1.021637e+03 7.332202e+02 
3.286263e-01 1.000918e+03 7.104121e+02 
3.336667e-01 9.818074e+02 6.885894e+02 
3.387071e-01 9.623500e+02 6.676977e+02 
3.437475e-01 9.410836e+02 6.476866e+02 
3.487879e-01 9.172980e+02 6.285088e+02 
3.538283e-01 8.910905e+02 6.101200e+02 
3.588687e-01 8.632643e+02 5.924790e+02 
3.639091e-01 8.350000e+02 5.755470e+02 
3.689495e-01 8.074987e+02 5.592877e+02 
3.739899e-01 7.817707e+02 5.436671e+02 
3.790303e-01 7.585122e+02 5.286530e+02 
3.840707e-01 7.380484e+02 5.142156e+02 
3.891111e-01 7.202828e+02 5.003266e+02 
3.941515e-01 7.046949e+02 4.869594e+02 
3.991919e-01 6.905184e+02 4.740890e+02 
4.042323e-01 6.769658e+02 4.616918e+02 
4.092727e-01 6.633985e+02 4.497457e+02 
4.143131e-01 6.493697e+02 4.382297e+02 
4.193535e-01 6.346584e+02 4.271240e+02 
4.243939e-01 6.192984e+02 4.164100e+02 
4.294343e-01 6.035374e+02 4.060700e+02 
4.344747e-01 5.877947e+02 3.960874e+02 
4.395152e-01 5.724876e+02 3.864465e+02 
4.445556e-01 5.579578e+02 3.771321e+02 
4.495960e-01 5.444403e+02 3.681303e+02 
4.546364e-01 5.320153e+02 3.594277e+02 
4.596768e-01 5.206486e+02 3.510115e+02 
4.647172e-01 5.101705e+02 3.428696e+02 
4.697576e-01 5.003141e+02 3.349908e+02 
4.747980e-01 4.908039e+02 3.273640e+02 
4.798384e-01 4.814027e+02 3.199790e+02 
4.848788e-01 4.719597e+02 3.128261e+02 
4.899192e-01 4.624016e+02 3.058958e+02 
4.949596e-01 4.527336e+02 2.991793e+02 
5.000000e-01 4.430249e+02 2.926682e+02 
