1.000000e-03 3.337386e+03 3.337071e+03 
6.040404e-03 1.444062e+04 1.449715e+04 
1.108081e-02 1.959699e+04 1.944453e+04 
1.612121e-02 2.137900e+04 2.087829e+04 
2.116162e-02 2.120293e+04 2.031252e+04 
2.620202e-02 1.998506e+04 1.891397e+04 
3.124242e-02 1.835913e+04 1.736659e+04 
3.628283e-02 1.673229e+04 1.590078e+04 
4.132323e-02 1.531955e+04 1.456239e+04 
4.636364e-02 1.417262e+04 1.335099e+04 
5.140404e-02 1.329750e+04 1.225730e+04 
5.644444e-02 1.256878e+04 1.127086e+04 
6.148485e-02 1.190372e+04 1.038140e+04 
6.652525e-02 1.122968e+04 9.579169e+03 
7.156566e-02 1.051002e+04 8.855085e+03 
7.660606e-02 9.748877e+03 8.200823e+03 
8.164646e-02 8.984254e+03 7.608842e+03 
8.668687e-02 8.264222e+03 7.072374e+03 
9.172727e-02 7.624759e+03 6.585388e+03 
9.676768e-02 7.085799e+03 6.142528e+03 
1.018081e-01 6.652795e+03 5.739059e+03 
1.068485e-01 6.312611e+03 5.370793e+03 
1.118889e-01 6.034589e+03 5.034038e+03 
1.169293e-01 5.783521e+03 4.725532e+03 
1.219697e-01 5.532834e+03 4.442394e+03 
1.270101e-01 5.268639e+03 4.182079e+03 
1.320505e-01 4.988503e+03 3.942332e+03 
1.370909e-01 4.699560e+03 3.721156e+03 
1.421313e-01 4.415239e+03 3.516779e+03 
1.471717e-01 4.149558e+03 3.327624e+03 
1.522121e-01 3.912267e+03 3.152288e+03 
1.572525e-01 3.708005e+03 2.989518e+03 
1.622929e-01 3.537156e+03 2.838196e+03 
1.673333e-01 3.394773e+03 2.697318e+03 
1.723737e-01 3.271017e+03 2.565987e+03 
1.774141e-01 3.155379e+03 2.443394e+03 
1.824545e-01 3.040521e+03 2.328814e+03 
1.874949e-01 2.922816e+03 2.221591e+03 
1.925354e-01 2.801348e+03 2.121133e+03 
1.975758e-01 2.677652e+03 2.026905e+03 
2.026162e-01 2.555470e+03 1.938423e+03 
2.076566e-01 2.439471e+03 1.855246e+03 
2.126970e-01 2.333159e+03 1.776974e+03 
2.177374e-01 2.238004e+03 1.703244e+03 
2.227778e-01 2.153631e+03 1.633724e+03 
2.278182e-01 2.078464e+03 1.568110e+03 
2.328586e-01 2.010201e+03 1.506127e+03 
2.378990e-01 1.946198e+03 1.447522e+03 
2.429394e-01 1.884220e+03 1.392060e+03 
2.479798e-01 1.822813e+03 1.339531e+03 
2.530202e-01 1.761262e+03 1.289737e+03 
2.580606e-01 1.699706e+03 1.242500e+03 
2.631010e-01 1.639175e+03 1.197652e+03 
2.681414e-01 1.581050e+03 1.155042e+03 
2.731818e-01 1.526346e+03 1.114527e+03 
2.782222e-01 1.475436e+03 1.075977e+03 
2.832626e-01 1.428264e+03 1.039272e+03 
2.883030e-01 1.384604e+03 1.004300e+03 
2.933434e-01 1.343963e+03 9.709564e+02 
2.983838e-01 1.305531e+03 9.391458e+02 
3.034242e-01 1.268499e+03 9.087788e+02 
3.084646e-01 1.232372e+03 8.797720e+02 
3.135051e-01 1.196967e+03 8.520482e+02 
3.185455e-01 1.162275e+03 8.255354e+02 
3.235859e-01 1.128403e+03 8.001663e+02 
3.286263e-01 1.095557e+03 7.758783e+02 
3.336667e-01 1.064015e+03 7.526129e+02 
3.387071e-01 1.034022e+03 7.303153e+02 
3.437475e-01 1.005634e+03 7.089343e+02 
3.487879e-01 9.787171e+02 6.884221e+02 
3.538283e-01 9.531095e+02 6.687337e+02 
3.588687e-01 9.286420e+02 6.498270e+02 
3.639091e-01 9.051055e+02 6.316626e+02 
3.689495e-01 8.823036e+02 6.142033e+02 
3.739899e-01 8.601246e+02 5.974144e+02 
3.790303e-01 8.385418e+02 5.812629e+02 
3.840707e-01 8.175688e+02 5.657182e+02 
3.891111e-01 7.972252e+02 5.507512e+02 
3.941515e-01 7.775383e+02 5.363344e+02 
3.991919e-01 7.585530e+02 5.224423e+02 
4.042323e-01 7.403074e+02 5.090503e+02 
4.092727e-01 7.228003e+02 4.961356e+02 
4.143131e-01 7.059715e+02 4.836764e+02 
4.193535e-01 6.897289e+02 4.716524e+02 
4.243939e-01 6.740315e+02 4.600440e+02 
4.294343e-01 6.588469e+02 4.488331e+02 
4.344747e-01 6.441321e+02 4.380021e+02 
4.395152e-01 6.298221e+02 4.275348e+02 
4.445556e-01 6.158903e+02 4.174154e+02 
4.495960e-01 6.023638e+02 4.076293e+02 
4.546364e-01 5.892593e+02 3.981625e+02 
4.596768e-01 5.765585e+02 3.890016e+02 
4.647172e-01 5.642451e+02 3.801340e+02 
4.697576e-01 5.523026e+02 3.715478e+02 
4.747980e-01 5.407543e+02 3.632314e+02 
4.798384e-01 5.295803e+02 3.551742e+02 
4.848788e-01 5.187363e+02 3.473658e+02 
4.899192e-01 5.081961e+02 3.397963e+02 
4.949596e-01 4.979499e+02 3.324565e+02 
5.000000e-01 4.879959e+02 3.253374e+02 
