1.000000e-03 3.211377e+03 3.211087e+03 
6.040404e-03 1.430098e+04 1.436208e+04 
1.108081e-02 1.975699e+04 1.965579e+04 
1.612121e-02 2.177831e+04 2.138478e+04 
2.116162e-02 2.167664e+04 2.087105e+04 
2.620202e-02 2.037427e+04 1.931288e+04 
3.124242e-02 1.856030e+04 1.756977e+04 
3.628283e-02 1.671114e+04 1.596313e+04 
4.132323e-02 1.510236e+04 1.454243e+04 
4.636364e-02 1.383101e+04 1.328825e+04 
5.140404e-02 1.289926e+04 1.217503e+04 
5.644444e-02 1.221327e+04 1.118196e+04 
6.148485e-02 1.165001e+04 1.029279e+04 
6.652525e-02 1.111790e+04 9.494394e+03 
7.156566e-02 1.053156e+04 8.775824e+03 
7.660606e-02 9.856195e+03 8.127714e+03 
8.164646e-02 9.111420e+03 7.541956e+03 
8.668687e-02 8.351648e+03 7.011483e+03 
9.172727e-02 7.633117e+03 6.530116e+03 
9.676768e-02 6.998098e+03 6.092439e+03 
1.018081e-01 6.474617e+03 5.693700e+03 
1.068485e-01 6.072752e+03 5.329727e+03 
1.118889e-01 5.778895e+03 4.996851e+03 
1.169293e-01 5.559338e+03 4.691844e+03 
1.219697e-01 5.373807e+03 4.411859e+03 
1.270101e-01 5.188648e+03 4.154382e+03 
1.320505e-01 4.982288e+03 3.917192e+03 
1.370909e-01 4.745863e+03 3.698321e+03 
1.421313e-01 4.482755e+03 3.496023e+03 
1.471717e-01 4.205923e+03 3.308744e+03 
1.522121e-01 3.933132e+03 3.135104e+03 
1.572525e-01 3.681644e+03 2.973868e+03 
1.622929e-01 3.464721e+03 2.823935e+03 
1.673333e-01 3.288373e+03 2.684317e+03 
1.723737e-01 3.150224e+03 2.554129e+03 
1.774141e-01 3.041580e+03 2.432577e+03 
1.824545e-01 2.950996e+03 2.318943e+03 
1.874949e-01 2.867361e+03 2.212581e+03 
1.925354e-01 2.781318e+03 2.112910e+03 
1.975758e-01 2.686274e+03 2.019400e+03 
2.026162e-01 2.580103e+03 1.931573e+03 
2.076566e-01 2.465537e+03 1.848997e+03 
2.126970e-01 2.348557e+03 1.771275e+03 
2.177374e-01 2.235340e+03 1.698049e+03 
2.227778e-01 2.130771e+03 1.628991e+03 
2.278182e-01 2.038275e+03 1.563803e+03 
2.328586e-01 1.959405e+03 1.502211e+03 
2.378990e-01 1.893379e+03 1.443964e+03 
2.429394e-01 1.837285e+03 1.388834e+03 
2.479798e-01 1.787239e+03 1.336609e+03 
2.530202e-01 1.739618e+03 1.287097e+03 
2.580606e-01 1.691552e+03 1.240118e+03 
2.631010e-01 1.641091e+03 1.195510e+03 
2.681414e-01 1.587576e+03 1.153121e+03 
2.731818e-01 1.531855e+03 1.112810e+03 
2.782222e-01 1.475908e+03 1.074450e+03 
2.832626e-01 1.421787e+03 1.037919e+03 
2.883030e-01 1.371038e+03 1.003109e+03 
2.933434e-01 1.324633e+03 9.699153e+02 
2.983838e-01 1.282977e+03 9.382436e+02 
3.034242e-01 1.245889e+03 9.080051e+02 
3.084646e-01 1.212581e+03 8.791176e+02 
3.135051e-01 1.181808e+03 8.515044e+02 
3.185455e-01 1.152264e+03 8.250941e+02 
3.235859e-01 1.122951e+03 7.998201e+02 
3.286263e-01 1.093336e+03 7.756204e+02 
3.336667e-01 1.063315e+03 7.524368e+02 
3.387071e-01 1.033045e+03 7.302152e+02 
3.437475e-01 1.002948e+03 7.089047e+02 
3.487879e-01 9.735941e+02 6.884579e+02 
3.538283e-01 9.456051e+02 6.688302e+02 
3.588687e-01 9.193988e+02 6.499798e+02 
3.639091e-01 8.950580e+02 6.318676e+02 
3.689495e-01 8.724370e+02 6.144568e+02 
3.739899e-01 8.512791e+02 5.977127e+02 
3.790303e-01 8.312659e+02 5.816029e+02 
3.840707e-01 8.120551e+02 5.660968e+02 
3.891111e-01 7.933123e+02 5.511655e+02 
3.941515e-01 7.747841e+02 5.367818e+02 
3.991919e-01 7.563483e+02 5.229202e+02 
4.042323e-01 7.380660e+02 5.095565e+02 
4.092727e-01 7.200930e+02 4.966680e+02 
4.143131e-01 7.025920e+02 4.842329e+02 
4.193535e-01 6.856995e+02 4.722311e+02 
4.243939e-01 6.695027e+02 4.606432e+02 
4.294343e-01 6.540749e+02 4.494511e+02 
4.344747e-01 6.394317e+02 4.386374e+02 
4.395152e-01 6.254868e+02 4.281859e+02 
4.445556e-01 6.121148e+02 4.180811e+02 
4.495960e-01 5.991846e+02 4.083083e+02 
4.546364e-01 5.866047e+02 3.988535e+02 
4.596768e-01 5.743133e+02 3.897036e+02 
4.647172e-01 5.622517e+02 3.808460e+02 
4.697576e-01 5.504072e+02 3.722687e+02 
4.747980e-01 5.387903e+02 3.639605e+02 
4.798384e-01 5.274449e+02 3.559105e+02 
4.848788e-01 5.164340e+02 3.481085e+02 
4.899192e-01 5.057900e+02 3.405448e+02 
4.949596e-01 4.955152e+02 3.332100e+02 
5.000000e-01 4.856007e+02 3.260953e+02 
