1.000000e-03 2.490302e+03 2.490076e+03 
6.040404e-03 1.101104e+04 1.105440e+04 
1.108081e-02 1.519825e+04 1.505709e+04 
1.612121e-02 1.690160e+04 1.645831e+04 
2.116162e-02 1.715487e+04 1.640782e+04 
2.620202e-02 1.660674e+04 1.569823e+04 
3.124242e-02 1.568977e+04 1.476557e+04 
3.628283e-02 1.468005e+04 1.378447e+04 
4.132323e-02 1.372705e+04 1.282132e+04 
4.636364e-02 1.288344e+04 1.190427e+04 
5.140404e-02 1.214694e+04 1.104567e+04 
5.644444e-02 1.147865e+04 1.024990e+04 
6.148485e-02 1.083333e+04 9.516969e+03 
6.652525e-02 1.019772e+04 8.844458e+03 
7.156566e-02 9.554354e+03 8.228700e+03 
7.660606e-02 8.913930e+03 7.665469e+03 
8.164646e-02 8.304334e+03 7.150394e+03 
8.668687e-02 7.751476e+03 6.679201e+03 
9.172727e-02 7.264236e+03 6.247846e+03 
9.676768e-02 6.840096e+03 5.852573e+03 
1.018081e-01 6.473800e+03 5.489946e+03 
1.068485e-01 6.155667e+03 5.156840e+03 
1.118889e-01 5.867305e+03 4.850438e+03 
1.169293e-01 5.589643e+03 4.568200e+03 
1.219697e-01 5.312356e+03 4.307850e+03 
1.270101e-01 5.036044e+03 4.067345e+03 
1.320505e-01 4.766600e+03 3.844853e+03 
1.370909e-01 4.510549e+03 3.638733e+03 
1.421313e-01 4.273352e+03 3.447513e+03 
1.471717e-01 4.058193e+03 3.269874e+03 
1.522121e-01 3.865378e+03 3.104629e+03 
1.572525e-01 3.693465e+03 2.950711e+03 
1.622929e-01 3.539157e+03 2.807161e+03 
1.673333e-01 3.397374e+03 2.673113e+03 
1.723737e-01 3.262676e+03 2.547787e+03 
1.774141e-01 3.131442e+03 2.430477e+03 
1.824545e-01 3.003076e+03 2.320544e+03 
1.874949e-01 2.878349e+03 2.217409e+03 
1.925354e-01 2.757980e+03 2.120548e+03 
1.975758e-01 2.643126e+03 2.029484e+03 
2.026162e-01 2.535448e+03 1.943781e+03 
2.076566e-01 2.436111e+03 1.863044e+03 
2.126970e-01 2.344703e+03 1.786913e+03 
2.177374e-01 2.259825e+03 1.715057e+03 
2.227778e-01 2.180227e+03 1.647175e+03 
2.278182e-01 2.104957e+03 1.582990e+03 
2.328586e-01 2.033082e+03 1.522249e+03 
2.378990e-01 1.963719e+03 1.464719e+03 
2.429394e-01 1.896515e+03 1.410186e+03 
2.479798e-01 1.831716e+03 1.358454e+03 
2.530202e-01 1.769619e+03 1.309340e+03 
2.580606e-01 1.710344e+03 1.262677e+03 
2.631010e-01 1.653960e+03 1.218311e+03 
2.681414e-01 1.600579e+03 1.176099e+03 
2.731818e-01 1.550218e+03 1.135909e+03 
2.782222e-01 1.502580e+03 1.097618e+03 
2.832626e-01 1.457188e+03 1.061113e+03 
2.883030e-01 1.413643e+03 1.026288e+03 
2.933434e-01 1.371760e+03 9.930446e+02 
2.983838e-01 1.331493e+03 9.612926e+02 
3.034242e-01 1.292733e+03 9.309469e+02 
3.084646e-01 1.255383e+03 9.019286e+02 
3.135051e-01 1.219411e+03 8.741639e+02 
3.185455e-01 1.184850e+03 8.475842e+02 
3.235859e-01 1.151773e+03 8.221252e+02 
3.286263e-01 1.120131e+03 7.977269e+02 
3.336667e-01 1.089779e+03 7.743332e+02 
3.387071e-01 1.060613e+03 7.518916e+02 
3.437475e-01 1.032586e+03 7.303527e+02 
3.487879e-01 1.005640e+03 7.096705e+02 
3.538283e-01 9.796784e+02 6.898016e+02 
3.588687e-01 9.545880e+02 6.707053e+02 
3.639091e-01 9.303278e+02 6.523434e+02 
3.689495e-01 9.069115e+02 6.346800e+02 
3.739899e-01 8.843422e+02 6.176812e+02 
3.790303e-01 8.625835e+02 6.013152e+02 
3.840707e-01 8.415788e+02 5.855520e+02 
3.891111e-01 8.212919e+02 5.703634e+02 
3.941515e-01 8.017043e+02 5.557226e+02 
3.991919e-01 7.828031e+02 5.416045e+02 
4.042323e-01 7.645564e+02 5.279853e+02 
4.092727e-01 7.468961e+02 5.148425e+02 
4.143131e-01 7.297858e+02 5.021549e+02 
4.193535e-01 7.132188e+02 4.899023e+02 
4.243939e-01 6.971924e+02 4.780659e+02 
4.294343e-01 6.816821e+02 4.666274e+02 
4.344747e-01 6.666426e+02 4.555699e+02 
4.395152e-01 6.520556e+02 4.448772e+02 
4.445556e-01 6.379278e+02 4.345339e+02 
4.495960e-01 6.242524e+02 4.245255e+02 
4.546364e-01 6.109986e+02 4.148380e+02 
4.596768e-01 5.981316e+02 4.054584e+02 
4.647172e-01 5.856379e+02 3.963742e+02 
4.697576e-01 5.735200e+02 3.875735e+02 
4.747980e-01 5.617621e+02 3.790450e+02 
4.798384e-01 5.503424e+02 3.707779e+02 
4.848788e-01 5.392425e+02 3.627621e+02 
4.899192e-01 5.284506e+02 3.549876e+02 
4.949596e-01 5.179724e+02 3.474454e+02 
5.000000e-01 5.077905e+02 3.401264e+02 
