1.000000e-03 2.755984e+03 2.755731e+03 
6.040404e-03 1.225862e+04 1.230646e+04 
1.108081e-02 1.688178e+04 1.673592e+04 
1.612121e-02 1.867329e+04 1.820687e+04 
2.116162e-02 1.880244e+04 1.799952e+04 
2.620202e-02 1.802149e+04 1.705415e+04 
3.124242e-02 1.684644e+04 1.590376e+04 
3.628283e-02 1.560852e+04 1.474613e+04 
4.132323e-02 1.448719e+04 1.364235e+04 
4.636364e-02 1.353057e+04 1.261177e+04 
5.140404e-02 1.274954e+04 1.165995e+04 
5.644444e-02 1.205831e+04 1.078656e+04 
6.148485e-02 1.140554e+04 9.988283e+03 
6.652525e-02 1.074807e+04 9.260299e+03 
7.156566e-02 1.006478e+04 8.597120e+03 
7.660606e-02 9.365497e+03 7.993115e+03 
8.164646e-02 8.685269e+03 7.442805e+03 
8.668687e-02 8.060366e+03 6.941027e+03 
9.172727e-02 7.509913e+03 6.483012e+03 
9.676768e-02 7.040044e+03 6.064413e+03 
1.018081e-01 6.649234e+03 5.681302e+03 
1.068485e-01 6.324210e+03 5.330150e+03 
1.118889e-01 6.040404e+03 5.007797e+03 
1.169293e-01 5.770813e+03 4.711420e+03 
1.219697e-01 5.498351e+03 4.438499e+03 
1.270101e-01 5.219335e+03 4.186786e+03 
1.320505e-01 4.937668e+03 3.954277e+03 
1.370909e-01 4.661454e+03 3.739181e+03 
1.421313e-01 4.400177e+03 3.539900e+03 
1.471717e-01 4.161770e+03 3.355002e+03 
1.522121e-01 3.950480e+03 3.183208e+03 
1.572525e-01 3.766438e+03 3.023370e+03 
1.622929e-01 3.606738e+03 2.874455e+03 
1.673333e-01 3.465214e+03 2.735538e+03 
1.723737e-01 3.334128e+03 2.605783e+03 
1.774141e-01 3.207050e+03 2.484437e+03 
1.824545e-01 3.080682e+03 2.370821e+03 
1.874949e-01 2.954495e+03 2.264319e+03 
1.925354e-01 2.829334e+03 2.164374e+03 
1.975758e-01 2.707265e+03 2.070480e+03 
2.026162e-01 2.591327e+03 1.982178e+03 
2.076566e-01 2.484052e+03 1.899051e+03 
2.126970e-01 2.386271e+03 1.820717e+03 
2.177374e-01 2.297322e+03 1.746829e+03 
2.227778e-01 2.215956e+03 1.677069e+03 
2.278182e-01 2.140657e+03 1.611147e+03 
2.328586e-01 2.069516e+03 1.548798e+03 
2.378990e-01 2.000853e+03 1.489776e+03 
2.429394e-01 1.933767e+03 1.433858e+03 
2.479798e-01 1.868155e+03 1.380837e+03 
2.530202e-01 1.804236e+03 1.330525e+03 
2.580606e-01 1.742286e+03 1.282747e+03 
2.631010e-01 1.682862e+03 1.237340e+03 
2.681414e-01 1.626713e+03 1.194156e+03 
2.731818e-01 1.574196e+03 1.153058e+03 
2.782222e-01 1.525044e+03 1.113917e+03 
2.832626e-01 1.478688e+03 1.076616e+03 
2.883030e-01 1.434649e+03 1.041046e+03 
2.933434e-01 1.392626e+03 1.007103e+03 
2.983838e-01 1.352302e+03 9.746949e+02 
3.034242e-01 1.313248e+03 9.437323e+02 
3.084646e-01 1.275261e+03 9.141337e+02 
3.135051e-01 1.238395e+03 8.858230e+02 
3.185455e-01 1.202842e+03 8.587288e+02 
3.235859e-01 1.168727e+03 8.327848e+02 
3.286263e-01 1.136036e+03 8.079290e+02 
3.336667e-01 1.104743e+03 7.841033e+02 
3.387071e-01 1.074848e+03 7.612535e+02 
3.437475e-01 1.046331e+03 7.393287e+02 
3.487879e-01 1.019046e+03 7.182813e+02 
3.538283e-01 9.927847e+02 6.980666e+02 
3.588687e-01 9.673883e+02 6.786427e+02 
3.639091e-01 9.428062e+02 6.599702e+02 
3.689495e-01 9.190453e+02 6.420121e+02 
3.739899e-01 8.960703e+02 6.247336e+02 
3.790303e-01 8.738322e+02 6.081019e+02 
3.840707e-01 8.523312e+02 5.920862e+02 
3.891111e-01 8.315899e+02 5.766574e+02 
3.941515e-01 8.116175e+02 5.617881e+02 
3.991919e-01 7.923782e+02 5.474524e+02 
4.042323e-01 7.737973e+02 5.336260e+02 
4.092727e-01 7.558498e+02 5.202856e+02 
4.143131e-01 7.385173e+02 5.074096e+02 
4.193535e-01 7.217539e+02 4.949773e+02 
4.243939e-01 7.054997e+02 4.829692e+02 
4.294343e-01 6.897247e+02 4.713669e+02 
4.344747e-01 6.744308e+02 4.601528e+02 
4.395152e-01 6.596141e+02 4.493104e+02 
4.445556e-01 6.452632e+02 4.388239e+02 
4.495960e-01 6.313470e+02 4.286783e+02 
4.546364e-01 6.178541e+02 4.188597e+02 
4.596768e-01 6.047745e+02 4.093544e+02 
4.647172e-01 5.921000e+02 4.001498e+02 
4.697576e-01 5.798167e+02 3.912336e+02 
4.747980e-01 5.678890e+02 3.825944e+02 
4.798384e-01 5.563024e+02 3.742211e+02 
4.848788e-01 5.450466e+02 3.661033e+02 
4.899192e-01 5.341147e+02 3.582309e+02 
4.949596e-01 5.234910e+02 3.505946e+02 
5.000000e-01 5.131541e+02 3.431853e+02 
