1.000000e-03 7.335840e+03 7.335148e+03 
6.040404e-03 3.270287e+04 3.287015e+04 
1.108081e-02 4.446093e+04 4.452693e+04 
1.612121e-02 4.759977e+04 4.746277e+04 
2.116162e-02 4.521705e+04 4.413712e+04 
2.620202e-02 3.970874e+04 3.739013e+04 
3.124242e-02 3.302950e+04 3.042520e+04 
3.628283e-02 2.660848e+04 2.482418e+04 
4.132323e-02 2.127497e+04 2.067137e+04 
4.636364e-02 1.730816e+04 1.759256e+04 
5.140404e-02 1.469190e+04 1.524279e+04 
5.644444e-02 1.316386e+04 1.338882e+04 
6.148485e-02 1.241067e+04 1.188342e+04 
6.652525e-02 1.211650e+04 1.063309e+04 
7.156566e-02 1.199581e+04 9.576417e+03 
7.660606e-02 1.180250e+04 8.671391e+03 
8.164646e-02 1.135691e+04 7.888063e+03 
8.668687e-02 1.058927e+04 7.204316e+03 
9.172727e-02 9.545042e+03 6.603306e+03 
9.676768e-02 8.351644e+03 6.071887e+03 
1.018081e-01 7.164445e+03 5.599587e+03 
1.068485e-01 6.117848e+03 5.177929e+03 
1.118889e-01 5.295291e+03 4.799958e+03 
1.169293e-01 4.724250e+03 4.459901e+03 
1.219697e-01 4.389887e+03 4.152927e+03 
1.270101e-01 4.250441e+03 3.874955e+03 
1.320505e-01 4.247479e+03 3.622520e+03 
1.370909e-01 4.312645e+03 3.392657e+03 
1.421313e-01 4.376945e+03 3.182819e+03 
1.471717e-01 4.381241e+03 2.990803e+03 
1.522121e-01 4.285148e+03 2.814702e+03 
1.572525e-01 4.074442e+03 2.652850e+03 
1.622929e-01 3.765193e+03 2.503795e+03 
1.673333e-01 3.399007e+03 2.366261e+03 
1.723737e-01 3.027082e+03 2.239123e+03 
1.774141e-01 2.692627e+03 2.121391e+03 
1.824545e-01 2.422645e+03 2.012185e+03 
1.874949e-01 2.229102e+03 1.910727e+03 
1.925354e-01 2.112564e+03 1.816322e+03 
1.975758e-01 2.063792e+03 1.728351e+03 
2.026162e-01 2.064779e+03 1.646259e+03 
2.076566e-01 2.091977e+03 1.569550e+03 
2.126970e-01 2.120924e+03 1.497778e+03 
2.177374e-01 2.130415e+03 1.430539e+03 
2.227778e-01 2.105176e+03 1.367473e+03 
2.278182e-01 2.038152e+03 1.308250e+03 
2.328586e-01 1.932254e+03 1.252575e+03 
2.378990e-01 1.799323e+03 1.200177e+03 
2.429394e-01 1.656025e+03 1.150813e+03 
2.479798e-01 1.518752e+03 1.104260e+03 
2.530202e-01 1.400233e+03 1.060314e+03 
2.580606e-01 1.308326e+03 1.018791e+03 
2.631010e-01 1.245852e+03 9.795204e+02 
2.681414e-01 1.210967e+03 9.423477e+02 
2.731818e-01 1.198038e+03 9.071305e+02 
2.782222e-01 1.199076e+03 8.737380e+02 
2.832626e-01 1.205192e+03 8.420501e+02 
2.883030e-01 1.207812e+03 8.119563e+02 
2.933434e-01 1.199862e+03 7.833545e+02 
2.983838e-01 1.176848e+03 7.561507e+02 
3.034242e-01 1.137952e+03 7.302581e+02 
3.084646e-01 1.086016e+03 7.055961e+02 
3.135051e-01 1.026354e+03 6.820904e+02 
3.185455e-01 9.651421e+02 6.596720e+02 
3.235859e-01 9.079700e+02 6.382768e+02 
3.286263e-01 8.591114e+02 6.178454e+02 
3.336667e-01 8.211095e+02 5.983224e+02 
3.387071e-01 7.946269e+02 5.796565e+02 
3.437475e-01 7.784907e+02 5.617997e+02 
3.487879e-01 7.701209e+02 5.447073e+02 
3.538283e-01 7.661756e+02 5.283376e+02 
3.588687e-01 7.631502e+02 5.126516e+02 
3.639091e-01 7.579070e+02 4.976130e+02 
3.689495e-01 7.480527e+02 4.831876e+02 
3.739899e-01 7.322958e+02 4.693436e+02 
3.790303e-01 7.107178e+02 4.560511e+02 
3.840707e-01 6.846352e+02 4.432820e+02 
3.891111e-01 6.561373e+02 4.310102e+02 
3.941515e-01 6.275401e+02 4.192107e+02 
3.991919e-01 6.009181e+02 4.078606e+02 
4.042323e-01 5.778603e+02 3.969378e+02 
4.092727e-01 5.592701e+02 3.864219e+02 
4.143131e-01 5.452822e+02 3.762936e+02 
4.193535e-01 5.353068e+02 3.665345e+02 
4.243939e-01 5.282629e+02 3.571275e+02 
4.294343e-01 5.228499e+02 3.480564e+02 
4.344747e-01 5.177345e+02 3.393058e+02 
4.395152e-01 5.116475e+02 3.308613e+02 
4.445556e-01 5.036971e+02 3.227093e+02 
4.495960e-01 4.934782e+02 3.148367e+02 
4.546364e-01 4.811394e+02 3.072313e+02 
4.596768e-01 4.672185e+02 2.998816e+02 
4.647172e-01 4.524952e+02 2.927765e+02 
4.697576e-01 4.378294e+02 2.859057e+02 
4.747980e-01 4.240383e+02 2.792592e+02 
4.798384e-01 4.117754e+02 2.728278e+02 
4.848788e-01 4.013720e+02 2.666024e+02 
4.899192e-01 3.928407e+02 2.605748e+02 
4.949596e-01 3.859272e+02 2.547368e+02 
5.000000e-01 3.802238e+02 2.490808e+02 
