1.000000e-03 7.224118e+03 7.223462e+03 
6.040404e-03 3.283278e+04 3.335962e+04 
1.108081e-02 4.491933e+04 4.620324e+04 
1.612121e-02 4.826870e+04 5.148302e+04 
2.116162e-02 4.596968e+04 5.266385e+04 
2.620202e-02 4.044769e+04 5.172265e+04 
3.124242e-02 3.369658e+04 4.972102e+04 
3.628283e-02 2.718165e+04 4.721890e+04 
4.132323e-02 2.175828e+04 4.452313e+04 
4.636364e-02 1.771962e+04 4.180568e+04 
5.140404e-02 1.505529e+04 3.916212e+04 
5.644444e-02 1.350111e+04 3.664343e+04 
6.148485e-02 1.273885e+04 3.427416e+04 
6.652525e-02 1.244625e+04 3.206323e+04 
7.156566e-02 1.233097e+04 3.001040e+04 
7.660606e-02 1.214033e+04 2.811024e+04 
8.164646e-02 1.168936e+04 2.635451e+04 
8.668687e-02 1.090577e+04 2.473365e+04 
9.172727e-02 9.835940e+03 2.323767e+04 
9.676768e-02 8.610853e+03 2.185669e+04 
1.018081e-01 7.390648e+03 2.058122e+04 
1.068485e-01 6.314149e+03 1.940233e+04 
1.118889e-01 5.467809e+03 1.831174e+04 
1.169293e-01 4.880401e+03 1.730183e+04 
1.219697e-01 4.536987e+03 1.636562e+04 
1.270101e-01 4.394734e+03 1.549677e+04 
1.320505e-01 4.393471e+03 1.468949e+04 
1.370909e-01 4.462639e+03 1.393855e+04 
1.421313e-01 4.530905e+03 1.323920e+04 
1.471717e-01 4.537026e+03 1.258713e+04 
1.522121e-01 4.439103e+03 1.197845e+04 
1.572525e-01 4.222288e+03 1.140962e+04 
1.622929e-01 3.903127e+03 1.087743e+04 
1.673333e-01 3.524675e+03 1.037898e+04 
1.723737e-01 3.139993e+03 9.911619e+03 
1.774141e-01 2.793922e+03 9.472953e+03 
1.824545e-01 2.514536e+03 9.060791e+03 
1.874949e-01 2.314325e+03 8.673144e+03 
1.925354e-01 2.193955e+03 8.308194e+03 
1.975758e-01 2.143896e+03 7.964284e+03 
2.026162e-01 2.145499e+03 7.639899e+03 
2.076566e-01 2.174333e+03 7.333652e+03 
2.126970e-01 2.204986e+03 7.044273e+03 
2.177374e-01 2.215409e+03 6.770596e+03 
2.227778e-01 2.189699e+03 6.511553e+03 
2.278182e-01 2.120492e+03 6.266160e+03 
2.328586e-01 2.010788e+03 6.033513e+03 
2.378990e-01 1.872884e+03 5.812779e+03 
2.429394e-01 1.724115e+03 5.603189e+03 
2.479798e-01 1.581546e+03 5.404034e+03 
2.530202e-01 1.458442e+03 5.214660e+03 
2.580606e-01 1.363002e+03 5.034458e+03 
2.631010e-01 1.298186e+03 4.862869e+03 
2.681414e-01 1.262093e+03 4.699373e+03 
2.731818e-01 1.248867e+03 4.543486e+03 
2.782222e-01 1.250194e+03 4.394760e+03 
2.832626e-01 1.256813e+03 4.252780e+03 
2.883030e-01 1.259784e+03 4.117158e+03 
2.933434e-01 1.251724e+03 3.987533e+03 
2.983838e-01 1.227939e+03 3.863568e+03 
3.034242e-01 1.187569e+03 3.744952e+03 
3.084646e-01 1.133568e+03 3.631390e+03 
3.135051e-01 1.071480e+03 3.522609e+03 
3.185455e-01 1.007750e+03 3.418355e+03 
3.235859e-01 9.482132e+02 3.318387e+03 
3.286263e-01 8.973378e+02 3.222482e+03 
3.336667e-01 8.577851e+02 3.130430e+03 
3.387071e-01 8.302532e+02 3.042034e+03 
3.437475e-01 8.135225e+02 2.957110e+03 
3.487879e-01 8.049019e+02 2.875484e+03 
3.538283e-01 8.009017e+02 2.796993e+03 
3.588687e-01 7.978603e+02 2.721484e+03 
3.639091e-01 7.924973e+02 2.648813e+03 
3.689495e-01 7.823088e+02 2.578844e+03 
3.739899e-01 7.659419e+02 2.511448e+03 
3.790303e-01 7.434794e+02 2.446506e+03 
3.840707e-01 7.162960e+02 2.383904e+03 
3.891111e-01 6.865764e+02 2.323533e+03 
3.941515e-01 6.567434e+02 2.265293e+03 
3.991919e-01 6.289683e+02 2.209088e+03 
4.042323e-01 6.049157e+02 2.154827e+03 
4.092727e-01 5.855331e+02 2.102425e+03 
4.143131e-01 5.709634e+02 2.051799e+03 
4.193535e-01 5.605911e+02 2.002874e+03 
4.243939e-01 5.532856e+02 1.955575e+03 
4.294343e-01 5.476857e+02 1.909835e+03 
4.344747e-01 5.423953e+02 1.865588e+03 
4.395152e-01 5.360849e+02 1.822771e+03 
4.445556e-01 5.278194e+02 1.781326e+03 
4.495960e-01 5.171739e+02 1.741196e+03 
4.546364e-01 5.043031e+02 1.702328e+03 
4.596768e-01 4.897701e+02 1.664671e+03 
4.647172e-01 4.743918e+02 1.628177e+03 
4.697576e-01 4.590696e+02 1.592800e+03 
4.747980e-01 4.446605e+02 1.558497e+03 
4.798384e-01 4.318503e+02 1.525225e+03 
4.848788e-01 4.209871e+02 1.492945e+03 
4.899192e-01 4.120847e+02 1.461620e+03 
4.949596e-01 4.048772e+02 1.431212e+03 
5.000000e-01 3.989373e+02 1.401689e+03 
