1.000000e-03 2.301563e+03 2.301351e+03 
6.040404e-03 1.039130e+04 1.043083e+04 
1.108081e-02 1.445870e+04 1.431755e+04 
1.612121e-02 1.617370e+04 1.573636e+04 
2.116162e-02 1.650254e+04 1.577123e+04 
2.620202e-02 1.605696e+04 1.516727e+04 
3.124242e-02 1.524662e+04 1.433038e+04 
3.628283e-02 1.433205e+04 1.342773e+04 
4.132323e-02 1.345390e+04 1.252766e+04 
4.636364e-02 1.265731e+04 1.166159e+04 
5.140404e-02 1.196754e+04 1.084458e+04 
5.644444e-02 1.131625e+04 1.008303e+04 
6.148485e-02 1.068433e+04 9.378457e+03 
6.652525e-02 1.006109e+04 8.729585e+03 
7.156566e-02 9.432779e+03 8.133626e+03 
7.660606e-02 8.811502e+03 7.587042e+03 
8.164646e-02 8.225331e+03 7.086015e+03 
8.668687e-02 7.697673e+03 6.626714e+03 
9.172727e-02 7.233069e+03 6.205451e+03 
9.676768e-02 6.826060e+03 5.818764e+03 
1.018081e-01 6.470605e+03 5.463454e+03 
1.068485e-01 6.156704e+03 5.136597e+03 
1.118889e-01 5.867298e+03 4.835537e+03 
1.169293e-01 5.585870e+03 4.557873e+03 
1.219697e-01 5.305067e+03 4.301440e+03 
1.270101e-01 5.027929e+03 4.064292e+03 
1.320505e-01 4.761191e+03 3.844677e+03 
1.370909e-01 4.510994e+03 3.641023e+03 
1.421313e-01 4.281239e+03 3.451915e+03 
1.471717e-01 4.073258e+03 3.276081e+03 
1.522121e-01 3.886074e+03 3.112378e+03 
1.572525e-01 3.717829e+03 2.959774e+03 
1.622929e-01 3.564934e+03 2.817339e+03 
1.673333e-01 3.422276e+03 2.684236e+03 
1.723737e-01 3.285088e+03 2.559704e+03 
1.774141e-01 3.151198e+03 2.443059e+03 
1.824545e-01 3.021134e+03 2.333679e+03 
1.874949e-01 2.895919e+03 2.230998e+03 
1.925354e-01 2.776188e+03 2.134506e+03 
1.975758e-01 2.662814e+03 2.043735e+03 
2.026162e-01 2.557186e+03 1.958260e+03 
2.076566e-01 2.459784e+03 1.877695e+03 
2.126970e-01 2.369667e+03 1.801686e+03 
2.177374e-01 2.285267e+03 1.729908e+03 
2.227778e-01 2.205344e+03 1.662067e+03 
2.278182e-01 2.129216e+03 1.597890e+03 
2.328586e-01 2.056278e+03 1.537129e+03 
2.378990e-01 1.985954e+03 1.479553e+03 
2.429394e-01 1.918114e+03 1.424954e+03 
2.479798e-01 1.852980e+03 1.373136e+03 
2.530202e-01 1.790828e+03 1.323921e+03 
2.580606e-01 1.731764e+03 1.277143e+03 
2.631010e-01 1.675723e+03 1.232651e+03 
2.681414e-01 1.622626e+03 1.190302e+03 
2.731818e-01 1.572318e+03 1.149967e+03 
2.782222e-01 1.524476e+03 1.111524e+03 
2.832626e-01 1.478694e+03 1.074861e+03 
2.883030e-01 1.434701e+03 1.039873e+03 
2.933434e-01 1.392365e+03 1.006463e+03 
2.983838e-01 1.351632e+03 9.745411e+02 
3.034242e-01 1.312473e+03 9.440234e+02 
3.084646e-01 1.274846e+03 9.148313e+02 
3.135051e-01 1.238702e+03 8.868919e+02 
3.185455e-01 1.204020e+03 8.601367e+02 
3.235859e-01 1.170794e+03 8.345021e+02 
3.286263e-01 1.138971e+03 8.099284e+02 
3.336667e-01 1.108431e+03 7.863599e+02 
3.387071e-01 1.079038e+03 7.637443e+02 
3.437475e-01 1.050731e+03 7.420325e+02 
3.487879e-01 1.023464e+03 7.211787e+02 
3.538283e-01 9.971845e+02 7.011396e+02 
3.588687e-01 9.718209e+02 6.818749e+02 
3.639091e-01 9.473137e+02 6.633464e+02 
3.689495e-01 9.236528e+02 6.455182e+02 
3.739899e-01 9.008630e+02 6.283567e+02 
3.790303e-01 8.788962e+02 6.118301e+02 
3.840707e-01 8.576919e+02 5.959086e+02 
3.891111e-01 8.372017e+02 5.805637e+02 
3.941515e-01 8.173916e+02 5.657690e+02 
3.991919e-01 7.982743e+02 5.514993e+02 
4.042323e-01 7.798008e+02 5.377308e+02 
4.092727e-01 7.619192e+02 5.244411e+02 
4.143131e-01 7.445936e+02 5.116090e+02 
4.193535e-01 7.278073e+02 4.992143e+02 
4.243939e-01 7.115692e+02 4.872380e+02 
4.294343e-01 6.958592e+02 4.756621e+02 
4.344747e-01 6.806300e+02 4.644694e+02 
4.395152e-01 6.658612e+02 4.536439e+02 
4.445556e-01 6.515524e+02 4.431702e+02 
4.495960e-01 6.376877e+02 4.330335e+02 
4.546364e-01 6.242515e+02 4.232201e+02 
4.596768e-01 6.112069e+02 4.137169e+02 
4.647172e-01 5.985347e+02 4.045112e+02 
4.697576e-01 5.862322e+02 3.955911e+02 
4.747980e-01 5.742958e+02 3.869455e+02 
4.798384e-01 5.627134e+02 3.785634e+02 
4.848788e-01 5.514497e+02 3.704346e+02 
4.899192e-01 5.404926e+02 3.625493e+02 
4.949596e-01 5.298488e+02 3.548982e+02 
5.000000e-01 5.195125e+02 3.474723e+02 
