1.000000e-03 5.604155e+03 5.603640e+03 
6.040404e-03 2.472989e+04 2.485110e+04 
1.108081e-02 3.356378e+04 3.353938e+04 
1.612121e-02 3.607040e+04 3.575880e+04 
2.116162e-02 3.462946e+04 3.359164e+04 
2.620202e-02 3.099865e+04 2.925763e+04 
3.124242e-02 2.655567e+04 2.483470e+04 
3.628283e-02 2.227546e+04 2.118977e+04 
4.132323e-02 1.871488e+04 1.834411e+04 
4.636364e-02 1.605133e+04 1.610231e+04 
5.140404e-02 1.428896e+04 1.429052e+04 
5.644444e-02 1.322510e+04 1.278972e+04 
6.148485e-02 1.262643e+04 1.152201e+04 
6.652525e-02 1.225066e+04 1.043533e+04 
7.156566e-02 1.188959e+04 9.493440e+03 
7.660606e-02 1.138903e+04 8.670013e+03 
8.164646e-02 1.067201e+04 7.945188e+03 
8.668687e-02 9.753751e+03 7.303518e+03 
9.172727e-02 8.719193e+03 6.732691e+03 
9.676768e-02 7.682759e+03 6.222717e+03 
1.018081e-01 6.751274e+03 5.765367e+03 
1.068485e-01 5.998442e+03 5.353786e+03 
1.118889e-01 5.453175e+03 4.982212e+03 
1.169293e-01 5.104712e+03 4.645761e+03 
1.219697e-01 4.915881e+03 4.340270e+03 
1.270101e-01 4.833813e+03 4.062170e+03 
1.320505e-01 4.798413e+03 3.808383e+03 
1.370909e-01 4.751324e+03 3.576247e+03 
1.421313e-01 4.648361e+03 3.363447e+03 
1.471717e-01 4.467508e+03 3.167965e+03 
1.522121e-01 4.209298e+03 2.988033e+03 
1.572525e-01 3.893295e+03 2.822099e+03 
1.622929e-01 3.553525e+03 2.668797e+03 
1.673333e-01 3.228545e+03 2.526918e+03 
1.723737e-01 2.949848e+03 2.395392e+03 
1.774141e-01 2.733655e+03 2.273270e+03 
1.824545e-01 2.582289e+03 2.159706e+03 
1.874949e-01 2.489113e+03 2.053944e+03 
1.925354e-01 2.441379e+03 1.955310e+03 
1.975758e-01 2.421019e+03 1.863197e+03 
2.026162e-01 2.406941e+03 1.777063e+03 
2.076566e-01 2.379920e+03 1.696417e+03 
2.126970e-01 2.327456e+03 1.620818e+03 
2.177374e-01 2.245505e+03 1.549867e+03 
2.227778e-01 2.137165e+03 1.483203e+03 
2.278182e-01 2.011017e+03 1.420499e+03 
2.328586e-01 1.879148e+03 1.361457e+03 
2.378990e-01 1.754081e+03 1.305807e+03 
2.429394e-01 1.645848e+03 1.253301e+03 
2.479798e-01 1.560072e+03 1.203715e+03 
2.530202e-01 1.497863e+03 1.156843e+03 
2.580606e-01 1.456720e+03 1.112498e+03 
2.631010e-01 1.431382e+03 1.070505e+03 
2.681414e-01 1.414775e+03 1.030707e+03 
2.731818e-01 1.399446e+03 9.929591e+02 
2.782222e-01 1.379039e+03 9.571264e+02 
2.832626e-01 1.349512e+03 9.230856e+02 
2.883030e-01 1.309434e+03 8.907232e+02 
2.933434e-01 1.259886e+03 8.599339e+02 
2.983838e-01 1.203960e+03 8.306207e+02 
3.034242e-01 1.146039e+03 8.026935e+02 
3.084646e-01 1.090654e+03 7.760691e+02 
3.135051e-01 1.041440e+03 7.506701e+02 
3.185455e-01 1.000529e+03 7.264250e+02 
3.235859e-01 9.684156e+02 7.032668e+02 
3.286263e-01 9.442652e+02 6.811338e+02 
3.336667e-01 9.262661e+02 6.599680e+02 
3.387071e-01 9.119292e+02 6.397158e+02 
3.437475e-01 8.985030e+02 6.203268e+02 
3.487879e-01 8.835592e+02 6.017542e+02 
3.538283e-01 8.655025e+02 5.839543e+02 
3.588687e-01 8.437826e+02 5.668861e+02 
3.639091e-01 8.187766e+02 5.505112e+02 
3.689495e-01 7.914686e+02 5.347937e+02 
3.739899e-01 7.633208e+02 5.197001e+02 
3.790303e-01 7.358962e+02 5.051988e+02 
3.840707e-01 7.106216e+02 4.912600e+02 
3.891111e-01 6.884531e+02 4.778560e+02 
3.941515e-01 6.696924e+02 4.649606e+02 
3.991919e-01 6.541053e+02 4.525492e+02 
4.042323e-01 6.410925e+02 4.405987e+02 
4.092727e-01 6.297676e+02 4.290870e+02 
4.143131e-01 6.191589e+02 4.179938e+02 
4.193535e-01 6.083339e+02 4.072996e+02 
4.243939e-01 5.966286e+02 3.969860e+02 
4.294343e-01 5.837611e+02 3.870359e+02 
4.344747e-01 5.697728e+02 3.774327e+02 
4.395152e-01 5.549261e+02 3.681611e+02 
4.445556e-01 5.397138e+02 3.592064e+02 
4.495960e-01 5.247292e+02 3.505549e+02 
4.546364e-01 5.105049e+02 3.421933e+02 
4.596768e-01 4.974273e+02 3.341094e+02 
4.647172e-01 4.856730e+02 3.262912e+02 
4.697576e-01 4.752268e+02 3.187277e+02 
4.747980e-01 4.659258e+02 3.114082e+02 
4.798384e-01 4.574808e+02 3.043227e+02 
4.848788e-01 4.495171e+02 2.974616e+02 
4.899192e-01 4.416670e+02 2.908159e+02 
4.949596e-01 4.336607e+02 2.843768e+02 
5.000000e-01 4.253555e+02 2.781362e+02 
