1.000000e-03 6.884511e+03 6.883846e+03 
6.040404e-03 2.991445e+04 3.005748e+04 
1.108081e-02 4.036378e+04 4.037283e+04 
1.612121e-02 4.307397e+04 4.280758e+04 
2.116162e-02 4.092564e+04 3.975258e+04 
2.620202e-02 3.609338e+04 3.392280e+04 
3.124242e-02 3.031025e+04 2.806166e+04 
3.628283e-02 2.480887e+04 2.335425e+04 
4.132323e-02 2.028139e+04 1.980209e+04 
4.636364e-02 1.694301e+04 1.709955e+04 
5.140404e-02 1.476628e+04 1.498201e+04 
5.644444e-02 1.349436e+04 1.327239e+04 
6.148485e-02 1.284346e+04 1.185787e+04 
6.652525e-02 1.251893e+04 1.066535e+04 
7.156566e-02 1.225854e+04 9.645582e+03 
7.660606e-02 1.185527e+04 8.763934e+03 
8.164646e-02 1.119133e+04 7.995065e+03 
8.668687e-02 1.025898e+04 7.319793e+03 
9.172727e-02 9.141910e+03 6.723197e+03 
9.676768e-02 7.974220e+03 6.193412e+03 
1.018081e-01 6.893518e+03 5.720838e+03 
1.068485e-01 6.001809e+03 5.297600e+03 
1.118889e-01 5.346538e+03 4.917164e+03 
1.169293e-01 4.925487e+03 4.574056e+03 
1.219697e-01 4.703917e+03 4.263656e+03 
1.270101e-01 4.628574e+03 3.982037e+03 
1.320505e-01 4.633972e+03 3.725841e+03 
1.370909e-01 4.650899e+03 3.492183e+03 
1.421313e-01 4.619339e+03 3.278571e+03 
1.471717e-01 4.500054e+03 3.082843e+03 
1.522121e-01 4.279844e+03 2.903118e+03 
1.572525e-01 3.971823e+03 2.737750e+03 
1.622929e-01 3.611758e+03 2.585297e+03 
1.673333e-01 3.246452e+03 2.444491e+03 
1.723737e-01 2.918084e+03 2.314211e+03 
1.774141e-01 2.653468e+03 2.193468e+03 
1.824545e-01 2.462838e+03 2.081382e+03 
1.874949e-01 2.344572e+03 1.977171e+03 
1.925354e-01 2.288378e+03 1.880138e+03 
1.975758e-01 2.276250e+03 1.789658e+03 
2.026162e-01 2.284762e+03 1.705175e+03 
2.076566e-01 2.289878e+03 1.626185e+03 
2.126970e-01 2.272156e+03 1.552238e+03 
2.177374e-01 2.220072e+03 1.482928e+03 
2.227778e-01 2.131062e+03 1.417886e+03 
2.278182e-01 2.011054e+03 1.356781e+03 
2.328586e-01 1.872716e+03 1.299311e+03 
2.378990e-01 1.731808e+03 1.245202e+03 
2.429394e-01 1.602784e+03 1.194206e+03 
2.479798e-01 1.495903e+03 1.146096e+03 
2.530202e-01 1.416256e+03 1.100664e+03 
2.580606e-01 1.363937e+03 1.057723e+03 
2.631010e-01 1.334967e+03 1.017099e+03 
2.681414e-01 1.322470e+03 9.786330e+02 
2.731818e-01 1.317943e+03 9.421802e+02 
2.782222e-01 1.312796e+03 9.076067e+02 
2.832626e-01 1.299821e+03 8.747896e+02 
2.883030e-01 1.274309e+03 8.436155e+02 
2.933434e-01 1.234802e+03 8.139802e+02 
2.983838e-01 1.183193e+03 7.857870e+02 
3.034242e-01 1.123870e+03 7.589468e+02 
3.084646e-01 1.062472e+03 7.333772e+02 
3.135051e-01 1.004495e+03 7.090015e+02 
3.185455e-01 9.542008e+02 6.857491e+02 
3.235859e-01 9.139728e+02 6.635540e+02 
3.286263e-01 8.843903e+02 6.423551e+02 
3.336667e-01 8.643889e+02 6.220955e+02 
3.387071e-01 8.516347e+02 6.027223e+02 
3.437475e-01 8.429552e+02 5.841861e+02 
3.487879e-01 8.349547e+02 5.664408e+02 
3.538283e-01 8.246788e+02 5.494435e+02 
3.588687e-01 8.101206e+02 5.331541e+02 
3.639091e-01 7.905095e+02 5.175349e+02 
3.689495e-01 7.661742e+02 5.025510e+02 
3.739899e-01 7.383900e+02 4.881692e+02 
3.790303e-01 7.090970e+02 4.743589e+02 
3.840707e-01 6.804477e+02 4.610911e+02 
3.891111e-01 6.542931e+02 4.483386e+02 
3.941515e-01 6.318772e+02 4.360759e+02 
3.991919e-01 6.136525e+02 4.242790e+02 
4.042323e-01 5.994590e+02 4.129253e+02 
4.092727e-01 5.885716e+02 4.019937e+02 
4.143131e-01 5.798921e+02 3.914640e+02 
4.193535e-01 5.721318e+02 3.813175e+02 
4.243939e-01 5.640439e+02 3.715364e+02 
4.294343e-01 5.547114e+02 3.621039e+02 
4.344747e-01 5.436216e+02 3.530040e+02 
4.395152e-01 5.307042e+02 3.442219e+02 
4.445556e-01 5.163097e+02 3.357434e+02 
4.495960e-01 5.010641e+02 3.275551e+02 
4.546364e-01 4.857587e+02 3.196443e+02 
4.596768e-01 4.711687e+02 3.119990e+02 
4.647172e-01 4.578902e+02 3.046078e+02 
4.697576e-01 4.462444e+02 2.974599e+02 
4.747980e-01 4.363018e+02 2.905452e+02 
4.798384e-01 4.279024e+02 2.838539e+02 
4.848788e-01 4.206747e+02 2.773767e+02 
4.899192e-01 4.141390e+02 2.711049e+02 
4.949596e-01 4.077994e+02 2.650303e+02 
5.000000e-01 4.012241e+02 2.591449e+02 
