1.000000e-03 6.665902e+03 6.665302e+03 
6.040404e-03 2.965044e+04 2.980416e+04 
1.108081e-02 4.061499e+04 4.066505e+04 
1.612121e-02 4.391400e+04 4.377061e+04 
2.116162e-02 4.223271e+04 4.126879e+04 
2.620202e-02 3.764355e+04 3.555615e+04 
3.124242e-02 3.185269e+04 2.941699e+04 
3.628283e-02 2.613326e+04 2.433791e+04 
4.132323e-02 2.126044e+04 2.048881e+04 
4.636364e-02 1.753735e+04 1.758607e+04 
5.140404e-02 1.499458e+04 1.534050e+04 
5.644444e-02 1.343744e+04 1.354925e+04 
6.148485e-02 1.259940e+04 1.208160e+04 
6.652525e-02 1.221218e+04 1.085336e+04 
7.156566e-02 1.201067e+04 9.808637e+03 
7.660606e-02 1.176999e+04 8.908820e+03 
8.164646e-02 1.132811e+04 8.126171e+03 
8.668687e-02 1.061520e+04 7.440035e+03 
9.172727e-02 9.657273e+03 6.834572e+03 
9.676768e-02 8.551497e+03 6.297331e+03 
1.018081e-01 7.428863e+03 5.818332e+03 
1.068485e-01 6.414184e+03 5.389445e+03 
1.118889e-01 5.592957e+03 5.003964e+03 
1.169293e-01 4.999096e+03 4.656295e+03 
1.219697e-01 4.624506e+03 4.341733e+03 
1.270101e-01 4.435744e+03 4.056287e+03 
1.320505e-01 4.383881e+03 3.796552e+03 
1.370909e-01 4.409511e+03 3.559607e+03 
1.421313e-01 4.449139e+03 3.342931e+03 
1.471717e-01 4.445817e+03 3.144338e+03 
1.522121e-01 4.359711e+03 2.961928e+03 
1.572525e-01 4.174313e+03 2.794040e+03 
1.622929e-01 3.897680e+03 2.639217e+03 
1.673333e-01 3.559906e+03 2.496179e+03 
1.723737e-01 3.204139e+03 2.363795e+03 
1.774141e-01 2.872135e+03 2.241064e+03 
1.824545e-01 2.593741e+03 2.127100e+03 
1.874949e-01 2.383771e+03 2.021113e+03 
1.925354e-01 2.244899e+03 1.922397e+03 
1.975758e-01 2.171028e+03 1.830324e+03 
2.026162e-01 2.148629e+03 1.744329e+03 
2.076566e-01 2.158155e+03 1.663905e+03 
2.126970e-01 2.177221e+03 1.588596e+03 
2.177374e-01 2.184846e+03 1.517990e+03 
2.227778e-01 2.165098e+03 1.451717e+03 
2.278182e-01 2.109432e+03 1.389440e+03 
2.328586e-01 2.017728e+03 1.330854e+03 
2.378990e-01 1.897675e+03 1.275682e+03 
2.429394e-01 1.762422e+03 1.223672e+03 
2.479798e-01 1.626942e+03 1.174595e+03 
2.530202e-01 1.504388e+03 1.128240e+03 
2.580606e-01 1.403941e+03 1.084417e+03 
2.631010e-01 1.330052e+03 1.042949e+03 
2.681414e-01 1.282581e+03 1.003677e+03 
2.731818e-01 1.257731e+03 9.664534e+02 
2.782222e-01 1.249184e+03 9.311418e+02 
2.832626e-01 1.249170e+03 8.976177e+02 
2.883030e-01 1.249604e+03 8.657662e+02 
2.933434e-01 1.243221e+03 8.354814e+02 
2.983838e-01 1.224823e+03 8.066653e+02 
3.034242e-01 1.192286e+03 7.792274e+02 
3.084646e-01 1.146678e+03 7.530838e+02 
3.135051e-01 1.091662e+03 7.281570e+02 
3.185455e-01 1.032408e+03 7.043748e+02 
3.235859e-01 9.743436e+02 6.816705e+02 
3.286263e-01 9.221248e+02 6.599819e+02 
3.336667e-01 8.789519e+02 6.392510e+02 
3.387071e-01 8.462351e+02 6.194242e+02 
3.437475e-01 8.237017e+02 6.004512e+02 
3.487879e-01 8.097177e+02 5.822851e+02 
3.538283e-01 8.016802e+02 5.648823e+02 
3.588687e-01 7.964433e+02 5.482018e+02 
3.639091e-01 7.908106e+02 5.322056e+02 
3.689495e-01 7.821488e+02 5.168578e+02 
3.739899e-01 7.687321e+02 5.021249e+02 
3.790303e-01 7.500284e+02 4.879755e+02 
3.840707e-01 7.265573e+02 4.743802e+02 
3.891111e-01 6.997104e+02 4.613113e+02 
3.941515e-01 6.714530e+02 4.487427e+02 
3.991919e-01 6.438609e+02 4.366501e+02 
4.042323e-01 6.187499e+02 4.250104e+02 
4.092727e-01 5.973411e+02 4.138021e+02 
4.143131e-01 5.801340e+02 4.030047e+02 
4.193535e-01 5.669935e+02 3.925990e+02 
4.243939e-01 5.572707e+02 3.825668e+02 
4.294343e-01 5.499503e+02 3.728911e+02 
4.344747e-01 5.437903e+02 3.635556e+02 
4.395152e-01 5.375360e+02 3.545452e+02 
4.445556e-01 5.301432e+02 3.458452e+02 
4.495960e-01 5.209490e+02 3.374422e+02 
4.546364e-01 5.097848e+02 3.293231e+02 
4.596768e-01 4.968419e+02 3.214757e+02 
4.647172e-01 4.826475e+02 3.138883e+02 
4.697576e-01 4.679423e+02 3.065501e+02 
4.747980e-01 4.535116e+02 2.994504e+02 
4.798384e-01 4.400932e+02 2.925795e+02 
4.848788e-01 4.281806e+02 2.859278e+02 
4.899192e-01 4.180069e+02 2.794865e+02 
4.949596e-01 4.095110e+02 2.732470e+02 
5.000000e-01 4.024671e+02 2.672013e+02 
