1.000000e-03 2.276646e+03 2.276441e+03 
6.040404e-03 1.064051e+04 1.068251e+04 
1.108081e-02 1.495513e+04 1.483168e+04 
1.612121e-02 1.677072e+04 1.636490e+04 
2.116162e-02 1.706339e+04 1.635194e+04 
2.620202e-02 1.649167e+04 1.562308e+04 
3.124242e-02 1.552186e+04 1.466954e+04 
3.628283e-02 1.446312e+04 1.368198e+04 
4.132323e-02 1.348861e+04 1.272346e+04 
4.636364e-02 1.264966e+04 1.181669e+04 
5.140404e-02 1.196583e+04 1.097040e+04 
5.644444e-02 1.135952e+04 1.018709e+04 
6.148485e-02 1.078046e+04 9.465847e+03 
6.652525e-02 1.019670e+04 8.803901e+03 
7.156566e-02 9.581862e+03 8.197487e+03 
7.660606e-02 8.943032e+03 7.642417e+03 
8.164646e-02 8.313724e+03 7.134415e+03 
8.668687e-02 7.731393e+03 6.669323e+03 
9.172727e-02 7.216762e+03 6.243211e+03 
9.676768e-02 6.775748e+03 5.852435e+03 
1.018081e-01 6.407589e+03 5.493656e+03 
1.068485e-01 6.102444e+03 5.163838e+03 
1.118889e-01 5.838462e+03 4.860239e+03 
1.169293e-01 5.589477e+03 4.580387e+03 
1.219697e-01 5.337473e+03 4.322061e+03 
1.270101e-01 5.076918e+03 4.083268e+03 
1.320505e-01 4.811694e+03 3.862218e+03 
1.370909e-01 4.549910e+03 3.657308e+03 
1.421313e-01 4.300603e+03 3.467096e+03 
1.471717e-01 4.071438e+03 3.290289e+03 
1.522121e-01 3.867203e+03 3.125725e+03 
1.572525e-01 3.689257e+03 2.972356e+03 
1.622929e-01 3.535489e+03 2.829241e+03 
1.673333e-01 3.400260e+03 2.695529e+03 
1.723737e-01 3.275615e+03 2.570453e+03 
1.774141e-01 3.154983e+03 2.453317e+03 
1.824545e-01 3.034979e+03 2.343494e+03 
1.874949e-01 2.914773e+03 2.240413e+03 
1.925354e-01 2.794897e+03 2.143557e+03 
1.975758e-01 2.676988e+03 2.052455e+03 
2.026162e-01 2.563999e+03 1.966678e+03 
2.076566e-01 2.459114e+03 1.885835e+03 
2.126970e-01 2.363504e+03 1.809571e+03 
2.177374e-01 2.276644e+03 1.737558e+03 
2.227778e-01 2.197302e+03 1.669499e+03 
2.278182e-01 2.124042e+03 1.605121e+03 
2.328586e-01 2.055235e+03 1.544171e+03 
2.378990e-01 1.989100e+03 1.486421e+03 
2.429394e-01 1.924364e+03 1.431658e+03 
2.479798e-01 1.860700e+03 1.379686e+03 
2.530202e-01 1.798411e+03 1.330326e+03 
2.580606e-01 1.737920e+03 1.283412e+03 
2.631010e-01 1.679721e+03 1.238791e+03 
2.681414e-01 1.624426e+03 1.196320e+03 
2.731818e-01 1.572510e+03 1.155869e+03 
2.782222e-01 1.524049e+03 1.117316e+03 
2.832626e-01 1.478561e+03 1.080547e+03 
2.883030e-01 1.435455e+03 1.045458e+03 
2.933434e-01 1.394287e+03 1.011952e+03 
2.983838e-01 1.354721e+03 9.799381e+02 
3.034242e-01 1.316468e+03 9.493317e+02 
3.084646e-01 1.279299e+03 9.200543e+02 
3.135051e-01 1.243109e+03 8.920325e+02 
3.185455e-01 1.208031e+03 8.651979e+02 
3.235859e-01 1.174260e+03 8.394866e+02 
3.286263e-01 1.141897e+03 8.148387e+02 
3.336667e-01 1.110953e+03 7.911982e+02 
3.387071e-01 1.081384e+03 7.685128e+02 
3.437475e-01 1.053119e+03 7.467332e+02 
3.487879e-01 1.026086e+03 7.258136e+02 
3.538283e-01 1.000140e+03 7.057105e+02 
3.588687e-01 9.750915e+02 6.863834e+02 
3.639091e-01 9.508215e+02 6.677941e+02 
3.689495e-01 9.272772e+02 6.499067e+02 
3.739899e-01 9.044697e+02 6.326874e+02 
3.790303e-01 8.824274e+02 6.161044e+02 
3.840707e-01 8.611147e+02 6.001276e+02 
3.891111e-01 8.404866e+02 5.847289e+02 
3.941515e-01 8.205794e+02 5.698814e+02 
3.991919e-01 8.014029e+02 5.555601e+02 
4.042323e-01 7.829342e+02 5.417411e+02 
4.092727e-01 7.651081e+02 5.284019e+02 
4.143131e-01 7.478532e+02 5.155212e+02 
4.193535e-01 7.311380e+02 5.030790e+02 
4.243939e-01 7.149435e+02 4.910561e+02 
4.294343e-01 6.992563e+02 4.794344e+02 
4.344747e-01 6.840325e+02 4.681969e+02 
4.395152e-01 6.692414e+02 4.573274e+02 
4.445556e-01 6.548854e+02 4.468103e+02 
4.495960e-01 6.409784e+02 4.366312e+02 
4.546364e-01 6.275128e+02 4.267761e+02 
4.596768e-01 6.144551e+02 4.172318e+02 
4.647172e-01 6.017762e+02 4.079859e+02 
4.697576e-01 5.894635e+02 3.990262e+02 
4.747980e-01 5.775322e+02 3.903416e+02 
4.798384e-01 5.659556e+02 3.819213e+02 
4.848788e-01 5.546939e+02 3.737548e+02 
4.899192e-01 5.437354e+02 3.658325e+02 
4.949596e-01 5.330788e+02 3.581449e+02 
5.000000e-01 5.227229e+02 3.506832e+02 
