1.000000e-03 5.660143e+03 5.659615e+03 
6.040404e-03 2.615203e+04 2.628201e+04 
1.108081e-02 3.607864e+04 3.609160e+04 
1.612121e-02 3.909686e+04 3.887164e+04 
2.116162e-02 3.763145e+04 3.661316e+04 
2.620202e-02 3.358282e+04 3.164499e+04 
3.124242e-02 2.851018e+04 2.644391e+04 
3.628283e-02 2.355777e+04 2.217652e+04 
4.132323e-02 1.940146e+04 1.891649e+04 
4.636364e-02 1.628078e+04 1.641693e+04 
5.140404e-02 1.421158e+04 1.444726e+04 
5.644444e-02 1.298623e+04 1.284937e+04 
6.148485e-02 1.235227e+04 1.152146e+04 
6.652525e-02 1.204584e+04 1.039730e+04 
7.156566e-02 1.182395e+04 9.432205e+03 
7.660606e-02 1.148969e+04 8.594712e+03 
8.164646e-02 1.091928e+04 7.861777e+03 
8.668687e-02 1.008821e+04 7.215928e+03 
9.172727e-02 9.062477e+03 6.643542e+03 
9.676768e-02 7.961919e+03 6.133757e+03 
1.018081e-01 6.916413e+03 5.677758e+03 
1.068485e-01 6.030274e+03 5.268292e+03 
1.118889e-01 5.359023e+03 4.899321e+03 
1.169293e-01 4.910905e+03 4.565769e+03 
1.219697e-01 4.660603e+03 4.263341e+03 
1.270101e-01 4.561882e+03 3.988371e+03 
1.320505e-01 4.555565e+03 3.737719e+03 
1.370909e-01 4.576583e+03 3.508675e+03 
1.421313e-01 4.565285e+03 3.298895e+03 
1.471717e-01 4.478759e+03 3.106339e+03 
1.522121e-01 4.297184e+03 2.929228e+03 
1.572525e-01 4.025397e+03 2.766000e+03 
1.622929e-01 3.690781e+03 2.615287e+03 
1.673333e-01 3.335796e+03 2.475878e+03 
1.723737e-01 3.003645e+03 2.346705e+03 
1.774141e-01 2.725121e+03 2.226821e+03 
1.824545e-01 2.515096e+03 2.115383e+03 
1.874949e-01 2.375585e+03 2.011639e+03 
1.925354e-01 2.300031e+03 1.914920e+03 
1.975758e-01 2.274210e+03 1.824624e+03 
2.026162e-01 2.277475e+03 1.740212e+03 
2.076566e-01 2.286412e+03 1.661199e+03 
2.126970e-01 2.280266e+03 1.587149e+03 
2.177374e-01 2.244843e+03 1.517666e+03 
2.227778e-01 2.174039e+03 1.452395e+03 
2.278182e-01 2.069957e+03 1.391011e+03 
2.328586e-01 1.941918e+03 1.333222e+03 
2.378990e-01 1.804083e+03 1.278761e+03 
2.429394e-01 1.671335e+03 1.227384e+03 
2.479798e-01 1.555641e+03 1.178870e+03 
2.530202e-01 1.464219e+03 1.133017e+03 
2.580606e-01 1.399497e+03 1.089639e+03 
2.631010e-01 1.359717e+03 1.048566e+03 
2.681414e-01 1.339658e+03 1.009644e+03 
2.731818e-01 1.331818e+03 9.727277e+02 
2.782222e-01 1.327821e+03 9.376872e+02 
2.832626e-01 1.319884e+03 9.044008e+02 
2.883030e-01 1.302121e+03 8.727570e+02 
2.933434e-01 1.271354e+03 8.426524e+02 
2.983838e-01 1.227493e+03 8.139920e+02 
3.034242e-01 1.173334e+03 7.866874e+02 
3.084646e-01 1.113735e+03 7.606569e+02 
3.135051e-01 1.054219e+03 7.358250e+02 
3.185455e-01 9.996853e+02 7.121212e+02 
3.235859e-01 9.535806e+02 6.894802e+02 
3.286263e-01 9.175343e+02 6.678414e+02 
3.336667e-01 8.915644e+02 6.471481e+02 
3.387071e-01 8.742683e+02 6.273477e+02 
3.437475e-01 8.630916e+02 6.083910e+02 
3.487879e-01 8.548436e+02 5.902322e+02 
3.538283e-01 8.463021e+02 5.728285e+02 
3.588687e-01 8.349198e+02 5.561397e+02 
3.639091e-01 8.191204e+02 5.401284e+02 
3.689495e-01 7.984481e+02 5.247595e+02 
3.739899e-01 7.734359e+02 5.100000e+02 
3.790303e-01 7.454821e+02 4.958192e+02 
3.840707e-01 7.165567e+02 4.821880e+02 
3.891111e-01 6.887008e+02 4.690792e+02 
3.941515e-01 6.635689e+02 4.564673e+02 
3.991919e-01 6.421574e+02 4.443282e+02 
4.042323e-01 6.248062e+02 4.326392e+02 
4.092727e-01 6.112661e+02 4.213790e+02 
4.143131e-01 6.007803e+02 4.105275e+02 
4.193535e-01 5.922438e+02 4.000657e+02 
4.243939e-01 5.843921e+02 3.899758e+02 
4.294343e-01 5.760850e+02 3.802408e+02 
4.344747e-01 5.665110e+02 3.708448e+02 
4.395152e-01 5.552298e+02 3.617727e+02 
4.445556e-01 5.422034e+02 3.530101e+02 
4.495960e-01 5.277899e+02 3.445437e+02 
4.546364e-01 5.126217e+02 3.363605e+02 
4.596768e-01 4.974797e+02 3.284485e+02 
4.647172e-01 4.830697e+02 3.207962e+02 
4.697576e-01 4.699309e+02 3.133926e+02 
4.747980e-01 4.583761e+02 3.062274e+02 
4.798384e-01 4.484668e+02 2.992908e+02 
4.848788e-01 4.400629e+02 2.925734e+02 
4.899192e-01 4.327836e+02 2.860664e+02 
4.949596e-01 4.261579e+02 2.797613e+02 
5.000000e-01 4.197170e+02 2.736502e+02 
