1.000000e-03 3.688332e+03 3.687980e+03 
6.040404e-03 1.643026e+04 1.649749e+04 
1.108081e-02 2.244351e+04 2.232114e+04 
1.612121e-02 2.442123e+04 2.395875e+04 
2.116162e-02 2.396555e+04 2.302685e+04 
2.620202e-02 2.219459e+04 2.099730e+04 
3.124242e-02 1.992997e+04 1.887116e+04 
3.628283e-02 1.772271e+04 1.697944e+04 
4.132323e-02 1.587162e+04 1.534588e+04 
4.636364e-02 1.445904e+04 1.392899e+04 
5.140404e-02 1.346728e+04 1.268871e+04 
5.644444e-02 1.275334e+04 1.159483e+04 
6.148485e-02 1.217743e+04 1.062475e+04 
6.652525e-02 1.160568e+04 9.760872e+03 
7.156566e-02 1.095412e+04 8.988957e+03 
7.660606e-02 1.019549e+04 8.297167e+03 
8.164646e-02 9.361695e+03 7.675497e+03 
8.668687e-02 8.517897e+03 7.115398e+03 
9.172727e-02 7.731406e+03 6.609525e+03 
9.676768e-02 7.054910e+03 6.151533e+03 
1.018081e-01 6.519371e+03 5.735927e+03 
1.068485e-01 6.126665e+03 5.357934e+03 
1.118889e-01 5.849030e+03 5.013399e+03 
1.169293e-01 5.642879e+03 4.698696e+03 
1.219697e-01 5.463693e+03 4.410652e+03 
1.270101e-01 5.275014e+03 4.146487e+03 
1.320505e-01 5.053140e+03 3.903759e+03 
1.370909e-01 4.791513e+03 3.680314e+03 
1.421313e-01 4.499970e+03 3.474255e+03 
1.471717e-01 4.198480e+03 3.283902e+03 
1.522121e-01 3.908815e+03 3.107766e+03 
1.572525e-01 3.649548e+03 2.944525e+03 
1.622929e-01 3.433948e+03 2.793001e+03 
1.673333e-01 3.265830e+03 2.652143e+03 
1.723737e-01 3.139042e+03 2.521013e+03 
1.774141e-01 3.040651e+03 2.398770e+03 
1.824545e-01 2.956461e+03 2.284659e+03 
1.874949e-01 2.874067e+03 2.178001e+03 
1.925354e-01 2.783937e+03 2.078185e+03 
1.975758e-01 2.680616e+03 1.984660e+03 
2.026162e-01 2.564285e+03 1.896926e+03 
2.076566e-01 2.440374e+03 1.814533e+03 
2.126970e-01 2.316552e+03 1.737072e+03 
2.177374e-01 2.200000e+03 1.664169e+03 
2.227778e-01 2.095917e+03 1.595486e+03 
2.278182e-01 2.007001e+03 1.530716e+03 
2.328586e-01 1.933345e+03 1.469577e+03 
2.378990e-01 1.872544e+03 1.411812e+03 
2.429394e-01 1.820697e+03 1.357185e+03 
2.479798e-01 1.773244e+03 1.305481e+03 
2.530202e-01 1.725947e+03 1.256501e+03 
2.580606e-01 1.675771e+03 1.210065e+03 
2.631010e-01 1.621667e+03 1.166005e+03 
2.681414e-01 1.564397e+03 1.124166e+03 
2.731818e-01 1.505871e+03 1.084407e+03 
2.782222e-01 1.448255e+03 1.046597e+03 
2.832626e-01 1.393634e+03 1.010615e+03 
2.883030e-01 1.343656e+03 9.763475e+02 
2.933434e-01 1.299194e+03 9.436920e+02 
2.983838e-01 1.260134e+03 9.125520e+02 
3.034242e-01 1.225505e+03 8.828381e+02 
3.084646e-01 1.193951e+03 8.544673e+02 
3.135051e-01 1.164068e+03 8.273623e+02 
3.185455e-01 1.134634e+03 8.014516e+02 
3.235859e-01 1.104757e+03 7.766680e+02 
3.286263e-01 1.074107e+03 7.529492e+02 
3.336667e-01 1.042870e+03 7.302371e+02 
3.387071e-01 1.011642e+03 7.084773e+02 
3.437475e-01 9.811145e+02 6.876188e+02 
3.487879e-01 9.519484e+02 6.676143e+02 
3.538283e-01 9.246123e+02 6.484191e+02 
3.588687e-01 8.993474e+02 6.299915e+02 
3.639091e-01 8.760731e+02 6.122925e+02 
3.689495e-01 8.544827e+02 5.952853e+02 
3.739899e-01 8.341631e+02 5.789355e+02 
3.790303e-01 8.146881e+02 5.632106e+02 
3.840707e-01 7.956998e+02 5.480802e+02 
3.891111e-01 7.768851e+02 5.335157e+02 
3.941515e-01 7.581124e+02 5.194900e+02 
3.991919e-01 7.394048e+02 5.059778e+02 
4.042323e-01 7.209637e+02 4.929549e+02 
4.092727e-01 7.029978e+02 4.803989e+02 
4.143131e-01 6.856895e+02 4.682883e+02 
4.193535e-01 6.691265e+02 4.566030e+02 
4.243939e-01 6.533942e+02 4.453239e+02 
4.294343e-01 6.385061e+02 4.344329e+02 
4.344747e-01 6.243847e+02 4.239131e+02 
4.395152e-01 6.108727e+02 4.137482e+02 
4.445556e-01 5.978038e+02 4.039230e+02 
4.495960e-01 5.850808e+02 3.944230e+02 
4.546364e-01 5.726390e+02 3.852343e+02 
4.596768e-01 5.604176e+02 3.763441e+02 
4.647172e-01 5.483898e+02 3.677398e+02 
4.697576e-01 5.365707e+02 3.594097e+02 
4.747980e-01 5.250515e+02 3.513427e+02 
4.798384e-01 5.138935e+02 3.435281e+02 
4.848788e-01 5.031224e+02 3.359558e+02 
4.899192e-01 4.927264e+02 3.286163e+02 
4.949596e-01 4.827246e+02 3.215003e+02 
5.000000e-01 4.730954e+02 3.145992e+02 
