1.000000e-03 2.306337e+03 2.306121e+03 
6.040404e-03 1.043702e+04 1.047670e+04 
1.108081e-02 1.449980e+04 1.435291e+04 
1.612121e-02 1.620079e+04 1.575047e+04 
2.116162e-02 1.652223e+04 1.577480e+04 
2.620202e-02 1.607754e+04 1.516832e+04 
3.124242e-02 1.527255e+04 1.432936e+04 
3.628283e-02 1.436263e+04 1.342323e+04 
4.132323e-02 1.348617e+04 1.251898e+04 
4.636364e-02 1.268239e+04 1.164885e+04 
5.140404e-02 1.198118e+04 1.082829e+04 
5.644444e-02 1.131625e+04 1.006385e+04 
6.148485e-02 1.067284e+04 9.357032e+03 
6.652525e-02 1.003852e+04 8.706497e+03 
7.156566e-02 9.405215e+03 8.109372e+03 
7.660606e-02 8.785573e+03 7.562035e+03 
8.164646e-02 8.205662e+03 7.060589e+03 
8.668687e-02 7.684880e+03 6.601136e+03 
9.172727e-02 7.225026e+03 6.179931e+03 
9.676768e-02 6.820220e+03 5.793468e+03 
1.018081e-01 6.464717e+03 5.438509e+03 
1.068485e-01 6.148360e+03 5.112099e+03 
1.118889e-01 5.854252e+03 4.811558e+03 
1.169293e-01 5.567407e+03 4.534464e+03 
1.219697e-01 5.283308e+03 4.278638e+03 
1.270101e-01 5.005513e+03 4.042119e+03 
1.320505e-01 4.740347e+03 3.823148e+03 
1.370909e-01 4.492923e+03 3.620142e+03 
1.421313e-01 4.266270e+03 3.431682e+03 
1.471717e-01 4.061105e+03 3.256490e+03 
1.522121e-01 3.876042e+03 3.093420e+03 
1.572525e-01 3.708422e+03 2.941436e+03 
1.622929e-01 3.554771e+03 2.799609e+03 
1.673333e-01 3.410476e+03 2.667096e+03 
1.723737e-01 3.271635e+03 2.543138e+03 
1.774141e-01 3.136773e+03 2.427050e+03 
1.824545e-01 3.006422e+03 2.318208e+03 
1.874949e-01 2.881563e+03 2.216048e+03 
1.925354e-01 2.762687e+03 2.120058e+03 
1.975758e-01 2.650706e+03 2.029771e+03 
2.026162e-01 2.546537e+03 1.944763e+03 
2.076566e-01 2.450198e+03 1.864648e+03 
2.126970e-01 2.360540e+03 1.789071e+03 
2.177374e-01 2.276109e+03 1.717710e+03 
2.227778e-01 2.196055e+03 1.650269e+03 
2.278182e-01 2.119744e+03 1.586477e+03 
2.328586e-01 2.046562e+03 1.526086e+03 
2.378990e-01 1.976079e+03 1.468866e+03 
2.429394e-01 1.908314e+03 1.414609e+03 
2.479798e-01 1.843607e+03 1.363120e+03 
2.530202e-01 1.782047e+03 1.314220e+03 
2.580606e-01 1.723484e+03 1.267747e+03 
2.631010e-01 1.667814e+03 1.223546e+03 
2.681414e-01 1.615075e+03 1.181479e+03 
2.731818e-01 1.565067e+03 1.141414e+03 
2.782222e-01 1.517371e+03 1.103230e+03 
2.832626e-01 1.471598e+03 1.066817e+03 
2.883030e-01 1.427574e+03 1.032069e+03 
2.933434e-01 1.385312e+03 9.988905e+02 
2.983838e-01 1.344761e+03 9.671914e+02 
3.034242e-01 1.305800e+03 9.368880e+02 
3.084646e-01 1.268339e+03 9.079024e+02 
3.135051e-01 1.232375e+03 8.801617e+02 
3.185455e-01 1.197940e+03 8.535980e+02 
3.235859e-01 1.164966e+03 8.281480e+02 
3.286263e-01 1.133313e+03 8.037522e+02 
3.336667e-01 1.102856e+03 7.803551e+02 
3.387071e-01 1.073547e+03 7.579048e+02 
3.437475e-01 1.045367e+03 7.363525e+02 
3.487879e-01 1.018234e+03 7.156525e+02 
3.538283e-01 9.920507e+02 6.957620e+02 
3.588687e-01 9.667582e+02 6.766406e+02 
3.639091e-01 9.423520e+02 6.582504e+02 
3.689495e-01 9.188489e+02 6.405559e+02 
3.739899e-01 8.962092e+02 6.235234e+02 
3.790303e-01 8.743506e+02 6.071216e+02 
3.840707e-01 8.532245e+02 5.913205e+02 
3.891111e-01 8.328297e+02 5.760922e+02 
3.941515e-01 8.131497e+02 5.614102e+02 
3.991919e-01 7.941316e+02 5.472494e+02 
4.042323e-01 7.757277e+02 5.335863e+02 
4.092727e-01 7.579063e+02 5.203986e+02 
4.143131e-01 7.406554e+02 5.076652e+02 
4.193535e-01 7.239763e+02 4.953660e+02 
4.243939e-01 7.078348e+02 4.834822e+02 
4.294343e-01 6.921921e+02 4.719959e+02 
4.344747e-01 6.770256e+02 4.608901e+02 
4.395152e-01 6.623339e+02 4.501487e+02 
4.445556e-01 6.481177e+02 4.397565e+02 
4.495960e-01 6.343326e+02 4.296988e+02 
4.546364e-01 6.209473e+02 4.199621e+02 
4.596768e-01 6.079545e+02 4.105331e+02 
4.647172e-01 5.953537e+02 4.013995e+02 
4.697576e-01 5.831321e+02 3.925495e+02 
4.747980e-01 5.712625e+02 3.839717e+02 
4.798384e-01 5.597226e+02 3.756554e+02 
4.848788e-01 5.485069e+02 3.675906e+02 
4.899192e-01 5.376169e+02 3.597674e+02 
4.949596e-01 5.270419e+02 3.521766e+02 
5.000000e-01 5.167563e+02 3.448094e+02 
