1.000000e-03 3.933693e+03 3.933349e+03 
6.040404e-03 1.764791e+04 1.773113e+04 
1.108081e-02 2.441096e+04 2.435819e+04 
1.612121e-02 2.678766e+04 2.647339e+04 
2.116162e-02 2.636497e+04 2.553088e+04 
2.620202e-02 2.432149e+04 2.303419e+04 
3.124242e-02 2.158588e+04 2.031728e+04 
3.628283e-02 1.882788e+04 1.794770e+04 
4.132323e-02 1.645059e+04 1.598656e+04 
4.636364e-02 1.460518e+04 1.435588e+04 
5.140404e-02 1.332198e+04 1.297605e+04 
5.644444e-02 1.247765e+04 1.178935e+04 
6.148485e-02 1.191168e+04 1.075598e+04 
6.652525e-02 1.147747e+04 9.847885e+03 
7.156566e-02 1.102681e+04 9.044383e+03 
7.660606e-02 1.046222e+04 8.329604e+03 
8.164646e-02 9.754406e+03 7.690947e+03 
8.668687e-02 8.938846e+03 7.118148e+03 
9.172727e-02 8.083921e+03 6.602699e+03 
9.676768e-02 7.263471e+03 6.137450e+03 
1.018081e-01 6.542446e+03 5.716334e+03 
1.068485e-01 5.965685e+03 5.334164e+03 
1.118889e-01 5.547696e+03 4.986480e+03 
1.169293e-01 5.270942e+03 4.669429e+03 
1.219697e-01 5.096903e+03 4.379666e+03 
1.270101e-01 4.979719e+03 4.114278e+03 
1.320505e-01 4.875729e+03 3.870719e+03 
1.370909e-01 4.748223e+03 3.646759e+03 
1.421313e-01 4.573605e+03 3.440433e+03 
1.471717e-01 4.345239e+03 3.250013e+03 
1.522121e-01 4.073408e+03 3.073969e+03 
1.572525e-01 3.780020e+03 2.910947e+03 
1.622929e-01 3.491484e+03 2.759742e+03 
1.673333e-01 3.232158e+03 2.619283e+03 
1.723737e-01 3.018363e+03 2.488613e+03 
1.774141e-01 2.855704e+03 2.366878e+03 
1.824545e-01 2.740627e+03 2.253310e+03 
1.874949e-01 2.663264e+03 2.147223e+03 
1.925354e-01 2.609938e+03 2.047997e+03 
1.975758e-01 2.565318e+03 1.955074e+03 
2.026162e-01 2.514798e+03 1.867950e+03 
2.076566e-01 2.448058e+03 1.786171e+03 
2.126970e-01 2.361357e+03 1.709321e+03 
2.177374e-01 2.256823e+03 1.637028e+03 
2.227778e-01 2.140759e+03 1.568950e+03 
2.278182e-01 2.021614e+03 1.504777e+03 
2.328586e-01 1.908339e+03 1.444226e+03 
2.378990e-01 1.808323e+03 1.387039e+03 
2.429394e-01 1.725775e+03 1.332980e+03 
2.479798e-01 1.661339e+03 1.281832e+03 
2.530202e-01 1.612876e+03 1.233397e+03 
2.580606e-01 1.576389e+03 1.187493e+03 
2.631010e-01 1.546612e+03 1.143952e+03 
2.681414e-01 1.517880e+03 1.102621e+03 
2.731818e-01 1.485460e+03 1.063357e+03 
2.782222e-01 1.446657e+03 1.026029e+03 
2.832626e-01 1.401068e+03 9.905154e+02 
2.883030e-01 1.350052e+03 9.567054e+02 
2.933434e-01 1.296022e+03 9.244948e+02 
2.983838e-01 1.241921e+03 8.937877e+02 
3.034242e-01 1.190807e+03 8.644948e+02 
3.084646e-01 1.145170e+03 8.365334e+02 
3.135051e-01 1.106280e+03 8.098267e+02 
3.185455e-01 1.074137e+03 7.843032e+02 
3.235859e-01 1.047648e+03 7.598960e+02 
3.286263e-01 1.025174e+03 7.365433e+02 
3.336667e-01 1.004870e+03 7.141870e+02 
3.387071e-01 9.848977e+02 6.927730e+02 
3.437475e-01 9.637231e+02 6.722508e+02 
3.487879e-01 9.404256e+02 6.525732e+02 
3.538283e-01 9.148988e+02 6.336958e+02 
3.588687e-01 8.877254e+02 6.155773e+02 
3.639091e-01 8.599094e+02 5.981788e+02 
3.689495e-01 8.325290e+02 5.814639e+02 
3.739899e-01 8.065259e+02 5.653982e+02 
3.790303e-01 7.826377e+02 5.499498e+02 
3.840707e-01 7.613015e+02 5.350883e+02 
3.891111e-01 7.425615e+02 5.207853e+02 
3.941515e-01 7.260377e+02 5.070142e+02 
3.991919e-01 7.110946e+02 4.937495e+02 
4.042323e-01 6.970102e+02 4.809677e+02 
4.092727e-01 6.831536e+02 4.686463e+02 
4.143131e-01 6.690441e+02 4.567640e+02 
4.193535e-01 6.543945e+02 4.453010e+02 
4.243939e-01 6.391516e+02 4.342384e+02 
4.294343e-01 6.234730e+02 4.235583e+02 
4.344747e-01 6.077031e+02 4.132439e+02 
4.395152e-01 5.922363e+02 4.032790e+02 
4.445556e-01 5.774106e+02 3.936488e+02 
4.495960e-01 5.634722e+02 3.843386e+02 
4.546364e-01 5.505556e+02 3.753351e+02 
4.596768e-01 5.386639e+02 3.666253e+02 
4.647172e-01 5.276863e+02 3.581969e+02 
4.697576e-01 5.174159e+02 3.500383e+02 
4.747980e-01 5.075935e+02 3.421385e+02 
4.798384e-01 4.979742e+02 3.344870e+02 
4.848788e-01 4.883821e+02 3.270739e+02 
4.899192e-01 4.787326e+02 3.198896e+02 
4.949596e-01 4.689887e+02 3.129251e+02 
5.000000e-01 4.592037e+02 3.061718e+02 
