1.000000e-03 3.865018e+03 3.864646e+03 
6.040404e-03 1.746464e+04 1.695256e+04 
1.108081e-02 2.423002e+04 2.275765e+04 
1.612121e-02 2.665200e+04 2.476632e+04 
2.116162e-02 2.628611e+04 2.486102e+04 
2.620202e-02 2.429389e+04 2.403850e+04 
3.124242e-02 2.159696e+04 2.280234e+04 
3.628283e-02 1.886481e+04 2.140490e+04 
4.132323e-02 1.650367e+04 1.997697e+04 
4.636364e-02 1.466841e+04 1.858676e+04 
5.140404e-02 1.339247e+04 1.726856e+04 
5.644444e-02 1.255418e+04 1.603766e+04 
6.148485e-02 1.199356e+04 1.489879e+04 
6.652525e-02 1.156387e+04 1.385081e+04 
7.156566e-02 1.111622e+04 1.288950e+04 
7.660606e-02 1.055247e+04 1.200912e+04 
8.164646e-02 9.843088e+03 1.120336e+04 
8.668687e-02 9.023863e+03 1.046585e+04 
9.172727e-02 8.163881e+03 9.790433e+03 
9.676768e-02 7.337835e+03 9.171359e+03 
1.018081e-01 6.611508e+03 8.603316e+03 
1.068485e-01 6.030405e+03 8.081458e+03 
1.118889e-01 5.609384e+03 7.601398e+03 
1.169293e-01 5.330881e+03 7.159180e+03 
1.219697e-01 5.156062e+03 6.751244e+03 
1.270101e-01 5.038617e+03 6.374398e+03 
1.320505e-01 4.934409e+03 6.025777e+03 
1.370909e-01 4.806300e+03 5.702811e+03 
1.421313e-01 4.630397e+03 5.403195e+03 
1.471717e-01 4.399964e+03 5.124861e+03 
1.522121e-01 4.125396e+03 4.865950e+03 
1.572525e-01 3.828873e+03 4.624791e+03 
1.622929e-01 3.537147e+03 4.399879e+03 
1.673333e-01 3.274908e+03 4.189859e+03 
1.723737e-01 3.058715e+03 3.993506e+03 
1.774141e-01 2.894274e+03 3.809713e+03 
1.824545e-01 2.778006e+03 3.637481e+03 
1.874949e-01 2.699929e+03 3.475902e+03 
1.925354e-01 2.646193e+03 3.324152e+03 
1.975758e-01 2.601262e+03 3.181485e+03 
2.026162e-01 2.550327e+03 3.047218e+03 
2.076566e-01 2.482922e+03 2.920732e+03 
2.126970e-01 2.395247e+03 2.801461e+03 
2.177374e-01 2.289454e+03 2.688889e+03 
2.227778e-01 2.171936e+03 2.582541e+03 
2.278182e-01 2.051261e+03 2.481986e+03 
2.328586e-01 1.936515e+03 2.386826e+03 
2.378990e-01 1.835198e+03 2.296696e+03 
2.429394e-01 1.751587e+03 2.211260e+03 
2.479798e-01 1.686341e+03 2.130212e+03 
2.530202e-01 1.637295e+03 2.053265e+03 
2.580606e-01 1.600396e+03 1.980158e+03 
2.631010e-01 1.570299e+03 1.910649e+03 
2.681414e-01 1.541257e+03 1.844514e+03 
2.731818e-01 1.508461e+03 1.781545e+03 
2.782222e-01 1.469176e+03 1.721552e+03 
2.832626e-01 1.422989e+03 1.664355e+03 
2.883030e-01 1.371281e+03 1.609789e+03 
2.933434e-01 1.316501e+03 1.557702e+03 
2.983838e-01 1.261639e+03 1.507951e+03 
3.034242e-01 1.209802e+03 1.460402e+03 
3.084646e-01 1.163521e+03 1.414932e+03 
3.135051e-01 1.124087e+03 1.371426e+03 
3.185455e-01 1.091503e+03 1.329775e+03 
3.235859e-01 1.064658e+03 1.289880e+03 
3.286263e-01 1.041888e+03 1.251647e+03 
3.336667e-01 1.021321e+03 1.214987e+03 
3.387071e-01 1.001086e+03 1.179818e+03 
3.437475e-01 9.796262e+02 1.146064e+03 
3.487879e-01 9.560042e+02 1.113651e+03 
3.538283e-01 9.301120e+02 1.082512e+03 
3.588687e-01 9.025416e+02 1.052583e+03 
3.639091e-01 8.743136e+02 1.023804e+03 
3.689495e-01 8.465243e+02 9.961199e+02 
3.739899e-01 8.201317e+02 9.694766e+02 
3.790303e-01 7.958861e+02 9.438245e+02 
3.840707e-01 7.742322e+02 9.191166e+02 
3.891111e-01 7.552158e+02 8.953087e+02 
3.941515e-01 7.384508e+02 8.723590e+02 
3.991919e-01 7.232912e+02 8.502280e+02 
4.042323e-01 7.090029e+02 8.288786e+02 
4.092727e-01 6.949442e+02 8.082755e+02 
4.143131e-01 6.806263e+02 7.883854e+02 
4.193535e-01 6.657570e+02 7.691770e+02 
4.243939e-01 6.502821e+02 7.506202e+02 
4.294343e-01 6.343620e+02 7.326871e+02 
4.344747e-01 6.183468e+02 7.153508e+02 
4.395152e-01 6.026382e+02 6.985859e+02 
4.445556e-01 5.875801e+02 6.823684e+02 
4.495960e-01 5.734232e+02 6.666756e+02 
4.546364e-01 5.603045e+02 6.514856e+02 
4.596768e-01 5.482273e+02 6.367781e+02 
4.647172e-01 5.370791e+02 6.225332e+02 
4.697576e-01 5.266495e+02 6.087326e+02 
4.747980e-01 5.166746e+02 5.953584e+02 
4.798384e-01 5.069053e+02 5.823939e+02 
4.848788e-01 4.971625e+02 5.698230e+02 
4.899192e-01 4.873603e+02 5.576304e+02 
4.949596e-01 4.774609e+02 5.458016e+02 
5.000000e-01 4.675186e+02 5.343227e+02 
