1.000000e-03 4.767789e+03 4.767364e+03 
6.040404e-03 2.142797e+04 2.153355e+04 
1.108081e-02 2.965940e+04 2.964383e+04 
1.612121e-02 3.247265e+04 3.222669e+04 
2.116162e-02 3.175038e+04 3.088201e+04 
2.620202e-02 2.893504e+04 2.735360e+04 
3.124242e-02 2.520109e+04 2.347701e+04 
3.628283e-02 2.142573e+04 2.016703e+04 
4.132323e-02 1.815311e+04 1.754141e+04 
4.636364e-02 1.560706e+04 1.545902e+04 
5.140404e-02 1.383535e+04 1.377029e+04 
5.644444e-02 1.271077e+04 1.236755e+04 
6.148485e-02 1.204174e+04 1.117918e+04 
6.652525e-02 1.164112e+04 1.015718e+04 
7.156566e-02 1.131699e+04 9.268284e+03 
7.660606e-02 1.091167e+04 8.488420e+03 
8.164646e-02 1.033475e+04 7.799509e+03 
8.668687e-02 9.574997e+03 7.187518e+03 
9.172727e-02 8.683208e+03 6.641274e+03 
9.676768e-02 7.743375e+03 6.151701e+03 
1.018081e-01 6.847448e+03 5.711311e+03 
1.068485e-01 6.075372e+03 5.313847e+03 
1.118889e-01 5.476039e+03 4.954036e+03 
1.169293e-01 5.059325e+03 4.627394e+03 
1.219697e-01 4.803238e+03 4.330083e+03 
1.270101e-01 4.668266e+03 4.058802e+03 
1.320505e-01 4.607067e+03 3.810697e+03 
1.370909e-01 4.569907e+03 3.583286e+03 
1.421313e-01 4.510622e+03 3.374408e+03 
1.471717e-01 4.394824e+03 3.182170e+03 
1.522121e-01 4.207707e+03 3.004911e+03 
1.572525e-01 3.954743e+03 2.841167e+03 
1.622929e-01 3.657713e+03 2.689645e+03 
1.673333e-01 3.347705e+03 2.549201e+03 
1.723737e-01 3.056253e+03 2.418816e+03 
1.774141e-01 2.807579e+03 2.297585e+03 
1.824545e-01 2.614749e+03 2.184701e+03 
1.874949e-01 2.479900e+03 2.079439e+03 
1.925354e-01 2.396932e+03 1.981153e+03 
1.975758e-01 2.353698e+03 1.889259e+03 
2.026162e-01 2.333699e+03 1.803234e+03 
2.076566e-01 2.318867e+03 1.722605e+03 
2.126970e-01 2.293067e+03 1.646944e+03 
2.177374e-01 2.245210e+03 1.575867e+03 
2.227778e-01 2.170734e+03 1.509021e+03 
2.278182e-01 2.071588e+03 1.446089e+03 
2.328586e-01 1.955138e+03 1.386781e+03 
2.378990e-01 1.832275e+03 1.330832e+03 
2.429394e-01 1.714260e+03 1.278003e+03 
2.479798e-01 1.610114e+03 1.228073e+03 
2.530202e-01 1.525418e+03 1.180841e+03 
2.580606e-01 1.462171e+03 1.136121e+03 
2.631010e-01 1.419167e+03 1.093746e+03 
2.681414e-01 1.392285e+03 1.053558e+03 
2.731818e-01 1.375290e+03 1.015414e+03 
2.782222e-01 1.361358e+03 9.791837e+02 
2.832626e-01 1.344455e+03 9.447440e+02 
2.883030e-01 1.320299e+03 9.119830e+02 
2.933434e-01 1.286672e+03 8.807967e+02 
2.983838e-01 1.243473e+03 8.510889e+02 
3.034242e-01 1.192758e+03 8.227707e+02 
3.084646e-01 1.138218e+03 7.957595e+02 
3.135051e-01 1.084149e+03 7.699785e+02 
3.185455e-01 1.034366e+03 7.453566e+02 
3.235859e-01 9.914305e+02 7.218274e+02 
3.286263e-01 9.565510e+02 6.993293e+02 
3.336667e-01 9.297040e+02 6.778048e+02 
3.387071e-01 9.098082e+02 6.572002e+02 
3.437475e-01 8.948681e+02 6.374656e+02 
3.487879e-01 8.823637e+02 6.185541e+02 
3.538283e-01 8.697821e+02 6.004220e+02 
3.588687e-01 8.551387e+02 5.830285e+02 
3.639091e-01 8.372782e+02 5.663352e+02 
3.689495e-01 8.159096e+02 5.503061e+02 
3.739899e-01 7.915033e+02 5.349077e+02 
3.790303e-01 7.651094e+02 5.201082e+02 
3.840707e-01 7.381633e+02 5.058780e+02 
3.891111e-01 7.122041e+02 4.921892e+02 
3.941515e-01 6.884937e+02 4.790155e+02 
3.991919e-01 6.678044e+02 4.663321e+02 
4.042323e-01 6.503771e+02 4.541158e+02 
4.092727e-01 6.359707e+02 4.423447e+02 
4.143131e-01 6.240072e+02 4.309980e+02 
4.193535e-01 6.136377e+02 4.200562e+02 
4.243939e-01 6.038878e+02 4.095009e+02 
4.294343e-01 5.938904e+02 3.993146e+02 
4.344747e-01 5.830097e+02 3.894809e+02 
4.395152e-01 5.709462e+02 3.799842e+02 
4.445556e-01 5.577136e+02 3.708098e+02 
4.495960e-01 5.435736e+02 3.619436e+02 
4.546364e-01 5.289786e+02 3.533725e+02 
4.596768e-01 5.144876e+02 3.450839e+02 
4.647172e-01 5.006499e+02 3.370659e+02 
4.697576e-01 4.878804e+02 3.293072e+02 
4.747980e-01 4.764058e+02 3.217972e+02 
4.798384e-01 4.662400e+02 3.145256e+02 
4.848788e-01 4.572420e+02 3.074827e+02 
4.899192e-01 4.491629e+02 3.006594e+02 
4.949596e-01 4.416589e+02 2.940469e+02 
5.000000e-01 4.343705e+02 2.876368e+02 
