1.000000e-03 3.808088e+03 3.807739e+03 
6.040404e-03 1.728611e+04 1.736336e+04 
1.108081e-02 2.382465e+04 2.373903e+04 
1.612121e-02 2.604017e+04 2.564850e+04 
2.116162e-02 2.556268e+04 2.465656e+04 
2.620202e-02 2.357688e+04 2.231178e+04 
3.124242e-02 2.098953e+04 1.982748e+04 
3.628283e-02 1.843297e+04 1.765569e+04 
4.132323e-02 1.626960e+04 1.582991e+04 
4.636364e-02 1.461667e+04 1.428466e+04 
5.140404e-02 1.348115e+04 1.295742e+04 
5.644444e-02 1.272076e+04 1.180292e+04 
6.148485e-02 1.217737e+04 1.078925e+04 
6.652525e-02 1.169637e+04 9.893101e+03 
7.156566e-02 1.115391e+04 9.096685e+03 
7.660606e-02 1.048502e+04 8.385893e+03 
8.164646e-02 9.691266e+03 7.749220e+03 
8.668687e-02 8.827850e+03 7.177099e+03 
9.172727e-02 7.970661e+03 6.661471e+03 
9.676768e-02 7.191174e+03 6.195482e+03 
1.018081e-01 6.543326e+03 5.773261e+03 
1.068485e-01 6.053359e+03 5.389756e+03 
1.118889e-01 5.712908e+03 5.040597e+03 
1.169293e-01 5.487743e+03 4.721993e+03 
1.219697e-01 5.331874e+03 4.430642e+03 
1.270101e-01 5.199017e+03 4.163662e+03 
1.320505e-01 5.049811e+03 3.918526e+03 
1.370909e-01 4.857857e+03 3.693017e+03 
1.421313e-01 4.615383e+03 3.485182e+03 
1.471717e-01 4.332516e+03 3.293297e+03 
1.522121e-01 4.030517e+03 3.115837e+03 
1.572525e-01 3.734405e+03 2.951447e+03 
1.622929e-01 3.467335e+03 2.798926e+03 
1.673333e-01 3.245901e+03 2.657201e+03 
1.723737e-01 3.076390e+03 2.525316e+03 
1.774141e-01 2.954172e+03 2.402414e+03 
1.824545e-01 2.867251e+03 2.287727e+03 
1.874949e-01 2.801079e+03 2.180566e+03 
1.925354e-01 2.741055e+03 2.080310e+03 
1.975758e-01 2.674087e+03 1.986400e+03 
2.026162e-01 2.591151e+03 1.898329e+03 
2.076566e-01 2.489803e+03 1.815641e+03 
2.126970e-01 2.373801e+03 1.737920e+03 
2.177374e-01 2.250758e+03 1.664791e+03 
2.227778e-01 2.129359e+03 1.595910e+03 
2.278182e-01 2.017449e+03 1.530967e+03 
2.328586e-01 1.920545e+03 1.469676e+03 
2.378990e-01 1.841088e+03 1.411779e+03 
2.429394e-01 1.778462e+03 1.357037e+03 
2.479798e-01 1.729545e+03 1.305232e+03 
2.530202e-01 1.689547e+03 1.256166e+03 
2.580606e-01 1.652966e+03 1.209655e+03 
2.631010e-01 1.614874e+03 1.165530e+03 
2.681414e-01 1.572022e+03 1.123635e+03 
2.731818e-01 1.523391e+03 1.083829e+03 
2.782222e-01 1.469859e+03 1.045979e+03 
2.832626e-01 1.413485e+03 1.009963e+03 
2.883030e-01 1.356922e+03 9.756674e+02 
2.933434e-01 1.302995e+03 9.429889e+02 
2.983838e-01 1.254065e+03 9.118302e+02 
3.034242e-01 1.211419e+03 8.821015e+02 
3.084646e-01 1.175081e+03 8.537194e+02 
3.135051e-01 1.144134e+03 8.266063e+02 
3.185455e-01 1.117138e+03 8.006900e+02 
3.235859e-01 1.092351e+03 7.759033e+02 
3.286263e-01 1.068043e+03 7.521836e+02 
3.336667e-01 1.042875e+03 7.294723e+02 
3.387071e-01 1.016133e+03 7.077149e+02 
3.437475e-01 9.878287e+02 6.868604e+02 
3.487879e-01 9.585109e+02 6.668610e+02 
3.538283e-01 9.290418e+02 6.476720e+02 
3.588687e-01 9.003477e+02 6.292517e+02 
3.639091e-01 8.732731e+02 6.115607e+02 
3.689495e-01 8.483867e+02 5.945622e+02 
3.739899e-01 8.258946e+02 5.782216e+02 
3.790303e-01 8.056302e+02 5.625065e+02 
3.840707e-01 7.871869e+02 5.473864e+02 
3.891111e-01 7.700352e+02 5.328324e+02 
3.941515e-01 7.535945e+02 5.188176e+02 
3.991919e-01 7.373130e+02 5.053164e+02 
4.042323e-01 7.208204e+02 4.923048e+02 
4.092727e-01 7.040018e+02 4.797602e+02 
4.143131e-01 6.869475e+02 4.676611e+02 
4.193535e-01 6.699008e+02 4.559873e+02 
4.243939e-01 6.531420e+02 4.447198e+02 
4.294343e-01 6.369173e+02 4.338404e+02 
4.344747e-01 6.214734e+02 4.233321e+02 
4.395152e-01 6.069714e+02 4.131787e+02 
4.445556e-01 5.934533e+02 4.033649e+02 
4.495960e-01 5.807941e+02 3.938762e+02 
4.546364e-01 5.688083e+02 3.846987e+02 
4.596768e-01 5.573170e+02 3.758196e+02 
4.647172e-01 5.461590e+02 3.672263e+02 
4.697576e-01 5.351838e+02 3.589070e+02 
4.747980e-01 5.242601e+02 3.508507e+02 
4.798384e-01 5.133549e+02 3.430466e+02 
4.848788e-01 5.025318e+02 3.354848e+02 
4.899192e-01 4.918808e+02 3.281554e+02 
4.949596e-01 4.814886e+02 3.210495e+02 
5.000000e-01 4.714170e+02 3.141583e+02 
