1.000000e-03 2.377927e+03 2.377713e+03 
6.040404e-03 1.076890e+04 1.081172e+04 
1.108081e-02 1.499883e+04 1.486494e+04 
1.612121e-02 1.676927e+04 1.634094e+04 
2.116162e-02 1.707618e+04 1.634474e+04 
2.620202e-02 1.656151e+04 1.566787e+04 
3.124242e-02 1.566265e+04 1.475845e+04 
3.628283e-02 1.466336e+04 1.379662e+04 
4.132323e-02 1.372067e+04 1.284973e+04 
4.636364e-02 1.288909e+04 1.194601e+04 
5.140404e-02 1.217252e+04 1.109797e+04 
5.644444e-02 1.152489e+04 1.031030e+04 
6.148485e-02 1.090093e+04 9.583401e+03 
6.652525e-02 1.028209e+04 8.915227e+03 
7.156566e-02 9.648914e+03 8.302433e+03 
7.660606e-02 9.010189e+03 7.741068e+03 
8.164646e-02 8.395136e+03 7.226991e+03 
8.668687e-02 7.833641e+03 6.756114e+03 
9.172727e-02 7.338068e+03 6.324540e+03 
9.676768e-02 6.908011e+03 5.928636e+03 
1.018081e-01 6.539325e+03 5.565060e+03 
1.068485e-01 6.222261e+03 5.230766e+03 
1.118889e-01 5.938443e+03 4.922996e+03 
1.169293e-01 5.667025e+03 4.639260e+03 
1.219697e-01 5.394936e+03 4.377321e+03 
1.270101e-01 5.120842e+03 4.135166e+03 
1.320505e-01 4.850205e+03 3.910989e+03 
1.370909e-01 4.590454e+03 3.703167e+03 
1.421313e-01 4.348010e+03 3.510244e+03 
1.471717e-01 4.127047e+03 3.330913e+03 
1.522121e-01 3.929230e+03 3.163994e+03 
1.572525e-01 3.753877e+03 3.008431e+03 
1.622929e-01 3.598050e+03 2.863267e+03 
1.673333e-01 3.456494e+03 2.727642e+03 
1.723737e-01 3.322992e+03 2.600777e+03 
1.774141e-01 3.193055e+03 2.481970e+03 
1.824545e-01 3.065206e+03 2.370582e+03 
1.874949e-01 2.939982e+03 2.266036e+03 
1.925354e-01 2.818186e+03 2.167806e+03 
1.975758e-01 2.701039e+03 2.075415e+03 
2.026162e-01 2.590494e+03 1.988429e+03 
2.076566e-01 2.488253e+03 1.906452e+03 
2.126970e-01 2.394561e+03 1.829120e+03 
2.177374e-01 2.308163e+03 1.756105e+03 
2.227778e-01 2.227553e+03 1.687102e+03 
2.278182e-01 2.151695e+03 1.621834e+03 
2.328586e-01 2.079534e+03 1.560047e+03 
2.378990e-01 2.009953e+03 1.501507e+03 
2.429394e-01 1.942316e+03 1.445998e+03 
2.479798e-01 1.876709e+03 1.393324e+03 
2.530202e-01 1.813472e+03 1.343300e+03 
2.580606e-01 1.752907e+03 1.295758e+03 
2.631010e-01 1.695186e+03 1.250543e+03 
2.681414e-01 1.640476e+03 1.207511e+03 
2.731818e-01 1.588892e+03 1.166528e+03 
2.782222e-01 1.540282e+03 1.127472e+03 
2.832626e-01 1.494157e+03 1.090226e+03 
2.883030e-01 1.450031e+03 1.054685e+03 
2.933434e-01 1.407615e+03 1.020750e+03 
2.983838e-01 1.366771e+03 9.883291e+02 
3.034242e-01 1.327404e+03 9.573362e+02 
3.084646e-01 1.289405e+03 9.276918e+02 
3.135051e-01 1.252712e+03 8.993213e+02 
3.185455e-01 1.217387e+03 8.721552e+02 
3.235859e-01 1.183515e+03 8.461286e+02 
3.286263e-01 1.151105e+03 8.211807e+02 
3.336667e-01 1.120075e+03 7.972547e+02 
3.387071e-01 1.090310e+03 7.742973e+02 
3.437475e-01 1.061715e+03 7.522588e+02 
3.487879e-01 1.034222e+03 7.310923e+02 
3.538283e-01 1.007747e+03 7.107539e+02 
3.588687e-01 9.821877e+02 6.912025e+02 
3.639091e-01 9.574609e+02 6.723991e+02 
3.689495e-01 9.335364e+02 6.543074e+02 
3.739899e-01 9.104332e+02 6.368931e+02 
3.790303e-01 8.881640e+02 6.201239e+02 
3.840707e-01 8.666741e+02 6.039692e+02 
3.891111e-01 8.459122e+02 5.884005e+02 
3.941515e-01 8.258600e+02 5.733906e+02 
3.991919e-01 8.065029e+02 5.589139e+02 
4.042323e-01 7.878277e+02 5.449463e+02 
4.092727e-01 7.697772e+02 5.314649e+02 
4.143131e-01 7.522868e+02 5.184482e+02 
4.193535e-01 7.353340e+02 5.058758e+02 
4.243939e-01 7.189199e+02 4.937282e+02 
4.294343e-01 7.030263e+02 4.819871e+02 
4.344747e-01 6.876293e+02 4.706352e+02 
4.395152e-01 6.726883e+02 4.596561e+02 
4.445556e-01 6.581977e+02 4.490340e+02 
4.495960e-01 6.441647e+02 4.387541e+02 
4.546364e-01 6.305752e+02 4.288025e+02 
4.596768e-01 6.173964e+02 4.191656e+02 
4.647172e-01 6.045935e+02 4.098307e+02 
4.697576e-01 5.921572e+02 4.007859e+02 
4.747980e-01 5.800917e+02 3.920194e+02 
4.798384e-01 5.683856e+02 3.835205e+02 
4.848788e-01 5.570079e+02 3.752786e+02 
4.899192e-01 5.459349e+02 3.672839e+02 
4.949596e-01 5.351694e+02 3.595268e+02 
5.000000e-01 5.247149e+02 3.519983e+02 
