1.000000e-03 2.126656e+03 2.126458e+03 
6.040404e-03 9.522697e+03 9.569186e+03 
1.108081e-02 1.321316e+04 1.308155e+04 
1.612121e-02 1.485102e+04 1.442336e+04 
2.116162e-02 1.533190e+04 1.461458e+04 
2.620202e-02 1.516360e+04 1.423700e+04 
3.124242e-02 1.465090e+04 1.359398e+04 
3.628283e-02 1.397718e+04 1.283710e+04 
4.132323e-02 1.324628e+04 1.204571e+04 
4.636364e-02 1.250379e+04 1.126267e+04 
5.140404e-02 1.179133e+04 1.051083e+04 
5.644444e-02 1.109722e+04 9.801589e+03 
6.148485e-02 1.043263e+04 9.139708e+03 
6.652525e-02 9.807653e+03 8.526131e+03 
7.156566e-02 9.217646e+03 7.959638e+03 
7.660606e-02 8.665924e+03 7.437845e+03 
8.164646e-02 8.160093e+03 6.957806e+03 
8.668687e-02 7.698690e+03 6.516367e+03 
9.172727e-02 7.273628e+03 6.110373e+03 
9.676768e-02 6.876279e+03 5.736791e+03 
1.018081e-01 6.506813e+03 5.392767e+03 
1.068485e-01 6.164462e+03 5.075660e+03 
1.118889e-01 5.845073e+03 4.783045e+03 
1.169293e-01 5.543748e+03 4.512715e+03 
1.219697e-01 5.260174e+03 4.262666e+03 
1.270101e-01 4.996042e+03 4.031085e+03 
1.320505e-01 4.751977e+03 3.816336e+03 
1.370909e-01 4.525988e+03 3.616941e+03 
1.421313e-01 4.315610e+03 3.431567e+03 
1.471717e-01 4.118788e+03 3.259011e+03 
1.522121e-01 3.934009e+03 3.098189e+03 
1.572525e-01 3.760413e+03 2.948119e+03 
1.622929e-01 3.597307e+03 2.807917e+03 
1.673333e-01 3.443577e+03 2.676781e+03 
1.723737e-01 3.298419e+03 2.553985e+03 
1.774141e-01 3.161783e+03 2.438870e+03 
1.824545e-01 3.033339e+03 2.330840e+03 
1.874949e-01 2.912403e+03 2.229351e+03 
1.925354e-01 2.798220e+03 2.133910e+03 
1.975758e-01 2.690150e+03 2.044066e+03 
2.026162e-01 2.588078e+03 1.959409e+03 
2.076566e-01 2.491686e+03 1.879564e+03 
2.126970e-01 2.400142e+03 1.804188e+03 
2.177374e-01 2.313062e+03 1.732968e+03 
2.227778e-01 2.230455e+03 1.665615e+03 
2.278182e-01 2.152083e+03 1.601866e+03 
2.328586e-01 2.077598e+03 1.541478e+03 
2.378990e-01 2.006677e+03 1.484228e+03 
2.429394e-01 1.939112e+03 1.429910e+03 
2.479798e-01 1.874861e+03 1.378336e+03 
2.530202e-01 1.813683e+03 1.329330e+03 
2.580606e-01 1.755208e+03 1.282730e+03 
2.631010e-01 1.699318e+03 1.238389e+03 
2.681414e-01 1.645970e+03 1.196167e+03 
2.731818e-01 1.595030e+03 1.155936e+03 
2.782222e-01 1.546326e+03 1.117578e+03 
2.832626e-01 1.499656e+03 1.080981e+03 
2.883030e-01 1.454924e+03 1.046045e+03 
2.933434e-01 1.412099e+03 1.012673e+03 
2.983838e-01 1.371085e+03 9.807759e+02 
3.034242e-01 1.331756e+03 9.502721e+02 
3.084646e-01 1.293979e+03 9.210840e+02 
3.135051e-01 1.257673e+03 8.931395e+02 
3.185455e-01 1.222828e+03 8.663715e+02 
3.235859e-01 1.189373e+03 8.407170e+02 
3.286263e-01 1.157194e+03 8.161173e+02 
3.336667e-01 1.126214e+03 7.925171e+02 
3.387071e-01 1.096382e+03 7.698650e+02 
3.437475e-01 1.067682e+03 7.481124e+02 
3.487879e-01 1.040068e+03 7.272140e+02 
3.538283e-01 1.013442e+03 7.071271e+02 
3.588687e-01 9.877549e+02 6.878116e+02 
3.639091e-01 9.629843e+02 6.692299e+02 
3.689495e-01 9.391061e+02 6.513463e+02 
3.739899e-01 9.160801e+02 6.341276e+02 
3.790303e-01 8.938324e+02 6.175422e+02 
3.840707e-01 8.723235e+02 6.015605e+02 
3.891111e-01 8.515582e+02 5.861544e+02 
3.941515e-01 8.315081e+02 5.712977e+02 
3.991919e-01 8.121250e+02 5.569652e+02 
4.042323e-01 7.933694e+02 5.431334e+02 
4.092727e-01 7.752154e+02 5.297800e+02 
4.143131e-01 7.576604e+02 5.168839e+02 
4.193535e-01 7.406828e+02 5.044252e+02 
4.243939e-01 7.242383e+02 4.923848e+02 
4.294343e-01 7.083001e+02 4.807449e+02 
4.344747e-01 6.928537e+02 4.694885e+02 
4.395152e-01 6.778925e+02 4.585995e+02 
4.445556e-01 6.634011e+02 4.480625e+02 
4.495960e-01 6.493423e+02 4.378630e+02 
4.546364e-01 6.356948e+02 4.279871e+02 
4.596768e-01 6.224555e+02 4.184219e+02 
4.647172e-01 6.096146e+02 4.091548e+02 
4.697576e-01 5.971555e+02 4.001739e+02 
4.747980e-01 5.850492e+02 3.914680e+02 
4.798384e-01 5.732771e+02 3.830262e+02 
4.848788e-01 5.618460e+02 3.748384e+02 
4.899192e-01 5.507475e+02 3.668948e+02 
4.949596e-01 5.399570e+02 3.591860e+02 
5.000000e-01 5.294576e+02 3.517032e+02 
