1.000000e-03 5.833830e+03 5.833265e+03 
6.040404e-03 2.529471e+04 2.541188e+04 
1.108081e-02 3.402002e+04 3.396396e+04 
1.612121e-02 3.631740e+04 3.592516e+04 
2.116162e-02 3.468990e+04 3.354161e+04 
2.620202e-02 3.094764e+04 2.915542e+04 
3.124242e-02 2.648176e+04 2.479894e+04 
3.628283e-02 2.225145e+04 2.123525e+04 
4.132323e-02 1.878453e+04 1.844347e+04 
4.636364e-02 1.622671e+04 1.622817e+04 
5.140404e-02 1.456194e+04 1.442492e+04 
5.644444e-02 1.356225e+04 1.292260e+04 
6.148485e-02 1.298444e+04 1.164826e+04 
6.652525e-02 1.257895e+04 1.055269e+04 
7.156566e-02 1.214651e+04 9.601208e+03 
7.660606e-02 1.154653e+04 8.768290e+03 
8.164646e-02 1.072600e+04 8.034480e+03 
8.668687e-02 9.725861e+03 7.384508e+03 
9.172727e-02 8.648659e+03 6.806117e+03 
9.676768e-02 7.612666e+03 6.289308e+03 
1.018081e-01 6.717372e+03 5.825808e+03 
1.068485e-01 6.021663e+03 5.408709e+03 
1.118889e-01 5.538703e+03 5.032187e+03 
1.169293e-01 5.244813e+03 4.691300e+03 
1.219697e-01 5.092543e+03 4.381830e+03 
1.270101e-01 5.021897e+03 4.100156e+03 
1.320505e-01 4.969704e+03 3.843156e+03 
1.370909e-01 4.881650e+03 3.608127e+03 
1.421313e-01 4.723781e+03 3.392718e+03 
1.471717e-01 4.486399e+03 3.194879e+03 
1.522121e-01 4.181421e+03 3.012814e+03 
1.572525e-01 3.837423e+03 2.844947e+03 
1.622929e-01 3.493178e+03 2.689889e+03 
1.673333e-01 3.185402e+03 2.546414e+03 
1.723737e-01 2.937264e+03 2.413434e+03 
1.774141e-01 2.755902e+03 2.289985e+03 
1.824545e-01 2.636868e+03 2.175209e+03 
1.874949e-01 2.568618e+03 2.068337e+03 
1.925354e-01 2.534340e+03 1.968686e+03 
1.975758e-01 2.512864e+03 1.875640e+03 
2.026162e-01 2.483267e+03 1.788648e+03 
2.076566e-01 2.430740e+03 1.707213e+03 
2.126970e-01 2.349336e+03 1.630887e+03 
2.177374e-01 2.240985e+03 1.559265e+03 
2.227778e-01 2.113460e+03 1.491981e+03 
2.278182e-01 1.978331e+03 1.428704e+03 
2.328586e-01 1.848412e+03 1.369131e+03 
2.378990e-01 1.734472e+03 1.312989e+03 
2.429394e-01 1.642743e+03 1.260027e+03 
2.479798e-01 1.574761e+03 1.210017e+03 
2.530202e-01 1.528296e+03 1.162751e+03 
2.580606e-01 1.498192e+03 1.118039e+03 
2.631010e-01 1.477335e+03 1.075705e+03 
2.681414e-01 1.458070e+03 1.035588e+03 
2.731818e-01 1.433982e+03 9.975431e+02 
2.782222e-01 1.401013e+03 9.614329e+02 
2.832626e-01 1.357933e+03 9.271329e+02 
2.883030e-01 1.305906e+03 8.945280e+02 
2.933434e-01 1.248031e+03 8.635117e+02 
2.983838e-01 1.188675e+03 8.339858e+02 
3.034242e-01 1.132383e+03 8.058593e+02 
3.084646e-01 1.082648e+03 7.790480e+02 
3.135051e-01 1.041337e+03 7.534735e+02 
3.185455e-01 1.008697e+03 7.290635e+02 
3.235859e-01 9.836904e+02 7.057505e+02 
3.286263e-01 9.643962e+02 6.834718e+02 
3.336667e-01 9.482441e+02 6.621690e+02 
3.387071e-01 9.324934e+02 6.417877e+02 
3.437475e-01 9.149003e+02 6.222771e+02 
3.487879e-01 8.941545e+02 6.035900e+02 
3.538283e-01 8.699984e+02 5.856820e+02 
3.588687e-01 8.430265e+02 5.685119e+02 
3.639091e-01 8.143639e+02 5.520408e+02 
3.689495e-01 7.854667e+02 5.362325e+02 
3.739899e-01 7.578826e+02 5.210531e+02 
3.790303e-01 7.328559e+02 5.064706e+02 
3.840707e-01 7.110519e+02 4.924551e+02 
3.891111e-01 6.925607e+02 4.789786e+02 
3.941515e-01 6.769756e+02 4.660145e+02 
3.991919e-01 6.635765e+02 4.535381e+02 
4.042323e-01 6.514438e+02 4.415260e+02 
4.092727e-01 6.395888e+02 4.299561e+02 
4.143131e-01 6.272356e+02 4.188076e+02 
4.193535e-01 6.139440e+02 4.080610e+02 
4.243939e-01 5.996086e+02 3.976977e+02 
4.294343e-01 5.843852e+02 3.877004e+02 
4.344747e-01 5.686614e+02 3.780525e+02 
4.395152e-01 5.529657e+02 3.687385e+02 
4.445556e-01 5.378574e+02 3.597435e+02 
4.495960e-01 5.237801e+02 3.510537e+02 
4.546364e-01 5.109479e+02 3.426558e+02 
4.596768e-01 4.994002e+02 3.345373e+02 
4.647172e-01 4.890431e+02 3.266863e+02 
4.697576e-01 4.796314e+02 3.190916e+02 
4.747980e-01 4.708125e+02 3.117425e+02 
4.798384e-01 4.622294e+02 3.046288e+02 
4.848788e-01 4.535932e+02 2.977409e+02 
4.899192e-01 4.447374e+02 2.910697e+02 
4.949596e-01 4.356278e+02 2.846063e+02 
5.000000e-01 4.262931e+02 2.783427e+02 
