1.000000e-03 4.823542e+03 4.823072e+03 
6.040404e-03 2.179083e+04 2.188814e+04 
1.108081e-02 2.967684e+04 2.960330e+04 
1.612121e-02 3.194169e+04 3.153191e+04 
2.116162e-02 3.073827e+04 2.965534e+04 
2.620202e-02 2.765493e+04 2.606719e+04 
3.124242e-02 2.391456e+04 2.248418e+04 
3.628283e-02 2.035964e+04 1.951431e+04 
4.132323e-02 1.745047e+04 1.714154e+04 
4.636364e-02 1.531176e+04 1.521987e+04 
5.140404e-02 1.392868e+04 1.362720e+04 
5.644444e-02 1.308914e+04 1.228054e+04 
6.148485e-02 1.257414e+04 1.112454e+04 
6.652525e-02 1.216101e+04 1.012111e+04 
7.156566e-02 1.168227e+04 9.242732e+03 
7.660606e-02 1.103022e+04 8.468736e+03 
8.164646e-02 1.018322e+04 7.783010e+03 
8.668687e-02 9.201840e+03 7.172678e+03 
9.172727e-02 8.190344e+03 6.627247e+03 
9.676768e-02 7.255060e+03 6.138039e+03 
1.018081e-01 6.476212e+03 5.697796e+03 
1.068485e-01 5.893352e+03 5.300396e+03 
1.118889e-01 5.503876e+03 4.940637e+03 
1.169293e-01 5.273774e+03 4.614074e+03 
1.219697e-01 5.150778e+03 4.316885e+03 
1.270101e-01 5.074452e+03 4.045777e+03 
1.320505e-01 4.987487e+03 3.797891e+03 
1.370909e-01 4.847755e+03 3.570743e+03 
1.421313e-01 4.636629e+03 3.362165e+03 
1.471717e-01 4.358452e+03 3.170257e+03 
1.522121e-01 4.034366e+03 2.993352e+03 
1.572525e-01 3.697030e+03 2.829979e+03 
1.622929e-01 3.382581e+03 2.678840e+03 
1.673333e-01 3.119049e+03 2.538785e+03 
1.723737e-01 2.918998e+03 2.408794e+03 
1.774141e-01 2.780490e+03 2.287957e+03 
1.824545e-01 2.693173e+03 2.175463e+03 
1.874949e-01 2.642090e+03 2.070587e+03 
1.925354e-01 2.608345e+03 1.972679e+03 
1.975758e-01 2.571566e+03 1.881155e+03 
2.026162e-01 2.515729e+03 1.795491e+03 
2.076566e-01 2.433552e+03 1.715213e+03 
2.126970e-01 2.326347e+03 1.639893e+03 
2.177374e-01 2.201187e+03 1.569144e+03 
2.227778e-01 2.068466e+03 1.502615e+03 
2.278182e-01 1.939919e+03 1.439989e+03 
2.328586e-01 1.825941e+03 1.380975e+03 
2.378990e-01 1.732870e+03 1.325310e+03 
2.429394e-01 1.662327e+03 1.272752e+03 
2.479798e-01 1.612096e+03 1.223083e+03 
2.530202e-01 1.577208e+03 1.176100e+03 
2.580606e-01 1.550963e+03 1.131620e+03 
2.631010e-01 1.526145e+03 1.089473e+03 
2.681414e-01 1.496676e+03 1.049504e+03 
2.731818e-01 1.459005e+03 1.011571e+03 
2.782222e-01 1.412359e+03 9.755404e+02 
2.832626e-01 1.358228e+03 9.412923e+02 
2.883030e-01 1.299700e+03 9.087143e+02 
2.933434e-01 1.240778e+03 8.777029e+02 
2.983838e-01 1.185513e+03 8.481622e+02 
3.034242e-01 1.136986e+03 8.200036e+02 
3.084646e-01 1.096632e+03 7.931447e+02 
3.135051e-01 1.064286e+03 7.675091e+02 
3.185455e-01 1.038607e+03 7.430261e+02 
3.235859e-01 1.017593e+03 7.196294e+02 
3.286263e-01 9.988231e+02 6.972579e+02 
3.336667e-01 9.798773e+02 6.758542e+02 
3.387071e-01 9.588728e+02 6.553650e+02 
3.437475e-01 9.349358e+02 6.357404e+02 
3.487879e-01 9.081874e+02 6.169340e+02 
3.538283e-01 8.795014e+02 5.989023e+02 
3.588687e-01 8.500679e+02 5.816045e+02 
3.639091e-01 8.212155e+02 5.650026e+02 
3.689495e-01 7.942126e+02 5.490609e+02 
3.739899e-01 7.699777e+02 5.337458e+02 
3.790303e-01 7.488800e+02 5.190259e+02 
3.840707e-01 7.307097e+02 5.048716e+02 
3.891111e-01 7.148855e+02 4.912553e+02 
3.941515e-01 7.006395e+02 4.781508e+02 
3.991919e-01 6.870966e+02 4.655335e+02 
4.042323e-01 6.734608e+02 4.533804e+02 
4.092727e-01 6.591850e+02 4.416695e+02 
4.143131e-01 6.440605e+02 4.303804e+02 
4.193535e-01 6.282095e+02 4.194936e+02 
4.243939e-01 6.119301e+02 4.089908e+02 
4.294343e-01 5.956239e+02 3.988547e+02 
4.344747e-01 5.797779e+02 3.890689e+02 
4.395152e-01 5.648357e+02 3.796179e+02 
4.445556e-01 5.510447e+02 3.704872e+02 
4.495960e-01 5.384745e+02 3.616627e+02 
4.546364e-01 5.270106e+02 3.531315e+02 
4.596768e-01 5.164501e+02 3.448809e+02 
4.647172e-01 5.065424e+02 3.368993e+02 
4.697576e-01 4.969556e+02 3.291753e+02 
4.747980e-01 4.874071e+02 3.216984e+02 
4.798384e-01 4.777238e+02 3.144584e+02 
4.848788e-01 4.678793e+02 3.074458e+02 
4.899192e-01 4.579177e+02 3.006513e+02 
4.949596e-01 4.479388e+02 2.940663e+02 
5.000000e-01 4.380748e+02 2.876826e+02 
