1.000000e-03 3.745974e+03 3.745623e+03 
6.040404e-03 1.652304e+04 1.659182e+04 
1.108081e-02 2.253833e+04 2.242030e+04 
1.612121e-02 2.452511e+04 2.407196e+04 
2.116162e-02 2.408371e+04 2.315691e+04 
2.620202e-02 2.232459e+04 2.113279e+04 
3.124242e-02 2.006453e+04 1.900166e+04 
3.628283e-02 1.785228e+04 1.710133e+04 
4.132323e-02 1.598809e+04 1.545891e+04 
4.636364e-02 1.455805e+04 1.403381e+04 
5.140404e-02 1.354771e+04 1.278602e+04 
5.644444e-02 1.281882e+04 1.168527e+04 
6.148485e-02 1.223439e+04 1.070889e+04 
6.652525e-02 1.166143e+04 9.839209e+03 
7.156566e-02 1.101343e+04 9.061940e+03 
7.660606e-02 1.026022e+04 8.365209e+03 
8.164646e-02 9.430762e+03 7.738978e+03 
8.668687e-02 8.588299e+03 7.174671e+03 
9.172727e-02 7.799178e+03 6.664912e+03 
9.676768e-02 7.115530e+03 6.203332e+03 
1.018081e-01 6.569336e+03 5.784413e+03 
1.068485e-01 6.165449e+03 5.403360e+03 
1.118889e-01 5.878783e+03 5.055995e+03 
1.169293e-01 5.666944e+03 4.738675e+03 
1.219697e-01 5.485355e+03 4.448209e+03 
1.270101e-01 5.297670e+03 4.181800e+03 
1.320505e-01 5.079494e+03 3.936990e+03 
1.370909e-01 4.822280e+03 3.711615e+03 
1.421313e-01 4.534126e+03 3.503763e+03 
1.471717e-01 4.233859e+03 3.311744e+03 
1.522121e-01 3.943059e+03 3.134058e+03 
1.572525e-01 3.680597e+03 2.969372e+03 
1.622929e-01 3.460014e+03 2.816503e+03 
1.673333e-01 3.286261e+03 2.674390e+03 
1.723737e-01 3.154558e+03 2.542088e+03 
1.774141e-01 3.052928e+03 2.418749e+03 
1.824545e-01 2.967287e+03 2.303613e+03 
1.874949e-01 2.885100e+03 2.195996e+03 
1.925354e-01 2.796409e+03 2.095281e+03 
1.975758e-01 2.695282e+03 2.000912e+03 
2.026162e-01 2.581116e+03 1.912388e+03 
2.076566e-01 2.458461e+03 1.829251e+03 
2.126970e-01 2.334659e+03 1.751091e+03 
2.177374e-01 2.216952e+03 1.677530e+03 
2.227778e-01 2.110898e+03 1.608229e+03 
2.278182e-01 2.019645e+03 1.542876e+03 
2.328586e-01 1.943647e+03 1.481186e+03 
2.378990e-01 1.880878e+03 1.422902e+03 
2.429394e-01 1.827680e+03 1.367785e+03 
2.479798e-01 1.779718e+03 1.315617e+03 
2.530202e-01 1.732744e+03 1.266199e+03 
2.580606e-01 1.683444e+03 1.219349e+03 
2.631010e-01 1.630271e+03 1.174896e+03 
2.681414e-01 1.573679e+03 1.132685e+03 
2.731818e-01 1.515450e+03 1.092574e+03 
2.782222e-01 1.457748e+03 1.054429e+03 
2.832626e-01 1.402594e+03 1.018129e+03 
2.883030e-01 1.351682e+03 9.835606e+02 
2.933434e-01 1.306111e+03 9.506186e+02 
2.983838e-01 1.266028e+03 9.192062e+02 
3.034242e-01 1.230631e+03 8.892331e+02 
3.084646e-01 1.198588e+03 8.606156e+02 
3.135051e-01 1.168491e+03 8.332757e+02 
3.185455e-01 1.139115e+03 8.071411e+02 
3.235859e-01 1.109533e+03 7.821441e+02 
3.286263e-01 1.079221e+03 7.582219e+02 
3.336667e-01 1.048218e+03 7.353156e+02 
3.387071e-01 1.017034e+03 7.133703e+02 
3.437475e-01 9.863869e+02 6.923348e+02 
3.487879e-01 9.569528e+02 6.721611e+02 
3.538283e-01 9.292283e+02 6.528042e+02 
3.588687e-01 9.034898e+02 6.342219e+02 
3.639091e-01 8.797706e+02 6.163749e+02 
3.689495e-01 8.578555e+02 5.992261e+02 
3.739899e-01 8.373286e+02 5.827407e+02 
3.790303e-01 8.177441e+02 5.668859e+02 
3.840707e-01 7.987116e+02 5.516310e+02 
3.891111e-01 7.799473e+02 5.369471e+02 
3.941515e-01 7.612677e+02 5.228070e+02 
3.991919e-01 7.426308e+02 5.091849e+02 
4.042323e-01 7.241697e+02 4.960567e+02 
4.092727e-01 7.061117e+02 4.833994e+02 
4.143131e-01 6.886597e+02 4.711917e+02 
4.193535e-01 6.719456e+02 4.594130e+02 
4.243939e-01 6.560300e+02 4.480442e+02 
4.294343e-01 6.409355e+02 4.370670e+02 
4.344747e-01 6.266384e+02 4.264642e+02 
4.395152e-01 6.130124e+02 4.162196e+02 
4.445556e-01 5.998947e+02 4.063176e+02 
4.495960e-01 5.871345e+02 3.967436e+02 
4.546364e-01 5.746648e+02 3.874838e+02 
4.596768e-01 5.624235e+02 3.785250e+02 
4.647172e-01 5.504049e+02 3.698547e+02 
4.697576e-01 5.385881e+02 3.614610e+02 
4.747980e-01 5.270100e+02 3.533326e+02 
4.798384e-01 5.157646e+02 3.454589e+02 
4.848788e-01 5.049062e+02 3.378296e+02 
4.899192e-01 4.944392e+02 3.304350e+02 
4.949596e-01 4.843534e+02 3.232659e+02 
5.000000e-01 4.746331e+02 3.163135e+02 
