1.000000e-03 3.053161e+03 3.052876e+03 
6.040404e-03 1.366178e+04 1.371480e+04 
1.108081e-02 1.880326e+04 1.866435e+04 
1.612121e-02 2.069526e+04 2.022770e+04 
2.116162e-02 2.064521e+04 1.979456e+04 
2.620202e-02 1.953409e+04 1.849982e+04 
3.124242e-02 1.798974e+04 1.703445e+04 
3.628283e-02 1.642513e+04 1.563673e+04 
4.132323e-02 1.506134e+04 1.435550e+04 
4.636364e-02 1.396314e+04 1.319174e+04 
5.140404e-02 1.313266e+04 1.213744e+04 
5.644444e-02 1.244713e+04 1.118335e+04 
6.148485e-02 1.182414e+04 1.032034e+04 
6.652525e-02 1.119002e+04 9.539676e+03 
7.156566e-02 1.049907e+04 8.833151e+03 
7.660606e-02 9.754018e+03 8.193160e+03 
8.164646e-02 8.996211e+03 7.612757e+03 
8.668687e-02 8.277846e+03 7.085661e+03 
9.172727e-02 7.637143e+03 6.606236e+03 
9.676768e-02 7.096436e+03 6.169452e+03 
1.018081e-01 6.663563e+03 5.770834e+03 
1.068485e-01 6.327834e+03 5.406414e+03 
1.118889e-01 6.058814e+03 5.072674e+03 
1.169293e-01 5.818860e+03 4.766496e+03 
1.219697e-01 5.578712e+03 4.485119e+03 
1.270101e-01 5.322507e+03 4.226096e+03 
1.320505e-01 5.047393e+03 3.987253e+03 
1.370909e-01 4.759825e+03 3.766660e+03 
1.421313e-01 4.473357e+03 3.562601e+03 
1.471717e-01 4.202911e+03 3.373545e+03 
1.522121e-01 3.960324e+03 3.198128e+03 
1.572525e-01 3.752367e+03 3.035129e+03 
1.622929e-01 3.579920e+03 2.883456e+03 
1.673333e-01 3.437786e+03 2.742130e+03 
1.723737e-01 3.315835e+03 2.610271e+03 
1.774141e-01 3.203353e+03 2.487088e+03 
1.824545e-01 3.091916e+03 2.371866e+03 
1.874949e-01 2.976778e+03 2.263962e+03 
1.925354e-01 2.856124e+03 2.162794e+03 
1.975758e-01 2.731514e+03 2.067834e+03 
2.026162e-01 2.607254e+03 1.978604e+03 
2.076566e-01 2.488558e+03 1.894671e+03 
2.126970e-01 2.379373e+03 1.815637e+03 
2.177374e-01 2.281508e+03 1.741144e+03 
2.227778e-01 2.195336e+03 1.670863e+03 
2.278182e-01 2.119558e+03 1.604494e+03 
2.328586e-01 2.051604e+03 1.541762e+03 
2.378990e-01 1.988263e+03 1.482415e+03 
2.429394e-01 1.926954e+03 1.426224e+03 
2.479798e-01 1.865993e+03 1.372975e+03 
2.530202e-01 1.804520e+03 1.322475e+03 
2.580606e-01 1.742480e+03 1.274544e+03 
2.631010e-01 1.680784e+03 1.229016e+03 
2.681414e-01 1.621065e+03 1.185739e+03 
2.731818e-01 1.564749e+03 1.144572e+03 
2.782222e-01 1.512486e+03 1.105385e+03 
2.832626e-01 1.464238e+03 1.068057e+03 
2.883030e-01 1.419768e+03 1.032476e+03 
2.933434e-01 1.378604e+03 9.985378e+02 
2.983838e-01 1.340008e+03 9.661473e+02 
3.034242e-01 1.302988e+03 9.352143e+02 
3.084646e-01 1.266764e+03 9.056556e+02 
3.135051e-01 1.231029e+03 8.773937e+02 
3.185455e-01 1.195821e+03 8.503562e+02 
3.235859e-01 1.161340e+03 8.244758e+02 
3.286263e-01 1.127747e+03 7.996895e+02 
3.336667e-01 1.095353e+03 7.759384e+02 
3.387071e-01 1.064480e+03 7.531676e+02 
3.437475e-01 1.035314e+03 7.313256e+02 
3.487879e-01 1.007830e+03 7.103641e+02 
3.538283e-01 9.817872e+02 6.902381e+02 
3.588687e-01 9.569136e+02 6.709050e+02 
3.639091e-01 9.330153e+02 6.523252e+02 
3.689495e-01 9.099218e+02 6.344611e+02 
3.739899e-01 8.874605e+02 6.172777e+02 
3.790303e-01 8.655067e+02 6.007420e+02 
3.840707e-01 8.440670e+02 5.848228e+02 
3.891111e-01 8.232108e+02 5.694907e+02 
3.941515e-01 8.030310e+02 5.547183e+02 
3.991919e-01 7.835599e+02 5.404794e+02 
4.042323e-01 7.648206e+02 5.267495e+02 
4.092727e-01 7.468304e+02 5.135054e+02 
4.143131e-01 7.295858e+02 5.007250e+02 
4.193535e-01 7.130151e+02 4.883878e+02 
4.243939e-01 6.970038e+02 4.764740e+02 
4.294343e-01 6.814953e+02 4.649652e+02 
4.344747e-01 6.664352e+02 4.538437e+02 
4.395152e-01 6.518174e+02 4.430929e+02 
4.445556e-01 6.375824e+02 4.326970e+02 
4.495960e-01 6.237262e+02 4.226411e+02 
4.546364e-01 6.102500e+02 4.129110e+02 
4.596768e-01 5.971815e+02 4.034931e+02 
4.647172e-01 5.845351e+02 3.943747e+02 
4.697576e-01 5.722887e+02 3.855436e+02 
4.747980e-01 5.604231e+02 3.769882e+02 
4.798384e-01 5.489250e+02 3.686976e+02 
4.848788e-01 5.377935e+02 3.606612e+02 
4.899192e-01 5.270013e+02 3.528690e+02 
4.949596e-01 5.165099e+02 3.453117e+02 
5.000000e-01 5.062831e+02 3.379801e+02 
