1.000000e-03 4.041561e+03 4.041178e+03 
6.040404e-03 1.789404e+04 1.796977e+04 
1.108081e-02 2.433149e+04 2.421491e+04 
1.612121e-02 2.634796e+04 2.588263e+04 
2.116162e-02 2.570787e+04 2.472585e+04 
2.620202e-02 2.364207e+04 2.236546e+04 
3.124242e-02 2.105729e+04 1.993599e+04 
3.628283e-02 1.856204e+04 1.781210e+04 
4.132323e-02 1.648528e+04 1.600862e+04 
4.636364e-02 1.491565e+04 1.446611e+04 
5.140404e-02 1.383414e+04 1.313055e+04 
5.644444e-02 1.308372e+04 1.196260e+04 
6.148485e-02 1.250304e+04 1.093369e+04 
6.652525e-02 1.193988e+04 1.002231e+04 
7.156566e-02 1.129587e+04 9.211532e+03 
7.660606e-02 1.053008e+04 8.487600e+03 
8.164646e-02 9.666679e+03 7.839116e+03 
8.668687e-02 8.773094e+03 7.256487e+03 
9.172727e-02 7.926375e+03 6.731563e+03 
9.676768e-02 7.190129e+03 6.257373e+03 
1.018081e-01 6.603557e+03 5.827929e+03 
1.068485e-01 6.173767e+03 5.438064e+03 
1.118889e-01 5.876650e+03 5.083302e+03 
1.169293e-01 5.668353e+03 4.759758e+03 
1.219697e-01 5.501044e+03 4.464047e+03 
1.270101e-01 5.331422e+03 4.193212e+03 
1.320505e-01 5.128360e+03 3.944665e+03 
1.370909e-01 4.878962e+03 3.716132e+03 
1.421313e-01 4.590097e+03 3.505612e+03 
1.471717e-01 4.281012e+03 3.311340e+03 
1.522121e-01 3.974978e+03 3.131753e+03 
1.572525e-01 3.694435e+03 2.965468e+03 
1.622929e-01 3.457006e+03 2.811254e+03 
1.673333e-01 3.271231e+03 2.668015e+03 
1.723737e-01 3.133288e+03 2.534775e+03 
1.774141e-01 3.031105e+03 2.410658e+03 
1.824545e-01 2.949685e+03 2.294882e+03 
1.874949e-01 2.875190e+03 2.186742e+03 
1.925354e-01 2.795438e+03 2.085606e+03 
1.975758e-01 2.701791e+03 1.990903e+03 
2.026162e-01 2.591679e+03 1.902120e+03 
2.076566e-01 2.469164e+03 1.818789e+03 
2.126970e-01 2.342247e+03 1.740489e+03 
2.177374e-01 2.219174e+03 1.666836e+03 
2.227778e-01 2.106640e+03 1.597484e+03 
2.278182e-01 2.009154e+03 1.532115e+03 
2.328586e-01 1.928529e+03 1.470439e+03 
2.378990e-01 1.863619e+03 1.412194e+03 
2.429394e-01 1.810752e+03 1.357137e+03 
2.479798e-01 1.765029e+03 1.305049e+03 
2.530202e-01 1.721375e+03 1.255727e+03 
2.580606e-01 1.675780e+03 1.208984e+03 
2.631010e-01 1.625856e+03 1.164650e+03 
2.681414e-01 1.571311e+03 1.122567e+03 
2.731818e-01 1.513491e+03 1.082591e+03 
2.782222e-01 1.454737e+03 1.044587e+03 
2.832626e-01 1.397616e+03 1.008433e+03 
2.883030e-01 1.344408e+03 9.740142e+02 
2.933434e-01 1.296614e+03 9.412245e+02 
2.983838e-01 1.254796e+03 9.099662e+02 
3.034242e-01 1.218542e+03 8.801485e+02 
3.084646e-01 1.186657e+03 8.516870e+02 
3.135051e-01 1.157550e+03 8.245032e+02 
3.185455e-01 1.129577e+03 7.985243e+02 
3.235859e-01 1.101472e+03 7.736824e+02 
3.286263e-01 1.072486e+03 7.499140e+02 
3.336667e-01 1.042439e+03 7.271603e+02 
3.387071e-01 1.011637e+03 7.053660e+02 
3.437475e-01 9.807637e+02 6.844797e+02 
3.487879e-01 9.506718e+02 6.644532e+02 
3.538283e-01 9.221618e+02 6.452414e+02 
3.588687e-01 8.957012e+02 6.268021e+02 
3.639091e-01 8.714074e+02 6.090957e+02 
3.689495e-01 8.491637e+02 5.920852e+02 
3.739899e-01 8.286619e+02 5.757355e+02 
3.790303e-01 8.094609e+02 5.600141e+02 
3.840707e-01 7.910368e+02 5.448901e+02 
3.891111e-01 7.728984e+02 5.303345e+02 
3.941515e-01 7.547554e+02 5.163202e+02 
3.991919e-01 7.365336e+02 5.028214e+02 
4.042323e-01 7.183483e+02 4.898139e+02 
4.092727e-01 7.003376e+02 4.772750e+02 
4.143131e-01 6.827488e+02 4.651830e+02 
4.193535e-01 6.657862e+02 4.535177e+02 
4.243939e-01 6.496454e+02 4.422598e+02 
4.294343e-01 6.344083e+02 4.313911e+02 
4.344747e-01 6.200473e+02 4.208945e+02 
4.395152e-01 6.064377e+02 4.107537e+02 
4.445556e-01 5.934521e+02 4.009533e+02 
4.495960e-01 5.809468e+02 3.914787e+02 
4.546364e-01 5.687635e+02 3.823160e+02 
4.596768e-01 5.567833e+02 3.734521e+02 
4.647172e-01 5.449484e+02 3.648746e+02 
4.697576e-01 5.332761e+02 3.565717e+02 
4.747980e-01 5.218057e+02 3.485321e+02 
4.798384e-01 5.105953e+02 3.407451e+02 
4.848788e-01 4.996992e+02 3.332006e+02 
4.899192e-01 4.891760e+02 3.258890e+02 
4.949596e-01 4.790757e+02 3.188010e+02 
5.000000e-01 4.693875e+02 3.119278e+02 
