1.000000e-03 5.031315e+03 5.030867e+03 
6.040404e-03 2.224707e+04 2.235713e+04 
1.108081e-02 3.051240e+04 3.049526e+04 
1.612121e-02 3.316368e+04 3.290234e+04 
2.116162e-02 3.222112e+04 3.131848e+04 
2.620202e-02 2.920093e+04 2.760382e+04 
3.124242e-02 2.531525e+04 2.362913e+04 
3.628283e-02 2.145230e+04 2.027299e+04 
4.132323e-02 1.814781e+04 1.762050e+04 
4.636364e-02 1.560632e+04 1.551766e+04 
5.140404e-02 1.386176e+04 1.381149e+04 
5.644444e-02 1.276573e+04 1.239372e+04 
6.148485e-02 1.211861e+04 1.119259e+04 
6.652525e-02 1.172346e+04 1.015999e+04 
7.156566e-02 1.138125e+04 9.262405e+03 
7.660606e-02 1.094138e+04 8.475528e+03 
8.164646e-02 1.032121e+04 7.781026e+03 
8.668687e-02 9.519235e+03 7.164635e+03 
9.172727e-02 8.594481e+03 6.614978e+03 
9.676768e-02 7.637490e+03 6.122803e+03 
1.018081e-01 6.743384e+03 5.680473e+03 
1.068485e-01 5.989378e+03 5.281611e+03 
1.118889e-01 5.417216e+03 4.920840e+03 
1.169293e-01 5.028772e+03 4.593593e+03 
1.219697e-01 4.796740e+03 4.295966e+03 
1.270101e-01 4.678522e+03 4.024599e+03 
1.320505e-01 4.624257e+03 3.776592e+03 
1.370909e-01 4.582508e+03 3.549428e+03 
1.421313e-01 4.507713e+03 3.340913e+03 
1.471717e-01 4.369648e+03 3.149130e+03 
1.522121e-01 4.159516e+03 2.972397e+03 
1.572525e-01 3.888121e+03 2.809232e+03 
1.622929e-01 3.580596e+03 2.658330e+03 
1.673333e-01 3.269328e+03 2.518534e+03 
1.723737e-01 2.985444e+03 2.388816e+03 
1.774141e-01 2.750753e+03 2.268265e+03 
1.824545e-01 2.574752e+03 2.156066e+03 
1.874949e-01 2.456201e+03 2.051491e+03 
1.925354e-01 2.386332e+03 1.953888e+03 
1.975758e-01 2.351191e+03 1.862672e+03 
2.026162e-01 2.333343e+03 1.777315e+03 
2.076566e-01 2.314678e+03 1.697344e+03 
2.126970e-01 2.280182e+03 1.622330e+03 
2.177374e-01 2.220878e+03 1.551884e+03 
2.227778e-01 2.134896e+03 1.485657e+03 
2.278182e-01 2.026798e+03 1.423328e+03 
2.328586e-01 1.905788e+03 1.364607e+03 
2.378990e-01 1.783172e+03 1.309231e+03 
2.429394e-01 1.669509e+03 1.256959e+03 
2.479798e-01 1.572608e+03 1.207570e+03 
2.530202e-01 1.496597e+03 1.160863e+03 
2.580606e-01 1.442065e+03 1.116653e+03 
2.631010e-01 1.406261e+03 1.074772e+03 
2.681414e-01 1.383826e+03 1.035065e+03 
2.731818e-01 1.368038e+03 9.973868e+02 
2.782222e-01 1.352335e+03 9.616074e+02 
2.832626e-01 1.331489e+03 9.276052e+02 
2.883030e-01 1.302122e+03 8.952681e+02 
2.933434e-01 1.263022e+03 8.644925e+02 
2.983838e-01 1.215266e+03 8.351829e+02 
3.034242e-01 1.161924e+03 8.072504e+02 
3.084646e-01 1.107166e+03 7.806129e+02 
3.135051e-01 1.055045e+03 7.551941e+02 
3.185455e-01 1.008701e+03 7.309231e+02 
3.235859e-01 9.699681e+02 7.077340e+02 
3.286263e-01 9.393958e+02 6.855656e+02 
3.336667e-01 9.163557e+02 6.643605e+02 
3.387071e-01 8.991396e+02 6.440657e+02 
3.437475e-01 8.853671e+02 6.246313e+02 
3.487879e-01 8.724944e+02 6.060110e+02 
3.538283e-01 8.583438e+02 5.881613e+02 
3.588687e-01 8.414499e+02 5.710417e+02 
3.639091e-01 8.211496e+02 5.546140e+02 
3.689495e-01 7.976205e+02 5.388427e+02 
3.739899e-01 7.717342e+02 5.236944e+02 
3.790303e-01 7.448635e+02 5.091377e+02 
3.840707e-01 7.185132e+02 4.951431e+02 
3.891111e-01 6.939985e+02 4.816831e+02 
3.941515e-01 6.722338e+02 4.687315e+02 
3.991919e-01 6.536414e+02 4.562639e+02 
4.042323e-01 6.381686e+02 4.442572e+02 
4.092727e-01 6.253274e+02 4.326897e+02 
4.143131e-01 6.143042e+02 4.215408e+02 
4.193535e-01 6.041532e+02 4.107914e+02 
4.243939e-01 5.939854e+02 4.004230e+02 
4.294343e-01 5.831433e+02 3.904185e+02 
4.344747e-01 5.712547e+02 3.807616e+02 
4.395152e-01 5.582297e+02 3.714369e+02 
4.445556e-01 5.442413e+02 3.624297e+02 
4.495960e-01 5.297022e+02 3.537263e+02 
4.546364e-01 5.151831e+02 3.453135e+02 
4.596768e-01 5.012266e+02 3.371791e+02 
4.647172e-01 4.882359e+02 3.293112e+02 
4.697576e-01 4.764551e+02 3.216987e+02 
4.747980e-01 4.659498e+02 3.143309e+02 
4.798384e-01 4.566443e+02 3.071979e+02 
4.848788e-01 4.483056e+02 3.002901e+02 
4.899192e-01 4.405849e+02 2.935984e+02 
4.949596e-01 4.331192e+02 2.871141e+02 
5.000000e-01 4.256053e+02 2.808291e+02 
