1.000000e-03 1.993498e+03 1.993321e+03 
6.040404e-03 9.158646e+03 9.197789e+03 
1.108081e-02 1.285794e+04 1.272753e+04 
1.612121e-02 1.453877e+04 1.412860e+04 
2.116162e-02 1.504073e+04 1.435902e+04 
2.620202e-02 1.487084e+04 1.401101e+04 
3.124242e-02 1.435120e+04 1.339962e+04 
3.628283e-02 1.368108e+04 1.267578e+04 
4.132323e-02 1.297254e+04 1.191589e+04 
4.636364e-02 1.227212e+04 1.116112e+04 
5.140404e-02 1.160602e+04 1.043377e+04 
5.644444e-02 1.095842e+04 9.745326e+03 
6.148485e-02 1.032907e+04 9.100899e+03 
6.652525e-02 9.728835e+03 8.501861e+03 
7.156566e-02 9.149711e+03 7.947416e+03 
7.660606e-02 8.598524e+03 7.435570e+03 
8.164646e-02 8.090131e+03 6.963716e+03 
8.668687e-02 7.632047e+03 6.528987e+03 
9.172727e-02 7.216841e+03 6.128474e+03 
9.676768e-02 6.834651e+03 5.759346e+03 
1.018081e-01 6.481310e+03 5.418921e+03 
1.068485e-01 6.154376e+03 5.104697e+03 
1.118889e-01 5.847481e+03 4.814369e+03 
1.169293e-01 5.553480e+03 4.545827e+03 
1.219697e-01 5.271521e+03 4.297149e+03 
1.270101e-01 5.005394e+03 4.066592e+03 
1.320505e-01 4.758308e+03 3.852575e+03 
1.370909e-01 4.531095e+03 3.653668e+03 
1.421313e-01 4.321926e+03 3.468580e+03 
1.471717e-01 4.127820e+03 3.296141e+03 
1.522121e-01 3.946424e+03 3.135294e+03 
1.572525e-01 3.776731e+03 2.985083e+03 
1.622929e-01 3.617381e+03 2.844643e+03 
1.673333e-01 3.466504e+03 2.713189e+03 
1.723737e-01 3.322378e+03 2.590010e+03 
1.774141e-01 3.185340e+03 2.474460e+03 
1.824545e-01 3.056109e+03 2.365952e+03 
1.874949e-01 2.934840e+03 2.263952e+03 
1.925354e-01 2.820430e+03 2.167972e+03 
1.975758e-01 2.712355e+03 2.077570e+03 
2.026162e-01 2.610563e+03 1.992341e+03 
2.076566e-01 2.514770e+03 1.911912e+03 
2.126970e-01 2.424053e+03 1.835947e+03 
2.177374e-01 2.337521e+03 1.764134e+03 
2.227778e-01 2.254925e+03 1.696187e+03 
2.278182e-01 2.176306e+03 1.631846e+03 
2.328586e-01 2.101587e+03 1.570870e+03 
2.378990e-01 2.030438e+03 1.513037e+03 
2.429394e-01 1.962649e+03 1.458142e+03 
2.479798e-01 1.898091e+03 1.405999e+03 
2.530202e-01 1.836641e+03 1.356432e+03 
2.580606e-01 1.778070e+03 1.309280e+03 
2.631010e-01 1.722142e+03 1.264397e+03 
2.681414e-01 1.668656e+03 1.221642e+03 
2.731818e-01 1.617468e+03 1.180889e+03 
2.782222e-01 1.568480e+03 1.142019e+03 
2.832626e-01 1.521593e+03 1.104922e+03 
2.883030e-01 1.476664e+03 1.069496e+03 
2.933434e-01 1.433572e+03 1.035644e+03 
2.983838e-01 1.392241e+03 1.003279e+03 
3.034242e-01 1.352633e+03 9.723174e+02 
3.084646e-01 1.314650e+03 9.426822e+02 
3.135051e-01 1.278165e+03 9.143012e+02 
3.185455e-01 1.243064e+03 8.871070e+02 
3.235859e-01 1.209313e+03 8.610366e+02 
3.286263e-01 1.176879e+03 8.360310e+02 
3.336667e-01 1.145694e+03 8.120349e+02 
3.387071e-01 1.115657e+03 7.889965e+02 
3.437475e-01 1.086703e+03 7.668672e+02 
3.487879e-01 1.058805e+03 7.456013e+02 
3.538283e-01 1.031943e+03 7.251560e+02 
3.588687e-01 1.006056e+03 7.054910e+02 
3.639091e-01 9.810698e+02 6.865683e+02 
3.689495e-01 9.569393e+02 6.683523e+02 
3.739899e-01 9.336523e+02 6.508094e+02 
3.790303e-01 9.111898e+02 6.339078e+02 
3.840707e-01 8.895007e+02 6.176177e+02 
3.891111e-01 8.685222e+02 6.019109e+02 
3.941515e-01 8.482208e+02 5.867607e+02 
3.991919e-01 8.285984e+02 5.721421e+02 
4.042323e-01 8.096377e+02 5.580311e+02 
4.092727e-01 7.912981e+02 5.444054e+02 
4.143131e-01 7.735314e+02 5.312436e+02 
4.193535e-01 7.563185e+02 5.185256e+02 
4.243939e-01 7.396545e+02 5.062322e+02 
4.294343e-01 7.235273e+02 4.943454e+02 
4.344747e-01 7.078934e+02 4.828481e+02 
4.395152e-01 6.927259e+02 4.717238e+02 
4.445556e-01 6.780139e+02 4.609571e+02 
4.495960e-01 6.637525e+02 4.505335e+02 
4.546364e-01 6.499285e+02 4.404388e+02 
4.596768e-01 6.365152e+02 4.306598e+02 
4.647172e-01 6.234771e+02 4.211840e+02 
4.697576e-01 6.108121e+02 4.119992e+02 
4.747980e-01 5.985187e+02 4.030941e+02 
4.798384e-01 5.865817e+02 3.944578e+02 
4.848788e-01 5.749821e+02 3.860798e+02 
4.899192e-01 5.637008e+02 3.779504e+02 
4.949596e-01 5.527254e+02 3.700601e+02 
5.000000e-01 5.420618e+02 3.623999e+02 
