1.000000e-03 3.823719e+03 3.823375e+03 
6.040404e-03 1.737261e+04 1.745324e+04 
1.108081e-02 2.412985e+04 2.406958e+04 
1.612121e-02 2.655222e+04 2.622325e+04 
2.116162e-02 2.619175e+04 2.534177e+04 
2.620202e-02 2.421127e+04 2.290963e+04 
3.124242e-02 2.152969e+04 2.024571e+04 
3.628283e-02 1.881335e+04 1.791395e+04 
4.132323e-02 1.646603e+04 1.597853e+04 
4.636364e-02 1.464101e+04 1.436526e+04 
5.140404e-02 1.337046e+04 1.299732e+04 
5.644444e-02 1.253455e+04 1.181878e+04 
6.148485e-02 1.197326e+04 1.079099e+04 
6.652525e-02 1.154169e+04 9.886656e+03 
7.156566e-02 1.109151e+04 9.085600e+03 
7.660606e-02 1.052668e+04 8.372311e+03 
8.164646e-02 9.818318e+03 7.734437e+03 
8.668687e-02 9.001842e+03 7.161900e+03 
9.172727e-02 8.145944e+03 6.646325e+03 
9.676768e-02 7.324504e+03 6.180664e+03 
1.018081e-01 6.602727e+03 5.758925e+03 
1.068485e-01 6.025312e+03 5.375980e+03 
1.118889e-01 5.606923e+03 5.027414e+03 
1.169293e-01 5.329655e+03 4.709405e+03 
1.219697e-01 5.154823e+03 4.418635e+03 
1.270101e-01 5.036651e+03 4.152212e+03 
1.320505e-01 4.931169e+03 3.907605e+03 
1.370909e-01 4.801831e+03 3.682594e+03 
1.421313e-01 4.625115e+03 3.475225e+03 
1.471717e-01 4.394396e+03 3.283775e+03 
1.522121e-01 4.120368e+03 3.106721e+03 
1.572525e-01 3.825073e+03 2.942710e+03 
1.622929e-01 3.535093e+03 2.790542e+03 
1.673333e-01 3.274521e+03 2.649146e+03 
1.723737e-01 3.059547e+03 2.517568e+03 
1.774141e-01 2.896086e+03 2.394953e+03 
1.824545e-01 2.780429e+03 2.280534e+03 
1.874949e-01 2.702413e+03 2.173625e+03 
1.925354e-01 2.648313e+03 2.073605e+03 
1.975758e-01 2.602684e+03 1.979916e+03 
2.026162e-01 2.551007e+03 1.892054e+03 
2.076566e-01 2.483062e+03 1.809563e+03 
2.126970e-01 2.395087e+03 1.732028e+03 
2.177374e-01 2.289290e+03 1.659074e+03 
2.227778e-01 2.172045e+03 1.590360e+03 
2.278182e-01 2.051921e+03 1.525575e+03 
2.328586e-01 1.937827e+03 1.464434e+03 
2.378990e-01 1.837148e+03 1.406679e+03 
2.429394e-01 1.754026e+03 1.352072e+03 
2.479798e-01 1.689036e+03 1.300397e+03 
2.530202e-01 1.640033e+03 1.251454e+03 
2.580606e-01 1.603004e+03 1.205061e+03 
2.631010e-01 1.572642e+03 1.161048e+03 
2.681414e-01 1.543249e+03 1.119262e+03 
2.731818e-01 1.510093e+03 1.079559e+03 
2.782222e-01 1.470541e+03 1.041808e+03 
2.832626e-01 1.424245e+03 1.005887e+03 
2.883030e-01 1.372561e+03 9.716839e+02 
2.933434e-01 1.317918e+03 9.390936e+02 
2.983838e-01 1.263295e+03 9.080199e+02 
3.034242e-01 1.211711e+03 8.783731e+02 
3.084646e-01 1.165664e+03 8.500699e+02 
3.135051e-01 1.126430e+03 8.230330e+02 
3.185455e-01 1.093913e+03 7.971903e+02 
3.235859e-01 1.067035e+03 7.724747e+02 
3.286263e-01 1.044162e+03 7.488237e+02 
3.336667e-01 1.023437e+03 7.261790e+02 
3.387071e-01 1.003026e+03 7.044860e+02 
3.437475e-01 9.814022e+02 6.836938e+02 
3.487879e-01 9.576565e+02 6.637549e+02 
3.538283e-01 9.316900e+02 6.446246e+02 
3.588687e-01 9.041384e+02 6.262610e+02 
3.639091e-01 8.759843e+02 6.086252e+02 
3.689495e-01 8.482762e+02 5.916803e+02 
3.739899e-01 8.219817e+02 5.753918e+02 
3.790303e-01 7.978251e+02 5.597273e+02 
3.840707e-01 7.762277e+02 5.446563e+02 
3.891111e-01 7.572256e+02 5.301501e+02 
3.941515e-01 7.404342e+02 5.161818e+02 
3.991919e-01 7.252091e+02 5.027259e+02 
4.042323e-01 7.108303e+02 4.897583e+02 
4.092727e-01 6.966803e+02 4.772566e+02 
4.143131e-01 6.822965e+02 4.651993e+02 
4.193535e-01 6.673704e+02 4.535663e+02 
4.243939e-01 6.518458e+02 4.423384e+02 
4.294343e-01 6.359234e+02 4.314977e+02 
4.344747e-01 6.199296e+02 4.210272e+02 
4.395152e-01 6.042542e+02 4.109107e+02 
4.445556e-01 5.892281e+02 4.011328e+02 
4.495960e-01 5.750915e+02 3.916792e+02 
4.546364e-01 5.619868e+02 3.825360e+02 
4.596768e-01 5.499141e+02 3.736903e+02 
4.647172e-01 5.387460e+02 3.651296e+02 
4.697576e-01 5.282760e+02 3.568423e+02 
4.747980e-01 5.182553e+02 3.488171e+02 
4.798384e-01 5.084409e+02 3.410436e+02 
4.848788e-01 4.986566e+02 3.335115e+02 
4.899192e-01 4.888198e+02 3.262113e+02 
4.949596e-01 4.788996e+02 3.191339e+02 
5.000000e-01 4.689411e+02 3.122706e+02 
