1.000000e-03 2.188933e+03 2.188729e+03 
6.040404e-03 9.708060e+03 9.752522e+03 
1.108081e-02 1.344162e+04 1.330212e+04 
1.612121e-02 1.508591e+04 1.464540e+04 
2.116162e-02 1.555193e+04 1.482016e+04 
2.620202e-02 1.535867e+04 1.442191e+04 
3.124242e-02 1.481978e+04 1.375962e+04 
3.628283e-02 1.412349e+04 1.298574e+04 
4.132323e-02 1.337462e+04 1.217944e+04 
4.636364e-02 1.261849e+04 1.138328e+04 
5.140404e-02 1.190427e+04 1.061984e+04 
5.644444e-02 1.120169e+04 9.900341e+03 
6.148485e-02 1.052927e+04 9.229358e+03 
6.652525e-02 9.896584e+03 8.607688e+03 
7.156566e-02 9.297791e+03 8.033984e+03 
7.660606e-02 8.737144e+03 7.505754e+03 
8.164646e-02 8.223003e+03 7.019955e+03 
8.668687e-02 7.756891e+03 6.573351e+03 
9.172727e-02 7.327755e+03 6.162716e+03 
9.676768e-02 6.927862e+03 5.784954e+03 
1.018081e-01 6.555838e+03 5.437157e+03 
1.068485e-01 6.211452e+03 5.116638e+03 
1.118889e-01 5.889335e+03 4.820932e+03 
1.169293e-01 5.584765e+03 4.547795e+03 
1.219697e-01 5.297501e+03 4.295193e+03 
1.270101e-01 5.029948e+03 4.061285e+03 
1.320505e-01 4.782947e+03 3.844412e+03 
1.370909e-01 4.554863e+03 3.643074e+03 
1.421313e-01 4.342895e+03 3.455920e+03 
1.471717e-01 4.144514e+03 3.281731e+03 
1.522121e-01 3.958334e+03 3.119408e+03 
1.572525e-01 3.783526e+03 2.967958e+03 
1.622929e-01 3.619396e+03 2.826483e+03 
1.673333e-01 3.464455e+03 2.694172e+03 
1.723737e-01 3.317799e+03 2.570290e+03 
1.774141e-01 3.179790e+03 2.454171e+03 
1.824545e-01 3.050214e+03 2.345211e+03 
1.874949e-01 2.928347e+03 2.242859e+03 
1.925354e-01 2.813228e+03 2.146616e+03 
1.975758e-01 2.704292e+03 2.056027e+03 
2.026162e-01 2.601565e+03 1.970677e+03 
2.076566e-01 2.504490e+03 1.890186e+03 
2.126970e-01 2.412274e+03 1.814208e+03 
2.177374e-01 2.324585e+03 1.742425e+03 
2.227778e-01 2.241277e+03 1.674546e+03 
2.278182e-01 2.162284e+03 1.610306e+03 
2.328586e-01 2.087264e+03 1.549457e+03 
2.378990e-01 2.015823e+03 1.491776e+03 
2.429394e-01 1.947828e+03 1.437054e+03 
2.479798e-01 1.883127e+03 1.385101e+03 
2.530202e-01 1.821485e+03 1.335738e+03 
2.580606e-01 1.762651e+03 1.288804e+03 
2.631010e-01 1.706413e+03 1.244148e+03 
2.681414e-01 1.652690e+03 1.201630e+03 
2.731818e-01 1.601382e+03 1.161120e+03 
2.782222e-01 1.552346e+03 1.122498e+03 
2.832626e-01 1.505401e+03 1.085654e+03 
2.883030e-01 1.460398e+03 1.050483e+03 
2.933434e-01 1.417291e+03 1.016890e+03 
2.983838e-01 1.376011e+03 9.847841e+02 
3.034242e-01 1.336441e+03 9.540827e+02 
3.084646e-01 1.298452e+03 9.247077e+02 
3.135051e-01 1.261940e+03 8.965864e+02 
3.185455e-01 1.226875e+03 8.696509e+02 
3.235859e-01 1.193207e+03 8.438377e+02 
3.286263e-01 1.160855e+03 8.190875e+02 
3.336667e-01 1.129717e+03 7.953447e+02 
3.387071e-01 1.099718e+03 7.725572e+02 
3.437475e-01 1.070860e+03 7.506761e+02 
3.487879e-01 1.043095e+03 7.296557e+02 
3.538283e-01 1.016337e+03 7.094528e+02 
3.588687e-01 9.905251e+02 6.900271e+02 
3.639091e-01 9.656229e+02 6.713404e+02 
3.689495e-01 9.416189e+02 6.533571e+02 
3.739899e-01 9.184718e+02 6.360435e+02 
3.790303e-01 8.961217e+02 6.193677e+02 
3.840707e-01 8.745219e+02 6.032999e+02 
3.891111e-01 8.536467e+02 5.878119e+02 
3.941515e-01 8.334926e+02 5.728769e+02 
3.991919e-01 8.140246e+02 5.584699e+02 
4.042323e-01 7.951919e+02 5.445670e+02 
4.092727e-01 7.769621e+02 5.311458e+02 
4.143131e-01 7.593182e+02 5.181850e+02 
4.193535e-01 7.422559e+02 5.056644e+02 
4.243939e-01 7.257438e+02 4.935650e+02 
4.294343e-01 7.097422e+02 4.818687e+02 
4.344747e-01 6.942316e+02 4.705584e+02 
4.395152e-01 6.792008e+02 4.596178e+02 
4.445556e-01 6.646423e+02 4.490315e+02 
4.495960e-01 6.505298e+02 4.387849e+02 
4.546364e-01 6.368330e+02 4.288641e+02 
4.596768e-01 6.235360e+02 4.192557e+02 
4.647172e-01 6.106327e+02 4.099473e+02 
4.697576e-01 5.981209e+02 4.009269e+02 
4.747980e-01 5.859722e+02 3.921832e+02 
4.798384e-01 5.741580e+02 3.837052e+02 
4.848788e-01 5.626773e+02 3.754827e+02 
4.899192e-01 5.515276e+02 3.675058e+02 
4.949596e-01 5.406989e+02 3.597651e+02 
5.000000e-01 5.301669e+02 3.522518e+02 
