1.000000e-03 2.094186e+03 2.093988e+03 
6.040404e-03 9.369290e+03 9.292019e+03 
1.108081e-02 1.301180e+04 1.257439e+04 
1.612121e-02 1.463181e+04 1.376727e+04 
2.116162e-02 1.510585e+04 1.388455e+04 
2.620202e-02 1.493583e+04 1.347649e+04 
3.124242e-02 1.442622e+04 1.282563e+04 
3.628283e-02 1.376034e+04 1.207469e+04 
4.132323e-02 1.304064e+04 1.129845e+04 
4.636364e-02 1.231170e+04 1.053672e+04 
5.140404e-02 1.162188e+04 9.810066e+03 
5.644444e-02 1.094193e+04 9.128250e+03 
6.148485e-02 1.029022e+04 8.494855e+03 
6.652525e-02 9.676291e+03 7.909994e+03 
7.156566e-02 9.094624e+03 7.371882e+03 
7.660606e-02 8.549525e+03 6.877757e+03 
8.164646e-02 8.049305e+03 6.424430e+03 
8.668687e-02 7.595573e+03 6.008601e+03 
9.172727e-02 7.177602e+03 5.627037e+03 
9.676768e-02 6.787892e+03 5.276671e+03 
1.018081e-01 6.425160e+03 4.954652e+03 
1.068485e-01 6.089228e+03 4.658362e+03 
1.118889e-01 5.774878e+03 4.385413e+03 
1.169293e-01 5.477516e+03 4.133644e+03 
1.219697e-01 5.196933e+03 3.901105e+03 
1.270101e-01 4.935516e+03 3.686036e+03 
1.320505e-01 4.694113e+03 3.486856e+03 
1.370909e-01 4.471143e+03 3.302141e+03 
1.421313e-01 4.263875e+03 3.130614e+03 
1.471717e-01 4.069843e+03 2.971122e+03 
1.522121e-01 3.887696e+03 2.822628e+03 
1.572525e-01 3.716635e+03 2.684200e+03 
1.622929e-01 3.555987e+03 2.554995e+03 
1.673333e-01 3.404296e+03 2.434253e+03 
1.723737e-01 3.260685e+03 2.321286e+03 
1.774141e-01 3.125514e+03 2.215472e+03 
1.824545e-01 2.998580e+03 2.116247e+03 
1.874949e-01 2.879178e+03 2.023101e+03 
1.925354e-01 2.766367e+03 1.935568e+03 
1.975758e-01 2.659596e+03 1.853225e+03 
2.026162e-01 2.558896e+03 1.775687e+03 
2.076566e-01 2.463721e+03 1.702603e+03 
2.126970e-01 2.373296e+03 1.633653e+03 
2.177374e-01 2.287296e+03 1.568541e+03 
2.227778e-01 2.205581e+03 1.507001e+03 
2.278182e-01 2.128087e+03 1.448785e+03 
2.328586e-01 2.054482e+03 1.393667e+03 
2.378990e-01 1.984378e+03 1.341441e+03 
2.429394e-01 1.917647e+03 1.291914e+03 
2.479798e-01 1.854141e+03 1.244911e+03 
2.530202e-01 1.793631e+03 1.200269e+03 
2.580606e-01 1.735869e+03 1.157838e+03 
2.631010e-01 1.680650e+03 1.117481e+03 
2.681414e-01 1.627893e+03 1.079069e+03 
2.731818e-01 1.577504e+03 1.042484e+03 
2.782222e-01 1.529340e+03 1.007615e+03 
2.832626e-01 1.483225e+03 9.743606e+02 
2.883030e-01 1.439012e+03 9.426263e+02 
2.933434e-01 1.396659e+03 9.123239e+02 
2.983838e-01 1.356095e+03 8.833715e+02 
3.034242e-01 1.317209e+03 8.556929e+02 
3.084646e-01 1.279872e+03 8.292170e+02 
3.135051e-01 1.243985e+03 8.038774e+02 
3.185455e-01 1.209515e+03 7.796122e+02 
3.235859e-01 1.176416e+03 7.563636e+02 
3.286263e-01 1.144608e+03 7.340775e+02 
3.336667e-01 1.113990e+03 7.127033e+02 
3.387071e-01 1.084491e+03 6.921935e+02 
3.437475e-01 1.056110e+03 6.725036e+02 
3.487879e-01 1.028802e+03 6.535921e+02 
3.538283e-01 1.002483e+03 6.354197e+02 
3.588687e-01 9.770922e+02 6.179497e+02 
3.639091e-01 9.525940e+02 6.011476e+02 
3.689495e-01 9.289777e+02 5.849808e+02 
3.739899e-01 9.062028e+02 5.694188e+02 
3.790303e-01 8.842103e+02 5.544327e+02 
3.840707e-01 8.629545e+02 5.399954e+02 
3.891111e-01 8.424101e+02 5.260813e+02 
3.941515e-01 8.225740e+02 5.126662e+02 
3.991919e-01 8.034118e+02 4.997273e+02 
4.042323e-01 7.848737e+02 4.872431e+02 
4.092727e-01 7.669277e+02 4.751931e+02 
4.143131e-01 7.495573e+02 4.635582e+02 
4.193535e-01 7.327583e+02 4.523200e+02 
4.243939e-01 7.165001e+02 4.414614e+02 
4.294343e-01 7.007434e+02 4.309660e+02 
4.344747e-01 6.854691e+02 4.208182e+02 
4.395152e-01 6.706665e+02 4.110033e+02 
4.445556e-01 6.563280e+02 4.015075e+02 
4.495960e-01 6.424280e+02 3.923175e+02 
4.546364e-01 6.289365e+02 3.834207e+02 
4.596768e-01 6.158380e+02 3.748051e+02 
4.647172e-01 6.031265e+02 3.664594e+02 
4.697576e-01 5.908001e+02 3.583728e+02 
4.747980e-01 5.788306e+02 3.505351e+02 
4.798384e-01 5.671900e+02 3.429364e+02 
4.848788e-01 5.558774e+02 3.355673e+02 
4.899192e-01 5.448903e+02 3.284192e+02 
4.949596e-01 5.342189e+02 3.214834e+02 
5.000000e-01 5.238394e+02 3.147519e+02 
