1.000000e-03 4.542560e+03 4.542136e+03 
6.040404e-03 2.006683e+04 2.015621e+04 
1.108081e-02 2.729624e+04 2.721426e+04 
1.612121e-02 2.949075e+04 2.908112e+04 
2.116162e-02 2.859578e+04 2.759056e+04 
2.620202e-02 2.601603e+04 2.458481e+04 
3.124242e-02 2.281830e+04 2.152113e+04 
3.628283e-02 1.973687e+04 1.892007e+04 
4.132323e-02 1.717902e+04 1.678925e+04 
4.636364e-02 1.526203e+04 1.502474e+04 
5.140404e-02 1.398193e+04 1.353571e+04 
5.644444e-02 1.315636e+04 1.225869e+04 
6.148485e-02 1.259931e+04 1.115023e+04 
6.652525e-02 1.212178e+04 1.017950e+04 
7.156566e-02 1.157763e+04 9.323637e+03 
7.660606e-02 1.088524e+04 8.564974e+03 
8.164646e-02 1.004007e+04 7.889443e+03 
8.668687e-02 9.102040e+03 7.285581e+03 
9.172727e-02 8.159399e+03 6.743894e+03 
9.676768e-02 7.298902e+03 6.256423e+03 
1.018081e-01 6.586369e+03 5.816440e+03 
1.068485e-01 6.052280e+03 5.418211e+03 
1.118889e-01 5.688928e+03 5.056829e+03 
1.169293e-01 5.460106e+03 4.728068e+03 
1.219697e-01 5.315580e+03 4.428274e+03 
1.270101e-01 5.202798e+03 4.154280e+03 
1.320505e-01 5.074158e+03 3.903324e+03 
1.370909e-01 4.896395e+03 3.672997e+03 
1.421313e-01 4.658064e+03 3.461187e+03 
1.471717e-01 4.368373e+03 3.266036e+03 
1.522121e-01 4.050210e+03 3.085909e+03 
1.572525e-01 3.732288e+03 2.919360e+03 
1.622929e-01 3.442726e+03 2.765109e+03 
1.673333e-01 3.202971e+03 2.622019e+03 
1.723737e-01 3.021425e+03 2.489078e+03 
1.774141e-01 2.893799e+03 2.365382e+03 
1.824545e-01 2.808067e+03 2.250125e+03 
1.874949e-01 2.748649e+03 2.142582e+03 
1.925354e-01 2.698842e+03 2.042106e+03 
1.975758e-01 2.642600e+03 1.948111e+03 
2.026162e-01 2.568207e+03 1.860071e+03 
2.076566e-01 2.471416e+03 1.777511e+03 
2.126970e-01 2.355548e+03 1.700001e+03 
2.177374e-01 2.228788e+03 1.627151e+03 
2.227778e-01 2.100960e+03 1.558607e+03 
2.278182e-01 1.981458e+03 1.494049e+03 
2.328586e-01 1.877535e+03 1.433182e+03 
2.378990e-01 1.793133e+03 1.375741e+03 
2.429394e-01 1.728348e+03 1.321482e+03 
2.479798e-01 1.680078e+03 1.270181e+03 
2.530202e-01 1.643016e+03 1.221635e+03 
2.580606e-01 1.610856e+03 1.175655e+03 
2.631010e-01 1.577706e+03 1.132071e+03 
2.681414e-01 1.539391e+03 1.090723e+03 
2.731818e-01 1.494019e+03 1.051467e+03 
2.782222e-01 1.441892e+03 1.014169e+03 
2.832626e-01 1.385085e+03 9.787034e+02 
2.883030e-01 1.326765e+03 9.449572e+02 
2.933434e-01 1.270403e+03 9.128242e+02 
2.983838e-01 1.218976e+03 8.822066e+02 
3.034242e-01 1.174295e+03 8.530134e+02 
3.084646e-01 1.136856e+03 8.251606e+02 
3.135051e-01 1.105982e+03 7.985699e+02 
3.185455e-01 1.080138e+03 7.731686e+02 
3.235859e-01 1.057264e+03 7.488890e+02 
3.286263e-01 1.035218e+03 7.256682e+02 
3.336667e-01 1.012292e+03 7.034473e+02 
3.387071e-01 9.874593e+02 6.821716e+02 
3.437475e-01 9.604197e+02 6.617898e+02 
3.487879e-01 9.315970e+02 6.422543e+02 
3.538283e-01 9.019586e+02 6.235202e+02 
3.588687e-01 8.726849e+02 6.055456e+02 
3.639091e-01 8.448748e+02 5.882913e+02 
3.689495e-01 8.193089e+02 5.717206e+02 
3.739899e-01 7.963725e+02 5.557989e+02 
3.790303e-01 7.760687e+02 5.404939e+02 
3.840707e-01 7.580808e+02 5.257750e+02 
3.891111e-01 7.417863e+02 5.116136e+02 
3.941515e-01 7.263947e+02 4.979829e+02 
3.991919e-01 7.112125e+02 4.848574e+02 
4.042323e-01 6.957509e+02 4.722133e+02 
4.092727e-01 6.798054e+02 4.600280e+02 
4.143131e-01 6.633609e+02 4.482803e+02 
4.193535e-01 6.466088e+02 4.369501e+02 
4.243939e-01 6.298821e+02 4.260185e+02 
4.294343e-01 6.135691e+02 4.154676e+02 
4.344747e-01 5.980319e+02 4.052805e+02 
4.395152e-01 5.834982e+02 3.954410e+02 
4.445556e-01 5.700297e+02 3.859342e+02 
4.495960e-01 5.575685e+02 3.767456e+02 
4.546364e-01 5.459727e+02 3.678616e+02 
4.596768e-01 5.350209e+02 3.592694e+02 
4.647172e-01 5.244642e+02 3.509566e+02 
4.697576e-01 5.140613e+02 3.429117e+02 
4.747980e-01 5.036592e+02 3.351236e+02 
4.798384e-01 4.932125e+02 3.275818e+02 
4.848788e-01 4.827509e+02 3.202765e+02 
4.899192e-01 4.723379e+02 3.131980e+02 
4.949596e-01 4.620753e+02 3.063375e+02 
5.000000e-01 4.520996e+02 2.996863e+02 
