1.000000e-03 4.429619e+03 4.429208e+03 
6.040404e-03 1.967292e+04 1.976256e+04 
1.108081e-02 2.691950e+04 2.685223e+04 
1.612121e-02 2.922795e+04 2.886094e+04 
2.116162e-02 2.845063e+04 2.749421e+04 
2.620202e-02 2.594444e+04 2.450905e+04 
3.124242e-02 2.276239e+04 2.140052e+04 
3.628283e-02 1.964651e+04 1.875365e+04 
4.132323e-02 1.702382e+04 1.659746e+04 
4.636364e-02 1.503444e+04 1.482537e+04 
5.140404e-02 1.369078e+04 1.333971e+04 
5.644444e-02 1.283043e+04 1.207182e+04 
6.148485e-02 1.227166e+04 1.097505e+04 
6.652525e-02 1.183432e+04 1.001681e+04 
7.156566e-02 1.135818e+04 9.173275e+03 
7.660606e-02 1.074550e+04 8.426323e+03 
8.164646e-02 9.972534e+03 7.761675e+03 
8.668687e-02 9.083737e+03 7.167803e+03 
9.172727e-02 8.159464e+03 6.635222e+03 
9.676768e-02 7.286173e+03 6.156022e+03 
1.018081e-01 6.536954e+03 5.723535e+03 
1.068485e-01 5.955728e+03 5.332101e+03 
1.118889e-01 5.548489e+03 4.976877e+03 
1.169293e-01 5.288820e+03 4.653703e+03 
1.219697e-01 5.132449e+03 4.358986e+03 
1.270101e-01 5.029233e+03 4.089610e+03 
1.320505e-01 4.930448e+03 3.842864e+03 
1.370909e-01 4.796134e+03 3.616381e+03 
1.421313e-01 4.603748e+03 3.408085e+03 
1.471717e-01 4.351958e+03 3.216155e+03 
1.522121e-01 4.056927e+03 3.038984e+03 
1.572525e-01 3.744941e+03 2.875154e+03 
1.622929e-01 3.445194e+03 2.723407e+03 
1.673333e-01 3.183197e+03 2.582628e+03 
1.723737e-01 2.974554e+03 2.451822e+03 
1.774141e-01 2.822231e+03 2.330103e+03 
1.824545e-01 2.719288e+03 2.216678e+03 
1.874949e-01 2.652814e+03 2.110837e+03 
1.925354e-01 2.606977e+03 2.011944e+03 
1.975758e-01 2.564952e+03 1.919422e+03 
2.026162e-01 2.511865e+03 1.832757e+03 
2.076566e-01 2.438367e+03 1.751481e+03 
2.126970e-01 2.342378e+03 1.675170e+03 
2.177374e-01 2.228315e+03 1.603444e+03 
2.227778e-01 2.104656e+03 1.535953e+03 
2.278182e-01 1.981431e+03 1.472382e+03 
2.328586e-01 1.867939e+03 1.412444e+03 
2.378990e-01 1.770854e+03 1.355876e+03 
2.429394e-01 1.693315e+03 1.302439e+03 
2.479798e-01 1.634981e+03 1.251912e+03 
2.530202e-01 1.592632e+03 1.204097e+03 
2.580606e-01 1.560863e+03 1.158807e+03 
2.631010e-01 1.533296e+03 1.115875e+03 
2.681414e-01 1.504091e+03 1.075145e+03 
2.731818e-01 1.469251e+03 1.036473e+03 
2.782222e-01 1.427025e+03 9.997277e+02 
2.832626e-01 1.377698e+03 9.647875e+02 
2.883030e-01 1.323232e+03 9.315397e+02 
2.933434e-01 1.266802e+03 8.998802e+02 
2.983838e-01 1.212038e+03 8.697126e+02 
3.034242e-01 1.162076e+03 8.409477e+02 
3.084646e-01 1.118827e+03 8.135026e+02 
3.135051e-01 1.082848e+03 7.873004e+02 
3.185455e-01 1.053588e+03 7.622694e+02 
3.235859e-01 1.029637e+03 7.383431e+02 
3.286263e-01 1.009001e+03 7.154595e+02 
3.336667e-01 9.894714e+02 6.935608e+02 
3.387071e-01 9.691104e+02 6.725930e+02 
3.437475e-01 9.467222e+02 6.525057e+02 
3.487879e-01 9.218995e+02 6.332520e+02 
3.538283e-01 8.949468e+02 6.147877e+02 
3.588687e-01 8.667188e+02 5.970716e+02 
3.639091e-01 8.383528e+02 5.800651e+02 
3.689495e-01 8.110677e+02 5.637320e+02 
3.739899e-01 7.858383e+02 5.480383e+02 
3.790303e-01 7.632251e+02 5.329521e+02 
3.840707e-01 7.433706e+02 5.184434e+02 
3.891111e-01 7.260035e+02 5.044841e+02 
3.941515e-01 7.105913e+02 4.910475e+02 
3.991919e-01 6.964039e+02 4.781088e+02 
4.042323e-01 6.826490e+02 4.656444e+02 
4.092727e-01 6.686889e+02 4.536321e+02 
4.143131e-01 6.541595e+02 4.420510e+02 
4.193535e-01 6.389680e+02 4.308813e+02 
4.243939e-01 6.232561e+02 4.201044e+02 
4.294343e-01 6.073056e+02 4.097027e+02 
4.344747e-01 5.914850e+02 3.996594e+02 
4.395152e-01 5.762134e+02 3.899589e+02 
4.445556e-01 5.618348e+02 3.805861e+02 
4.495960e-01 5.485542e+02 3.715269e+02 
4.546364e-01 5.363598e+02 3.627680e+02 
4.596768e-01 5.251277e+02 3.542966e+02 
4.647172e-01 5.146917e+02 3.461006e+02 
4.697576e-01 5.047989e+02 3.381686e+02 
4.747980e-01 4.951968e+02 3.304898e+02 
4.798384e-01 4.856220e+02 3.230538e+02 
4.848788e-01 4.759508e+02 3.158508e+02 
4.899192e-01 4.661684e+02 3.088714e+02 
4.949596e-01 4.563275e+02 3.021069e+02 
5.000000e-01 4.465196e+02 2.955487e+02 
