1.000000e-03 3.261792e+03 3.261488e+03 
6.040404e-03 1.461754e+04 1.467798e+04 
1.108081e-02 2.006749e+04 1.994586e+04 
1.612121e-02 2.197808e+04 2.153588e+04 
2.116162e-02 2.175555e+04 2.089744e+04 
2.620202e-02 2.036631e+04 1.928806e+04 
3.124242e-02 1.851316e+04 1.753733e+04 
3.628283e-02 1.666722e+04 1.593046e+04 
4.132323e-02 1.508718e+04 1.450606e+04 
4.636364e-02 1.385414e+04 1.324509e+04 
5.140404e-02 1.294845e+04 1.212411e+04 
5.644444e-02 1.226783e+04 1.112375e+04 
6.148485e-02 1.168935e+04 1.022846e+04 
6.652525e-02 1.111261e+04 9.425300e+03 
7.156566e-02 1.047154e+04 8.703288e+03 
7.660606e-02 9.749309e+03 8.052911e+03 
8.164646e-02 8.977570e+03 7.465881e+03 
8.668687e-02 8.212705e+03 6.934955e+03 
9.172727e-02 7.508008e+03 6.453789e+03 
9.676768e-02 6.903015e+03 6.016829e+03 
1.018081e-01 6.419378e+03 5.619206e+03 
1.068485e-01 6.055510e+03 5.256651e+03 
1.118889e-01 5.785841e+03 4.925418e+03 
1.169293e-01 5.571456e+03 4.622213e+03 
1.219697e-01 5.374549e+03 4.344139e+03 
1.270101e-01 5.167041e+03 4.088644e+03 
1.320505e-01 4.933143e+03 3.853471e+03 
1.370909e-01 4.670544e+03 3.636630e+03 
1.421313e-01 4.389868e+03 3.436353e+03 
1.471717e-01 4.108635e+03 3.251074e+03 
1.522121e-01 3.844207e+03 3.079398e+03 
1.572525e-01 3.610129e+03 2.920085e+03 
1.622929e-01 3.414701e+03 2.772024e+03 
1.673333e-01 3.259125e+03 2.634226e+03 
1.723737e-01 3.136691e+03 2.505802e+03 
1.774141e-01 3.035592e+03 2.385955e+03 
1.824545e-01 2.943705e+03 2.273967e+03 
1.874949e-01 2.851554e+03 2.169193e+03 
1.925354e-01 2.752809e+03 2.071049e+03 
1.975758e-01 2.644569e+03 1.979009e+03 
2.026162e-01 2.528255e+03 1.892596e+03 
2.076566e-01 2.409038e+03 1.811378e+03 
2.126970e-01 2.293177e+03 1.734960e+03 
2.177374e-01 2.186007e+03 1.662986e+03 
2.227778e-01 2.090818e+03 1.595129e+03 
2.278182e-01 2.008748e+03 1.531094e+03 
2.328586e-01 1.938897e+03 1.470607e+03 
2.378990e-01 1.878691e+03 1.413422e+03 
2.429394e-01 1.824699e+03 1.359309e+03 
2.479798e-01 1.773461e+03 1.308061e+03 
2.530202e-01 1.722054e+03 1.259486e+03 
2.580606e-01 1.668591e+03 1.213407e+03 
2.631010e-01 1.612716e+03 1.169661e+03 
2.681414e-01 1.555518e+03 1.128100e+03 
2.731818e-01 1.498808e+03 1.088584e+03 
2.782222e-01 1.444280e+03 1.050987e+03 
2.832626e-01 1.393205e+03 1.015190e+03 
2.883030e-01 1.346437e+03 9.810834e+02 
2.933434e-01 1.304306e+03 9.485665e+02 
2.983838e-01 1.266439e+03 9.175450e+02 
3.034242e-01 1.231855e+03 8.879315e+02 
3.084646e-01 1.199369e+03 8.596450e+02 
3.135051e-01 1.167955e+03 8.326097e+02 
3.185455e-01 1.136902e+03 8.067554e+02 
3.235859e-01 1.105785e+03 7.820164e+02 
3.286263e-01 1.074494e+03 7.583316e+02 
3.336667e-01 1.043292e+03 7.356438e+02 
3.387071e-01 1.012707e+03 7.138996e+02 
3.437475e-01 9.832731e+02 6.930491e+02 
3.487879e-01 9.553638e+02 6.730454e+02 
3.538283e-01 9.291693e+02 6.538448e+02 
3.588687e-01 9.047001e+02 6.354063e+02 
3.639091e-01 8.818046e+02 6.176912e+02 
3.689495e-01 8.602022e+02 6.006634e+02 
3.739899e-01 8.395362e+02 5.842890e+02 
3.790303e-01 8.194929e+02 5.685359e+02 
3.840707e-01 7.998823e+02 5.533741e+02 
3.891111e-01 7.805911e+02 5.387753e+02 
3.941515e-01 7.615621e+02 5.247129e+02 
3.991919e-01 7.428559e+02 5.111616e+02 
4.042323e-01 7.246023e+02 4.980978e+02 
4.092727e-01 7.069641e+02 4.854991e+02 
4.143131e-01 6.900545e+02 4.733444e+02 
4.193535e-01 6.738890e+02 4.616137e+02 
4.243939e-01 6.584334e+02 4.502881e+02 
4.294343e-01 6.436549e+02 4.393497e+02 
4.344747e-01 6.294963e+02 4.287817e+02 
4.395152e-01 6.158468e+02 4.185679e+02 
4.445556e-01 6.025884e+02 4.086933e+02 
4.495960e-01 5.896449e+02 3.991435e+02 
4.546364e-01 5.769874e+02 3.899048e+02 
4.596768e-01 5.646375e+02 3.809642e+02 
4.647172e-01 5.525774e+02 3.723095e+02 
4.697576e-01 5.408064e+02 3.639290e+02 
4.747980e-01 5.293653e+02 3.558115e+02 
4.798384e-01 5.183043e+02 3.479465e+02 
4.848788e-01 5.076349e+02 3.403240e+02 
4.899192e-01 4.973259e+02 3.329345e+02 
4.949596e-01 4.873481e+02 3.257687e+02 
5.000000e-01 4.776863e+02 3.188180e+02 
