1.000000e-03 3.264218e+03 3.263912e+03 
6.040404e-03 1.463010e+04 1.475418e+04 
1.108081e-02 2.008619e+04 2.021306e+04 
1.612121e-02 2.200015e+04 2.234619e+04 
2.116162e-02 2.177892e+04 2.271881e+04 
2.620202e-02 2.038947e+04 2.220106e+04 
3.124242e-02 1.853520e+04 2.125106e+04 
3.628283e-02 1.668779e+04 2.010689e+04 
4.132323e-02 1.510633e+04 1.889692e+04 
4.636364e-02 1.387210e+04 1.769169e+04 
5.140404e-02 1.296552e+04 1.652931e+04 
5.644444e-02 1.228422e+04 1.542925e+04 
6.148485e-02 1.170512e+04 1.440009e+04 
6.652525e-02 1.112771e+04 1.344413e+04 
7.156566e-02 1.048586e+04 1.256005e+04 
7.660606e-02 9.762709e+03 1.174455e+04 
8.164646e-02 8.989957e+03 1.099337e+04 
8.668687e-02 8.224072e+03 1.030183e+04 
9.172727e-02 7.518425e+03 9.665177e+03 
9.676768e-02 6.912612e+03 9.078820e+03 
1.018081e-01 6.428317e+03 8.538409e+03 
1.068485e-01 6.063954e+03 8.039901e+03 
1.118889e-01 5.793919e+03 7.579572e+03 
1.169293e-01 5.579241e+03 7.154023e+03 
1.219697e-01 5.382065e+03 6.760159e+03 
1.270101e-01 5.174272e+03 6.395177e+03 
1.320505e-01 4.940051e+03 6.056541e+03 
1.370909e-01 4.677088e+03 5.741956e+03 
1.421313e-01 4.396022e+03 5.449352e+03 
1.471717e-01 4.114397e+03 5.176858e+03 
1.522121e-01 3.849601e+03 4.922783e+03 
1.572525e-01 3.615196e+03 4.685599e+03 
1.622929e-01 3.419496e+03 4.463925e+03 
1.673333e-01 3.263703e+03 4.256507e+03 
1.723737e-01 3.141098e+03 4.062211e+03 
1.774141e-01 3.039859e+03 3.880008e+03 
1.824545e-01 2.947845e+03 3.708963e+03 
1.874949e-01 2.855565e+03 3.548225e+03 
1.925354e-01 2.756682e+03 3.397019e+03 
1.975758e-01 2.648291e+03 3.254640e+03 
2.026162e-01 2.531814e+03 3.120444e+03 
2.076566e-01 2.412431e+03 2.993843e+03 
2.126970e-01 2.296408e+03 2.874296e+03 
2.177374e-01 2.189088e+03 2.761312e+03 
2.227778e-01 2.093765e+03 2.654439e+03 
2.278182e-01 2.011581e+03 2.553259e+03 
2.328586e-01 1.941633e+03 2.457393e+03 
2.378990e-01 1.881343e+03 2.366489e+03 
2.429394e-01 1.827275e+03 2.280223e+03 
2.479798e-01 1.775966e+03 2.198298e+03 
2.530202e-01 1.724487e+03 2.120436e+03 
2.580606e-01 1.670950e+03 2.046385e+03 
2.631010e-01 1.614996e+03 1.975908e+03 
2.681414e-01 1.557717e+03 1.908788e+03 
2.731818e-01 1.500928e+03 1.844822e+03 
2.782222e-01 1.446324e+03 1.783823e+03 
2.832626e-01 1.395177e+03 1.725617e+03 
2.883030e-01 1.348343e+03 1.670041e+03 
2.933434e-01 1.306154e+03 1.616946e+03 
2.983838e-01 1.268234e+03 1.566190e+03 
3.034242e-01 1.233601e+03 1.517644e+03 
3.084646e-01 1.201070e+03 1.471185e+03 
3.135051e-01 1.169612e+03 1.426699e+03 
3.185455e-01 1.138515e+03 1.384080e+03 
3.235859e-01 1.107355e+03 1.343229e+03 
3.286263e-01 1.076020e+03 1.304051e+03 
3.336667e-01 1.044774e+03 1.266462e+03 
3.387071e-01 1.014146e+03 1.230377e+03 
3.437475e-01 9.846708e+02 1.195721e+03 
3.487879e-01 9.567222e+02 1.162423e+03 
3.538283e-01 9.304910e+02 1.130413e+03 
3.588687e-01 9.059874e+02 1.099629e+03 
3.639091e-01 8.830597e+02 1.070012e+03 
3.689495e-01 8.614270e+02 1.041504e+03 
3.739899e-01 8.407319e+02 1.014052e+03 
3.790303e-01 8.206605e+02 9.876083e+02 
3.840707e-01 8.010222e+02 9.621241e+02 
3.891111e-01 7.817040e+02 9.375553e+02 
3.941515e-01 7.626482e+02 9.138602e+02 
3.991919e-01 7.439156e+02 8.909990e+02 
4.042323e-01 7.256363e+02 8.689344e+02 
4.092727e-01 7.079732e+02 8.476310e+02 
4.143131e-01 6.910398e+02 8.270552e+02 
4.193535e-01 6.748514e+02 8.071755e+02 
4.243939e-01 6.593741e+02 7.879616e+02 
4.294343e-01 6.445748e+02 7.693853e+02 
4.344747e-01 6.303962e+02 7.514194e+02 
4.395152e-01 6.167274e+02 7.340383e+02 
4.445556e-01 6.034503e+02 7.172179e+02 
4.495960e-01 5.904885e+02 7.009348e+02 
4.546364e-01 5.778132e+02 6.851674e+02 
4.596768e-01 5.654459e+02 6.698946e+02 
4.647172e-01 5.533687e+02 6.550967e+02 
4.697576e-01 5.415811e+02 6.407547e+02 
4.747980e-01 5.301238e+02 6.268508e+02 
4.798384e-01 5.190472e+02 6.133679e+02 
4.848788e-01 5.083626e+02 6.002896e+02 
4.899192e-01 4.980390e+02 5.876004e+02 
4.949596e-01 4.880471e+02 5.752855e+02 
5.000000e-01 4.783717e+02 5.633309e+02 
