1.000000e-03 3.557158e+03 3.556819e+03 
6.040404e-03 1.591073e+04 1.597582e+04 
1.108081e-02 2.178605e+04 2.166416e+04 
1.612121e-02 2.376080e+04 2.330459e+04 
2.116162e-02 2.337650e+04 2.245822e+04 
2.620202e-02 2.170956e+04 2.053935e+04 
3.124242e-02 1.955171e+04 1.850939e+04 
3.628283e-02 1.743513e+04 1.669081e+04 
4.132323e-02 1.565099e+04 1.511176e+04 
4.636364e-02 1.428254e+04 1.373625e+04 
5.140404e-02 1.331334e+04 1.252816e+04 
5.644444e-02 1.261025e+04 1.145987e+04 
6.148485e-02 1.203857e+04 1.051049e+04 
6.652525e-02 1.147114e+04 9.663568e+03 
7.156566e-02 1.082735e+04 8.905693e+03 
7.660606e-02 1.008156e+04 8.225626e+03 
8.164646e-02 9.265063e+03 7.613812e+03 
8.668687e-02 8.440891e+03 7.062052e+03 
9.172727e-02 7.673294e+03 6.563269e+03 
9.676768e-02 7.012203e+03 6.111335e+03 
1.018081e-01 6.487119e+03 5.700926e+03 
1.068485e-01 6.099934e+03 5.327411e+03 
1.118889e-01 5.824049e+03 4.986745e+03 
1.169293e-01 5.616819e+03 4.675397e+03 
1.219697e-01 5.435237e+03 4.390272e+03 
1.270101e-01 5.244432e+03 4.128652e+03 
1.320505e-01 5.022145e+03 3.888148e+03 
1.370909e-01 4.762297e+03 3.666654e+03 
1.421313e-01 4.474413e+03 3.462309e+03 
1.471717e-01 4.177787e+03 3.273464e+03 
1.522121e-01 3.893552e+03 3.098658e+03 
1.572525e-01 3.639300e+03 2.936593e+03 
1.622929e-01 3.427231e+03 2.786109e+03 
1.673333e-01 3.261094e+03 2.646173e+03 
1.723737e-01 3.134830e+03 2.515862e+03 
1.774141e-01 3.036001e+03 2.394346e+03 
1.824545e-01 2.950653e+03 2.280882e+03 
1.874949e-01 2.866933e+03 2.174801e+03 
1.925354e-01 2.775834e+03 2.075499e+03 
1.975758e-01 2.672299e+03 1.982433e+03 
2.026162e-01 2.556618e+03 1.895109e+03 
2.076566e-01 2.434031e+03 1.813083e+03 
2.126970e-01 2.311933e+03 1.735948e+03 
2.177374e-01 2.197141e+03 1.663338e+03 
2.227778e-01 2.094612e+03 1.594918e+03 
2.278182e-01 2.006827e+03 1.530382e+03 
2.328586e-01 1.933710e+03 1.469453e+03 
2.378990e-01 1.872939e+03 1.411876e+03 
2.429394e-01 1.820684e+03 1.357416e+03 
2.479798e-01 1.772640e+03 1.305862e+03 
2.530202e-01 1.724816e+03 1.257017e+03 
2.580606e-01 1.674311e+03 1.210701e+03 
2.631010e-01 1.620134e+03 1.166747e+03 
2.681414e-01 1.563075e+03 1.125004e+03 
2.731818e-01 1.504997e+03 1.085329e+03 
2.782222e-01 1.448017e+03 1.047595e+03 
2.832626e-01 1.394041e+03 1.011679e+03 
2.883030e-01 1.344580e+03 9.774704e+02 
2.933434e-01 1.300462e+03 9.448669e+02 
2.983838e-01 1.261566e+03 9.137724e+02 
3.034242e-01 1.226929e+03 8.840982e+02 
3.084646e-01 1.195218e+03 8.557620e+02 
3.135051e-01 1.165099e+03 8.286870e+02 
3.185455e-01 1.135441e+03 8.028019e+02 
3.235859e-01 1.105438e+03 7.780401e+02 
3.286263e-01 1.074764e+03 7.543396e+02 
3.336667e-01 1.043585e+03 7.316427e+02 
3.387071e-01 1.012497e+03 7.098951e+02 
3.437475e-01 9.821798e+02 6.890463e+02 
3.487879e-01 9.532392e+02 6.690491e+02 
3.538283e-01 9.260945e+02 6.498591e+02 
3.588687e-01 9.009348e+02 6.314348e+02 
3.639091e-01 8.777076e+02 6.137373e+02 
3.689495e-01 8.561148e+02 5.967301e+02 
3.739899e-01 8.357460e+02 5.803787e+02 
3.790303e-01 8.161798e+02 5.646511e+02 
3.840707e-01 7.970882e+02 5.495168e+02 
3.891111e-01 7.782143e+02 5.349473e+02 
3.941515e-01 7.594243e+02 5.209157e+02 
3.991919e-01 7.407421e+02 5.073967e+02 
4.042323e-01 7.223323e+02 4.943663e+02 
4.092727e-01 7.044222e+02 4.818021e+02 
4.143131e-01 6.871785e+02 4.696827e+02 
4.193535e-01 6.706874e+02 4.579880e+02 
4.243939e-01 6.549936e+02 4.466991e+02 
4.294343e-01 6.401101e+02 4.357979e+02 
4.344747e-01 6.259712e+02 4.252674e+02 
4.395152e-01 6.124354e+02 4.150916e+02 
4.445556e-01 5.993461e+02 4.052552e+02 
4.495960e-01 5.865787e+02 3.957437e+02 
4.546364e-01 5.740956e+02 3.865434e+02 
4.596768e-01 5.618590e+02 3.776413e+02 
4.647172e-01 5.498263e+02 3.690250e+02 
4.697576e-01 5.380238e+02 3.606828e+02 
4.747980e-01 5.265108e+02 3.526035e+02 
4.798384e-01 5.153543e+02 3.447766e+02 
4.848788e-01 5.045988e+02 3.371920e+02 
4.899192e-01 4.942213e+02 3.298401e+02 
4.949596e-01 4.842149e+02 3.227117e+02 
5.000000e-01 4.745727e+02 3.157982e+02 
