1.000000e-03 5.060633e+03 5.060146e+03 
6.040404e-03 2.211717e+04 2.221647e+04 
1.108081e-02 2.982597e+04 2.973928e+04 
1.612121e-02 3.196665e+04 3.152789e+04 
2.116162e-02 3.074128e+04 2.964911e+04 
2.620202e-02 2.771772e+04 2.615827e+04 
3.124242e-02 2.407535e+04 2.267766e+04 
3.628283e-02 2.061705e+04 1.977122e+04 
4.132323e-02 1.777919e+04 1.742563e+04 
4.636364e-02 1.567709e+04 1.550834e+04 
5.140404e-02 1.429454e+04 1.390775e+04 
5.644444e-02 1.342779e+04 1.254714e+04 
6.148485e-02 1.286475e+04 1.137468e+04 
6.652525e-02 1.239254e+04 1.035414e+04 
7.156566e-02 1.185614e+04 9.458992e+03 
7.660606e-02 1.115919e+04 8.669042e+03 
8.164646e-02 1.028710e+04 7.968400e+03 
8.668687e-02 9.301280e+03 7.344261e+03 
9.172727e-02 8.301214e+03 6.786123e+03 
9.676768e-02 7.384919e+03 6.285261e+03 
1.018081e-01 6.625030e+03 5.834348e+03 
1.068485e-01 6.055330e+03 5.427186e+03 
1.118889e-01 5.670286e+03 5.058497e+03 
1.169293e-01 5.434660e+03 4.723760e+03 
1.219697e-01 5.296327e+03 4.419087e+03 
1.270101e-01 5.197445e+03 4.141118e+03 
1.320505e-01 5.084411e+03 3.886936e+03 
1.370909e-01 4.919907e+03 3.654005e+03 
1.421313e-01 4.689686e+03 3.440107e+03 
1.471717e-01 4.400870e+03 3.243300e+03 
1.522121e-01 4.075191e+03 3.061878e+03 
1.572525e-01 3.743347e+03 2.894334e+03 
1.622929e-01 3.437929e+03 2.739341e+03 
1.673333e-01 3.183694e+03 2.595719e+03 
1.723737e-01 2.990930e+03 2.462422e+03 
1.774141e-01 2.856065e+03 2.338518e+03 
1.824545e-01 2.767652e+03 2.223175e+03 
1.874949e-01 2.710600e+03 2.115651e+03 
1.925354e-01 2.667222e+03 2.015277e+03 
1.975758e-01 2.619135e+03 1.921456e+03 
2.026162e-01 2.552285e+03 1.833648e+03 
2.076566e-01 2.461149e+03 1.751368e+03 
2.126970e-01 2.348360e+03 1.674177e+03 
2.177374e-01 2.221603e+03 1.601677e+03 
2.227778e-01 2.090705e+03 1.533509e+03 
2.278182e-01 1.966070e+03 1.469346e+03 
2.328586e-01 1.856567e+03 1.408890e+03 
2.378990e-01 1.767409e+03 1.351870e+03 
2.429394e-01 1.699275e+03 1.298040e+03 
2.479798e-01 1.649319e+03 1.247173e+03 
2.530202e-01 1.612505e+03 1.199063e+03 
2.580606e-01 1.582498e+03 1.153520e+03 
2.631010e-01 1.552829e+03 1.110372e+03 
2.681414e-01 1.518263e+03 1.069458e+03 
2.731818e-01 1.476112e+03 1.030632e+03 
2.782222e-01 1.426283e+03 9.937588e+02 
2.832626e-01 1.370643e+03 9.587133e+02 
2.883030e-01 1.312218e+03 9.253809e+02 
2.933434e-01 1.254601e+03 8.936551e+02 
2.983838e-01 1.201233e+03 8.634375e+02 
3.034242e-01 1.154564e+03 8.346372e+02 
3.084646e-01 1.115588e+03 8.071696e+02 
3.135051e-01 1.083820e+03 7.809562e+02 
3.185455e-01 1.057748e+03 7.559244e+02 
3.235859e-01 1.035399e+03 7.320064e+02 
3.286263e-01 1.014620e+03 7.091390e+02 
3.336667e-01 9.933994e+02 6.872636e+02 
3.387071e-01 9.702400e+02 6.663255e+02 
3.437475e-01 9.445509e+02 6.462734e+02 
3.487879e-01 9.166616e+02 6.270597e+02 
3.538283e-01 8.875319e+02 6.086397e+02 
3.588687e-01 8.582835e+02 5.909717e+02 
3.639091e-01 8.300337e+02 5.740164e+02 
3.689495e-01 8.037870e+02 5.577374e+02 
3.739899e-01 7.802296e+02 5.421002e+02 
3.790303e-01 7.595363e+02 5.270725e+02 
3.840707e-01 7.413944e+02 5.126241e+02 
3.891111e-01 7.251958e+02 4.987265e+02 
3.941515e-01 7.102084e+02 4.853529e+02 
3.991919e-01 6.957102e+02 4.724782e+02 
4.042323e-01 6.810648e+02 4.600785e+02 
4.092727e-01 6.658607e+02 4.481315e+02 
4.143131e-01 6.500236e+02 4.366161e+02 
4.193535e-01 6.337253e+02 4.255124e+02 
4.243939e-01 6.172711e+02 4.148017e+02 
4.294343e-01 6.010432e+02 4.044661e+02 
4.344747e-01 5.854163e+02 3.944889e+02 
4.395152e-01 5.707115e+02 3.848543e+02 
4.445556e-01 5.571158e+02 3.755472e+02 
4.495960e-01 5.446320e+02 3.665533e+02 
4.546364e-01 5.330875e+02 3.578593e+02 
4.596768e-01 5.222806e+02 3.494523e+02 
4.647172e-01 5.119858e+02 3.413203e+02 
4.697576e-01 5.019547e+02 3.334517e+02 
4.747980e-01 4.919660e+02 3.258356e+02 
4.798384e-01 4.818803e+02 3.184618e+02 
4.848788e-01 4.717164e+02 3.113203e+02 
4.899192e-01 4.615522e+02 3.044017e+02 
4.949596e-01 4.514854e+02 2.976973e+02 
5.000000e-01 4.416118e+02 2.911985e+02 
