1.000000e-03 2.772631e+03 2.772387e+03 
6.040404e-03 1.254696e+04 1.260054e+04 
1.108081e-02 1.747357e+04 1.737178e+04 
1.612121e-02 1.941671e+04 1.903812e+04 
2.116162e-02 1.951145e+04 1.877413e+04 
2.620202e-02 1.855022e+04 1.760195e+04 
3.124242e-02 1.711843e+04 1.622124e+04 
3.628283e-02 1.561994e+04 1.489863e+04 
4.132323e-02 1.428761e+04 1.369069e+04 
4.636364e-02 1.320607e+04 1.259706e+04 
5.140404e-02 1.239574e+04 1.160764e+04 
5.644444e-02 1.175922e+04 1.071210e+04 
6.148485e-02 1.120707e+04 9.901157e+03 
6.652525e-02 1.067002e+04 9.166398e+03 
7.156566e-02 1.008680e+04 8.500166e+03 
7.660606e-02 9.434994e+03 7.895484e+03 
8.164646e-02 8.738653e+03 7.346020e+03 
8.668687e-02 8.047721e+03 6.846062e+03 
9.172727e-02 7.408081e+03 6.390479e+03 
9.676768e-02 6.849649e+03 5.974683e+03 
1.018081e-01 6.388928e+03 5.594584e+03 
1.068485e-01 6.028963e+03 5.246543e+03 
1.118889e-01 5.754423e+03 4.927323e+03 
1.169293e-01 5.534401e+03 4.634052e+03 
1.219697e-01 5.333963e+03 4.364175e+03 
1.270101e-01 5.127019e+03 4.115422e+03 
1.320505e-01 4.900643e+03 3.885774e+03 
1.370909e-01 4.653187e+03 3.673433e+03 
1.421313e-01 4.391594e+03 3.476794e+03 
1.471717e-01 4.128634e+03 3.294427e+03 
1.522121e-01 3.878449e+03 3.125051e+03 
1.572525e-01 3.653309e+03 2.967520e+03 
1.622929e-01 3.461284e+03 2.820806e+03 
1.673333e-01 3.304108e+03 2.683985e+03 
1.723737e-01 3.176929e+03 2.556227e+03 
1.774141e-01 3.070271e+03 2.436784e+03 
1.824545e-01 2.973871e+03 2.324979e+03 
1.874949e-01 2.879523e+03 2.220201e+03 
1.925354e-01 2.781509e+03 2.121898e+03 
1.975758e-01 2.676553e+03 2.029568e+03 
2.026162e-01 2.564892e+03 1.942757e+03 
2.076566e-01 2.450367e+03 1.861049e+03 
2.126970e-01 2.338493e+03 1.784068e+03 
2.177374e-01 2.233955e+03 1.711470e+03 
2.227778e-01 2.139497e+03 1.642941e+03 
2.278182e-01 2.056254e+03 1.578193e+03 
2.328586e-01 1.984025e+03 1.516964e+03 
2.378990e-01 1.921247e+03 1.459012e+03 
2.429394e-01 1.864877e+03 1.404117e+03 
2.479798e-01 1.811674e+03 1.352073e+03 
2.530202e-01 1.759110e+03 1.302696e+03 
2.580606e-01 1.705672e+03 1.255810e+03 
2.631010e-01 1.650825e+03 1.211259e+03 
2.681414e-01 1.594896e+03 1.168894e+03 
2.731818e-01 1.539018e+03 1.128580e+03 
2.782222e-01 1.484837e+03 1.090190e+03 
2.832626e-01 1.433794e+03 1.053610e+03 
2.883030e-01 1.386651e+03 1.018729e+03 
2.933434e-01 1.343590e+03 9.854497e+02 
2.983838e-01 1.304325e+03 9.536770e+02 
3.034242e-01 1.268260e+03 9.233250e+02 
3.084646e-01 1.234581e+03 8.943129e+02 
3.135051e-01 1.202351e+03 8.665657e+02 
3.185455e-01 1.170741e+03 8.400133e+02 
3.235859e-01 1.139271e+03 8.145903e+02 
3.286263e-01 1.107850e+03 7.902357e+02 
3.336667e-01 1.076665e+03 7.668923e+02 
3.387071e-01 1.046084e+03 7.445069e+02 
3.437475e-01 1.016454e+03 7.230294e+02 
3.487879e-01 9.881042e+02 7.024130e+02 
3.538283e-01 9.613067e+02 6.826137e+02 
3.588687e-01 9.361473e+02 6.635903e+02 
3.639091e-01 9.125356e+02 6.453040e+02 
3.689495e-01 8.902177e+02 6.277186e+02 
3.739899e-01 8.688679e+02 6.107998e+02 
3.790303e-01 8.482372e+02 5.945154e+02 
3.840707e-01 8.281608e+02 5.788350e+02 
3.891111e-01 8.084964e+02 5.637302e+02 
3.941515e-01 7.891820e+02 5.491741e+02 
3.991919e-01 7.702114e+02 5.351411e+02 
4.042323e-01 7.516619e+02 5.216073e+02 
4.092727e-01 7.336801e+02 5.085501e+02 
4.143131e-01 7.163747e+02 4.959480e+02 
4.193535e-01 6.997776e+02 4.837808e+02 
4.243939e-01 6.838737e+02 4.720295e+02 
4.294343e-01 6.686273e+02 4.606757e+02 
4.344747e-01 6.539834e+02 4.497024e+02 
4.395152e-01 6.398775e+02 4.390932e+02 
4.445556e-01 6.262319e+02 4.288329e+02 
4.495960e-01 6.129327e+02 4.189066e+02 
4.546364e-01 5.999445e+02 4.093005e+02 
4.596768e-01 5.872567e+02 4.000014e+02 
4.647172e-01 5.748896e+02 3.909968e+02 
4.697576e-01 5.628451e+02 3.822748e+02 
4.747980e-01 5.511222e+02 3.738240e+02 
4.798384e-01 5.397304e+02 3.656337e+02 
4.848788e-01 5.287037e+02 3.576935e+02 
4.899192e-01 5.180631e+02 3.499938e+02 
4.949596e-01 5.077700e+02 3.425252e+02 
5.000000e-01 4.977978e+02 3.352788e+02 
