1.000000e-03 2.661771e+03 2.661522e+03 
6.040404e-03 1.205210e+04 1.209824e+04 
1.108081e-02 1.667702e+04 1.653667e+04 
1.612121e-02 1.847198e+04 1.801860e+04 
2.116162e-02 1.858340e+04 1.779187e+04 
2.620202e-02 1.776888e+04 1.681440e+04 
3.124242e-02 1.655687e+04 1.564231e+04 
3.628283e-02 1.529158e+04 1.447751e+04 
4.132323e-02 1.415980e+04 1.337680e+04 
4.636364e-02 1.320972e+04 1.235514e+04 
5.140404e-02 1.245602e+04 1.141518e+04 
5.644444e-02 1.179917e+04 1.055488e+04 
6.148485e-02 1.118177e+04 9.769967e+03 
6.652525e-02 1.055462e+04 9.055101e+03 
7.156566e-02 9.890998e+03 8.404511e+03 
7.660606e-02 9.200383e+03 7.812425e+03 
8.164646e-02 8.519818e+03 7.273308e+03 
8.668687e-02 7.889156e+03 6.781985e+03 
9.172727e-02 7.332998e+03 6.333704e+03 
9.676768e-02 6.861434e+03 5.924152e+03 
1.018081e-01 6.475199e+03 5.549438e+03 
1.068485e-01 6.161408e+03 5.206078e+03 
1.118889e-01 5.893088e+03 4.890953e+03 
1.169293e-01 5.640628e+03 4.601284e+03 
1.219697e-01 5.384564e+03 4.334591e+03 
1.270101e-01 5.118365e+03 4.088663e+03 
1.320505e-01 4.844408e+03 3.861533e+03 
1.370909e-01 4.571099e+03 3.651441e+03 
1.421313e-01 4.309136e+03 3.456820e+03 
1.471717e-01 4.068765e+03 3.276266e+03 
1.522121e-01 3.855830e+03 3.108525e+03 
1.572525e-01 3.672068e+03 2.952470e+03 
1.622929e-01 3.515313e+03 2.807092e+03 
1.673333e-01 3.379272e+03 2.671483e+03 
1.723737e-01 3.255330e+03 2.544826e+03 
1.774141e-01 3.135888e+03 2.426384e+03 
1.824545e-01 3.016360e+03 2.315491e+03 
1.874949e-01 2.895474e+03 2.211547e+03 
1.925354e-01 2.773598e+03 2.114006e+03 
1.975758e-01 2.652997e+03 2.022374e+03 
2.026162e-01 2.537281e+03 1.936201e+03 
2.076566e-01 2.429693e+03 1.855079e+03 
2.126970e-01 2.331806e+03 1.778637e+03 
2.177374e-01 2.243510e+03 1.706534e+03 
2.227778e-01 2.163784e+03 1.638460e+03 
2.278182e-01 2.091028e+03 1.574132e+03 
2.328586e-01 2.022921e+03 1.513289e+03 
2.378990e-01 1.957419e+03 1.455695e+03 
2.429394e-01 1.893303e+03 1.401128e+03 
2.479798e-01 1.830109e+03 1.349390e+03 
2.530202e-01 1.767866e+03 1.300293e+03 
2.580606e-01 1.706920e+03 1.253668e+03 
2.631010e-01 1.648037e+03 1.209358e+03 
2.681414e-01 1.592279e+03 1.167216e+03 
2.731818e-01 1.540209e+03 1.127108e+03 
2.782222e-01 1.491694e+03 1.088911e+03 
2.832626e-01 1.446255e+03 1.052508e+03 
2.883030e-01 1.403423e+03 1.017793e+03 
2.933434e-01 1.362802e+03 9.846660e+02 
2.983838e-01 1.323926e+03 9.530355e+02 
3.034242e-01 1.286208e+03 9.228154e+02 
3.084646e-01 1.249369e+03 8.939259e+02 
3.135051e-01 1.213431e+03 8.662925e+02 
3.185455e-01 1.178608e+03 8.398458e+02 
3.235859e-01 1.145059e+03 8.145211e+02 
3.286263e-01 1.112824e+03 7.902579e+02 
3.336667e-01 1.081971e+03 7.669994e+02 
3.387071e-01 1.052603e+03 7.446928e+02 
3.437475e-01 1.024684e+03 7.232886e+02 
3.487879e-01 9.980681e+02 7.027402e+02 
3.538283e-01 9.724976e+02 6.830041e+02 
3.588687e-01 9.478060e+02 6.640394e+02 
3.639091e-01 9.239219e+02 6.458076e+02 
3.689495e-01 9.007942e+02 6.282728e+02 
3.739899e-01 8.783704e+02 6.114008e+02 
3.790303e-01 8.566117e+02 5.951599e+02 
3.840707e-01 8.355282e+02 5.795198e+02 
3.891111e-01 8.151862e+02 5.644523e+02 
3.941515e-01 7.955929e+02 5.499306e+02 
3.991919e-01 7.767201e+02 5.359295e+02 
4.042323e-01 7.585267e+02 5.224252e+02 
4.092727e-01 7.409817e+02 5.093952e+02 
4.143131e-01 7.240595e+02 4.968182e+02 
4.193535e-01 7.077041e+02 4.846740e+02 
4.243939e-01 6.918404e+02 4.729438e+02 
4.294343e-01 6.764352e+02 4.616095e+02 
4.344747e-01 6.614937e+02 4.506539e+02 
4.395152e-01 6.470065e+02 4.400610e+02 
4.445556e-01 6.329563e+02 4.298155e+02 
4.495960e-01 6.193215e+02 4.199026e+02 
4.546364e-01 6.060965e+02 4.103087e+02 
4.596768e-01 5.932924e+02 4.010206e+02 
4.647172e-01 5.808903e+02 3.920259e+02 
4.697576e-01 5.688665e+02 3.833127e+02 
4.747980e-01 5.571915e+02 3.748698e+02 
4.798384e-01 5.458602e+02 3.666864e+02 
4.848788e-01 5.348606e+02 3.587523e+02 
4.899192e-01 5.241716e+02 3.510578e+02 
4.949596e-01 5.137762e+02 3.435937e+02 
5.000000e-01 5.036597e+02 3.363512e+02 
