1.000000e-03 2.772152e+03 2.771899e+03 
6.040404e-03 1.219262e+04 1.224064e+04 
1.108081e-02 1.675785e+04 1.661745e+04 
1.612121e-02 1.852292e+04 1.806933e+04 
2.116162e-02 1.864211e+04 1.785605e+04 
2.620202e-02 1.785922e+04 1.690720e+04 
3.124242e-02 1.668334e+04 1.575633e+04 
3.628283e-02 1.544494e+04 1.460190e+04 
4.132323e-02 1.432313e+04 1.350388e+04 
4.636364e-02 1.336711e+04 1.248041e+04 
5.140404e-02 1.259083e+04 1.153618e+04 
5.644444e-02 1.190886e+04 1.067036e+04 
6.148485e-02 1.126651e+04 9.879384e+03 
6.652525e-02 1.062358e+04 9.158286e+03 
7.156566e-02 9.954018e+03 8.501533e+03 
7.660606e-02 9.264946e+03 7.903482e+03 
8.164646e-02 8.590380e+03 7.358669e+03 
8.668687e-02 7.967654e+03 6.861955e+03 
9.172727e-02 7.417667e+03 6.408602e+03 
9.676768e-02 6.947148e+03 5.994296e+03 
1.018081e-01 6.555396e+03 5.615139e+03 
1.068485e-01 6.231405e+03 5.267633e+03 
1.118889e-01 5.951751e+03 4.948645e+03 
1.169293e-01 5.688866e+03 4.655378e+03 
1.219697e-01 5.424372e+03 4.385336e+03 
1.270101e-01 5.152577e+03 4.136292e+03 
1.320505e-01 4.876786e+03 3.906259e+03 
1.370909e-01 4.604735e+03 3.693466e+03 
1.421313e-01 4.345510e+03 3.496328e+03 
1.471717e-01 4.107327e+03 3.313430e+03 
1.522121e-01 3.895349e+03 3.143502e+03 
1.572525e-01 3.710686e+03 2.985407e+03 
1.622929e-01 3.551199e+03 2.838126e+03 
1.673333e-01 3.411022e+03 2.700740e+03 
1.723737e-01 3.282421e+03 2.572422e+03 
1.774141e-01 3.158588e+03 2.452426e+03 
1.824545e-01 3.035751e+03 2.340081e+03 
1.874949e-01 2.912898e+03 2.234776e+03 
1.925354e-01 2.790432e+03 2.135959e+03 
1.975758e-01 2.670076e+03 2.043131e+03 
2.026162e-01 2.554918e+03 1.955837e+03 
2.076566e-01 2.447857e+03 1.873663e+03 
2.126970e-01 2.350148e+03 1.796231e+03 
2.177374e-01 2.261416e+03 1.723198e+03 
2.227778e-01 2.180503e+03 1.654250e+03 
2.278182e-01 2.106006e+03 1.589099e+03 
2.328586e-01 2.036199e+03 1.527482e+03 
2.378990e-01 1.969149e+03 1.469157e+03 
2.429394e-01 1.903655e+03 1.413902e+03 
2.479798e-01 1.839433e+03 1.361514e+03 
2.530202e-01 1.776685e+03 1.311805e+03 
2.580606e-01 1.715697e+03 1.264601e+03 
2.631010e-01 1.656935e+03 1.219744e+03 
2.681414e-01 1.601150e+03 1.177085e+03 
2.731818e-01 1.548850e+03 1.136489e+03 
2.782222e-01 1.500041e+03 1.097828e+03 
2.832626e-01 1.454215e+03 1.060987e+03 
2.883030e-01 1.410805e+03 1.025857e+03 
2.933434e-01 1.369438e+03 9.923372e+02 
2.983838e-01 1.329803e+03 9.603339e+02 
3.034242e-01 1.291529e+03 9.297601e+02 
3.084646e-01 1.254324e+03 9.005350e+02 
3.135051e-01 1.218101e+03 8.725831e+02 
3.185455e-01 1.183046e+03 8.458338e+02 
3.235859e-01 1.149340e+03 8.202216e+02 
3.286263e-01 1.117031e+03 7.956851e+02 
3.336667e-01 1.086107e+03 7.721668e+02 
3.387071e-01 1.056555e+03 7.496131e+02 
3.437475e-01 1.028352e+03 7.279736e+02 
3.487879e-01 1.001433e+03 7.072013e+02 
3.538283e-01 9.756008e+02 6.872520e+02 
3.588687e-01 9.506618e+02 6.680842e+02 
3.639091e-01 9.265089e+02 6.496589e+02 
3.689495e-01 9.031237e+02 6.319395e+02 
3.739899e-01 8.805150e+02 6.148917e+02 
3.790303e-01 8.586483e+02 5.984829e+02 
3.840707e-01 8.374722e+02 5.826828e+02 
3.891111e-01 8.170141e+02 5.674625e+02 
3.941515e-01 7.972942e+02 5.527949e+02 
3.991919e-01 7.783099e+02 5.386545e+02 
4.042323e-01 7.600169e+02 5.250172e+02 
4.092727e-01 7.423488e+02 5.118600e+02 
4.143131e-01 7.252710e+02 4.991615e+02 
4.193535e-01 7.087609e+02 4.869012e+02 
4.243939e-01 6.927786e+02 4.750599e+02 
4.294343e-01 6.772892e+02 4.636194e+02 
4.344747e-01 6.622472e+02 4.525622e+02 
4.395152e-01 6.476490e+02 4.418721e+02 
4.445556e-01 6.335112e+02 4.315334e+02 
4.495960e-01 6.198137e+02 4.215315e+02 
4.546364e-01 6.065402e+02 4.118523e+02 
4.596768e-01 5.936585e+02 4.024825e+02 
4.647172e-01 5.811720e+02 3.934095e+02 
4.697576e-01 5.690808e+02 3.846214e+02 
4.747980e-01 5.573533e+02 3.761066e+02 
4.798384e-01 5.459587e+02 3.678544e+02 
4.848788e-01 5.348862e+02 3.598543e+02 
4.899192e-01 5.241228e+02 3.520966e+02 
4.949596e-01 5.136702e+02 3.445718e+02 
5.000000e-01 5.035133e+02 3.372710e+02 
