1.000000e-03 4.792955e+03 4.792501e+03 
6.040404e-03 2.138158e+04 2.147866e+04 
1.108081e-02 2.906507e+04 2.899104e+04 
1.612121e-02 3.130446e+04 3.089986e+04 
2.116162e-02 3.020064e+04 2.915305e+04 
2.620202e-02 2.727977e+04 2.575142e+04 
3.124242e-02 2.371072e+04 2.232403e+04 
3.628283e-02 2.029774e+04 1.945704e+04 
4.132323e-02 1.748492e+04 1.714669e+04 
4.636364e-02 1.539672e+04 1.526197e+04 
5.140404e-02 1.402546e+04 1.369095e+04 
5.644444e-02 1.317200e+04 1.235668e+04 
6.148485e-02 1.263200e+04 1.120737e+04 
6.652525e-02 1.219135e+04 1.020700e+04 
7.156566e-02 1.169106e+04 9.329369e+03 
7.660606e-02 1.103064e+04 8.554618e+03 
8.164646e-02 1.019049e+04 7.867167e+03 
8.668687e-02 9.227591e+03 7.254495e+03 
9.172727e-02 8.238747e+03 6.706347e+03 
9.676768e-02 7.323506e+03 6.214206e+03 
1.018081e-01 6.558152e+03 5.770928e+03 
1.068485e-01 5.980753e+03 5.370469e+03 
1.118889e-01 5.589171e+03 5.007679e+03 
1.169293e-01 5.350452e+03 4.678148e+03 
1.219697e-01 5.214431e+03 4.378081e+03 
1.270101e-01 5.123912e+03 4.104197e+03 
1.320505e-01 5.024723e+03 3.853647e+03 
1.370909e-01 4.876321e+03 3.623953e+03 
1.421313e-01 4.661283e+03 3.412946e+03 
1.471717e-01 4.384090e+03 3.218728e+03 
1.522121e-01 4.065302e+03 3.039626e+03 
1.572525e-01 3.734936e+03 2.874169e+03 
1.622929e-01 3.426317e+03 2.721053e+03 
1.673333e-01 3.166102e+03 2.579125e+03 
1.723737e-01 2.966868e+03 2.447358e+03 
1.774141e-01 2.826874e+03 2.324839e+03 
1.824545e-01 2.735786e+03 2.210752e+03 
1.874949e-01 2.678988e+03 2.104367e+03 
1.925354e-01 2.638932e+03 2.005029e+03 
1.975758e-01 2.596822e+03 1.912150e+03 
2.026162e-01 2.537345e+03 1.825201e+03 
2.076566e-01 2.453275e+03 1.743705e+03 
2.126970e-01 2.345830e+03 1.667229e+03 
2.177374e-01 2.222024e+03 1.595384e+03 
2.227778e-01 2.091659e+03 1.527815e+03 
2.278182e-01 1.965441e+03 1.464201e+03 
2.328586e-01 1.852927e+03 1.404248e+03 
2.378990e-01 1.760214e+03 1.347690e+03 
2.429394e-01 1.689052e+03 1.294284e+03 
2.479798e-01 1.637239e+03 1.243808e+03 
2.530202e-01 1.600031e+03 1.196057e+03 
2.580606e-01 1.571103e+03 1.150845e+03 
2.631010e-01 1.543799e+03 1.108001e+03 
2.681414e-01 1.512416e+03 1.067368e+03 
2.731818e-01 1.473537e+03 1.028801e+03 
2.782222e-01 1.426370e+03 9.921668e+02 
2.832626e-01 1.372400e+03 9.573420e+02 
2.883030e-01 1.314543e+03 9.242133e+02 
2.933434e-01 1.256493e+03 8.926757e+02 
2.983838e-01 1.201886e+03 8.626322e+02 
3.034242e-01 1.153590e+03 8.339927e+02 
3.084646e-01 1.113035e+03 8.066738e+02 
3.135051e-01 1.080127e+03 7.805980e+02 
3.185455e-01 1.053560e+03 7.556935e+02 
3.235859e-01 1.031382e+03 7.318931e+02 
3.286263e-01 1.011366e+03 7.091347e+02 
3.336667e-01 9.913608e+02 6.873601e+02 
3.387071e-01 9.696304e+02 6.665152e+02 
3.437475e-01 9.452655e+02 6.465494e+02 
3.487879e-01 9.183423e+02 6.274154e+02 
3.538283e-01 8.896727e+02 6.090692e+02 
3.588687e-01 8.604366e+02 5.914693e+02 
3.639091e-01 8.318457e+02 5.745771e+02 
3.689495e-01 8.049877e+02 5.583563e+02 
3.739899e-01 7.806968e+02 5.427728e+02 
3.790303e-01 7.593613e+02 5.277947e+02 
3.840707e-01 7.408309e+02 5.133920e+02 
3.891111e-01 7.245431e+02 4.995365e+02 
3.941515e-01 7.097292e+02 4.862017e+02 
3.991919e-01 6.956175e+02 4.733625e+02 
4.042323e-01 6.815186e+02 4.609956e+02 
4.092727e-01 6.669135e+02 4.490786e+02 
4.143131e-01 6.515844e+02 4.375907e+02 
4.193535e-01 6.355935e+02 4.265122e+02 
4.243939e-01 6.192764e+02 4.158244e+02 
4.294343e-01 6.030024e+02 4.055097e+02 
4.344747e-01 5.872015e+02 3.955515e+02 
4.395152e-01 5.722180e+02 3.859340e+02 
4.445556e-01 5.583229e+02 3.766424e+02 
4.495960e-01 5.455903e+02 3.676625e+02 
4.546364e-01 5.339219e+02 3.589809e+02 
4.596768e-01 5.231121e+02 3.505851e+02 
4.647172e-01 5.129025e+02 3.424629e+02 
4.697576e-01 5.030376e+02 3.346030e+02 
4.747980e-01 4.932756e+02 3.269946e+02 
4.798384e-01 4.834341e+02 3.196272e+02 
4.848788e-01 4.734487e+02 3.124913e+02 
4.899192e-01 4.633816e+02 3.055774e+02 
4.949596e-01 4.533469e+02 2.988768e+02 
5.000000e-01 4.434550e+02 2.923810e+02 
