1.000000e-03 2.931737e+03 2.931459e+03 
6.040404e-03 1.323991e+04 1.329016e+04 
1.108081e-02 1.822819e+04 1.808356e+04 
1.612121e-02 2.005810e+04 1.958314e+04 
2.116162e-02 2.001398e+04 1.916842e+04 
2.620202e-02 1.895415e+04 1.794054e+04 
3.124242e-02 1.748500e+04 1.654757e+04 
3.628283e-02 1.599960e+04 1.521039e+04 
4.132323e-02 1.470577e+04 1.397728e+04 
4.636364e-02 1.365799e+04 1.285238e+04 
5.140404e-02 1.285746e+04 1.183036e+04 
5.644444e-02 1.218410e+04 1.090377e+04 
6.148485e-02 1.156066e+04 1.006463e+04 
6.652525e-02 1.091962e+04 9.304955e+03 
7.156566e-02 1.022670e+04 8.617047e+03 
7.660606e-02 9.491030e+03 7.993684e+03 
8.164646e-02 8.754279e+03 7.428206e+03 
8.668687e-02 8.064555e+03 6.914562e+03 
9.172727e-02 7.455616e+03 6.447302e+03 
9.676768e-02 6.945831e+03 6.021550e+03 
1.018081e-01 6.538932e+03 5.632963e+03 
1.068485e-01 6.219660e+03 5.277685e+03 
1.118889e-01 5.956033e+03 4.952294e+03 
1.169293e-01 5.712840e+03 4.653758e+03 
1.219697e-01 5.465373e+03 4.379389e+03 
1.270101e-01 5.202543e+03 4.126803e+03 
1.320505e-01 4.923942e+03 3.893884e+03 
1.370909e-01 4.638261e+03 3.678752e+03 
1.421313e-01 4.359649e+03 3.479735e+03 
1.471717e-01 4.101737e+03 3.295342e+03 
1.522121e-01 3.873593e+03 3.124243e+03 
1.572525e-01 3.679137e+03 2.965249e+03 
1.622929e-01 3.517325e+03 2.817295e+03 
1.673333e-01 3.381714e+03 2.679428e+03 
1.723737e-01 3.261897e+03 2.550790e+03 
1.774141e-01 3.147740e+03 2.430609e+03 
1.824545e-01 3.032827e+03 2.318191e+03 
1.874949e-01 2.914221e+03 2.212907e+03 
1.925354e-01 2.791726e+03 2.114190e+03 
1.975758e-01 2.667763e+03 2.021526e+03 
2.026162e-01 2.546744e+03 1.934449e+03 
2.076566e-01 2.433205e+03 1.852536e+03 
2.126970e-01 2.330019e+03 1.775401e+03 
2.177374e-01 2.238145e+03 1.702694e+03 
2.227778e-01 2.156812e+03 1.634093e+03 
2.278182e-01 2.084156e+03 1.569308e+03 
2.328586e-01 2.017448e+03 1.508069e+03 
2.378990e-01 1.954001e+03 1.450133e+03 
2.429394e-01 1.891899e+03 1.395273e+03 
2.479798e-01 1.829996e+03 1.343284e+03 
2.530202e-01 1.767834e+03 1.293975e+03 
2.580606e-01 1.705880e+03 1.247172e+03 
2.631010e-01 1.645449e+03 1.202713e+03 
2.681414e-01 1.587954e+03 1.160450e+03 
2.731818e-01 1.534214e+03 1.120245e+03 
2.782222e-01 1.484334e+03 1.081972e+03 
2.832626e-01 1.438165e+03 1.045512e+03 
2.883030e-01 1.395363e+03 1.010756e+03 
2.933434e-01 1.355294e+03 9.776041e+02 
2.983838e-01 1.317113e+03 9.459615e+02 
3.034242e-01 1.280044e+03 9.157411e+02 
3.084646e-01 1.243686e+03 8.868618e+02 
3.135051e-01 1.208022e+03 8.592478e+02 
3.185455e-01 1.173136e+03 8.328287e+02 
3.235859e-01 1.139172e+03 8.075387e+02 
3.286263e-01 1.106367e+03 7.833165e+02 
3.336667e-01 1.075002e+03 7.601047e+02 
3.387071e-01 1.045295e+03 7.378496e+02 
3.437475e-01 1.017198e+03 7.165011e+02 
3.487879e-01 9.905216e+02 6.960121e+02 
3.538283e-01 9.650653e+02 6.763386e+02 
3.588687e-01 9.406362e+02 6.574391e+02 
3.639091e-01 9.170644e+02 6.392750e+02 
3.689495e-01 8.941736e+02 6.218097e+02 
3.739899e-01 8.718553e+02 6.050089e+02 
3.790303e-01 8.501373e+02 5.888405e+02 
3.840707e-01 8.290604e+02 5.732740e+02 
3.891111e-01 8.086528e+02 5.582809e+02 
3.941515e-01 7.889365e+02 5.438342e+02 
3.991919e-01 7.699478e+02 5.299085e+02 
4.042323e-01 7.517238e+02 5.164799e+02 
4.092727e-01 7.342370e+02 5.035256e+02 
4.143131e-01 7.173943e+02 4.910244e+02 
4.193535e-01 7.011197e+02 4.789559e+02 
4.243939e-01 6.853582e+02 4.673011e+02 
4.294343e-01 6.700968e+02 4.560418e+02 
4.344747e-01 6.552728e+02 4.451608e+02 
4.395152e-01 6.408580e+02 4.346420e+02 
4.445556e-01 6.268344e+02 4.244699e+02 
4.495960e-01 6.132178e+02 4.146300e+02 
4.546364e-01 6.000334e+02 4.051083e+02 
4.596768e-01 5.872661e+02 3.958917e+02 
4.647172e-01 5.748867e+02 3.869677e+02 
4.697576e-01 5.628853e+02 3.783244e+02 
4.747980e-01 5.512737e+02 3.699506e+02 
4.798384e-01 5.400258e+02 3.618354e+02 
4.848788e-01 5.291122e+02 3.539688e+02 
4.899192e-01 5.184857e+02 3.463408e+02 
4.949596e-01 5.081456e+02 3.389423e+02 
5.000000e-01 4.981034e+02 3.317645e+02 
