1.000000e-03 3.248670e+03 3.248365e+03 
6.040404e-03 1.464095e+04 1.470135e+04 
1.108081e-02 2.015020e+04 2.002837e+04 
1.612121e-02 2.210589e+04 2.166229e+04 
2.116162e-02 2.190699e+04 2.104181e+04 
2.620202e-02 2.052250e+04 1.942831e+04 
3.124242e-02 1.866007e+04 1.766549e+04 
3.628283e-02 1.679798e+04 1.604704e+04 
4.132323e-02 1.520095e+04 1.461330e+04 
4.636364e-02 1.395401e+04 1.334482e+04 
5.140404e-02 1.304001e+04 1.221751e+04 
5.644444e-02 1.235685e+04 1.121161e+04 
6.148485e-02 1.178085e+04 1.031130e+04 
6.652525e-02 1.120913e+04 9.503529e+03 
7.156566e-02 1.057249e+04 8.777234e+03 
7.660606e-02 9.851769e+03 8.122860e+03 
8.164646e-02 9.077044e+03 7.532094e+03 
8.668687e-02 8.304937e+03 6.997671e+03 
9.172727e-02 7.590358e+03 6.513233e+03 
9.676768e-02 6.974301e+03 6.073209e+03 
1.018081e-01 6.480163e+03 5.672717e+03 
1.068485e-01 6.108207e+03 5.307477e+03 
1.118889e-01 5.834102e+03 4.973729e+03 
1.169293e-01 5.618749e+03 4.668168e+03 
1.219697e-01 5.423299e+03 4.387887e+03 
1.270101e-01 5.218693e+03 4.130321e+03 
1.320505e-01 4.987703e+03 3.893207e+03 
1.370909e-01 4.726794e+03 3.674543e+03 
1.421313e-01 4.445604e+03 3.472555e+03 
1.471717e-01 4.161569e+03 3.285667e+03 
1.522121e-01 3.892698e+03 3.112478e+03 
1.572525e-01 3.653287e+03 2.951741e+03 
1.622929e-01 3.452589e+03 2.802339e+03 
1.673333e-01 3.292595e+03 2.663277e+03 
1.723737e-01 3.167223e+03 2.533660e+03 
1.774141e-01 3.064928e+03 2.412687e+03 
1.824545e-01 2.973246e+03 2.299635e+03 
1.874949e-01 2.882159e+03 2.193855e+03 
1.925354e-01 2.784799e+03 2.094759e+03 
1.975758e-01 2.677610e+03 2.001818e+03 
2.026162e-01 2.561560e+03 1.914551e+03 
2.076566e-01 2.441588e+03 1.832522e+03 
2.126970e-01 2.324022e+03 1.755335e+03 
2.177374e-01 2.214539e+03 1.682631e+03 
2.227778e-01 2.116847e+03 1.614081e+03 
2.278182e-01 2.032481e+03 1.549385e+03 
2.328586e-01 1.960827e+03 1.488271e+03 
2.378990e-01 1.899471e+03 1.430487e+03 
2.429394e-01 1.844985e+03 1.375805e+03 
2.479798e-01 1.793763e+03 1.324014e+03 
2.530202e-01 1.742727e+03 1.274920e+03 
2.580606e-01 1.689691e+03 1.228346e+03 
2.631010e-01 1.634018e+03 1.184127e+03 
2.681414e-01 1.576649e+03 1.142114e+03 
2.731818e-01 1.519353e+03 1.102167e+03 
2.782222e-01 1.463944e+03 1.064156e+03 
2.832626e-01 1.411801e+03 1.027963e+03 
2.883030e-01 1.363912e+03 9.934774e+02 
2.933434e-01 1.320743e+03 9.605971e+02 
2.983838e-01 1.282050e+03 9.292272e+02 
3.034242e-01 1.246937e+03 8.992795e+02 
3.084646e-01 1.214170e+03 8.706721e+02 
3.135051e-01 1.182648e+03 8.433287e+02 
3.185455e-01 1.151590e+03 8.171784e+02 
3.235859e-01 1.120473e+03 7.921550e+02 
3.286263e-01 1.089109e+03 7.681966e+02 
3.336667e-01 1.057703e+03 7.452456e+02 
3.387071e-01 1.026750e+03 7.232481e+02 
3.437475e-01 9.968456e+02 7.021537e+02 
3.487879e-01 9.684194e+02 6.819151e+02 
3.538283e-01 9.416967e+02 6.624882e+02 
3.588687e-01 9.167377e+02 6.438314e+02 
3.639091e-01 8.934341e+02 6.259058e+02 
3.689495e-01 8.715329e+02 6.086750e+02 
3.739899e-01 8.506576e+02 5.921046e+02 
3.790303e-01 8.304768e+02 5.761623e+02 
3.840707e-01 8.107463e+02 5.608178e+02 
3.891111e-01 7.913259e+02 5.460425e+02 
3.941515e-01 7.721700e+02 5.318094e+02 
3.991919e-01 7.532948e+02 5.180931e+02 
4.042323e-01 7.348151e+02 5.048698e+02 
4.092727e-01 7.169108e+02 4.921167e+02 
4.143131e-01 6.997226e+02 4.798126e+02 
4.193535e-01 6.832889e+02 4.679373e+02 
4.243939e-01 6.675845e+02 4.564716e+02 
4.294343e-01 6.525758e+02 4.453975e+02 
4.344747e-01 6.382092e+02 4.346980e+02 
4.395152e-01 6.244007e+02 4.243569e+02 
4.445556e-01 6.110147e+02 4.143588e+02 
4.495960e-01 5.979453e+02 4.046891e+02 
4.546364e-01 5.851679e+02 3.953342e+02 
4.596768e-01 5.726837e+02 3.862808e+02 
4.647172e-01 5.604882e+02 3.775167e+02 
4.697576e-01 5.485791e+02 3.690298e+02 
4.747980e-01 5.369817e+02 3.608092e+02 
4.798384e-01 5.257491e+02 3.528439e+02 
4.848788e-01 5.149103e+02 3.451240e+02 
4.899192e-01 5.044494e+02 3.376398e+02 
4.949596e-01 4.943428e+02 3.303820e+02 
5.000000e-01 4.845467e+02 3.233419e+02 
