1.000000e-03 2.426546e+03 2.426322e+03 
6.040404e-03 1.081084e+04 1.085215e+04 
1.108081e-02 1.496539e+04 1.482306e+04 
1.612121e-02 1.667329e+04 1.623014e+04 
2.116162e-02 1.694592e+04 1.620114e+04 
2.620202e-02 1.642249e+04 1.551876e+04 
3.124242e-02 1.553190e+04 1.461231e+04 
3.628283e-02 1.454779e+04 1.365391e+04 
4.132323e-02 1.361797e+04 1.270986e+04 
4.636364e-02 1.279348e+04 1.180882e+04 
5.140404e-02 1.207304e+04 1.096367e+04 
5.644444e-02 1.141445e+04 1.017925e+04 
6.148485e-02 1.077686e+04 9.455937e+03 
6.652525e-02 1.014682e+04 8.791617e+03 
7.156566e-02 9.507509e+03 8.182857e+03 
7.660606e-02 8.871158e+03 7.625627e+03 
8.164646e-02 8.266807e+03 7.115715e+03 
8.668687e-02 7.720373e+03 6.648979e+03 
9.172727e-02 7.239776e+03 6.221483e+03 
9.676768e-02 6.821631e+03 5.829561e+03 
1.018081e-01 6.460426e+03 5.469852e+03 
1.068485e-01 6.145797e+03 5.139294e+03 
1.118889e-01 5.858954e+03 4.835120e+03 
1.169293e-01 5.581361e+03 4.554838e+03 
1.219697e-01 5.303435e+03 4.296207e+03 
1.270101e-01 5.026608e+03 4.057215e+03 
1.320505e-01 4.757457e+03 3.836059e+03 
1.370909e-01 4.502614e+03 3.631120e+03 
1.421313e-01 4.267272e+03 3.440946e+03 
1.471717e-01 4.054187e+03 3.264234e+03 
1.522121e-01 3.863498e+03 3.099811e+03 
1.572525e-01 3.693469e+03 2.946626e+03 
1.622929e-01 3.540576e+03 2.803727e+03 
1.673333e-01 3.399426e+03 2.670260e+03 
1.723737e-01 3.264576e+03 2.545451e+03 
1.774141e-01 3.132874e+03 2.428603e+03 
1.824545e-01 3.004091e+03 2.319083e+03 
1.874949e-01 2.879100e+03 2.216317e+03 
1.925354e-01 2.758696e+03 2.119786e+03 
1.975758e-01 2.644119e+03 2.029016e+03 
2.026162e-01 2.537033e+03 1.943577e+03 
2.076566e-01 2.438447e+03 1.863076e+03 
2.126970e-01 2.347730e+03 1.787156e+03 
2.177374e-01 2.263343e+03 1.715489e+03 
2.227778e-01 2.183969e+03 1.647775e+03 
2.278182e-01 2.108739e+03 1.583741e+03 
2.328586e-01 2.036788e+03 1.523134e+03 
2.378990e-01 1.967256e+03 1.465724e+03 
2.429394e-01 1.899907e+03 1.411298e+03 
2.479798e-01 1.835012e+03 1.359660e+03 
2.530202e-01 1.772887e+03 1.310630e+03 
2.580606e-01 1.713685e+03 1.264042e+03 
2.631010e-01 1.657458e+03 1.219742e+03 
2.681414e-01 1.604266e+03 1.177588e+03 
2.731818e-01 1.554064e+03 1.137449e+03 
2.782222e-01 1.506508e+03 1.099202e+03 
2.832626e-01 1.461134e+03 1.062735e+03 
2.883030e-01 1.417569e+03 1.027943e+03 
2.933434e-01 1.375637e+03 9.947285e+02 
2.983838e-01 1.335307e+03 9.630005e+02 
3.034242e-01 1.296475e+03 9.326749e+02 
3.084646e-01 1.259072e+03 9.036730e+02 
3.135051e-01 1.223078e+03 8.759216e+02 
3.185455e-01 1.188529e+03 8.493521e+02 
3.235859e-01 1.155461e+03 8.239008e+02 
3.286263e-01 1.123815e+03 7.995077e+02 
3.336667e-01 1.093471e+03 7.761171e+02 
3.387071e-01 1.064310e+03 7.536765e+02 
3.437475e-01 1.036262e+03 7.321370e+02 
3.487879e-01 1.009274e+03 7.114524e+02 
3.538283e-01 9.832612e+02 6.915797e+02 
3.588687e-01 9.581363e+02 6.724783e+02 
3.639091e-01 9.338430e+02 6.541101e+02 
3.689495e-01 9.103898e+02 6.364393e+02 
3.739899e-01 8.877877e+02 6.194322e+02 
3.790303e-01 8.660018e+02 6.030570e+02 
3.840707e-01 8.449746e+02 5.872839e+02 
3.891111e-01 8.246578e+02 5.720846e+02 
3.941515e-01 8.050431e+02 5.574325e+02 
3.991919e-01 7.861160e+02 5.433026e+02 
4.042323e-01 7.678343e+02 5.296711e+02 
4.092727e-01 7.501437e+02 5.165155e+02 
4.143131e-01 7.330022e+02 5.038148e+02 
4.193535e-01 7.163985e+02 4.915489e+02 
4.243939e-01 7.003350e+02 4.796987e+02 
4.294343e-01 6.847901e+02 4.682463e+02 
4.344747e-01 6.697213e+02 4.571747e+02 
4.395152e-01 6.551038e+02 4.464676e+02 
4.445556e-01 6.409448e+02 4.361098e+02 
4.495960e-01 6.272385e+02 4.260868e+02 
4.546364e-01 6.139561e+02 4.163847e+02 
4.596768e-01 6.010606e+02 4.069904e+02 
4.647172e-01 5.885323e+02 3.978914e+02 
4.697576e-01 5.763797e+02 3.890759e+02 
4.747980e-01 5.645955e+02 3.805326e+02 
4.798384e-01 5.531499e+02 3.722507e+02 
4.848788e-01 5.420145e+02 3.642201e+02 
4.899192e-01 5.311850e+02 3.564309e+02 
4.949596e-01 5.206738e+02 3.488740e+02 
5.000000e-01 5.104708e+02 3.415404e+02 
