1.000000e-03 5.719043e+03 5.718526e+03 
6.040404e-03 2.583370e+04 2.596427e+04 
1.108081e-02 3.561117e+04 3.562613e+04 
1.612121e-02 3.871772e+04 3.850983e+04 
2.116162e-02 3.747634e+04 3.652283e+04 
2.620202e-02 3.368878e+04 3.181030e+04 
3.124242e-02 2.883221e+04 2.673722e+04 
3.628283e-02 2.400643e+04 2.250283e+04 
4.132323e-02 1.988264e+04 1.923659e+04 
4.636364e-02 1.672347e+04 1.671957e+04 
5.140404e-02 1.456650e+04 1.473071e+04 
5.644444e-02 1.323951e+04 1.311444e+04 
6.148485e-02 1.250789e+04 1.176945e+04 
6.652525e-02 1.213380e+04 1.062947e+04 
7.156566e-02 1.187829e+04 9.649693e+03 
7.660606e-02 1.154729e+04 8.798553e+03 
8.164646e-02 1.101365e+04 8.052915e+03 
8.668687e-02 1.024090e+04 7.395237e+03 
9.172727e-02 9.274524e+03 6.811836e+03 
9.676768e-02 8.213990e+03 6.291798e+03 
1.018081e-01 7.177819e+03 5.826259e+03 
1.068485e-01 6.271361e+03 5.407917e+03 
1.118889e-01 5.559952e+03 5.030689e+03 
1.169293e-01 5.061957e+03 4.689458e+03 
1.219697e-01 4.759648e+03 4.379884e+03 
1.270101e-01 4.613694e+03 4.098265e+03 
1.320505e-01 4.572907e+03 3.841422e+03 
1.370909e-01 4.578632e+03 3.606613e+03 
1.421313e-01 4.572352e+03 3.391461e+03 
1.471717e-01 4.507395e+03 3.193896e+03 
1.522121e-01 4.357458e+03 3.012111e+03 
1.572525e-01 4.119848e+03 2.844521e+03 
1.622929e-01 3.813535e+03 2.689731e+03 
1.673333e-01 3.473063e+03 2.546511e+03 
1.723737e-01 3.138610e+03 2.413772e+03 
1.774141e-01 2.844016e+03 2.290548e+03 
1.824545e-01 2.609993e+03 2.175980e+03 
1.874949e-01 2.443329e+03 2.069301e+03 
1.925354e-01 2.340853e+03 1.969827e+03 
1.975758e-01 2.291860e+03 1.876943e+03 
2.026162e-01 2.279670e+03 1.790098e+03 
2.076566e-01 2.283643e+03 1.708797e+03 
2.126970e-01 2.282989e+03 1.632592e+03 
2.177374e-01 2.260939e+03 1.561079e+03 
2.227778e-01 2.207595e+03 1.493894e+03 
2.278182e-01 2.121139e+03 1.430704e+03 
2.328586e-01 2.007215e+03 1.371210e+03 
2.378990e-01 1.876988e+03 1.315137e+03 
2.429394e-01 1.744076e+03 1.262236e+03 
2.479798e-01 1.621090e+03 1.212280e+03 
2.530202e-01 1.517460e+03 1.165062e+03 
2.580606e-01 1.438355e+03 1.120390e+03 
2.631010e-01 1.384418e+03 1.078091e+03 
2.681414e-01 1.352503e+03 1.038005e+03 
2.731818e-01 1.336618e+03 9.999852e+02 
2.782222e-01 1.329394e+03 9.638957e+02 
2.832626e-01 1.323266e+03 9.296123e+02 
2.883030e-01 1.311504e+03 8.970204e+02 
2.933434e-01 1.289269e+03 8.660137e+02 
2.983838e-01 1.254373e+03 8.364943e+02 
3.034242e-01 1.207740e+03 8.083715e+02 
3.084646e-01 1.152795e+03 7.815613e+02 
3.135051e-01 1.094350e+03 7.559857e+02 
3.185455e-01 1.037320e+03 7.315724e+02 
3.235859e-01 9.859149e+02 7.082542e+02 
3.286263e-01 9.430155e+02 6.859685e+02 
3.336667e-01 9.098879e+02 6.646572e+02 
3.387071e-01 8.862052e+02 6.442659e+02 
3.437475e-01 8.702493e+02 6.247441e+02 
3.487879e-01 8.594389e+02 6.060445e+02 
3.538283e-01 8.508454e+02 5.881231e+02 
3.588687e-01 8.416102e+02 5.709385e+02 
3.639091e-01 8.294305e+02 5.544522e+02 
3.689495e-01 8.129067e+02 5.386279e+02 
3.739899e-01 7.917357e+02 5.234317e+02 
3.790303e-01 7.666474e+02 5.088319e+02 
3.840707e-01 7.390930e+02 4.947987e+02 
3.891111e-01 7.108845e+02 4.813038e+02 
3.941515e-01 6.838245e+02 4.683211e+02 
3.991919e-01 6.594033e+02 4.558257e+02 
4.042323e-01 6.386229e+02 4.437942e+02 
4.092727e-01 6.217728e+02 4.322047e+02 
4.143131e-01 6.085514e+02 4.210364e+02 
4.193535e-01 5.981506e+02 4.102698e+02 
4.243939e-01 5.895368e+02 3.998865e+02 
4.294343e-01 5.815923e+02 3.898690e+02 
4.344747e-01 5.732727e+02 3.802008e+02 
4.395152e-01 5.637590e+02 3.708664e+02 
4.445556e-01 5.525844e+02 3.618511e+02 
4.495960e-01 5.397376e+02 3.531409e+02 
4.546364e-01 5.255931e+02 3.447227e+02 
4.596768e-01 5.107468e+02 3.365839e+02 
4.647172e-01 4.958776e+02 3.287126e+02 
4.697576e-01 4.816365e+02 3.210977e+02 
4.747980e-01 4.685671e+02 3.137285e+02 
4.798384e-01 4.570238e+02 3.065948e+02 
4.848788e-01 4.471024e+02 2.996870e+02 
4.899192e-01 4.386325e+02 2.929959e+02 
4.949596e-01 4.312612e+02 2.865130e+02 
5.000000e-01 4.245931e+02 2.802298e+02 
