1.000000e-03 2.659692e+03 2.659449e+03 
6.040404e-03 1.193446e+04 1.197963e+04 
1.108081e-02 1.645049e+04 1.630337e+04 
1.612121e-02 1.819352e+04 1.772951e+04 
2.116162e-02 1.831297e+04 1.752482e+04 
2.620202e-02 1.755148e+04 1.661326e+04 
3.124242e-02 1.641467e+04 1.550416e+04 
3.628283e-02 1.522386e+04 1.438427e+04 
4.132323e-02 1.414877e+04 1.331300e+04 
4.636364e-02 1.323123e+04 1.231055e+04 
5.140404e-02 1.247717e+04 1.138340e+04 
5.644444e-02 1.179851e+04 1.053190e+04 
6.148485e-02 1.115216e+04 9.753226e+03 
6.652525e-02 1.049558e+04 9.042881e+03 
7.156566e-02 9.814515e+03 8.395641e+03 
7.660606e-02 9.124107e+03 7.806081e+03 
8.164646e-02 8.461538e+03 7.268891e+03 
8.668687e-02 7.859742e+03 6.779054e+03 
9.172727e-02 7.333952e+03 6.331928e+03 
9.676768e-02 6.887599e+03 5.923276e+03 
1.018081e-01 6.516539e+03 5.549267e+03 
1.068485e-01 6.204558e+03 5.206457e+03 
1.118889e-01 5.925365e+03 4.891761e+03 
1.169293e-01 5.653946e+03 4.602425e+03 
1.219697e-01 5.377870e+03 4.335988e+03 
1.270101e-01 5.096531e+03 4.090255e+03 
1.320505e-01 4.815916e+03 3.863269e+03 
1.370909e-01 4.544918e+03 3.653283e+03 
1.421313e-01 4.292520e+03 3.458734e+03 
1.471717e-01 4.065117e+03 3.278226e+03 
1.522121e-01 3.865051e+03 3.110509e+03 
1.572525e-01 3.690959e+03 2.954462e+03 
1.622929e-01 3.538644e+03 2.809078e+03 
1.673333e-01 3.401141e+03 2.673452e+03 
1.723737e-01 3.270795e+03 2.546770e+03 
1.774141e-01 3.142708e+03 2.428295e+03 
1.824545e-01 3.015135e+03 2.317365e+03 
1.874949e-01 2.888420e+03 2.213379e+03 
1.925354e-01 2.764111e+03 2.115793e+03 
1.975758e-01 2.644641e+03 2.024113e+03 
2.026162e-01 2.532887e+03 1.937892e+03 
2.076566e-01 2.430469e+03 1.856720e+03 
2.126970e-01 2.337271e+03 1.780227e+03 
2.177374e-01 2.252177e+03 1.708074e+03 
2.227778e-01 2.173706e+03 1.639950e+03 
2.278182e-01 2.100129e+03 1.575572e+03 
2.328586e-01 2.029670e+03 1.514680e+03 
2.378990e-01 1.961128e+03 1.457037e+03 
2.429394e-01 1.894195e+03 1.402424e+03 
2.479798e-01 1.829044e+03 1.350639e+03 
2.530202e-01 1.765912e+03 1.301497e+03 
2.580606e-01 1.705201e+03 1.254828e+03 
2.631010e-01 1.647571e+03 1.210475e+03 
2.681414e-01 1.593546e+03 1.168292e+03 
2.731818e-01 1.543030e+03 1.128144e+03 
2.782222e-01 1.495462e+03 1.089907e+03 
2.832626e-01 1.450299e+03 1.053467e+03 
2.883030e-01 1.407211e+03 1.018715e+03 
2.933434e-01 1.365928e+03 9.855531e+02 
2.983838e-01 1.326094e+03 9.538885e+02 
3.034242e-01 1.287407e+03 9.236355e+02 
3.084646e-01 1.249858e+03 8.947142e+02 
3.135051e-01 1.213661e+03 8.670502e+02 
3.185455e-01 1.178935e+03 8.405740e+02 
3.235859e-01 1.145671e+03 8.152208e+02 
3.286263e-01 1.113829e+03 7.909300e+02 
3.336667e-01 1.083395e+03 7.676451e+02 
3.387071e-01 1.054346e+03 7.453130e+02 
3.437475e-01 1.026566e+03 7.238842e+02 
3.487879e-01 9.998366e+02 7.033121e+02 
3.538283e-01 9.740030e+02 6.835532e+02 
3.588687e-01 9.490173e+02 6.645665e+02 
3.639091e-01 9.248739e+02 6.463136e+02 
3.689495e-01 9.015507e+02 6.287584e+02 
3.739899e-01 8.789992e+02 6.118668e+02 
3.790303e-01 8.571962e+02 5.956070e+02 
3.840707e-01 8.361727e+02 5.799487e+02 
3.891111e-01 8.159454e+02 5.648637e+02 
3.941515e-01 7.964486e+02 5.503251e+02 
3.991919e-01 7.776247e+02 5.363077e+02 
4.042323e-01 7.594390e+02 5.227878e+02 
4.092727e-01 7.418730e+02 5.097426e+02 
4.143131e-01 7.248914e+02 4.971511e+02 
4.193535e-01 7.084386e+02 4.849930e+02 
4.243939e-01 6.924777e+02 4.732493e+02 
4.294343e-01 6.770042e+02 4.619019e+02 
4.344747e-01 6.620197e+02 4.509339e+02 
4.395152e-01 6.475151e+02 4.403289e+02 
4.445556e-01 6.334519e+02 4.300717e+02 
4.495960e-01 6.198184e+02 4.201477e+02 
4.546364e-01 6.066152e+02 4.105430e+02 
4.596768e-01 5.938213e+02 4.012445e+02 
4.647172e-01 5.814194e+02 3.922398e+02 
4.697576e-01 5.693701e+02 3.835169e+02 
4.747980e-01 5.576690e+02 3.750647e+02 
4.798384e-01 5.463104e+02 3.668723e+02 
4.848788e-01 5.352820e+02 3.589295e+02 
4.899192e-01 5.245653e+02 3.512267e+02 
4.949596e-01 5.141407e+02 3.437546e+02 
5.000000e-01 5.040014e+02 3.365042e+02 
