1.000000e-03 5.685119e+03 5.684593e+03 
6.040404e-03 2.555308e+04 2.567790e+04 
1.108081e-02 3.516288e+04 3.516483e+04 
1.612121e-02 3.818123e+04 3.794242e+04 
2.116162e-02 3.692136e+04 3.592048e+04 
2.620202e-02 3.317271e+04 3.127407e+04 
3.124242e-02 2.840028e+04 2.633315e+04 
3.628283e-02 2.368543e+04 2.222771e+04 
4.132323e-02 1.967993e+04 1.905699e+04 
4.636364e-02 1.663029e+04 1.660351e+04 
5.140404e-02 1.456493e+04 1.465561e+04 
5.644444e-02 1.330131e+04 1.306582e+04 
6.148485e-02 1.260469e+04 1.173821e+04 
6.652525e-02 1.223559e+04 1.060985e+04 
7.156566e-02 1.195734e+04 9.637975e+03 
7.660606e-02 1.158050e+04 8.792298e+03 
8.164646e-02 1.099114e+04 8.050480e+03 
8.668687e-02 1.016870e+04 7.395495e+03 
9.172727e-02 9.171017e+03 6.813999e+03 
9.676768e-02 8.102754e+03 6.295305e+03 
1.018081e-01 7.082057e+03 5.830707e+03 
1.068485e-01 6.208618e+03 5.413012e+03 
1.118889e-01 5.539174e+03 5.036215e+03 
1.169293e-01 5.083318e+03 4.695255e+03 
1.219697e-01 4.816243e+03 4.385833e+03 
1.270101e-01 4.694129e+03 4.104277e+03 
1.320505e-01 4.662590e+03 3.847432e+03 
1.370909e-01 4.661546e+03 3.612571e+03 
1.421313e-01 4.634047e+03 3.397331e+03 
1.471717e-01 4.537930e+03 3.199652e+03 
1.522121e-01 4.353890e+03 3.017734e+03 
1.572525e-01 4.086742e+03 2.849997e+03 
1.622929e-01 3.761538e+03 2.695052e+03 
1.673333e-01 3.416165e+03 2.551672e+03 
1.723737e-01 3.089957e+03 2.418770e+03 
1.774141e-01 2.812835e+03 2.295383e+03 
1.824545e-01 2.600708e+03 2.180653e+03 
1.874949e-01 2.456449e+03 2.073815e+03 
1.925354e-01 2.373452e+03 1.974183e+03 
1.975758e-01 2.338169e+03 1.881146e+03 
2.026162e-01 2.331630e+03 1.794152e+03 
2.076566e-01 2.332374e+03 1.712705e+03 
2.126970e-01 2.320685e+03 1.636360e+03 
2.177374e-01 2.282373e+03 1.564712e+03 
2.227778e-01 2.211013e+03 1.497395e+03 
2.278182e-01 2.108368e+03 1.434080e+03 
2.328586e-01 1.983211e+03 1.374464e+03 
2.378990e-01 1.848491e+03 1.318274e+03 
2.429394e-01 1.717790e+03 1.265261e+03 
2.479798e-01 1.602376e+03 1.215198e+03 
2.530202e-01 1.509628e+03 1.167876e+03 
2.580606e-01 1.442454e+03 1.123105e+03 
2.631010e-01 1.399438e+03 1.080710e+03 
2.681414e-01 1.375621e+03 1.040533e+03 
2.731818e-01 1.363876e+03 1.002425e+03 
2.782222e-01 1.356392e+03 9.662510e+02 
2.832626e-01 1.345978e+03 9.318868e+02 
2.883030e-01 1.326892e+03 8.992172e+02 
2.933434e-01 1.295742e+03 8.681361e+02 
2.983838e-01 1.252190e+03 8.385453e+02 
3.034242e-01 1.198799e+03 8.103539e+02 
3.084646e-01 1.140122e+03 7.834779e+02 
3.135051e-01 1.081272e+03 7.578392e+02 
3.185455e-01 1.026780e+03 7.333652e+02 
3.235859e-01 9.800107e+02 7.099887e+02 
3.286263e-01 9.428177e+02 6.876471e+02 
3.336667e-01 9.154273e+02 6.662820e+02 
3.387071e-01 8.965129e+02 6.458391e+02 
3.437475e-01 8.836145e+02 6.262677e+02 
3.487879e-01 8.737676e+02 6.075204e+02 
3.538283e-01 8.640277e+02 5.895531e+02 
3.588687e-01 8.519144e+02 5.723244e+02 
3.639091e-01 8.357693e+02 5.557955e+02 
3.689495e-01 8.149930e+02 5.399304e+02 
3.739899e-01 7.900390e+02 5.246949e+02 
3.790303e-01 7.622767e+02 5.100573e+02 
3.840707e-01 7.335319e+02 4.959876e+02 
3.891111e-01 7.056360e+02 4.824576e+02 
3.941515e-01 6.801720e+02 4.694411e+02 
3.991919e-01 6.581886e+02 4.569130e+02 
4.042323e-01 6.401700e+02 4.448501e+02 
4.092727e-01 6.259054e+02 4.332303e+02 
4.143131e-01 6.146450e+02 4.220328e+02 
4.193535e-01 6.053309e+02 4.112381e+02 
4.243939e-01 5.968131e+02 4.008275e+02 
4.294343e-01 5.880466e+02 3.907837e+02 
4.344747e-01 5.781913e+02 3.810902e+02 
4.395152e-01 5.667453e+02 3.717314e+02 
4.445556e-01 5.536256e+02 3.626924e+02 
4.495960e-01 5.391591e+02 3.539594e+02 
4.546364e-01 5.239625e+02 3.455191e+02 
4.596768e-01 5.087498e+02 3.373590e+02 
4.647172e-01 4.941644e+02 3.294671e+02 
4.697576e-01 4.807438e+02 3.218323e+02 
4.747980e-01 4.688348e+02 3.144438e+02 
4.798384e-01 4.585560e+02 3.072914e+02 
4.848788e-01 4.497593e+02 3.003656e+02 
4.899192e-01 4.420872e+02 2.936570e+02 
4.949596e-01 4.351010e+02 2.871572e+02 
5.000000e-01 4.283656e+02 2.808576e+02 
