1.000000e-03 2.797809e+03 2.797548e+03 
6.040404e-03 1.231245e+04 1.235887e+04 
1.108081e-02 1.690409e+04 1.675750e+04 
1.612121e-02 1.865514e+04 1.818894e+04 
2.116162e-02 1.873946e+04 1.793671e+04 
2.620202e-02 1.791692e+04 1.695361e+04 
3.124242e-02 1.670872e+04 1.577865e+04 
3.628283e-02 1.544984e+04 1.460742e+04 
4.132323e-02 1.431973e+04 1.349733e+04 
4.636364e-02 1.336310e+04 1.246503e+04 
5.140404e-02 1.259227e+04 1.151435e+04 
5.644444e-02 1.191115e+04 1.064387e+04 
6.148485e-02 1.126688e+04 9.849569e+03 
6.652525e-02 1.061713e+04 9.126191e+03 
7.156566e-02 9.937010e+03 8.467953e+03 
7.660606e-02 9.237346e+03 7.869031e+03 
8.164646e-02 8.555861e+03 7.323816e+03 
8.668687e-02 7.930522e+03 6.827057e+03 
9.172727e-02 7.381539e+03 6.373931e+03 
9.676768e-02 6.915213e+03 5.960057e+03 
1.018081e-01 6.529911e+03 5.581485e+03 
1.068485e-01 6.211979e+03 5.234674e+03 
1.118889e-01 5.935242e+03 4.916461e+03 
1.169293e-01 5.671926e+03 4.624023e+03 
1.219697e-01 5.404522e+03 4.354844e+03 
1.270101e-01 5.128809e+03 4.106683e+03 
1.320505e-01 4.849412e+03 3.877541e+03 
1.370909e-01 4.574834e+03 3.665637e+03 
1.421313e-01 4.314950e+03 3.469379e+03 
1.471717e-01 4.078037e+03 3.287348e+03 
1.522121e-01 3.868794e+03 3.118269e+03 
1.572525e-01 3.687807e+03 2.961003e+03 
1.622929e-01 3.531802e+03 2.814528e+03 
1.673333e-01 3.394181e+03 2.677924e+03 
1.723737e-01 3.266578e+03 2.550363e+03 
1.774141e-01 3.142436e+03 2.431100e+03 
1.824545e-01 3.018630e+03 2.319461e+03 
1.874949e-01 2.894446e+03 2.214837e+03 
1.925354e-01 2.770667e+03 2.116678e+03 
1.975758e-01 2.649617e+03 2.024482e+03 
2.026162e-01 2.534713e+03 1.937796e+03 
2.076566e-01 2.428734e+03 1.856207e+03 
2.126970e-01 2.332503e+03 1.779337e+03 
2.177374e-01 2.245248e+03 1.706845e+03 
2.227778e-01 2.165733e+03 1.638417e+03 
2.278182e-01 2.092349e+03 1.573765e+03 
2.328586e-01 2.023091e+03 1.512628e+03 
2.378990e-01 1.956111e+03 1.454764e+03 
2.429394e-01 1.890424e+03 1.399953e+03 
2.479798e-01 1.825974e+03 1.347991e+03 
2.530202e-01 1.763015e+03 1.298691e+03 
2.580606e-01 1.701928e+03 1.251881e+03 
2.631010e-01 1.643359e+03 1.207402e+03 
2.681414e-01 1.588086e+03 1.165107e+03 
2.731818e-01 1.536506e+03 1.124860e+03 
2.782222e-01 1.488364e+03 1.086537e+03 
2.832626e-01 1.443067e+03 1.050020e+03 
2.883030e-01 1.400103e+03 1.015202e+03 
2.933434e-01 1.359105e+03 9.819819e+02 
2.983838e-01 1.319710e+03 9.502677e+02 
3.034242e-01 1.281523e+03 9.199725e+02 
3.084646e-01 1.244321e+03 8.910158e+02 
3.135051e-01 1.208159e+03 8.633224e+02 
3.185455e-01 1.173236e+03 8.368225e+02 
3.235859e-01 1.139733e+03 8.114507e+02 
3.286263e-01 1.107671e+03 7.871459e+02 
3.336667e-01 1.077014e+03 7.638513e+02 
3.387071e-01 1.047765e+03 7.415135e+02 
3.437475e-01 1.019889e+03 7.200824e+02 
3.487879e-01 9.932406e+02 6.995113e+02 
3.538283e-01 9.676035e+02 6.797563e+02 
3.588687e-01 9.428043e+02 6.607762e+02 
3.639091e-01 9.187818e+02 6.425323e+02 
3.689495e-01 8.955410e+02 6.249883e+02 
3.739899e-01 8.730651e+02 6.081099e+02 
3.790303e-01 8.513087e+02 5.918652e+02 
3.840707e-01 8.302596e+02 5.762236e+02 
3.891111e-01 8.099561e+02 5.611568e+02 
3.941515e-01 7.904204e+02 5.466378e+02 
3.991919e-01 7.716090e+02 5.326412e+02 
4.042323e-01 7.534723e+02 5.191430e+02 
4.092727e-01 7.359518e+02 5.061207e+02 
4.143131e-01 7.190177e+02 4.935529e+02 
4.193535e-01 7.026395e+02 4.814193e+02 
4.243939e-01 6.867746e+02 4.697008e+02 
4.294343e-01 6.713808e+02 4.583792e+02 
4.344747e-01 6.564348e+02 4.474375e+02 
4.395152e-01 6.419550e+02 4.368593e+02 
4.445556e-01 6.279335e+02 4.266293e+02 
4.495960e-01 6.143452e+02 4.167328e+02 
4.546364e-01 6.011697e+02 4.071559e+02 
4.596768e-01 5.883953e+02 3.978855e+02 
4.647172e-01 5.760179e+02 3.889090e+02 
4.697576e-01 5.640293e+02 3.802146e+02 
4.747980e-01 5.523982e+02 3.717909e+02 
4.798384e-01 5.410915e+02 3.636271e+02 
4.848788e-01 5.301040e+02 3.557130e+02 
4.899192e-01 5.194332e+02 3.480389e+02 
4.949596e-01 5.090672e+02 3.405954e+02 
5.000000e-01 4.989853e+02 3.333738e+02 
