1.000000e-03 4.103804e+03 4.103414e+03 
6.040404e-03 1.795805e+04 1.803221e+04 
1.108081e-02 2.434179e+04 2.422575e+04 
1.612121e-02 2.630331e+04 2.583870e+04 
2.116162e-02 2.561357e+04 2.463060e+04 
2.620202e-02 2.351175e+04 2.223949e+04 
3.124242e-02 2.090816e+04 1.979945e+04 
3.628283e-02 1.841041e+04 1.767497e+04 
4.132323e-02 1.634312e+04 1.587474e+04 
4.636364e-02 1.478681e+04 1.433690e+04 
5.140404e-02 1.372226e+04 1.300660e+04 
5.644444e-02 1.297896e+04 1.184411e+04 
6.148485e-02 1.240262e+04 1.082069e+04 
6.652525e-02 1.183729e+04 9.914712e+03 
7.156566e-02 1.118489e+04 9.109170e+03 
7.660606e-02 1.040883e+04 8.390277e+03 
8.164646e-02 9.538940e+03 7.746605e+03 
8.668687e-02 8.646039e+03 7.168547e+03 
9.172727e-02 7.806030e+03 6.647950e+03 
9.676768e-02 7.081187e+03 6.177846e+03 
1.018081e-01 6.508994e+03 5.752253e+03 
1.068485e-01 6.093970e+03 5.366012e+03 
1.118889e-01 5.808977e+03 5.014660e+03 
1.169293e-01 5.608150e+03 4.694321e+03 
1.219697e-01 5.442742e+03 4.401624e+03 
1.270101e-01 5.270796e+03 4.133622e+03 
1.320505e-01 5.062792e+03 3.887739e+03 
1.370909e-01 4.807992e+03 3.661712e+03 
1.421313e-01 4.514929e+03 3.453551e+03 
1.471717e-01 4.204280e+03 3.261500e+03 
1.522121e-01 3.900388e+03 3.084007e+03 
1.572525e-01 3.625412e+03 2.919696e+03 
1.622929e-01 3.395902e+03 2.767344e+03 
1.673333e-01 3.218361e+03 2.625864e+03 
1.723737e-01 3.087552e+03 2.494285e+03 
1.774141e-01 2.990519e+03 2.371740e+03 
1.824545e-01 2.912096e+03 2.257450e+03 
1.874949e-01 2.838041e+03 2.150718e+03 
1.925354e-01 2.756490e+03 2.050917e+03 
1.975758e-01 2.659855e+03 1.957480e+03 
2.026162e-01 2.546955e+03 1.869897e+03 
2.076566e-01 2.422839e+03 1.787707e+03 
2.126970e-01 2.295785e+03 1.710491e+03 
2.177374e-01 2.174106e+03 1.637870e+03 
2.227778e-01 2.064439e+03 1.569498e+03 
2.278182e-01 1.970773e+03 1.505063e+03 
2.328586e-01 1.894166e+03 1.444279e+03 
2.378990e-01 1.832707e+03 1.386882e+03 
2.429394e-01 1.782387e+03 1.332636e+03 
2.479798e-01 1.738092e+03 1.281322e+03 
2.530202e-01 1.694746e+03 1.232738e+03 
2.580606e-01 1.648471e+03 1.186702e+03 
2.631010e-01 1.597405e+03 1.143044e+03 
2.681414e-01 1.541842e+03 1.101608e+03 
2.731818e-01 1.483524e+03 1.062251e+03 
2.782222e-01 1.424869e+03 1.024841e+03 
2.832626e-01 1.368492e+03 9.892554e+02 
2.883030e-01 1.316611e+03 9.553819e+02 
2.933434e-01 1.270586e+03 9.231157e+02 
2.983838e-01 1.230679e+03 8.923600e+02 
3.034242e-01 1.196091e+03 8.630250e+02 
3.084646e-01 1.165432e+03 8.350274e+02 
3.135051e-01 1.137090e+03 8.082897e+02 
3.185455e-01 1.109472e+03 7.827398e+02 
3.235859e-01 1.081361e+03 7.583107e+02 
3.286263e-01 1.052114e+03 7.349398e+02 
3.336667e-01 1.021775e+03 7.125689e+02 
3.387071e-01 9.908744e+02 6.911436e+02 
3.437475e-01 9.601806e+02 6.706128e+02 
3.487879e-01 9.305450e+02 6.509293e+02 
3.538283e-01 9.026836e+02 6.320483e+02 
3.588687e-01 8.770162e+02 6.139283e+02 
3.639091e-01 8.536000e+02 5.965302e+02 
3.689495e-01 8.321793e+02 5.798173e+02 
3.739899e-01 8.123499e+02 5.637553e+02 
3.790303e-01 7.936338e+02 5.483119e+02 
3.840707e-01 7.755071e+02 5.334567e+02 
3.891111e-01 7.575333e+02 5.191612e+02 
3.941515e-01 7.394581e+02 5.053984e+02 
3.991919e-01 7.212639e+02 4.921431e+02 
4.042323e-01 7.031372e+02 4.793713e+02 
4.092727e-01 6.853005e+02 4.670607e+02 
4.143131e-01 6.679776e+02 4.551899e+02 
4.193535e-01 6.513654e+02 4.437389e+02 
4.243939e-01 6.356222e+02 4.326887e+02 
4.294343e-01 6.208193e+02 4.220215e+02 
4.344747e-01 6.068896e+02 4.117203e+02 
4.395152e-01 5.936718e+02 4.017691e+02 
4.445556e-01 5.809927e+02 3.921526e+02 
4.495960e-01 5.687154e+02 3.828566e+02 
4.546364e-01 5.567161e+02 3.738673e+02 
4.596768e-01 5.448893e+02 3.651719e+02 
4.647172e-01 5.331835e+02 3.567580e+02 
4.697576e-01 5.216171e+02 3.486141e+02 
4.747980e-01 5.102832e+02 3.407290e+02 
4.798384e-01 4.992567e+02 3.330923e+02 
4.848788e-01 4.885798e+02 3.256939e+02 
4.899192e-01 4.782944e+02 3.185244e+02 
4.949596e-01 4.684285e+02 3.115747e+02 
5.000000e-01 4.589719e+02 3.048361e+02 
