1.000000e-03 3.171201e+03 3.170903e+03 
6.040404e-03 1.370242e+04 1.375396e+04 
1.108081e-02 1.857594e+04 1.841160e+04 
1.612121e-02 2.028771e+04 1.977245e+04 
2.116162e-02 2.019465e+04 1.931886e+04 
2.620202e-02 1.915236e+04 1.812005e+04 
3.124242e-02 1.773643e+04 1.675771e+04 
3.628283e-02 1.630637e+04 1.543105e+04 
4.132323e-02 1.504674e+04 1.419249e+04 
4.636364e-02 1.399540e+04 1.305363e+04 
5.140404e-02 1.315435e+04 1.201419e+04 
5.644444e-02 1.241357e+04 1.106949e+04 
6.148485e-02 1.171527e+04 1.021291e+04 
6.652525e-02 1.100490e+04 9.437087e+03 
7.156566e-02 1.026658e+04 8.734530e+03 
7.660606e-02 9.515528e+03 8.098027e+03 
8.164646e-02 8.790599e+03 7.520838e+03 
8.668687e-02 8.129195e+03 6.996788e+03 
9.172727e-02 7.552657e+03 6.520296e+03 
9.676768e-02 7.068370e+03 6.086356e+03 
1.018081e-01 6.672675e+03 5.690504e+03 
1.068485e-01 6.346120e+03 5.328773e+03 
1.118889e-01 6.058256e+03 4.997645e+03 
1.169293e-01 5.781252e+03 4.694001e+03 
1.219697e-01 5.499546e+03 4.415077e+03 
1.270101e-01 5.209629e+03 4.158425e+03 
1.320505e-01 4.916115e+03 3.921870e+03 
1.370909e-01 4.629172e+03 3.703483e+03 
1.421313e-01 4.360483e+03 3.501547e+03 
1.471717e-01 4.118288e+03 3.314533e+03 
1.522121e-01 3.905759e+03 3.141078e+03 
1.572525e-01 3.722446e+03 2.979964e+03 
1.622929e-01 3.564663e+03 2.830100e+03 
1.673333e-01 3.424977e+03 2.690510e+03 
1.723737e-01 3.294378e+03 2.560316e+03 
1.774141e-01 3.166044e+03 2.438730e+03 
1.824545e-01 3.037422e+03 2.325040e+03 
1.874949e-01 2.908555e+03 2.218605e+03 
1.925354e-01 2.780917e+03 2.118846e+03 
1.975758e-01 2.657120e+03 2.025238e+03 
2.026162e-01 2.540382e+03 1.937305e+03 
2.076566e-01 2.433261e+03 1.854615e+03 
2.126970e-01 2.336437e+03 1.776776e+03 
2.177374e-01 2.248960e+03 1.703429e+03 
2.227778e-01 2.169165e+03 1.634249e+03 
2.278182e-01 2.094968e+03 1.568936e+03 
2.328586e-01 2.024364e+03 1.507220e+03 
2.378990e-01 1.955943e+03 1.448849e+03 
2.429394e-01 1.888993e+03 1.393596e+03 
2.479798e-01 1.823306e+03 1.341249e+03 
2.530202e-01 1.759071e+03 1.291617e+03 
2.580606e-01 1.696979e+03 1.244521e+03 
2.631010e-01 1.638019e+03 1.199796e+03 
2.681414e-01 1.582764e+03 1.157293e+03 
2.731818e-01 1.531153e+03 1.116872e+03 
2.782222e-01 1.482789e+03 1.078403e+03 
2.832626e-01 1.437245e+03 1.041766e+03 
2.883030e-01 1.394121e+03 1.006853e+03 
2.933434e-01 1.352909e+03 9.735587e+02 
2.983838e-01 1.313067e+03 9.417892e+02 
3.034242e-01 1.274329e+03 9.114555e+02 
3.084646e-01 1.236714e+03 8.824755e+02 
3.135051e-01 1.200348e+03 8.547724e+02 
3.185455e-01 1.165306e+03 8.282748e+02 
3.235859e-01 1.131639e+03 8.029161e+02 
3.286263e-01 1.099470e+03 7.786341e+02 
3.336667e-01 1.068852e+03 7.553707e+02 
3.387071e-01 1.039693e+03 7.330716e+02 
3.437475e-01 1.011835e+03 7.116861e+02 
3.487879e-01 9.850959e+02 6.911664e+02 
3.538283e-01 9.593434e+02 6.714680e+02 
3.588687e-01 9.344897e+02 6.525492e+02 
3.639091e-01 9.104297e+02 6.343705e+02 
3.689495e-01 8.871079e+02 6.168953e+02 
3.739899e-01 8.645473e+02 6.000888e+02 
3.790303e-01 8.427751e+02 5.839184e+02 
3.840707e-01 8.217829e+02 5.683536e+02 
3.891111e-01 8.015330e+02 5.533653e+02 
3.941515e-01 7.820140e+02 5.389264e+02 
3.991919e-01 7.632352e+02 5.250113e+02 
4.042323e-01 7.451508e+02 5.115957e+02 
4.092727e-01 7.276987e+02 4.986567e+02 
4.143131e-01 7.107970e+02 4.861728e+02 
4.193535e-01 6.944176e+02 4.741236e+02 
4.243939e-01 6.785681e+02 4.624898e+02 
4.294343e-01 6.632242e+02 4.512530e+02 
4.344747e-01 6.483391e+02 4.403961e+02 
4.395152e-01 6.338974e+02 4.299025e+02 
4.445556e-01 6.199077e+02 4.197569e+02 
4.495960e-01 6.063777e+02 4.099445e+02 
4.546364e-01 5.932837e+02 4.004513e+02 
4.596768e-01 5.805811e+02 3.912640e+02 
4.647172e-01 5.682607e+02 3.823702e+02 
4.697576e-01 5.563221e+02 3.737577e+02 
4.747980e-01 5.447471e+02 3.654153e+02 
4.798384e-01 5.335165e+02 3.573321e+02 
4.848788e-01 5.225865e+02 3.494979e+02 
4.899192e-01 5.119656e+02 3.419027e+02 
4.949596e-01 5.016579e+02 3.345375e+02 
5.000000e-01 4.916422e+02 3.273931e+02 
