1.000000e-03 7.763739e+03 7.762987e+03 
6.040404e-03 3.397250e+04 3.413968e+04 
1.108081e-02 4.558886e+04 4.562967e+04 
1.612121e-02 4.825637e+04 4.801845e+04 
2.116162e-02 4.537003e+04 4.409920e+04 
2.620202e-02 3.949271e+04 3.709289e+04 
3.124242e-02 3.265537e+04 3.022248e+04 
3.628283e-02 2.627674e+04 2.481768e+04 
4.132323e-02 2.112374e+04 2.081633e+04 
4.636364e-02 1.740110e+04 1.782307e+04 
5.140404e-02 1.503918e+04 1.551113e+04 
5.644444e-02 1.372296e+04 1.366661e+04 
6.148485e-02 1.310486e+04 1.215529e+04 
6.652525e-02 1.284881e+04 1.089141e+04 
7.156566e-02 1.266465e+04 9.817881e+03 
7.660606e-02 1.231043e+04 8.895055e+03 
8.164646e-02 1.164018e+04 8.094229e+03 
8.668687e-02 1.064340e+04 7.393903e+03 
9.172727e-02 9.425286e+03 6.777507e+03 
9.676768e-02 8.147528e+03 6.231979e+03 
1.018081e-01 6.968342e+03 5.746833e+03 
1.068485e-01 6.001794e+03 5.313522e+03 
1.118889e-01 5.300693e+03 4.925000e+03 
1.169293e-01 4.863583e+03 4.575397e+03 
1.219697e-01 4.651495e+03 4.259783e+03 
1.270101e-01 4.602594e+03 3.973986e+03 
1.320505e-01 4.642280e+03 3.714455e+03 
1.370909e-01 4.694072e+03 3.478148e+03 
1.421313e-01 4.691413e+03 3.262449e+03 
1.471717e-01 4.588025e+03 3.065095e+03 
1.522121e-01 4.365336e+03 2.884121e+03 
1.572525e-01 4.038036e+03 2.717816e+03 
1.622929e-01 3.649770e+03 2.564682e+03 
1.673333e-01 3.255723e+03 2.423406e+03 
1.723737e-01 2.902887e+03 2.292830e+03 
1.774141e-01 2.620052e+03 2.171933e+03 
1.824545e-01 2.419196e+03 2.059811e+03 
1.874949e-01 2.299788e+03 1.955659e+03 
1.925354e-01 2.250414e+03 1.858762e+03 
1.975758e-01 2.250068e+03 1.768483e+03 
2.026162e-01 2.272140e+03 1.684251e+03 
2.076566e-01 2.290348e+03 1.605554e+03 
2.126970e-01 2.283327e+03 1.531932e+03 
2.177374e-01 2.237236e+03 1.462971e+03 
2.227778e-01 2.147916e+03 1.398298e+03 
2.278182e-01 2.022033e+03 1.337576e+03 
2.328586e-01 1.874757e+03 1.280498e+03 
2.378990e-01 1.724324e+03 1.226788e+03 
2.429394e-01 1.586793e+03 1.176194e+03 
2.479798e-01 1.473470e+03 1.128487e+03 
2.530202e-01 1.390286e+03 1.083459e+03 
2.580606e-01 1.337756e+03 1.040917e+03 
2.631010e-01 1.311438e+03 1.000689e+03 
2.681414e-01 1.303375e+03 9.626135e+02 
2.731818e-01 1.304104e+03 9.265455e+02 
2.782222e-01 1.304284e+03 8.923503e+02 
2.832626e-01 1.295856e+03 8.599042e+02 
2.883030e-01 1.273149e+03 8.290938e+02 
2.933434e-01 1.234133e+03 7.998140e+02 
2.983838e-01 1.180934e+03 7.719684e+02 
3.034242e-01 1.118798e+03 7.454675e+02 
3.084646e-01 1.054159e+03 7.202287e+02 
3.135051e-01 9.930211e+02 6.961757e+02 
3.185455e-01 9.400663e+02 6.732375e+02 
3.235859e-01 8.982444e+02 6.513483e+02 
3.286263e-01 8.683714e+02 6.304471e+02 
3.336667e-01 8.492608e+02 6.104771e+02 
3.387071e-01 8.381560e+02 5.913855e+02 
3.437475e-01 8.315108e+02 5.731230e+02 
3.487879e-01 8.256820e+02 5.556438e+02 
3.538283e-01 8.174106e+02 5.389052e+02 
3.588687e-01 8.043254e+02 5.228670e+02 
3.639091e-01 7.853320e+02 5.074919e+02 
3.689495e-01 7.607780e+02 4.927451e+02 
3.739899e-01 7.322180e+02 4.785937e+02 
3.790303e-01 7.018552e+02 4.650071e+02 
3.840707e-01 6.720307e+02 4.519565e+02 
3.891111e-01 6.448122e+02 4.394151e+02 
3.941515e-01 6.216451e+02 4.273573e+02 
3.991919e-01 6.031776e+02 4.157595e+02 
4.042323e-01 5.892021e+02 4.045993e+02 
4.092727e-01 5.788782e+02 3.938555e+02 
4.143131e-01 5.709889e+02 3.835084e+02 
4.193535e-01 5.641596e+02 3.735393e+02 
4.243939e-01 5.570118e+02 3.639304e+02 
4.294343e-01 5.484259e+02 3.546653e+02 
4.344747e-01 5.377726e+02 3.457282e+02 
4.395152e-01 5.249907e+02 3.371042e+02 
4.445556e-01 5.105009e+02 3.287794e+02 
4.495960e-01 4.949873e+02 3.207405e+02 
4.546364e-01 4.792799e+02 3.129750e+02 
4.596768e-01 4.642699e+02 3.054710e+02 
4.647172e-01 4.506682e+02 2.982171e+02 
4.697576e-01 4.388919e+02 2.912029e+02 
4.747980e-01 4.289955e+02 2.844181e+02 
4.798384e-01 4.207745e+02 2.778532e+02 
4.848788e-01 4.138469e+02 2.714991e+02 
4.899192e-01 4.077068e+02 2.653471e+02 
4.949596e-01 4.017960e+02 2.593890e+02 
5.000000e-01 3.956027e+02 2.536170e+02 
