1.000000e-03 6.068876e+03 6.068300e+03 
6.040404e-03 2.618678e+04 2.630990e+04 
1.108081e-02 3.521688e+04 3.517678e+04 
1.612121e-02 3.759300e+04 3.722967e+04 
2.116162e-02 3.588502e+04 3.474221e+04 
2.620202e-02 3.196691e+04 3.012225e+04 
3.124242e-02 2.728482e+04 2.551975e+04 
3.628283e-02 2.284269e+04 2.176460e+04 
4.132323e-02 1.919537e+04 1.883986e+04 
4.636364e-02 1.650112e+04 1.653391e+04 
5.140404e-02 1.474395e+04 1.466754e+04 
5.644444e-02 1.369139e+04 1.311974e+04 
6.148485e-02 1.309369e+04 1.181151e+04 
6.652525e-02 1.269523e+04 1.068991e+04 
7.156566e-02 1.228241e+04 9.717920e+03 
7.660606e-02 1.170389e+04 8.868522e+03 
8.164646e-02 1.089775e+04 8.121244e+03 
8.668687e-02 9.897857e+03 7.460112e+03 
9.172727e-02 8.803986e+03 6.872370e+03 
9.676768e-02 7.737611e+03 6.347649e+03 
1.018081e-01 6.805118e+03 5.877404e+03 
1.068485e-01 6.072977e+03 5.454511e+03 
1.118889e-01 5.559673e+03 5.072984e+03 
1.169293e-01 5.244078e+03 4.727749e+03 
1.219697e-01 5.080677e+03 4.414485e+03 
1.270101e-01 5.010332e+03 4.129485e+03 
1.320505e-01 4.968629e+03 3.869558e+03 
1.370909e-01 4.897569e+03 3.631944e+03 
1.421313e-01 4.757907e+03 3.414244e+03 
1.471717e-01 4.535270e+03 3.214369e+03 
1.522121e-01 4.238384e+03 3.030489e+03 
1.572525e-01 3.894485e+03 2.861000e+03 
1.622929e-01 3.542207e+03 2.704489e+03 
1.673333e-01 3.220596e+03 2.559708e+03 
1.723737e-01 2.956589e+03 2.425554e+03 
1.774141e-01 2.760727e+03 2.301045e+03 
1.824545e-01 2.630435e+03 2.185311e+03 
1.874949e-01 2.555344e+03 2.077573e+03 
1.925354e-01 2.519240e+03 1.977136e+03 
1.975758e-01 2.501253e+03 1.883376e+03 
2.026162e-01 2.479378e+03 1.795734e+03 
2.076566e-01 2.436472e+03 1.713707e+03 
2.126970e-01 2.363970e+03 1.636840e+03 
2.177374e-01 2.261990e+03 1.564725e+03 
2.227778e-01 2.137235e+03 1.496989e+03 
2.278182e-01 2.001066e+03 1.433298e+03 
2.328586e-01 1.866695e+03 1.373346e+03 
2.378990e-01 1.746102e+03 1.316855e+03 
2.429394e-01 1.647119e+03 1.263572e+03 
2.479798e-01 1.572751e+03 1.213268e+03 
2.530202e-01 1.521658e+03 1.165731e+03 
2.580606e-01 1.489210e+03 1.120768e+03 
2.631010e-01 1.468520e+03 1.078203e+03 
2.681414e-01 1.451734e+03 1.037873e+03 
2.731818e-01 1.431687e+03 9.996307e+02 
2.782222e-01 1.403284e+03 9.633382e+02 
2.832626e-01 1.364187e+03 9.288694e+02 
2.883030e-01 1.314831e+03 8.961081e+02 
2.933434e-01 1.257963e+03 8.649470e+02 
2.983838e-01 1.197869e+03 8.352867e+02 
3.034242e-01 1.139345e+03 8.070355e+02 
3.084646e-01 1.086468e+03 7.801084e+02 
3.135051e-01 1.041882e+03 7.544264e+02 
3.185455e-01 1.006447e+03 7.299164e+02 
3.235859e-01 9.795400e+02 7.065105e+02 
3.286263e-01 9.593905e+02 6.841453e+02 
3.336667e-01 9.434898e+02 6.627620e+02 
3.387071e-01 9.290087e+02 6.423058e+02 
3.437475e-01 9.133483e+02 6.227255e+02 
3.487879e-01 8.946562e+02 6.039735e+02 
3.538283e-01 8.722310e+02 5.860050e+02 
3.588687e-01 8.463626e+02 5.687784e+02 
3.639091e-01 8.181041e+02 5.522547e+02 
3.689495e-01 7.888656e+02 5.363975e+02 
3.739899e-01 7.602910e+02 5.211723e+02 
3.790303e-01 7.338776e+02 5.065472e+02 
3.840707e-01 7.106398e+02 4.924920e+02 
3.891111e-01 6.909323e+02 4.789784e+02 
3.941515e-01 6.745322e+02 4.659798e+02 
3.991919e-01 6.607750e+02 4.534712e+02 
4.042323e-01 6.487633e+02 4.414290e+02 
4.092727e-01 6.374843e+02 4.298310e+02 
4.143131e-01 6.259777e+02 4.186564e+02 
4.193535e-01 6.135725e+02 4.078855e+02 
4.243939e-01 5.999797e+02 3.974996e+02 
4.294343e-01 5.852607e+02 3.874812e+02 
4.344747e-01 5.697369e+02 3.778136e+02 
4.395152e-01 5.539148e+02 3.684813e+02 
4.445556e-01 5.383983e+02 3.594693e+02 
4.495960e-01 5.237317e+02 3.507637e+02 
4.546364e-01 5.102865e+02 3.423511e+02 
4.596768e-01 4.982348e+02 3.342190e+02 
4.647172e-01 4.875083e+02 3.263553e+02 
4.697576e-01 4.779116e+02 3.187489e+02 
4.747980e-01 4.691304e+02 3.113889e+02 
4.798384e-01 4.607856e+02 3.042652e+02 
4.848788e-01 4.525057e+02 2.973680e+02 
4.899192e-01 4.440243e+02 2.906882e+02 
4.949596e-01 4.352320e+02 2.842170e+02 
5.000000e-01 4.261235e+02 2.779461e+02 
