1.000000e-03 4.382115e+03 4.381713e+03 
6.040404e-03 1.989384e+04 1.998772e+04 
1.108081e-02 2.740625e+04 2.735236e+04 
1.612121e-02 2.985935e+04 2.952035e+04 
2.116162e-02 2.910820e+04 2.817063e+04 
2.620202e-02 2.653645e+04 2.507742e+04 
3.124242e-02 2.323318e+04 2.182101e+04 
3.628283e-02 1.997662e+04 1.905106e+04 
4.132323e-02 1.722277e+04 1.680952e+04 
4.636364e-02 1.512862e+04 1.498141e+04 
5.140404e-02 1.371457e+04 1.345894e+04 
5.644444e-02 1.282262e+04 1.216627e+04 
6.148485e-02 1.226626e+04 1.105228e+04 
6.652525e-02 1.185718e+04 1.008167e+04 
7.156566e-02 1.142566e+04 9.228974e+03 
7.660606e-02 1.086038e+04 8.475033e+03 
8.164646e-02 1.012228e+04 7.804921e+03 
8.668687e-02 9.245955e+03 7.206680e+03 
9.172727e-02 8.309854e+03 6.670537e+03 
9.676768e-02 7.405471e+03 6.188384e+03 
1.018081e-01 6.614228e+03 5.753412e+03 
1.068485e-01 5.988912e+03 5.359858e+03 
1.118889e-01 5.543547e+03 5.002807e+03 
1.169293e-01 5.258384e+03 4.678040e+03 
1.219697e-01 5.092288e+03 4.381922e+03 
1.270101e-01 4.995309e+03 4.111304e+03 
1.320505e-01 4.916297e+03 3.863449e+03 
1.370909e-01 4.809876e+03 3.635967e+03 
1.421313e-01 4.646351e+03 3.426769e+03 
1.471717e-01 4.417703e+03 3.234017e+03 
1.522121e-01 4.135459e+03 3.056095e+03 
1.572525e-01 3.823542e+03 2.891574e+03 
1.622929e-01 3.512302e+03 2.739190e+03 
1.673333e-01 3.230916e+03 2.597821e+03 
1.723737e-01 2.999999e+03 2.466466e+03 
1.774141e-01 2.827363e+03 2.344236e+03 
1.824545e-01 2.709243e+03 2.230333e+03 
1.874949e-01 2.634610e+03 2.124044e+03 
1.925354e-01 2.588566e+03 2.024728e+03 
1.975758e-01 2.553970e+03 1.931810e+03 
2.026162e-01 2.513838e+03 1.844769e+03 
2.076566e-01 2.455339e+03 1.763137e+03 
2.126970e-01 2.372759e+03 1.686490e+03 
2.177374e-01 2.267775e+03 1.614444e+03 
2.227778e-01 2.147502e+03 1.546649e+03 
2.278182e-01 2.021867e+03 1.482788e+03 
2.328586e-01 1.901137e+03 1.422573e+03 
2.378990e-01 1.794009e+03 1.365741e+03 
2.429394e-01 1.705893e+03 1.312051e+03 
2.479798e-01 1.638430e+03 1.261282e+03 
2.530202e-01 1.589816e+03 1.213234e+03 
2.580606e-01 1.555529e+03 1.167722e+03 
2.631010e-01 1.529334e+03 1.124576e+03 
2.681414e-01 1.504709e+03 1.083640e+03 
2.731818e-01 1.476342e+03 1.044770e+03 
2.782222e-01 1.440875e+03 1.007835e+03 
2.832626e-01 1.397155e+03 9.727108e+02 
2.883030e-01 1.346160e+03 9.392859e+02 
2.933434e-01 1.290556e+03 9.074556e+02 
2.983838e-01 1.234025e+03 8.771231e+02 
3.034242e-01 1.180316e+03 8.481989e+02 
3.084646e-01 1.132293e+03 8.205998e+02 
3.135051e-01 1.091525e+03 7.942485e+02 
3.185455e-01 1.058336e+03 7.690734e+02 
3.235859e-01 1.031899e+03 7.450075e+02 
3.286263e-01 1.010470e+03 7.219887e+02 
3.336667e-01 9.918038e+02 6.999589e+02 
3.387071e-01 9.736113e+02 6.788641e+02 
3.437475e-01 9.540926e+02 6.586537e+02 
3.487879e-01 9.321606e+02 6.392804e+02 
3.538283e-01 9.074827e+02 6.207001e+02 
3.588687e-01 8.805050e+02 6.028713e+02 
3.639091e-01 8.522744e+02 5.857554e+02 
3.689495e-01 8.240657e+02 5.693159e+02 
3.739899e-01 7.971235e+02 5.535188e+02 
3.790303e-01 7.724116e+02 5.383321e+02 
3.840707e-01 7.504615e+02 5.237256e+02 
3.891111e-01 7.313920e+02 5.096711e+02 
3.941515e-01 7.149294e+02 4.961420e+02 
3.991919e-01 7.004284e+02 4.831131e+02 
4.042323e-01 6.870489e+02 4.705609e+02 
4.092727e-01 6.739851e+02 4.584631e+02 
4.143131e-01 6.606110e+02 4.467987e+02 
4.193535e-01 6.465669e+02 4.355478e+02 
4.243939e-01 6.317491e+02 4.246918e+02 
4.294343e-01 6.162744e+02 4.142129e+02 
4.344747e-01 6.004611e+02 4.040944e+02 
4.395152e-01 5.847579e+02 3.943205e+02 
4.445556e-01 5.696388e+02 3.848761e+02 
4.495960e-01 5.554408e+02 3.757470e+02 
4.546364e-01 5.423457e+02 3.669198e+02 
4.596768e-01 5.303753e+02 3.583818e+02 
4.647172e-01 5.194540e+02 3.501208e+02 
4.697576e-01 5.093848e+02 3.421253e+02 
4.747980e-01 4.998853e+02 3.343844e+02 
4.798384e-01 4.906369e+02 3.268877e+02 
4.848788e-01 4.813892e+02 3.196254e+02 
4.899192e-01 4.720312e+02 3.125882e+02 
4.949596e-01 4.625204e+02 3.057670e+02 
5.000000e-01 4.528839e+02 2.991534e+02 
