1.000000e-03 5.403177e+03 5.402658e+03 
6.040404e-03 2.421364e+04 2.432607e+04 
1.108081e-02 3.305012e+04 3.301342e+04 
1.612121e-02 3.562761e+04 3.529203e+04 
2.116162e-02 3.425747e+04 3.317300e+04 
2.620202e-02 3.068413e+04 2.889141e+04 
3.124242e-02 2.629199e+04 2.453437e+04 
3.628283e-02 2.206312e+04 2.095292e+04 
4.132323e-02 1.855644e+04 1.815867e+04 
4.636364e-02 1.594876e+04 1.595602e+04 
5.140404e-02 1.423955e+04 1.417379e+04 
5.644444e-02 1.321733e+04 1.269561e+04 
6.148485e-02 1.264767e+04 1.144550e+04 
6.652525e-02 1.228689e+04 1.037275e+04 
7.156566e-02 1.192226e+04 9.442030e+03 
7.660606e-02 1.140111e+04 8.627678e+03 
8.164646e-02 1.065591e+04 7.910296e+03 
8.668687e-02 9.712490e+03 7.274779e+03 
9.172727e-02 8.661999e+03 6.709075e+03 
9.676768e-02 7.622025e+03 6.203391e+03 
1.018081e-01 6.700128e+03 5.749649e+03 
1.068485e-01 5.967671e+03 5.341118e+03 
1.118889e-01 5.448314e+03 4.972129e+03 
1.169293e-01 5.125445e+03 4.637876e+03 
1.219697e-01 4.957356e+03 4.334261e+03 
1.270101e-01 4.888336e+03 4.057762e+03 
1.320505e-01 4.856281e+03 3.805347e+03 
1.370909e-01 4.802617e+03 3.574386e+03 
1.421313e-01 4.684878e+03 3.362595e+03 
1.471717e-01 4.484576e+03 3.167979e+03 
1.522121e-01 4.206980e+03 2.988790e+03 
1.572525e-01 3.876558e+03 2.823495e+03 
1.622929e-01 3.530326e+03 2.670740e+03 
1.673333e-01 3.207453e+03 2.529330e+03 
1.723737e-01 2.937286e+03 2.398205e+03 
1.774141e-01 2.733450e+03 2.276426e+03 
1.824545e-01 2.595774e+03 2.163153e+03 
1.874949e-01 2.515308e+03 2.057638e+03 
1.925354e-01 2.477077e+03 1.959211e+03 
1.975758e-01 2.461168e+03 1.867273e+03 
2.026162e-01 2.445743e+03 1.781283e+03 
2.076566e-01 2.412318e+03 1.700756e+03 
2.126970e-01 2.350161e+03 1.625254e+03 
2.177374e-01 2.257332e+03 1.554379e+03 
2.227778e-01 2.139223e+03 1.487775e+03 
2.278182e-01 2.006409e+03 1.425115e+03 
2.328586e-01 1.872022e+03 1.366103e+03 
2.378990e-01 1.748524e+03 1.310472e+03 
2.429394e-01 1.644988e+03 1.257975e+03 
2.479798e-01 1.565789e+03 1.208389e+03 
2.530202e-01 1.510698e+03 1.161510e+03 
2.580606e-01 1.475818e+03 1.117150e+03 
2.631010e-01 1.454696e+03 1.075137e+03 
2.681414e-01 1.439587e+03 1.035314e+03 
2.731818e-01 1.423028e+03 9.975357e+02 
2.782222e-01 1.399176e+03 9.616692e+02 
2.832626e-01 1.364715e+03 9.275915e+02 
2.883030e-01 1.319193e+03 8.951892e+02 
2.933434e-01 1.264814e+03 8.643577e+02 
2.983838e-01 1.205659e+03 8.350002e+02 
3.034242e-01 1.146532e+03 8.070270e+02 
3.084646e-01 1.091845e+03 7.803552e+02 
3.135051e-01 1.044798e+03 7.549077e+02 
3.185455e-01 1.006940e+03 7.306131e+02 
3.235859e-01 9.781445e+02 7.074047e+02 
3.286263e-01 9.569272e+02 6.852209e+02 
3.336667e-01 9.409099e+02 6.640040e+02 
3.387071e-01 9.272749e+02 6.437004e+02 
3.437475e-01 9.132620e+02 6.242599e+02 
3.487879e-01 8.966708e+02 6.056358e+02 
3.538283e-01 8.762858e+02 5.877845e+02 
3.588687e-01 8.520326e+02 5.706650e+02 
3.639091e-01 8.247469e+02 5.542391e+02 
3.689495e-01 7.958270e+02 5.384709e+02 
3.739899e-01 7.669127e+02 5.233270e+02 
3.790303e-01 7.396105e+02 5.087757e+02 
3.840707e-01 7.151748e+02 4.947874e+02 
3.891111e-01 6.943168e+02 4.813344e+02 
3.941515e-01 6.770271e+02 4.683906e+02 
3.991919e-01 6.627746e+02 4.559313e+02 
4.042323e-01 6.506763e+02 4.439334e+02 
4.092727e-01 6.397293e+02 4.323750e+02 
4.143131e-01 6.289222e+02 4.212357e+02 
4.193535e-01 6.174145e+02 4.104959e+02 
4.243939e-01 6.047010e+02 4.001375e+02 
4.294343e-01 5.906688e+02 3.901431e+02 
4.344747e-01 5.755644e+02 3.804963e+02 
4.395152e-01 5.598850e+02 3.711818e+02 
4.445556e-01 5.442161e+02 3.621848e+02 
4.495960e-01 5.291450e+02 3.534916e+02 
4.546364e-01 5.151617e+02 3.450891e+02 
4.596768e-01 5.025607e+02 3.369647e+02 
4.647172e-01 4.914076e+02 3.291069e+02 
4.697576e-01 4.815463e+02 3.215043e+02 
4.747980e-01 4.726787e+02 3.141464e+02 
4.798384e-01 4.644215e+02 3.070231e+02 
4.848788e-01 4.564007e+02 3.001248e+02 
4.899192e-01 4.482895e+02 2.934425e+02 
4.949596e-01 4.398529e+02 2.869675e+02 
5.000000e-01 4.310274e+02 2.806916e+02 
