1.000000e-03 3.478089e+03 3.477763e+03 
6.040404e-03 1.542263e+04 1.548382e+04 
1.108081e-02 2.107901e+04 2.094777e+04 
1.612121e-02 2.300046e+04 2.253028e+04 
2.116162e-02 2.268752e+04 2.178206e+04 
2.620202e-02 2.117121e+04 2.005186e+04 
3.124242e-02 1.919719e+04 1.820260e+04 
3.628283e-02 1.725839e+04 1.651636e+04 
4.132323e-02 1.561860e+04 1.502549e+04 
4.636364e-02 1.434945e+04 1.370758e+04 
5.140404e-02 1.342731e+04 1.253731e+04 
5.644444e-02 1.272465e+04 1.149410e+04 
6.148485e-02 1.212084e+04 1.056142e+04 
6.652525e-02 1.150592e+04 9.725576e+03 
7.156566e-02 1.081542e+04 8.974892e+03 
7.660606e-02 1.003984e+04 8.299295e+03 
8.164646e-02 9.220874e+03 7.690015e+03 
8.668687e-02 8.421052e+03 7.139400e+03 
9.172727e-02 7.695359e+03 6.640759e+03 
9.676768e-02 7.082114e+03 6.188243e+03 
1.018081e-01 6.600217e+03 5.776731e+03 
1.068485e-01 6.242671e+03 5.401742e+03 
1.118889e-01 5.976793e+03 5.059344e+03 
1.169293e-01 5.759026e+03 4.746089e+03 
1.219697e-01 5.550533e+03 4.458946e+03 
1.270101e-01 5.324555e+03 4.195244e+03 
1.320505e-01 5.068370e+03 3.952630e+03 
1.370909e-01 4.783821e+03 3.729025e+03 
1.421313e-01 4.484955e+03 3.522588e+03 
1.471717e-01 4.191414e+03 3.331685e+03 
1.522121e-01 3.921369e+03 3.154866e+03 
1.572525e-01 3.687795e+03 2.990839e+03 
1.622929e-01 3.497034e+03 2.838451e+03 
1.673333e-01 3.347137e+03 2.696672e+03 
1.723737e-01 3.228211e+03 2.564581e+03 
1.774141e-01 3.126958e+03 2.441349e+03 
1.824545e-01 3.031216e+03 2.326233e+03 
1.874949e-01 2.931808e+03 2.218563e+03 
1.925354e-01 2.823266e+03 2.117734e+03 
1.975758e-01 2.704629e+03 2.023202e+03 
2.026162e-01 2.579505e+03 1.934471e+03 
2.076566e-01 2.454316e+03 1.851095e+03 
2.126970e-01 2.335576e+03 1.772666e+03 
2.177374e-01 2.228080e+03 1.698815e+03 
2.227778e-01 2.134379e+03 1.629205e+03 
2.278182e-01 2.054688e+03 1.563528e+03 
2.328586e-01 1.986892e+03 1.501506e+03 
2.378990e-01 1.927446e+03 1.442880e+03 
2.429394e-01 1.872579e+03 1.387415e+03 
2.479798e-01 1.818846e+03 1.334897e+03 
2.530202e-01 1.763609e+03 1.285127e+03 
2.580606e-01 1.705666e+03 1.237924e+03 
2.631010e-01 1.645562e+03 1.193119e+03 
2.681414e-01 1.585103e+03 1.150559e+03 
2.731818e-01 1.526357e+03 1.110101e+03 
2.782222e-01 1.470902e+03 1.071613e+03 
2.832626e-01 1.419758e+03 1.034974e+03 
2.883030e-01 1.373527e+03 1.000072e+03 
2.933434e-01 1.332144e+03 9.668006e+02 
2.983838e-01 1.294746e+03 9.350646e+02 
3.034242e-01 1.260015e+03 9.047735e+02 
3.084646e-01 1.226697e+03 8.758439e+02 
3.135051e-01 1.193893e+03 8.481980e+02 
3.185455e-01 1.161119e+03 8.217635e+02 
3.235859e-01 1.128169e+03 7.964728e+02 
3.286263e-01 1.095155e+03 7.722630e+02 
3.336667e-01 1.062590e+03 7.490754e+02 
3.387071e-01 1.031130e+03 7.268551e+02 
3.437475e-01 1.001262e+03 7.055507e+02 
3.487879e-01 9.732355e+02 6.851141e+02 
3.538283e-01 9.470604e+02 6.655004e+02 
3.588687e-01 9.226106e+02 6.466674e+02 
3.639091e-01 8.996218e+02 6.285755e+02 
3.689495e-01 8.777403e+02 6.111875e+02 
3.739899e-01 8.565672e+02 5.944686e+02 
3.790303e-01 8.358343e+02 5.783859e+02 
3.840707e-01 8.154247e+02 5.629085e+02 
3.891111e-01 7.953152e+02 5.480075e+02 
3.941515e-01 7.755478e+02 5.336555e+02 
3.991919e-01 7.562314e+02 5.198266e+02 
4.042323e-01 7.375334e+02 5.064965e+02 
4.092727e-01 7.196075e+02 4.936423e+02 
4.143131e-01 7.025073e+02 4.812424e+02 
4.193535e-01 6.861891e+02 4.692761e+02 
4.243939e-01 6.705847e+02 4.577242e+02 
4.294343e-01 6.556339e+02 4.465684e+02 
4.344747e-01 6.412375e+02 4.357912e+02 
4.395152e-01 6.272768e+02 4.253764e+02 
4.445556e-01 6.136490e+02 4.153082e+02 
4.495960e-01 6.003086e+02 4.055721e+02 
4.546364e-01 5.872703e+02 3.961540e+02 
4.596768e-01 5.745592e+02 3.870406e+02 
4.647172e-01 5.621770e+02 3.782194e+02 
4.697576e-01 5.501389e+02 3.696783e+02 
4.747980e-01 5.384922e+02 3.614060e+02 
4.798384e-01 5.272620e+02 3.533917e+02 
4.848788e-01 5.164326e+02 3.456252e+02 
4.899192e-01 5.059752e+02 3.380965e+02 
4.949596e-01 4.958305e+02 3.307964e+02 
5.000000e-01 4.859854e+02 3.237161e+02 
