1.000000e-03 3.468871e+03 3.468546e+03 
6.040404e-03 1.553256e+04 1.559667e+04 
1.108081e-02 2.129815e+04 2.118067e+04 
1.612121e-02 2.326479e+04 2.282188e+04 
2.116162e-02 2.293031e+04 2.203940e+04 
2.620202e-02 2.133919e+04 2.020420e+04 
3.124242e-02 1.926145e+04 1.824732e+04 
3.628283e-02 1.721425e+04 1.648424e+04 
4.132323e-02 1.548177e+04 1.494636e+04 
4.636364e-02 1.414706e+04 1.360188e+04 
5.140404e-02 1.319562e+04 1.241775e+04 
5.644444e-02 1.249978e+04 1.136836e+04 
6.148485e-02 1.193053e+04 1.043413e+04 
6.652525e-02 1.136553e+04 9.599521e+03 
7.156566e-02 1.072693e+04 8.851753e+03 
7.660606e-02 9.990392e+03 8.180052e+03 
8.164646e-02 9.187109e+03 7.575211e+03 
8.668687e-02 8.378361e+03 7.029296e+03 
9.172727e-02 7.626101e+03 6.535439e+03 
9.676768e-02 6.977832e+03 6.087673e+03 
1.018081e-01 6.461680e+03 5.680806e+03 
1.068485e-01 6.079387e+03 5.310310e+03 
1.118889e-01 5.805000e+03 4.972228e+03 
1.169293e-01 5.597088e+03 4.663096e+03 
1.219697e-01 5.413366e+03 4.379876e+03 
1.270101e-01 5.220317e+03 4.119899e+03 
1.320505e-01 4.997203e+03 3.880814e+03 
1.370909e-01 4.738262e+03 3.660548e+03 
1.421313e-01 4.452966e+03 3.457267e+03 
1.471717e-01 4.160257e+03 3.269347e+03 
1.522121e-01 3.880295e+03 3.095345e+03 
1.572525e-01 3.630260e+03 2.933978e+03 
1.622929e-01 3.421514e+03 2.784103e+03 
1.673333e-01 3.257289e+03 2.644698e+03 
1.723737e-01 3.131706e+03 2.514849e+03 
1.774141e-01 3.032496e+03 2.393736e+03 
1.824545e-01 2.946270e+03 2.280624e+03 
1.874949e-01 2.861366e+03 2.174849e+03 
1.925354e-01 2.769234e+03 2.075814e+03 
1.975758e-01 2.665241e+03 1.982980e+03 
2.026162e-01 2.549883e+03 1.895858e+03 
2.076566e-01 2.428267e+03 1.814007e+03 
2.126970e-01 2.307485e+03 1.737024e+03 
2.177374e-01 2.194141e+03 1.664545e+03 
2.227778e-01 2.092934e+03 1.596238e+03 
2.278182e-01 2.006166e+03 1.531799e+03 
2.328586e-01 1.933688e+03 1.470952e+03 
2.378990e-01 1.873054e+03 1.413445e+03 
2.429394e-01 1.820527e+03 1.359045e+03 
2.479798e-01 1.772013e+03 1.307540e+03 
2.530202e-01 1.723697e+03 1.258735e+03 
2.580606e-01 1.672853e+03 1.212451e+03 
2.631010e-01 1.618508e+03 1.168523e+03 
2.681414e-01 1.561499e+03 1.126800e+03 
2.731818e-01 1.503729e+03 1.087140e+03 
2.782222e-01 1.447235e+03 1.049416e+03 
2.832626e-01 1.393790e+03 1.013506e+03 
2.883030e-01 1.344796e+03 9.792995e+02 
2.933434e-01 1.301012e+03 9.466950e+02 
2.983838e-01 1.262311e+03 9.155967e+02 
3.034242e-01 1.227739e+03 8.859162e+02 
3.084646e-01 1.195923e+03 8.575715e+02 
3.135051e-01 1.165607e+03 8.304860e+02 
3.185455e-01 1.135753e+03 8.045888e+02 
3.235859e-01 1.105616e+03 7.798135e+02 
3.286263e-01 1.074878e+03 7.560982e+02 
3.336667e-01 1.043721e+03 7.333854e+02 
3.387071e-01 1.012723e+03 7.116210e+02 
3.437475e-01 9.825680e+02 6.907546e+02 
3.487879e-01 9.538198e+02 6.707391e+02 
3.538283e-01 9.268425e+02 6.515303e+02 
3.588687e-01 9.017948e+02 6.330867e+02 
3.639091e-01 8.786172e+02 6.153695e+02 
3.689495e-01 8.570416e+02 5.983423e+02 
3.739899e-01 8.366522e+02 5.819708e+02 
3.790303e-01 8.170249e+02 5.662228e+02 
3.840707e-01 7.978461e+02 5.510680e+02 
3.891111e-01 7.789104e+02 5.364779e+02 
3.941515e-01 7.600953e+02 5.224258e+02 
3.991919e-01 7.414206e+02 5.088862e+02 
4.042323e-01 7.230401e+02 4.958354e+02 
4.092727e-01 7.051663e+02 4.832508e+02 
4.143131e-01 6.879736e+02 4.711111e+02 
4.193535e-01 6.715469e+02 4.593963e+02 
4.243939e-01 6.559033e+02 4.480874e+02 
4.294343e-01 6.410331e+02 4.371664e+02 
4.344747e-01 6.268883e+02 4.266163e+02 
4.395152e-01 6.133429e+02 4.164211e+02 
4.445556e-01 6.002337e+02 4.065655e+02 
4.495960e-01 5.874415e+02 3.970350e+02 
4.546364e-01 5.749192e+02 3.878159e+02 
4.596768e-01 5.626609e+02 3.788953e+02 
4.647172e-01 5.506316e+02 3.702607e+02 
4.697576e-01 5.388404e+02 3.619005e+02 
4.747980e-01 5.273339e+02 3.538035e+02 
4.798384e-01 5.161852e+02 3.459591e+02 
4.848788e-01 5.054397e+02 3.383573e+02 
4.899192e-01 4.950795e+02 3.309884e+02 
4.949596e-01 4.850824e+02 3.238433e+02 
5.000000e-01 4.754339e+02 3.169133e+02 
