1.000000e-03 3.932635e+03 3.932275e+03 
6.040404e-03 1.775726e+04 1.783747e+04 
1.108081e-02 2.451044e+04 2.444044e+04 
1.612121e-02 2.681394e+04 2.645677e+04 
2.116162e-02 2.630691e+04 2.541345e+04 
2.620202e-02 2.420155e+04 2.288690e+04 
3.124242e-02 2.144443e+04 2.019867e+04 
3.628283e-02 1.870666e+04 1.786898e+04 
4.132323e-02 1.638008e+04 1.593788e+04 
4.636364e-02 1.459870e+04 1.432576e+04 
5.140404e-02 1.338062e+04 1.295641e+04 
5.644444e-02 1.258215e+04 1.177529e+04 
6.148485e-02 1.203908e+04 1.074473e+04 
6.652525e-02 1.159546e+04 9.837930e+03 
7.156566e-02 1.110636e+04 9.034941e+03 
7.660606e-02 1.048797e+04 8.320294e+03 
8.164646e-02 9.727395e+03 7.681607e+03 
8.668687e-02 8.873034e+03 7.108737e+03 
9.172727e-02 8.000239e+03 6.593232e+03 
9.676768e-02 7.185299e+03 6.127969e+03 
1.018081e-01 6.491215e+03 5.706890e+03 
1.068485e-01 5.954979e+03 5.324808e+03 
1.118889e-01 5.579181e+03 4.977258e+03 
1.169293e-01 5.336059e+03 4.660380e+03 
1.219697e-01 5.180995e+03 4.370823e+03 
1.270101e-01 5.066038e+03 4.105666e+03 
1.320505e-01 4.947839e+03 3.862357e+03 
1.370909e-01 4.793017e+03 3.638659e+03 
1.421313e-01 4.584331e+03 3.432605e+03 
1.471717e-01 4.324248e+03 3.242462e+03 
1.522121e-01 4.030256e+03 3.066697e+03 
1.572525e-01 3.728247e+03 2.903953e+03 
1.622929e-01 3.444938e+03 2.753023e+03 
1.673333e-01 3.201679e+03 2.612835e+03 
1.723737e-01 3.010007e+03 2.482430e+03 
1.774141e-01 2.870344e+03 2.360953e+03 
1.824545e-01 2.774390e+03 2.247637e+03 
1.874949e-01 2.708840e+03 2.141793e+03 
1.925354e-01 2.658233e+03 2.042802e+03 
1.975758e-01 2.607060e+03 1.950106e+03 
2.026162e-01 2.542733e+03 1.863201e+03 
2.076566e-01 2.458761e+03 1.781631e+03 
2.126970e-01 2.355433e+03 1.704983e+03 
2.177374e-01 2.238212e+03 1.632883e+03 
2.227778e-01 2.115602e+03 1.564990e+03 
2.278182e-01 1.996833e+03 1.500994e+03 
2.328586e-01 1.890048e+03 1.440613e+03 
2.378990e-01 1.800350e+03 1.383589e+03 
2.429394e-01 1.729196e+03 1.329685e+03 
2.479798e-01 1.675043e+03 1.278686e+03 
2.530202e-01 1.634129e+03 1.230392e+03 
2.580606e-01 1.601116e+03 1.184624e+03 
2.631010e-01 1.570098e+03 1.141213e+03 
2.681414e-01 1.535994e+03 1.100005e+03 
2.731818e-01 1.495787e+03 1.060859e+03 
2.782222e-01 1.448860e+03 1.023643e+03 
2.832626e-01 1.396448e+03 9.882381e+02 
2.883030e-01 1.340859e+03 9.545310e+02 
2.933434e-01 1.285083e+03 9.224187e+02 
2.983838e-01 1.232286e+03 8.918054e+02 
3.034242e-01 1.185023e+03 8.626022e+02 
3.084646e-01 1.144620e+03 8.347265e+02 
3.135051e-01 1.110979e+03 8.081017e+02 
3.185455e-01 1.082999e+03 7.826563e+02 
3.235859e-01 1.059074e+03 7.583239e+02 
3.286263e-01 1.037338e+03 7.350426e+02 
3.336667e-01 1.015880e+03 7.127545e+02 
3.387071e-01 9.931632e+02 6.914058e+02 
3.437475e-01 9.683494e+02 6.709461e+02 
3.487879e-01 9.414493e+02 6.513281e+02 
3.538283e-01 9.131467e+02 6.325079e+02 
3.588687e-01 8.844294e+02 6.144440e+02 
3.639091e-01 8.563223e+02 5.970977e+02 
3.689495e-01 8.297756e+02 5.804328e+02 
3.739899e-01 8.055164e+02 5.644150e+02 
3.790303e-01 7.838866e+02 5.490123e+02 
3.840707e-01 7.647819e+02 5.341947e+02 
3.891111e-01 7.477343e+02 5.199338e+02 
3.941515e-01 7.320984e+02 5.062028e+02 
3.991919e-01 7.172079e+02 4.929767e+02 
4.042323e-01 7.024571e+02 4.802318e+02 
4.092727e-01 6.873800e+02 4.679457e+02 
4.143131e-01 6.717513e+02 4.560974e+02 
4.193535e-01 6.556219e+02 4.446669e+02 
4.243939e-01 6.392451e+02 4.336354e+02 
4.294343e-01 6.229876e+02 4.229852e+02 
4.344747e-01 6.071841e+02 4.126994e+02 
4.395152e-01 5.921146e+02 4.027620e+02 
4.445556e-01 5.780194e+02 3.931581e+02 
4.495960e-01 5.649872e+02 3.838732e+02 
4.546364e-01 5.529509e+02 3.748939e+02 
4.596768e-01 5.417317e+02 3.662074e+02 
4.647172e-01 5.310817e+02 3.578013e+02 
4.697576e-01 5.207849e+02 3.496642e+02 
4.747980e-01 5.106493e+02 3.417850e+02 
4.798384e-01 5.005223e+02 3.341532e+02 
4.848788e-01 4.903220e+02 3.267591e+02 
4.899192e-01 4.800730e+02 3.195930e+02 
4.949596e-01 4.698682e+02 3.126460e+02 
5.000000e-01 4.598298e+02 3.059095e+02 
