1.000000e-03 6.165154e+03 6.164578e+03 
6.040404e-03 2.728624e+04 2.741899e+04 
1.108081e-02 3.706403e+04 3.706528e+04 
1.612121e-02 3.976691e+04 3.949738e+04 
2.116162e-02 3.800565e+04 3.691415e+04 
2.620202e-02 3.375623e+04 3.179289e+04 
3.124242e-02 2.859512e+04 2.659008e+04 
3.628283e-02 2.364612e+04 2.236344e+04 
4.132323e-02 1.954887e+04 1.913059e+04 
4.636364e-02 1.650820e+04 1.663724e+04 
5.140404e-02 1.451501e+04 1.465957e+04 
5.644444e-02 1.333866e+04 1.304634e+04 
6.148485e-02 1.271817e+04 1.170021e+04 
6.652525e-02 1.238273e+04 1.055742e+04 
7.156566e-02 1.209071e+04 9.574528e+03 
7.660606e-02 1.165613e+04 8.720649e+03 
8.164646e-02 1.097704e+04 7.972922e+03 
8.668687e-02 1.005480e+04 7.313871e+03 
9.172727e-02 8.973144e+03 6.729780e+03 
9.676768e-02 7.858764e+03 6.209654e+03 
1.018081e-01 6.837471e+03 5.744536e+03 
1.068485e-01 6.000358e+03 5.327031e+03 
1.118889e-01 5.388557e+03 4.950973e+03 
1.169293e-01 4.996756e+03 4.611168e+03 
1.219697e-01 4.789518e+03 4.303216e+03 
1.270101e-01 4.713936e+03 4.023362e+03 
1.320505e-01 4.706389e+03 3.768385e+03 
1.370909e-01 4.701316e+03 3.535505e+03 
1.421313e-01 4.644284e+03 3.322320e+03 
1.471717e-01 4.502162e+03 3.126735e+03 
1.522121e-01 4.267040e+03 2.946927e+03 
1.572525e-01 3.955066e+03 2.781295e+03 
1.622929e-01 3.601320e+03 2.628436e+03 
1.673333e-01 3.249820e+03 2.487109e+03 
1.723737e-01 2.939091e+03 2.356221e+03 
1.774141e-01 2.692132e+03 2.234800e+03 
1.824545e-01 2.516304e+03 2.121985e+03 
1.874949e-01 2.408043e+03 2.017006e+03 
1.925354e-01 2.356058e+03 1.919178e+03 
1.975758e-01 2.342163e+03 1.827887e+03 
2.026162e-01 2.343576e+03 1.742580e+03 
2.076566e-01 2.337651e+03 1.662763e+03 
2.126970e-01 2.307304e+03 1.587990e+03 
2.177374e-01 2.243707e+03 1.517857e+03 
2.227778e-01 2.146493e+03 1.452001e+03 
2.278182e-01 2.022951e+03 1.390092e+03 
2.328586e-01 1.885722e+03 1.331830e+03 
2.378990e-01 1.749590e+03 1.276944e+03 
2.429394e-01 1.627475e+03 1.225185e+03 
2.479798e-01 1.528060e+03 1.176329e+03 
2.530202e-01 1.454920e+03 1.130168e+03 
2.580606e-01 1.407145e+03 1.086515e+03 
2.631010e-01 1.380156e+03 1.045196e+03 
2.681414e-01 1.366861e+03 1.006054e+03 
2.731818e-01 1.358983e+03 9.689421e+02 
2.782222e-01 1.348596e+03 9.337273e+02 
2.832626e-01 1.329515e+03 9.002864e+02 
2.883030e-01 1.298242e+03 8.685059e+02 
2.933434e-01 1.254357e+03 8.382810e+02 
2.983838e-01 1.200312e+03 8.095151e+02 
3.034242e-01 1.140673e+03 7.821184e+02 
3.084646e-01 1.080789e+03 7.560083e+02 
3.135051e-01 1.025547e+03 7.311078e+02 
3.185455e-01 9.784506e+02 7.073457e+02 
3.235859e-01 9.412142e+02 6.846557e+02 
3.286263e-01 9.138527e+02 6.629763e+02 
3.336667e-01 8.949172e+02 6.422501e+02 
3.387071e-01 8.819286e+02 6.224239e+02 
3.437475e-01 8.718101e+02 6.034479e+02 
3.487879e-01 8.614264e+02 5.852755e+02 
3.538283e-01 8.482498e+02 5.678636e+02 
3.588687e-01 8.308180e+02 5.511714e+02 
3.639091e-01 8.088166e+02 5.351611e+02 
3.689495e-01 7.829061e+02 5.197972e+02 
3.739899e-01 7.545015e+02 5.050465e+02 
3.790303e-01 7.254546e+02 4.908776e+02 
3.840707e-01 6.977345e+02 4.772614e+02 
3.891111e-01 6.728616e+02 4.641703e+02 
3.941515e-01 6.517365e+02 4.515786e+02 
3.991919e-01 6.345679e+02 4.394619e+02 
4.042323e-01 6.209464e+02 4.277973e+02 
4.092727e-01 6.100613e+02 4.165634e+02 
4.143131e-01 6.008085e+02 4.057397e+02 
4.193535e-01 5.919829e+02 3.953073e+02 
4.243939e-01 5.825430e+02 3.852480e+02 
4.294343e-01 5.717683e+02 3.755449e+02 
4.344747e-01 5.593857e+02 3.661817e+02 
4.395152e-01 5.454960e+02 3.571434e+02 
4.445556e-01 5.305235e+02 3.484154e+02 
4.495960e-01 5.151123e+02 3.399842e+02 
4.546364e-01 4.999938e+02 3.318370e+02 
4.596768e-01 4.858267e+02 3.239614e+02 
4.647172e-01 4.730455e+02 3.163459e+02 
4.697576e-01 4.618424e+02 3.089795e+02 
4.747980e-01 4.521816e+02 3.018519e+02 
4.798384e-01 4.438166e+02 2.949531e+02 
4.848788e-01 4.363666e+02 2.882737e+02 
4.899192e-01 4.293729e+02 2.818049e+02 
4.949596e-01 4.223885e+02 2.755381e+02 
5.000000e-01 4.150988e+02 2.694652e+02 
