1.000000e-03 2.324962e+03 2.324744e+03 
6.040404e-03 1.021062e+04 1.025921e+04 
1.108081e-02 1.405981e+04 1.391683e+04 
1.612121e-02 1.571755e+04 1.526021e+04 
2.116162e-02 1.615274e+04 1.539113e+04 
2.620202e-02 1.591048e+04 1.493491e+04 
3.124242e-02 1.531704e+04 1.421420e+04 
3.628283e-02 1.456701e+04 1.338642e+04 
4.132323e-02 1.376990e+04 1.253204e+04 
4.636364e-02 1.296721e+04 1.169366e+04 
5.140404e-02 1.221501e+04 1.089342e+04 
5.644444e-02 1.147956e+04 1.014193e+04 
6.148485e-02 1.077922e+04 9.443167e+03 
6.652525e-02 1.011863e+04 8.797365e+03 
7.156566e-02 9.496247e+03 8.202664e+03 
7.660606e-02 8.915941e+03 7.656128e+03 
8.164646e-02 8.383878e+03 7.154334e+03 
8.668687e-02 7.901129e+03 6.693718e+03 
9.172727e-02 7.457481e+03 6.270777e+03 
9.676768e-02 7.045433e+03 5.882180e+03 
1.018081e-01 6.663069e+03 5.524820e+03 
1.068485e-01 6.309702e+03 5.195836e+03 
1.118889e-01 5.979403e+03 4.892620e+03 
1.169293e-01 5.667510e+03 4.612805e+03 
1.219697e-01 5.373499e+03 4.354249e+03 
1.270101e-01 5.099701e+03 4.115023e+03 
1.320505e-01 4.846607e+03 3.893386e+03 
1.370909e-01 4.612772e+03 3.687774e+03 
1.421313e-01 4.395740e+03 3.496778e+03 
1.471717e-01 4.193266e+03 3.319128e+03 
1.522121e-01 4.003640e+03 3.153680e+03 
1.572525e-01 3.825525e+03 2.999405e+03 
1.622929e-01 3.658024e+03 2.855371e+03 
1.673333e-01 3.500243e+03 2.720738e+03 
1.723737e-01 3.351291e+03 2.594746e+03 
1.774141e-01 3.210924e+03 2.476707e+03 
1.824545e-01 3.079018e+03 2.365995e+03 
1.874949e-01 2.954887e+03 2.262045e+03 
1.925354e-01 2.837835e+03 2.164341e+03 
1.975758e-01 2.727304e+03 2.072415e+03 
2.026162e-01 2.622945e+03 1.985839e+03 
2.076566e-01 2.524381e+03 1.904223e+03 
2.126970e-01 2.430823e+03 1.827212e+03 
2.177374e-01 2.341834e+03 1.754478e+03 
2.227778e-01 2.257490e+03 1.685725e+03 
2.278182e-01 2.177487e+03 1.620677e+03 
2.328586e-01 2.101375e+03 1.559085e+03 
2.378990e-01 2.028950e+03 1.500716e+03 
2.429394e-01 1.960077e+03 1.445358e+03 
2.479798e-01 1.894633e+03 1.392816e+03 
2.530202e-01 1.832300e+03 1.342909e+03 
2.580606e-01 1.772724e+03 1.295470e+03 
2.631010e-01 1.715814e+03 1.250344e+03 
2.681414e-01 1.661503e+03 1.207390e+03 
2.731818e-01 1.609679e+03 1.166476e+03 
2.782222e-01 1.560131e+03 1.127478e+03 
2.832626e-01 1.512638e+03 1.090284e+03 
2.883030e-01 1.467157e+03 1.054787e+03 
2.933434e-01 1.423646e+03 1.020890e+03 
2.983838e-01 1.381996e+03 9.885009e+02 
3.034242e-01 1.342047e+03 9.575351e+02 
3.084646e-01 1.303650e+03 9.279133e+02 
3.135051e-01 1.266800e+03 8.995613e+02 
3.185455e-01 1.231468e+03 8.724103e+02 
3.235859e-01 1.197527e+03 8.463955e+02 
3.286263e-01 1.164873e+03 8.214567e+02 
3.336667e-01 1.133440e+03 7.975373e+02 
3.387071e-01 1.103209e+03 7.745844e+02 
3.437475e-01 1.074142e+03 7.525484e+02 
3.487879e-01 1.046154e+03 7.313827e+02 
3.538283e-01 1.019173e+03 7.110436e+02 
3.588687e-01 9.931475e+02 6.914901e+02 
3.639091e-01 9.680707e+02 6.726836e+02 
3.689495e-01 9.439154e+02 6.545877e+02 
3.739899e-01 9.205988e+02 6.371683e+02 
3.790303e-01 8.980711e+02 6.203932e+02 
3.840707e-01 8.763129e+02 6.042320e+02 
3.891111e-01 8.553115e+02 5.886562e+02 
3.941515e-01 8.350390e+02 5.736388e+02 
3.991919e-01 8.154370e+02 5.591541e+02 
4.042323e-01 7.964696e+02 5.451783e+02 
4.092727e-01 7.781220e+02 5.316884e+02 
4.143131e-01 7.603843e+02 5.186629e+02 
4.193535e-01 7.432321e+02 5.060815e+02 
4.243939e-01 7.266122e+02 4.939249e+02 
4.294343e-01 7.105039e+02 4.821747e+02 
4.344747e-01 6.949115e+02 4.708136e+02 
4.395152e-01 6.798145e+02 4.598252e+02 
4.445556e-01 6.651818e+02 4.491939e+02 
4.495960e-01 6.509806e+02 4.389049e+02 
4.546364e-01 6.372015e+02 4.289441e+02 
4.596768e-01 6.238501e+02 4.192982e+02 
4.647172e-01 6.109012e+02 4.099544e+02 
4.697576e-01 5.983253e+02 4.009006e+02 
4.747980e-01 5.861084e+02 3.921255e+02 
4.798384e-01 5.742426e+02 3.836179e+02 
4.848788e-01 5.627225e+02 3.753675e+02 
4.899192e-01 5.515320e+02 3.673644e+02 
4.949596e-01 5.406524e+02 3.595991e+02 
5.000000e-01 5.300679e+02 3.520625e+02 
