1.000000e-03 5.473012e+03 5.472525e+03 
6.040404e-03 2.416963e+04 2.429128e+04 
1.108081e-02 3.309968e+04 3.310362e+04 
1.612121e-02 3.588261e+04 3.566029e+04 
2.116162e-02 3.471572e+04 3.380350e+04 
2.620202e-02 3.126166e+04 2.953954e+04 
3.124242e-02 2.686259e+04 2.498642e+04 
3.628283e-02 2.250633e+04 2.117823e+04 
4.132323e-02 1.878961e+04 1.821606e+04 
4.636364e-02 1.594114e+04 1.590903e+04 
5.140404e-02 1.399267e+04 1.406754e+04 
5.644444e-02 1.278338e+04 1.255821e+04 
6.148485e-02 1.209655e+04 1.129365e+04 
6.652525e-02 1.171519e+04 1.021615e+04 
7.156566e-02 1.142207e+04 9.286262e+03 
7.660606e-02 1.104425e+04 8.475844e+03 
8.164646e-02 1.047725e+04 7.764058e+03 
8.668687e-02 9.701114e+03 7.134937e+03 
9.172727e-02 8.767222e+03 6.575921e+03 
9.676768e-02 7.769672e+03 6.076915e+03 
1.018081e-01 6.814476e+03 5.629672e+03 
1.068485e-01 5.992374e+03 5.227363e+03 
1.118889e-01 5.356662e+03 4.864273e+03 
1.169293e-01 4.917645e+03 4.535580e+03 
1.219697e-01 4.653714e+03 4.237182e+03 
1.270101e-01 4.524580e+03 3.965568e+03 
1.320505e-01 4.480344e+03 3.717721e+03 
1.370909e-01 4.466573e+03 3.491028e+03 
1.421313e-01 4.431165e+03 3.283225e+03 
1.471717e-01 4.335263e+03 3.092337e+03 
1.522121e-01 4.160749e+03 2.916634e+03 
1.572525e-01 3.911538e+03 2.754600e+03 
1.622929e-01 3.609259e+03 2.604900e+03 
1.673333e-01 3.287403e+03 2.466354e+03 
1.723737e-01 2.981568e+03 2.337917e+03 
1.774141e-01 2.719506e+03 2.218662e+03 
1.824545e-01 2.516560e+03 2.107761e+03 
1.874949e-01 2.375725e+03 2.004480e+03 
1.925354e-01 2.291294e+03 1.908157e+03 
1.975758e-01 2.251197e+03 1.818203e+03 
2.026162e-01 2.238573e+03 1.734087e+03 
2.076566e-01 2.234051e+03 1.655330e+03 
2.126970e-01 2.219543e+03 1.581501e+03 
2.177374e-01 2.181868e+03 1.512212e+03 
2.227778e-01 2.114850e+03 1.447109e+03 
2.278182e-01 2.019745e+03 1.385874e+03 
2.328586e-01 1.903974e+03 1.328214e+03 
2.378990e-01 1.778872e+03 1.273868e+03 
2.429394e-01 1.656661e+03 1.222592e+03 
2.479798e-01 1.547636e+03 1.174169e+03 
2.530202e-01 1.458747e+03 1.128397e+03 
2.580606e-01 1.392889e+03 1.085091e+03 
2.631010e-01 1.349194e+03 1.044085e+03 
2.681414e-01 1.323418e+03 1.005222e+03 
2.731818e-01 1.309254e+03 9.683613e+02 
2.782222e-01 1.299635e+03 9.333715e+02 
2.832626e-01 1.287974e+03 9.001322e+02 
2.883030e-01 1.269102e+03 8.685324e+02 
2.933434e-01 1.239832e+03 8.384693e+02 
2.983838e-01 1.199554e+03 8.098480e+02 
3.034242e-01 1.150276e+03 7.825807e+02 
3.084646e-01 1.095907e+03 7.565860e+02 
3.135051e-01 1.040994e+03 7.317884e+02 
3.185455e-01 9.896761e+02 7.081178e+02 
3.235859e-01 9.450581e+02 6.855092e+02 
3.286263e-01 9.089004e+02 6.639019e+02 
3.336667e-01 8.815706e+02 6.432395e+02 
3.387071e-01 8.620615e+02 6.234694e+02 
3.437475e-01 8.482801e+02 6.045426e+02 
3.487879e-01 8.375975e+02 5.864133e+02 
3.538283e-01 8.273662e+02 5.690388e+02 
3.588687e-01 8.153293e+02 5.523789e+02 
3.639091e-01 7.999302e+02 5.363963e+02 
3.689495e-01 7.805310e+02 5.210559e+02 
3.739899e-01 7.574123e+02 5.063249e+02 
3.790303e-01 7.316893e+02 4.921723e+02 
3.840707e-01 7.049290e+02 4.785692e+02 
3.891111e-01 6.787451e+02 4.654885e+02 
3.941515e-01 6.545825e+02 4.529046e+02 
3.991919e-01 6.334115e+02 4.407933e+02 
4.042323e-01 6.157438e+02 4.291321e+02 
4.092727e-01 6.014770e+02 4.178997e+02 
4.143131e-01 5.900268e+02 4.070759e+02 
4.193535e-01 5.804786e+02 3.966417e+02 
4.243939e-01 5.717982e+02 3.865793e+02 
4.294343e-01 5.630623e+02 3.768718e+02 
4.344747e-01 5.535156e+02 3.675031e+02 
4.395152e-01 5.426795e+02 3.584583e+02 
4.445556e-01 5.304115e+02 3.497229e+02 
4.495960e-01 5.169282e+02 3.412836e+02 
4.546364e-01 5.027430e+02 3.331274e+02 
4.596768e-01 4.884728e+02 3.252423e+02 
4.647172e-01 4.746995e+02 3.176167e+02 
4.697576e-01 4.618931e+02 3.102397e+02 
4.747980e-01 4.503753e+02 3.031011e+02 
4.798384e-01 4.402930e+02 2.961909e+02 
4.848788e-01 4.315604e+02 2.894998e+02 
4.899192e-01 4.239145e+02 2.830189e+02 
4.949596e-01 4.169527e+02 2.767398e+02 
5.000000e-01 4.102887e+02 2.706545e+02 
