1.000000e-03 3.433532e+03 3.433210e+03 
6.040404e-03 1.522291e+04 1.528585e+04 
1.108081e-02 2.081621e+04 2.069532e+04 
1.612121e-02 2.272237e+04 2.227702e+04 
2.116162e-02 2.241231e+04 2.153402e+04 
2.620202e-02 2.089630e+04 1.978539e+04 
3.124242e-02 1.891080e+04 1.791170e+04 
3.628283e-02 1.694901e+04 1.621212e+04 
4.132323e-02 1.528094e+04 1.472031e+04 
4.636364e-02 1.398804e+04 1.340981e+04 
5.140404e-02 1.305175e+04 1.225160e+04 
5.644444e-02 1.235765e+04 1.122267e+04 
6.148485e-02 1.177937e+04 1.030504e+04 
6.652525e-02 1.120592e+04 9.484195e+03 
7.156566e-02 1.056481e+04 8.748019e+03 
7.660606e-02 9.835361e+03 8.086212e+03 
8.164646e-02 9.048253e+03 7.489903e+03 
8.668687e-02 8.262167e+03 6.951407e+03 
9.172727e-02 7.534308e+03 6.464046e+03 
9.676768e-02 6.907798e+03 6.022005e+03 
1.018081e-01 6.407447e+03 5.620209e+03 
1.068485e-01 6.033622e+03 5.254225e+03 
1.118889e-01 5.760987e+03 4.920175e+03 
1.169293e-01 5.549513e+03 4.614661e+03 
1.219697e-01 5.359324e+03 4.334700e+03 
1.270101e-01 5.159696e+03 4.077667e+03 
1.320505e-01 4.932319e+03 3.841250e+03 
1.370909e-01 4.673033e+03 3.623410e+03 
1.421313e-01 4.391519e+03 3.422340e+03 
1.471717e-01 4.105941e+03 3.236440e+03 
1.522121e-01 3.834851e+03 3.064289e+03 
1.572525e-01 3.593472e+03 2.904622e+03 
1.622929e-01 3.391805e+03 2.756312e+03 
1.673333e-01 3.232105e+03 2.618350e+03 
1.723737e-01 3.108154e+03 2.489835e+03 
1.774141e-01 3.008174e+03 2.369958e+03 
1.824545e-01 2.919485e+03 2.257992e+03 
1.874949e-01 2.831540e+03 2.153282e+03 
1.925354e-01 2.736814e+03 2.055239e+03 
1.975758e-01 2.631564e+03 1.963329e+03 
2.026162e-01 2.516714e+03 1.877071e+03 
2.076566e-01 2.397132e+03 1.796027e+03 
2.126970e-01 2.279563e+03 1.719801e+03 
2.177374e-01 2.169901e+03 1.648031e+03 
2.227778e-01 2.072129e+03 1.580390e+03 
2.278182e-01 1.988060e+03 1.516578e+03 
2.328586e-01 1.917175e+03 1.456322e+03 
2.378990e-01 1.857008e+03 1.399370e+03 
2.429394e-01 1.804042e+03 1.345495e+03 
2.479798e-01 1.754527e+03 1.294486e+03 
2.530202e-01 1.705099e+03 1.246150e+03 
2.580606e-01 1.653440e+03 1.200311e+03 
2.631010e-01 1.598844e+03 1.156804e+03 
2.681414e-01 1.542240e+03 1.115480e+03 
2.731818e-01 1.485462e+03 1.076200e+03 
2.782222e-01 1.430375e+03 1.038835e+03 
2.832626e-01 1.378487e+03 1.003268e+03 
2.883030e-01 1.330910e+03 9.693880e+02 
2.933434e-01 1.288215e+03 9.370943e+02 
2.983838e-01 1.250183e+03 9.062924e+02 
3.034242e-01 1.215851e+03 8.768948e+02 
3.084646e-01 1.183956e+03 8.488201e+02 
3.135051e-01 1.153361e+03 8.219928e+02 
3.185455e-01 1.123190e+03 7.963424e+02 
3.235859e-01 1.092857e+03 7.718032e+02 
3.286263e-01 1.062148e+03 7.483142e+02 
3.336667e-01 1.031272e+03 7.258180e+02 
3.387071e-01 1.000761e+03 7.042614e+02 
3.437475e-01 9.712256e+02 6.835943e+02 
3.487879e-01 9.431410e+02 6.637701e+02 
3.538283e-01 9.167792e+02 6.447450e+02 
3.588687e-01 8.922253e+02 6.264780e+02 
3.639091e-01 8.693887e+02 6.089306e+02 
3.689495e-01 8.479925e+02 5.920667e+02 
3.739899e-01 8.276536e+02 5.758524e+02 
3.790303e-01 8.080160e+02 5.602558e+02 
3.840707e-01 7.888122e+02 5.452468e+02 
3.891111e-01 7.698841e+02 5.307973e+02 
3.941515e-01 7.511573e+02 5.168807e+02 
3.991919e-01 7.326643e+02 5.034719e+02 
4.042323e-01 7.145295e+02 4.905473e+02 
4.092727e-01 6.969426e+02 4.780846e+02 
4.143131e-01 6.800633e+02 4.660626e+02 
4.193535e-01 6.639282e+02 4.544616e+02 
4.243939e-01 6.485321e+02 4.432627e+02 
4.294343e-01 6.338579e+02 4.324480e+02 
4.344747e-01 6.198468e+02 4.220009e+02 
4.395152e-01 6.063910e+02 4.119053e+02 
4.445556e-01 5.933506e+02 4.021461e+02 
4.495960e-01 5.806258e+02 3.927090e+02 
4.546364e-01 5.681707e+02 3.835804e+02 
4.596768e-01 5.559942e+02 3.747475e+02 
4.647172e-01 5.440802e+02 3.661980e+02 
4.697576e-01 5.324257e+02 3.579203e+02 
4.747980e-01 5.210786e+02 3.499033e+02 
4.798384e-01 5.100920e+02 3.421365e+02 
4.848788e-01 4.994995e+02 3.346101e+02 
4.899192e-01 4.892826e+02 3.273143e+02 
4.949596e-01 4.794061e+02 3.202403e+02 
5.000000e-01 4.698566e+02 3.133794e+02 
