1.000000e-03 2.256000e+03 2.255799e+03 
6.040404e-03 1.025571e+04 1.029644e+04 
1.108081e-02 1.434643e+04 1.422045e+04 
1.612121e-02 1.610104e+04 1.569486e+04 
2.116162e-02 1.645090e+04 1.575329e+04 
2.620202e-02 1.600244e+04 1.514545e+04 
3.124242e-02 1.517321e+04 1.430179e+04 
3.628283e-02 1.423627e+04 1.339826e+04 
4.132323e-02 1.334490e+04 1.250205e+04 
4.636364e-02 1.255357e+04 1.164209e+04 
5.140404e-02 1.187047e+04 1.083173e+04 
5.644444e-02 1.125231e+04 1.007652e+04 
6.148485e-02 1.065361e+04 9.377587e+03 
6.652525e-02 1.006005e+04 8.733546e+03 
7.156566e-02 9.453257e+03 8.141623e+03 
7.660606e-02 8.837761e+03 7.598352e+03 
8.164646e-02 8.241705e+03 7.100002e+03 
8.668687e-02 7.695755e+03 6.642831e+03 
9.172727e-02 7.213818e+03 6.223237e+03 
9.676768e-02 6.795086e+03 5.837831e+03 
1.018081e-01 6.434640e+03 5.483481e+03 
1.068485e-01 6.123977e+03 5.157316e+03 
1.118889e-01 5.846792e+03 4.856727e+03 
1.169293e-01 5.583034e+03 4.579352e+03 
1.219697e-01 5.318999e+03 4.323060e+03 
1.270101e-01 5.052109e+03 4.085930e+03 
1.320505e-01 4.787765e+03 3.866235e+03 
1.370909e-01 4.533586e+03 3.662420e+03 
1.421313e-01 4.296123e+03 3.473088e+03 
1.471717e-01 4.079296e+03 3.296978e+03 
1.522121e-01 3.884559e+03 3.132958e+03 
1.572525e-01 3.711515e+03 2.980006e+03 
1.622929e-01 3.557851e+03 2.837201e+03 
1.673333e-01 3.418762e+03 2.703708e+03 
1.723737e-01 3.287983e+03 2.578775e+03 
1.774141e-01 3.160650e+03 2.461720e+03 
1.824545e-01 3.035193e+03 2.351925e+03 
1.874949e-01 2.912260e+03 2.248829e+03 
1.925354e-01 2.792733e+03 2.151920e+03 
1.975758e-01 2.677539e+03 2.060736e+03 
2.026162e-01 2.568389e+03 1.974853e+03 
2.076566e-01 2.467164e+03 1.893884e+03 
2.126970e-01 2.374418e+03 1.817477e+03 
2.177374e-01 2.289133e+03 1.745310e+03 
2.227778e-01 2.209682e+03 1.677086e+03 
2.278182e-01 2.134740e+03 1.612535e+03 
2.328586e-01 2.063476e+03 1.551408e+03 
2.378990e-01 1.994945e+03 1.493476e+03 
2.429394e-01 1.928423e+03 1.438528e+03 
2.479798e-01 1.863751e+03 1.386372e+03 
2.530202e-01 1.801235e+03 1.336826e+03 
2.580606e-01 1.741293e+03 1.289728e+03 
2.631010e-01 1.684182e+03 1.244923e+03 
2.681414e-01 1.630071e+03 1.202272e+03 
2.731818e-01 1.578988e+03 1.161642e+03 
2.782222e-01 1.530767e+03 1.122912e+03 
2.832626e-01 1.485061e+03 1.085971e+03 
2.883030e-01 1.441429e+03 1.050713e+03 
2.933434e-01 1.399548e+03 1.017041e+03 
2.983838e-01 1.359173e+03 9.848652e+02 
3.034242e-01 1.320177e+03 9.541008e+02 
3.084646e-01 1.282525e+03 9.246694e+02 
3.135051e-01 1.246212e+03 8.964976e+02 
3.185455e-01 1.211258e+03 8.695171e+02 
3.235859e-01 1.177677e+03 8.436638e+02 
3.286263e-01 1.145492e+03 8.188779e+02 
3.336667e-01 1.114681e+03 7.951035e+02 
3.387071e-01 1.085172e+03 7.722880e+02 
3.437475e-01 1.056853e+03 7.503823e+02 
3.487879e-01 1.029596e+03 7.293402e+02 
3.538283e-01 1.003320e+03 7.091184e+02 
3.588687e-01 9.779600e+02 6.896763e+02 
3.639091e-01 9.534577e+02 6.709755e+02 
3.689495e-01 9.297573e+02 6.529801e+02 
3.739899e-01 9.068324e+02 6.356562e+02 
3.790303e-01 8.846954e+02 6.189718e+02 
3.840707e-01 8.633391e+02 6.028970e+02 
3.891111e-01 8.427413e+02 5.874033e+02 
3.941515e-01 8.228553e+02 5.724639e+02 
3.991919e-01 8.036356e+02 5.580536e+02 
4.042323e-01 7.850606e+02 5.441484e+02 
4.092727e-01 7.671154e+02 5.307259e+02 
4.143131e-01 7.497625e+02 5.177646e+02 
4.193535e-01 7.329530e+02 5.052442e+02 
4.243939e-01 7.166463e+02 4.931458e+02 
4.294343e-01 7.008290e+02 4.814510e+02 
4.344747e-01 6.855100e+02 4.701428e+02 
4.395152e-01 6.706857e+02 4.592048e+02 
4.445556e-01 6.563088e+02 4.486216e+02 
4.495960e-01 6.423534e+02 4.383783e+02 
4.546364e-01 6.288161e+02 4.284612e+02 
4.596768e-01 6.156996e+02 4.188570e+02 
4.647172e-01 6.029898e+02 4.095529e+02 
4.697576e-01 5.906457e+02 4.005371e+02 
4.747980e-01 5.786376e+02 3.917981e+02 
4.798384e-01 5.669756e+02 3.833251e+02 
4.848788e-01 5.556566e+02 3.751076e+02 
4.899192e-01 5.446598e+02 3.671360e+02 
4.949596e-01 5.339646e+02 3.594007e+02 
5.000000e-01 5.235550e+02 3.518928e+02 
