1.000000e-03 2.592957e+03 2.592719e+03 
6.040404e-03 1.159738e+04 1.164146e+04 
1.108081e-02 1.603361e+04 1.588924e+04 
1.612121e-02 1.780348e+04 1.734760e+04 
2.116162e-02 1.800189e+04 1.722561e+04 
2.620202e-02 1.733474e+04 1.639989e+04 
3.124242e-02 1.628370e+04 1.536009e+04 
3.628283e-02 1.515810e+04 1.429257e+04 
4.132323e-02 1.412464e+04 1.326063e+04 
4.636364e-02 1.323060e+04 1.228786e+04 
5.140404e-02 1.248394e+04 1.138323e+04 
5.644444e-02 1.181075e+04 1.054883e+04 
6.148485e-02 1.116719e+04 9.783100e+03 
6.652525e-02 1.052077e+04 9.082487e+03 
7.156566e-02 9.853195e+03 8.442481e+03 
7.660606e-02 9.176328e+03 7.858204e+03 
8.164646e-02 8.525034e+03 7.324769e+03 
8.668687e-02 7.932253e+03 6.837489e+03 
9.172727e-02 7.412056e+03 6.391978e+03 
9.676768e-02 6.966031e+03 5.984203e+03 
1.018081e-01 6.590530e+03 5.610494e+03 
1.068485e-01 6.272510e+03 5.267533e+03 
1.118889e-01 5.988763e+03 4.952338e+03 
1.169293e-01 5.715262e+03 4.662233e+03 
1.219697e-01 5.438488e+03 4.394822e+03 
1.270101e-01 5.157583e+03 4.147962e+03 
1.320505e-01 4.878430e+03 3.919737e+03 
1.370909e-01 4.609186e+03 3.708432e+03 
1.421313e-01 4.357760e+03 3.512511e+03 
1.471717e-01 4.129857e+03 3.330598e+03 
1.522121e-01 3.927825e+03 3.161460e+03 
1.572525e-01 3.750939e+03 3.003990e+03 
1.622929e-01 3.595381e+03 2.857190e+03 
1.673333e-01 3.454787e+03 2.720163e+03 
1.723737e-01 3.322025e+03 2.592102e+03 
1.774141e-01 3.192100e+03 2.472276e+03 
1.824545e-01 3.063488e+03 2.360024e+03 
1.874949e-01 2.936450e+03 2.254748e+03 
1.925354e-01 2.811929e+03 2.155908e+03 
1.975758e-01 2.691962e+03 2.063009e+03 
2.026162e-01 2.579298e+03 1.975606e+03 
2.076566e-01 2.475736e+03 1.893289e+03 
2.126970e-01 2.381211e+03 1.815687e+03 
2.177374e-01 2.294481e+03 1.742462e+03 
2.227778e-01 2.214223e+03 1.673302e+03 
2.278182e-01 2.139042e+03 1.607923e+03 
2.328586e-01 2.067369e+03 1.546065e+03 
2.378990e-01 1.997898e+03 1.487489e+03 
2.429394e-01 1.930079e+03 1.431976e+03 
2.479798e-01 1.864097e+03 1.379323e+03 
2.530202e-01 1.800357e+03 1.329344e+03 
2.580606e-01 1.739122e+03 1.281867e+03 
2.631010e-01 1.680788e+03 1.236735e+03 
2.681414e-01 1.625796e+03 1.193801e+03 
2.731818e-01 1.574266e+03 1.152929e+03 
2.782222e-01 1.525830e+03 1.113994e+03 
2.832626e-01 1.479879e+03 1.076879e+03 
2.883030e-01 1.435947e+03 1.041477e+03 
2.933434e-01 1.393791e+03 1.007688e+03 
2.983838e-01 1.353201e+03 9.754186e+02 
3.034242e-01 1.313954e+03 9.445818e+02 
3.084646e-01 1.275916e+03 9.150971e+02 
3.135051e-01 1.239138e+03 8.868891e+02 
3.185455e-01 1.203785e+03 8.598878e+02 
3.235859e-01 1.169955e+03 8.340274e+02 
3.286263e-01 1.137606e+03 8.092469e+02 
3.336667e-01 1.106640e+03 7.854889e+02 
3.387071e-01 1.076984e+03 7.626996e+02 
3.437475e-01 1.048582e+03 7.408290e+02 
3.487879e-01 1.021325e+03 7.198299e+02 
3.538283e-01 9.950472e+02 6.996581e+02 
3.588687e-01 9.696108e+02 6.802721e+02 
3.639091e-01 9.449820e+02 6.616330e+02 
3.689495e-01 9.211931e+02 6.437041e+02 
3.739899e-01 8.982382e+02 6.264509e+02 
3.790303e-01 8.760744e+02 6.098411e+02 
3.840707e-01 8.546636e+02 5.938440e+02 
3.891111e-01 8.339987e+02 5.784309e+02 
3.941515e-01 8.140910e+02 5.635746e+02 
3.991919e-01 7.949109e+02 5.492494e+02 
4.042323e-01 7.763851e+02 5.354311e+02 
4.092727e-01 7.584591e+02 5.220969e+02 
4.143131e-01 7.411010e+02 5.092251e+02 
4.193535e-01 7.242998e+02 4.967952e+02 
4.243939e-01 7.080410e+02 4.847880e+02 
4.294343e-01 6.922768e+02 4.731850e+02 
4.344747e-01 6.769821e+02 4.619689e+02 
4.395152e-01 6.621589e+02 4.511232e+02 
4.445556e-01 6.478120e+02 4.406324e+02 
4.495960e-01 6.339191e+02 4.304815e+02 
4.546364e-01 6.204434e+02 4.206565e+02 
4.596768e-01 6.073664e+02 4.111441e+02 
4.647172e-01 5.946871e+02 4.019315e+02 
4.697576e-01 5.823918e+02 3.930067e+02 
4.747980e-01 5.704647e+02 3.843582e+02 
4.798384e-01 5.588691e+02 3.759750e+02 
4.848788e-01 5.475925e+02 3.678468e+02 
4.899192e-01 5.366406e+02 3.599636e+02 
4.949596e-01 5.260035e+02 3.523160e+02 
5.000000e-01 5.156677e+02 3.448950e+02 
