1.000000e-03 4.649372e+03 4.648926e+03 
6.040404e-03 2.064559e+04 2.073780e+04 
1.108081e-02 2.802458e+04 2.793844e+04 
1.612121e-02 3.018602e+04 2.976210e+04 
2.116162e-02 2.916453e+04 2.812462e+04 
2.620202e-02 2.642060e+04 2.494289e+04 
3.124242e-02 2.306206e+04 2.173253e+04 
3.628283e-02 1.984752e+04 1.902886e+04 
4.132323e-02 1.719468e+04 1.683054e+04 
4.636364e-02 1.521980e+04 1.502199e+04 
5.140404e-02 1.391290e+04 1.350403e+04 
5.644444e-02 1.308576e+04 1.220792e+04 
6.148485e-02 1.254109e+04 1.108694e+04 
6.652525e-02 1.207826e+04 1.010816e+04 
7.156566e-02 1.155160e+04 9.247379e+03 
7.660606e-02 1.087221e+04 8.486003e+03 
8.164646e-02 1.002858e+04 7.809331e+03 
8.668687e-02 9.080331e+03 7.205452e+03 
9.172727e-02 8.121323e+03 6.664551e+03 
9.676768e-02 7.243766e+03 6.178435e+03 
1.018081e-01 6.516286e+03 5.740202e+03 
1.068485e-01 5.970834e+03 5.343994e+03 
1.118889e-01 5.600834e+03 4.984807e+03 
1.169293e-01 5.371885e+03 4.658345e+03 
1.219697e-01 5.233820e+03 4.360903e+03 
1.270101e-01 5.131461e+03 4.089273e+03 
1.320505e-01 5.014355e+03 3.840667e+03 
1.370909e-01 4.847221e+03 3.612652e+03 
1.421313e-01 4.617542e+03 3.403103e+03 
1.471717e-01 4.333258e+03 3.210152e+03 
1.522121e-01 4.016061e+03 3.032155e+03 
1.572525e-01 3.694763e+03 2.867663e+03 
1.622929e-01 3.400073e+03 2.715393e+03 
1.673333e-01 3.155355e+03 2.574207e+03 
1.723737e-01 2.969803e+03 2.443093e+03 
1.774141e-01 2.839598e+03 2.321148e+03 
1.824545e-01 2.753262e+03 2.207567e+03 
1.874949e-01 2.695863e+03 2.101629e+03 
1.925354e-01 2.650475e+03 2.002686e+03 
1.975758e-01 2.599892e+03 1.910157e+03 
2.026162e-01 2.531050e+03 1.823518e+03 
2.076566e-01 2.438986e+03 1.742297e+03 
2.126970e-01 2.326687e+03 1.666065e+03 
2.177374e-01 2.201894e+03 1.594436e+03 
2.227778e-01 2.074166e+03 1.527060e+03 
2.278182e-01 1.953299e+03 1.463616e+03 
2.328586e-01 1.847397e+03 1.403815e+03 
2.378990e-01 1.761207e+03 1.347392e+03 
2.429394e-01 1.695182e+03 1.294106e+03 
2.479798e-01 1.646360e+03 1.243736e+03 
2.530202e-01 1.609675e+03 1.196080e+03 
2.580606e-01 1.579011e+03 1.150952e+03 
2.631010e-01 1.548266e+03 1.108182e+03 
2.681414e-01 1.512667e+03 1.067615e+03 
2.731818e-01 1.469779e+03 1.029107e+03 
2.782222e-01 1.419701e+03 9.925235e+02 
2.832626e-01 1.364394e+03 9.577440e+02 
2.883030e-01 1.306881e+03 9.246552e+02 
2.933434e-01 1.250565e+03 8.931526e+02 
2.983838e-01 1.198601e+03 8.631396e+02 
3.034242e-01 1.153230e+03 8.345267e+02 
3.084646e-01 1.115265e+03 8.072309e+02 
3.135051e-01 1.084151e+03 7.811749e+02 
3.185455e-01 1.058355e+03 7.562873e+02 
3.235859e-01 1.035906e+03 7.325014e+02 
3.286263e-01 1.014772e+03 7.097550e+02 
3.336667e-01 9.930839e+02 6.879904e+02 
3.387071e-01 9.695267e+02 6.671535e+02 
3.437475e-01 9.435964e+02 6.471941e+02 
3.487879e-01 9.156751e+02 6.280651e+02 
3.538283e-01 8.867213e+02 6.097223e+02 
3.588687e-01 8.578561e+02 5.921247e+02 
3.639091e-01 8.301407e+02 5.752337e+02 
3.689495e-01 8.044332e+02 5.590131e+02 
3.739899e-01 7.813341e+02 5.434289e+02 
3.790303e-01 7.609891e+02 5.284494e+02 
3.840707e-01 7.430661e+02 5.140445e+02 
3.891111e-01 7.269286e+02 5.001863e+02 
3.941515e-01 7.118579e+02 4.868481e+02 
3.991919e-01 6.971941e+02 4.740051e+02 
4.042323e-01 6.823700e+02 4.616338e+02 
4.092727e-01 6.670284e+02 4.497122e+02 
4.143131e-01 6.511052e+02 4.382193e+02 
4.193535e-01 6.347894e+02 4.271355e+02 
4.243939e-01 6.184313e+02 4.164421e+02 
4.294343e-01 6.023680e+02 4.061216e+02 
4.344747e-01 5.869356e+02 3.961574e+02 
4.395152e-01 5.724293e+02 3.865338e+02 
4.445556e-01 5.589976e+02 3.772359e+02 
4.495960e-01 5.466309e+02 3.682496e+02 
4.546364e-01 5.351521e+02 3.595615e+02 
4.596768e-01 5.243578e+02 3.511591e+02 
4.647172e-01 5.140150e+02 3.430303e+02 
4.697576e-01 5.039038e+02 3.351637e+02 
4.747980e-01 4.938441e+02 3.275485e+02 
4.798384e-01 4.837165e+02 3.201744e+02 
4.848788e-01 4.735148e+02 3.130317e+02 
4.899192e-01 4.633397e+02 3.061111e+02 
4.949596e-01 4.533024e+02 2.994038e+02 
5.000000e-01 4.434976e+02 2.929013e+02 
