1.000000e-03 4.743287e+03 4.742833e+03 
6.040404e-03 2.078864e+04 2.088007e+04 
1.108081e-02 2.817321e+04 2.808873e+04 
1.612121e-02 3.033585e+04 2.991699e+04 
2.116162e-02 2.930772e+04 2.826564e+04 
2.620202e-02 2.654974e+04 2.505648e+04 
3.124242e-02 2.317321e+04 2.181951e+04 
3.628283e-02 1.994040e+04 1.909596e+04 
4.132323e-02 1.727072e+04 1.688378e+04 
4.636364e-02 1.528134e+04 1.506546e+04 
5.140404e-02 1.396375e+04 1.354031e+04 
5.644444e-02 1.312546e+04 1.223868e+04 
6.148485e-02 1.257197e+04 1.111329e+04 
6.652525e-02 1.210560e+04 1.013090e+04 
7.156566e-02 1.157300e+04 9.267073e+03 
7.660606e-02 1.088627e+04 8.503102e+03 
8.164646e-02 1.003788e+04 7.824190e+03 
8.668687e-02 9.087788e+03 7.218361e+03 
9.172727e-02 8.127515e+03 6.675750e+03 
9.676768e-02 7.248265e+03 6.188128e+03 
1.018081e-01 6.519575e+03 5.748564e+03 
1.068485e-01 5.974091e+03 5.351175e+03 
1.118889e-01 5.604922e+03 4.990939e+03 
1.169293e-01 5.376035e+03 4.663542e+03 
1.219697e-01 5.236786e+03 4.365266e+03 
1.270101e-01 5.133116e+03 4.092891e+03 
1.320505e-01 5.015137e+03 3.843619e+03 
1.370909e-01 4.847137e+03 3.615009e+03 
1.421313e-01 4.615879e+03 3.404926e+03 
1.471717e-01 4.329608e+03 3.211496e+03 
1.522121e-01 4.010765e+03 3.033071e+03 
1.572525e-01 3.689037e+03 2.868195e+03 
1.622929e-01 3.394587e+03 2.715580e+03 
1.673333e-01 3.150103e+03 2.574084e+03 
1.723737e-01 2.965064e+03 2.442692e+03 
1.774141e-01 2.835688e+03 2.320498e+03 
1.824545e-01 2.750379e+03 2.206695e+03 
1.874949e-01 2.693708e+03 2.100557e+03 
1.925354e-01 2.648427e+03 2.001435e+03 
1.975758e-01 2.597496e+03 1.908746e+03 
2.026162e-01 2.528146e+03 1.821965e+03 
2.076566e-01 2.435421e+03 1.740616e+03 
2.126970e-01 2.322144e+03 1.664271e+03 
2.177374e-01 2.196255e+03 1.592542e+03 
2.227778e-01 2.067856e+03 1.525076e+03 
2.278182e-01 1.946849e+03 1.461554e+03 
2.328586e-01 1.841157e+03 1.401684e+03 
2.378990e-01 1.755297e+03 1.345201e+03 
2.429394e-01 1.689785e+03 1.291862e+03 
2.479798e-01 1.641740e+03 1.241446e+03 
2.530202e-01 1.605845e+03 1.193751e+03 
2.580606e-01 1.575635e+03 1.148589e+03 
2.631010e-01 1.544959e+03 1.105792e+03 
2.681414e-01 1.509234e+03 1.065201e+03 
2.731818e-01 1.466125e+03 1.026674e+03 
2.782222e-01 1.415660e+03 9.900755e+02 
2.832626e-01 1.359787e+03 9.552847e+02 
2.883030e-01 1.301714e+03 9.221877e+02 
2.933434e-01 1.245121e+03 8.906800e+02 
2.983838e-01 1.193180e+03 8.606646e+02 
3.034242e-01 1.147970e+03 8.320517e+02 
3.084646e-01 1.110244e+03 8.047581e+02 
3.135051e-01 1.079469e+03 7.787065e+02 
3.185455e-01 1.054140e+03 7.538250e+02 
3.235859e-01 1.032128e+03 7.300468e+02 
3.286263e-01 1.011225e+03 7.073096e+02 
3.336667e-01 9.895769e+02 6.855556e+02 
3.387071e-01 9.659594e+02 6.647305e+02 
3.437475e-01 9.399368e+02 6.447840e+02 
3.487879e-01 9.118401e+02 6.256688e+02 
3.538283e-01 8.826169e+02 6.073408e+02 
3.588687e-01 8.535223e+02 5.897587e+02 
3.639091e-01 8.257207e+02 5.728838e+02 
3.689495e-01 8.000706e+02 5.566800e+02 
3.739899e-01 7.770823e+02 5.411132e+02 
3.790303e-01 7.568689e+02 5.261515e+02 
3.840707e-01 7.391404e+02 5.117649e+02 
3.891111e-01 7.232645e+02 4.979252e+02 
3.941515e-01 7.084188e+02 4.846060e+02 
3.991919e-01 6.938586e+02 4.717822e+02 
4.042323e-01 6.790580e+02 4.594303e+02 
4.092727e-01 6.637136e+02 4.475283e+02 
4.143131e-01 6.477747e+02 4.360551e+02 
4.193535e-01 6.313908e+02 4.249911e+02 
4.243939e-01 6.149104e+02 4.143177e+02 
4.294343e-01 5.987638e+02 4.040172e+02 
4.344747e-01 5.833366e+02 3.940730e+02 
4.395152e-01 5.688873e+02 3.844694e+02 
4.445556e-01 5.555231e+02 3.751915e+02 
4.495960e-01 5.432202e+02 3.662252e+02 
4.546364e-01 5.318585e+02 3.575571e+02 
4.596768e-01 5.212067e+02 3.491746e+02 
4.647172e-01 5.109812e+02 3.410655e+02 
4.697576e-01 5.009302e+02 3.332186e+02 
4.747980e-01 4.908811e+02 3.256231e+02 
4.798384e-01 4.807695e+02 3.182685e+02 
4.848788e-01 4.705894e+02 3.111452e+02 
4.899192e-01 4.603944e+02 3.042438e+02 
4.949596e-01 4.503152e+02 2.975555e+02 
5.000000e-01 4.404905e+02 2.910720e+02 
