1.000000e-03 3.956126e+03 3.955767e+03 
6.040404e-03 1.773638e+04 1.781794e+04 
1.108081e-02 2.437948e+04 2.430480e+04 
1.612121e-02 2.660716e+04 2.623940e+04 
2.116162e-02 2.607961e+04 2.519065e+04 
2.620202e-02 2.400019e+04 2.271484e+04 
3.124242e-02 2.129374e+04 2.008526e+04 
3.628283e-02 1.861075e+04 1.779860e+04 
4.132323e-02 1.632985e+04 1.589423e+04 
4.636364e-02 1.457994e+04 1.429779e+04 
5.140404e-02 1.337350e+04 1.293751e+04 
5.644444e-02 1.257601e+04 1.176166e+04 
6.148485e-02 1.202541e+04 1.073419e+04 
6.652525e-02 1.156574e+04 9.829232e+03 
7.156566e-02 1.106243e+04 9.027355e+03 
7.660606e-02 1.043734e+04 8.313395e+03 
8.164646e-02 9.678488e+03 7.675145e+03 
8.668687e-02 8.831681e+03 7.102564e+03 
9.172727e-02 7.970454e+03 6.587264e+03 
9.676768e-02 7.168751e+03 6.122157e+03 
1.018081e-01 6.487083e+03 5.701207e+03 
1.068485e-01 5.959629e+03 5.319241e+03 
1.118889e-01 5.587330e+03 4.971800e+03 
1.169293e-01 5.342674e+03 4.655028e+03 
1.219697e-01 5.182440e+03 4.365577e+03 
1.270101e-01 5.060722e+03 4.100526e+03 
1.320505e-01 4.935296e+03 3.857325e+03 
1.370909e-01 4.774055e+03 3.633736e+03 
1.421313e-01 4.561630e+03 3.427792e+03 
1.471717e-01 4.301551e+03 3.237759e+03 
1.522121e-01 4.011201e+03 3.062103e+03 
1.572525e-01 3.714777e+03 2.899468e+03 
1.622929e-01 3.437173e+03 2.748646e+03 
1.673333e-01 3.198599e+03 2.608565e+03 
1.723737e-01 3.010292e+03 2.478265e+03 
1.774141e-01 2.872308e+03 2.356892e+03 
1.824545e-01 2.775868e+03 2.243678e+03 
1.874949e-01 2.707807e+03 2.137933e+03 
1.925354e-01 2.653562e+03 2.039040e+03 
1.975758e-01 2.598764e+03 1.946438e+03 
2.026162e-01 2.531765e+03 1.859626e+03 
2.076566e-01 2.446321e+03 1.778146e+03 
2.126970e-01 2.342774e+03 1.701586e+03 
2.177374e-01 2.226793e+03 1.629571e+03 
2.227778e-01 2.106627e+03 1.561761e+03 
2.278182e-01 1.990841e+03 1.497846e+03 
2.328586e-01 1.886674e+03 1.437544e+03 
2.378990e-01 1.798722e+03 1.380595e+03 
2.429394e-01 1.728370e+03 1.326765e+03 
2.479798e-01 1.674130e+03 1.275837e+03 
2.530202e-01 1.632312e+03 1.227613e+03 
2.580606e-01 1.597773e+03 1.181912e+03 
2.631010e-01 1.565006e+03 1.138566e+03 
2.681414e-01 1.529400e+03 1.097421e+03 
2.731818e-01 1.488283e+03 1.058336e+03 
2.782222e-01 1.441182e+03 1.021180e+03 
2.832626e-01 1.389207e+03 9.858324e+02 
2.883030e-01 1.334550e+03 9.521811e+02 
2.933434e-01 1.280046e+03 9.201230e+02 
2.983838e-01 1.228591e+03 8.895621e+02 
3.034242e-01 1.182426e+03 8.604097e+02 
3.084646e-01 1.142647e+03 8.325834e+02 
3.135051e-01 1.109132e+03 8.060064e+02 
3.185455e-01 1.080902e+03 7.806074e+02 
3.235859e-01 1.056452e+03 7.563200e+02 
3.286263e-01 1.034006e+03 7.330824e+02 
3.336667e-01 1.011809e+03 7.108367e+02 
3.387071e-01 9.884986e+02 6.895292e+02 
3.437475e-01 9.634250e+02 6.691094e+02 
3.487879e-01 9.366335e+02 6.495302e+02 
3.538283e-01 9.086926e+02 6.307476e+02 
3.588687e-01 8.804650e+02 6.127203e+02 
3.639091e-01 8.529255e+02 5.954096e+02 
3.689495e-01 8.269581e+02 5.787791e+02 
3.739899e-01 8.031666e+02 5.627949e+02 
3.790303e-01 7.817887e+02 5.474249e+02 
3.840707e-01 7.626866e+02 5.326390e+02 
3.891111e-01 7.454607e+02 5.184088e+02 
3.941515e-01 7.295656e+02 5.047078e+02 
3.991919e-01 7.143987e+02 4.915109e+02 
4.042323e-01 6.993834e+02 4.787944e+02 
4.092727e-01 6.841047e+02 4.665359e+02 
4.143131e-01 6.684029e+02 4.547144e+02 
4.193535e-01 6.523584e+02 4.433101e+02 
4.243939e-01 6.362012e+02 4.323040e+02 
4.294343e-01 6.202010e+02 4.216786e+02 
4.344747e-01 6.046382e+02 4.114169e+02 
4.395152e-01 5.898044e+02 4.015031e+02 
4.445556e-01 5.759041e+02 3.919220e+02 
4.495960e-01 5.629837e+02 3.826595e+02 
4.546364e-01 5.509572e+02 3.737020e+02 
4.596768e-01 5.396542e+02 3.650366e+02 
4.647172e-01 5.288992e+02 3.566512e+02 
4.697576e-01 5.185059e+02 3.485342e+02 
4.747980e-01 5.082908e+02 3.406747e+02 
4.798384e-01 4.981030e+02 3.330622e+02 
4.848788e-01 4.878924e+02 3.256867e+02 
4.899192e-01 4.776990e+02 3.185389e+02 
4.949596e-01 4.676019e+02 3.116097e+02 
5.000000e-01 4.576971e+02 3.048906e+02 
