1.000000e-03 6.289260e+03 6.288669e+03 
6.040404e-03 2.829488e+04 2.843411e+04 
1.108081e-02 3.850889e+04 3.851898e+04 
1.612121e-02 4.128201e+04 4.101886e+04 
2.116162e-02 3.935344e+04 3.822798e+04 
2.620202e-02 3.481615e+04 3.277905e+04 
3.124242e-02 2.934324e+04 2.728373e+04 
3.628283e-02 2.412597e+04 2.285104e+04 
4.132323e-02 1.983481e+04 1.948352e+04 
4.636364e-02 1.667548e+04 1.690178e+04 
5.140404e-02 1.462986e+04 1.486414e+04 
5.644444e-02 1.344832e+04 1.320860e+04 
6.148485e-02 1.284929e+04 1.183155e+04 
6.652525e-02 1.254455e+04 1.066549e+04 
7.156566e-02 1.228352e+04 9.664662e+03 
7.660606e-02 1.186746e+04 8.796685e+03 
8.164646e-02 1.118468e+04 8.037702e+03 
8.668687e-02 1.023548e+04 7.369548e+03 
9.172727e-02 9.112539e+03 6.778013e+03 
9.676768e-02 7.953987e+03 6.251742e+03 
1.018081e-01 6.894094e+03 5.781509e+03 
1.068485e-01 6.028829e+03 5.359716e+03 
1.118889e-01 5.400142e+03 4.980038e+03 
1.169293e-01 5.003430e+03 4.637159e+03 
1.219697e-01 4.801871e+03 4.326582e+03 
1.270101e-01 4.738659e+03 4.044475e+03 
1.320505e-01 4.745887e+03 3.787553e+03 
1.370909e-01 4.754436e+03 3.552989e+03 
1.421313e-01 4.707276e+03 3.338336e+03 
1.471717e-01 4.569205e+03 3.141470e+03 
1.522121e-01 4.330655e+03 2.960536e+03 
1.572525e-01 4.008229e+03 2.793912e+03 
1.622929e-01 3.640750e+03 2.640175e+03 
1.673333e-01 3.276265e+03 2.498069e+03 
1.723737e-01 2.955091e+03 2.366486e+03 
1.774141e-01 2.700795e+03 2.244445e+03 
1.824545e-01 2.521143e+03 2.131073e+03 
1.874949e-01 2.412903e+03 2.025593e+03 
1.925354e-01 2.364418e+03 1.927313e+03 
1.975758e-01 2.356036e+03 1.835611e+03 
2.026162e-01 2.363167e+03 1.749932e+03 
2.076566e-01 2.362036e+03 1.669775e+03 
2.126970e-01 2.334898e+03 1.594691e+03 
2.177374e-01 2.272351e+03 1.524274e+03 
2.227778e-01 2.173636e+03 1.458156e+03 
2.278182e-01 2.046249e+03 1.396006e+03 
2.328586e-01 1.904033e+03 1.337522e+03 
2.378990e-01 1.763130e+03 1.282429e+03 
2.429394e-01 1.637195e+03 1.230479e+03 
2.479798e-01 1.535064e+03 1.181444e+03 
2.530202e-01 1.460558e+03 1.135117e+03 
2.580606e-01 1.412845e+03 1.091309e+03 
2.631010e-01 1.387221e+03 1.049844e+03 
2.681414e-01 1.375973e+03 1.010564e+03 
2.731818e-01 1.370230e+03 9.733238e+02 
2.782222e-01 1.361647e+03 9.379875e+02 
2.832626e-01 1.343816e+03 9.044318e+02 
2.883030e-01 1.312966e+03 8.725426e+02 
2.933434e-01 1.268527e+03 8.422148e+02 
2.983838e-01 1.213055e+03 8.133510e+02 
3.034242e-01 1.151521e+03 7.858614e+02 
3.084646e-01 1.089790e+03 7.596627e+02 
3.135051e-01 1.033016e+03 7.346777e+02 
3.185455e-01 9.847393e+02 7.108349e+02 
3.235859e-01 9.468000e+02 6.880677e+02 
3.286263e-01 9.192987e+02 6.663144e+02 
3.336667e-01 9.007775e+02 6.455175e+02 
3.387071e-01 8.885389e+02 6.256233e+02 
3.437475e-01 8.791877e+02 6.065819e+02 
3.487879e-01 8.694292e+02 5.883467e+02 
3.538283e-01 8.567291e+02 5.708742e+02 
3.588687e-01 8.395297e+02 5.541237e+02 
3.639091e-01 8.173904e+02 5.380571e+02 
3.689495e-01 7.909689e+02 5.226389e+02 
3.739899e-01 7.618170e+02 5.078357e+02 
3.790303e-01 7.320255e+02 4.936161e+02 
3.840707e-01 7.036425e+02 4.799507e+02 
3.891111e-01 6.782286e+02 4.668121e+02 
3.941515e-01 6.567056e+02 4.541743e+02 
3.991919e-01 6.393516e+02 4.420128e+02 
4.042323e-01 6.257968e+02 4.303049e+02 
4.092727e-01 6.151319e+02 4.190288e+02 
4.143131e-01 6.061250e+02 4.081643e+02 
4.193535e-01 5.975166e+02 3.976921e+02 
4.243939e-01 5.882566e+02 3.875941e+02 
4.294343e-01 5.775999e+02 3.778534e+02 
4.344747e-01 5.651856e+02 3.684536e+02 
4.395152e-01 5.510995e+02 3.593795e+02 
4.445556e-01 5.358218e+02 3.506168e+02 
4.495960e-01 5.200984e+02 3.421518e+02 
4.546364e-01 5.047033e+02 3.339715e+02 
4.596768e-01 4.902566e+02 3.260637e+02 
4.647172e-01 4.772431e+02 3.184168e+02 
4.697576e-01 4.658958e+02 3.110198e+02 
4.747980e-01 4.562110e+02 3.038622e+02 
4.798384e-01 4.478823e+02 2.969341e+02 
4.848788e-01 4.404859e+02 2.902262e+02 
4.899192e-01 4.335347e+02 2.837294e+02 
4.949596e-01 4.266064e+02 2.774353e+02 
5.000000e-01 4.193694e+02 2.713358e+02 
