1.000000e-03 6.603898e+03 6.603287e+03 
6.040404e-03 2.922790e+04 2.937483e+04 
1.108081e-02 3.976914e+04 3.980074e+04 
1.612121e-02 4.271749e+04 4.251683e+04 
2.116162e-02 4.082010e+04 3.976744e+04 
2.620202e-02 3.617587e+04 3.409213e+04 
3.124242e-02 3.048356e+04 2.821735e+04 
3.628283e-02 2.497725e+04 2.343854e+04 
4.132323e-02 2.037692e+04 1.982554e+04 
4.636364e-02 1.693108e+04 1.708608e+04 
5.140404e-02 1.464136e+04 1.495007e+04 
5.644444e-02 1.327928e+04 1.323330e+04 
6.148485e-02 1.257238e+04 1.181787e+04 
6.652525e-02 1.224030e+04 1.062763e+04 
7.156566e-02 1.202215e+04 9.611596e+03 
7.660606e-02 1.170487e+04 8.734196e+03 
8.164646e-02 1.115003e+04 7.969584e+03 
8.668687e-02 1.032129e+04 7.298329e+03 
9.172727e-02 9.277753e+03 6.705398e+03 
9.676768e-02 8.139550e+03 6.178890e+03 
1.018081e-01 7.043688e+03 5.709209e+03 
1.068485e-01 6.102798e+03 5.288504e+03 
1.118889e-01 5.380642e+03 4.910272e+03 
1.169293e-01 4.890528e+03 4.569075e+03 
1.219697e-01 4.609487e+03 4.260328e+03 
1.270101e-01 4.493062e+03 3.980133e+03 
1.320505e-01 4.482909e+03 3.725164e+03 
1.370909e-01 4.513209e+03 3.492560e+03 
1.421313e-01 4.520954e+03 3.279852e+03 
1.471717e-01 4.457981e+03 3.084897e+03 
1.522121e-01 4.298639e+03 2.905832e+03 
1.572525e-01 4.042629e+03 2.741027e+03 
1.622929e-01 3.714111e+03 2.589051e+03 
1.673333e-01 3.354669e+03 2.448649e+03 
1.723737e-01 3.009555e+03 2.318709e+03 
1.774141e-01 2.713350e+03 2.198250e+03 
1.824545e-01 2.484625e+03 2.086400e+03 
1.874949e-01 2.328308e+03 1.982383e+03 
1.925354e-01 2.239693e+03 1.885507e+03 
1.975758e-01 2.206109e+03 1.795153e+03 
2.026162e-01 2.208019e+03 1.710767e+03 
2.076566e-01 2.222112e+03 1.631851e+03 
2.126970e-01 2.226266e+03 1.557957e+03 
2.177374e-01 2.203852e+03 1.488682e+03 
2.227778e-01 2.145971e+03 1.423659e+03 
2.278182e-01 2.052196e+03 1.362559e+03 
2.328586e-01 1.930101e+03 1.305083e+03 
2.378990e-01 1.793169e+03 1.250958e+03 
2.429394e-01 1.656735e+03 1.199936e+03 
2.479798e-01 1.534178e+03 1.151793e+03 
2.530202e-01 1.434484e+03 1.106322e+03 
2.580606e-01 1.361668e+03 1.063335e+03 
2.631010e-01 1.315213e+03 1.022661e+03 
2.681414e-01 1.290888e+03 9.841414e+02 
2.731818e-01 1.281814e+03 9.476312e+02 
2.782222e-01 1.279746e+03 9.129976e+02 
2.832626e-01 1.276455e+03 8.801180e+02 
2.883030e-01 1.265031e+03 8.488796e+02 
2.933434e-01 1.241024e+03 8.191783e+02 
2.983838e-01 1.203122e+03 7.909181e+02 
3.034242e-01 1.153160e+03 7.640100e+02 
3.084646e-01 1.095436e+03 7.383718e+02 
3.135051e-01 1.035451e+03 7.139272e+02 
3.185455e-01 9.785653e+02 6.906056e+02 
3.235859e-01 9.289829e+02 6.683413e+02 
3.286263e-01 8.891727e+02 6.470734e+02 
3.336667e-01 8.598259e+02 6.267450e+02 
3.387071e-01 8.400856e+02 6.073034e+02 
3.437475e-01 8.278093e+02 5.886992e+02 
3.487879e-01 8.199988e+02 5.708866e+02 
3.538283e-01 8.133333e+02 5.538226e+02 
3.588687e-01 8.048243e+02 5.374671e+02 
3.639091e-01 7.923503e+02 5.217826e+02 
3.689495e-01 7.748835e+02 5.067342e+02 
3.739899e-01 7.524944e+02 4.922888e+02 
3.790303e-01 7.262274e+02 4.784157e+02 
3.840707e-01 6.978734e+02 4.650859e+02 
3.891111e-01 6.695562e+02 4.522724e+02 
3.941515e-01 6.432089e+02 4.399495e+02 
3.991919e-01 6.202311e+02 4.280935e+02 
4.042323e-01 6.013081e+02 4.166816e+02 
4.092727e-01 5.864785e+02 4.056927e+02 
4.143131e-01 5.752319e+02 3.951067e+02 
4.193535e-01 5.666163e+02 3.849048e+02 
4.243939e-01 5.593954e+02 3.750693e+02 
4.294343e-01 5.522969e+02 3.655832e+02 
4.344747e-01 5.442694e+02 3.564308e+02 
4.395152e-01 5.346409e+02 3.475971e+02 
4.445556e-01 5.231376e+02 3.390679e+02 
4.495960e-01 5.099106e+02 3.308297e+02 
4.546364e-01 4.954665e+02 3.228700e+02 
4.596768e-01 4.805317e+02 3.151767e+02 
4.647172e-01 4.658979e+02 3.077384e+02 
4.697576e-01 4.522635e+02 3.005442e+02 
4.747980e-01 4.400870e+02 2.935841e+02 
4.798384e-01 4.295967e+02 2.868481e+02 
4.848788e-01 4.207582e+02 2.803272e+02 
4.899192e-01 4.133207e+02 2.740125e+02 
4.949596e-01 4.068703e+02 2.678957e+02 
5.000000e-01 4.009069e+02 2.619688e+02 
