1.000000e-03 5.641942e+03 5.641420e+03 
6.040404e-03 2.555214e+04 2.567725e+04 
1.108081e-02 3.513219e+04 3.513114e+04 
1.612121e-02 3.807480e+04 3.782159e+04 
2.116162e-02 3.673640e+04 3.571453e+04 
2.620202e-02 3.293479e+04 3.105035e+04 
3.124242e-02 2.814877e+04 2.615459e+04 
3.628283e-02 2.345904e+04 2.210812e+04 
4.132323e-02 1.950602e+04 1.898370e+04 
4.636364e-02 1.652079e+04 1.656080e+04 
5.140404e-02 1.452304e+04 1.463186e+04 
5.644444e-02 1.331683e+04 1.305360e+04 
6.148485e-02 1.266326e+04 1.173298e+04 
6.652525e-02 1.231291e+04 1.060889e+04 
7.156566e-02 1.202994e+04 9.639641e+03 
7.660606e-02 1.162994e+04 8.795574e+03 
8.164646e-02 1.100584e+04 8.054743e+03 
8.668687e-02 1.014600e+04 7.400354e+03 
9.172727e-02 9.117987e+03 6.819209e+03 
9.676768e-02 8.035238e+03 6.300709e+03 
1.018081e-01 7.018772e+03 5.836204e+03 
1.068485e-01 6.164253e+03 5.418538e+03 
1.118889e-01 5.521503e+03 5.041728e+03 
1.169293e-01 5.093856e+03 4.700727e+03 
1.219697e-01 4.852230e+03 4.391248e+03 
1.270101e-01 4.749462e+03 4.109624e+03 
1.320505e-01 4.727539e+03 3.852704e+03 
1.370909e-01 4.723946e+03 3.617765e+03 
1.421313e-01 4.682493e+03 3.402444e+03 
1.471717e-01 4.565090e+03 3.204683e+03 
1.522121e-01 4.357799e+03 3.022683e+03 
1.572525e-01 4.070302e+03 2.854865e+03 
1.622929e-01 3.731708e+03 2.699839e+03 
1.673333e-01 3.382242e+03 2.556379e+03 
1.723737e-01 3.061212e+03 2.423398e+03 
1.774141e-01 2.796117e+03 2.299933e+03 
1.824545e-01 2.599154e+03 2.185126e+03 
1.874949e-01 2.469978e+03 2.078212e+03 
1.925354e-01 2.399814e+03 1.978506e+03 
1.975758e-01 2.373358e+03 1.885395e+03 
2.026162e-01 2.370152e+03 1.798329e+03 
2.076566e-01 2.367999e+03 1.716812e+03 
2.126970e-01 2.347872e+03 1.640397e+03 
2.177374e-01 2.297772e+03 1.568681e+03 
2.227778e-01 2.214125e+03 1.501297e+03 
2.278182e-01 2.101286e+03 1.437916e+03 
2.328586e-01 1.969683e+03 1.378235e+03 
2.378990e-01 1.833028e+03 1.321982e+03 
2.429394e-01 1.704755e+03 1.268906e+03 
2.479798e-01 1.595234e+03 1.218782e+03 
2.530202e-01 1.510308e+03 1.171399e+03 
2.580606e-01 1.451164e+03 1.126569e+03 
2.631010e-01 1.414873e+03 1.084117e+03 
2.681414e-01 1.395470e+03 1.043883e+03 
2.731818e-01 1.385349e+03 1.005719e+03 
2.782222e-01 1.376604e+03 9.694906e+02 
2.832626e-01 1.362301e+03 9.350728e+02 
2.883030e-01 1.337532e+03 9.023507e+02 
2.933434e-01 1.300198e+03 8.712181e+02 
2.983838e-01 1.251290e+03 8.415768e+02 
3.034242e-01 1.194335e+03 8.133360e+02 
3.084646e-01 1.134258e+03 7.864114e+02 
3.135051e-01 1.076115e+03 7.607251e+02 
3.185455e-01 1.024095e+03 7.362046e+02 
3.235859e-01 9.809549e+02 7.127824e+02 
3.286263e-01 9.477520e+02 6.903961e+02 
3.336667e-01 9.238787e+02 6.689871e+02 
3.387071e-01 9.074236e+02 6.485012e+02 
3.437475e-01 8.956640e+02 6.288876e+02 
3.487879e-01 8.855551e+02 6.100991e+02 
3.538283e-01 8.742676e+02 5.920913e+02 
3.588687e-01 8.596324e+02 5.748229e+02 
3.639091e-01 8.405372e+02 5.582553e+02 
3.689495e-01 8.170172e+02 5.423521e+02 
3.739899e-01 7.900402e+02 5.270793e+02 
3.790303e-01 7.612236e+02 5.124051e+02 
3.840707e-01 7.323854e+02 4.982995e+02 
3.891111e-01 7.052926e+02 4.847345e+02 
3.941515e-01 6.813217e+02 4.716835e+02 
3.991919e-01 6.611992e+02 4.591217e+02 
4.042323e-01 6.449585e+02 4.470258e+02 
4.092727e-01 6.320599e+02 4.353735e+02 
4.143131e-01 6.215748e+02 4.241443e+02 
4.193535e-01 6.123983e+02 4.133183e+02 
4.243939e-01 6.034163e+02 4.028773e+02 
4.294343e-01 5.936663e+02 3.928035e+02 
4.344747e-01 5.824956e+02 3.830807e+02 
4.395152e-01 5.696785e+02 3.736930e+02 
4.445556e-01 5.554128e+02 3.646259e+02 
4.495960e-01 5.402148e+02 3.558652e+02 
4.546364e-01 5.247433e+02 3.473977e+02 
4.596768e-01 5.096579e+02 3.392110e+02 
4.647172e-01 4.955615e+02 3.312930e+02 
4.697576e-01 4.828972e+02 3.236325e+02 
4.747980e-01 4.718407e+02 3.162189e+02 
4.798384e-01 4.623040e+02 3.090419e+02 
4.848788e-01 4.539985e+02 3.020919e+02 
4.899192e-01 4.465264e+02 2.953596e+02 
4.949596e-01 4.394689e+02 2.888365e+02 
5.000000e-01 4.324221e+02 2.825141e+02 
