1.000000e-03 3.353525e+03 3.353211e+03 
6.040404e-03 1.510570e+04 1.516797e+04 
1.108081e-02 2.077663e+04 2.065977e+04 
1.612121e-02 2.275358e+04 2.231653e+04 
2.116162e-02 2.248280e+04 2.160747e+04 
2.620202e-02 2.097614e+04 1.985957e+04 
3.124242e-02 1.898129e+04 1.797700e+04 
3.628283e-02 1.700313e+04 1.627057e+04 
4.132323e-02 1.532106e+04 1.477529e+04 
4.636364e-02 1.401983e+04 1.346341e+04 
5.140404e-02 1.308664e+04 1.230475e+04 
5.644444e-02 1.240052e+04 1.127561e+04 
6.148485e-02 1.183673e+04 1.035772e+04 
6.652525e-02 1.127786e+04 9.536419e+03 
7.156566e-02 1.064745e+04 8.799587e+03 
7.660606e-02 9.921756e+03 8.136932e+03 
8.164646e-02 9.131418e+03 7.539617e+03 
8.668687e-02 8.336687e+03 6.999992e+03 
9.172727e-02 7.597145e+03 6.511413e+03 
9.676768e-02 6.958815e+03 6.068093e+03 
1.018081e-01 6.448997e+03 5.664981e+03 
1.068485e-01 6.069685e+03 5.297665e+03 
1.118889e-01 5.796290e+03 4.962283e+03 
1.169293e-01 5.587759e+03 4.655446e+03 
1.219697e-01 5.402811e+03 4.374182e+03 
1.270101e-01 5.208987e+03 4.115873e+03 
1.320505e-01 4.986222e+03 3.878212e+03 
1.370909e-01 4.729142e+03 3.659162e+03 
1.421313e-01 4.446596e+03 3.456919e+03 
1.471717e-01 4.156931e+03 3.269885e+03 
1.522121e-01 3.880172e+03 3.096639e+03 
1.572525e-01 3.632720e+03 2.935917e+03 
1.622929e-01 3.425777e+03 2.786591e+03 
1.673333e-01 3.262322e+03 2.647651e+03 
1.723737e-01 3.136683e+03 2.518196e+03 
1.774141e-01 3.036870e+03 2.397416e+03 
1.824545e-01 2.949874e+03 2.284582e+03 
1.874949e-01 2.864247e+03 2.179039e+03 
1.925354e-01 2.771675e+03 2.080196e+03 
1.975758e-01 2.667712e+03 1.987518e+03 
2.026162e-01 2.552803e+03 1.900523e+03 
2.076566e-01 2.432005e+03 1.818771e+03 
2.126970e-01 2.312179e+03 1.741864e+03 
2.177374e-01 2.199651e+03 1.669442e+03 
2.227778e-01 2.099044e+03 1.601174e+03 
2.278182e-01 2.012639e+03 1.536759e+03 
2.328586e-01 1.940246e+03 1.475924e+03 
2.378990e-01 1.879401e+03 1.418416e+03 
2.429394e-01 1.826489e+03 1.364005e+03 
2.479798e-01 1.777531e+03 1.312482e+03 
2.530202e-01 1.728891e+03 1.263651e+03 
2.580606e-01 1.677875e+03 1.217335e+03 
2.631010e-01 1.623492e+03 1.173370e+03 
2.681414e-01 1.566556e+03 1.131604e+03 
2.731818e-01 1.508950e+03 1.091899e+03 
2.782222e-01 1.452717e+03 1.054124e+03 
2.832626e-01 1.399528e+03 1.018162e+03 
2.883030e-01 1.350661e+03 9.839017e+02 
2.933434e-01 1.306895e+03 9.512408e+02 
2.983838e-01 1.268114e+03 9.200847e+02 
3.034242e-01 1.233422e+03 8.903453e+02 
3.084646e-01 1.201438e+03 8.619407e+02 
3.135051e-01 1.170915e+03 8.347947e+02 
3.185455e-01 1.140857e+03 8.088366e+02 
3.235859e-01 1.110601e+03 7.840000e+02 
3.286263e-01 1.079818e+03 7.602235e+02 
3.336667e-01 1.048654e+03 7.374495e+02 
3.387071e-01 1.017662e+03 7.156241e+02 
3.437475e-01 9.875234e+02 6.946970e+02 
3.487879e-01 9.588079e+02 6.746212e+02 
3.538283e-01 9.318427e+02 6.553526e+02 
3.588687e-01 9.067636e+02 6.368497e+02 
3.639091e-01 8.835199e+02 6.190739e+02 
3.689495e-01 8.618436e+02 6.019887e+02 
3.739899e-01 8.413547e+02 5.855599e+02 
3.790303e-01 8.216272e+02 5.697553e+02 
3.840707e-01 8.023478e+02 5.545448e+02 
3.891111e-01 7.833121e+02 5.398998e+02 
3.941515e-01 7.644363e+02 5.257935e+02 
3.991919e-01 7.457329e+02 5.122006e+02 
4.042323e-01 7.273252e+02 4.990973e+02 
4.092727e-01 7.094182e+02 4.864611e+02 
4.143131e-01 6.921868e+02 4.742706e+02 
4.193535e-01 6.757280e+02 4.625059e+02 
4.243939e-01 6.600575e+02 4.511480e+02 
4.294343e-01 6.451270e+02 4.401788e+02 
4.344747e-01 6.309128e+02 4.295814e+02 
4.395152e-01 6.172949e+02 4.193397e+02 
4.445556e-01 6.041270e+02 4.094384e+02 
4.495960e-01 5.912742e+02 3.998631e+02 
4.546364e-01 5.786961e+02 3.906001e+02 
4.596768e-01 5.663694e+02 3.816363e+02 
4.647172e-01 5.542936e+02 3.729594e+02 
4.697576e-01 5.424689e+02 3.645576e+02 
4.747980e-01 5.309297e+02 3.564198e+02 
4.798384e-01 5.197440e+02 3.485354e+02 
4.848788e-01 5.089496e+02 3.408943e+02 
4.899192e-01 4.985497e+02 3.334869e+02 
4.949596e-01 4.885182e+02 3.263040e+02 
5.000000e-01 4.788217e+02 3.193370e+02 
