1.000000e-03 2.152432e+03 2.152241e+03 
6.040404e-03 9.638111e+03 9.677566e+03 
1.108081e-02 1.342774e+04 1.329788e+04 
1.612121e-02 1.508378e+04 1.467534e+04 
2.116162e-02 1.548885e+04 1.480597e+04 
2.620202e-02 1.518651e+04 1.434004e+04 
3.124242e-02 1.453307e+04 1.363006e+04 
3.628283e-02 1.375328e+04 1.283217e+04 
4.132323e-02 1.297256e+04 1.201753e+04 
4.636364e-02 1.223595e+04 1.122181e+04 
5.140404e-02 1.156538e+04 1.046340e+04 
5.644444e-02 1.092948e+04 9.751129e+03 
6.148485e-02 1.031015e+04 9.088296e+03 
6.652525e-02 9.709474e+03 8.474985e+03 
7.156566e-02 9.118732e+03 7.909472e+03 
7.660606e-02 8.543589e+03 7.389070e+03 
8.164646e-02 8.004433e+03 6.910646e+03 
8.668687e-02 7.518326e+03 6.470928e+03 
9.172727e-02 7.086355e+03 6.066690e+03 
9.676768e-02 6.699853e+03 5.694853e+03 
1.018081e-01 6.351992e+03 5.352535e+03 
1.068485e-01 6.037082e+03 5.037078e+03 
1.118889e-01 5.744773e+03 4.746049e+03 
1.169293e-01 5.463402e+03 4.477235e+03 
1.219697e-01 5.187757e+03 4.228631e+03 
1.270101e-01 4.920320e+03 3.998424e+03 
1.320505e-01 4.666640e+03 3.784980e+03 
1.370909e-01 4.431202e+03 3.586822e+03 
1.421313e-01 4.215412e+03 3.402620e+03 
1.471717e-01 4.018378e+03 3.231177e+03 
1.522121e-01 3.838040e+03 3.071408e+03 
1.572525e-01 3.672226e+03 2.922339e+03 
1.622929e-01 3.518950e+03 2.783085e+03 
1.673333e-01 3.375102e+03 2.652848e+03 
1.723737e-01 3.237325e+03 2.530905e+03 
1.774141e-01 3.104026e+03 2.416602e+03 
1.824545e-01 2.976026e+03 2.309342e+03 
1.874949e-01 2.854544e+03 2.208586e+03 
1.925354e-01 2.739736e+03 2.113842e+03 
1.975758e-01 2.631382e+03 2.024663e+03 
2.026162e-01 2.529611e+03 1.940638e+03 
2.076566e-01 2.434830e+03 1.861396e+03 
2.126970e-01 2.346327e+03 1.786596e+03 
2.177374e-01 2.262788e+03 1.715924e+03 
2.227778e-01 2.183122e+03 1.649096e+03 
2.278182e-01 2.106967e+03 1.585848e+03 
2.328586e-01 2.034222e+03 1.525939e+03 
2.378990e-01 1.964656e+03 1.469147e+03 
2.429394e-01 1.898054e+03 1.415268e+03 
2.479798e-01 1.834407e+03 1.364114e+03 
2.530202e-01 1.773811e+03 1.315511e+03 
2.580606e-01 1.716211e+03 1.269298e+03 
2.631010e-01 1.661445e+03 1.225327e+03 
2.681414e-01 1.609310e+03 1.183461e+03 
2.731818e-01 1.559592e+03 1.143572e+03 
2.782222e-01 1.512086e+03 1.105542e+03 
2.832626e-01 1.466588e+03 1.069261e+03 
2.883030e-01 1.422931e+03 1.034629e+03 
2.933434e-01 1.381009e+03 1.001549e+03 
2.983838e-01 1.340738e+03 9.699333e+02 
3.034242e-01 1.302086e+03 9.397005e+02 
3.084646e-01 1.265023e+03 9.107735e+02 
3.135051e-01 1.229486e+03 8.830809e+02 
3.185455e-01 1.195378e+03 8.565557e+02 
3.235859e-01 1.162603e+03 8.311356e+02 
3.286263e-01 1.131102e+03 8.067620e+02 
3.336667e-01 1.100840e+03 7.833803e+02 
3.387071e-01 1.071740e+03 7.609391e+02 
3.437475e-01 1.043698e+03 7.393905e+02 
3.487879e-01 1.016651e+03 7.186892e+02 
3.538283e-01 9.905765e+02 6.987929e+02 
3.588687e-01 9.654583e+02 6.796619e+02 
3.639091e-01 9.412511e+02 6.612586e+02 
3.689495e-01 9.178876e+02 6.435479e+02 
3.739899e-01 8.953236e+02 6.264965e+02 
3.790303e-01 8.735519e+02 6.100733e+02 
3.840707e-01 8.525467e+02 5.942487e+02 
3.891111e-01 8.322699e+02 5.789950e+02 
3.941515e-01 8.126650e+02 5.642859e+02 
3.991919e-01 7.936833e+02 5.500967e+02 
4.042323e-01 7.753293e+02 5.364040e+02 
4.092727e-01 7.575927e+02 5.231855e+02 
4.143131e-01 7.404354e+02 5.104205e+02 
4.193535e-01 7.238124e+02 4.980889e+02 
4.243939e-01 7.077004e+02 4.861721e+02 
4.294343e-01 6.921002e+02 4.746523e+02 
4.344747e-01 6.770034e+02 4.635126e+02 
4.395152e-01 6.623783e+02 4.527370e+02 
4.445556e-01 6.481857e+02 4.423103e+02 
4.495960e-01 6.344186e+02 4.322181e+02 
4.546364e-01 6.210654e+02 4.224467e+02 
4.596768e-01 6.081161e+02 4.129831e+02 
4.647172e-01 5.955580e+02 4.038148e+02 
4.697576e-01 5.833560e+02 3.949302e+02 
4.747980e-01 5.714949e+02 3.863180e+02 
4.798384e-01 5.599798e+02 3.779676e+02 
4.848788e-01 5.488074e+02 3.698687e+02 
4.899192e-01 5.379453e+02 3.620118e+02 
4.949596e-01 5.273779e+02 3.543875e+02 
5.000000e-01 5.171009e+02 3.469871e+02 
