1.000000e-03 2.360941e+03 2.360723e+03 
6.040404e-03 1.072367e+04 1.076468e+04 
1.108081e-02 1.489551e+04 1.475494e+04 
1.612121e-02 1.660272e+04 1.616375e+04 
2.116162e-02 1.685790e+04 1.611828e+04 
2.620202e-02 1.630889e+04 1.541614e+04 
3.124242e-02 1.539442e+04 1.449614e+04 
3.628283e-02 1.439418e+04 1.353101e+04 
4.132323e-02 1.345914e+04 1.258504e+04 
4.636364e-02 1.263797e+04 1.168510e+04 
5.140404e-02 1.192971e+04 1.084289e+04 
5.644444e-02 1.128461e+04 1.006249e+04 
6.148485e-02 1.066108e+04 9.343799e+03 
6.652525e-02 1.003878e+04 8.684405e+03 
7.156566e-02 9.403048e+03 8.080678e+03 
7.660606e-02 8.767921e+03 7.528458e+03 
8.164646e-02 8.163861e+03 7.023450e+03 
8.668687e-02 7.617250e+03 6.561461e+03 
9.172727e-02 7.137163e+03 6.138521e+03 
9.676768e-02 6.722028e+03 5.750948e+03 
1.018081e-01 6.367352e+03 5.395370e+03 
1.068485e-01 6.060929e+03 5.068727e+03 
1.118889e-01 5.781875e+03 4.768253e+03 
1.169293e-01 5.510519e+03 4.491462e+03 
1.219697e-01 5.237633e+03 4.236121e+03 
1.270101e-01 4.964687e+03 4.000228e+03 
1.320505e-01 4.697843e+03 3.781987e+03 
1.370909e-01 4.443936e+03 3.579792e+03 
1.421313e-01 4.209214e+03 3.392200e+03 
1.471717e-01 3.997141e+03 3.217916e+03 
1.522121e-01 3.808327e+03 3.055779e+03 
1.572525e-01 3.641030e+03 2.904744e+03 
1.622929e-01 3.491311e+03 2.763870e+03 
1.673333e-01 3.353479e+03 2.632309e+03 
1.723737e-01 3.221824e+03 2.509297e+03 
1.774141e-01 3.093035e+03 2.394142e+03 
1.824545e-01 2.966506e+03 2.286219e+03 
1.874949e-01 2.843019e+03 2.184959e+03 
1.925354e-01 2.723619e+03 2.089850e+03 
1.975758e-01 2.609850e+03 2.000423e+03 
2.026162e-01 2.503709e+03 1.916253e+03 
2.076566e-01 2.406140e+03 1.836952e+03 
2.126970e-01 2.316498e+03 1.762167e+03 
2.177374e-01 2.233374e+03 1.691574e+03 
2.227778e-01 2.155551e+03 1.624877e+03 
2.278182e-01 2.081935e+03 1.561807e+03 
2.328586e-01 2.011370e+03 1.502114e+03 
2.378990e-01 1.942982e+03 1.445570e+03 
2.429394e-01 1.876623e+03 1.391967e+03 
2.479798e-01 1.812640e+03 1.341110e+03 
2.530202e-01 1.751283e+03 1.292822e+03 
2.580606e-01 1.692646e+03 1.246939e+03 
2.631010e-01 1.636946e+03 1.203310e+03 
2.681414e-01 1.584423e+03 1.161794e+03 
2.731818e-01 1.534997e+03 1.122262e+03 
2.782222e-01 1.488207e+03 1.084594e+03 
2.832626e-01 1.443511e+03 1.048678e+03 
2.883030e-01 1.400611e+03 1.014411e+03 
2.933434e-01 1.359401e+03 9.816979e+02 
2.983838e-01 1.319749e+03 9.504482e+02 
3.034242e-01 1.281486e+03 9.205792e+02 
3.084646e-01 1.244529e+03 8.920134e+02 
3.135051e-01 1.208948e+03 8.646786e+02 
3.185455e-01 1.174860e+03 8.385074e+02 
3.235859e-01 1.142259e+03 8.134369e+02 
3.286263e-01 1.111023e+03 7.894082e+02 
3.336667e-01 1.081053e+03 7.663662e+02 
3.387071e-01 1.052301e+03 7.442595e+02 
3.437475e-01 1.024692e+03 7.230397e+02 
3.487879e-01 9.981358e+02 7.026616e+02 
3.538283e-01 9.724947e+02 6.830826e+02 
3.588687e-01 9.476818e+02 6.642628e+02 
3.639091e-01 9.237064e+02 6.461648e+02 
3.689495e-01 9.005941e+02 6.287532e+02 
3.739899e-01 8.783046e+02 6.119950e+02 
3.790303e-01 8.567870e+02 5.958588e+02 
3.840707e-01 8.360069e+02 5.803152e+02 
3.891111e-01 8.159590e+02 5.653365e+02 
3.941515e-01 7.966305e+02 5.508965e+02 
3.991919e-01 7.779732e+02 5.369705e+02 
4.042323e-01 7.599224e+02 5.235351e+02 
4.092727e-01 7.424446e+02 5.105683e+02 
4.143131e-01 7.255342e+02 4.980492e+02 
4.193535e-01 7.091769e+02 4.859581e+02 
4.243939e-01 6.933323e+02 4.742763e+02 
4.294343e-01 6.779651e+02 4.629862e+02 
4.344747e-01 6.630736e+02 4.520708e+02 
4.395152e-01 6.486523e+02 4.415145e+02 
4.445556e-01 6.346946e+02 4.313020e+02 
4.495960e-01 6.211639e+02 4.214191e+02 
4.546364e-01 6.080298e+02 4.118521e+02 
4.596768e-01 5.952873e+02 4.025883e+02 
4.647172e-01 5.829298e+02 3.936152e+02 
4.697576e-01 5.709460e+02 3.849212e+02 
4.747980e-01 5.593042e+02 3.764952e+02 
4.798384e-01 5.479870e+02 3.683267e+02 
4.848788e-01 5.369910e+02 3.604056e+02 
4.899192e-01 5.263122e+02 3.527223e+02 
4.949596e-01 5.159387e+02 3.452677e+02 
5.000000e-01 5.058484e+02 3.380331e+02 
