1.000000e-03 2.973225e+03 2.972943e+03 
6.040404e-03 1.322176e+04 1.327189e+04 
1.108081e-02 1.813772e+04 1.799451e+04 
1.612121e-02 1.992631e+04 1.945658e+04 
2.116162e-02 1.986561e+04 1.902809e+04 
2.620202e-02 1.880387e+04 1.779628e+04 
3.124242e-02 1.733851e+04 1.640348e+04 
3.628283e-02 1.585693e+04 1.506913e+04 
4.132323e-02 1.456498e+04 1.384064e+04 
4.636364e-02 1.351697e+04 1.272138e+04 
5.140404e-02 1.271574e+04 1.170547e+04 
5.644444e-02 1.204322e+04 1.078512e+04 
6.148485e-02 1.142330e+04 9.952130e+03 
6.652525e-02 1.079010e+04 9.198398e+03 
7.156566e-02 1.010690e+04 8.516160e+03 
7.660606e-02 9.380783e+03 7.898159e+03 
8.164646e-02 8.652266e+03 7.337725e+03 
8.668687e-02 7.969164e+03 6.828809e+03 
9.172727e-02 7.364513e+03 6.365971e+03 
9.676768e-02 6.856477e+03 5.944351e+03 
1.018081e-01 6.449318e+03 5.559622e+03 
1.068485e-01 6.129930e+03 5.207947e+03 
1.118889e-01 5.867717e+03 4.885920e+03 
1.169293e-01 5.627550e+03 4.590528e+03 
1.219697e-01 5.384453e+03 4.319098e+03 
1.270101e-01 5.126808e+03 4.069261e+03 
1.320505e-01 4.853761e+03 3.838918e+03 
1.370909e-01 4.573161e+03 3.626200e+03 
1.421313e-01 4.298350e+03 3.429448e+03 
1.471717e-01 4.042805e+03 3.247182e+03 
1.522121e-01 3.815963e+03 3.078082e+03 
1.572525e-01 3.622135e+03 2.920970e+03 
1.622929e-01 3.460610e+03 2.774789e+03 
1.673333e-01 3.325442e+03 2.638593e+03 
1.723737e-01 3.206657e+03 2.511532e+03 
1.774141e-01 3.094438e+03 2.392842e+03 
1.824545e-01 2.982023e+03 2.281832e+03 
1.874949e-01 2.866137e+03 2.177881e+03 
1.925354e-01 2.746277e+03 2.080427e+03 
1.975758e-01 2.624624e+03 1.988961e+03 
2.026162e-01 2.505403e+03 1.903020e+03 
2.076566e-01 2.393082e+03 1.822186e+03 
2.126970e-01 2.290709e+03 1.746077e+03 
2.177374e-01 2.199289e+03 1.674345e+03 
2.227778e-01 2.118407e+03 1.606674e+03 
2.278182e-01 2.046366e+03 1.542773e+03 
2.328586e-01 1.980521e+03 1.482378e+03 
2.378990e-01 1.918151e+03 1.425246e+03 
2.429394e-01 1.857265e+03 1.371154e+03 
2.479798e-01 1.796685e+03 1.319899e+03 
2.530202e-01 1.735904e+03 1.271291e+03 
2.580606e-01 1.675207e+03 1.225159e+03 
2.631010e-01 1.615714e+03 1.181343e+03 
2.681414e-01 1.558910e+03 1.139695e+03 
2.731818e-01 1.505731e+03 1.100079e+03 
2.782222e-01 1.456408e+03 1.062371e+03 
2.832626e-01 1.410731e+03 1.026453e+03 
2.883030e-01 1.368373e+03 9.922180e+02 
2.933434e-01 1.328839e+03 9.595657e+02 
2.983838e-01 1.291328e+03 9.284034e+02 
3.034242e-01 1.254999e+03 8.986448e+02 
3.084646e-01 1.219376e+03 8.702096e+02 
3.135051e-01 1.184386e+03 8.430230e+02 
3.185455e-01 1.150153e+03 8.170153e+02 
3.235859e-01 1.116812e+03 7.921217e+02 
3.286263e-01 1.084546e+03 7.682814e+02 
3.336667e-01 1.053624e+03 7.454378e+02 
3.387071e-01 1.024283e+03 7.235379e+02 
3.437475e-01 9.965603e+02 7.025320e+02 
3.487879e-01 9.702913e+02 6.823738e+02 
3.538283e-01 9.452436e+02 6.630197e+02 
3.588687e-01 9.212194e+02 6.444288e+02 
3.639091e-01 8.980628e+02 6.265628e+02 
3.689495e-01 8.756171e+02 6.093858e+02 
3.739899e-01 8.537594e+02 5.928638e+02 
3.790303e-01 8.324415e+02 5.769651e+02 
3.840707e-01 8.117262e+02 5.616597e+02 
3.891111e-01 7.916682e+02 5.469193e+02 
3.941515e-01 7.723015e+02 5.327174e+02 
3.991919e-01 7.536374e+02 5.190288e+02 
4.042323e-01 7.356939e+02 5.058300e+02 
4.092727e-01 7.184810e+02 4.930985e+02 
4.143131e-01 7.019340e+02 4.808132e+02 
4.193535e-01 6.859600e+02 4.689543e+02 
4.243939e-01 6.704902e+02 4.575027e+02 
4.294343e-01 6.555033e+02 4.464407e+02 
4.344747e-01 6.409617e+02 4.357513e+02 
4.395152e-01 6.268294e+02 4.254185e+02 
4.445556e-01 6.130802e+02 4.154271e+02 
4.495960e-01 5.997174e+02 4.057627e+02 
4.546364e-01 5.867611e+02 3.964117e+02 
4.596768e-01 5.742166e+02 3.873610e+02 
4.647172e-01 5.620711e+02 3.785983e+02 
4.697576e-01 5.502994e+02 3.701119e+02 
4.747980e-01 5.388901e+02 3.618907e+02 
4.798384e-01 5.278425e+02 3.539241e+02 
4.848788e-01 5.171338e+02 3.462019e+02 
4.899192e-01 5.067254e+02 3.387148e+02 
4.949596e-01 4.965918e+02 3.314533e+02 
5.000000e-01 4.867352e+02 3.244090e+02 
