1.000000e-03 3.260455e+03 3.260151e+03 
6.040404e-03 1.469149e+04 1.475123e+04 
1.108081e-02 2.023341e+04 2.011411e+04 
1.612121e-02 2.219866e+04 2.176025e+04 
2.116162e-02 2.198870e+04 2.112625e+04 
2.620202e-02 2.058229e+04 1.949417e+04 
3.124242e-02 1.869916e+04 1.771883e+04 
3.628283e-02 1.682412e+04 1.609296e+04 
4.132323e-02 1.522417e+04 1.465441e+04 
4.636364e-02 1.397956e+04 1.338238e+04 
5.140404e-02 1.307693e+04 1.225218e+04 
5.644444e-02 1.239856e+04 1.124379e+04 
6.148485e-02 1.182705e+04 1.034125e+04 
6.652525e-02 1.125435e+04 9.531466e+03 
7.156566e-02 1.061024e+04 8.803328e+03 
7.660606e-02 9.877343e+03 8.147262e+03 
8.164646e-02 9.090824e+03 7.554939e+03 
8.668687e-02 8.310918e+03 7.019079e+03 
9.172727e-02 7.593260e+03 6.533315e+03 
9.676768e-02 6.978213e+03 6.092066e+03 
1.018081e-01 6.488686e+03 5.690443e+03 
1.068485e-01 6.123456e+03 5.324155e+03 
1.118889e-01 5.855897e+03 4.989436e+03 
1.169293e-01 5.644405e+03 4.682976e+03 
1.219697e-01 5.449402e+03 4.401861e+03 
1.270101e-01 5.241689e+03 4.143520e+03 
1.320505e-01 5.005328e+03 3.905687e+03 
1.370909e-01 4.738499e+03 3.686353e+03 
1.421313e-01 4.451832e+03 3.483741e+03 
1.471717e-01 4.163773e+03 3.296272e+03 
1.522121e-01 3.893127e+03 3.122542e+03 
1.572525e-01 3.654752e+03 2.961298e+03 
1.622929e-01 3.457138e+03 2.811423e+03 
1.673333e-01 3.301116e+03 2.671917e+03 
1.723737e-01 3.179100e+03 2.541886e+03 
1.774141e-01 3.078825e+03 2.420523e+03 
1.824545e-01 2.987924e+03 2.307107e+03 
1.874949e-01 2.896178e+03 2.200984e+03 
1.925354e-01 2.796445e+03 2.101566e+03 
1.975758e-01 2.686009e+03 2.008322e+03 
2.026162e-01 2.566879e+03 1.920769e+03 
2.076566e-01 2.444629e+03 1.838471e+03 
2.126970e-01 2.325981e+03 1.761031e+03 
2.177374e-01 2.216381e+03 1.688087e+03 
2.227778e-01 2.119410e+03 1.619310e+03 
2.278182e-01 2.036517e+03 1.554401e+03 
2.328586e-01 1.966588e+03 1.493084e+03 
2.378990e-01 1.906657e+03 1.435109e+03 
2.429394e-01 1.852914e+03 1.380245e+03 
2.479798e-01 1.801725e+03 1.328282e+03 
2.530202e-01 1.750050e+03 1.279024e+03 
2.580606e-01 1.695887e+03 1.232295e+03 
2.631010e-01 1.638849e+03 1.187930e+03 
2.681414e-01 1.580195e+03 1.145776e+03 
2.731818e-01 1.522014e+03 1.105696e+03 
2.782222e-01 1.466210e+03 1.067558e+03 
2.832626e-01 1.414108e+03 1.031244e+03 
2.883030e-01 1.366560e+03 9.966436e+02 
2.933434e-01 1.323936e+03 9.636536e+02 
2.983838e-01 1.285877e+03 9.321789e+02 
3.034242e-01 1.251276e+03 9.021313e+02 
3.084646e-01 1.218749e+03 8.734284e+02 
3.135051e-01 1.187145e+03 8.459938e+02 
3.185455e-01 1.155743e+03 8.197562e+02 
3.235859e-01 1.124153e+03 7.946493e+02 
3.286263e-01 1.092279e+03 7.706111e+02 
3.336667e-01 1.060388e+03 7.475836e+02 
3.387071e-01 1.029064e+03 7.255129e+02 
3.437475e-01 9.989572e+02 7.043482e+02 
3.487879e-01 9.705329e+02 6.840423e+02 
3.538283e-01 9.439643e+02 6.645508e+02 
3.588687e-01 9.191938e+02 6.458320e+02 
3.639091e-01 8.960564e+02 6.278470e+02 
3.689495e-01 8.742754e+02 6.105590e+02 
3.739899e-01 8.534721e+02 5.939337e+02 
3.790303e-01 8.332683e+02 5.779386e+02 
3.840707e-01 8.133964e+02 5.625433e+02 
3.891111e-01 7.937695e+02 5.477191e+02 
3.941515e-01 7.743869e+02 5.334390e+02 
3.991919e-01 7.553316e+02 5.196775e+02 
4.042323e-01 7.367198e+02 5.064106e+02 
4.092727e-01 7.187224e+02 4.936156e+02 
4.143131e-01 7.014897e+02 4.812710e+02 
4.193535e-01 6.850692e+02 4.693566e+02 
4.243939e-01 6.694204e+02 4.578533e+02 
4.294343e-01 6.544621e+02 4.467430e+02 
4.344747e-01 6.401218e+02 4.360084e+02 
4.395152e-01 6.263036e+02 4.256335e+02 
4.445556e-01 6.128919e+02 4.156027e+02 
4.495960e-01 5.997737e+02 4.059015e+02 
4.546364e-01 5.869163e+02 3.965161e+02 
4.596768e-01 5.743331e+02 3.874332e+02 
4.647172e-01 5.620459e+02 3.786406e+02 
4.697576e-01 5.500755e+02 3.701262e+02 
4.747980e-01 5.384417e+02 3.618789e+02 
4.798384e-01 5.271789e+02 3.538879e+02 
4.848788e-01 5.163187e+02 3.461430e+02 
4.899192e-01 5.058558e+02 3.386346e+02 
4.949596e-01 4.957513e+02 3.313534e+02 
5.000000e-01 4.859584e+02 3.242906e+02 
