1.000000e-03 5.216167e+03 5.215673e+03 
6.040404e-03 2.358556e+04 2.369669e+04 
1.108081e-02 3.223942e+04 3.219775e+04 
1.612121e-02 3.478630e+04 3.443908e+04 
2.116162e-02 3.349572e+04 3.242512e+04 
2.620202e-02 3.007218e+04 2.835029e+04 
3.124242e-02 2.585825e+04 2.420539e+04 
3.628283e-02 2.180272e+04 2.078297e+04 
4.132323e-02 1.844342e+04 1.809222e+04 
4.636364e-02 1.594592e+04 1.595360e+04 
5.140404e-02 1.431198e+04 1.421047e+04 
5.644444e-02 1.333170e+04 1.275604e+04 
6.148485e-02 1.277450e+04 1.152019e+04 
6.652525e-02 1.240072e+04 1.045570e+04 
7.156566e-02 1.200855e+04 9.529390e+03 
7.660606e-02 1.145484e+04 8.716930e+03 
8.164646e-02 1.068133e+04 7.999776e+03 
8.668687e-02 9.721358e+03 7.363381e+03 
9.172727e-02 8.670207e+03 6.796070e+03 
9.676768e-02 7.644259e+03 6.288302e+03 
1.018081e-01 6.745883e+03 5.832178e+03 
1.068485e-01 6.039843e+03 5.421086e+03 
1.118889e-01 5.544315e+03 5.049446e+03 
1.169293e-01 5.239082e+03 4.712512e+03 
1.219697e-01 5.080110e+03 4.406225e+03 
1.270101e-01 5.010065e+03 4.127097e+03 
1.320505e-01 4.966641e+03 3.872113e+03 
1.370909e-01 4.893682e+03 3.638658e+03 
1.421313e-01 4.753459e+03 3.424455e+03 
1.471717e-01 4.532529e+03 3.227516e+03 
1.522121e-01 4.239883e+03 3.046095e+03 
1.572525e-01 3.902078e+03 2.878659e+03 
1.622929e-01 3.556701e+03 2.723854e+03 
1.673333e-01 3.241667e+03 2.580482e+03 
1.723737e-01 2.983196e+03 2.447483e+03 
1.774141e-01 2.791348e+03 2.323912e+03 
1.824545e-01 2.663534e+03 2.208929e+03 
1.874949e-01 2.589325e+03 2.101781e+03 
1.925354e-01 2.552786e+03 2.001795e+03 
1.975758e-01 2.533429e+03 1.908368e+03 
2.026162e-01 2.509802e+03 1.820957e+03 
2.076566e-01 2.465199e+03 1.739073e+03 
2.126970e-01 2.391506e+03 1.662275e+03 
2.177374e-01 2.289050e+03 1.590163e+03 
2.227778e-01 2.164659e+03 1.522375e+03 
2.278182e-01 2.029486e+03 1.458584e+03 
2.328586e-01 1.896477e+03 1.398492e+03 
2.378990e-01 1.777221e+03 1.341826e+03 
2.429394e-01 1.679368e+03 1.288340e+03 
2.479798e-01 1.605728e+03 1.237807e+03 
2.530202e-01 1.554908e+03 1.190021e+03 
2.580606e-01 1.522266e+03 1.144791e+03 
2.631010e-01 1.500935e+03 1.101946e+03 
2.681414e-01 1.483205e+03 1.061324e+03 
2.731818e-01 1.462077e+03 1.022781e+03 
2.782222e-01 1.432624e+03 9.861794e+02 
2.832626e-01 1.392652e+03 9.513964e+02 
2.883030e-01 1.342710e+03 9.183169e+02 
2.933434e-01 1.285562e+03 8.868348e+02 
2.983838e-01 1.225457e+03 8.568520e+02 
3.034242e-01 1.167070e+03 8.282777e+02 
3.084646e-01 1.114376e+03 8.010277e+02 
3.135051e-01 1.069912e+03 7.750239e+02 
3.185455e-01 1.034504e+03 7.501937e+02 
3.235859e-01 1.007448e+03 7.264698e+02 
3.286263e-01 9.869701e+02 7.037892e+02 
3.336667e-01 9.705705e+02 6.820937e+02 
3.387071e-01 9.554707e+02 6.613286e+02 
3.437475e-01 9.391373e+02 6.414431e+02 
3.487879e-01 9.198061e+02 6.223898e+02 
3.538283e-01 8.967979e+02 6.041241e+02 
3.588687e-01 8.704636e+02 5.866047e+02 
3.639091e-01 8.418578e+02 5.697926e+02 
3.689495e-01 8.124067e+02 5.536514e+02 
3.739899e-01 7.836887e+02 5.381469e+02 
3.790303e-01 7.571523e+02 5.232471e+02 
3.840707e-01 7.337836e+02 5.089218e+02 
3.891111e-01 7.139246e+02 4.951429e+02 
3.941515e-01 6.973051e+02 4.818837e+02 
3.991919e-01 6.832507e+02 4.691191e+02 
4.042323e-01 6.708711e+02 4.568256e+02 
4.092727e-01 6.591755e+02 4.449810e+02 
4.143131e-01 6.472440e+02 4.335644e+02 
4.193535e-01 6.344209e+02 4.225560e+02 
4.243939e-01 6.204320e+02 4.119371e+02 
4.294343e-01 6.053613e+02 4.016902e+02 
4.344747e-01 5.895521e+02 3.917986e+02 
4.395152e-01 5.734966e+02 3.822465e+02 
4.445556e-01 5.577783e+02 3.730190e+02 
4.495960e-01 5.429318e+02 3.641021e+02 
4.546364e-01 5.293067e+02 3.554823e+02 
4.596768e-01 5.170636e+02 3.471471e+02 
4.647172e-01 5.061276e+02 3.390843e+02 
4.697576e-01 4.962911e+02 3.312827e+02 
4.747980e-01 4.872487e+02 3.237313e+02 
4.798384e-01 4.786071e+02 3.164200e+02 
4.848788e-01 4.700397e+02 3.093389e+02 
4.899192e-01 4.612746e+02 3.024788e+02 
4.949596e-01 4.522022e+02 2.958308e+02 
5.000000e-01 4.428357e+02 2.893866e+02 
