1.000000e-03 3.438190e+03 3.437875e+03 
6.040404e-03 1.563992e+04 1.570884e+04 
1.108081e-02 2.168463e+04 2.159954e+04 
1.612121e-02 2.386118e+04 2.348855e+04 
2.116162e-02 2.360171e+04 2.276095e+04 
2.620202e-02 2.195232e+04 2.077942e+04 
3.124242e-02 1.971816e+04 1.861841e+04 
3.628283e-02 1.746752e+04 1.669334e+04 
4.132323e-02 1.553348e+04 1.505033e+04 
4.636364e-02 1.403285e+04 1.364269e+04 
5.140404e-02 1.298017e+04 1.242176e+04 
5.644444e-02 1.225788e+04 1.135136e+04 
6.148485e-02 1.172360e+04 1.040546e+04 
6.652525e-02 1.125200e+04 9.564720e+03 
7.156566e-02 1.072729e+04 8.814130e+03 
7.660606e-02 1.009022e+04 8.141585e+03 
8.164646e-02 9.343913e+03 7.537078e+03 
8.668687e-02 8.539805e+03 6.992184e+03 
9.172727e-02 7.745137e+03 6.499733e+03 
9.676768e-02 7.020675e+03 6.053573e+03 
1.018081e-01 6.413379e+03 5.648393e+03 
1.068485e-01 5.947578e+03 5.279593e+03 
1.118889e-01 5.618344e+03 4.943172e+03 
1.169293e-01 5.394646e+03 4.635641e+03 
1.219697e-01 5.233372e+03 4.353948e+03 
1.270101e-01 5.092353e+03 4.095416e+03 
1.320505e-01 4.937540e+03 3.857693e+03 
1.370909e-01 4.746277e+03 3.638705e+03 
1.421313e-01 4.511450e+03 3.436621e+03 
1.471717e-01 4.241454e+03 3.249820e+03 
1.522121e-01 3.955200e+03 3.076864e+03 
1.572525e-01 3.675508e+03 2.916476e+03 
1.622929e-01 3.423191e+03 2.767515e+03 
1.673333e-01 3.212691e+03 2.628964e+03 
1.723737e-01 3.049197e+03 2.499914e+03 
1.774141e-01 2.928522e+03 2.379548e+03 
1.824545e-01 2.840115e+03 2.267135e+03 
1.874949e-01 2.770897e+03 2.162016e+03 
1.925354e-01 2.707377e+03 2.063595e+03 
1.975758e-01 2.637701e+03 1.971336e+03 
2.026162e-01 2.553970e+03 1.884755e+03 
2.076566e-01 2.454283e+03 1.803412e+03 
2.126970e-01 2.342240e+03 1.726906e+03 
2.177374e-01 2.224452e+03 1.654877e+03 
2.227778e-01 2.108520e+03 1.586992e+03 
2.278182e-01 2.001418e+03 1.522952e+03 
2.328586e-01 1.908277e+03 1.462482e+03 
2.378990e-01 1.831341e+03 1.405329e+03 
2.429394e-01 1.769712e+03 1.351265e+03 
2.479798e-01 1.720314e+03 1.300077e+03 
2.530202e-01 1.678946e+03 1.251572e+03 
2.580606e-01 1.640965e+03 1.205572e+03 
2.631010e-01 1.601920e+03 1.161914e+03 
2.681414e-01 1.558704e+03 1.120445e+03 
2.731818e-01 1.510296e+03 1.081028e+03 
2.782222e-01 1.457691e+03 1.043533e+03 
2.832626e-01 1.402971e+03 1.007842e+03 
2.883030e-01 1.348469e+03 9.738432e+02 
2.933434e-01 1.296485e+03 9.414362e+02 
2.983838e-01 1.249011e+03 9.105259e+02 
3.034242e-01 1.207320e+03 8.810245e+02 
3.084646e-01 1.171543e+03 8.528505e+02 
3.135051e-01 1.140766e+03 8.259278e+02 
3.185455e-01 1.113499e+03 8.001859e+02 
3.235859e-01 1.088159e+03 7.755588e+02 
3.286263e-01 1.063361e+03 7.519852e+02 
3.336667e-01 1.037982e+03 7.294077e+02 
3.387071e-01 1.011324e+03 7.077727e+02 
3.437475e-01 9.833006e+02 6.870301e+02 
3.487879e-01 9.544326e+02 6.671331e+02 
3.538283e-01 9.255895e+02 6.480377e+02 
3.588687e-01 8.976558e+02 6.297029e+02 
3.639091e-01 8.712717e+02 6.120899e+02 
3.689495e-01 8.468602e+02 5.951626e+02 
3.739899e-01 8.246266e+02 5.788870e+02 
3.790303e-01 8.044881e+02 5.632310e+02 
3.840707e-01 7.860738e+02 5.481646e+02 
3.891111e-01 7.688400e+02 5.336594e+02 
3.941515e-01 7.522288e+02 5.196889e+02 
3.991919e-01 7.357935e+02 5.062277e+02 
4.042323e-01 7.192752e+02 4.932523e+02 
4.092727e-01 7.025638e+02 4.807403e+02 
4.143131e-01 6.856771e+02 4.686705e+02 
4.193535e-01 6.688217e+02 4.570229e+02 
4.243939e-01 6.522785e+02 4.457788e+02 
4.294343e-01 6.363248e+02 4.349202e+02 
4.344747e-01 6.211489e+02 4.244304e+02 
4.395152e-01 6.068277e+02 4.142932e+02 
4.445556e-01 5.933741e+02 4.044935e+02 
4.495960e-01 5.807345e+02 3.950171e+02 
4.546364e-01 5.687661e+02 3.858502e+02 
4.596768e-01 5.572779e+02 3.769799e+02 
4.647172e-01 5.460832e+02 3.683939e+02 
4.697576e-01 5.350550e+02 3.600807e+02 
4.747980e-01 5.241286e+02 3.520291e+02 
4.798384e-01 5.132863e+02 3.442286e+02 
4.848788e-01 5.025525e+02 3.366692e+02 
4.899192e-01 4.919809e+02 3.293414e+02 
4.949596e-01 4.816592e+02 3.222360e+02 
5.000000e-01 4.716815e+02 3.153445e+02 
