1.000000e-03 3.615254e+03 3.614901e+03 
6.040404e-03 1.570377e+04 1.576040e+04 
1.108081e-02 2.112792e+04 2.095439e+04 
1.612121e-02 2.280329e+04 2.224772e+04 
2.116162e-02 2.234870e+04 2.137903e+04 
2.620202e-02 2.081489e+04 1.969623e+04 
3.124242e-02 1.891861e+04 1.793619e+04 
3.628283e-02 1.710495e+04 1.631508e+04 
4.132323e-02 1.558857e+04 1.486055e+04 
4.636364e-02 1.441095e+04 1.356047e+04 
5.140404e-02 1.351243e+04 1.239825e+04 
5.644444e-02 1.277797e+04 1.135853e+04 
6.148485e-02 1.208451e+04 1.042751e+04 
6.652525e-02 1.135952e+04 9.592843e+03 
7.156566e-02 1.057453e+04 8.843476e+03 
7.660606e-02 9.747166e+03 8.169569e+03 
8.164646e-02 8.928740e+03 7.562405e+03 
8.668687e-02 8.175440e+03 7.014299e+03 
9.172727e-02 7.526530e+03 6.518494e+03 
9.676768e-02 7.000809e+03 6.069067e+03 
1.018081e-01 6.593793e+03 5.660827e+03 
1.068485e-01 6.277928e+03 5.289227e+03 
1.118889e-01 6.013022e+03 4.950286e+03 
1.169293e-01 5.761776e+03 4.640511e+03 
1.219697e-01 5.498771e+03 4.356836e+03 
1.270101e-01 5.213209e+03 4.096563e+03 
1.320505e-01 4.909343e+03 3.857318e+03 
1.370909e-01 4.602234e+03 3.637006e+03 
1.421313e-01 4.309557e+03 3.433775e+03 
1.471717e-01 4.044376e+03 3.245983e+03 
1.522121e-01 3.814983e+03 3.072175e+03 
1.572525e-01 3.625286e+03 2.911055e+03 
1.622929e-01 3.471402e+03 2.761470e+03 
1.673333e-01 3.341901e+03 2.622390e+03 
1.723737e-01 3.223600e+03 2.492893e+03 
1.774141e-01 3.107049e+03 2.372153e+03 
1.824545e-01 2.987301e+03 2.259429e+03 
1.874949e-01 2.862196e+03 2.154053e+03 
1.925354e-01 2.732433e+03 2.055426e+03 
1.975758e-01 2.602545e+03 1.963004e+03 
2.026162e-01 2.478797e+03 1.876296e+03 
2.076566e-01 2.365728e+03 1.794858e+03 
2.126970e-01 2.265152e+03 1.718287e+03 
2.177374e-01 2.176729e+03 1.646217e+03 
2.227778e-01 2.098968e+03 1.578313e+03 
2.278182e-01 2.029280e+03 1.514273e+03 
2.328586e-01 1.964363e+03 1.453819e+03 
2.378990e-01 1.901268e+03 1.396697e+03 
2.429394e-01 1.838132e+03 1.342675e+03 
2.479798e-01 1.774319e+03 1.291540e+03 
2.530202e-01 1.710307e+03 1.243098e+03 
2.580606e-01 1.647333e+03 1.197168e+03 
2.631010e-01 1.586909e+03 1.153587e+03 
2.681414e-01 1.530268e+03 1.112201e+03 
2.731818e-01 1.477967e+03 1.072871e+03 
2.782222e-01 1.429976e+03 1.035468e+03 
2.832626e-01 1.385801e+03 9.998705e+02 
2.883030e-01 1.344694e+03 9.659694e+02 
2.933434e-01 1.305786e+03 9.336618e+02 
2.983838e-01 1.268222e+03 9.028525e+02 
3.034242e-01 1.231388e+03 8.734534e+02 
3.084646e-01 1.195063e+03 8.453824e+02 
3.135051e-01 1.159357e+03 8.185633e+02 
3.185455e-01 1.124574e+03 7.929251e+02 
3.235859e-01 1.091014e+03 7.684019e+02 
3.286263e-01 1.058935e+03 7.449318e+02 
3.336667e-01 1.028549e+03 7.224574e+02 
3.387071e-01 9.999246e+02 7.009250e+02 
3.437475e-01 9.729208e+02 6.802842e+02 
3.487879e-01 9.472406e+02 6.604881e+02 
3.538283e-01 9.226005e+02 6.414928e+02 
3.588687e-01 8.988242e+02 6.232568e+02 
3.639091e-01 8.757775e+02 6.057417e+02 
3.689495e-01 8.533369e+02 5.889110e+02 
3.739899e-01 8.314507e+02 5.727307e+02 
3.790303e-01 8.101527e+02 5.571688e+02 
3.840707e-01 7.895500e+02 5.421951e+02 
3.891111e-01 7.697223e+02 5.277813e+02 
3.941515e-01 7.506695e+02 5.139007e+02 
3.991919e-01 7.323824e+02 5.005282e+02 
4.042323e-01 7.148503e+02 4.876400e+02 
4.092727e-01 6.980147e+02 4.752137e+02 
4.143131e-01 6.817831e+02 4.632282e+02 
4.193535e-01 6.660691e+02 4.516636e+02 
4.243939e-01 6.508238e+02 4.405010e+02 
4.294343e-01 6.360270e+02 4.297225e+02 
4.344747e-01 6.216545e+02 4.193113e+02 
4.395152e-01 6.076907e+02 4.092514e+02 
4.445556e-01 5.941209e+02 3.995277e+02 
4.495960e-01 5.809852e+02 3.901258e+02 
4.546364e-01 5.682887e+02 3.810321e+02 
4.596768e-01 5.560043e+02 3.722337e+02 
4.647172e-01 5.441092e+02 3.637183e+02 
4.697576e-01 5.325956e+02 3.554744e+02 
4.747980e-01 5.214575e+02 3.474908e+02 
4.798384e-01 5.106559e+02 3.397571e+02 
4.848788e-01 5.001492e+02 3.322632e+02 
4.899192e-01 4.899317e+02 3.249996e+02 
4.949596e-01 4.799968e+02 3.179574e+02 
5.000000e-01 4.703443e+02 3.111278e+02 
