1.000000e-03 5.863906e+03 5.863365e+03 
6.040404e-03 2.559986e+04 2.572453e+04 
1.108081e-02 3.477422e+04 3.475923e+04 
1.612121e-02 3.744146e+04 3.715390e+04 
2.116162e-02 3.600761e+04 3.497073e+04 
2.620202e-02 3.226316e+04 3.043539e+04 
3.124242e-02 2.762821e+04 2.574177e+04 
3.628283e-02 2.312302e+04 2.186379e+04 
4.132323e-02 1.934163e+04 1.884999e+04 
4.636364e-02 1.648842e+04 1.649285e+04 
5.140404e-02 1.457632e+04 1.460136e+04 
5.644444e-02 1.340876e+04 1.304386e+04 
6.148485e-02 1.275166e+04 1.173438e+04 
6.652525e-02 1.236546e+04 1.061587e+04 
7.156566e-02 1.202523e+04 9.649020e+03 
7.660606e-02 1.156229e+04 8.805530e+03 
8.164646e-02 1.088574e+04 8.064253e+03 
8.668687e-02 9.996811e+03 7.408869e+03 
9.172727e-02 8.968468e+03 6.826458e+03 
9.676768e-02 7.910469e+03 6.306590e+03 
1.018081e-01 6.934824e+03 5.840712e+03 
1.068485e-01 6.126873e+03 5.421724e+03 
1.118889e-01 5.526646e+03 5.043673e+03 
1.169293e-01 5.130953e+03 4.701526e+03 
1.219697e-01 4.907334e+03 4.391002e+03 
1.270101e-01 4.806883e+03 4.108433e+03 
1.320505e-01 4.772126e+03 3.850664e+03 
1.370909e-01 4.743433e+03 3.614967e+03 
1.421313e-01 4.670202e+03 3.398973e+03 
1.471717e-01 4.521516e+03 3.200615e+03 
1.522121e-01 4.290272e+03 3.018089e+03 
1.572525e-01 3.990675e+03 2.849809e+03 
1.622929e-01 3.653277e+03 2.694378e+03 
1.673333e-01 3.316502e+03 2.550566e+03 
1.723737e-01 3.015400e+03 2.417280e+03 
1.774141e-01 2.772561e+03 2.293552e+03 
1.824545e-01 2.595811e+03 2.178519e+03 
1.874949e-01 2.481941e+03 2.071413e+03 
1.925354e-01 2.420363e+03 1.971546e+03 
1.975758e-01 2.394830e+03 1.878302e+03 
2.026162e-01 2.385037e+03 1.791126e+03 
2.076566e-01 2.370440e+03 1.709521e+03 
2.126970e-01 2.334877e+03 1.633037e+03 
2.177374e-01 2.269793e+03 1.561269e+03 
2.227778e-01 2.174641e+03 1.493850e+03 
2.278182e-01 2.055796e+03 1.430447e+03 
2.328586e-01 1.924402e+03 1.370756e+03 
2.378990e-01 1.793393e+03 1.314504e+03 
2.429394e-01 1.674433e+03 1.261440e+03 
2.479798e-01 1.575706e+03 1.211335e+03 
2.530202e-01 1.501045e+03 1.163980e+03 
2.580606e-01 1.449983e+03 1.119184e+03 
2.631010e-01 1.418492e+03 1.076771e+03 
2.681414e-01 1.400116e+03 1.036582e+03 
2.731818e-01 1.387391e+03 9.984680e+02 
2.782222e-01 1.373188e+03 9.622935e+02 
2.832626e-01 1.351841e+03 9.279331e+02 
2.883030e-01 1.319944e+03 8.952714e+02 
2.933434e-01 1.276804e+03 8.642019e+02 
2.983838e-01 1.224503e+03 8.346259e+02 
3.034242e-01 1.167013e+03 8.064523e+02 
3.084646e-01 1.109058e+03 7.795966e+02 
3.135051e-01 1.054955e+03 7.539806e+02 
3.185455e-01 1.008000e+03 7.295313e+02 
3.235859e-01 9.699534e+02 7.061813e+02 
3.286263e-01 9.410335e+02 6.838678e+02 
3.336667e-01 9.200082e+02 6.625322e+02 
3.387071e-01 9.046450e+02 6.421199e+02 
3.437475e-01 8.922230e+02 6.225802e+02 
3.487879e-01 8.800052e+02 6.038656e+02 
3.538283e-01 8.656898e+02 5.859317e+02 
3.588687e-01 8.477891e+02 5.687370e+02 
3.639091e-01 8.258472e+02 5.522428e+02 
3.689495e-01 8.004148e+02 5.364127e+02 
3.739899e-01 7.727655e+02 5.212126e+02 
3.790303e-01 7.444934e+02 5.066107e+02 
3.840707e-01 7.172251e+02 4.925768e+02 
3.891111e-01 6.923636e+02 4.790829e+02 
3.941515e-01 6.708257e+02 4.661024e+02 
3.991919e-01 6.529246e+02 4.536105e+02 
4.042323e-01 6.383517e+02 4.415837e+02 
4.092727e-01 6.263595e+02 4.299999e+02 
4.143131e-01 6.159599e+02 4.188384e+02 
4.193535e-01 6.061608e+02 4.080794e+02 
4.243939e-01 5.960285e+02 3.977044e+02 
4.294343e-01 5.848791e+02 3.876961e+02 
4.344747e-01 5.723571e+02 3.780377e+02 
4.395152e-01 5.585144e+02 3.687138e+02 
4.445556e-01 5.437277e+02 3.597096e+02 
4.495960e-01 5.285553e+02 3.510109e+02 
4.546364e-01 5.136047e+02 3.426047e+02 
4.596768e-01 4.994198e+02 3.344784e+02 
4.647172e-01 4.864368e+02 3.266200e+02 
4.697576e-01 4.748805e+02 3.190182e+02 
4.747980e-01 4.647552e+02 3.116625e+02 
4.798384e-01 4.558557e+02 3.045425e+02 
4.848788e-01 4.478306e+02 2.976488e+02 
4.899192e-01 4.402941e+02 2.909719e+02 
4.949596e-01 4.328911e+02 2.845034e+02 
5.000000e-01 4.253206e+02 2.782348e+02 
