1.000000e-03 3.673982e+03 3.673633e+03 
6.040404e-03 1.652370e+04 1.659273e+04 
1.108081e-02 2.270088e+04 2.259574e+04 
1.612121e-02 2.478010e+04 2.435390e+04 
2.116162e-02 2.433709e+04 2.341775e+04 
2.620202e-02 2.250261e+04 2.127982e+04 
3.124242e-02 2.012825e+04 1.902960e+04 
3.628283e-02 1.779801e+04 1.704629e+04 
4.132323e-02 1.583776e+04 1.535572e+04 
4.636364e-02 1.434356e+04 1.390581e+04 
5.140404e-02 1.331250e+04 1.264721e+04 
5.644444e-02 1.259701e+04 1.154369e+04 
6.148485e-02 1.205100e+04 1.056908e+04 
6.652525e-02 1.153326e+04 9.703669e+03 
7.156566e-02 1.093850e+04 8.931991e+03 
7.660606e-02 1.022319e+04 8.241469e+03 
8.164646e-02 9.408331e+03 7.621649e+03 
8.668687e-02 8.557739e+03 7.063712e+03 
9.172727e-02 7.743287e+03 6.560142e+03 
9.676768e-02 7.026029e+03 6.104489e+03 
1.018081e-01 6.447569e+03 5.691195e+03 
1.068485e-01 6.020591e+03 5.315447e+03 
1.118889e-01 5.725535e+03 4.973068e+03 
1.169293e-01 5.521237e+03 4.660419e+03 
1.219697e-01 5.360845e+03 4.374323e+03 
1.270101e-01 5.202909e+03 4.111999e+03 
1.320505e-01 5.016197e+03 3.871006e+03 
1.370909e-01 4.785204e+03 3.649194e+03 
1.421313e-01 4.512799e+03 3.444671e+03 
1.471717e-01 4.216019e+03 3.255761e+03 
1.522121e-01 3.917940e+03 3.080982e+03 
1.572525e-01 3.641482e+03 2.919014e+03 
1.622929e-01 3.404581e+03 2.768688e+03 
1.673333e-01 3.216519e+03 2.628956e+03 
1.723737e-01 3.076003e+03 2.498885e+03 
1.774141e-01 2.973053e+03 2.377638e+03 
1.824545e-01 2.893620e+03 2.264465e+03 
1.874949e-01 2.823265e+03 2.158691e+03 
1.925354e-01 2.749297e+03 2.059708e+03 
1.975758e-01 2.662532e+03 1.966969e+03 
2.026162e-01 2.559550e+03 1.879978e+03 
2.076566e-01 2.442997e+03 1.798286e+03 
2.126970e-01 2.319710e+03 1.721486e+03 
2.177374e-01 2.197982e+03 1.649210e+03 
2.227778e-01 2.085178e+03 1.581121e+03 
2.278182e-01 1.986608e+03 1.516913e+03 
2.328586e-01 1.904688e+03 1.456306e+03 
2.378990e-01 1.838680e+03 1.399046e+03 
2.429394e-01 1.785494e+03 1.344898e+03 
2.479798e-01 1.740668e+03 1.293649e+03 
2.530202e-01 1.699246e+03 1.245103e+03 
2.580606e-01 1.656650e+03 1.199078e+03 
2.631010e-01 1.609802e+03 1.155409e+03 
2.681414e-01 1.557935e+03 1.113943e+03 
2.731818e-01 1.502226e+03 1.074539e+03 
2.782222e-01 1.444821e+03 1.037068e+03 
2.832626e-01 1.388137e+03 1.001408e+03 
2.883030e-01 1.334527e+03 9.674493e+02 
2.933434e-01 1.285997e+03 9.350881e+02 
2.983838e-01 1.243539e+03 9.042291e+02 
3.034242e-01 1.206949e+03 8.747839e+02 
3.084646e-01 1.175101e+03 8.466700e+02 
3.135051e-01 1.146450e+03 8.198109e+02 
3.185455e-01 1.119438e+03 7.941355e+02 
3.235859e-01 1.092657e+03 7.695774e+02 
3.286263e-01 1.065057e+03 7.460747e+02 
3.336667e-01 1.036166e+03 7.235697e+02 
3.387071e-01 1.006190e+03 7.020085e+02 
3.437475e-01 9.758386e+02 6.813407e+02 
3.487879e-01 9.459735e+02 6.615192e+02 
3.538283e-01 9.173616e+02 6.424997e+02 
3.588687e-01 8.905940e+02 6.242411e+02 
3.639091e-01 8.660250e+02 6.067044e+02 
3.689495e-01 8.436842e+02 5.898534e+02 
3.739899e-01 8.232815e+02 5.736537e+02 
3.790303e-01 8.043259e+02 5.580734e+02 
3.840707e-01 7.862728e+02 5.430823e+02 
3.891111e-01 7.686631e+02 5.286518e+02 
3.941515e-01 7.511314e+02 5.147553e+02 
3.991919e-01 7.334619e+02 5.013675e+02 
4.042323e-01 7.156412e+02 4.884647e+02 
4.092727e-01 6.978533e+02 4.760244e+02 
4.143131e-01 6.803634e+02 4.640256e+02 
4.193535e-01 6.634467e+02 4.524481e+02 
4.243939e-01 6.472655e+02 4.412731e+02 
4.294343e-01 6.319366e+02 4.304828e+02 
4.344747e-01 6.175142e+02 4.200601e+02 
4.395152e-01 6.039574e+02 4.099892e+02 
4.445556e-01 5.911247e+02 4.002548e+02 
4.495960e-01 5.787978e+02 3.908425e+02 
4.546364e-01 5.668090e+02 3.817388e+02 
4.596768e-01 5.550674e+02 3.729308e+02 
4.647172e-01 5.434879e+02 3.644060e+02 
4.697576e-01 5.320209e+02 3.561530e+02 
4.747980e-01 5.206666e+02 3.481606e+02 
4.798384e-01 5.095137e+02 3.404182e+02 
4.848788e-01 4.986531e+02 3.329160e+02 
4.899192e-01 4.881583e+02 3.256444e+02 
4.949596e-01 4.780602e+02 3.185942e+02 
5.000000e-01 4.683561e+02 3.117569e+02 
