1.000000e-03 2.759657e+03 2.759403e+03 
6.040404e-03 1.250300e+04 1.255177e+04 
1.108081e-02 1.733696e+04 1.720902e+04 
1.612121e-02 1.920314e+04 1.877038e+04 
2.116162e-02 1.927357e+04 1.848665e+04 
2.620202e-02 1.834611e+04 1.738393e+04 
3.124242e-02 1.699385e+04 1.609229e+04 
3.628283e-02 1.559698e+04 1.483697e+04 
4.132323e-02 1.436344e+04 1.367109e+04 
4.636364e-02 1.335626e+04 1.260173e+04 
5.140404e-02 1.258505e+04 1.162566e+04 
5.644444e-02 1.193908e+04 1.073709e+04 
6.148485e-02 1.134723e+04 9.929416e+03 
6.652525e-02 1.074749e+04 9.195808e+03 
7.156566e-02 1.009595e+04 8.529522e+03 
7.660606e-02 9.394850e+03 7.924115e+03 
8.164646e-02 8.682892e+03 7.373572e+03 
8.668687e-02 8.009594e+03 6.872365e+03 
9.172727e-02 7.409237e+03 6.415473e+03 
9.676768e-02 6.900046e+03 5.998374e+03 
1.018081e-01 6.488305e+03 5.617013e+03 
1.068485e-01 6.165109e+03 5.267770e+03 
1.118889e-01 5.903772e+03 4.947419e+03 
1.169293e-01 5.669219e+03 4.653088e+03 
1.219697e-01 5.433797e+03 4.382224e+03 
1.270101e-01 5.183927e+03 4.132554e+03 
1.320505e-01 4.917752e+03 3.902054e+03 
1.370909e-01 4.642106e+03 3.688921e+03 
1.421313e-01 4.368873e+03 3.491548e+03 
1.471717e-01 4.111219e+03 3.308499e+03 
1.522121e-01 3.879876e+03 3.138488e+03 
1.572525e-01 3.680884e+03 2.980367e+03 
1.622929e-01 3.514923e+03 2.833102e+03 
1.673333e-01 3.376803e+03 2.695768e+03 
1.723737e-01 3.256923e+03 2.567531e+03 
1.774141e-01 3.145412e+03 2.447638e+03 
1.824545e-01 3.035111e+03 2.335412e+03 
1.874949e-01 2.921854e+03 2.230240e+03 
1.925354e-01 2.804051e+03 2.131566e+03 
1.975758e-01 2.683034e+03 2.038887e+03 
2.026162e-01 2.562860e+03 1.951747e+03 
2.076566e-01 2.448491e+03 1.869729e+03 
2.126970e-01 2.343470e+03 1.792455e+03 
2.177374e-01 2.249105e+03 1.719579e+03 
2.227778e-01 2.165416e+03 1.650788e+03 
2.278182e-01 2.091305e+03 1.585791e+03 
2.328586e-01 2.024481e+03 1.524326e+03 
2.378990e-01 1.962015e+03 1.466150e+03 
2.429394e-01 1.901329e+03 1.411041e+03 
2.479798e-01 1.840953e+03 1.358795e+03 
2.530202e-01 1.780376e+03 1.309223e+03 
2.580606e-01 1.719689e+03 1.262153e+03 
2.631010e-01 1.659632e+03 1.217425e+03 
2.681414e-01 1.601500e+03 1.174892e+03 
2.731818e-01 1.546656e+03 1.134416e+03 
2.782222e-01 1.495790e+03 1.095872e+03 
2.832626e-01 1.448813e+03 1.059144e+03 
2.883030e-01 1.405317e+03 1.024122e+03 
2.933434e-01 1.364793e+03 9.907061e+02 
2.983838e-01 1.326601e+03 9.588029e+02 
3.034242e-01 1.289981e+03 9.283253e+02 
3.084646e-01 1.254231e+03 8.991926e+02 
3.135051e-01 1.218988e+03 8.713292e+02 
3.185455e-01 1.184284e+03 8.446651e+02 
3.235859e-01 1.150341e+03 8.191344e+02 
3.286263e-01 1.117436e+03 7.946761e+02 
3.336667e-01 1.085765e+03 7.712327e+02 
3.387071e-01 1.055536e+03 7.487507e+02 
3.437475e-01 1.026895e+03 7.271800e+02 
3.487879e-01 9.998463e+02 7.064736e+02 
3.538283e-01 9.742136e+02 6.865873e+02 
3.588687e-01 9.497154e+02 6.674797e+02 
3.639091e-01 9.261035e+02 6.491122e+02 
3.689495e-01 9.032137e+02 6.314480e+02 
3.739899e-01 8.809874e+02 6.144530e+02 
3.790303e-01 8.593304e+02 5.980947e+02 
3.840707e-01 8.382100e+02 5.823429e+02 
3.891111e-01 8.176490e+02 5.671688e+02 
3.941515e-01 7.977331e+02 5.525453e+02 
3.991919e-01 7.785568e+02 5.384471e+02 
4.042323e-01 7.601345e+02 5.248500e+02 
4.092727e-01 7.424210e+02 5.117314e+02 
4.143131e-01 7.253825e+02 4.990697e+02 
4.193535e-01 7.089791e+02 4.868446e+02 
4.243939e-01 6.931482e+02 4.750368e+02 
4.294343e-01 6.778268e+02 4.636283e+02 
4.344747e-01 6.629372e+02 4.526018e+02 
4.395152e-01 6.484458e+02 4.419409e+02 
4.445556e-01 6.343531e+02 4.316301e+02 
4.495960e-01 6.206633e+02 4.216548e+02 
4.546364e-01 6.073664e+02 4.120010e+02 
4.596768e-01 5.944533e+02 4.026554e+02 
4.647172e-01 5.819313e+02 3.936056e+02 
4.697576e-01 5.698089e+02 3.848394e+02 
4.747980e-01 5.580882e+02 3.763456e+02 
4.798384e-01 5.467284e+02 3.681134e+02 
4.848788e-01 5.357091e+02 3.601324e+02 
4.899192e-01 5.249998e+02 3.523928e+02 
4.949596e-01 5.145915e+02 3.448854e+02 
5.000000e-01 5.044750e+02 3.376011e+02 
