1.000000e-03 3.148608e+03 3.148330e+03 
6.040404e-03 1.431635e+04 1.438059e+04 
1.108081e-02 1.992001e+04 1.983525e+04 
1.612121e-02 2.203862e+04 2.167949e+04 
2.116162e-02 2.196279e+04 2.118565e+04 
2.620202e-02 2.062245e+04 1.955529e+04 
3.124242e-02 1.872667e+04 1.771440e+04 
3.628283e-02 1.677723e+04 1.603014e+04 
4.132323e-02 1.507233e+04 1.455892e+04 
4.636364e-02 1.372559e+04 1.327447e+04 
5.140404e-02 1.274873e+04 1.214389e+04 
5.644444e-02 1.205532e+04 1.114133e+04 
6.148485e-02 1.151531e+04 1.024740e+04 
6.652525e-02 1.102816e+04 9.447106e+03 
7.156566e-02 1.049646e+04 8.728356e+03 
7.660606e-02 9.870262e+03 8.081099e+03 
8.164646e-02 9.154990e+03 7.496805e+03 
8.668687e-02 8.398518e+03 6.968140e+03 
9.172727e-02 7.660139e+03 6.488757e+03 
9.676768e-02 6.990384e+03 6.053134e+03 
1.018081e-01 6.426199e+03 5.656451e+03 
1.068485e-01 5.986844e+03 5.294493e+03 
1.118889e-01 5.667701e+03 4.963567e+03 
1.169293e-01 5.440925e+03 4.660427e+03 
1.219697e-01 5.266903e+03 4.382219e+03 
1.270101e-01 5.107811e+03 4.126426e+03 
1.320505e-01 4.934987e+03 3.890826e+03 
1.370909e-01 4.731587e+03 3.673453e+03 
1.421313e-01 4.493615e+03 3.472564e+03 
1.471717e-01 4.229286e+03 3.286609e+03 
1.522121e-01 3.955664e+03 3.114212e+03 
1.572525e-01 3.691950e+03 2.954143e+03 
1.622929e-01 3.455353e+03 2.805304e+03 
1.673333e-01 3.257370e+03 2.666713e+03 
1.723737e-01 3.101180e+03 2.537489e+03 
1.774141e-01 2.982147e+03 2.416840e+03 
1.824545e-01 2.890233e+03 2.304055e+03 
1.874949e-01 2.813571e+03 2.198491e+03 
1.925354e-01 2.740880e+03 2.099568e+03 
1.975758e-01 2.662557e+03 2.006761e+03 
2.026162e-01 2.572484e+03 1.919596e+03 
2.076566e-01 2.469736e+03 1.837641e+03 
2.126970e-01 2.358187e+03 1.760505e+03 
2.177374e-01 2.243985e+03 1.687830e+03 
2.227778e-01 2.133523e+03 1.619292e+03 
2.278182e-01 2.032120e+03 1.554593e+03 
2.328586e-01 1.943606e+03 1.493462e+03 
2.378990e-01 1.869485e+03 1.435651e+03 
2.429394e-01 1.808562e+03 1.380931e+03 
2.479798e-01 1.757721e+03 1.329095e+03 
2.530202e-01 1.713083e+03 1.279949e+03 
2.580606e-01 1.670823e+03 1.233317e+03 
2.631010e-01 1.627646e+03 1.189037e+03 
2.681414e-01 1.581240e+03 1.146957e+03 
2.731818e-01 1.530882e+03 1.106941e+03 
2.782222e-01 1.477614e+03 1.068858e+03 
2.832626e-01 1.423471e+03 1.032592e+03 
2.883030e-01 1.370591e+03 9.980313e+02 
2.933434e-01 1.320724e+03 9.650750e+02 
2.983838e-01 1.275121e+03 9.336283e+02 
3.034242e-01 1.234550e+03 9.036034e+02 
3.084646e-01 1.199008e+03 8.749188e+02 
3.135051e-01 1.167662e+03 8.474984e+02 
3.185455e-01 1.139169e+03 8.212713e+02 
3.235859e-01 1.112108e+03 7.961716e+02 
3.286263e-01 1.085355e+03 7.721376e+02 
3.336667e-01 1.058204e+03 7.491118e+02 
3.387071e-01 1.030307e+03 7.270404e+02 
3.437475e-01 1.001666e+03 7.058730e+02 
3.487879e-01 9.727048e+02 6.855624e+02 
3.538283e-01 9.441199e+02 6.660646e+02 
3.588687e-01 9.166502e+02 6.473381e+02 
3.639091e-01 8.908449e+02 6.293441e+02 
3.689495e-01 8.669070e+02 6.120460e+02 
3.739899e-01 8.448249e+02 5.954095e+02 
3.790303e-01 8.244409e+02 5.794024e+02 
3.840707e-01 8.054546e+02 5.639943e+02 
3.891111e-01 7.874636e+02 5.491567e+02 
3.941515e-01 7.700143e+02 5.348625e+02 
3.991919e-01 7.527395e+02 5.210865e+02 
4.042323e-01 7.354693e+02 5.078046e+02 
4.092727e-01 7.181954e+02 4.949943e+02 
4.143131e-01 7.010169e+02 4.826341e+02 
4.193535e-01 6.840779e+02 4.707040e+02 
4.243939e-01 6.675593e+02 4.591847e+02 
4.294343e-01 6.516715e+02 4.480582e+02 
4.344747e-01 6.365437e+02 4.373074e+02 
4.395152e-01 6.222177e+02 4.269161e+02 
4.445556e-01 6.086632e+02 4.168690e+02 
4.495960e-01 5.957726e+02 4.071515e+02 
4.546364e-01 5.834212e+02 3.977497e+02 
4.596768e-01 5.714975e+02 3.886506e+02 
4.647172e-01 5.598701e+02 3.798417e+02 
4.697576e-01 5.484395e+02 3.713112e+02 
4.747980e-01 5.371661e+02 3.630478e+02 
4.798384e-01 5.260305e+02 3.550409e+02 
4.848788e-01 5.150916e+02 3.472802e+02 
4.899192e-01 5.044110e+02 3.397562e+02 
4.949596e-01 4.940213e+02 3.324594e+02 
5.000000e-01 4.839651e+02 3.253813e+02 
