1.000000e-03 3.347752e+03 3.347429e+03 
6.040404e-03 1.467531e+04 1.473085e+04 
1.108081e-02 1.995834e+04 1.980436e+04 
1.612121e-02 2.175733e+04 2.125011e+04 
2.116162e-02 2.152123e+04 2.061055e+04 
2.620202e-02 2.020616e+04 1.911652e+04 
3.124242e-02 1.848164e+04 1.749274e+04 
3.628283e-02 1.677817e+04 1.597441e+04 
4.132323e-02 1.531787e+04 1.460092e+04 
4.636364e-02 1.415852e+04 1.336580e+04 
5.140404e-02 1.328942e+04 1.225581e+04 
5.644444e-02 1.257719e+04 1.125802e+04 
6.148485e-02 1.192812e+04 1.036062e+04 
6.652525e-02 1.126177e+04 9.552861e+03 
7.156566e-02 1.053758e+04 8.824987e+03 
7.660606e-02 9.761503e+03 8.168208e+03 
8.164646e-02 8.976709e+03 7.574654e+03 
8.668687e-02 8.236546e+03 7.037316e+03 
9.172727e-02 7.581399e+03 6.549984e+03 
9.676768e-02 7.035061e+03 6.107170e+03 
1.018081e-01 6.603491e+03 5.704037e+03 
1.068485e-01 6.270997e+03 5.336322e+03 
1.118889e-01 6.003350e+03 5.000274e+03 
1.169293e-01 5.762263e+03 4.692586e+03 
1.219697e-01 5.519070e+03 4.410343e+03 
1.270101e-01 5.258249e+03 4.150972e+03 
1.320505e-01 4.976807e+03 3.912198e+03 
1.370909e-01 4.683197e+03 3.692009e+03 
1.421313e-01 4.393028e+03 3.488620e+03 
1.471717e-01 4.121867e+03 3.300445e+03 
1.522121e-01 3.880722e+03 3.126074e+03 
1.572525e-01 3.675558e+03 2.964250e+03 
1.622929e-01 3.506906e+03 2.813849e+03 
1.673333e-01 3.368658e+03 2.673867e+03 
1.723737e-01 3.249610e+03 2.543403e+03 
1.774141e-01 3.138245e+03 2.421649e+03 
1.824545e-01 3.026575e+03 2.307877e+03 
1.874949e-01 2.910537e+03 2.201433e+03 
1.925354e-01 2.788938e+03 2.101724e+03 
1.975758e-01 2.663748e+03 2.008216e+03 
2.026162e-01 2.539611e+03 1.920424e+03 
2.076566e-01 2.421897e+03 1.837910e+03 
2.126970e-01 2.314556e+03 1.760274e+03 
2.177374e-01 2.219222e+03 1.687153e+03 
2.227778e-01 2.135620e+03 1.618217e+03 
2.278182e-01 2.062032e+03 1.553163e+03 
2.328586e-01 1.995681e+03 1.491716e+03 
2.378990e-01 1.933571e+03 1.433624e+03 
2.429394e-01 1.873163e+03 1.378655e+03 
2.479798e-01 1.812678e+03 1.326596e+03 
2.530202e-01 1.751317e+03 1.277254e+03 
2.580606e-01 1.689474e+03 1.230449e+03 
2.631010e-01 1.628499e+03 1.186016e+03 
2.681414e-01 1.569961e+03 1.143802e+03 
2.731818e-01 1.514960e+03 1.103668e+03 
2.782222e-01 1.463967e+03 1.065483e+03 
2.832626e-01 1.417090e+03 1.029128e+03 
2.883030e-01 1.374068e+03 9.944907e+02 
2.933434e-01 1.334218e+03 9.614692e+02 
2.983838e-01 1.296551e+03 9.299675e+02 
3.034242e-01 1.260175e+03 8.998967e+02 
3.084646e-01 1.224556e+03 8.711745e+02 
3.135051e-01 1.189477e+03 8.437239e+02 
3.185455e-01 1.154901e+03 8.174734e+02 
3.235859e-01 1.120975e+03 7.923564e+02 
3.286263e-01 1.088048e+03 7.683107e+02 
3.336667e-01 1.056509e+03 7.452781e+02 
3.387071e-01 1.026593e+03 7.232044e+02 
3.437475e-01 9.983394e+02 7.020388e+02 
3.487879e-01 9.716591e+02 6.817338e+02 
3.538283e-01 9.463771e+02 6.622447e+02 
3.588687e-01 9.222613e+02 6.435300e+02 
3.639091e-01 8.990433e+02 6.255504e+02 
3.689495e-01 8.765009e+02 6.082690e+02 
3.739899e-01 8.545321e+02 5.916515e+02 
3.790303e-01 8.331143e+02 5.756653e+02 
3.840707e-01 8.122480e+02 5.602798e+02 
3.891111e-01 7.919548e+02 5.454663e+02 
3.941515e-01 7.723113e+02 5.311977e+02 
3.991919e-01 7.533990e+02 5.174483e+02 
4.042323e-01 7.352756e+02 5.041942e+02 
4.092727e-01 7.179048e+02 4.914125e+02 
4.143131e-01 7.012070e+02 4.790818e+02 
4.193535e-01 6.851186e+02 4.671817e+02 
4.243939e-01 6.695925e+02 4.556932e+02 
4.294343e-01 6.545775e+02 4.445979e+02 
4.344747e-01 6.399868e+02 4.338788e+02 
4.395152e-01 6.257754e+02 4.235196e+02 
4.445556e-01 6.119423e+02 4.135048e+02 
4.495960e-01 5.985146e+02 4.038198e+02 
4.546364e-01 5.854898e+02 3.944507e+02 
4.596768e-01 5.728465e+02 3.853844e+02 
4.647172e-01 5.605884e+02 3.766084e+02 
4.697576e-01 5.487395e+02 3.681107e+02 
4.747980e-01 5.372947e+02 3.598802e+02 
4.798384e-01 5.262106e+02 3.519061e+02 
4.848788e-01 5.154497e+02 3.441781e+02 
4.899192e-01 5.049932e+02 3.366867e+02 
4.949596e-01 4.948396e+02 3.294224e+02 
5.000000e-01 4.849780e+02 3.223766e+02 
