1.000000e-03 4.189384e+03 4.189000e+03 
6.040404e-03 1.825354e+04 1.833621e+04 
1.108081e-02 2.481835e+04 2.473050e+04 
1.612121e-02 2.690868e+04 2.650817e+04 
2.116162e-02 2.626935e+04 2.534620e+04 
2.620202e-02 2.412632e+04 2.283349e+04 
3.124242e-02 2.140095e+04 2.020676e+04 
3.628283e-02 1.872852e+04 1.792551e+04 
4.132323e-02 1.647035e+04 1.601854e+04 
4.636364e-02 1.474225e+04 1.441308e+04 
5.140404e-02 1.354588e+04 1.304068e+04 
5.644444e-02 1.274206e+04 1.185188e+04 
6.148485e-02 1.216940e+04 1.081191e+04 
6.652525e-02 1.167096e+04 9.895457e+03 
7.156566e-02 1.112235e+04 9.083315e+03 
7.660606e-02 1.045499e+04 8.360327e+03 
8.164646e-02 9.665117e+03 7.714213e+03 
8.668687e-02 8.803223e+03 7.134817e+03 
9.172727e-02 7.943051e+03 6.613630e+03 
9.676768e-02 7.155464e+03 6.143446e+03 
1.018081e-01 6.495290e+03 5.718120e+03 
1.068485e-01 5.989929e+03 5.332383e+03 
1.118889e-01 5.634521e+03 4.981694e+03 
1.169293e-01 5.397506e+03 4.662123e+03 
1.219697e-01 5.234740e+03 4.370258e+03 
1.270101e-01 5.100803e+03 4.103128e+03 
1.320505e-01 4.955981e+03 3.858134e+03 
1.370909e-01 4.772608e+03 3.633000e+03 
1.421313e-01 4.540370e+03 3.425725e+03 
1.471717e-01 4.267012e+03 3.234547e+03 
1.522121e-01 3.972036e+03 3.057908e+03 
1.572525e-01 3.678995e+03 2.894429e+03 
1.622929e-01 3.410842e+03 2.742884e+03 
1.673333e-01 3.185131e+03 2.602186e+03 
1.723737e-01 3.009739e+03 2.471363e+03 
1.774141e-01 2.881770e+03 2.349545e+03 
1.824545e-01 2.790600e+03 2.235957e+03 
1.874949e-01 2.722313e+03 2.129901e+03 
1.925354e-01 2.663007e+03 2.030749e+03 
1.975758e-01 2.599550e+03 1.937936e+03 
2.026162e-01 2.522319e+03 1.850953e+03 
2.076566e-01 2.427422e+03 1.769340e+03 
2.126970e-01 2.317257e+03 1.692677e+03 
2.177374e-01 2.198617e+03 1.620588e+03 
2.227778e-01 2.079760e+03 1.552728e+03 
2.278182e-01 1.968365e+03 1.488784e+03 
2.328586e-01 1.870325e+03 1.428471e+03 
2.378990e-01 1.788794e+03 1.371529e+03 
2.429394e-01 1.723883e+03 1.317719e+03 
2.479798e-01 1.673164e+03 1.266823e+03 
2.530202e-01 1.632382e+03 1.218643e+03 
2.580606e-01 1.596349e+03 1.172995e+03 
2.631010e-01 1.560137e+03 1.129709e+03 
2.681414e-01 1.520128e+03 1.088633e+03 
2.731818e-01 1.474762e+03 1.049622e+03 
2.782222e-01 1.424369e+03 1.012545e+03 
2.832626e-01 1.370584e+03 9.772804e+02 
2.883030e-01 1.315847e+03 9.437162e+02 
2.933434e-01 1.262847e+03 9.117482e+02 
2.983838e-01 1.213992e+03 8.812801e+02 
3.034242e-01 1.170856e+03 8.522225e+02 
3.084646e-01 1.133837e+03 8.244926e+02 
3.135051e-01 1.102339e+03 7.980133e+02 
3.185455e-01 1.075163e+03 7.727129e+02 
3.235859e-01 1.050701e+03 7.485248e+02 
3.286263e-01 1.027269e+03 7.253869e+02 
3.336667e-01 1.003440e+03 7.032410e+02 
3.387071e-01 9.783128e+02 6.820332e+02 
3.437475e-01 9.516711e+02 6.617130e+02 
3.487879e-01 9.238657e+02 6.422330e+02 
3.538283e-01 8.955677e+02 6.235490e+02 
3.588687e-01 8.676702e+02 6.056197e+02 
3.639091e-01 8.410484e+02 5.884063e+02 
3.689495e-01 8.163427e+02 5.718722e+02 
3.739899e-01 7.938652e+02 5.559835e+02 
3.790303e-01 7.735833e+02 5.407080e+02 
3.840707e-01 7.552111e+02 5.260156e+02 
3.891111e-01 7.383186e+02 5.118779e+02 
3.941515e-01 7.223556e+02 4.982682e+02 
3.991919e-01 7.067478e+02 4.851614e+02 
4.042323e-01 6.910798e+02 4.725338e+02 
4.092727e-01 6.751315e+02 4.603630e+02 
4.143131e-01 6.589321e+02 4.486281e+02 
4.193535e-01 6.426414e+02 4.373090e+02 
4.243939e-01 6.264938e+02 4.263870e+02 
4.294343e-01 6.107435e+02 4.158443e+02 
4.344747e-01 5.956376e+02 4.056641e+02 
4.395152e-01 5.813781e+02 3.958305e+02 
4.445556e-01 5.680439e+02 3.863284e+02 
4.495960e-01 5.555789e+02 3.771436e+02 
4.546364e-01 5.438409e+02 3.682625e+02 
4.596768e-01 5.326674e+02 3.596724e+02 
4.647172e-01 5.218986e+02 3.513610e+02 
4.697576e-01 5.113747e+02 3.433169e+02 
4.747980e-01 5.009566e+02 3.355289e+02 
4.798384e-01 4.905593e+02 3.279868e+02 
4.848788e-01 4.802177e+02 3.206806e+02 
4.899192e-01 4.700061e+02 3.136008e+02 
4.949596e-01 4.599874e+02 3.067386e+02 
5.000000e-01 4.502362e+02 3.000853e+02 
