1.000000e-03 1.307271e+04 1.307147e+04 
6.040404e-03 5.726895e+04 5.757683e+04 
1.108081e-02 7.688463e+04 7.722667e+04 
1.612121e-02 8.097837e+04 8.137316e+04 
2.116162e-02 7.512544e+04 7.399751e+04 
2.620202e-02 6.375006e+04 5.999255e+04 
3.124242e-02 5.054353e+04 4.574523e+04 
3.628283e-02 3.819866e+04 3.473217e+04 
4.132323e-02 2.821980e+04 2.708789e+04 
4.636364e-02 2.103174e+04 2.184589e+04 
5.140404e-02 1.642721e+04 1.814150e+04 
5.644444e-02 1.384858e+04 1.541288e+04 
6.148485e-02 1.270155e+04 1.332260e+04 
6.652525e-02 1.246700e+04 1.166810e+04 
7.156566e-02 1.271636e+04 1.032406e+04 
7.660606e-02 1.304280e+04 9.209828e+03 
8.164646e-02 1.308292e+04 8.271234e+03 
8.668687e-02 1.260446e+04 7.470464e+03 
9.172727e-02 1.156889e+04 6.780180e+03 
9.676768e-02 1.011049e+04 6.180020e+03 
1.018081e-01 8.468049e+03 5.654426e+03 
1.068485e-01 6.891503e+03 5.191255e+03 
1.118889e-01 5.569617e+03 4.780864e+03 
1.169293e-01 4.596411e+03 4.415478e+03 
1.219697e-01 3.981869e+03 4.088746e+03 
1.270101e-01 3.685298e+03 3.795428e+03 
1.320505e-01 3.643247e+03 3.531160e+03 
1.370909e-01 3.782147e+03 3.292274e+03 
1.421313e-01 4.019601e+03 3.075669e+03 
1.471717e-01 4.264353e+03 2.878707e+03 
1.522121e-01 4.423900e+03 2.699126e+03 
1.572525e-01 4.424523e+03 2.534983e+03 
1.622929e-01 4.236146e+03 2.384595e+03 
1.673333e-01 3.882476e+03 2.246504e+03 
1.723737e-01 3.426657e+03 2.119436e+03 
1.774141e-01 2.943752e+03 2.002276e+03 
1.824545e-01 2.499167e+03 1.894048e+03 
1.874949e-01 2.138432e+03 1.793889e+03 
1.925354e-01 1.884353e+03 1.701037e+03 
1.975758e-01 1.739304e+03 1.614817e+03 
2.026162e-01 1.691106e+03 1.534630e+03 
2.076566e-01 1.719434e+03 1.459942e+03 
2.126970e-01 1.799125e+03 1.390273e+03 
2.177374e-01 1.900614e+03 1.325197e+03 
2.227778e-01 1.991080e+03 1.264330e+03 
2.278182e-01 2.039817e+03 1.207328e+03 
2.328586e-01 2.026258e+03 1.153878e+03 
2.378990e-01 1.945609e+03 1.103700e+03 
2.429394e-01 1.808516e+03 1.056540e+03 
2.479798e-01 1.636337e+03 1.012168e+03 
2.530202e-01 1.454790e+03 9.703745e+02 
2.580606e-01 1.287622e+03 9.309692e+02 
2.631010e-01 1.151638e+03 8.937788e+02 
2.681414e-01 1.055164e+03 8.586453e+02 
2.731818e-01 9.991903e+02 8.254242e+02 
2.782222e-01 9.799323e+02 7.939831e+02 
2.832626e-01 9.903208e+02 7.642009e+02 
2.883030e-01 1.020445e+03 7.359663e+02 
2.933434e-01 1.057994e+03 7.091771e+02 
2.983838e-01 1.089893e+03 6.837391e+02 
3.034242e-01 1.104929e+03 6.595657e+02 
3.084646e-01 1.096092e+03 6.365768e+02 
3.135051e-01 1.061687e+03 6.146987e+02 
3.185455e-01 1.005134e+03 5.938631e+02 
3.235859e-01 9.339774e+02 5.740066e+02 
3.286263e-01 8.577928e+02 5.550708e+02 
3.336667e-01 7.857985e+02 5.370012e+02 
3.387071e-01 7.249887e+02 5.197475e+02 
3.437475e-01 6.793690e+02 5.032626e+02 
3.487879e-01 6.502315e+02 4.875030e+02 
3.538283e-01 6.366705e+02 4.724280e+02 
3.588687e-01 6.359492e+02 4.579997e+02 
3.639091e-01 6.439030e+02 4.441828e+02 
3.689495e-01 6.555080e+02 4.309442e+02 
3.739899e-01 6.656017e+02 4.182530e+02 
3.790303e-01 6.696846e+02 4.060805e+02 
3.840707e-01 6.646550e+02 3.943995e+02 
3.891111e-01 6.493541e+02 3.831849e+02 
3.941515e-01 6.247236e+02 3.724128e+02 
3.991919e-01 5.934342e+02 3.620609e+02 
4.042323e-01 5.591112e+02 3.521084e+02 
4.092727e-01 5.254090e+02 3.425356e+02 
4.143131e-01 4.953686e+02 3.333241e+02 
4.193535e-01 4.711283e+02 3.244563e+02 
4.243939e-01 4.537500e+02 3.159160e+02 
4.294343e-01 4.432332e+02 3.076878e+02 
4.344747e-01 4.386147e+02 2.997570e+02 
4.395152e-01 4.382217e+02 2.921099e+02 
4.445556e-01 4.400256e+02 2.847337e+02 
4.495960e-01 4.418941e+02 2.776160e+02 
4.546364e-01 4.418697e+02 2.707452e+02 
4.596768e-01 4.384617e+02 2.641106e+02 
4.647172e-01 4.309358e+02 2.577016e+02 
4.697576e-01 4.194220e+02 2.515085e+02 
4.747980e-01 4.047850e+02 2.455220e+02 
4.798384e-01 3.883228e+02 2.397333e+02 
4.848788e-01 3.715029e+02 2.341340e+02 
4.899192e-01 3.557170e+02 2.287163e+02 
4.949596e-01 3.420715e+02 2.234726e+02 
5.000000e-01 3.312337e+02 2.183957e+02 
