1.000000e-03 3.766736e+03 3.766396e+03 
6.040404e-03 1.669376e+04 1.676828e+04 
1.108081e-02 2.287720e+04 2.278576e+04 
1.612121e-02 2.496982e+04 2.457417e+04 
2.116162e-02 2.454799e+04 2.367133e+04 
2.620202e-02 2.272693e+04 2.152840e+04 
3.124242e-02 2.034569e+04 1.924341e+04 
3.628283e-02 1.798430e+04 1.722206e+04 
4.132323e-02 1.597397e+04 1.550077e+04 
4.636364e-02 1.442352e+04 1.402787e+04 
5.140404e-02 1.333585e+04 1.275202e+04 
5.644444e-02 1.258405e+04 1.163521e+04 
6.148485e-02 1.202163e+04 1.065001e+04 
6.652525e-02 1.151215e+04 9.775923e+03 
7.156566e-02 1.094513e+04 8.996957e+03 
7.660606e-02 1.026627e+04 8.300200e+03 
8.164646e-02 9.483217e+03 7.674971e+03 
8.668687e-02 8.650157e+03 7.112288e+03 
9.172727e-02 7.835849e+03 6.604520e+03 
9.676768e-02 7.101719e+03 6.145129e+03 
1.018081e-01 6.493068e+03 5.728488e+03 
1.068485e-01 6.030681e+03 5.349731e+03 
1.118889e-01 5.704380e+03 5.004637e+03 
1.169293e-01 5.480024e+03 4.689531e+03 
1.219697e-01 5.313377e+03 4.401205e+03 
1.270101e-01 5.162674e+03 4.136852e+03 
1.320505e-01 4.994312e+03 3.894009e+03 
1.370909e-01 4.787462e+03 3.670508e+03 
1.421313e-01 4.537865e+03 3.464439e+03 
1.471717e-01 4.256722e+03 3.274112e+03 
1.522121e-01 3.964467e+03 3.098031e+03 
1.572525e-01 3.683493e+03 2.934868e+03 
1.622929e-01 3.433393e+03 2.783441e+03 
1.673333e-01 3.227277e+03 2.642694e+03 
1.723737e-01 3.068566e+03 2.511686e+03 
1.774141e-01 2.951458e+03 2.389574e+03 
1.824545e-01 2.864216e+03 2.275600e+03 
1.874949e-01 2.793082e+03 2.169084e+03 
1.925354e-01 2.724992e+03 2.069414e+03 
1.975758e-01 2.649120e+03 1.976037e+03 
2.026162e-01 2.558871e+03 1.888453e+03 
2.076566e-01 2.453470e+03 1.806210e+03 
2.126970e-01 2.337332e+03 1.728897e+03 
2.177374e-01 2.217709e+03 1.656144e+03 
2.227778e-01 2.102202e+03 1.587609e+03 
2.278182e-01 1.997207e+03 1.522986e+03 
2.328586e-01 1.906943e+03 1.461992e+03 
2.378990e-01 1.832672e+03 1.404369e+03 
2.429394e-01 1.772935e+03 1.349883e+03 
2.479798e-01 1.724387e+03 1.298317e+03 
2.530202e-01 1.682594e+03 1.249474e+03 
2.580606e-01 1.642859e+03 1.203171e+03 
2.631010e-01 1.601114e+03 1.159241e+03 
2.681414e-01 1.554946e+03 1.117531e+03 
2.731818e-01 1.504117e+03 1.077898e+03 
2.782222e-01 1.449954e+03 1.040211e+03 
2.832626e-01 1.394548e+03 1.004349e+03 
2.883030e-01 1.340184e+03 9.701996e+02 
2.933434e-01 1.289086e+03 9.376595e+02 
2.983838e-01 1.243026e+03 9.066321e+02 
3.034242e-01 1.202806e+03 8.770283e+02 
3.084646e-01 1.168105e+03 8.487651e+02 
3.135051e-01 1.137802e+03 8.217654e+02 
3.185455e-01 1.110441e+03 7.959574e+02 
3.235859e-01 1.084568e+03 7.712742e+02 
3.286263e-01 1.058878e+03 7.476535e+02 
3.336667e-01 1.032359e+03 7.250372e+02 
3.387071e-01 1.004594e+03 7.033708e+02 
3.437475e-01 9.757917e+02 6.826038e+02 
3.487879e-01 9.466087e+02 6.626884e+02 
3.538283e-01 9.178632e+02 6.435804e+02 
3.588687e-01 8.902804e+02 6.252380e+02 
3.639091e-01 8.644279e+02 6.076221e+02 
3.689495e-01 8.406459e+02 5.906961e+02 
3.739899e-01 8.189937e+02 5.744256e+02 
3.790303e-01 7.992415e+02 5.587783e+02 
3.840707e-01 7.809310e+02 5.437236e+02 
3.891111e-01 7.635474e+02 5.292330e+02 
3.941515e-01 7.466408e+02 5.152796e+02 
3.991919e-01 7.298573e+02 5.018379e+02 
4.042323e-01 7.129514e+02 4.888841e+02 
4.092727e-01 6.958944e+02 4.763955e+02 
4.143131e-01 6.788081e+02 4.643508e+02 
4.193535e-01 6.619524e+02 4.527299e+02 
4.243939e-01 6.455753e+02 4.415138e+02 
4.294343e-01 6.298575e+02 4.306845e+02 
4.344747e-01 6.149338e+02 4.202249e+02 
4.395152e-01 6.008645e+02 4.101189e+02 
4.445556e-01 5.876461e+02 4.003512e+02 
4.495960e-01 5.751634e+02 3.909075e+02 
4.546364e-01 5.632241e+02 3.817740e+02 
4.596768e-01 5.516633e+02 3.729376e+02 
4.647172e-01 5.403549e+02 3.643860e+02 
4.697576e-01 5.292282e+02 3.561075e+02 
4.747980e-01 5.182196e+02 3.480910e+02 
4.798384e-01 5.073060e+02 3.403258e+02 
4.848788e-01 4.965449e+02 3.328019e+02 
4.899192e-01 4.860194e+02 3.255097e+02 
4.949596e-01 4.758192e+02 3.184401e+02 
5.000000e-01 4.659776e+02 3.115844e+02 
