1.000000e-03 6.771393e+03 6.770728e+03 
6.040404e-03 2.953079e+04 2.966967e+04 
1.108081e-02 3.957584e+04 3.954703e+04 
1.612121e-02 4.196377e+04 4.159037e+04 
2.116162e-02 3.968005e+04 3.840608e+04 
2.620202e-02 3.491729e+04 3.283348e+04 
3.124242e-02 2.936933e+04 2.741243e+04 
3.628283e-02 2.419863e+04 2.308338e+04 
4.132323e-02 2.002645e+04 1.977974e+04 
4.636364e-02 1.700678e+04 1.722156e+04 
5.140404e-02 1.509342e+04 1.518188e+04 
5.644444e-02 1.400354e+04 1.351085e+04 
6.148485e-02 1.343475e+04 1.211231e+04 
6.652525e-02 1.309167e+04 1.092291e+04 
7.156566e-02 1.273329e+04 9.899021e+03 
7.660606e-02 1.217627e+04 9.009301e+03 
8.164646e-02 1.133928e+04 8.230324e+03 
8.668687e-02 1.026144e+04 7.544038e+03 
9.172727e-02 9.064684e+03 6.936189e+03 
9.676768e-02 7.894699e+03 6.395303e+03 
1.018081e-01 6.874368e+03 5.912002e+03 
1.068485e-01 6.079359e+03 5.478530e+03 
1.118889e-01 5.531923e+03 5.088410e+03 
1.169293e-01 5.210116e+03 4.736187e+03 
1.219697e-01 5.062753e+03 4.417236e+03 
1.270101e-01 5.021450e+03 4.127611e+03 
1.320505e-01 5.012654e+03 3.863930e+03 
1.370909e-01 4.971030e+03 3.623276e+03 
1.421313e-01 4.850896e+03 3.403126e+03 
1.471717e-01 4.632266e+03 3.201288e+03 
1.522121e-01 4.322187e+03 3.015849e+03 
1.572525e-01 3.952695e+03 2.845136e+03 
1.622929e-01 3.571180e+03 2.687679e+03 
1.673333e-01 3.223263e+03 2.542185e+03 
1.723737e-01 2.938812e+03 2.407509e+03 
1.774141e-01 2.729649e+03 2.282640e+03 
1.824545e-01 2.594739e+03 2.166678e+03 
1.874949e-01 2.523862e+03 2.058823e+03 
1.925354e-01 2.498472e+03 1.958360e+03 
1.975758e-01 2.493830e+03 1.864650e+03 
2.026162e-01 2.484837e+03 1.777121e+03 
2.076566e-01 2.452381e+03 1.695258e+03 
2.126970e-01 2.386149e+03 1.618597e+03 
2.177374e-01 2.284537e+03 1.546721e+03 
2.227778e-01 2.154366e+03 1.479252e+03 
2.278182e-01 2.009087e+03 1.415848e+03 
2.328586e-01 1.864883e+03 1.356200e+03 
2.378990e-01 1.735456e+03 1.300026e+03 
2.429394e-01 1.629726e+03 1.247069e+03 
2.479798e-01 1.551468e+03 1.197097e+03 
2.530202e-01 1.499901e+03 1.149895e+03 
2.580606e-01 1.470122e+03 1.105270e+03 
2.631010e-01 1.454056e+03 1.063043e+03 
2.681414e-01 1.442606e+03 1.023050e+03 
2.731818e-01 1.427715e+03 9.851414e+02 
2.782222e-01 1.403510e+03 9.491794e+02 
2.832626e-01 1.366818e+03 9.150370e+02 
2.883030e-01 1.317491e+03 8.825972e+02 
2.933434e-01 1.258543e+03 8.517522e+02 
2.983838e-01 1.195219e+03 8.224022e+02 
3.034242e-01 1.133199e+03 7.944553e+02 
3.084646e-01 1.077138e+03 7.678260e+02 
3.135051e-01 1.030027e+03 7.424355e+02 
3.185455e-01 9.931738e+02 7.182103e+02 
3.235859e-01 9.662369e+02 6.950824e+02 
3.286263e-01 9.472954e+02 6.729886e+02 
3.336667e-01 9.333387e+02 6.518700e+02 
3.387071e-01 9.210311e+02 6.316718e+02 
3.437475e-01 9.074538e+02 6.123429e+02 
3.487879e-01 8.905247e+02 5.938356e+02 
3.538283e-01 8.691678e+02 5.761055e+02 
3.588687e-01 8.434781e+02 5.591110e+02 
3.639091e-01 8.145558e+02 5.428131e+02 
3.689495e-01 7.841830e+02 5.271755e+02 
3.739899e-01 7.543442e+02 5.121641e+02 
3.790303e-01 7.267096e+02 4.977469e+02 
3.840707e-01 7.024909e+02 4.838939e+02 
3.891111e-01 6.822421e+02 4.705769e+02 
3.941515e-01 6.658566e+02 4.577695e+02 
3.991919e-01 6.525922e+02 4.454468e+02 
4.042323e-01 6.413486e+02 4.335854e+02 
4.092727e-01 6.309609e+02 4.221632e+02 
4.143131e-01 6.203720e+02 4.111596e+02 
4.193535e-01 6.087766e+02 4.005548e+02 
4.243939e-01 5.957057e+02 3.903306e+02 
4.294343e-01 5.811305e+02 3.804693e+02 
4.344747e-01 5.654500e+02 3.709547e+02 
4.395152e-01 5.492980e+02 3.617710e+02 
4.445556e-01 5.333565e+02 3.529037e+02 
4.495960e-01 5.182329e+02 3.443387e+02 
4.546364e-01 5.043968e+02 3.360630e+02 
4.596768e-01 4.921320e+02 3.280640e+02 
4.647172e-01 4.814317e+02 3.203299e+02 
4.697576e-01 4.720351e+02 3.128495e+02 
4.747980e-01 4.635636e+02 3.056123e+02 
4.798384e-01 4.555909e+02 2.986079e+02 
4.848788e-01 4.477230e+02 2.918270e+02 
4.899192e-01 4.396293e+02 2.852604e+02 
4.949596e-01 4.311037e+02 2.788993e+02 
5.000000e-01 4.221224e+02 2.727357e+02 
