1.000000e-03 4.420930e+03 4.420518e+03 
6.040404e-03 1.981825e+04 1.990829e+04 
1.108081e-02 2.709215e+04 2.701978e+04 
1.612121e-02 2.934783e+04 2.896332e+04 
2.116162e-02 2.849179e+04 2.751148e+04 
2.620202e-02 2.591633e+04 2.448487e+04 
3.124242e-02 2.269492e+04 2.137718e+04 
3.628283e-02 1.957365e+04 1.874314e+04 
4.132323e-02 1.697316e+04 1.659704e+04 
4.636364e-02 1.502063e+04 1.483019e+04 
5.140404e-02 1.371890e+04 1.334634e+04 
5.644444e-02 1.289150e+04 1.207835e+04 
6.148485e-02 1.235188e+04 1.098059e+04 
6.652525e-02 1.190900e+04 1.002102e+04 
7.156566e-02 1.141047e+04 9.176143e+03 
7.660606e-02 1.076526e+04 8.427957e+03 
8.164646e-02 9.958054e+03 7.762245e+03 
8.668687e-02 9.041647e+03 7.167492e+03 
9.172727e-02 8.103293e+03 6.634203e+03 
9.676768e-02 7.232689e+03 6.154449e+03 
1.018081e-01 6.501060e+03 5.721542e+03 
1.068485e-01 5.945375e+03 5.329800e+03 
1.118889e-01 5.564069e+03 4.974362e+03 
1.169293e-01 5.325672e+03 4.651050e+03 
1.219697e-01 5.182467e+03 4.356256e+03 
1.270101e-01 5.081954e+03 4.086853e+03 
1.320505e-01 4.974497e+03 3.840119e+03 
1.370909e-01 4.822260e+03 3.613678e+03 
1.421313e-01 4.608341e+03 3.405449e+03 
1.471717e-01 4.337370e+03 3.213603e+03 
1.522121e-01 4.029289e+03 3.036529e+03 
1.572525e-01 3.712051e+03 2.872805e+03 
1.622929e-01 3.415608e+03 2.721171e+03 
1.673333e-01 3.164180e+03 2.580509e+03 
1.723737e-01 2.970033e+03 2.449821e+03 
1.774141e-01 2.832193e+03 2.328222e+03 
1.824545e-01 2.740547e+03 2.214915e+03 
1.874949e-01 2.680705e+03 2.109192e+03 
1.925354e-01 2.636160e+03 2.010412e+03 
1.975758e-01 2.589895e+03 1.918003e+03 
2.026162e-01 2.528002e+03 1.831445e+03 
2.076566e-01 2.443467e+03 1.750273e+03 
2.126970e-01 2.337191e+03 1.674063e+03 
2.177374e-01 2.215936e+03 1.602433e+03 
2.227778e-01 2.089246e+03 1.535035e+03 
2.278182e-01 1.967082e+03 1.471553e+03 
2.328586e-01 1.857922e+03 1.411699e+03 
2.378990e-01 1.767328e+03 1.355211e+03 
2.429394e-01 1.696988e+03 1.301850e+03 
2.479798e-01 1.645041e+03 1.251397e+03 
2.530202e-01 1.606901e+03 1.203650e+03 
2.580606e-01 1.576445e+03 1.158426e+03 
2.631010e-01 1.547386e+03 1.115556e+03 
2.681414e-01 1.514601e+03 1.074884e+03 
2.731818e-01 1.475012e+03 1.036268e+03 
2.782222e-01 1.427838e+03 9.995756e+02 
2.832626e-01 1.374417e+03 9.646851e+02 
2.883030e-01 1.317534e+03 9.314842e+02 
2.933434e-01 1.260726e+03 8.998691e+02 
2.983838e-01 1.207397e+03 8.697433e+02 
3.034242e-01 1.160067e+03 8.410179e+02 
3.084646e-01 1.119988e+03 8.136100e+02 
3.135051e-01 1.087113e+03 7.874427e+02 
3.185455e-01 1.060310e+03 7.624447e+02 
3.235859e-01 1.037675e+03 7.385494e+02 
3.286263e-01 1.017007e+03 7.156949e+02 
3.336667e-01 9.963014e+02 6.938236e+02 
3.387071e-01 9.740544e+02 6.728816e+02 
3.437475e-01 9.494799e+02 6.528185e+02 
3.487879e-01 9.226023e+02 6.335874e+02 
3.538283e-01 8.940993e+02 6.151444e+02 
3.588687e-01 8.651295e+02 5.974482e+02 
3.639091e-01 8.369226e+02 5.804604e+02 
3.689495e-01 8.104804e+02 5.641447e+02 
3.739899e-01 7.864787e+02 5.484673e+02 
3.790303e-01 7.652170e+02 5.333963e+02 
3.840707e-01 7.466035e+02 5.189018e+02 
3.891111e-01 7.301543e+02 5.049556e+02 
3.941515e-01 7.151395e+02 4.915314e+02 
3.991919e-01 7.007567e+02 4.786041e+02 
4.042323e-01 6.863485e+02 4.661502e+02 
4.092727e-01 6.715275e+02 4.541478e+02 
4.143131e-01 6.561051e+02 4.425758e+02 
4.193535e-01 6.401150e+02 4.314145e+02 
4.243939e-01 6.238205e+02 4.206453e+02 
4.294343e-01 6.076036e+02 4.102507e+02 
4.344747e-01 5.918925e+02 4.002140e+02 
4.395152e-01 5.770293e+02 3.905194e+02 
4.445556e-01 5.631982e+02 3.811520e+02 
4.495960e-01 5.504340e+02 3.720978e+02 
4.546364e-01 5.386940e+02 3.633433e+02 
4.596768e-01 5.278007e+02 3.548758e+02 
4.647172e-01 5.174882e+02 3.466834e+02 
4.697576e-01 5.074886e+02 3.387547e+02 
4.747980e-01 4.975748e+02 3.310786e+02 
4.798384e-01 4.876207e+02 3.236451e+02 
4.848788e-01 4.775848e+02 3.164441e+02 
4.899192e-01 4.674955e+02 3.094666e+02 
4.949596e-01 4.574244e+02 3.027035e+02 
5.000000e-01 4.475157e+02 2.961465e+02 
