1.000000e-03 1.475858e+04 1.475721e+04 
6.040404e-03 6.496753e+04 6.533053e+04 
1.108081e-02 8.785945e+04 8.831537e+04 
1.612121e-02 9.319637e+04 9.393500e+04 
2.116162e-02 8.701181e+04 8.633906e+04 
2.620202e-02 7.416027e+04 7.031390e+04 
3.124242e-02 5.880111e+04 5.304973e+04 
3.628283e-02 4.410123e+04 3.931224e+04 
4.132323e-02 3.194987e+04 2.977812e+04 
4.636364e-02 2.300384e+04 2.337233e+04 
5.140404e-02 1.709306e+04 1.897865e+04 
5.644444e-02 1.363072e+04 1.584257e+04 
6.148485e-02 1.192972e+04 1.350868e+04 
6.652525e-02 1.140615e+04 1.170661e+04 
7.156566e-02 1.160598e+04 1.027246e+04 
7.660606e-02 1.212415e+04 9.103232e+03 
8.164646e-02 1.256576e+04 8.131580e+03 
8.668687e-02 1.259978e+04 7.311704e+03 
9.172727e-02 1.204736e+04 6.611317e+03 
9.676768e-02 1.091938e+04 6.006914e+03 
1.018081e-01 9.390022e+03 5.480911e+03 
1.068485e-01 7.717694e+03 5.019831e+03 
1.118889e-01 6.154045e+03 4.613143e+03 
1.169293e-01 4.872116e+03 4.252470e+03 
1.219697e-01 3.947699e+03 3.931057e+03 
1.270101e-01 3.376886e+03 3.643384e+03 
1.320505e-01 3.113663e+03 3.384895e+03 
1.370909e-01 3.097748e+03 3.151796e+03 
1.421313e-01 3.264320e+03 2.940896e+03 
1.471717e-01 3.541215e+03 2.749497e+03 
1.522121e-01 3.843691e+03 2.575304e+03 
1.572525e-01 4.078631e+03 2.416346e+03 
1.622929e-01 4.164005e+03 2.270932e+03 
1.673333e-01 4.056010e+03 2.137595e+03 
1.723737e-01 3.764151e+03 2.015062e+03 
1.774141e-01 3.341597e+03 1.902223e+03 
1.824545e-01 2.861773e+03 1.798105e+03 
1.874949e-01 2.395561e+03 1.701853e+03 
1.925354e-01 1.997584e+03 1.612713e+03 
1.975758e-01 1.699576e+03 1.530020e+03 
2.026162e-01 1.510157e+03 1.453182e+03 
2.076566e-01 1.422031e+03 1.381673e+03 
2.126970e-01 1.419686e+03 1.315025e+03 
2.177374e-01 1.483838e+03 1.252819e+03 
2.227778e-01 1.591048e+03 1.194680e+03 
2.278182e-01 1.712326e+03 1.140270e+03 
2.328586e-01 1.815088e+03 1.089285e+03 
2.378990e-01 1.870031e+03 1.041452e+03 
2.429394e-01 1.858907e+03 9.965242e+02 
2.479798e-01 1.778883e+03 9.542770e+02 
2.530202e-01 1.641760e+03 9.145074e+02 
2.580606e-01 1.469823e+03 8.770311e+02 
2.631010e-01 1.289332e+03 8.416799e+02 
2.681414e-01 1.123853e+03 8.083009e+02 
2.731818e-01 9.894968e+02 7.767542e+02 
2.782222e-01 8.939330e+02 7.469120e+02 
2.832626e-01 8.383097e+02 7.186573e+02 
2.883030e-01 8.195780e+02 6.918827e+02 
2.933434e-01 8.318085e+02 6.664895e+02 
2.983838e-01 8.663441e+02 6.423872e+02 
3.034242e-01 9.120059e+02 6.194923e+02 
3.084646e-01 9.562146e+02 5.977278e+02 
3.135051e-01 9.870866e+02 5.770228e+02 
3.185455e-01 9.956967e+02 5.573115e+02 
3.235859e-01 9.776995e+02 5.385334e+02 
3.286263e-01 9.341029e+02 5.206320e+02 
3.336667e-01 8.707959e+02 5.035555e+02 
3.387071e-01 7.968827e+02 4.872552e+02 
3.437475e-01 7.222023e+02 4.716864e+02 
3.487879e-01 6.550407e+02 4.568071e+02 
3.538283e-01 6.010209e+02 4.425786e+02 
3.588687e-01 5.629636e+02 4.289645e+02 
3.639091e-01 5.413582e+02 4.159310e+02 
3.689495e-01 5.348257e+02 4.034466e+02 
3.739899e-01 5.404330e+02 3.914818e+02 
3.790303e-01 5.540276e+02 3.800090e+02 
3.840707e-01 5.706773e+02 3.690025e+02 
3.891111e-01 5.853252e+02 3.584380e+02 
3.941515e-01 5.934810e+02 3.482930e+02 
3.991919e-01 5.919628e+02 3.385462e+02 
4.042323e-01 5.795374e+02 3.291777e+02 
4.092727e-01 5.570923e+02 3.201688e+02 
4.143131e-01 5.272763e+02 3.115018e+02 
4.193535e-01 4.937199e+02 3.031602e+02 
4.243939e-01 4.601543e+02 2.951284e+02 
4.294343e-01 4.298132e+02 2.873917e+02 
4.344747e-01 4.050473e+02 2.799364e+02 
4.395152e-01 3.871697e+02 2.727493e+02 
4.445556e-01 3.764247e+02 2.658181e+02 
4.495960e-01 3.720992e+02 2.591313e+02 
4.546364e-01 3.728097e+02 2.526777e+02 
4.596768e-01 3.767078e+02 2.464471e+02 
4.647172e-01 3.816929e+02 2.404296e+02 
4.697576e-01 3.856269e+02 2.346159e+02 
4.747980e-01 3.866473e+02 2.289971e+02 
4.798384e-01 3.835389e+02 2.235650e+02 
4.848788e-01 3.759352e+02 2.183116e+02 
4.899192e-01 3.642824e+02 2.132295e+02 
4.949596e-01 3.496233e+02 2.083114e+02 
5.000000e-01 3.333752e+02 2.035507e+02 
