1.000000e-03 3.549954e+03 3.549616e+03 
6.040404e-03 1.587039e+04 1.593402e+04 
1.108081e-02 2.172956e+04 2.160389e+04 
1.612121e-02 2.370171e+04 2.323765e+04 
2.116162e-02 2.332735e+04 2.240327e+04 
2.620202e-02 2.168115e+04 2.051561e+04 
3.124242e-02 1.955181e+04 1.851881e+04 
3.628283e-02 1.746704e+04 1.672437e+04 
4.132323e-02 1.571267e+04 1.516005e+04 
4.636364e-02 1.436718e+04 1.379261e+04 
5.140404e-02 1.341254e+04 1.258837e+04 
5.644444e-02 1.271029e+04 1.152136e+04 
6.148485e-02 1.213049e+04 1.057170e+04 
6.652525e-02 1.154742e+04 9.723568e+03 
7.156566e-02 1.088426e+04 8.963929e+03 
7.660606e-02 1.012087e+04 8.281790e+03 
8.164646e-02 9.293908e+03 7.667746e+03 
8.668687e-02 8.468131e+03 7.113697e+03 
9.172727e-02 7.706303e+03 6.612629e+03 
9.676768e-02 7.055688e+03 6.158452e+03 
1.018081e-01 6.542851e+03 5.745870e+03 
1.068485e-01 6.166092e+03 5.370263e+03 
1.118889e-01 5.895920e+03 5.027598e+03 
1.169293e-01 5.687889e+03 4.714345e+03 
1.219697e-01 5.499281e+03 4.427410e+03 
1.270101e-01 5.297324e+03 4.164075e+03 
1.320505e-01 5.062385e+03 3.921948e+03 
1.370909e-01 4.791238e+03 3.698919e+03 
1.421313e-01 4.495878e+03 3.493123e+03 
1.471717e-01 4.196384e+03 3.302908e+03 
1.522121e-01 3.913423e+03 3.126808e+03 
1.572525e-01 3.663966e+03 2.963520e+03 
1.622929e-01 3.458498e+03 2.811881e+03 
1.673333e-01 3.298402e+03 2.670853e+03 
1.723737e-01 3.175947e+03 2.539510e+03 
1.774141e-01 3.077796e+03 2.417018e+03 
1.824545e-01 2.990248e+03 2.302631e+03 
1.874949e-01 2.901931e+03 2.195676e+03 
1.925354e-01 2.804710e+03 2.095547e+03 
1.975758e-01 2.694930e+03 2.001696e+03 
2.026162e-01 2.574351e+03 1.913628e+03 
2.076566e-01 2.449077e+03 1.830896e+03 
2.126970e-01 2.326478e+03 1.753092e+03 
2.177374e-01 2.212937e+03 1.679846e+03 
2.227778e-01 2.112808e+03 1.610822e+03 
2.278182e-01 2.027795e+03 1.545712e+03 
2.328586e-01 1.956974e+03 1.484236e+03 
2.378990e-01 1.897386e+03 1.426138e+03 
2.429394e-01 1.844976e+03 1.371183e+03 
2.479798e-01 1.795502e+03 1.319156e+03 
2.530202e-01 1.745280e+03 1.269861e+03 
2.580606e-01 1.691958e+03 1.223115e+03 
2.631010e-01 1.635105e+03 1.178751e+03 
2.681414e-01 1.576072e+03 1.136616e+03 
2.731818e-01 1.516973e+03 1.096567e+03 
2.782222e-01 1.459828e+03 1.058474e+03 
2.832626e-01 1.406343e+03 1.022216e+03 
2.883030e-01 1.357803e+03 9.876804e+02 
2.933434e-01 1.314701e+03 9.547632e+02 
2.983838e-01 1.276557e+03 9.233682e+02 
3.034242e-01 1.242201e+03 8.934061e+02 
3.084646e-01 1.210204e+03 8.647937e+02 
3.135051e-01 1.179302e+03 8.374537e+02 
3.185455e-01 1.148575e+03 8.113143e+02 
3.235859e-01 1.117387e+03 7.863084e+02 
3.286263e-01 1.085590e+03 7.623734e+02 
3.336667e-01 1.053567e+03 7.394511e+02 
3.387071e-01 1.021997e+03 7.174868e+02 
3.437475e-01 9.915525e+02 6.964296e+02 
3.487879e-01 9.627376e+02 6.762318e+02 
3.538283e-01 9.358543e+02 6.568488e+02 
3.588687e-01 9.109625e+02 6.382386e+02 
3.639091e-01 8.878918e+02 6.203621e+02 
3.689495e-01 8.662988e+02 6.031822e+02 
3.739899e-01 8.457354e+02 5.866646e+02 
3.790303e-01 8.257990e+02 5.707765e+02 
3.840707e-01 8.062209e+02 5.554874e+02 
3.891111e-01 7.868229e+02 5.407685e+02 
3.941515e-01 7.675528e+02 5.265927e+02 
3.991919e-01 7.484795e+02 5.129343e+02 
4.042323e-01 7.298187e+02 4.997694e+02 
4.092727e-01 7.117763e+02 4.870751e+02 
4.143131e-01 6.944914e+02 4.748300e+02 
4.193535e-01 6.780163e+02 4.630138e+02 
4.243939e-01 6.623451e+02 4.516073e+02 
4.294343e-01 6.474480e+02 4.405924e+02 
4.344747e-01 6.332455e+02 4.299518e+02 
4.395152e-01 6.195794e+02 4.196694e+02 
4.445556e-01 6.062901e+02 4.097297e+02 
4.495960e-01 5.932963e+02 4.001182e+02 
4.546364e-01 5.805739e+02 3.908209e+02 
4.596768e-01 5.681036e+02 3.818248e+02 
4.647172e-01 5.558727e+02 3.731175e+02 
4.697576e-01 5.439142e+02 3.646869e+02 
4.747980e-01 5.322896e+02 3.565220e+02 
4.798384e-01 5.210646e+02 3.486120e+02 
4.848788e-01 5.102561e+02 3.409467e+02 
4.899192e-01 4.998267e+02 3.335164e+02 
4.949596e-01 4.897612e+02 3.263119e+02 
5.000000e-01 4.800473e+02 3.193246e+02 
