1.000000e-03 3.160018e+03 3.159723e+03 
6.040404e-03 1.425456e+04 1.431283e+04 
1.108081e-02 1.969474e+04 1.958024e+04 
1.612121e-02 2.167938e+04 2.125603e+04 
2.116162e-02 2.154344e+04 2.070514e+04 
2.620202e-02 2.022599e+04 1.915339e+04 
3.124242e-02 1.842089e+04 1.743894e+04 
3.628283e-02 1.660175e+04 1.585943e+04 
4.132323e-02 1.503505e+04 1.445798e+04 
4.636364e-02 1.380694e+04 1.321647e+04 
5.140404e-02 1.291049e+04 1.211167e+04 
5.644444e-02 1.223988e+04 1.112451e+04 
6.148485e-02 1.167772e+04 1.023978e+04 
6.652525e-02 1.112503e+04 9.444959e+03 
7.156566e-02 1.050687e+04 8.729431e+03 
7.660606e-02 9.800862e+03 8.084021e+03 
8.164646e-02 9.037204e+03 7.500725e+03 
8.668687e-02 8.273549e+03 6.972537e+03 
9.172727e-02 7.564541e+03 6.493310e+03 
9.676768e-02 6.950208e+03 6.057648e+03 
1.018081e-01 6.454843e+03 5.660811e+03 
1.068485e-01 6.081430e+03 5.298636e+03 
1.118889e-01 5.807946e+03 4.967459e+03 
1.169293e-01 5.595485e+03 4.664057e+03 
1.219697e-01 5.404411e+03 4.385588e+03 
1.270101e-01 5.204772e+03 4.129541e+03 
1.320505e-01 4.979219e+03 3.893700e+03 
1.370909e-01 4.723674e+03 3.676101e+03 
1.421313e-01 4.446222e+03 3.475001e+03 
1.471717e-01 4.163450e+03 3.288852e+03 
1.522121e-01 3.893836e+03 3.116275e+03 
1.572525e-01 3.653013e+03 2.956041e+03 
1.622929e-01 3.450741e+03 2.807051e+03 
1.673333e-01 3.289426e+03 2.668322e+03 
1.723737e-01 3.163176e+03 2.538972e+03 
1.774141e-01 3.060968e+03 2.418208e+03 
1.824545e-01 2.970820e+03 2.305317e+03 
1.874949e-01 2.882166e+03 2.199656e+03 
1.925354e-01 2.787125e+03 2.100645e+03 
1.975758e-01 2.681757e+03 2.007758e+03 
2.026162e-01 2.566885e+03 1.920519e+03 
2.076566e-01 2.447349e+03 1.838497e+03 
2.126970e-01 2.329574e+03 1.761299e+03 
2.177374e-01 2.219098e+03 1.688568e+03 
2.227778e-01 2.120065e+03 1.619977e+03 
2.278182e-01 2.034535e+03 1.555231e+03 
2.328586e-01 1.962322e+03 1.494056e+03 
2.378990e-01 1.900984e+03 1.436204e+03 
2.429394e-01 1.846861e+03 1.381448e+03 
2.479798e-01 1.796263e+03 1.329577e+03 
2.530202e-01 1.746094e+03 1.280400e+03 
2.580606e-01 1.694071e+03 1.233739e+03 
2.631010e-01 1.639172e+03 1.189432e+03 
2.681414e-01 1.582026e+03 1.147327e+03 
2.731818e-01 1.524477e+03 1.107288e+03 
2.782222e-01 1.468632e+03 1.069184e+03 
2.832626e-01 1.416020e+03 1.032898e+03 
2.883030e-01 1.367601e+03 9.983190e+02 
2.933434e-01 1.323901e+03 9.653457e+02 
2.983838e-01 1.284868e+03 9.338832e+02 
3.034242e-01 1.249743e+03 9.038438e+02 
3.084646e-01 1.217240e+03 8.751455e+02 
3.135051e-01 1.186060e+03 8.477124e+02 
3.185455e-01 1.155276e+03 8.214735e+02 
3.235859e-01 1.124399e+03 7.963628e+02 
3.286263e-01 1.093265e+03 7.723185e+02 
3.336667e-01 1.061962e+03 7.492831e+02 
3.387071e-01 1.030886e+03 7.272027e+02 
3.437475e-01 1.000680e+03 7.060269e+02 
3.487879e-01 9.719438e+02 6.857085e+02 
3.538283e-01 9.450036e+02 6.662034e+02 
3.588687e-01 9.198899e+02 6.474700e+02 
3.639091e-01 8.964482e+02 6.294695e+02 
3.689495e-01 8.744604e+02 6.121653e+02 
3.739899e-01 8.536286e+02 5.955232e+02 
3.790303e-01 8.335864e+02 5.795108e+02 
3.840707e-01 8.139913e+02 5.640977e+02 
3.891111e-01 7.946314e+02 5.492553e+02 
3.941515e-01 7.754674e+02 5.349568e+02 
3.991919e-01 7.565754e+02 5.211766e+02 
4.042323e-01 7.380625e+02 5.078908e+02 
4.092727e-01 7.200538e+02 4.950767e+02 
4.143131e-01 7.027037e+02 4.827131e+02 
4.193535e-01 6.861112e+02 4.707796e+02 
4.243939e-01 6.703255e+02 4.592572e+02 
4.294343e-01 6.552830e+02 4.481278e+02 
4.344747e-01 6.408889e+02 4.373742e+02 
4.395152e-01 6.270432e+02 4.269803e+02 
4.445556e-01 6.136541e+02 4.169307e+02 
4.495960e-01 6.006250e+02 4.072108e+02 
4.546364e-01 5.878761e+02 3.978069e+02 
4.596768e-01 5.753725e+02 3.887057e+02 
4.647172e-01 5.631141e+02 3.798948e+02 
4.697576e-01 5.511579e+02 3.713624e+02 
4.747980e-01 5.395259e+02 3.630972e+02 
4.798384e-01 5.282393e+02 3.550886e+02 
4.848788e-01 5.173241e+02 3.473263e+02 
4.899192e-01 5.067895e+02 3.398007e+02 
4.949596e-01 4.966321e+02 3.325025e+02 
5.000000e-01 4.868291e+02 3.254229e+02 
