1.000000e-03 6.587188e+03 6.586599e+03 
6.040404e-03 2.968489e+04 2.983853e+04 
1.108081e-02 4.092046e+04 4.098236e+04 
1.612121e-02 4.442902e+04 4.431945e+04 
2.116162e-02 4.284430e+04 4.190813e+04 
2.620202e-02 3.824438e+04 3.612020e+04 
3.124242e-02 3.236439e+04 2.982030e+04 
3.628283e-02 2.651658e+04 2.459122e+04 
4.132323e-02 2.150985e+04 2.063720e+04 
4.636364e-02 1.767211e+04 1.766931e+04 
5.140404e-02 1.503839e+04 1.538507e+04 
5.644444e-02 1.342106e+04 1.357123e+04 
6.148485e-02 1.254876e+04 1.209048e+04 
6.652525e-02 1.215466e+04 1.085471e+04 
7.156566e-02 1.196944e+04 9.805753e+03 
7.660606e-02 1.175935e+04 8.903680e+03 
8.164646e-02 1.135342e+04 8.119955e+03 
8.668687e-02 1.067357e+04 7.433450e+03 
9.172727e-02 9.737508e+03 6.828037e+03 
9.676768e-02 8.637295e+03 6.291087e+03 
1.018081e-01 7.503447e+03 5.812509e+03 
1.068485e-01 6.465603e+03 5.384109e+03 
1.118889e-01 5.616403e+03 4.999136e+03 
1.169293e-01 4.995849e+03 4.651973e+03 
1.219697e-01 4.599225e+03 4.337897e+03 
1.270101e-01 4.394794e+03 4.052912e+03 
1.320505e-01 4.335579e+03 3.793607e+03 
1.370909e-01 4.363561e+03 3.557060e+03 
1.421313e-01 4.414982e+03 3.340748e+03 
1.471717e-01 4.430196e+03 3.142490e+03 
1.522121e-01 4.364931e+03 2.960384e+03 
1.572525e-01 4.198128e+03 2.792772e+03 
1.622929e-01 3.934605e+03 2.638200e+03 
1.673333e-01 3.602318e+03 2.495388e+03 
1.723737e-01 3.243641e+03 2.363209e+03 
1.774141e-01 2.902171e+03 2.240664e+03 
1.824545e-01 2.610619e+03 2.126867e+03 
1.874949e-01 2.386824e+03 2.021030e+03 
1.925354e-01 2.235874e+03 1.922451e+03 
1.975758e-01 2.152940e+03 1.830500e+03 
2.026162e-01 2.125357e+03 1.744615e+03 
2.076566e-01 2.134394e+03 1.664289e+03 
2.126970e-01 2.157850e+03 1.589069e+03 
2.177374e-01 2.173807e+03 1.518543e+03 
2.227778e-01 2.164448e+03 1.452341e+03 
2.278182e-01 2.118974e+03 1.390128e+03 
2.328586e-01 2.035245e+03 1.331599e+03 
2.378990e-01 1.919726e+03 1.276477e+03 
2.429394e-01 1.785134e+03 1.224512e+03 
2.479798e-01 1.646615e+03 1.175474e+03 
2.530202e-01 1.518354e+03 1.129155e+03 
2.580606e-01 1.410955e+03 1.085363e+03 
2.631010e-01 1.330185e+03 1.043923e+03 
2.681414e-01 1.277044e+03 1.004674e+03 
2.731818e-01 1.248394e+03 9.674710e+02 
2.782222e-01 1.238256e+03 9.321770e+02 
2.832626e-01 1.239034e+03 8.986679e+02 
2.883030e-01 1.242472e+03 8.668292e+02 
2.933434e-01 1.240685e+03 8.365549e+02 
2.983838e-01 1.227490e+03 8.077473e+02 
3.034242e-01 1.199646e+03 7.803162e+02 
3.084646e-01 1.157425e+03 7.541777e+02 
3.135051e-01 1.104049e+03 7.292546e+02 
3.185455e-01 1.044575e+03 7.054748e+02 
3.235859e-01 9.846485e+02 6.827716e+02 
3.286263e-01 9.294032e+02 6.610830e+02 
3.336667e-01 8.827026e+02 6.403512e+02 
3.387071e-01 8.466479e+02 6.205225e+02 
3.437475e-01 8.214778e+02 6.015468e+02 
3.487879e-01 8.058432e+02 5.833773e+02 
3.538283e-01 7.972816e+02 5.659703e+02 
3.588687e-01 7.926798e+02 5.492852e+02 
3.639091e-01 7.887139e+02 5.332837e+02 
3.689495e-01 7.823696e+02 5.179302e+02 
3.739899e-01 7.714401e+02 5.031911e+02 
3.790303e-01 7.548746e+02 4.890352e+02 
3.840707e-01 7.328773e+02 4.754329e+02 
3.891111e-01 7.067084e+02 4.623568e+02 
3.941515e-01 6.782448e+02 4.497807e+02 
3.991919e-01 6.496877e+02 4.376804e+02 
4.042323e-01 6.230673e+02 4.260328e+02 
4.092727e-01 5.999327e+02 4.148163e+02 
4.143131e-01 5.811212e+02 4.040106e+02 
4.193535e-01 5.667559e+02 3.935964e+02 
4.243939e-01 5.562696e+02 3.835557e+02 
4.294343e-01 5.487244e+02 3.738713e+02 
4.344747e-01 5.428873e+02 3.645271e+02 
4.395152e-01 5.374418e+02 3.555078e+02 
4.445556e-01 5.311521e+02 3.467991e+02 
4.495960e-01 5.231213e+02 3.383871e+02 
4.546364e-01 5.129355e+02 3.302591e+02 
4.596768e-01 5.006629e+02 3.224028e+02 
4.647172e-01 4.867839e+02 3.148065e+02 
4.697576e-01 4.719907e+02 3.074593e+02 
4.747980e-01 4.571138e+02 3.003507e+02 
4.798384e-01 4.429758e+02 2.934709e+02 
4.848788e-01 4.302359e+02 2.868103e+02 
4.899192e-01 4.192896e+02 2.803602e+02 
4.949596e-01 4.101991e+02 2.741119e+02 
5.000000e-01 4.027724e+02 2.680575e+02 
