1.000000e-03 6.457214e+03 6.456592e+03 
6.040404e-03 2.791411e+04 2.804522e+04 
1.108081e-02 3.740826e+04 3.737405e+04 
1.612121e-02 3.974100e+04 3.937115e+04 
2.116162e-02 3.770680e+04 3.649646e+04 
2.620202e-02 3.334515e+04 3.138924e+04 
3.124242e-02 2.822675e+04 2.638644e+04 
3.628283e-02 2.343055e+04 2.235725e+04 
4.132323e-02 1.953811e+04 1.925319e+04 
4.636364e-02 1.670043e+04 1.682800e+04 
5.140404e-02 1.488213e+04 1.487961e+04 
5.644444e-02 1.382266e+04 1.327350e+04 
6.148485e-02 1.324484e+04 1.192266e+04 
6.652525e-02 1.287150e+04 1.076927e+04 
7.156566e-02 1.247708e+04 9.773182e+03 
7.660606e-02 1.189754e+04 8.905308e+03 
8.164646e-02 1.106460e+04 8.143748e+03 
8.668687e-02 1.001796e+04 7.471516e+03 
9.172727e-02 8.870701e+03 6.875121e+03 
9.676768e-02 7.756971e+03 6.343648e+03 
1.018081e-01 6.789868e+03 5.868140e+03 
1.068485e-01 6.038008e+03 5.441160e+03 
1.118889e-01 5.518906e+03 5.056478e+03 
1.169293e-01 5.209622e+03 4.708833e+03 
1.219697e-01 5.060790e+03 4.393754e+03 
1.270101e-01 5.007653e+03 4.107416e+03 
1.320505e-01 4.980870e+03 3.846535e+03 
1.370909e-01 4.919396e+03 3.608275e+03 
1.421313e-01 4.782549e+03 3.390179e+03 
1.471717e-01 4.555214e+03 3.190106e+03 
1.522121e-01 4.246836e+03 3.006189e+03 
1.572525e-01 3.887963e+03 2.836791e+03 
1.622929e-01 3.522324e+03 2.680473e+03 
1.673333e-01 3.191855e+03 2.535966e+03 
1.723737e-01 2.923562e+03 2.402148e+03 
1.774141e-01 2.727214e+03 2.278026e+03 
1.824545e-01 2.600002e+03 2.162715e+03 
1.874949e-01 2.531113e+03 2.055428e+03 
1.925354e-01 2.502758e+03 1.955462e+03 
1.975758e-01 2.491621e+03 1.862187e+03 
2.026162e-01 2.474221e+03 1.775038e+03 
2.076566e-01 2.433191e+03 1.693507e+03 
2.126970e-01 2.360190e+03 1.617138e+03 
2.177374e-01 2.255353e+03 1.545518e+03 
2.227778e-01 2.126005e+03 1.478273e+03 
2.278182e-01 1.984833e+03 1.415066e+03 
2.328586e-01 1.846679e+03 1.355591e+03 
2.378990e-01 1.724108e+03 1.299567e+03 
2.429394e-01 1.624838e+03 1.246743e+03 
2.479798e-01 1.551593e+03 1.196886e+03 
2.530202e-01 1.502852e+03 1.149786e+03 
2.580606e-01 1.473556e+03 1.105249e+03 
2.631010e-01 1.456046e+03 1.063099e+03 
2.681414e-01 1.441737e+03 1.023173e+03 
2.731818e-01 1.423137e+03 9.853228e+02 
2.782222e-01 1.395191e+03 9.494111e+02 
2.832626e-01 1.355619e+03 9.153120e+02 
2.883030e-01 1.304965e+03 8.829093e+02 
2.933434e-01 1.246309e+03 8.520959e+02 
2.983838e-01 1.184515e+03 8.227728e+02 
3.034242e-01 1.124915e+03 7.948484e+02 
3.084646e-01 1.071718e+03 7.682379e+02 
3.135051e-01 1.027372e+03 7.428627e+02 
3.185455e-01 9.926704e+02 7.186499e+02 
3.235859e-01 9.669460e+02 6.955319e+02 
3.286263e-01 9.482475e+02 6.734455e+02 
3.336667e-01 9.337267e+02 6.523323e+02 
3.387071e-01 9.202356e+02 6.321377e+02 
3.437475e-01 9.050809e+02 6.128108e+02 
3.487879e-01 8.865414e+02 5.943041e+02 
3.538283e-01 8.639602e+02 5.765733e+02 
3.588687e-01 8.376611e+02 5.595770e+02 
3.639091e-01 8.087623e+02 5.432765e+02 
3.689495e-01 7.789459e+02 5.276353e+02 
3.739899e-01 7.500583e+02 5.126197e+02 
3.790303e-01 7.236481e+02 4.981976e+02 
3.840707e-01 7.006322e+02 4.843391e+02 
3.891111e-01 6.813281e+02 4.710163e+02 
3.941515e-01 6.655011e+02 4.582026e+02 
3.991919e-01 6.524120e+02 4.458733e+02 
4.042323e-01 6.410245e+02 4.340051e+02 
4.092727e-01 6.301767e+02 4.225758e+02 
4.143131e-01 6.189255e+02 4.115649e+02 
4.193535e-01 6.066486e+02 4.009528e+02 
4.243939e-01 5.930646e+02 3.907210e+02 
4.294343e-01 5.782023e+02 3.808521e+02 
4.344747e-01 5.624704e+02 3.713298e+02 
4.395152e-01 5.464873e+02 3.621384e+02 
4.445556e-01 5.309192e+02 3.532634e+02 
4.495960e-01 5.163127e+02 3.446907e+02 
4.546364e-01 5.029943e+02 3.364073e+02 
4.596768e-01 4.911439e+02 3.284007e+02 
4.647172e-01 4.807199e+02 3.206591e+02 
4.697576e-01 4.714630e+02 3.131712e+02 
4.747980e-01 4.629774e+02 3.059265e+02 
4.798384e-01 4.548387e+02 2.989149e+02 
4.848788e-01 4.467048e+02 2.921267e+02 
4.899192e-01 4.383440e+02 2.855529e+02 
4.949596e-01 4.296129e+02 2.791848e+02 
5.000000e-01 4.204868e+02 2.730143e+02 
