1.000000e-03 6.379972e+03 6.379362e+03 
6.040404e-03 2.824009e+04 2.837520e+04 
1.108081e-02 3.813060e+04 3.811699e+04 
1.612121e-02 4.065584e+04 4.032985e+04 
2.116162e-02 3.861613e+04 3.742658e+04 
2.620202e-02 3.410666e+04 3.209742e+04 
3.124242e-02 2.876788e+04 2.683408e+04 
3.628283e-02 2.374205e+04 2.260624e+04 
4.132323e-02 1.965284e+04 1.937584e+04 
4.636364e-02 1.667195e+04 1.687577e+04 
5.140404e-02 1.476573e+04 1.488412e+04 
5.644444e-02 1.367182e+04 1.325336e+04 
6.148485e-02 1.310375e+04 1.188880e+04 
6.652525e-02 1.277465e+04 1.072816e+04 
7.156566e-02 1.244543e+04 9.728700e+03 
7.660606e-02 1.193360e+04 8.859794e+03 
8.164646e-02 1.115223e+04 8.098615e+03 
8.668687e-02 1.012859e+04 7.427607e+03 
9.172727e-02 8.973238e+03 6.832922e+03 
9.676768e-02 7.826433e+03 6.303420e+03 
1.018081e-01 6.813102e+03 5.830002e+03 
1.068485e-01 6.012694e+03 5.405141e+03 
1.118889e-01 5.452140e+03 5.022550e+03 
1.169293e-01 5.114761e+03 4.676932e+03 
1.219697e-01 4.954448e+03 4.363793e+03 
1.270101e-01 4.907670e+03 4.079301e+03 
1.320505e-01 4.903210e+03 3.820164e+03 
1.370909e-01 4.875055e+03 3.583546e+03 
1.421313e-01 4.775031e+03 3.366991e+03 
1.471717e-01 4.579674e+03 3.168361e+03 
1.522121e-01 4.291727e+03 2.985794e+03 
1.572525e-01 3.938474e+03 2.817658e+03 
1.622929e-01 3.564251e+03 2.662518e+03 
1.673333e-01 3.215203e+03 2.519111e+03 
1.723737e-01 2.924052e+03 2.386321e+03 
1.774141e-01 2.705473e+03 2.263157e+03 
1.824545e-01 2.560483e+03 2.148742e+03 
1.874949e-01 2.480780e+03 2.042291e+03 
1.925354e-01 2.450081e+03 1.943105e+03 
1.975758e-01 2.445308e+03 1.850560e+03 
2.026162e-01 2.441391e+03 1.764093e+03 
2.076566e-01 2.417772e+03 1.683201e+03 
2.126970e-01 2.362207e+03 1.607430e+03 
2.177374e-01 2.271278e+03 1.536369e+03 
2.227778e-01 2.149776e+03 1.469649e+03 
2.278182e-01 2.009493e+03 1.406934e+03 
2.328586e-01 1.866016e+03 1.347919e+03 
2.378990e-01 1.733979e+03 1.292328e+03 
2.429394e-01 1.623575e+03 1.239910e+03 
2.479798e-01 1.539768e+03 1.190435e+03 
2.530202e-01 1.482881e+03 1.143694e+03 
2.580606e-01 1.449132e+03 1.099494e+03 
2.631010e-01 1.431440e+03 1.057662e+03 
2.681414e-01 1.420939e+03 1.018035e+03 
2.731818e-01 1.409133e+03 9.804659e+02 
2.782222e-01 1.389424e+03 9.448195e+02 
2.832626e-01 1.357846e+03 9.109706e+02 
2.883030e-01 1.313364e+03 8.788039e+02 
2.933434e-01 1.257999e+03 8.482133e+02 
2.983838e-01 1.196357e+03 8.191006e+02 
3.034242e-01 1.134137e+03 7.913749e+02 
3.084646e-01 1.076466e+03 7.649522e+02 
3.135051e-01 1.026944e+03 7.397547e+02 
3.185455e-01 9.873685e+02 7.157099e+02 
3.235859e-01 9.579191e+02 6.927508e+02 
3.286263e-01 9.372463e+02 6.708150e+02 
3.336667e-01 9.227294e+02 6.498443e+02 
3.387071e-01 9.110590e+02 6.297848e+02 
3.437475e-01 8.990273e+02 6.105859e+02 
3.487879e-01 8.842196e+02 5.922006e+02 
3.538283e-01 8.652215e+02 5.745850e+02 
3.588687e-01 8.416869e+02 5.576980e+02 
3.639091e-01 8.143166e+02 5.415011e+02 
3.689495e-01 7.846527e+02 5.259585e+02 
3.739899e-01 7.546994e+02 5.110363e+02 
3.790303e-01 7.263475e+02 4.967031e+02 
3.840707e-01 7.010131e+02 4.829292e+02 
3.891111e-01 6.794806e+02 4.696866e+02 
3.941515e-01 6.619446e+02 4.569493e+02 
3.991919e-01 6.479242e+02 4.446927e+02 
4.042323e-01 6.364595e+02 4.328935e+02 
4.092727e-01 6.263586e+02 4.215300e+02 
4.143131e-01 6.164353e+02 4.105817e+02 
4.193535e-01 6.057751e+02 4.000292e+02 
4.243939e-01 5.937846e+02 3.898542e+02 
4.294343e-01 5.802115e+02 3.800395e+02 
4.344747e-01 5.652313e+02 3.705687e+02 
4.395152e-01 5.494088e+02 3.614265e+02 
4.445556e-01 5.334634e+02 3.525983e+02 
4.495960e-01 5.180759e+02 3.440703e+02 
4.546364e-01 5.037762e+02 3.358295e+02 
4.596768e-01 4.909389e+02 3.278635e+02 
4.647172e-01 4.797129e+02 3.201606e+02 
4.697576e-01 4.699898e+02 3.127097e+02 
4.747980e-01 4.614020e+02 3.055003e+02 
4.798384e-01 4.535195e+02 2.985223e+02 
4.848788e-01 4.459083e+02 2.917662e+02 
4.899192e-01 4.382229e+02 2.852231e+02 
4.949596e-01 4.301858e+02 2.788843e+02 
5.000000e-01 4.216514e+02 2.727418e+02 
