1.000000e-03 2.394759e+03 2.394542e+03 
6.040404e-03 1.093672e+04 1.098021e+04 
1.108081e-02 1.525999e+04 1.512748e+04 
1.612121e-02 1.706134e+04 1.663289e+04 
2.116162e-02 1.735115e+04 1.661203e+04 
2.620202e-02 1.679049e+04 1.588682e+04 
3.124242e-02 1.583562e+04 1.493195e+04 
3.628283e-02 1.478511e+04 1.393502e+04 
4.132323e-02 1.380513e+04 1.296204e+04 
4.636364e-02 1.295045e+04 1.203864e+04 
5.140404e-02 1.223117e+04 1.117537e+04 
5.644444e-02 1.158879e+04 1.037565e+04 
6.148485e-02 1.097467e+04 9.639022e+03 
6.652525e-02 1.036125e+04 8.962881e+03 
7.156566e-02 9.727648e+03 8.343490e+03 
7.660606e-02 9.080676e+03 7.776613e+03 
8.164646e-02 8.450921e+03 7.257896e+03 
8.668687e-02 7.871615e+03 6.783089e+03 
9.172727e-02 7.359351e+03 6.348170e+03 
9.676768e-02 6.916962e+03 5.949404e+03 
1.018081e-01 6.541889e+03 5.583371e+03 
1.068485e-01 6.225051e+03 5.246958e+03 
1.118889e-01 5.946240e+03 4.937356e+03 
1.169293e-01 5.681836e+03 4.652031e+03 
1.219697e-01 5.416367e+03 4.388708e+03 
1.270101e-01 5.146203e+03 4.145345e+03 
1.320505e-01 4.875782e+03 3.920111e+03 
1.370909e-01 4.612428e+03 3.711363e+03 
1.421313e-01 4.363923e+03 3.517626e+03 
1.471717e-01 4.136368e+03 3.337576e+03 
1.522121e-01 3.932920e+03 3.170024e+03 
1.572525e-01 3.753898e+03 3.013899e+03 
1.622929e-01 3.596742e+03 2.868238e+03 
1.673333e-01 3.456143e+03 2.732172e+03 
1.723737e-01 3.325335e+03 2.604914e+03 
1.774141e-01 3.198572e+03 2.485757e+03 
1.824545e-01 3.073397e+03 2.374056e+03 
1.874949e-01 2.949544e+03 2.269230e+03 
1.925354e-01 2.827679e+03 2.170750e+03 
1.975758e-01 2.709228e+03 2.078135e+03 
2.026162e-01 2.596544e+03 1.990947e+03 
2.076566e-01 2.492001e+03 1.908787e+03 
2.126970e-01 2.396373e+03 1.831293e+03 
2.177374e-01 2.308811e+03 1.758129e+03 
2.227778e-01 2.227944e+03 1.688993e+03 
2.278182e-01 2.152523e+03 1.623605e+03 
2.328586e-01 2.081231e+03 1.561708e+03 
2.378990e-01 2.012656e+03 1.503069e+03 
2.429394e-01 1.945842e+03 1.447471e+03 
2.479798e-01 1.880629e+03 1.394714e+03 
2.530202e-01 1.817360e+03 1.344615e+03 
2.580606e-01 1.756396e+03 1.297006e+03 
2.631010e-01 1.697995e+03 1.251729e+03 
2.681414e-01 1.642550e+03 1.208640e+03 
2.731818e-01 1.590385e+03 1.167606e+03 
2.782222e-01 1.541425e+03 1.128501e+03 
2.832626e-01 1.495209e+03 1.091212e+03 
2.883030e-01 1.451191e+03 1.055631e+03 
2.933434e-01 1.409003e+03 1.021659e+03 
2.983838e-01 1.368431e+03 9.892042e+02 
3.034242e-01 1.329292e+03 9.581800e+02 
3.084646e-01 1.291402e+03 9.285067e+02 
3.135051e-01 1.254680e+03 9.001095e+02 
3.185455e-01 1.219212e+03 8.729187e+02 
3.235859e-01 1.185151e+03 8.468691e+02 
3.286263e-01 1.152555e+03 8.218999e+02 
3.336667e-01 1.121353e+03 7.979541e+02 
3.387071e-01 1.091459e+03 7.749784e+02 
3.437475e-01 1.062806e+03 7.529227e+02 
3.487879e-01 1.035328e+03 7.317402e+02 
3.538283e-01 1.008925e+03 7.113868e+02 
3.588687e-01 9.834336e+02 6.918213e+02 
3.639091e-01 9.587350e+02 6.730048e+02 
3.689495e-01 9.348163e+02 6.549008e+02 
3.739899e-01 9.117040e+02 6.374749e+02 
3.790303e-01 8.893972e+02 6.206947e+02 
3.840707e-01 8.678533e+02 6.045297e+02 
3.891111e-01 8.470266e+02 5.889512e+02 
3.941515e-01 8.269157e+02 5.739321e+02 
3.991919e-01 8.075243e+02 5.594466e+02 
4.042323e-01 7.888322e+02 5.454707e+02 
4.092727e-01 7.707739e+02 5.319815e+02 
4.143131e-01 7.532811e+02 5.189573e+02 
4.193535e-01 7.363336e+02 5.063776e+02 
4.243939e-01 7.199214e+02 4.942232e+02 
4.294343e-01 7.040263e+02 4.824756e+02 
4.344747e-01 6.886161e+02 4.711175e+02 
4.395152e-01 6.736587e+02 4.601323e+02 
4.445556e-01 6.591479e+02 4.495044e+02 
4.495960e-01 6.450959e+02 4.392191e+02 
4.546364e-01 6.314844e+02 4.292620e+02 
4.596768e-01 6.182852e+02 4.196200e+02 
4.647172e-01 6.054690e+02 4.102802e+02 
4.697576e-01 5.930250e+02 4.012305e+02 
4.747980e-01 5.809535e+02 3.924594e+02 
4.798384e-01 5.692401e+02 3.839560e+02 
4.848788e-01 5.578538e+02 3.757097e+02 
4.899192e-01 5.467729e+02 3.677107e+02 
4.949596e-01 5.360027e+02 3.599495e+02 
5.000000e-01 5.255400e+02 3.524170e+02 
