1.000000e-03 5.857024e+03 5.856459e+03 
6.040404e-03 2.564531e+04 2.576317e+04 
1.108081e-02 3.455641e+04 3.450869e+04 
1.612121e-02 3.687711e+04 3.649427e+04 
2.116162e-02 3.515805e+04 3.399186e+04 
2.620202e-02 3.127085e+04 2.944567e+04 
3.124242e-02 2.666124e+04 2.496882e+04 
3.628283e-02 2.232221e+04 2.133213e+04 
4.132323e-02 1.879190e+04 1.849786e+04 
4.636364e-02 1.621292e+04 1.625715e+04 
5.140404e-02 1.455658e+04 1.443806e+04 
5.644444e-02 1.357984e+04 1.292552e+04 
6.148485e-02 1.302644e+04 1.164445e+04 
6.652525e-02 1.263904e+04 1.054439e+04 
7.156566e-02 1.221011e+04 9.589925e+03 
7.660606e-02 1.159687e+04 8.755062e+03 
8.164646e-02 1.075026e+04 8.020037e+03 
8.668687e-02 9.719877e+03 7.369366e+03 
9.172727e-02 8.616139e+03 6.790648e+03 
9.676768e-02 7.563982e+03 6.273777e+03 
1.018081e-01 6.665105e+03 5.810406e+03 
1.068485e-01 5.976973e+03 5.393572e+03 
1.118889e-01 5.509051e+03 5.017409e+03 
1.169293e-01 5.233165e+03 4.676946e+03 
1.219697e-01 5.098223e+03 4.367943e+03 
1.270101e-01 5.040593e+03 4.086761e+03 
1.320505e-01 4.994179e+03 3.830266e+03 
1.370909e-01 4.903951e+03 3.595746e+03 
1.421313e-01 4.737086e+03 3.380843e+03 
1.471717e-01 4.486365e+03 3.183501e+03 
1.522121e-01 4.167019e+03 3.001923e+03 
1.572525e-01 3.811649e+03 2.834528e+03 
1.622929e-01 3.461888e+03 2.679927e+03 
1.673333e-01 3.154856e+03 2.536891e+03 
1.723737e-01 2.912266e+03 2.404334e+03 
1.774141e-01 2.739282e+03 2.281290e+03 
1.824545e-01 2.629829e+03 2.166901e+03 
1.874949e-01 2.570925e+03 2.060400e+03 
1.925354e-01 2.543761e+03 1.961101e+03 
1.975758e-01 2.525569e+03 1.868392e+03 
2.026162e-01 2.495035e+03 1.781721e+03 
2.076566e-01 2.438124e+03 1.700591e+03 
2.126970e-01 2.350297e+03 1.624555e+03 
2.177374e-01 2.234962e+03 1.553210e+03 
2.227778e-01 2.101334e+03 1.486190e+03 
2.278182e-01 1.962417e+03 1.423163e+03 
2.328586e-01 1.831734e+03 1.363828e+03 
2.378990e-01 1.719716e+03 1.307912e+03 
2.429394e-01 1.631836e+03 1.255165e+03 
2.479798e-01 1.568727e+03 1.205360e+03 
2.530202e-01 1.527192e+03 1.158290e+03 
2.580606e-01 1.501170e+03 1.113763e+03 
2.631010e-01 1.482778e+03 1.071605e+03 
2.681414e-01 1.464044e+03 1.031658e+03 
2.731818e-01 1.438663e+03 9.937725e+02 
2.782222e-01 1.403130e+03 9.578150e+02 
2.832626e-01 1.356784e+03 9.236605e+02 
2.883030e-01 1.301491e+03 8.911942e+02 
2.933434e-01 1.241109e+03 8.603102e+02 
2.983838e-01 1.180506e+03 8.309105e+02 
3.034242e-01 1.124346e+03 8.029043e+02 
3.084646e-01 1.075878e+03 7.762078e+02 
3.135051e-01 1.036563e+03 7.507430e+02 
3.185455e-01 1.006230e+03 7.264377e+02 
3.235859e-01 9.834534e+02 7.032247e+02 
3.286263e-01 9.658907e+02 6.810416e+02 
3.336667e-01 9.506645e+02 6.598302e+02 
3.387071e-01 9.349387e+02 6.395362e+02 
3.437475e-01 9.165743e+02 6.201093e+02 
3.487879e-01 8.945517e+02 6.015021e+02 
3.538283e-01 8.689493e+02 5.836707e+02 
3.588687e-01 8.406124e+02 5.665738e+02 
3.639091e-01 8.109138e+02 5.501729e+02 
3.689495e-01 7.815459e+02 5.344319e+02 
3.739899e-01 7.540908e+02 5.193168e+02 
3.790303e-01 7.296880e+02 5.047961e+02 
3.840707e-01 7.088270e+02 4.908399e+02 
3.891111e-01 6.913737e+02 4.774202e+02 
3.941515e-01 6.767625e+02 4.645106e+02 
3.991919e-01 6.641012e+02 4.520865e+02 
4.042323e-01 6.523405e+02 4.401246e+02 
4.092727e-01 6.404787e+02 4.286029e+02 
4.143131e-01 6.277882e+02 4.175008e+02 
4.193535e-01 6.139622e+02 4.067986e+02 
4.243939e-01 5.989999e+02 3.964782e+02 
4.294343e-01 5.831900e+02 3.865220e+02 
4.344747e-01 5.670296e+02 3.769137e+02 
4.395152e-01 5.511423e+02 3.676376e+02 
4.445556e-01 5.361078e+02 3.586793e+02 
4.495960e-01 5.222954e+02 3.500247e+02 
4.546364e-01 5.098585e+02 3.416607e+02 
4.596768e-01 4.987605e+02 3.335749e+02 
4.647172e-01 4.888321e+02 3.257553e+02 
4.697576e-01 4.797494e+02 3.181909e+02 
4.747980e-01 4.711030e+02 3.108709e+02 
4.798384e-01 4.625186e+02 3.037854e+02 
4.848788e-01 4.537506e+02 2.969246e+02 
4.899192e-01 4.446939e+02 2.902795e+02 
4.949596e-01 4.353345e+02 2.838413e+02 
5.000000e-01 4.257493e+02 2.776020e+02 
