1.000000e-03 4.388055e+03 4.387650e+03 
6.040404e-03 1.923414e+04 1.932163e+04 
1.108081e-02 2.619788e+04 2.612414e+04 
1.612121e-02 2.838256e+04 2.800523e+04 
2.116162e-02 2.761556e+04 2.667353e+04 
2.620202e-02 2.521189e+04 2.383339e+04 
3.124242e-02 2.217735e+04 2.088629e+04 
3.628283e-02 1.921378e+04 1.836650e+04 
4.132323e-02 1.672165e+04 1.629907e+04 
4.636364e-02 1.482869e+04 1.458784e+04 
5.140404e-02 1.354308e+04 1.314485e+04 
5.644444e-02 1.270748e+04 1.190797e+04 
6.148485e-02 1.214718e+04 1.083457e+04 
6.652525e-02 1.169027e+04 9.894502e+03 
7.156566e-02 1.118921e+04 9.065499e+03 
7.660606e-02 1.055715e+04 8.330419e+03 
8.164646e-02 9.778367e+03 7.675647e+03 
8.668687e-02 8.900455e+03 7.090111e+03 
9.172727e-02 8.001588e+03 6.564652e+03 
9.676768e-02 7.162600e+03 6.091596e+03 
1.018081e-01 6.449932e+03 5.664458e+03 
1.068485e-01 5.900974e+03 5.277713e+03 
1.118889e-01 5.517108e+03 4.926627e+03 
1.169293e-01 5.270011e+03 4.607125e+03 
1.219697e-01 5.114803e+03 4.315683e+03 
1.270101e-01 5.003289e+03 4.049241e+03 
1.320505e-01 4.889782e+03 3.805135e+03 
1.370909e-01 4.738632e+03 3.581036e+03 
1.421313e-01 4.532157e+03 3.374901e+03 
1.471717e-01 4.272710e+03 3.184936e+03 
1.522121e-01 3.978122e+03 3.009558e+03 
1.572525e-01 3.673932e+03 2.847366e+03 
1.622929e-01 3.387233e+03 2.697122e+03 
1.673333e-01 3.140615e+03 2.557725e+03 
1.723737e-01 2.946558e+03 2.428192e+03 
1.774141e-01 2.805715e+03 2.307649e+03 
1.824545e-01 2.709542e+03 2.195313e+03 
1.874949e-01 2.644631e+03 2.090482e+03 
1.925354e-01 2.595672e+03 1.992527e+03 
1.975758e-01 2.547074e+03 1.900879e+03 
2.026162e-01 2.485821e+03 1.815028e+03 
2.076566e-01 2.404694e+03 1.734513e+03 
2.126970e-01 2.303456e+03 1.658914e+03 
2.177374e-01 2.187697e+03 1.587854e+03 
2.227778e-01 2.065969e+03 1.520990e+03 
2.278182e-01 1.947615e+03 1.458007e+03 
2.328586e-01 1.840732e+03 1.398623e+03 
2.378990e-01 1.750575e+03 1.342576e+03 
2.429394e-01 1.679103e+03 1.289630e+03 
2.479798e-01 1.625044e+03 1.239568e+03 
2.530202e-01 1.584668e+03 1.192192e+03 
2.580606e-01 1.552510e+03 1.147318e+03 
2.631010e-01 1.522617e+03 1.104780e+03 
2.681414e-01 1.489988e+03 1.064423e+03 
2.731818e-01 1.451524e+03 1.026106e+03 
2.782222e-01 1.406334e+03 9.896979e+02 
2.832626e-01 1.355340e+03 9.550783e+02 
2.883030e-01 1.300783e+03 9.221357e+02 
2.933434e-01 1.245788e+03 8.907670e+02 
2.983838e-01 1.193574e+03 8.608768e+02 
3.034242e-01 1.146717e+03 8.323766e+02 
3.084646e-01 1.106510e+03 8.051843e+02 
3.135051e-01 1.073001e+03 7.792237e+02 
3.185455e-01 1.045348e+03 7.544238e+02 
3.235859e-01 1.021959e+03 7.307187e+02 
3.286263e-01 1.000914e+03 7.080470e+02 
3.336667e-01 9.802403e+02 6.863514e+02 
3.387071e-01 9.583841e+02 6.655783e+02 
3.437475e-01 9.345539e+02 6.456780e+02 
3.487879e-01 9.086698e+02 6.266037e+02 
3.538283e-01 8.812617e+02 6.083118e+02 
3.588687e-01 8.532401e+02 5.907615e+02 
3.639091e-01 8.256848e+02 5.739144e+02 
3.689495e-01 7.996243e+02 5.577347e+02 
3.739899e-01 7.757808e+02 5.421887e+02 
3.790303e-01 7.544787e+02 5.272448e+02 
3.840707e-01 7.356483e+02 5.128733e+02 
3.891111e-01 7.189231e+02 4.990461e+02 
3.941515e-01 7.037238e+02 4.857371e+02 
3.991919e-01 6.893429e+02 4.729215e+02 
4.042323e-01 6.751336e+02 4.605760e+02 
4.092727e-01 6.606020e+02 4.486785e+02 
4.143131e-01 6.455438e+02 4.372084e+02 
4.193535e-01 6.300287e+02 4.261460e+02 
4.243939e-01 6.142363e+02 4.154729e+02 
4.294343e-01 5.984545e+02 4.051716e+02 
4.344747e-01 5.830363e+02 3.952255e+02 
4.395152e-01 5.683299e+02 3.856190e+02 
4.445556e-01 5.545867e+02 3.763374e+02 
4.495960e-01 5.418751e+02 3.673665e+02 
4.546364e-01 5.301212e+02 3.586931e+02 
4.596768e-01 5.191750e+02 3.503047e+02 
4.647172e-01 5.088486e+02 3.421892e+02 
4.697576e-01 4.989269e+02 3.343353e+02 
4.747980e-01 4.891717e+02 3.267323e+02 
4.798384e-01 4.794150e+02 3.193699e+02 
4.848788e-01 4.695885e+02 3.122383e+02 
4.899192e-01 4.597234e+02 3.053284e+02 
4.949596e-01 4.499021e+02 2.986313e+02 
5.000000e-01 4.402089e+02 2.921387e+02 
