1.000000e-03 4.576914e+03 4.576482e+03 
6.040404e-03 2.072569e+04 2.082052e+04 
1.108081e-02 2.839492e+04 2.832232e+04 
1.612121e-02 3.078034e+04 3.038554e+04 
2.116162e-02 2.987430e+04 2.885183e+04 
2.620202e-02 2.714194e+04 2.563014e+04 
3.124242e-02 2.371831e+04 2.231695e+04 
3.628283e-02 2.039717e+04 1.951642e+04 
4.132323e-02 1.762808e+04 1.724562e+04 
4.636364e-02 1.555034e+04 1.538526e+04 
5.140404e-02 1.416827e+04 1.382932e+04 
5.644444e-02 1.330037e+04 1.250400e+04 
6.148485e-02 1.274957e+04 1.135941e+04 
6.652525e-02 1.230960e+04 1.036080e+04 
7.156566e-02 1.181959e+04 9.482825e+03 
7.660606e-02 1.117740e+04 8.706235e+03 
8.164646e-02 1.035825e+04 8.015900e+03 
8.668687e-02 9.412268e+03 7.399626e+03 
9.172727e-02 8.430774e+03 6.847400e+03 
9.676768e-02 7.511261e+03 6.350887e+03 
1.018081e-01 6.731493e+03 5.903072e+03 
1.068485e-01 6.134472e+03 5.498010e+03 
1.118889e-01 5.722333e+03 5.130622e+03 
1.169293e-01 5.465683e+03 4.796550e+03 
1.219697e-01 5.316671e+03 4.492034e+03 
1.270101e-01 5.220140e+03 4.213820e+03 
1.320505e-01 5.122356e+03 3.959077e+03 
1.370909e-01 4.980843e+03 3.725336e+03 
1.421313e-01 4.774622e+03 3.510436e+03 
1.471717e-01 4.505222e+03 3.312480e+03 
1.522121e-01 4.191101e+03 3.129796e+03 
1.572525e-01 3.860795e+03 2.960911e+03 
1.622929e-01 3.546310e+03 2.804518e+03 
1.673333e-01 3.275588e+03 2.659458e+03 
1.723737e-01 3.063909e+03 2.524702e+03 
1.774141e-01 2.912255e+03 2.399329e+03 
1.824545e-01 2.811605e+03 2.282519e+03 
1.874949e-01 2.747857e+03 2.173535e+03 
1.925354e-01 2.704225e+03 2.071718e+03 
1.975758e-01 2.662455e+03 1.976474e+03 
2.026162e-01 2.606423e+03 1.887268e+03 
2.076566e-01 2.526934e+03 1.803617e+03 
2.126970e-01 2.423324e+03 1.725085e+03 
2.177374e-01 2.301518e+03 1.651276e+03 
2.227778e-01 2.170984e+03 1.581830e+03 
2.278182e-01 2.042170e+03 1.516423e+03 
2.328586e-01 1.924850e+03 1.454757e+03 
2.378990e-01 1.825950e+03 1.396561e+03 
2.429394e-01 1.748412e+03 1.341588e+03 
2.479798e-01 1.691091e+03 1.289612e+03 
2.530202e-01 1.649757e+03 1.240425e+03 
2.580606e-01 1.618442e+03 1.193839e+03 
2.631010e-01 1.590481e+03 1.149678e+03 
2.681414e-01 1.559933e+03 1.107783e+03 
2.731818e-01 1.522742e+03 1.068006e+03 
2.782222e-01 1.477314e+03 1.030211e+03 
2.832626e-01 1.424457e+03 9.942723e+02 
2.883030e-01 1.366746e+03 9.600744e+02 
2.933434e-01 1.307728e+03 9.275102e+02 
2.983838e-01 1.251124e+03 8.964803e+02 
3.034242e-01 1.200000e+03 8.668928e+02 
3.084646e-01 1.156242e+03 8.386625e+02 
3.135051e-01 1.120306e+03 8.117102e+02 
3.185455e-01 1.091282e+03 7.859622e+02 
3.235859e-01 1.067390e+03 7.613500e+02 
3.286263e-01 1.046398e+03 7.378098e+02 
3.336667e-01 1.026105e+03 7.152821e+02 
3.387071e-01 1.004682e+03 6.937116e+02 
3.437475e-01 9.808984e+02 6.730463e+02 
3.487879e-01 9.544390e+02 6.532378e+02 
3.538283e-01 9.258310e+02 6.342408e+02 
3.588687e-01 8.961914e+02 6.160131e+02 
3.639091e-01 8.667941e+02 5.985147e+02 
3.689495e-01 8.387598e+02 5.817086e+02 
3.739899e-01 8.129927e+02 5.655597e+02 
3.790303e-01 7.900559e+02 5.500354e+02 
3.840707e-01 7.700497e+02 5.351046e+02 
3.891111e-01 7.525893e+02 5.207386e+02 
3.941515e-01 7.369462e+02 5.069100e+02 
3.991919e-01 7.223124e+02 4.935931e+02 
4.042323e-01 7.079537e+02 4.807638e+02 
4.092727e-01 6.933037e+02 4.683993e+02 
4.143131e-01 6.780096e+02 4.564780e+02 
4.193535e-01 6.619933e+02 4.449796e+02 
4.243939e-01 6.454708e+02 4.338851e+02 
4.294343e-01 6.288131e+02 4.231762e+02 
4.344747e-01 6.124538e+02 4.128359e+02 
4.395152e-01 5.967857e+02 4.028478e+02 
4.445556e-01 5.820933e+02 3.931968e+02 
4.495960e-01 5.685333e+02 3.838681e+02 
4.546364e-01 5.561142e+02 3.748482e+02 
4.596768e-01 5.446887e+02 3.661238e+02 
4.647172e-01 5.340048e+02 3.576827e+02 
4.697576e-01 5.237746e+02 3.495130e+02 
4.747980e-01 5.137506e+02 3.416036e+02 
4.798384e-01 5.037487e+02 3.339439e+02 
4.848788e-01 4.936292e+02 3.265237e+02 
4.899192e-01 4.833958e+02 3.193336e+02 
4.949596e-01 4.731123e+02 3.123644e+02 
5.000000e-01 4.629037e+02 3.056073e+02 
