1.000000e-03 4.523400e+03 4.522960e+03 
6.040404e-03 2.014571e+04 2.023207e+04 
1.108081e-02 2.743299e+04 2.734131e+04 
1.612121e-02 2.962327e+04 2.919034e+04 
2.116162e-02 2.868188e+04 2.763337e+04 
2.620202e-02 2.603971e+04 2.456532e+04 
3.124242e-02 2.278776e+04 2.146731e+04 
3.628283e-02 1.967371e+04 1.885153e+04 
4.132323e-02 1.710722e+04 1.671535e+04 
4.636364e-02 1.520039e+04 1.494969e+04 
5.140404e-02 1.394278e+04 1.346153e+04 
5.644444e-02 1.313997e+04 1.218645e+04 
6.148485e-02 1.259996e+04 1.108052e+04 
6.652525e-02 1.212844e+04 1.011264e+04 
7.156566e-02 1.157777e+04 9.259775e+03 
7.660606e-02 1.086918e+04 8.504162e+03 
8.164646e-02 1.000372e+04 7.831659e+03 
8.668687e-02 9.047920e+03 7.230754e+03 
9.172727e-02 8.094633e+03 6.691925e+03 
9.676768e-02 7.233405e+03 6.207194e+03 
1.018081e-01 6.529481e+03 5.769822e+03 
1.068485e-01 6.010213e+03 5.374072e+03 
1.118889e-01 5.663513e+03 5.015035e+03 
1.169293e-01 5.449228e+03 4.688486e+03 
1.219697e-01 5.314768e+03 4.390778e+03 
1.270101e-01 5.205812e+03 4.118745e+03 
1.320505e-01 5.074160e+03 3.869635e+03 
1.370909e-01 4.888067e+03 3.641042e+03 
1.421313e-01 4.639010e+03 3.430860e+03 
1.471717e-01 4.339237e+03 3.237239e+03 
1.522121e-01 4.013869e+03 3.058549e+03 
1.572525e-01 3.693265e+03 2.893351e+03 
1.622929e-01 3.406524e+03 2.740369e+03 
1.673333e-01 3.173735e+03 2.598472e+03 
1.723737e-01 3.001043e+03 2.466653e+03 
1.774141e-01 2.882054e+03 2.344013e+03 
1.824545e-01 2.803327e+03 2.229749e+03 
1.874949e-01 2.748509e+03 2.123143e+03 
1.925354e-01 2.699982e+03 2.023549e+03 
1.975758e-01 2.641466e+03 1.930386e+03 
2.026162e-01 2.562196e+03 1.843131e+03 
2.076566e-01 2.459700e+03 1.761312e+03 
2.126970e-01 2.338912e+03 1.684501e+03 
2.177374e-01 2.208923e+03 1.612313e+03 
2.227778e-01 2.080065e+03 1.544395e+03 
2.278182e-01 1.961830e+03 1.480429e+03 
2.328586e-01 1.861096e+03 1.420123e+03 
2.378990e-01 1.780956e+03 1.363213e+03 
2.429394e-01 1.720592e+03 1.309457e+03 
2.479798e-01 1.676030e+03 1.258634e+03 
2.530202e-01 1.641301e+03 1.210541e+03 
2.580606e-01 1.609794e+03 1.164992e+03 
2.631010e-01 1.575759e+03 1.121817e+03 
2.681414e-01 1.535469e+03 1.080859e+03 
2.731818e-01 1.487623e+03 1.041973e+03 
2.782222e-01 1.433131e+03 1.005026e+03 
2.832626e-01 1.374579e+03 9.698966e+02 
2.883030e-01 1.315536e+03 9.364699e+02 
2.933434e-01 1.259550e+03 9.046416e+02 
2.983838e-01 1.209412e+03 8.743145e+02 
3.034242e-01 1.166565e+03 8.453986e+02 
3.084646e-01 1.131147e+03 8.178105e+02 
3.135051e-01 1.102099e+03 7.914727e+02 
3.185455e-01 1.077554e+03 7.663130e+02 
3.235859e-01 1.055257e+03 7.422644e+02 
3.286263e-01 1.033104e+03 7.192645e+02 
3.336667e-01 1.009514e+03 6.972551e+02 
3.387071e-01 9.836841e+02 6.761818e+02 
3.437475e-01 9.555928e+02 6.559940e+02 
3.487879e-01 9.259200e+02 6.366442e+02 
3.538283e-01 8.958301e+02 6.180882e+02 
3.588687e-01 8.665723e+02 6.002844e+02 
3.639091e-01 8.391739e+02 5.831940e+02 
3.689495e-01 8.142966e+02 5.667805e+02 
3.739899e-01 7.922038e+02 5.510098e+02 
3.790303e-01 7.727699e+02 5.358498e+02 
3.840707e-01 7.555009e+02 5.212703e+02 
3.891111e-01 7.396342e+02 5.072429e+02 
3.941515e-01 7.243507e+02 4.937409e+02 
3.991919e-01 7.090176e+02 4.807393e+02 
4.042323e-01 6.932549e+02 4.682144e+02 
4.092727e-01 6.769227e+02 4.561439e+02 
4.143131e-01 6.601093e+02 4.445067e+02 
4.193535e-01 6.430839e+02 4.332830e+02 
4.243939e-01 6.262603e+02 4.224539e+02 
4.294343e-01 6.100559e+02 4.120019e+02 
4.344747e-01 5.947743e+02 4.019101e+02 
4.395152e-01 5.805844e+02 3.921626e+02 
4.445556e-01 5.674717e+02 3.827445e+02 
4.495960e-01 5.553523e+02 3.736415e+02 
4.546364e-01 5.440321e+02 3.648401e+02 
4.596768e-01 5.332443e+02 3.563276e+02 
4.647172e-01 5.227168e+02 3.480919e+02 
4.697576e-01 5.122354e+02 3.401214e+02 
4.747980e-01 5.017172e+02 3.324053e+02 
4.798384e-01 4.911525e+02 3.249331e+02 
4.848788e-01 4.805723e+02 3.176950e+02 
4.899192e-01 4.700880e+02 3.106817e+02 
4.949596e-01 4.598320e+02 3.038841e+02 
5.000000e-01 4.499373e+02 2.972938e+02 
