1.000000e-03 4.514136e+03 4.513702e+03 
6.040404e-03 2.004824e+04 2.013439e+04 
1.108081e-02 2.727037e+04 2.717625e+04 
1.612121e-02 2.943734e+04 2.899923e+04 
2.116162e-02 2.851388e+04 2.747046e+04 
2.620202e-02 2.591901e+04 2.447099e+04 
3.124242e-02 2.272874e+04 2.144255e+04 
3.628283e-02 1.967643e+04 1.887623e+04 
4.132323e-02 1.716183e+04 1.676976e+04 
4.636364e-02 1.529227e+04 1.502030e+04 
5.140404e-02 1.405500e+04 1.354007e+04 
5.644444e-02 1.325607e+04 1.226805e+04 
6.148485e-02 1.270667e+04 1.116231e+04 
6.652525e-02 1.221557e+04 1.019296e+04 
7.156566e-02 1.164144e+04 9.337672e+03 
7.660606e-02 1.091129e+04 8.579117e+03 
8.164646e-02 1.003211e+04 7.903420e+03 
8.668687e-02 9.072536e+03 7.299233e+03 
9.172727e-02 8.124808e+03 6.757134e+03 
9.676768e-02 7.275372e+03 6.269210e+03 
1.018081e-01 6.585778e+03 5.828757e+03 
1.068485e-01 6.079692e+03 5.430060e+03 
1.118889e-01 5.741837e+03 5.068219e+03 
1.169293e-01 5.530271e+03 4.739014e+03 
1.219697e-01 5.392071e+03 4.438796e+03 
1.270101e-01 5.273457e+03 4.164397e+03 
1.320505e-01 5.128305e+03 3.913058e+03 
1.370909e-01 4.928050e+03 3.682367e+03 
1.421313e-01 4.667041e+03 3.470212e+03 
1.471717e-01 4.359826e+03 3.274734e+03 
1.522121e-01 4.032331e+03 3.094298e+03 
1.572525e-01 3.714199e+03 2.927457e+03 
1.622929e-01 3.433367e+03 2.772928e+03 
1.673333e-01 3.207793e+03 2.629575e+03 
1.723737e-01 3.041511e+03 2.496384e+03 
1.774141e-01 2.926658e+03 2.372451e+03 
1.824545e-01 2.849116e+03 2.256969e+03 
1.874949e-01 2.792187e+03 2.149212e+03 
1.925354e-01 2.738784e+03 2.048532e+03 
1.975758e-01 2.673576e+03 1.954342e+03 
2.026162e-01 2.587182e+03 1.866117e+03 
2.076566e-01 2.478730e+03 1.783380e+03 
2.126970e-01 2.354127e+03 1.705701e+03 
2.177374e-01 2.222823e+03 1.632689e+03 
2.227778e-01 2.094925e+03 1.563991e+03 
2.278182e-01 1.979230e+03 1.499284e+03 
2.328586e-01 1.881759e+03 1.438275e+03 
2.378990e-01 1.804690e+03 1.380698e+03 
2.429394e-01 1.746460e+03 1.326308e+03 
2.479798e-01 1.702648e+03 1.274882e+03 
2.530202e-01 1.667086e+03 1.226215e+03 
2.580606e-01 1.633363e+03 1.180119e+03 
2.631010e-01 1.596255e+03 1.136423e+03 
2.681414e-01 1.552646e+03 1.094969e+03 
2.731818e-01 1.501860e+03 1.055609e+03 
2.782222e-01 1.445298e+03 1.018211e+03 
2.832626e-01 1.385773e+03 9.826494e+02 
2.883030e-01 1.326785e+03 9.488105e+02 
2.933434e-01 1.271704e+03 9.165881e+02 
2.983838e-01 1.222881e+03 8.858841e+02 
3.034242e-01 1.181386e+03 8.566075e+02 
3.084646e-01 1.146983e+03 8.286741e+02 
3.135051e-01 1.118365e+03 8.020054e+02 
3.185455e-01 1.093581e+03 7.765287e+02 
3.235859e-01 1.070418e+03 7.521762e+02 
3.286263e-01 1.046934e+03 7.288847e+02 
3.336667e-01 1.021842e+03 7.065954e+02 
3.387071e-01 9.945764e+02 6.852535e+02 
3.437475e-01 9.653578e+02 6.648076e+02 
3.487879e-01 9.350072e+02 6.452098e+02 
3.538283e-01 9.047032e+02 6.264154e+02 
3.588687e-01 8.756209e+02 6.083823e+02 
3.639091e-01 8.486444e+02 5.910713e+02 
3.689495e-01 8.242625e+02 5.744454e+02 
3.739899e-01 8.025953e+02 5.584702e+02 
3.790303e-01 7.833926e+02 5.431132e+02 
3.840707e-01 7.660712e+02 5.283438e+02 
3.891111e-01 7.498804e+02 5.141334e+02 
3.941515e-01 7.340556e+02 5.004549e+02 
3.991919e-01 7.180449e+02 4.872831e+02 
4.042323e-01 7.016074e+02 4.745938e+02 
4.092727e-01 6.846865e+02 4.623646e+02 
4.143131e-01 6.674273e+02 4.505742e+02 
4.193535e-01 6.501582e+02 4.392025e+02 
4.243939e-01 6.332619e+02 4.282304e+02 
4.294343e-01 6.171182e+02 4.176401e+02 
4.344747e-01 6.019759e+02 4.074146e+02 
4.395152e-01 5.879144e+02 3.975378e+02 
4.445556e-01 5.748806e+02 3.879945e+02 
4.495960e-01 5.627509e+02 3.787704e+02 
4.546364e-01 5.513055e+02 3.698518e+02 
4.596768e-01 5.402944e+02 3.612257e+02 
4.647172e-01 5.294643e+02 3.528800e+02 
4.697576e-01 5.186616e+02 3.448030e+02 
4.747980e-01 5.078340e+02 3.369835e+02 
4.798384e-01 4.970028e+02 3.294112e+02 
4.848788e-01 4.862328e+02 3.220760e+02 
4.899192e-01 4.756315e+02 3.149684e+02 
4.949596e-01 4.653215e+02 3.080794e+02 
5.000000e-01 4.554211e+02 3.014003e+02 
