1.000000e-03 5.638394e+03 5.637851e+03 
6.040404e-03 2.525798e+04 2.537676e+04 
1.108081e-02 3.425260e+04 3.421195e+04 
1.612121e-02 3.667689e+04 3.631355e+04 
2.116162e-02 3.503428e+04 3.389536e+04 
2.620202e-02 3.118404e+04 2.937179e+04 
3.124242e-02 2.657612e+04 2.488049e+04 
3.628283e-02 2.221710e+04 2.122724e+04 
4.132323e-02 1.865875e+04 1.838595e+04 
4.636364e-02 1.605323e+04 1.614645e+04 
5.140404e-02 1.438086e+04 1.433335e+04 
5.644444e-02 1.340335e+04 1.282896e+04 
6.148485e-02 1.286547e+04 1.155670e+04 
6.652525e-02 1.250677e+04 1.046531e+04 
7.156566e-02 1.211955e+04 9.518996e+03 
7.660606e-02 1.155199e+04 8.691610e+03 
8.164646e-02 1.074353e+04 7.963346e+03 
8.668687e-02 9.735987e+03 7.318742e+03 
9.172727e-02 8.638534e+03 6.745443e+03 
9.676768e-02 7.578306e+03 6.233402e+03 
1.018081e-01 6.661280e+03 5.774334e+03 
1.068485e-01 5.950438e+03 5.361331e+03 
1.118889e-01 5.461418e+03 4.988582e+03 
1.169293e-01 5.170862e+03 4.651166e+03 
1.219697e-01 5.030171e+03 4.344882e+03 
1.270101e-01 4.976492e+03 4.066132e+03 
1.320505e-01 4.942981e+03 3.811816e+03 
1.370909e-01 4.872389e+03 3.579248e+03 
1.421313e-01 4.727839e+03 3.366099e+03 
1.471717e-01 4.497004e+03 3.170334e+03 
1.522121e-01 4.190824e+03 2.990175e+03 
1.572525e-01 3.839914e+03 2.824060e+03 
1.622929e-01 3.486215e+03 2.670614e+03 
1.673333e-01 3.169375e+03 2.528623e+03 
1.723737e-01 2.914147e+03 2.397010e+03 
1.774141e-01 2.728572e+03 2.274822e+03 
1.824545e-01 2.608809e+03 2.161209e+03 
1.874949e-01 2.543787e+03 2.055411e+03 
1.925354e-01 2.515666e+03 1.956753e+03 
1.975758e-01 2.501715e+03 1.864625e+03 
2.026162e-01 2.479503e+03 1.778482e+03 
2.076566e-01 2.433194e+03 1.697833e+03 
2.126970e-01 2.355882e+03 1.622236e+03 
2.177374e-01 2.248784e+03 1.551291e+03 
2.227778e-01 2.119592e+03 1.484634e+03 
2.278182e-01 1.980962e+03 1.421940e+03 
2.328586e-01 1.846987e+03 1.362908e+03 
2.378990e-01 1.729329e+03 1.307269e+03 
2.429394e-01 1.634790e+03 1.254775e+03 
2.479798e-01 1.565387e+03 1.205201e+03 
2.530202e-01 1.519140e+03 1.158341e+03 
2.580606e-01 1.490783e+03 1.114007e+03 
2.631010e-01 1.472695e+03 1.072025e+03 
2.681414e-01 1.456562e+03 1.032237e+03 
2.731818e-01 1.435433e+03 9.944987e+02 
2.782222e-01 1.404890e+03 9.586747e+02 
2.832626e-01 1.363253e+03 9.246419e+02 
2.883030e-01 1.311396e+03 8.922865e+02 
2.933434e-01 1.252604e+03 8.615035e+02 
2.983838e-01 1.191708e+03 8.321956e+02 
3.034242e-01 1.133700e+03 8.042729e+02 
3.084646e-01 1.082428e+03 7.776521e+02 
3.135051e-01 1.039953e+03 7.522560e+02 
3.185455e-01 1.006733e+03 7.280128e+02 
3.235859e-01 9.818851e+02 7.048559e+02 
3.286263e-01 9.634137e+02 6.827233e+02 
3.336667e-01 9.484465e+02 6.615572e+02 
3.387071e-01 9.339810e+02 6.413040e+02 
3.437475e-01 9.175733e+02 6.219134e+02 
3.487879e-01 8.977911e+02 6.033385e+02 
3.538283e-01 8.741956e+02 5.855357e+02 
3.588687e-01 8.472675e+02 5.684640e+02 
3.639091e-01 8.181860e+02 5.520852e+02 
3.689495e-01 7.886411e+02 5.363632e+02 
3.739899e-01 7.603439e+02 5.212646e+02 
3.790303e-01 7.346597e+02 5.067578e+02 
3.840707e-01 7.123510e+02 4.928132e+02 
3.891111e-01 6.935988e+02 4.794030e+02 
3.941515e-01 6.780749e+02 4.665010e+02 
3.991919e-01 6.650124e+02 4.540826e+02 
4.042323e-01 6.533412e+02 4.421247e+02 
4.092727e-01 6.419906e+02 4.306055e+02 
4.143131e-01 6.301401e+02 4.195045e+02 
4.193535e-01 6.172506e+02 4.088021e+02 
4.243939e-01 6.031391e+02 3.984802e+02 
4.294343e-01 5.879198e+02 3.885215e+02 
4.344747e-01 5.720213e+02 3.789095e+02 
4.395152e-01 5.560657e+02 3.696290e+02 
4.445556e-01 5.406800e+02 3.606652e+02 
4.495960e-01 5.263086e+02 3.520044e+02 
4.546364e-01 5.132295e+02 3.436335e+02 
4.596768e-01 5.015575e+02 3.355400e+02 
4.647172e-01 4.912132e+02 3.277122e+02 
4.697576e-01 4.819187e+02 3.201390e+02 
4.747980e-01 4.732683e+02 3.128097e+02 
4.798384e-01 4.648632e+02 3.057144e+02 
4.848788e-01 4.564264e+02 2.988434e+02 
4.899192e-01 4.477415e+02 2.921876e+02 
4.949596e-01 4.387274e+02 2.857386e+02 
5.000000e-01 4.293839e+02 2.794879e+02 
