1.000000e-03 5.766779e+03 5.766231e+03 
6.040404e-03 2.527626e+04 2.539451e+04 
1.108081e-02 3.408843e+04 3.404039e+04 
1.612121e-02 3.642751e+04 3.604741e+04 
2.116162e-02 3.479971e+04 3.365948e+04 
2.620202e-02 3.103477e+04 2.925346e+04 
3.124242e-02 2.654242e+04 2.488482e+04 
3.628283e-02 2.229478e+04 2.131583e+04 
4.132323e-02 1.882266e+04 1.852099e+04 
4.636364e-02 1.627107e+04 1.630286e+04 
5.140404e-02 1.462045e+04 1.449656e+04 
5.644444e-02 1.363614e+04 1.299100e+04 
6.148485e-02 1.307081e+04 1.171336e+04 
6.652525e-02 1.267164e+04 1.061452e+04 
7.156566e-02 1.223674e+04 9.659858e+03 
7.660606e-02 1.162570e+04 8.823894e+03 
8.164646e-02 1.078828e+04 8.087193e+03 
8.668687e-02 9.770589e+03 7.434491e+03 
9.172727e-02 8.679128e+03 6.853535e+03 
9.676768e-02 7.635170e+03 6.334318e+03 
1.018081e-01 6.738695e+03 5.868564e+03 
1.068485e-01 6.047728e+03 5.449355e+03 
1.118889e-01 5.573053e+03 5.070860e+03 
1.169293e-01 5.288308e+03 4.728126e+03 
1.219697e-01 5.144143e+03 4.416928e+03 
1.270101e-01 5.078498e+03 4.133636e+03 
1.320505e-01 5.026744e+03 3.875120e+03 
1.370909e-01 4.934521e+03 3.638669e+03 
1.421313e-01 4.768971e+03 3.421925e+03 
1.471717e-01 4.521942e+03 3.222832e+03 
1.522121e-01 4.207268e+03 3.039589e+03 
1.572525e-01 3.855892e+03 2.870613e+03 
1.622929e-01 3.507874e+03 2.714511e+03 
1.673333e-01 3.200194e+03 2.570050e+03 
1.723737e-01 2.954850e+03 2.436142e+03 
1.774141e-01 2.777869e+03 2.311816e+03 
1.824545e-01 2.663588e+03 2.196209e+03 
1.874949e-01 2.599772e+03 2.088554e+03 
1.925354e-01 2.568443e+03 1.988159e+03 
1.975758e-01 2.547574e+03 1.894409e+03 
2.026162e-01 2.516041e+03 1.806749e+03 
2.076566e-01 2.459643e+03 1.724680e+03 
2.126970e-01 2.373400e+03 1.647751e+03 
2.177374e-01 2.260141e+03 1.575557e+03 
2.227778e-01 2.128486e+03 1.507728e+03 
2.278182e-01 1.990722e+03 1.443932e+03 
2.328586e-01 1.860013e+03 1.383865e+03 
2.378990e-01 1.746865e+03 1.327251e+03 
2.429394e-01 1.657011e+03 1.273839e+03 
2.479798e-01 1.591431e+03 1.223400e+03 
2.530202e-01 1.547298e+03 1.175724e+03 
2.580606e-01 1.518937e+03 1.130619e+03 
2.631010e-01 1.498823e+03 1.087910e+03 
2.681414e-01 1.479140e+03 1.047434e+03 
2.731818e-01 1.453580e+03 1.009045e+03 
2.782222e-01 1.418493e+03 9.726051e+02 
2.832626e-01 1.373004e+03 9.379890e+02 
2.883030e-01 1.318670e+03 9.050807e+02 
2.933434e-01 1.259010e+03 8.737733e+02 
2.983838e-01 1.198668e+03 8.439679e+02 
3.034242e-01 1.142211e+03 8.155727e+02 
3.084646e-01 1.092994e+03 7.885031e+02 
3.135051e-01 1.052585e+03 7.626803e+02 
3.185455e-01 1.020979e+03 7.380313e+02 
3.235859e-01 9.969274e+02 7.144882e+02 
3.286263e-01 9.782518e+02 6.919879e+02 
3.336667e-01 9.622359e+02 6.704715e+02 
3.387071e-01 9.460972e+02 6.498844e+02 
3.437475e-01 9.276702e+02 6.301754e+02 
3.487879e-01 9.058335e+02 6.112968e+02 
3.538283e-01 8.805472e+02 5.932040e+02 
3.588687e-01 8.525419e+02 5.758554e+02 
3.639091e-01 8.230854e+02 5.592119e+02 
3.689495e-01 7.937425e+02 5.432371e+02 
3.739899e-01 7.660614e+02 5.278967e+02 
3.790303e-01 7.412278e+02 5.131585e+02 
3.840707e-01 7.197953e+02 4.989925e+02 
3.891111e-01 7.017046e+02 4.853702e+02 
3.941515e-01 6.864636e+02 4.722651e+02 
3.991919e-01 6.732592e+02 4.596522e+02 
4.042323e-01 6.610937e+02 4.475078e+02 
4.092727e-01 6.489945e+02 4.358097e+02 
4.143131e-01 6.362203e+02 4.245370e+02 
4.193535e-01 6.224141e+02 4.136699e+02 
4.243939e-01 6.075372e+02 4.031899e+02 
4.294343e-01 5.918092e+02 3.930793e+02 
4.344747e-01 5.756997e+02 3.833215e+02 
4.395152e-01 5.597573e+02 3.739007e+02 
4.445556e-01 5.445768e+02 3.648022e+02 
4.495960e-01 5.305351e+02 3.560118e+02 
4.546364e-01 5.178010e+02 3.475161e+02 
4.596768e-01 5.063792e+02 3.393027e+02 
4.647172e-01 4.961200e+02 3.313594e+02 
4.697576e-01 4.867463e+02 3.236749e+02 
4.747980e-01 4.778764e+02 3.162385e+02 
4.798384e-01 4.691381e+02 3.090400e+02 
4.848788e-01 4.602816e+02 3.020695e+02 
4.899192e-01 4.511782e+02 2.953179e+02 
4.949596e-01 4.418007e+02 2.887764e+02 
5.000000e-01 4.322157e+02 2.824365e+02 
