1.000000e-03 2.552617e+03 2.552379e+03 
6.040404e-03 1.144635e+04 1.148860e+04 
1.108081e-02 1.583976e+04 1.569084e+04 
1.612121e-02 1.760453e+04 1.714176e+04 
2.116162e-02 1.782267e+04 1.704172e+04 
2.620202e-02 1.718887e+04 1.625162e+04 
3.124242e-02 1.617649e+04 1.524492e+04 
3.628283e-02 1.508713e+04 1.420305e+04 
4.132323e-02 1.408245e+04 1.319022e+04 
4.636364e-02 1.320806e+04 1.223185e+04 
5.140404e-02 1.246886e+04 1.133829e+04 
5.644444e-02 1.179450e+04 1.051259e+04 
6.148485e-02 1.114628e+04 9.753806e+03 
6.652525e-02 1.049471e+04 9.058812e+03 
7.156566e-02 9.824525e+03 8.423399e+03 
7.660606e-02 9.150112e+03 7.842904e+03 
8.164646e-02 8.506838e+03 7.312603e+03 
8.668687e-02 7.925240e+03 6.827932e+03 
9.172727e-02 7.416245e+03 6.384603e+03 
9.676768e-02 6.979279e+03 5.978658e+03 
1.018081e-01 6.609208e+03 5.606487e+03 
1.068485e-01 6.292264e+03 5.264822e+03 
1.118889e-01 6.005328e+03 4.950720e+03 
1.169293e-01 5.725567e+03 4.661537e+03 
1.219697e-01 5.442586e+03 4.394905e+03 
1.270101e-01 5.157371e+03 4.148703e+03 
1.320505e-01 4.876843e+03 3.921033e+03 
1.370909e-01 4.609169e+03 3.710194e+03 
1.421313e-01 4.361317e+03 3.514665e+03 
1.471717e-01 4.137868e+03 3.333081e+03 
1.522121e-01 3.939936e+03 3.164217e+03 
1.572525e-01 3.765863e+03 3.006973e+03 
1.622929e-01 3.611431e+03 2.860360e+03 
1.673333e-01 3.469886e+03 2.723486e+03 
1.723737e-01 3.334546e+03 2.595548e+03 
1.774141e-01 3.201691e+03 2.475818e+03 
1.824545e-01 3.070645e+03 2.363642e+03 
1.874949e-01 2.942051e+03 2.258423e+03 
1.925354e-01 2.816978e+03 2.159622e+03 
1.975758e-01 2.697582e+03 2.066750e+03 
2.026162e-01 2.586294e+03 1.979360e+03 
2.076566e-01 2.484304e+03 1.897047e+03 
2.126970e-01 2.391032e+03 1.819440e+03 
2.177374e-01 2.304961e+03 1.746201e+03 
2.227778e-01 2.224645e+03 1.677022e+03 
2.278182e-01 2.148873e+03 1.611618e+03 
2.328586e-01 2.076269e+03 1.549730e+03 
2.378990e-01 2.005723e+03 1.491121e+03 
2.429394e-01 1.936993e+03 1.435570e+03 
2.479798e-01 1.870504e+03 1.382877e+03 
2.530202e-01 1.806560e+03 1.332856e+03 
2.580606e-01 1.745452e+03 1.285336e+03 
2.631010e-01 1.687463e+03 1.240158e+03 
2.681414e-01 1.632874e+03 1.197177e+03 
2.731818e-01 1.581635e+03 1.156257e+03 
2.782222e-01 1.533244e+03 1.117273e+03 
2.832626e-01 1.487148e+03 1.080110e+03 
2.883030e-01 1.442943e+03 1.044659e+03 
2.933434e-01 1.400430e+03 1.010821e+03 
2.983838e-01 1.359471e+03 9.785020e+02 
3.034242e-01 1.319895e+03 9.476161e+02 
3.084646e-01 1.281619e+03 9.180825e+02 
3.135051e-01 1.244743e+03 8.898261e+02 
3.185455e-01 1.209374e+03 8.627766e+02 
3.235859e-01 1.175567e+03 8.368687e+02 
3.286263e-01 1.143241e+03 8.120411e+02 
3.336667e-01 1.112266e+03 7.882365e+02 
3.387071e-01 1.082563e+03 7.654014e+02 
3.437475e-01 1.054071e+03 7.434855e+02 
3.487879e-01 1.026667e+03 7.224418e+02 
3.538283e-01 1.000222e+03 7.022261e+02 
3.588687e-01 9.746185e+02 6.827969e+02 
3.639091e-01 9.498533e+02 6.641153e+02 
3.689495e-01 9.259628e+02 6.461446e+02 
3.739899e-01 9.029285e+02 6.288505e+02 
3.790303e-01 8.806945e+02 6.122003e+02 
3.840707e-01 8.592279e+02 5.961637e+02 
3.891111e-01 8.385147e+02 5.807118e+02 
3.941515e-01 8.185589e+02 5.658173e+02 
3.991919e-01 7.993127e+02 5.514548e+02 
4.042323e-01 7.807086e+02 5.375998e+02 
4.092727e-01 7.626964e+02 5.242297e+02 
4.143131e-01 7.452482e+02 5.113226e+02 
4.193535e-01 7.283682e+02 4.988582e+02 
4.243939e-01 7.120305e+02 4.868171e+02 
4.294343e-01 6.961912e+02 4.751810e+02 
4.344747e-01 6.808313e+02 4.639324e+02 
4.395152e-01 6.659516e+02 4.530548e+02 
4.445556e-01 6.515499e+02 4.425328e+02 
4.495960e-01 6.376068e+02 4.323513e+02 
4.546364e-01 6.240756e+02 4.224964e+02 
4.596768e-01 6.109419e+02 4.129546e+02 
4.647172e-01 5.982083e+02 4.037132e+02 
4.697576e-01 5.858601e+02 3.947603e+02 
4.747980e-01 5.738712e+02 3.860841e+02 
4.798384e-01 5.622177e+02 3.776739e+02 
4.848788e-01 5.508780e+02 3.695192e+02 
4.899192e-01 5.398745e+02 3.616100e+02 
4.949596e-01 5.291923e+02 3.539370e+02 
5.000000e-01 5.188056e+02 3.464911e+02 
