1.000000e-03 6.988923e+03 6.988253e+03 
6.040404e-03 3.113729e+04 3.129082e+04 
1.108081e-02 4.215154e+04 4.217499e+04 
1.612121e-02 4.496425e+04 4.471143e+04 
2.116162e-02 4.262242e+04 4.142589e+04 
2.620202e-02 3.744574e+04 3.521662e+04 
3.124242e-02 3.128629e+04 2.900763e+04 
3.628283e-02 2.545743e+04 2.404943e+04 
4.132323e-02 2.069014e+04 2.032992e+04 
4.636364e-02 1.720043e+04 1.751524e+04 
5.140404e-02 1.495450e+04 1.531987e+04 
5.644444e-02 1.367485e+04 1.355396e+04 
6.148485e-02 1.304897e+04 1.209716e+04 
6.652525e-02 1.276382e+04 1.087187e+04 
7.156566e-02 1.254817e+04 9.826064e+03 
7.660606e-02 1.217866e+04 8.923293e+03 
8.164646e-02 1.152041e+04 8.137004e+03 
8.668687e-02 1.056113e+04 7.447168e+03 
9.172727e-02 9.394822e+03 6.838254e+03 
9.676768e-02 8.170363e+03 6.297947e+03 
1.018081e-01 7.035461e+03 5.816308e+03 
1.068485e-01 6.098479e+03 5.385201e+03 
1.118889e-01 5.411144e+03 4.997887e+03 
1.169293e-01 4.974089e+03 4.648729e+03 
1.219697e-01 4.751821e+03 4.332979e+03 
1.270101e-01 4.686755e+03 4.046604e+03 
1.320505e-01 4.708106e+03 3.786160e+03 
1.370909e-01 4.742716e+03 3.548689e+03 
1.421313e-01 4.727337e+03 3.331642e+03 
1.471717e-01 4.618754e+03 3.132808e+03 
1.522121e-01 4.399788e+03 2.950262e+03 
1.572525e-01 4.082777e+03 2.782325e+03 
1.622929e-01 3.706843e+03 2.627526e+03 
1.673333e-01 3.323486e+03 2.484568e+03 
1.723737e-01 2.978054e+03 2.352312e+03 
1.774141e-01 2.698909e+03 2.229746e+03 
1.824545e-01 2.497669e+03 2.115977e+03 
1.874949e-01 2.373949e+03 2.010206e+03 
1.925354e-01 2.317567e+03 1.911725e+03 
1.975758e-01 2.309259e+03 1.819899e+03 
2.026162e-01 2.323738e+03 1.734160e+03 
2.076566e-01 2.335495e+03 1.653998e+03 
2.126970e-01 2.324011e+03 1.578954e+03 
2.177374e-01 2.276346e+03 1.508615e+03 
2.227778e-01 2.188439e+03 1.442607e+03 
2.278182e-01 2.065859e+03 1.380594e+03 
2.328586e-01 1.922305e+03 1.322268e+03 
2.378990e-01 1.774935e+03 1.267353e+03 
2.429394e-01 1.639267e+03 1.215594e+03 
2.479798e-01 1.526315e+03 1.166763e+03 
2.530202e-01 1.441797e+03 1.120649e+03 
2.580606e-01 1.386556e+03 1.077061e+03 
2.631010e-01 1.356761e+03 1.035822e+03 
2.681414e-01 1.345042e+03 9.967724e+02 
2.731818e-01 1.342290e+03 9.597641e+02 
2.782222e-01 1.339479e+03 9.246618e+02 
2.832626e-01 1.328988e+03 8.913405e+02 
2.883030e-01 1.305491e+03 8.596856e+02 
2.933434e-01 1.266860e+03 8.295909e+02 
2.983838e-01 1.214703e+03 8.009588e+02 
3.034242e-01 1.153712e+03 7.736988e+02 
3.084646e-01 1.090032e+03 7.477273e+02 
3.135051e-01 1.029449e+03 7.229667e+02 
3.185455e-01 9.764325e+02 6.993451e+02 
3.235859e-01 9.337921e+02 6.767959e+02 
3.286263e-01 9.024736e+02 6.552570e+02 
3.336667e-01 8.815771e+02 6.346709e+02 
3.387071e-01 8.686273e+02 6.149837e+02 
3.437475e-01 8.602261e+02 5.961455e+02 
3.487879e-01 8.528669e+02 5.781096e+02 
3.538283e-01 8.434554e+02 5.608324e+02 
3.588687e-01 8.297658e+02 5.442734e+02 
3.639091e-01 8.106580e+02 5.283943e+02 
3.689495e-01 7.862995e+02 5.131595e+02 
3.739899e-01 7.580486e+02 4.985359e+02 
3.790303e-01 7.279736e+02 4.844919e+02 
3.840707e-01 6.982914e+02 4.709984e+02 
3.891111e-01 6.709327e+02 4.580278e+02 
3.941515e-01 6.472933e+02 4.455543e+02 
3.991919e-01 6.280762e+02 4.335534e+02 
4.042323e-01 6.132083e+02 4.220025e+02 
4.092727e-01 6.019269e+02 4.108798e+02 
4.143131e-01 5.930750e+02 4.001652e+02 
4.193535e-01 5.853444e+02 3.898395e+02 
4.243939e-01 5.774835e+02 3.798846e+02 
4.294343e-01 5.684559e+02 3.702837e+02 
4.344747e-01 5.575640e+02 3.610205e+02 
4.395152e-01 5.446754e+02 3.520800e+02 
4.445556e-01 5.301519e+02 3.434477e+02 
4.495960e-01 5.146469e+02 3.351101e+02 
4.546364e-01 4.989383e+02 3.270543e+02 
4.596768e-01 4.838037e+02 3.192682e+02 
4.647172e-01 4.699194e+02 3.117401e+02 
4.697576e-01 4.577348e+02 3.044592e+02 
4.747980e-01 4.473658e+02 2.974151e+02 
4.798384e-01 4.386232e+02 2.905980e+02 
4.848788e-01 4.311483e+02 2.839984e+02 
4.899192e-01 4.244773e+02 2.776076e+02 
4.949596e-01 4.181096e+02 2.714170e+02 
5.000000e-01 4.115801e+02 2.654187e+02 
