1.000000e-03 3.042272e+03 3.041980e+03 
6.040404e-03 1.371423e+04 1.376639e+04 
1.108081e-02 1.885663e+04 1.871608e+04 
1.612121e-02 2.069976e+04 2.022811e+04 
2.116162e-02 2.057440e+04 1.971430e+04 
2.620202e-02 1.938344e+04 1.834414e+04 
3.124242e-02 1.777176e+04 1.682688e+04 
3.628283e-02 1.616161e+04 1.539903e+04 
4.132323e-02 1.477438e+04 1.410267e+04 
4.636364e-02 1.367556e+04 1.293334e+04 
5.140404e-02 1.285606e+04 1.187950e+04 
5.644444e-02 1.218921e+04 1.092966e+04 
6.148485e-02 1.158514e+04 1.007327e+04 
6.652525e-02 1.096325e+04 9.300673e+03 
7.156566e-02 1.027935e+04 8.603029e+03 
7.660606e-02 9.537453e+03 7.972321e+03 
8.164646e-02 8.780041e+03 7.401320e+03 
8.668687e-02 8.060760e+03 6.883557e+03 
9.172727e-02 7.420562e+03 6.413268e+03 
9.676768e-02 6.884656e+03 5.985341e+03 
1.018081e-01 6.461544e+03 5.595250e+03 
1.068485e-01 6.137852e+03 5.238995e+03 
1.118889e-01 5.880899e+03 4.913045e+03 
1.169293e-01 5.652603e+03 4.614278e+03 
1.219697e-01 5.422849e+03 4.339938e+03 
1.270101e-01 5.175389e+03 4.087586e+03 
1.320505e-01 4.905788e+03 3.855059e+03 
1.370909e-01 4.621633e+03 3.640444e+03 
1.421313e-01 4.337544e+03 3.442038e+03 
1.471717e-01 4.069729e+03 3.258328e+03 
1.522121e-01 3.830422e+03 3.087965e+03 
1.572525e-01 3.626500e+03 2.929745e+03 
1.622929e-01 3.459168e+03 2.782591e+03 
1.673333e-01 3.323012e+03 2.645539e+03 
1.723737e-01 3.207341e+03 2.517724e+03 
1.774141e-01 3.100610e+03 2.398367e+03 
1.824545e-01 2.994199e+03 2.286769e+03 
1.874949e-01 2.883143e+03 2.182298e+03 
1.925354e-01 2.765741e+03 2.084383e+03 
1.975758e-01 2.643650e+03 1.992508e+03 
2.026162e-01 2.521421e+03 1.906204e+03 
2.076566e-01 2.404594e+03 1.825047e+03 
2.126970e-01 2.297379e+03 1.748651e+03 
2.177374e-01 2.201987e+03 1.676663e+03 
2.227778e-01 2.118633e+03 1.608764e+03 
2.278182e-01 2.045782e+03 1.544660e+03 
2.328586e-01 1.980741e+03 1.484084e+03 
2.378990e-01 1.920306e+03 1.426791e+03 
2.429394e-01 1.861813e+03 1.372555e+03 
2.479798e-01 1.803299e+03 1.321170e+03 
2.530202e-01 1.743726e+03 1.272448e+03 
2.580606e-01 1.683177e+03 1.226212e+03 
2.631010e-01 1.622937e+03 1.182304e+03 
2.681414e-01 1.564716e+03 1.140573e+03 
2.731818e-01 1.509827e+03 1.100884e+03 
2.782222e-01 1.458908e+03 1.063110e+03 
2.832626e-01 1.412094e+03 1.027133e+03 
2.883030e-01 1.369243e+03 9.928452e+02 
2.933434e-01 1.329834e+03 9.601458e+02 
2.983838e-01 1.292841e+03 9.289414e+02 
3.034242e-01 1.257252e+03 8.991452e+02 
3.084646e-01 1.222381e+03 8.706764e+02 
3.135051e-01 1.187962e+03 8.434598e+02 
3.185455e-01 1.153941e+03 8.174255e+02 
3.235859e-01 1.120440e+03 7.925081e+02 
3.286263e-01 1.087742e+03 7.686467e+02 
3.336667e-01 1.056262e+03 7.457843e+02 
3.387071e-01 1.026373e+03 7.238677e+02 
3.437475e-01 9.981903e+02 7.028470e+02 
3.487879e-01 9.716284e+02 6.826757e+02 
3.538283e-01 9.464932e+02 6.633101e+02 
3.588687e-01 9.225875e+02 6.447090e+02 
3.639091e-01 8.996472e+02 6.268342e+02 
3.689495e-01 8.774252e+02 6.096493e+02 
3.739899e-01 8.557451e+02 5.931206e+02 
3.790303e-01 8.345419e+02 5.772159e+02 
3.840707e-01 8.138370e+02 5.619054e+02 
3.891111e-01 7.936854e+02 5.471606e+02 
3.941515e-01 7.741431e+02 5.329549e+02 
3.991919e-01 7.552725e+02 5.192631e+02 
4.042323e-01 7.371566e+02 5.060616e+02 
4.092727e-01 7.198304e+02 4.933279e+02 
4.143131e-01 7.032118e+02 4.810408e+02 
4.193535e-01 6.872162e+02 4.691804e+02 
4.243939e-01 6.717762e+02 4.577277e+02 
4.294343e-01 6.568512e+02 4.466648e+02 
4.344747e-01 6.423750e+02 4.359748e+02 
4.395152e-01 6.282725e+02 4.256416e+02 
4.445556e-01 6.145157e+02 4.156500e+02 
4.495960e-01 6.011276e+02 4.059856e+02 
4.546364e-01 5.881354e+02 3.966346e+02 
4.596768e-01 5.755349e+02 3.875841e+02 
4.647172e-01 5.633112e+02 3.788218e+02 
4.697576e-01 5.514731e+02 3.703358e+02 
4.747980e-01 5.400303e+02 3.621151e+02 
4.798384e-01 5.289699e+02 3.541490e+02 
4.848788e-01 5.182562e+02 3.464275e+02 
4.899192e-01 5.078422e+02 3.389410e+02 
4.949596e-01 4.977122e+02 3.316802e+02 
5.000000e-01 4.878644e+02 3.246366e+02 
