1.000000e-03 3.529612e+03 3.529269e+03 
6.040404e-03 1.577984e+04 1.584152e+04 
1.108081e-02 2.155608e+04 2.142164e+04 
1.612121e-02 2.346448e+04 2.298299e+04 
2.116162e-02 2.305836e+04 2.212120e+04 
2.620202e-02 2.141229e+04 2.025232e+04 
3.124242e-02 1.930873e+04 1.829031e+04 
3.628283e-02 1.726390e+04 1.652666e+04 
4.132323e-02 1.555249e+04 1.498548e+04 
4.636364e-02 1.424452e+04 1.363530e+04 
5.140404e-02 1.331424e+04 1.244448e+04 
5.644444e-02 1.262289e+04 1.138846e+04 
6.148485e-02 1.203727e+04 1.044817e+04 
6.652525e-02 1.143826e+04 9.608286e+03 
7.156566e-02 1.075743e+04 8.856042e+03 
7.660606e-02 9.982166e+03 8.180619e+03 
8.164646e-02 9.153203e+03 7.572726e+03 
8.668687e-02 8.336166e+03 7.024338e+03 
9.172727e-02 7.592072e+03 6.528497e+03 
9.676768e-02 6.965007e+03 6.079158e+03 
1.018081e-01 6.476461e+03 5.671061e+03 
1.068485e-01 6.119106e+03 5.299618e+03 
1.118889e-01 5.859634e+03 4.960821e+03 
1.169293e-01 5.653188e+03 4.651167e+03 
1.219697e-01 5.458701e+03 4.367584e+03 
1.270101e-01 5.246018e+03 4.107372e+03 
1.320505e-01 4.999168e+03 3.868158e+03 
1.370909e-01 4.718975e+03 3.647848e+03 
1.421313e-01 4.420327e+03 3.444593e+03 
1.471717e-01 4.124082e+03 3.256754e+03 
1.522121e-01 3.849585e+03 3.082878e+03 
1.572525e-01 3.611481e+03 2.921673e+03 
1.622929e-01 3.418171e+03 2.771988e+03 
1.673333e-01 3.268685e+03 2.632795e+03 
1.723737e-01 3.152921e+03 2.503174e+03 
1.774141e-01 3.056708e+03 2.382302e+03 
1.824545e-01 2.967057e+03 2.269438e+03 
1.874949e-01 2.874073e+03 2.163918e+03 
1.925354e-01 2.771160e+03 2.065141e+03 
1.975758e-01 2.656296e+03 1.972566e+03 
2.026162e-01 2.532817e+03 1.885703e+03 
2.076566e-01 2.407678e+03 1.804108e+03 
2.126970e-01 2.288074e+03 1.727380e+03 
2.177374e-01 2.179435e+03 1.655152e+03 
2.227778e-01 2.084908e+03 1.587091e+03 
2.278182e-01 2.005057e+03 1.522894e+03 
2.328586e-01 1.938141e+03 1.462284e+03 
2.378990e-01 1.880752e+03 1.405008e+03 
2.429394e-01 1.828702e+03 1.350834e+03 
2.479798e-01 1.777967e+03 1.299549e+03 
2.530202e-01 1.725460e+03 1.250958e+03 
2.580606e-01 1.669755e+03 1.204883e+03 
2.631010e-01 1.611315e+03 1.161158e+03 
2.681414e-01 1.551808e+03 1.119631e+03 
2.731818e-01 1.493312e+03 1.080162e+03 
2.782222e-01 1.437717e+03 1.042623e+03 
2.832626e-01 1.386480e+03 1.006892e+03 
2.883030e-01 1.340418e+03 9.728606e+02 
2.933434e-01 1.299482e+03 9.404249e+02 
2.983838e-01 1.262845e+03 9.094902e+02 
3.034242e-01 1.229215e+03 8.799683e+02 
3.084646e-01 1.197272e+03 8.517771e+02 
3.135051e-01 1.165943e+03 8.248405e+02 
3.185455e-01 1.134461e+03 7.990874e+02 
3.235859e-01 1.102520e+03 7.744517e+02 
3.286263e-01 1.070295e+03 7.508717e+02 
3.336667e-01 1.038309e+03 7.282899e+02 
3.387071e-01 1.007218e+03 7.066524e+02 
3.437475e-01 9.775621e+02 6.859089e+02 
3.487879e-01 9.497196e+02 6.660125e+02 
3.538283e-01 9.238596e+02 6.469191e+02 
3.588687e-01 8.998755e+02 6.285873e+02 
3.639091e-01 8.774455e+02 6.109785e+02 
3.689495e-01 8.561692e+02 5.940563e+02 
3.739899e-01 8.356839e+02 5.777866e+02 
3.790303e-01 8.157018e+02 5.621373e+02 
3.840707e-01 7.959822e+02 5.470782e+02 
3.891111e-01 7.764283e+02 5.325809e+02 
3.941515e-01 7.570920e+02 5.186187e+02 
3.991919e-01 7.381457e+02 5.051664e+02 
4.042323e-01 7.197899e+02 4.922002e+02 
4.092727e-01 7.021509e+02 4.796978e+02 
4.143131e-01 6.852948e+02 4.676378e+02 
4.193535e-01 6.692437e+02 4.560004e+02 
4.243939e-01 6.539766e+02 4.447666e+02 
4.294343e-01 6.394111e+02 4.339185e+02 
4.344747e-01 6.254117e+02 4.234393e+02 
4.395152e-01 6.118321e+02 4.133129e+02 
4.445556e-01 5.985808e+02 4.035240e+02 
4.495960e-01 5.856409e+02 3.940585e+02 
4.546364e-01 5.729690e+02 3.849025e+02 
4.596768e-01 5.605570e+02 3.760432e+02 
4.647172e-01 5.484169e+02 3.674682e+02 
4.697576e-01 5.366257e+02 3.591659e+02 
4.747980e-01 5.252276e+02 3.511253e+02 
4.798384e-01 5.142302e+02 3.433357e+02 
4.848788e-01 5.036167e+02 3.357871e+02 
4.899192e-01 4.933812e+02 3.284701e+02 
4.949596e-01 4.834958e+02 3.213755e+02 
5.000000e-01 4.739228e+02 3.144946e+02 
