1.000000e-03 3.198790e+03 3.198495e+03 
6.040404e-03 1.423838e+04 1.429548e+04 
1.108081e-02 1.951586e+04 1.938651e+04 
1.612121e-02 2.137684e+04 2.092340e+04 
2.116162e-02 2.119806e+04 2.034827e+04 
2.620202e-02 1.991418e+04 1.887241e+04 
3.124242e-02 1.819485e+04 1.725298e+04 
3.628283e-02 1.648164e+04 1.574446e+04 
4.132323e-02 1.501237e+04 1.438739e+04 
4.636364e-02 1.385658e+04 1.317192e+04 
5.140404e-02 1.298965e+04 1.208212e+04 
5.644444e-02 1.231018e+04 1.110354e+04 
6.148485e-02 1.170800e+04 1.022372e+04 
6.652525e-02 1.109592e+04 9.431705e+03 
7.156566e-02 1.042030e+04 8.717763e+03 
7.660606e-02 9.677542e+03 8.073239e+03 
8.164646e-02 8.907169e+03 7.490432e+03 
8.668687e-02 8.164966e+03 6.962512e+03 
9.172727e-02 7.496411e+03 6.483433e+03 
9.676768e-02 6.931481e+03 6.047861e+03 
1.018081e-01 6.483405e+03 5.651093e+03 
1.068485e-01 6.143517e+03 5.288982e+03 
1.118889e-01 5.881463e+03 4.957876e+03 
1.169293e-01 5.657682e+03 4.654558e+03 
1.219697e-01 5.438635e+03 4.376185e+03 
1.270101e-01 5.203547e+03 4.120250e+03 
1.320505e-01 4.944186e+03 3.884533e+03 
1.370909e-01 4.664517e+03 3.667069e+03 
1.421313e-01 4.378229e+03 3.466114e+03 
1.471717e-01 4.102345e+03 3.280117e+03 
1.522121e-01 3.851498e+03 3.107699e+03 
1.572525e-01 3.635268e+03 2.947628e+03 
1.622929e-01 3.457298e+03 2.798805e+03 
1.673333e-01 3.314295e+03 2.660244e+03 
1.723737e-01 3.196670e+03 2.531064e+03 
1.774141e-01 3.092443e+03 2.410470e+03 
1.824545e-01 2.991418e+03 2.297748e+03 
1.874949e-01 2.886697e+03 2.192255e+03 
1.925354e-01 2.774852e+03 2.093410e+03 
1.975758e-01 2.656007e+03 2.000687e+03 
2.026162e-01 2.534053e+03 1.913610e+03 
2.076566e-01 2.414681e+03 1.831747e+03 
2.126970e-01 2.303095e+03 1.754704e+03 
2.177374e-01 2.202637e+03 1.682126e+03 
2.227778e-01 2.114708e+03 1.613684e+03 
2.278182e-01 2.038755e+03 1.549083e+03 
2.328586e-01 1.972459e+03 1.488051e+03 
2.378990e-01 1.912569e+03 1.430338e+03 
2.429394e-01 1.855897e+03 1.375717e+03 
2.479798e-01 1.799907e+03 1.323978e+03 
2.530202e-01 1.742898e+03 1.274929e+03 
2.580606e-01 1.684211e+03 1.228394e+03 
2.631010e-01 1.624606e+03 1.184208e+03 
2.681414e-01 1.565805e+03 1.142222e+03 
2.731818e-01 1.509523e+03 1.102298e+03 
2.782222e-01 1.456857e+03 1.064306e+03 
2.832626e-01 1.408315e+03 1.028128e+03 
2.883030e-01 1.364047e+03 9.936553e+02 
2.933434e-01 1.323788e+03 9.607847e+02 
2.983838e-01 1.286729e+03 9.294222e+02 
3.034242e-01 1.251721e+03 8.994798e+02 
3.084646e-01 1.217741e+03 8.708759e+02 
3.135051e-01 1.184247e+03 8.435345e+02 
3.185455e-01 1.151010e+03 8.173847e+02 
3.235859e-01 1.118006e+03 7.923606e+02 
3.286263e-01 1.085413e+03 7.684006e+02 
3.336667e-01 1.053637e+03 7.454471e+02 
3.387071e-01 1.023173e+03 7.234462e+02 
3.437475e-01 9.943621e+02 7.023478e+02 
3.487879e-01 9.672746e+02 6.821047e+02 
3.538283e-01 9.418000e+02 6.626727e+02 
3.588687e-01 9.177501e+02 6.440105e+02 
3.639091e-01 8.948875e+02 6.260793e+02 
3.689495e-01 8.729265e+02 6.088424e+02 
3.739899e-01 8.516013e+02 5.922658e+02 
3.790303e-01 8.307222e+02 5.763172e+02 
3.840707e-01 8.102509e+02 5.609661e+02 
3.891111e-01 7.902199e+02 5.461842e+02 
3.941515e-01 7.706880e+02 5.319445e+02 
3.991919e-01 7.517263e+02 5.182215e+02 
4.042323e-01 7.334389e+02 5.049915e+02 
4.092727e-01 7.159172e+02 4.922318e+02 
4.143131e-01 6.991652e+02 4.799211e+02 
4.193535e-01 6.831212e+02 4.680391e+02 
4.243939e-01 6.677002e+02 4.565670e+02 
4.294343e-01 6.528265e+02 4.454865e+02 
4.344747e-01 6.384418e+02 4.347807e+02 
4.395152e-01 6.244803e+02 4.244333e+02 
4.445556e-01 6.108629e+02 4.144290e+02 
4.495960e-01 5.975599e+02 4.047534e+02 
4.546364e-01 5.845982e+02 3.953926e+02 
4.596768e-01 5.720074e+02 3.863334e+02 
4.647172e-01 5.597849e+02 3.775636e+02 
4.697576e-01 5.479238e+02 3.690713e+02 
4.747980e-01 5.364430e+02 3.608452e+02 
4.798384e-01 5.253563e+02 3.528748e+02 
4.848788e-01 5.146476e+02 3.451497e+02 
4.899192e-01 5.042751e+02 3.376605e+02 
4.949596e-01 4.941929e+02 3.303978e+02 
5.000000e-01 4.843920e+02 3.233530e+02 
