1.000000e-03 2.579950e+03 2.579709e+03 
6.040404e-03 1.155343e+04 1.159712e+04 
1.108081e-02 1.590217e+04 1.574382e+04 
1.612121e-02 1.760995e+04 1.712581e+04 
2.116162e-02 1.779768e+04 1.699626e+04 
2.620202e-02 1.716305e+04 1.620362e+04 
3.124242e-02 1.616536e+04 1.519715e+04 
3.628283e-02 1.509164e+04 1.415163e+04 
4.132323e-02 1.409087e+04 1.313276e+04 
4.636364e-02 1.321142e+04 1.216801e+04 
5.140404e-02 1.244216e+04 1.126887e+04 
5.644444e-02 1.173993e+04 1.043881e+04 
6.148485e-02 1.106024e+04 9.676937e+03 
6.652525e-02 1.038401e+04 8.980012e+03 
7.156566e-02 9.704455e+03 8.343647e+03 
7.660606e-02 9.037853e+03 7.763000e+03 
8.164646e-02 8.412812e+03 7.233183e+03 
8.668687e-02 7.850872e+03 6.749488e+03 
9.172727e-02 7.357939e+03 6.307509e+03 
9.676768e-02 6.931488e+03 5.903191e+03 
1.018081e-01 6.565098e+03 5.532848e+03 
1.068485e-01 6.243556e+03 5.193148e+03 
1.118889e-01 5.945337e+03 4.881101e+03 
1.169293e-01 5.653665e+03 4.594023e+03 
1.219697e-01 5.362733e+03 4.329517e+03 
1.270101e-01 5.075854e+03 4.085437e+03 
1.320505e-01 4.798939e+03 3.859869e+03 
1.370909e-01 4.538636e+03 3.651098e+03 
1.421313e-01 4.300458e+03 3.457593e+03 
1.471717e-01 4.086703e+03 3.277982e+03 
1.522121e-01 3.895884e+03 3.111034e+03 
1.572525e-01 3.724932e+03 2.955647e+03 
1.622929e-01 3.569858e+03 2.810829e+03 
1.673333e-01 3.425421e+03 2.675687e+03 
1.723737e-01 3.286636e+03 2.549418e+03 
1.774141e-01 3.150915e+03 2.431295e+03 
1.824545e-01 3.018468e+03 2.320663e+03 
1.874949e-01 2.890537e+03 2.216929e+03 
1.925354e-01 2.768321e+03 2.119553e+03 
1.975758e-01 2.653149e+03 2.028050e+03 
2.026162e-01 2.546217e+03 1.941973e+03 
2.076566e-01 2.447695e+03 1.860920e+03 
2.126970e-01 2.356634e+03 1.784521e+03 
2.177374e-01 2.271712e+03 1.712442e+03 
2.227778e-01 2.191654e+03 1.644374e+03 
2.278182e-01 2.115326e+03 1.580036e+03 
2.328586e-01 2.041861e+03 1.519172e+03 
2.378990e-01 1.970944e+03 1.461543e+03 
2.429394e-01 1.902721e+03 1.406934e+03 
2.479798e-01 1.837323e+03 1.355145e+03 
2.530202e-01 1.774776e+03 1.305991e+03 
2.580606e-01 1.715212e+03 1.259303e+03 
2.631010e-01 1.658932e+03 1.214924e+03 
2.681414e-01 1.605903e+03 1.172710e+03 
2.731818e-01 1.555697e+03 1.132528e+03 
2.782222e-01 1.507806e+03 1.094253e+03 
2.832626e-01 1.461933e+03 1.057770e+03 
2.883030e-01 1.417983e+03 1.022974e+03 
2.933434e-01 1.375801e+03 9.897657e+02 
2.983838e-01 1.335159e+03 9.580525e+02 
3.034242e-01 1.295968e+03 9.277494e+02 
3.084646e-01 1.258303e+03 8.987768e+02 
3.135051e-01 1.222250e+03 8.710604e+02 
3.185455e-01 1.187744e+03 8.445311e+02 
3.235859e-01 1.154638e+03 8.191242e+02 
3.286263e-01 1.122875e+03 7.947794e+02 
3.336667e-01 1.092432e+03 7.714402e+02 
3.387071e-01 1.063230e+03 7.490538e+02 
3.437475e-01 1.035133e+03 7.275707e+02 
3.487879e-01 1.008019e+03 7.069445e+02 
3.538283e-01 9.818417e+02 6.871317e+02 
3.588687e-01 9.566055e+02 6.680914e+02 
3.639091e-01 9.322863e+02 6.497854e+02 
3.689495e-01 9.088205e+02 6.321774e+02 
3.739899e-01 8.861644e+02 6.152337e+02 
3.790303e-01 8.643310e+02 5.989223e+02 
3.840707e-01 8.432948e+02 5.832130e+02 
3.891111e-01 8.229924e+02 5.680776e+02 
3.941515e-01 8.033660e+02 5.534893e+02 
3.991919e-01 7.843937e+02 5.394229e+02 
4.042323e-01 7.660743e+02 5.258546e+02 
4.092727e-01 7.483694e+02 5.127618e+02 
4.143131e-01 7.312199e+02 5.001234e+02 
4.193535e-01 7.145978e+02 4.879191e+02 
4.243939e-01 6.985126e+02 4.761299e+02 
4.294343e-01 6.829634e+02 4.647379e+02 
4.344747e-01 6.679000e+02 4.537259e+02 
4.395152e-01 6.532944e+02 4.430778e+02 
4.445556e-01 6.391391e+02 4.327781e+02 
4.495960e-01 6.254293e+02 4.228123e+02 
4.546364e-01 6.121481e+02 4.131666e+02 
4.596768e-01 5.992604e+02 4.038279e+02 
4.647172e-01 5.867397e+02 3.947836e+02 
4.697576e-01 5.745874e+02 3.860219e+02 
4.747980e-01 5.628030e+02 3.775315e+02 
4.798384e-01 5.513655e+02 3.693017e+02 
4.848788e-01 5.402477e+02 3.613222e+02 
4.899192e-01 5.294359e+02 3.535833e+02 
4.949596e-01 5.189343e+02 3.460757e+02 
5.000000e-01 5.087368e+02 3.387906e+02 
