1.000000e-03 2.721174e+03 2.720918e+03 
6.040404e-03 1.206187e+04 1.210658e+04 
1.108081e-02 1.652330e+04 1.635952e+04 
1.612121e-02 1.822325e+04 1.772473e+04 
2.116162e-02 1.834242e+04 1.751843e+04 
2.620202e-02 1.761642e+04 1.663783e+04 
3.124242e-02 1.652931e+04 1.555505e+04 
3.628283e-02 1.538172e+04 1.444783e+04 
4.132323e-02 1.432814e+04 1.337936e+04 
4.636364e-02 1.341325e+04 1.237435e+04 
5.140404e-02 1.262494e+04 1.144221e+04 
5.644444e-02 1.190893e+04 1.058487e+04 
6.148485e-02 1.121622e+04 9.800289e+03 
6.652525e-02 1.052415e+04 9.084368e+03 
7.156566e-02 9.824864e+03 8.432034e+03 
7.660606e-02 9.136526e+03 7.837904e+03 
8.164646e-02 8.490301e+03 7.296661e+03 
8.668687e-02 7.910115e+03 6.803249e+03 
9.172727e-02 7.403094e+03 6.352981e+03 
9.676768e-02 6.968036e+03 5.941571e+03 
1.018081e-01 6.597906e+03 5.565144e+03 
1.068485e-01 6.275457e+03 5.220214e+03 
1.118889e-01 5.976659e+03 4.903658e+03 
1.169293e-01 5.683697e+03 4.612687e+03 
1.219697e-01 5.390344e+03 4.344813e+03 
1.270101e-01 5.099350e+03 4.097816e+03 
1.320505e-01 4.817103e+03 3.869716e+03 
1.370909e-01 4.551051e+03 3.658746e+03 
1.421313e-01 4.307883e+03 3.463330e+03 
1.471717e-01 4.090271e+03 3.282055e+03 
1.522121e-01 3.897078e+03 3.113660e+03 
1.572525e-01 3.725194e+03 2.957012e+03 
1.622929e-01 3.570333e+03 2.811096e+03 
1.673333e-01 3.426465e+03 2.674999e+03 
1.723737e-01 3.287901e+03 2.547898e+03 
1.774141e-01 3.151956e+03 2.429052e+03 
1.824545e-01 3.018753e+03 2.317792e+03 
1.874949e-01 2.889563e+03 2.213514e+03 
1.925354e-01 2.765782e+03 2.115668e+03 
1.975758e-01 2.649104e+03 2.023758e+03 
2.026162e-01 2.540950e+03 1.937332e+03 
2.076566e-01 2.441602e+03 1.855980e+03 
2.126970e-01 2.350177e+03 1.779327e+03 
2.177374e-01 2.265245e+03 1.707032e+03 
2.227778e-01 2.185375e+03 1.638782e+03 
2.278182e-01 2.109216e+03 1.574294e+03 
2.328586e-01 2.035852e+03 1.513306e+03 
2.378990e-01 1.964950e+03 1.455578e+03 
2.429394e-01 1.896558e+03 1.400890e+03 
2.479798e-01 1.830812e+03 1.349040e+03 
2.530202e-01 1.767844e+03 1.299842e+03 
2.580606e-01 1.707918e+03 1.253125e+03 
2.631010e-01 1.651426e+03 1.208730e+03 
2.681414e-01 1.598309e+03 1.166511e+03 
2.731818e-01 1.548069e+03 1.126334e+03 
2.782222e-01 1.500206e+03 1.088072e+03 
2.832626e-01 1.454449e+03 1.051612e+03 
2.883030e-01 1.410637e+03 1.016844e+03 
2.933434e-01 1.368529e+03 9.836698e+02 
2.983838e-01 1.327899e+03 9.519963e+02 
3.034242e-01 1.288689e+03 9.217373e+02 
3.084646e-01 1.251007e+03 8.928128e+02 
3.135051e-01 1.214946e+03 8.651479e+02 
3.185455e-01 1.180399e+03 8.386729e+02 
3.235859e-01 1.147271e+03 8.133229e+02 
3.286263e-01 1.115543e+03 7.890372e+02 
3.336667e-01 1.085183e+03 7.657588e+02 
3.387071e-01 1.056069e+03 7.434346e+02 
3.437475e-01 1.028038e+03 7.220149e+02 
3.487879e-01 1.000989e+03 7.014531e+02 
3.538283e-01 9.748873e+02 6.817054e+02 
3.588687e-01 9.497215e+02 6.627309e+02 
3.639091e-01 9.254561e+02 6.444908e+02 
3.689495e-01 9.020290e+02 6.269492e+02 
3.739899e-01 8.794223e+02 6.100718e+02 
3.790303e-01 8.576544e+02 5.938266e+02 
3.840707e-01 8.366847e+02 5.781835e+02 
3.891111e-01 8.164381e+02 5.631139e+02 
3.941515e-01 7.968732e+02 5.485912e+02 
3.991919e-01 7.779864e+02 5.345900e+02 
4.042323e-01 7.597505e+02 5.210863e+02 
4.092727e-01 7.421092e+02 5.080578e+02 
4.143131e-01 7.250194e+02 4.954829e+02 
4.193535e-01 7.084680e+02 4.833416e+02 
4.243939e-01 6.924542e+02 4.716148e+02 
4.294343e-01 6.769629e+02 4.602844e+02 
4.344747e-01 6.619635e+02 4.493333e+02 
4.395152e-01 6.474182e+02 4.387454e+02 
4.445556e-01 6.333310e+02 4.285051e+02 
4.495960e-01 6.197002e+02 4.185980e+02 
4.546364e-01 6.064838e+02 4.090102e+02 
4.596768e-01 5.936516e+02 3.997286e+02 
4.647172e-01 5.811959e+02 3.907406e+02 
4.697576e-01 5.691147e+02 3.820343e+02 
4.747980e-01 5.573955e+02 3.735986e+02 
4.798384e-01 5.460152e+02 3.654227e+02 
4.848788e-01 5.349532e+02 3.574962e+02 
4.899192e-01 5.242033e+02 3.498096e+02 
4.949596e-01 5.137662e+02 3.423534e+02 
5.000000e-01 5.036344e+02 3.351190e+02 
