1.000000e-03 2.678054e+03 2.677808e+03 
6.040404e-03 1.200132e+04 1.204880e+04 
1.108081e-02 1.659600e+04 1.646088e+04 
1.612121e-02 1.840001e+04 1.795785e+04 
2.116162e-02 1.854158e+04 1.776417e+04 
2.620202e-02 1.776124e+04 1.681450e+04 
3.124242e-02 1.657684e+04 1.566054e+04 
3.628283e-02 1.532679e+04 1.450759e+04 
4.132323e-02 1.419870e+04 1.341494e+04 
4.636364e-02 1.324433e+04 1.239876e+04 
5.140404e-02 1.248266e+04 1.146242e+04 
5.644444e-02 1.182234e+04 1.060434e+04 
6.148485e-02 1.120427e+04 9.820594e+03 
6.652525e-02 1.058399e+04 9.106087e+03 
7.156566e-02 9.930580e+03 8.455257e+03 
7.660606e-02 9.249079e+03 7.862490e+03 
8.164646e-02 8.573527e+03 7.322370e+03 
8.668687e-02 7.943524e+03 6.829818e+03 
9.172727e-02 7.384375e+03 6.380153e+03 
9.676768e-02 6.906425e+03 5.969115e+03 
1.018081e-01 6.511236e+03 5.592859e+03 
1.068485e-01 6.189003e+03 5.247929e+03 
1.118889e-01 5.916193e+03 4.931231e+03 
1.169293e-01 5.663872e+03 4.640004e+03 
1.219697e-01 5.410675e+03 4.371780e+03 
1.270101e-01 5.148235e+03 4.124360e+03 
1.320505e-01 4.878011e+03 3.895779e+03 
1.370909e-01 4.607277e+03 3.684287e+03 
1.421313e-01 4.345825e+03 3.488315e+03 
1.471717e-01 4.103413e+03 3.306462e+03 
1.522121e-01 3.886749e+03 3.137475e+03 
1.572525e-01 3.698413e+03 2.980227e+03 
1.622929e-01 3.537154e+03 2.833707e+03 
1.673333e-01 3.397797e+03 2.697008e+03 
1.723737e-01 3.272272e+03 2.569309e+03 
1.774141e-01 3.152717e+03 2.449873e+03 
1.824545e-01 3.034297e+03 2.338033e+03 
1.874949e-01 2.914973e+03 2.233185e+03 
1.925354e-01 2.794609e+03 2.134782e+03 
1.975758e-01 2.674802e+03 2.042327e+03 
2.026162e-01 2.558707e+03 1.955371e+03 
2.076566e-01 2.449809e+03 1.873503e+03 
2.126970e-01 2.350142e+03 1.796349e+03 
2.177374e-01 2.259930e+03 1.723567e+03 
2.227778e-01 2.178367e+03 1.654846e+03 
2.278182e-01 2.104101e+03 1.589900e+03 
2.328586e-01 2.035233e+03 1.528469e+03 
2.378990e-01 1.969637e+03 1.470312e+03 
2.429394e-01 1.905708e+03 1.415209e+03 
2.479798e-01 1.842757e+03 1.362958e+03 
2.530202e-01 1.780803e+03 1.313372e+03 
2.580606e-01 1.720062e+03 1.266280e+03 
2.631010e-01 1.661066e+03 1.221523e+03 
2.681414e-01 1.604684e+03 1.178954e+03 
2.731818e-01 1.551699e+03 1.138438e+03 
2.782222e-01 1.502346e+03 1.099850e+03 
2.832626e-01 1.456257e+03 1.063073e+03 
2.883030e-01 1.412872e+03 1.028000e+03 
2.933434e-01 1.371760e+03 9.945306e+02 
2.983838e-01 1.332551e+03 9.625718e+02 
3.034242e-01 1.294767e+03 9.320372e+02 
3.084646e-01 1.257986e+03 9.028462e+02 
3.135051e-01 1.222053e+03 8.749237e+02 
3.185455e-01 1.187087e+03 8.481997e+02 
3.235859e-01 1.153309e+03 8.226089e+02 
3.286263e-01 1.120840e+03 7.980901e+02 
3.336667e-01 1.089725e+03 7.745864e+02 
3.387071e-01 1.059986e+03 7.520443e+02 
3.437475e-01 1.031661e+03 7.304137e+02 
3.487879e-01 1.004704e+03 7.096478e+02 
3.538283e-01 9.789280e+02 6.897025e+02 
3.588687e-01 9.541033e+02 6.705366e+02 
3.639091e-01 9.300786e+02 6.521113e+02 
3.689495e-01 9.068030e+02 6.343902e+02 
3.739899e-01 8.842652e+02 6.173390e+02 
3.790303e-01 8.624223e+02 6.009254e+02 
3.840707e-01 8.412393e+02 5.851191e+02 
3.891111e-01 8.207313e+02 5.698914e+02 
3.941515e-01 8.009385e+02 5.552153e+02 
3.991919e-01 7.818812e+02 5.410653e+02 
4.042323e-01 7.635354e+02 5.274174e+02 
4.092727e-01 7.458388e+02 5.142489e+02 
4.143131e-01 7.287497e+02 5.015382e+02 
4.193535e-01 7.122468e+02 4.892652e+02 
4.243939e-01 6.962852e+02 4.774105e+02 
4.294343e-01 6.808044e+02 4.659559e+02 
4.344747e-01 6.657691e+02 4.548842e+02 
4.395152e-01 6.511684e+02 4.441791e+02 
4.445556e-01 6.370088e+02 4.338251e+02 
4.495960e-01 6.232862e+02 4.238074e+02 
4.546364e-01 6.099778e+02 4.141121e+02 
4.596768e-01 5.970649e+02 4.047260e+02 
4.647172e-01 5.845421e+02 3.956365e+02 
4.697576e-01 5.724118e+02 3.868315e+02 
4.747980e-01 5.606640e+02 3.782998e+02 
4.798384e-01 5.492547e+02 3.700304e+02 
4.848788e-01 5.381636e+02 3.620131e+02 
4.899192e-01 5.273842e+02 3.542380e+02 
4.949596e-01 5.169153e+02 3.466957e+02 
5.000000e-01 5.067396e+02 3.393775e+02 
