1.000000e-03 3.134477e+03 3.134178e+03 
6.040404e-03 1.392318e+04 1.397523e+04 
1.108081e-02 1.899649e+04 1.884214e+04 
1.612121e-02 2.075801e+04 2.025771e+04 
2.116162e-02 2.058924e+04 1.970982e+04 
2.620202e-02 1.940021e+04 1.836029e+04 
3.124242e-02 1.782105e+04 1.687159e+04 
3.628283e-02 1.625384e+04 1.545990e+04 
4.132323e-02 1.490443e+04 1.416802e+04 
4.636364e-02 1.382075e+04 1.299631e+04 
5.140404e-02 1.299421e+04 1.193683e+04 
5.644444e-02 1.229788e+04 1.098019e+04 
6.148485e-02 1.164967e+04 1.011691e+04 
6.652525e-02 1.097946e+04 9.337833e+03 
7.156566e-02 1.025860e+04 8.634322e+03 
7.660606e-02 9.499198e+03 7.998417e+03 
8.164646e-02 8.744999e+03 7.422873e+03 
8.668687e-02 8.044172e+03 6.901167e+03 
9.172727e-02 7.430593e+03 6.427473e+03 
9.676768e-02 6.921986e+03 5.996613e+03 
1.018081e-01 6.519049e+03 5.604000e+03 
1.068485e-01 6.202442e+03 5.245580e+03 
1.118889e-01 5.937643e+03 4.917772e+03 
1.169293e-01 5.689913e+03 4.617412e+03 
1.219697e-01 5.435981e+03 4.341706e+03 
1.270101e-01 5.165662e+03 4.088182e+03 
1.320505e-01 4.879738e+03 3.854654e+03 
1.370909e-01 4.589213e+03 3.639182e+03 
1.421313e-01 4.309393e+03 3.440045e+03 
1.471717e-01 4.053043e+03 3.255711e+03 
1.522121e-01 3.827940e+03 3.084818e+03 
1.572525e-01 3.637354e+03 2.926148e+03 
1.622929e-01 3.479494e+03 2.778614e+03 
1.673333e-01 3.346526e+03 2.641243e+03 
1.723737e-01 3.227183e+03 2.513162e+03 
1.774141e-01 3.111725e+03 2.393584e+03 
1.824545e-01 2.994644e+03 2.281805e+03 
1.874949e-01 2.873792e+03 2.177187e+03 
1.925354e-01 2.749575e+03 2.079155e+03 
1.975758e-01 2.624821e+03 1.987189e+03 
2.026162e-01 2.504165e+03 1.900817e+03 
2.076566e-01 2.392161e+03 1.819611e+03 
2.126970e-01 2.291322e+03 1.743183e+03 
2.177374e-01 2.201842e+03 1.671179e+03 
2.227778e-01 2.122492e+03 1.603276e+03 
2.278182e-01 2.051129e+03 1.539179e+03 
2.328586e-01 1.985052e+03 1.478620e+03 
2.378990e-01 1.921756e+03 1.421351e+03 
2.429394e-01 1.859419e+03 1.367148e+03 
2.479798e-01 1.796999e+03 1.315802e+03 
2.530202e-01 1.734403e+03 1.267123e+03 
2.580606e-01 1.672535e+03 1.220936e+03 
2.631010e-01 1.612780e+03 1.177079e+03 
2.681414e-01 1.556276e+03 1.135404e+03 
2.731818e-01 1.503602e+03 1.095772e+03 
2.782222e-01 1.454843e+03 1.058058e+03 
2.832626e-01 1.409778e+03 1.022143e+03 
2.883030e-01 1.367895e+03 9.879182e+02 
2.933434e-01 1.328428e+03 9.552831e+02 
2.983838e-01 1.290526e+03 9.241437e+02 
3.034242e-01 1.253609e+03 8.944130e+02 
3.084646e-01 1.217460e+03 8.660102e+02 
3.135051e-01 1.182025e+03 8.388597e+02 
3.185455e-01 1.147380e+03 8.128915e+02 
3.235859e-01 1.113784e+03 7.880401e+02 
3.286263e-01 1.081534e+03 7.642443e+02 
3.336667e-01 1.050872e+03 7.414473e+02 
3.387071e-01 1.021815e+03 7.195955e+02 
3.437475e-01 9.942787e+02 6.986392e+02 
3.487879e-01 9.681268e+02 6.785316e+02 
3.538283e-01 9.431487e+02 6.592289e+02 
3.588687e-01 9.191039e+02 6.406902e+02 
3.639091e-01 8.958047e+02 6.228768e+02 
3.689495e-01 8.731574e+02 6.057527e+02 
3.739899e-01 8.511368e+02 5.892838e+02 
3.790303e-01 8.297489e+02 5.734382e+02 
3.840707e-01 8.089997e+02 5.581858e+02 
3.891111e-01 7.889132e+02 5.434983e+02 
3.941515e-01 7.695707e+02 5.293490e+02 
3.991919e-01 7.510109e+02 5.157127e+02 
4.042323e-01 7.331984e+02 5.025657e+02 
4.092727e-01 7.160544e+02 4.898857e+02 
4.143131e-01 6.995114e+02 4.776513e+02 
4.193535e-01 6.835359e+02 4.658427e+02 
4.243939e-01 6.680836e+02 4.544409e+02 
4.294343e-01 6.530930e+02 4.434281e+02 
4.344747e-01 6.385013e+02 4.327872e+02 
4.395152e-01 6.243213e+02 4.225022e+02 
4.445556e-01 6.105687e+02 4.125580e+02 
4.495960e-01 5.972498e+02 4.029401e+02 
4.546364e-01 5.843330e+02 3.936347e+02 
4.596768e-01 5.718038e+02 3.846291e+02 
4.647172e-01 5.596811e+02 3.759107e+02 
4.697576e-01 5.479613e+02 3.674679e+02 
4.747980e-01 5.366099e+02 3.592896e+02 
4.798384e-01 5.255813e+02 3.513651e+02 
4.848788e-01 5.148699e+02 3.436844e+02 
4.899192e-01 5.044636e+02 3.362379e+02 
4.949596e-01 4.943556e+02 3.290164e+02 
5.000000e-01 4.845203e+02 3.220113e+02 
