1.000000e-03 8.040119e+03 8.039374e+03 
6.040404e-03 3.588403e+04 3.607172e+04 
1.108081e-02 4.878549e+04 4.889003e+04 
1.612121e-02 5.217264e+04 5.210711e+04 
2.116162e-02 4.944248e+04 4.835993e+04 
2.620202e-02 4.323950e+04 4.073773e+04 
3.124242e-02 3.574139e+04 3.284844e+04 
3.628283e-02 2.854317e+04 2.652914e+04 
4.132323e-02 2.257153e+04 2.188875e+04 
4.636364e-02 1.813871e+04 1.849005e+04 
5.140404e-02 1.521735e+04 1.592724e+04 
5.644444e-02 1.351602e+04 1.392658e+04 
6.148485e-02 1.268946e+04 1.231639e+04 
6.652525e-02 1.239397e+04 1.098862e+04 
7.156566e-02 1.231962e+04 9.873027e+03 
7.660606e-02 1.219316e+04 8.922044e+03 
8.164646e-02 1.180696e+04 8.102143e+03 
8.668687e-02 1.106749e+04 7.388795e+03 
9.172727e-02 1.000797e+04 6.763491e+03 
9.676768e-02 8.758007e+03 6.211897e+03 
1.018081e-01 7.486233e+03 5.722674e+03 
1.068485e-01 6.345510e+03 5.286696e+03 
1.118889e-01 5.435034e+03 4.896517e+03 
1.169293e-01 4.792695e+03 4.545982e+03 
1.219697e-01 4.407935e+03 4.229962e+03 
1.270101e-01 4.240734e+03 3.944138e+03 
1.320505e-01 4.232482e+03 3.684853e+03 
1.370909e-01 4.313084e+03 3.448988e+03 
1.421313e-01 4.408980e+03 3.233870e+03 
1.471717e-01 4.453425e+03 3.037192e+03 
1.522121e-01 4.396453e+03 2.856958e+03 
1.572525e-01 4.214221e+03 2.691433e+03 
1.622929e-01 3.916162e+03 2.539101e+03 
1.673333e-01 3.542350e+03 2.398635e+03 
1.723737e-01 3.147609e+03 2.268868e+03 
1.774141e-01 2.781543e+03 2.148772e+03 
1.824545e-01 2.477606e+03 2.037435e+03 
1.874949e-01 2.253038e+03 1.934051e+03 
1.925354e-01 2.111967e+03 1.837902e+03 
1.975758e-01 2.047270e+03 1.748349e+03 
2.026162e-01 2.042190e+03 1.664818e+03 
2.076566e-01 2.073268e+03 1.586798e+03 
2.126970e-01 2.114767e+03 1.513828e+03 
2.177374e-01 2.142646e+03 1.445496e+03 
2.227778e-01 2.137607e+03 1.381427e+03 
2.278182e-01 2.088182e+03 1.321284e+03 
2.328586e-01 1.993557e+03 1.264764e+03 
2.378990e-01 1.863632e+03 1.211589e+03 
2.429394e-01 1.715307e+03 1.161508e+03 
2.479798e-01 1.566845e+03 1.114294e+03 
2.530202e-01 1.433742e+03 1.069737e+03 
2.580606e-01 1.326587e+03 1.027648e+03 
2.631010e-01 1.250496e+03 9.878537e+02 
2.681414e-01 1.205294e+03 9.501951e+02 
2.731818e-01 1.186426e+03 9.145265e+02 
2.782222e-01 1.186349e+03 8.807143e+02 
2.832626e-01 1.195976e+03 8.486358e+02 
2.883030e-01 1.205832e+03 8.181780e+02 
2.933434e-01 1.207242e+03 7.892367e+02 
2.983838e-01 1.193784e+03 7.617160e+02 
3.034242e-01 1.162668e+03 7.355271e+02 
3.084646e-01 1.115282e+03 7.105880e+02 
3.135051e-01 1.056355e+03 6.868229e+02 
3.185455e-01 9.923210e+02 6.641613e+02 
3.235859e-01 9.296733e+02 6.425380e+02 
3.286263e-01 8.738863e+02 6.218925e+02 
3.336667e-01 8.287503e+02 6.021685e+02 
3.387071e-01 7.959903e+02 5.833134e+02 
3.437475e-01 7.752709e+02 5.652787e+02 
3.487879e-01 7.645235e+02 5.480187e+02 
3.538283e-01 7.605234e+02 5.314911e+02 
3.588687e-01 7.595785e+02 5.156562e+02 
3.639091e-01 7.580154e+02 5.004770e+02 
3.689495e-01 7.526478e+02 4.859190e+02 
3.739899e-01 7.412971e+02 4.719496e+02 
3.790303e-01 7.231828e+02 4.585385e+02 
3.840707e-01 6.990417e+02 4.456573e+02 
3.891111e-01 6.707644e+02 4.332793e+02 
3.941515e-01 6.407777e+02 4.213793e+02 
3.991919e-01 6.115551e+02 4.099338e+02 
4.042323e-01 5.852381e+02 3.989206e+02 
4.092727e-01 5.633021e+02 3.883189e+02 
4.143131e-01 5.463806e+02 3.781091e+02 
4.193535e-01 5.342881e+02 3.682727e+02 
4.243939e-01 5.261943e+02 3.587922e+02 
4.294343e-01 5.208305e+02 3.496512e+02 
4.344747e-01 5.167294e+02 3.408342e+02 
4.395152e-01 5.123896e+02 3.323264e+02 
4.445556e-01 5.065185e+02 3.241141e+02 
4.495960e-01 4.983140e+02 3.161841e+02 
4.546364e-01 4.875416e+02 3.085240e+02 
4.596768e-01 4.745089e+02 3.011222e+02 
4.647172e-01 4.598921e+02 2.939673e+02 
4.697576e-01 4.446035e+02 2.870490e+02 
4.747980e-01 4.296172e+02 2.803573e+02 
4.798384e-01 4.158381e+02 2.738826e+02 
4.848788e-01 4.038731e+02 2.676159e+02 
4.899192e-01 3.939646e+02 2.615488e+02 
4.949596e-01 3.860502e+02 2.556730e+02 
5.000000e-01 3.798337e+02 2.499809e+02 
