1.000000e-03 3.111392e+03 3.111101e+03 
6.040404e-03 1.376963e+04 1.382158e+04 
1.108081e-02 1.881041e+04 1.865948e+04 
1.612121e-02 2.059400e+04 2.010295e+04 
2.116162e-02 2.047397e+04 1.960971e+04 
2.620202e-02 1.934027e+04 1.831511e+04 
3.124242e-02 1.781132e+04 1.686856e+04 
3.628283e-02 1.628238e+04 1.548602e+04 
4.132323e-02 1.495727e+04 1.421369e+04 
4.636364e-02 1.388529e+04 1.305491e+04 
5.140404e-02 1.306136e+04 1.200382e+04 
5.644444e-02 1.236179e+04 1.105238e+04 
6.148485e-02 1.170981e+04 1.019205e+04 
6.652525e-02 1.103884e+04 9.414299e+03 
7.156566e-02 1.031837e+04 8.710967e+03 
7.660606e-02 9.561130e+03 8.074415e+03 
8.164646e-02 8.810965e+03 7.497635e+03 
8.668687e-02 8.115215e+03 6.974283e+03 
9.172727e-02 7.505204e+03 6.498663e+03 
9.676768e-02 6.997284e+03 6.065694e+03 
1.018081e-01 6.592381e+03 5.670862e+03 
1.068485e-01 6.272415e+03 5.310167e+03 
1.118889e-01 6.003543e+03 4.980068e+03 
1.169293e-01 5.751189e+03 4.677429e+03 
1.219697e-01 5.492763e+03 4.399479e+03 
1.270101e-01 5.219123e+03 4.143761e+03 
1.320505e-01 4.931704e+03 3.908099e+03 
1.370909e-01 4.640633e+03 3.690561e+03 
1.421313e-01 4.360400e+03 3.489430e+03 
1.471717e-01 4.103773e+03 3.303177e+03 
1.522121e-01 3.878461e+03 3.130440e+03 
1.572525e-01 3.687196e+03 2.970003e+03 
1.622929e-01 3.527796e+03 2.820776e+03 
1.673333e-01 3.392613e+03 2.681786e+03 
1.723737e-01 3.270828e+03 2.552156e+03 
1.774141e-01 3.153117e+03 2.431099e+03 
1.824545e-01 3.033974e+03 2.317907e+03 
1.874949e-01 2.911279e+03 2.211939e+03 
1.925354e-01 2.785593e+03 2.112619e+03 
1.975758e-01 2.659880e+03 2.019423e+03 
2.026162e-01 2.538689e+03 1.931878e+03 
2.076566e-01 2.426233e+03 1.849551e+03 
2.126970e-01 2.324679e+03 1.772054e+03 
2.177374e-01 2.234372e+03 1.699028e+03 
2.227778e-01 2.154143e+03 1.630149e+03 
2.278182e-01 2.081794e+03 1.565120e+03 
2.328586e-01 2.014546e+03 1.503669e+03 
2.378990e-01 1.949968e+03 1.445549e+03 
2.429394e-01 1.886451e+03 1.390531e+03 
2.479798e-01 1.823102e+03 1.338406e+03 
2.530202e-01 1.759759e+03 1.288982e+03 
2.580606e-01 1.697173e+03 1.242082e+03 
2.631010e-01 1.636743e+03 1.197542e+03 
2.681414e-01 1.579715e+03 1.155213e+03 
2.731818e-01 1.526610e+03 1.114955e+03 
2.782222e-01 1.477341e+03 1.076640e+03 
2.832626e-01 1.431659e+03 1.040149e+03 
2.883030e-01 1.389128e+03 1.005372e+03 
2.933434e-01 1.349032e+03 9.722074e+02 
2.983838e-01 1.310536e+03 9.405594e+02 
3.034242e-01 1.272993e+03 9.103404e+02 
3.084646e-01 1.236203e+03 8.814685e+02 
3.135051e-01 1.200219e+03 8.538674e+02 
3.185455e-01 1.165149e+03 8.274659e+02 
3.235859e-01 1.131165e+03 8.021979e+02 
3.286263e-01 1.098502e+03 7.780015e+02 
3.336667e-01 1.067413e+03 7.548189e+02 
3.387071e-01 1.037993e+03 7.325960e+02 
3.437475e-01 1.010118e+03 7.112824e+02 
3.487879e-01 9.835743e+02 6.908306e+02 
3.538283e-01 9.581648e+02 6.711963e+02 
3.588687e-01 9.337282e+02 6.523379e+02 
3.639091e-01 9.100897e+02 6.342164e+02 
3.689495e-01 8.871004e+02 6.167951e+02 
3.739899e-01 8.647145e+02 6.000394e+02 
3.790303e-01 8.429771e+02 5.839171e+02 
3.840707e-01 8.219306e+02 5.683975e+02 
3.891111e-01 8.015932e+02 5.534520e+02 
3.941515e-01 7.819844e+02 5.390535e+02 
3.991919e-01 7.631297e+02 5.251764e+02 
4.042323e-01 7.450442e+02 5.117967e+02 
4.092727e-01 7.276616e+02 4.988917e+02 
4.143131e-01 7.108828e+02 4.864397e+02 
4.193535e-01 6.946440e+02 4.744206e+02 
4.243939e-01 6.789184e+02 4.628152e+02 
4.294343e-01 6.636841e+02 4.516051e+02 
4.344747e-01 6.488881e+02 4.407734e+02 
4.395152e-01 6.344939e+02 4.303036e+02 
4.445556e-01 6.205183e+02 4.201803e+02 
4.495960e-01 6.069771e+02 4.103889e+02 
4.546364e-01 5.938707e+02 4.009155e+02 
4.596768e-01 5.811679e+02 3.917468e+02 
4.647172e-01 5.688555e+02 3.828704e+02 
4.697576e-01 5.569395e+02 3.742744e+02 
4.747980e-01 5.454032e+02 3.659473e+02 
4.798384e-01 5.342169e+02 3.578786e+02 
4.848788e-01 5.233447e+02 3.500578e+02 
4.899192e-01 5.127644e+02 3.424753e+02 
4.949596e-01 5.024807e+02 3.351219e+02 
5.000000e-01 4.924847e+02 3.279886e+02 
