1.000000e-03 4.969707e+03 4.969267e+03 
6.040404e-03 2.205670e+04 2.216603e+04 
1.108081e-02 3.028181e+04 3.026604e+04 
1.612121e-02 3.292904e+04 3.267102e+04 
2.116162e-02 3.200290e+04 3.110699e+04 
2.620202e-02 2.900952e+04 2.742834e+04 
3.124242e-02 2.515713e+04 2.349388e+04 
3.628283e-02 2.132807e+04 2.017161e+04 
4.132323e-02 1.805472e+04 1.754412e+04 
4.636364e-02 1.553955e+04 1.545907e+04 
5.140404e-02 1.381596e+04 1.376565e+04 
5.644444e-02 1.273419e+04 1.235724e+04 
6.148485e-02 1.209581e+04 1.116317e+04 
6.652525e-02 1.170430e+04 1.013602e+04 
7.156566e-02 1.136138e+04 9.242722e+03 
7.660606e-02 1.091777e+04 8.459280e+03 
8.164646e-02 1.029342e+04 7.767566e+03 
8.668687e-02 9.488385e+03 7.153464e+03 
9.172727e-02 8.563097e+03 6.605701e+03 
9.676768e-02 7.608554e+03 6.115106e+03 
1.018081e-01 6.719463e+03 5.674103e+03 
1.068485e-01 5.972357e+03 5.276360e+03 
1.118889e-01 5.407642e+03 4.916539e+03 
1.169293e-01 5.025896e+03 4.590100e+03 
1.219697e-01 4.798973e+03 4.293163e+03 
1.270101e-01 4.683759e+03 4.022387e+03 
1.320505e-01 4.630408e+03 3.774888e+03 
1.370909e-01 4.587363e+03 3.548160e+03 
1.421313e-01 4.509435e+03 3.340021e+03 
1.471717e-01 4.367491e+03 3.148563e+03 
1.522121e-01 4.153634e+03 2.972110e+03 
1.572525e-01 3.879214e+03 2.809187e+03 
1.622929e-01 3.570612e+03 2.658494e+03 
1.673333e-01 3.260061e+03 2.518878e+03 
1.723737e-01 2.978388e+03 2.389317e+03 
1.774141e-01 2.746834e+03 2.268901e+03 
1.824545e-01 2.574187e+03 2.156818e+03 
1.874949e-01 2.458670e+03 2.052343e+03 
1.925354e-01 2.391140e+03 1.954826e+03 
1.975758e-01 2.357329e+03 1.863683e+03 
2.026162e-01 2.339596e+03 1.778389e+03 
2.076566e-01 2.319859e+03 1.698470e+03 
2.126970e-01 2.283448e+03 1.623500e+03 
2.177374e-01 2.221904e+03 1.553092e+03 
2.227778e-01 2.133828e+03 1.486895e+03 
2.278182e-01 2.024158e+03 1.424591e+03 
2.328586e-01 1.902399e+03 1.365890e+03 
2.378990e-01 1.779974e+03 1.310529e+03 
2.429394e-01 1.667266e+03 1.258269e+03 
2.479798e-01 1.571762e+03 1.208888e+03 
2.530202e-01 1.497394e+03 1.162186e+03 
2.580606e-01 1.444415e+03 1.117979e+03 
2.631010e-01 1.409816e+03 1.076098e+03 
2.681414e-01 1.388024e+03 1.036388e+03 
2.731818e-01 1.372269e+03 9.987068e+02 
2.782222e-01 1.356063e+03 9.629222e+02 
2.832626e-01 1.334307e+03 9.289133e+02 
2.883030e-01 1.303854e+03 8.965683e+02 
2.933434e-01 1.263667e+03 8.657839e+02 
2.983838e-01 1.215035e+03 8.364644e+02 
3.034242e-01 1.161202e+03 8.085213e+02 
3.084646e-01 1.106404e+03 7.818725e+02 
3.135051e-01 1.054651e+03 7.564418e+02 
3.185455e-01 1.008922e+03 7.321585e+02 
3.235859e-01 9.709231e+02 7.089567e+02 
3.286263e-01 9.410917e+02 6.867751e+02 
3.336667e-01 9.186546e+02 6.655567e+02 
3.387071e-01 9.018180e+02 6.452483e+02 
3.437475e-01 8.881390e+02 6.258002e+02 
3.487879e-01 8.750757e+02 6.071660e+02 
3.538283e-01 8.605301e+02 5.893023e+02 
3.588687e-01 8.431176e+02 5.721686e+02 
3.639091e-01 8.223064e+02 5.557269e+02 
3.689495e-01 7.983268e+02 5.399415e+02 
3.739899e-01 7.721359e+02 5.247791e+02 
3.790303e-01 7.451529e+02 5.102084e+02 
3.840707e-01 7.188908e+02 4.961999e+02 
3.891111e-01 6.946072e+02 4.827260e+02 
3.941515e-01 6.731596e+02 4.697606e+02 
3.991919e-01 6.549078e+02 4.572794e+02 
4.042323e-01 6.397309e+02 4.452591e+02 
4.092727e-01 6.270961e+02 4.336782e+02 
4.143131e-01 6.161614e+02 4.225161e+02 
4.193535e-01 6.059695e+02 4.117535e+02 
4.243939e-01 5.956474e+02 4.013722e+02 
4.294343e-01 5.845891e+02 3.913549e+02 
4.344747e-01 5.724636e+02 3.816853e+02 
4.395152e-01 5.592080e+02 3.723480e+02 
4.445556e-01 5.450367e+02 3.633285e+02 
4.495960e-01 5.304007e+02 3.546129e+02 
4.546364e-01 5.158726e+02 3.461882e+02 
4.596768e-01 5.019808e+02 3.380419e+02 
4.647172e-01 4.891086e+02 3.301623e+02 
4.697576e-01 4.774642e+02 3.225383e+02 
4.747980e-01 4.670920e+02 3.151592e+02 
4.798384e-01 4.578950e+02 3.080151e+02 
4.848788e-01 4.496226e+02 3.010963e+02 
4.899192e-01 4.419098e+02 2.943938e+02 
4.949596e-01 4.343954e+02 2.878989e+02 
5.000000e-01 4.267948e+02 2.816034e+02 
