1.000000e-03 2.934201e+03 2.933921e+03 
6.040404e-03 1.300437e+04 1.305217e+04 
1.108081e-02 1.776386e+04 1.760057e+04 
1.612121e-02 1.948928e+04 1.898190e+04 
2.116162e-02 1.946612e+04 1.860752e+04 
2.620202e-02 1.851544e+04 1.750363e+04 
3.124242e-02 1.719219e+04 1.622804e+04 
3.628283e-02 1.584505e+04 1.497434e+04 
4.132323e-02 1.465333e+04 1.379638e+04 
4.636364e-02 1.365534e+04 1.270815e+04 
5.140404e-02 1.285214e+04 1.171139e+04 
5.644444e-02 1.214025e+04 1.080296e+04 
6.148485e-02 1.146324e+04 9.977412e+03 
6.652525e-02 1.077204e+04 9.228276e+03 
7.156566e-02 1.005322e+04 8.548788e+03 
7.660606e-02 9.323514e+03 7.932312e+03 
8.164646e-02 8.621247e+03 7.372582e+03 
8.668687e-02 7.982193e+03 6.863810e+03 
9.172727e-02 7.426082e+03 6.400732e+03 
9.676768e-02 6.959523e+03 5.978611e+03 
1.018081e-01 6.577980e+03 5.593205e+03 
1.068485e-01 6.260953e+03 5.240734e+03 
1.118889e-01 5.978696e+03 4.917837e+03 
1.169293e-01 5.705083e+03 4.621530e+03 
1.219697e-01 5.426147e+03 4.349163e+03 
1.270101e-01 5.139509e+03 4.098383e+03 
1.320505e-01 4.850339e+03 3.867101e+03 
1.370909e-01 4.569198e+03 3.653458e+03 
1.421313e-01 4.307345e+03 3.455800e+03 
1.471717e-01 4.072172e+03 3.272650e+03 
1.522121e-01 3.866142e+03 3.102694e+03 
1.572525e-01 3.688248e+03 2.944752e+03 
1.622929e-01 3.534439e+03 2.797770e+03 
1.673333e-01 3.397234e+03 2.660801e+03 
1.723737e-01 3.267810e+03 2.532997e+03 
1.774141e-01 3.139999e+03 2.413591e+03 
1.824545e-01 3.011917e+03 2.301895e+03 
1.874949e-01 2.884012e+03 2.197284e+03 
1.925354e-01 2.757835e+03 2.099197e+03 
1.975758e-01 2.636047e+03 2.007123e+03 
2.026162e-01 2.521789e+03 1.920600e+03 
2.076566e-01 2.417226e+03 1.839207e+03 
2.126970e-01 2.322740e+03 1.762561e+03 
2.177374e-01 2.237127e+03 1.690315e+03 
2.227778e-01 2.158629e+03 1.622150e+03 
2.278182e-01 2.085219e+03 1.557775e+03 
2.328586e-01 2.015086e+03 1.496926e+03 
2.378990e-01 1.947009e+03 1.439357e+03 
2.429394e-01 1.880381e+03 1.384847e+03 
2.479798e-01 1.815067e+03 1.333189e+03 
2.530202e-01 1.751383e+03 1.284196e+03 
2.580606e-01 1.690113e+03 1.237692e+03 
2.631010e-01 1.632111e+03 1.193519e+03 
2.681414e-01 1.577789e+03 1.151528e+03 
2.731818e-01 1.526987e+03 1.111583e+03 
2.782222e-01 1.479274e+03 1.073557e+03 
2.832626e-01 1.434258e+03 1.037334e+03 
2.883030e-01 1.391537e+03 1.002805e+03 
2.933434e-01 1.350560e+03 9.698693e+02 
2.983838e-01 1.310877e+03 9.384343e+02 
3.034242e-01 1.272319e+03 9.084129e+02 
3.084646e-01 1.234959e+03 8.797244e+02 
3.135051e-01 1.198877e+03 8.522936e+02 
3.185455e-01 1.164126e+03 8.260504e+02 
3.235859e-01 1.130798e+03 8.009296e+02 
3.286263e-01 1.098985e+03 7.768699e+02 
3.336667e-01 1.068698e+03 7.538146e+02 
3.387071e-01 1.039815e+03 7.317102e+02 
3.437475e-01 1.012158e+03 7.105067e+02 
3.487879e-01 9.855841e+02 6.901576e+02 
3.538283e-01 9.599755e+02 6.706189e+02 
3.588687e-01 9.352306e+02 6.518496e+02 
3.639091e-01 9.112746e+02 6.338111e+02 
3.689495e-01 8.880634e+02 6.164671e+02 
3.739899e-01 8.656323e+02 5.997835e+02 
3.790303e-01 8.440031e+02 5.837283e+02 
3.840707e-01 8.231391e+02 5.682714e+02 
3.891111e-01 8.030084e+02 5.533843e+02 
3.941515e-01 7.836168e+02 5.390402e+02 
3.991919e-01 7.649593e+02 5.252138e+02 
4.042323e-01 7.469763e+02 5.118814e+02 
4.092727e-01 7.295839e+02 4.990204e+02 
4.143131e-01 7.127297e+02 4.866095e+02 
4.193535e-01 6.964164e+02 4.746287e+02 
4.243939e-01 6.806334e+02 4.630588e+02 
4.294343e-01 6.653354e+02 4.518820e+02 
4.344747e-01 6.504904e+02 4.410811e+02 
4.395152e-01 6.361011e+02 4.306401e+02 
4.445556e-01 6.221760e+02 4.205435e+02 
4.495960e-01 6.087022e+02 4.107770e+02 
4.546364e-01 5.956432e+02 4.013266e+02 
4.596768e-01 5.829759e+02 3.921793e+02 
4.647172e-01 5.706936e+02 3.833228e+02 
4.697576e-01 5.587932e+02 3.747451e+02 
4.747980e-01 5.472504e+02 3.664351e+02 
4.798384e-01 5.360302e+02 3.583821e+02 
4.848788e-01 5.251185e+02 3.505759e+02 
4.899192e-01 5.145209e+02 3.430069e+02 
4.949596e-01 5.042366e+02 3.356658e+02 
5.000000e-01 4.942391e+02 3.285438e+02 
