1.000000e-03 2.557480e+03 2.557242e+03 
6.040404e-03 1.137076e+04 1.141347e+04 
1.108081e-02 1.565978e+04 1.550272e+04 
1.612121e-02 1.737330e+04 1.689443e+04 
2.116162e-02 1.760238e+04 1.681112e+04 
2.620202e-02 1.702329e+04 1.607231e+04 
3.124242e-02 1.608087e+04 1.511105e+04 
3.628283e-02 1.505201e+04 1.409973e+04 
4.132323e-02 1.408127e+04 1.310618e+04 
4.636364e-02 1.321066e+04 1.216020e+04 
5.140404e-02 1.246029e+04 1.127505e+04 
5.644444e-02 1.175482e+04 1.045540e+04 
6.148485e-02 1.107438e+04 9.701262e+03 
6.652525e-02 1.040066e+04 9.010027e+03 
7.156566e-02 9.725772e+03 8.377781e+03 
7.660606e-02 9.065501e+03 7.800042e+03 
8.164646e-02 8.448706e+03 7.272193e+03 
8.668687e-02 7.895959e+03 6.789737e+03 
9.172727e-02 7.410013e+03 6.348431e+03 
9.676768e-02 6.986331e+03 5.944348e+03 
1.018081e-01 6.618528e+03 5.573901e+03 
1.068485e-01 6.293346e+03 5.233838e+03 
1.118889e-01 5.990848e+03 4.921229e+03 
1.169293e-01 5.694525e+03 4.633441e+03 
1.219697e-01 5.399951e+03 4.368114e+03 
1.270101e-01 5.111293e+03 4.123135e+03 
1.320505e-01 4.834826e+03 3.896612e+03 
1.370909e-01 4.576377e+03 3.686852e+03 
1.421313e-01 4.340039e+03 3.492337e+03 
1.471717e-01 4.127221e+03 3.311708e+03 
1.522121e-01 3.936577e+03 3.143743e+03 
1.572525e-01 3.765024e+03 2.987348e+03 
1.622929e-01 3.608294e+03 2.841535e+03 
1.673333e-01 3.461313e+03 2.705418e+03 
1.723737e-01 3.319694e+03 2.578194e+03 
1.774141e-01 3.181745e+03 2.459141e+03 
1.824545e-01 3.047934e+03 2.347604e+03 
1.874949e-01 2.919224e+03 2.242992e+03 
1.925354e-01 2.796609e+03 2.144766e+03 
1.975758e-01 2.681290e+03 2.052440e+03 
2.026162e-01 2.574392e+03 1.965568e+03 
2.076566e-01 2.475810e+03 1.883747e+03 
2.126970e-01 2.384212e+03 1.806608e+03 
2.177374e-01 2.298296e+03 1.733815e+03 
2.227778e-01 2.217091e+03 1.665059e+03 
2.278182e-01 2.139685e+03 1.600059e+03 
2.328586e-01 2.065206e+03 1.538556e+03 
2.378990e-01 1.993298e+03 1.480314e+03 
2.429394e-01 1.924220e+03 1.425113e+03 
2.479798e-01 1.858263e+03 1.372755e+03 
2.530202e-01 1.795404e+03 1.323053e+03 
2.580606e-01 1.735541e+03 1.275838e+03 
2.631010e-01 1.678838e+03 1.230953e+03 
2.681414e-01 1.625320e+03 1.188251e+03 
2.731818e-01 1.574641e+03 1.147599e+03 
2.782222e-01 1.526259e+03 1.108872e+03 
2.832626e-01 1.479798e+03 1.071955e+03 
2.883030e-01 1.435205e+03 1.036740e+03 
2.933434e-01 1.392434e+03 1.003128e+03 
2.983838e-01 1.351340e+03 9.710266e+02 
3.034242e-01 1.311773e+03 9.403494e+02 
3.084646e-01 1.273711e+03 9.110163e+02 
3.135051e-01 1.237258e+03 8.829526e+02 
3.185455e-01 1.202405e+03 8.560885e+02 
3.235859e-01 1.169015e+03 8.303589e+02 
3.286263e-01 1.136942e+03 8.057029e+02 
3.336667e-01 1.106119e+03 7.820636e+02 
3.387071e-01 1.076532e+03 7.593877e+02 
3.437475e-01 1.048085e+03 7.376252e+02 
3.487879e-01 1.020661e+03 7.167294e+02 
3.538283e-01 9.941703e+02 6.966564e+02 
3.588687e-01 9.685982e+02 6.773648e+02 
3.639091e-01 9.439700e+02 6.588161e+02 
3.689495e-01 9.202594e+02 6.409737e+02 
3.739899e-01 8.973771e+02 6.238034e+02 
3.790303e-01 8.752815e+02 6.072730e+02 
3.840707e-01 8.539664e+02 5.913521e+02 
3.891111e-01 8.334192e+02 5.760121e+02 
3.941515e-01 8.135905e+02 5.612258e+02 
3.991919e-01 7.943984e+02 5.469679e+02 
4.042323e-01 7.758306e+02 5.332143e+02 
4.092727e-01 7.578765e+02 5.199422e+02 
4.143131e-01 7.405174e+02 5.071302e+02 
4.193535e-01 7.237224e+02 4.947578e+02 
4.243939e-01 7.074413e+02 4.828059e+02 
4.294343e-01 6.916728e+02 4.712561e+02 
4.344747e-01 6.764135e+02 4.600913e+02 
4.395152e-01 6.616459e+02 4.492950e+02 
4.445556e-01 6.473368e+02 4.388518e+02 
4.495960e-01 6.334507e+02 4.287468e+02 
4.546364e-01 6.199809e+02 4.189661e+02 
4.596768e-01 6.069245e+02 4.094964e+02 
4.647172e-01 5.942647e+02 4.003251e+02 
4.697576e-01 5.819711e+02 3.914401e+02 
4.747980e-01 5.700235e+02 3.828300e+02 
4.798384e-01 5.584290e+02 3.744840e+02 
4.848788e-01 5.471740e+02 3.663917e+02 
4.899192e-01 5.362432e+02 3.585432e+02 
4.949596e-01 5.256117e+02 3.509292e+02 
5.000000e-01 5.152657e+02 3.435407e+02 
