1.000000e-03 2.976386e+03 2.976112e+03 
6.040404e-03 1.369756e+04 1.375508e+04 
1.108081e-02 1.908958e+04 1.898570e+04 
1.612121e-02 2.113802e+04 2.074207e+04 
2.116162e-02 2.109919e+04 2.029629e+04 
2.620202e-02 1.987200e+04 1.882382e+04 
3.124242e-02 1.813507e+04 1.716272e+04 
3.628283e-02 1.635884e+04 1.562436e+04 
4.132323e-02 1.481491e+04 1.425815e+04 
4.636364e-02 1.359901e+04 1.304754e+04 
5.140404e-02 1.271159e+04 1.196963e+04 
5.644444e-02 1.205783e+04 1.100562e+04 
6.148485e-02 1.151878e+04 1.014066e+04 
6.652525e-02 1.099914e+04 9.362648e+03 
7.156566e-02 1.041860e+04 8.661376e+03 
7.660606e-02 9.747531e+03 8.028044e+03 
8.164646e-02 9.009299e+03 7.454985e+03 
8.668687e-02 8.259033e+03 6.935478e+03 
9.172727e-02 7.552375e+03 6.463620e+03 
9.676768e-02 6.931929e+03 6.034219e+03 
1.018081e-01 6.424988e+03 5.642710e+03 
1.068485e-01 6.039617e+03 5.285072e+03 
1.118889e-01 5.758985e+03 4.957763e+03 
1.169293e-01 5.547564e+03 4.657659e+03 
1.219697e-01 5.365300e+03 4.382003e+03 
1.270101e-01 5.179659e+03 4.128358e+03 
1.320505e-01 4.970460e+03 3.894566e+03 
1.370909e-01 4.730250e+03 3.678714e+03 
1.421313e-01 4.464073e+03 3.479102e+03 
1.471717e-01 4.186376e+03 3.294218e+03 
1.522121e-01 3.915659e+03 3.122714e+03 
1.572525e-01 3.668978e+03 2.963389e+03 
1.622929e-01 3.458278e+03 2.815164e+03 
1.673333e-01 3.288381e+03 2.677078e+03 
1.723737e-01 3.155909e+03 2.548263e+03 
1.774141e-01 3.051303e+03 2.427942e+03 
1.824545e-01 2.962677e+03 2.315414e+03 
1.874949e-01 2.878854e+03 2.210046e+03 
1.925354e-01 2.790852e+03 2.111268e+03 
1.975758e-01 2.692968e+03 2.018561e+03 
2.026162e-01 2.584117e+03 1.931457e+03 
2.076566e-01 2.467951e+03 1.849530e+03 
2.126970e-01 2.350618e+03 1.772393e+03 
2.177374e-01 2.238190e+03 1.699693e+03 
2.227778e-01 2.135438e+03 1.631107e+03 
2.278182e-01 2.045506e+03 1.566344e+03 
2.328586e-01 1.969356e+03 1.505132e+03 
2.378990e-01 1.905477e+03 1.447228e+03 
2.429394e-01 1.850564e+03 1.392404e+03 
2.479798e-01 1.800813e+03 1.340454e+03 
2.530202e-01 1.752779e+03 1.291186e+03 
2.580606e-01 1.703684e+03 1.244427e+03 
2.631010e-01 1.651795e+03 1.200013e+03 
2.681414e-01 1.596895e+03 1.157796e+03 
2.731818e-01 1.540314e+03 1.117638e+03 
2.782222e-01 1.484185e+03 1.079412e+03 
2.832626e-01 1.430428e+03 1.043000e+03 
2.883030e-01 1.380369e+03 1.008293e+03 
2.933434e-01 1.334810e+03 9.751891e+02 
2.983838e-01 1.294052e+03 9.435944e+02 
3.034242e-01 1.257773e+03 9.134216e+02 
3.084646e-01 1.224938e+03 8.845894e+02 
3.135051e-01 1.194157e+03 8.570220e+02 
3.185455e-01 1.164222e+03 8.306489e+02 
3.235859e-01 1.134355e+03 8.054043e+02 
3.286263e-01 1.104170e+03 7.812268e+02 
3.336667e-01 1.073602e+03 7.580589e+02 
3.387071e-01 1.042888e+03 7.358469e+02 
3.437475e-01 1.012538e+03 7.145408e+02 
3.487879e-01 9.832118e+02 6.940933e+02 
3.538283e-01 9.554685e+02 6.744604e+02 
3.588687e-01 9.295694e+02 6.556009e+02 
3.639091e-01 9.054899e+02 6.374757e+02 
3.689495e-01 8.830455e+02 6.200486e+02 
3.739899e-01 8.619688e+02 6.032851e+02 
3.790303e-01 8.419395e+02 5.871531e+02 
3.840707e-01 8.225846e+02 5.716223e+02 
3.891111e-01 8.035645e+02 5.566640e+02 
3.941515e-01 7.846965e+02 5.422514e+02 
3.991919e-01 7.659718e+02 5.283589e+02 
4.042323e-01 7.474907e+02 5.149627e+02 
4.092727e-01 7.293918e+02 5.020401e+02 
4.143131e-01 7.118084e+02 4.895698e+02 
4.193535e-01 6.948868e+02 4.775314e+02 
4.243939e-01 6.787363e+02 4.659060e+02 
4.294343e-01 6.633817e+02 4.546754e+02 
4.344747e-01 6.487646e+02 4.438224e+02 
4.395152e-01 6.347820e+02 4.333309e+02 
4.445556e-01 6.213268e+02 4.231855e+02 
4.495960e-01 6.082928e+02 4.133715e+02 
4.546364e-01 5.955856e+02 4.038752e+02 
4.596768e-01 5.831359e+02 3.946833e+02 
4.647172e-01 5.709091e+02 3.857835e+02 
4.697576e-01 5.589125e+02 3.771638e+02 
4.747980e-01 5.471826e+02 3.688129e+02 
4.798384e-01 5.357743e+02 3.607201e+02 
4.848788e-01 5.247086e+02 3.528753e+02 
4.899192e-01 5.140087e+02 3.452687e+02 
4.949596e-01 5.036825e+02 3.378910e+02 
5.000000e-01 4.937315e+02 3.307335e+02 
