1.000000e-03 1.303274e+04 1.303153e+04 
6.040404e-03 5.705292e+04 5.737157e+04 
1.108081e-02 7.658998e+04 7.693400e+04 
1.612121e-02 8.076368e+04 8.118665e+04 
2.116162e-02 7.510035e+04 7.413131e+04 
2.620202e-02 6.392403e+04 6.039017e+04 
3.124242e-02 5.083640e+04 4.614621e+04 
3.628283e-02 3.849496e+04 3.498942e+04 
4.132323e-02 2.842174e+04 2.720084e+04 
4.636364e-02 2.108217e+04 2.186021e+04 
5.140404e-02 1.631213e+04 1.809807e+04 
5.644444e-02 1.358947e+04 1.533869e+04 
6.148485e-02 1.232290e+04 1.323376e+04 
6.652525e-02 1.200636e+04 1.157380e+04 
7.156566e-02 1.222959e+04 1.022948e+04 
7.660606e-02 1.260383e+04 9.117753e+03 
8.164646e-02 1.276360e+04 8.183117e+03 
8.668687e-02 1.244912e+04 7.386973e+03 
9.172727e-02 1.158064e+04 6.701539e+03 
9.676768e-02 1.025509e+04 6.106195e+03 
1.018081e-01 8.682487e+03 5.585245e+03 
1.068485e-01 7.106001e+03 5.126477e+03 
1.118889e-01 5.729530e+03 4.720213e+03 
1.169293e-01 4.672763e+03 4.358670e+03 
1.219697e-01 3.966724e+03 4.035502e+03 
1.270101e-01 3.582660e+03 3.745483e+03 
1.320505e-01 3.464486e+03 3.484261e+03 
1.370909e-01 3.546532e+03 3.248189e+03 
1.421313e-01 3.756015e+03 3.034184e+03 
1.471717e-01 4.010101e+03 2.839623e+03 
1.522121e-01 4.218922e+03 2.662262e+03 
1.572525e-01 4.300864e+03 2.500174e+03 
1.622929e-01 4.206895e+03 2.351689e+03 
1.673333e-01 3.937162e+03 2.215363e+03 
1.723737e-01 3.536723e+03 2.089933e+03 
1.774141e-01 3.073873e+03 1.974296e+03 
1.824545e-01 2.617452e+03 1.867485e+03 
1.874949e-01 2.221691e+03 1.768646e+03 
1.925354e-01 1.919548e+03 1.677025e+03 
1.975758e-01 1.722543e+03 1.591956e+03 
2.026162e-01 1.625484e+03 1.512844e+03 
2.076566e-01 1.613214e+03 1.439161e+03 
2.126970e-01 1.665036e+03 1.370435e+03 
2.177374e-01 1.755849e+03 1.306244e+03 
2.227778e-01 1.856158e+03 1.246208e+03 
2.278182e-01 1.934764e+03 1.189986e+03 
2.328586e-01 1.965361e+03 1.137270e+03 
2.378990e-01 1.933344e+03 1.087785e+03 
2.429394e-01 1.838829e+03 1.041277e+03 
2.479798e-01 1.695193e+03 9.975206e+02 
2.530202e-01 1.524509e+03 9.563085e+02 
2.580606e-01 1.351440e+03 9.174529e+02 
2.631010e-01 1.197044e+03 8.807827e+02 
2.681414e-01 1.074960e+03 8.461417e+02 
2.731818e-01 9.909668e+02 8.133874e+02 
2.782222e-01 9.449387e+02 7.823892e+02 
2.832626e-01 9.328140e+02 7.530273e+02 
2.883030e-01 9.474843e+02 7.251920e+02 
2.933434e-01 9.791218e+02 6.987823e+02 
2.983838e-01 1.015922e+03 6.737055e+02 
3.034242e-01 1.045890e+03 6.498758e+02 
3.084646e-01 1.059003e+03 6.272145e+02 
3.135051e-01 1.049072e+03 6.056486e+02 
3.185455e-01 1.014791e+03 5.851107e+02 
3.235859e-01 9.597387e+02 5.655385e+02 
3.286263e-01 8.913243e+02 5.468741e+02 
3.336667e-01 8.185923e+02 5.290640e+02 
3.387071e-01 7.499729e+02 5.120583e+02 
3.437475e-01 6.918755e+02 4.958107e+02 
3.487879e-01 6.481189e+02 4.802783e+02 
3.538283e-01 6.200135e+02 4.654209e+02 
3.588687e-01 6.067082e+02 4.512011e+02 
3.639091e-01 6.056238e+02 4.375840e+02 
3.689495e-01 6.129837e+02 4.245371e+02 
3.739899e-01 6.242374e+02 4.120300e+02 
3.790303e-01 6.346130e+02 4.000342e+02 
3.840707e-01 6.397697e+02 3.885230e+02 
3.891111e-01 6.365285e+02 3.774715e+02 
3.941515e-01 6.235916e+02 3.668562e+02 
3.991919e-01 6.016296e+02 3.566552e+02 
4.042323e-01 5.729124e+02 3.468479e+02 
4.092727e-01 5.406294e+02 3.374149e+02 
4.143131e-01 5.081751e+02 3.283379e+02 
4.193535e-01 4.786026e+02 3.195999e+02 
4.243939e-01 4.541533e+02 3.111846e+02 
4.294343e-01 4.360148e+02 3.030769e+02 
4.344747e-01 4.243658e+02 2.952624e+02 
4.395152e-01 4.185461e+02 2.877276e+02 
4.445556e-01 4.172288e+02 2.804597e+02 
4.495960e-01 4.186326e+02 2.734466e+02 
4.546364e-01 4.207540e+02 2.666770e+02 
4.596768e-01 4.216514e+02 2.601400e+02 
4.647172e-01 4.197863e+02 2.538254e+02 
4.697576e-01 4.142585e+02 2.477236e+02 
4.747980e-01 4.048875e+02 2.418253e+02 
4.798384e-01 3.921719e+02 2.361221e+02 
4.848788e-01 3.771644e+02 2.306055e+02 
4.899192e-01 3.612299e+02 2.252679e+02 
4.949596e-01 3.457360e+02 2.201017e+02 
5.000000e-01 3.318146e+02 2.151000e+02 
