1.000000e-03 4.673273e+03 4.672838e+03 
6.040404e-03 2.067359e+04 2.076767e+04 
1.108081e-02 2.821210e+04 2.814654e+04 
1.612121e-02 3.054469e+04 3.017125e+04 
2.116162e-02 2.963472e+04 2.864011e+04 
2.620202e-02 2.692169e+04 2.542151e+04 
3.124242e-02 2.352073e+04 2.210503e+04 
3.628283e-02 2.021429e+04 1.930305e+04 
4.132323e-02 1.744823e+04 1.703575e+04 
4.636364e-02 1.536365e+04 1.518272e+04 
5.140404e-02 1.396794e+04 1.363626e+04 
5.644444e-02 1.308363e+04 1.232128e+04 
6.148485e-02 1.251889e+04 1.118716e+04 
6.652525e-02 1.208045e+04 1.019872e+04 
7.156566e-02 1.159967e+04 9.330393e+03 
7.660606e-02 1.097319e+04 8.562850e+03 
8.164646e-02 1.017599e+04 7.880934e+03 
8.668687e-02 9.255096e+03 7.272462e+03 
9.172727e-02 8.295730e+03 6.727452e+03 
9.676768e-02 7.389982e+03 6.237605e+03 
1.018081e-01 6.615408e+03 5.795952e+03 
1.068485e-01 6.017666e+03 5.396585e+03 
1.118889e-01 5.602169e+03 5.034468e+03 
1.169293e-01 5.340806e+03 4.705278e+03 
1.219697e-01 5.187256e+03 4.405292e+03 
1.270101e-01 5.088990e+03 4.131286e+03 
1.320505e-01 4.994758e+03 3.880457e+03 
1.370909e-01 4.862177e+03 3.650362e+03 
1.421313e-01 4.667657e+03 3.438863e+03 
1.471717e-01 4.409975e+03 3.244083e+03 
1.522121e-01 4.106352e+03 3.064372e+03 
1.572525e-01 3.784432e+03 2.898270e+03 
1.622929e-01 3.475378e+03 2.744488e+03 
1.673333e-01 3.206138e+03 2.601881e+03 
1.723737e-01 2.992935e+03 2.469430e+03 
1.774141e-01 2.838647e+03 2.346229e+03 
1.824545e-01 2.735810e+03 2.231465e+03 
1.874949e-01 2.670954e+03 2.124412e+03 
1.925354e-01 2.627565e+03 2.024419e+03 
1.975758e-01 2.587811e+03 1.930900e+03 
2.026162e-01 2.535966e+03 1.843327e+03 
2.076566e-01 2.462225e+03 1.761223e+03 
2.126970e-01 2.364575e+03 1.684158e+03 
2.177374e-01 2.247757e+03 1.611742e+03 
2.227778e-01 2.120733e+03 1.543621e+03 
2.278182e-01 1.994109e+03 1.479472e+03 
2.328586e-01 1.877721e+03 1.419004e+03 
2.378990e-01 1.778616e+03 1.361950e+03 
2.429394e-01 1.700052e+03 1.308064e+03 
2.479798e-01 1.641657e+03 1.257126e+03 
2.530202e-01 1.599933e+03 1.208931e+03 
2.580606e-01 1.569128e+03 1.163291e+03 
2.631010e-01 1.542499e+03 1.120036e+03 
2.681414e-01 1.513974e+03 1.079006e+03 
2.731818e-01 1.479366e+03 1.040058e+03 
2.782222e-01 1.436828e+03 1.003057e+03 
2.832626e-01 1.386636e+03 9.678796e+02 
2.883030e-01 1.330909e+03 9.344118e+02 
2.933434e-01 1.273097e+03 9.025480e+02 
2.983838e-01 1.217103e+03 8.721907e+02 
3.034242e-01 1.166183e+03 8.432494e+02 
3.084646e-01 1.122303e+03 8.156401e+02 
3.135051e-01 1.086054e+03 7.892850e+02 
3.185455e-01 1.056875e+03 7.641117e+02 
3.235859e-01 1.033252e+03 7.400527e+02 
3.286263e-01 1.013015e+03 7.170453e+02 
3.336667e-01 9.938070e+02 6.950310e+02 
3.387071e-01 9.736352e+02 6.739553e+02 
3.437475e-01 9.512418e+02 6.537672e+02 
3.487879e-01 9.261977e+02 6.344192e+02 
3.538283e-01 8.988379e+02 6.158667e+02 
3.588687e-01 8.700753e+02 5.980681e+02 
3.639091e-01 8.411706e+02 5.809843e+02 
3.689495e-01 8.134088e+02 5.645789e+02 
3.739899e-01 7.878089e+02 5.488173e+02 
3.790303e-01 7.649734e+02 5.336676e+02 
3.840707e-01 7.450222e+02 5.190993e+02 
3.891111e-01 7.277116e+02 5.050840e+02 
3.941515e-01 7.124253e+02 4.915949e+02 
3.991919e-01 6.983791e+02 4.786069e+02 
4.042323e-01 6.847271e+02 4.660962e+02 
4.092727e-01 6.708021e+02 4.540405e+02 
4.143131e-01 6.562382e+02 4.424185e+02 
4.193535e-01 6.409489e+02 4.312105e+02 
4.243939e-01 6.250602e+02 4.203975e+02 
4.294343e-01 6.088736e+02 4.099618e+02 
4.344747e-01 5.928142e+02 3.998867e+02 
4.395152e-01 5.773457e+02 3.901561e+02 
4.445556e-01 5.628387e+02 3.807551e+02 
4.495960e-01 5.494673e+02 3.716694e+02 
4.546364e-01 5.372178e+02 3.628855e+02 
4.596768e-01 5.259886e+02 3.543905e+02 
4.647172e-01 5.155966e+02 3.461724e+02 
4.697576e-01 5.057633e+02 3.382196e+02 
4.747980e-01 4.961848e+02 3.305212e+02 
4.798384e-01 4.866068e+02 3.230667e+02 
4.848788e-01 4.769059e+02 3.158464e+02 
4.899192e-01 4.670679e+02 3.088507e+02 
4.949596e-01 4.571535e+02 3.020708e+02 
5.000000e-01 4.472457e+02 2.954981e+02 
