1.000000e-03 4.467602e+03 4.467189e+03 
6.040404e-03 1.961529e+04 1.970399e+04 
1.108081e-02 2.669131e+04 2.661546e+04 
1.612121e-02 2.887585e+04 2.848799e+04 
2.116162e-02 2.804928e+04 2.708336e+04 
2.620202e-02 2.556468e+04 2.416517e+04 
3.124242e-02 2.245473e+04 2.116145e+04 
3.628283e-02 1.943552e+04 1.860209e+04 
4.132323e-02 1.691089e+04 1.650453e+04 
4.636364e-02 1.500398e+04 1.476871e+04 
5.140404e-02 1.371851e+04 1.330499e+04 
5.644444e-02 1.288565e+04 1.205038e+04 
6.148485e-02 1.232619e+04 1.096171e+04 
6.652525e-02 1.186166e+04 1.000845e+04 
7.156566e-02 1.134365e+04 9.167997e+03 
7.660606e-02 1.068734e+04 8.422950e+03 
8.164646e-02 9.881525e+03 7.759469e+03 
8.668687e-02 8.978659e+03 7.166297e+03 
9.172727e-02 8.061380e+03 6.634117e+03 
9.676768e-02 7.212673e+03 6.155127e+03 
1.018081e-01 6.498992e+03 5.722730e+03 
1.068485e-01 5.955490e+03 5.331308e+03 
1.118889e-01 5.579962e+03 4.976050e+03 
1.169293e-01 5.340480e+03 4.652814e+03 
1.219697e-01 5.190115e+03 4.358020e+03 
1.270101e-01 5.078804e+03 4.088561e+03 
1.320505e-01 4.959982e+03 3.841731e+03 
1.370909e-01 4.798915e+03 3.615166e+03 
1.421313e-01 4.579836e+03 3.406793e+03 
1.471717e-01 4.308196e+03 3.214791e+03 
1.522121e-01 4.003708e+03 3.037555e+03 
1.572525e-01 3.693527e+03 2.873667e+03 
1.622929e-01 3.405203e+03 2.721868e+03 
1.673333e-01 3.161011e+03 2.581042e+03 
1.723737e-01 2.971842e+03 2.450197e+03 
1.774141e-01 2.836377e+03 2.328444e+03 
1.824545e-01 2.744733e+03 2.214991e+03 
1.874949e-01 2.682540e+03 2.109126e+03 
1.925354e-01 2.633787e+03 2.010213e+03 
1.975758e-01 2.582672e+03 1.917677e+03 
2.026162e-01 2.516545e+03 1.831000e+03 
2.076566e-01 2.429287e+03 1.749716e+03 
2.126970e-01 2.322120e+03 1.673400e+03 
2.177374e-01 2.201693e+03 1.601671e+03 
2.227778e-01 2.077178e+03 1.534181e+03 
2.278182e-01 1.958097e+03 1.470613e+03 
2.328586e-01 1.852195e+03 1.410679e+03 
2.378990e-01 1.764279e+03 1.354118e+03 
2.429394e-01 1.695531e+03 1.300688e+03 
2.479798e-01 1.644003e+03 1.250171e+03 
2.530202e-01 1.605307e+03 1.202365e+03 
2.580606e-01 1.573521e+03 1.157088e+03 
2.631010e-01 1.542647e+03 1.114168e+03 
2.681414e-01 1.507935e+03 1.073451e+03 
2.731818e-01 1.466817e+03 1.034793e+03 
2.782222e-01 1.418873e+03 9.980629e+02 
2.832626e-01 1.365453e+03 9.631381e+02 
2.883030e-01 1.309201e+03 9.299060e+02 
2.933434e-01 1.253461e+03 8.982627e+02 
2.983838e-01 1.201449e+03 8.681117e+02 
3.034242e-01 1.155421e+03 8.393636e+02 
3.084646e-01 1.116347e+03 8.119355e+02 
3.135051e-01 1.083978e+03 7.857505e+02 
3.185455e-01 1.057203e+03 7.607368e+02 
3.235859e-01 1.034239e+03 7.368279e+02 
3.286263e-01 1.012999e+03 7.139618e+02 
3.336667e-01 9.915806e+02 6.920806e+02 
3.387071e-01 9.686081e+02 6.711303e+02 
3.437475e-01 9.435283e+02 6.510605e+02 
3.487879e-01 9.164501e+02 6.318242e+02 
3.538283e-01 8.880838e+02 6.133772e+02 
3.588687e-01 8.594623e+02 5.956784e+02 
3.639091e-01 8.317215e+02 5.786890e+02 
3.689495e-01 8.058223e+02 5.623729e+02 
3.739899e-01 7.823535e+02 5.466961e+02 
3.790303e-01 7.614942e+02 5.316267e+02 
3.840707e-01 7.430599e+02 5.171346e+02 
3.891111e-01 7.265997e+02 5.031917e+02 
3.941515e-01 7.114426e+02 4.897714e+02 
3.991919e-01 6.968476e+02 4.768487e+02 
4.042323e-01 6.822042e+02 4.644002e+02 
4.092727e-01 6.671279e+02 4.524037e+02 
4.143131e-01 6.515364e+02 4.408381e+02 
4.193535e-01 6.355173e+02 4.296838e+02 
4.243939e-01 6.193269e+02 4.189221e+02 
4.294343e-01 6.032866e+02 4.085353e+02 
4.344747e-01 5.877901e+02 3.985068e+02 
4.395152e-01 5.731461e+02 3.888208e+02 
4.445556e-01 5.595423e+02 3.794624e+02 
4.495960e-01 5.469610e+02 3.704174e+02 
4.546364e-01 5.353068e+02 3.616725e+02 
4.596768e-01 5.244080e+02 3.532148e+02 
4.647172e-01 5.140442e+02 3.450324e+02 
4.697576e-01 5.039946e+02 3.371138e+02 
4.747980e-01 4.940154e+02 3.294482e+02 
4.798384e-01 4.839902e+02 3.220252e+02 
4.848788e-01 4.739143e+02 3.148350e+02 
4.899192e-01 4.638313e+02 3.078683e+02 
4.949596e-01 4.538304e+02 3.011162e+02 
5.000000e-01 4.440128e+02 2.945702e+02 
