1.000000e-03 3.010957e+03 3.010670e+03 
6.040404e-03 1.337057e+04 1.342037e+04 
1.108081e-02 1.828720e+04 1.813086e+04 
1.612121e-02 2.005682e+04 1.955866e+04 
2.116162e-02 1.999291e+04 1.912988e+04 
2.620202e-02 1.895081e+04 1.792776e+04 
3.124242e-02 1.751919e+04 1.656257e+04 
3.628283e-02 1.607381e+04 1.524169e+04 
4.132323e-02 1.480985e+04 1.401508e+04 
4.636364e-02 1.377101e+04 1.289088e+04 
5.140404e-02 1.295951e+04 1.186664e+04 
5.644444e-02 1.225811e+04 1.093657e+04 
6.148485e-02 1.160035e+04 1.009354e+04 
6.652525e-02 1.092497e+04 9.330013e+03 
7.156566e-02 1.020879e+04 8.638500e+03 
7.660606e-02 9.465449e+03 8.011859e+03 
8.164646e-02 8.736080e+03 7.443452e+03 
8.668687e-02 8.063760e+03 6.927218e+03 
9.172727e-02 7.475380e+03 6.457680e+03 
9.676768e-02 6.983679e+03 6.029933e+03 
1.018081e-01 6.587678e+03 5.639605e+03 
1.068485e-01 6.269090e+03 5.282807e+03 
1.118889e-01 5.995556e+03 4.956092e+03 
1.169293e-01 5.735758e+03 4.656403e+03 
1.219697e-01 5.470288e+03 4.381029e+03 
1.270101e-01 5.192405e+03 4.127568e+03 
1.320505e-01 4.904865e+03 3.893889e+03 
1.370909e-01 4.617751e+03 3.678096e+03 
1.421313e-01 4.344591e+03 3.478504e+03 
1.471717e-01 4.096106e+03 3.293612e+03 
1.522121e-01 3.878064e+03 3.122080e+03 
1.572525e-01 3.691794e+03 2.962711e+03 
1.622929e-01 3.534423e+03 2.814434e+03 
1.673333e-01 3.398455e+03 2.676289e+03 
1.723737e-01 3.273927e+03 2.547411e+03 
1.774141e-01 3.152580e+03 2.427026e+03 
1.824545e-01 3.030110e+03 2.314433e+03 
1.874949e-01 2.905421e+03 2.209002e+03 
1.925354e-01 2.779501e+03 2.110161e+03 
1.975758e-01 2.655207e+03 2.017394e+03 
2.026162e-01 2.536516e+03 1.930233e+03 
2.076566e-01 2.426931e+03 1.848252e+03 
2.126970e-01 2.327994e+03 1.771064e+03 
2.177374e-01 2.239477e+03 1.698315e+03 
2.227778e-01 2.159938e+03 1.629686e+03 
2.278182e-01 2.087185e+03 1.564880e+03 
2.328586e-01 2.018854e+03 1.503631e+03 
2.378990e-01 1.952903e+03 1.445691e+03 
2.429394e-01 1.888115e+03 1.390835e+03 
2.479798e-01 1.823890e+03 1.338855e+03 
2.530202e-01 1.760299e+03 1.289561e+03 
2.580606e-01 1.698107e+03 1.242777e+03 
2.631010e-01 1.638503e+03 1.198342e+03 
2.681414e-01 1.582442e+03 1.156106e+03 
2.731818e-01 1.530190e+03 1.115931e+03 
2.782222e-01 1.481525e+03 1.077690e+03 
2.832626e-01 1.436094e+03 1.041265e+03 
2.883030e-01 1.393466e+03 1.006547e+03 
2.933434e-01 1.353003e+03 9.734338e+02 
2.983838e-01 1.313995e+03 9.418315e+02 
3.034242e-01 1.275986e+03 9.116526e+02 
3.084646e-01 1.238879e+03 8.828157e+02 
3.135051e-01 1.202764e+03 8.552450e+02 
3.185455e-01 1.167748e+03 8.288699e+02 
3.235859e-01 1.133949e+03 8.036244e+02 
3.286263e-01 1.101547e+03 7.794471e+02 
3.336667e-01 1.070733e+03 7.562805e+02 
3.387071e-01 1.041505e+03 7.340707e+02 
3.437475e-01 1.013700e+03 7.127676e+02 
3.487879e-01 9.871141e+02 6.923241e+02 
3.538283e-01 9.615912e+02 6.726958e+02 
3.588687e-01 9.369904e+02 6.538416e+02 
3.639091e-01 9.131649e+02 6.357225e+02 
3.689495e-01 8.900285e+02 6.183019e+02 
3.739899e-01 8.675650e+02 6.015456e+02 
3.790303e-01 8.458153e+02 5.854213e+02 
3.840707e-01 8.248003e+02 5.698985e+02 
3.891111e-01 8.045105e+02 5.549488e+02 
3.941515e-01 7.849488e+02 5.405451e+02 
3.991919e-01 7.661372e+02 5.266619e+02 
4.042323e-01 7.480654e+02 5.132753e+02 
4.092727e-01 7.306566e+02 5.003627e+02 
4.143131e-01 7.138173e+02 4.879025e+02 
4.193535e-01 6.975123e+02 4.758746e+02 
4.243939e-01 6.817205e+02 4.642598e+02 
4.294343e-01 6.664261e+02 4.530401e+02 
4.344747e-01 6.515738e+02 4.421981e+02 
4.395152e-01 6.371423e+02 4.317178e+02 
4.445556e-01 6.231471e+02 4.215837e+02 
4.495960e-01 6.095991e+02 4.117812e+02 
4.546364e-01 5.964889e+02 4.022964e+02 
4.596768e-01 5.837809e+02 3.931161e+02 
4.647172e-01 5.714531e+02 3.842280e+02 
4.697576e-01 5.595098e+02 3.756200e+02 
4.747980e-01 5.479475e+02 3.672810e+02 
4.798384e-01 5.367237e+02 3.592001e+02 
4.848788e-01 5.258056e+02 3.513671e+02 
4.899192e-01 5.151875e+02 3.437724e+02 
4.949596e-01 5.048732e+02 3.364066e+02 
5.000000e-01 4.948546e+02 3.292610e+02 
