1.000000e-03 2.547610e+03 2.547371e+03 
6.040404e-03 1.131248e+04 1.135471e+04 
1.108081e-02 1.555555e+04 1.539844e+04 
1.612121e-02 1.723059e+04 1.675374e+04 
2.116162e-02 1.742977e+04 1.664294e+04 
2.620202e-02 1.682923e+04 1.588654e+04 
3.124242e-02 1.587379e+04 1.491667e+04 
3.628283e-02 1.483919e+04 1.390319e+04 
4.132323e-02 1.386793e+04 1.291169e+04 
4.636364e-02 1.300300e+04 1.197036e+04 
5.140404e-02 1.225991e+04 1.109141e+04 
5.644444e-02 1.156346e+04 1.027886e+04 
6.148485e-02 1.089189e+04 9.532231e+03 
6.652525e-02 1.022547e+04 8.848649e+03 
7.156566e-02 9.557097e+03 8.224004e+03 
7.660606e-02 8.903139e+03 7.653688e+03 
8.164646e-02 8.292460e+03 7.133008e+03 
8.668687e-02 7.744966e+03 6.657422e+03 
9.172727e-02 7.264400e+03 6.222663e+03 
9.676768e-02 6.846861e+03 5.824794e+03 
1.018081e-01 6.485810e+03 5.460228e+03 
1.068485e-01 6.167238e+03 5.125719e+03 
1.118889e-01 5.870618e+03 4.818348e+03 
1.169293e-01 5.579965e+03 4.535496e+03 
1.219697e-01 5.290675e+03 4.274817e+03 
1.270101e-01 5.006723e+03 4.034215e+03 
1.320505e-01 4.734371e+03 3.811812e+03 
1.370909e-01 4.479551e+03 3.605930e+03 
1.421313e-01 4.246646e+03 3.415068e+03 
1.471717e-01 4.037337e+03 3.237880e+03 
1.522121e-01 3.850134e+03 3.073158e+03 
1.572525e-01 3.682025e+03 2.919820e+03 
1.622929e-01 3.528710e+03 2.776892e+03 
1.673333e-01 3.384995e+03 2.643497e+03 
1.723737e-01 3.246522e+03 2.518844e+03 
1.774141e-01 3.111467e+03 2.402221e+03 
1.824545e-01 2.980295e+03 2.292982e+03 
1.874949e-01 2.853947e+03 2.190543e+03 
1.925354e-01 2.733489e+03 2.094376e+03 
1.975758e-01 2.620262e+03 2.004000e+03 
2.026162e-01 2.515374e+03 1.918977e+03 
2.076566e-01 2.418706e+03 1.838910e+03 
2.126970e-01 2.329022e+03 1.763436e+03 
2.177374e-01 2.245027e+03 1.692224e+03 
2.227778e-01 2.165674e+03 1.624971e+03 
2.278182e-01 2.089996e+03 1.561400e+03 
2.328586e-01 2.017130e+03 1.501258e+03 
2.378990e-01 1.946797e+03 1.444311e+03 
2.429394e-01 1.879228e+03 1.390345e+03 
2.479798e-01 1.814635e+03 1.339163e+03 
2.530202e-01 1.753008e+03 1.290583e+03 
2.580606e-01 1.694347e+03 1.244440e+03 
2.631010e-01 1.638864e+03 1.200577e+03 
2.681414e-01 1.586554e+03 1.158852e+03 
2.731818e-01 1.537004e+03 1.119135e+03 
2.782222e-01 1.489679e+03 1.081301e+03 
2.832626e-01 1.444264e+03 1.045239e+03 
2.883030e-01 1.400714e+03 1.010843e+03 
2.933434e-01 1.358943e+03 9.780152e+02 
2.983838e-01 1.318758e+03 9.466653e+02 
3.034242e-01 1.280040e+03 9.167088e+02 
3.084646e-01 1.242819e+03 8.880671e+02 
3.135051e-01 1.207191e+03 8.606670e+02 
3.185455e-01 1.173131e+03 8.344401e+02 
3.235859e-01 1.140479e+03 8.093226e+02 
3.286263e-01 1.109119e+03 7.852548e+02 
3.336667e-01 1.079012e+03 7.621811e+02 
3.387071e-01 1.050121e+03 7.400491e+02 
3.437475e-01 1.022345e+03 7.188101e+02 
3.487879e-01 9.955439e+02 6.984181e+02 
3.538283e-01 9.696536e+02 6.788303e+02 
3.588687e-01 9.446817e+02 6.600062e+02 
3.639091e-01 9.206375e+02 6.419080e+02 
3.689495e-01 8.974725e+02 6.244999e+02 
3.739899e-01 8.751044e+02 6.077486e+02 
3.790303e-01 8.535224e+02 5.916223e+02 
3.840707e-01 8.327244e+02 5.760915e+02 
3.891111e-01 8.126656e+02 5.611280e+02 
3.941515e-01 7.932850e+02 5.467055e+02 
3.991919e-01 7.745460e+02 5.327991e+02 
4.042323e-01 7.564218e+02 5.193851e+02 
4.092727e-01 7.389054e+02 5.064414e+02 
4.143131e-01 7.219602e+02 4.939468e+02 
4.193535e-01 7.055474e+02 4.818816e+02 
4.243939e-01 6.896533e+02 4.702269e+02 
4.294343e-01 6.742678e+02 4.589649e+02 
4.344747e-01 6.593833e+02 4.480787e+02 
4.395152e-01 6.449692e+02 4.375523e+02 
4.445556e-01 6.309884e+02 4.273704e+02 
4.495960e-01 6.174266e+02 4.175188e+02 
4.546364e-01 6.042900e+02 4.079836e+02 
4.596768e-01 5.915594e+02 3.987520e+02 
4.647172e-01 5.792013e+02 3.898116e+02 
4.697576e-01 5.671954e+02 3.811506e+02 
4.747980e-01 5.555378e+02 3.727580e+02 
4.798384e-01 5.442264e+02 3.646229e+02 
4.848788e-01 5.332480e+02 3.567355e+02 
4.899192e-01 5.225755e+02 3.490860e+02 
4.949596e-01 5.121991e+02 3.416652e+02 
5.000000e-01 5.021149e+02 3.344644e+02 
