1.000000e-03 4.063266e+03 4.062889e+03 
6.040404e-03 1.761702e+04 1.769229e+04 
1.108081e-02 2.379362e+04 2.367374e+04 
1.612121e-02 2.568572e+04 2.521886e+04 
2.116162e-02 2.504410e+04 2.408715e+04 
2.620202e-02 2.305998e+04 2.183718e+04 
3.124242e-02 2.059479e+04 1.952267e+04 
3.628283e-02 1.821898e+04 1.748595e+04 
4.132323e-02 1.623749e+04 1.574306e+04 
4.636364e-02 1.473143e+04 1.424285e+04 
5.140404e-02 1.367486e+04 1.293794e+04 
5.644444e-02 1.292438e+04 1.179315e+04 
6.148485e-02 1.232386e+04 1.078246e+04 
6.652525e-02 1.173602e+04 9.885868e+03 
7.156566e-02 1.107345e+04 9.087396e+03 
7.660606e-02 1.030375e+04 8.373917e+03 
8.164646e-02 9.453855e+03 7.734444e+03 
8.668687e-02 8.588395e+03 7.159675e+03 
9.172727e-02 7.777815e+03 6.641675e+03 
9.676768e-02 7.078127e+03 6.173634e+03 
1.018081e-01 6.522064e+03 5.749685e+03 
1.068485e-01 6.112519e+03 5.364759e+03 
1.118889e-01 5.823404e+03 5.014457e+03 
1.169293e-01 5.612371e+03 4.694958e+03 
1.219697e-01 5.434218e+03 4.402931e+03 
1.270101e-01 5.250084e+03 4.135461e+03 
1.320505e-01 5.033751e+03 3.889998e+03 
1.370909e-01 4.776534e+03 3.664299e+03 
1.421313e-01 4.487367e+03 3.456392e+03 
1.471717e-01 4.185511e+03 3.264533e+03 
1.522121e-01 3.892210e+03 3.087181e+03 
1.572525e-01 3.626844e+03 2.922970e+03 
1.622929e-01 3.404006e+03 2.770684e+03 
1.673333e-01 3.229667e+03 2.629242e+03 
1.723737e-01 3.098503e+03 2.497679e+03 
1.774141e-01 2.997868e+03 2.375130e+03 
1.824545e-01 2.913606e+03 2.260821e+03 
1.874949e-01 2.833472e+03 2.154058e+03 
1.925354e-01 2.747271e+03 2.054216e+03 
1.975758e-01 2.648200e+03 1.960730e+03 
2.026162e-01 2.535281e+03 1.873092e+03 
2.076566e-01 2.413377e+03 1.790842e+03 
2.126970e-01 2.290147e+03 1.713562e+03 
2.177374e-01 2.172863e+03 1.640875e+03 
2.227778e-01 2.066961e+03 1.572435e+03 
2.278182e-01 1.975659e+03 1.507931e+03 
2.328586e-01 1.899793e+03 1.447076e+03 
2.378990e-01 1.837646e+03 1.389609e+03 
2.429394e-01 1.785422e+03 1.335293e+03 
2.479798e-01 1.738520e+03 1.283908e+03 
2.530202e-01 1.692604e+03 1.235256e+03 
2.580606e-01 1.644483e+03 1.189151e+03 
2.631010e-01 1.592597e+03 1.145426e+03 
2.681414e-01 1.537185e+03 1.103924e+03 
2.731818e-01 1.479819e+03 1.064503e+03 
2.782222e-01 1.422738e+03 1.027030e+03 
2.832626e-01 1.368148e+03 9.913826e+02 
2.883030e-01 1.317793e+03 9.574490e+02 
2.933434e-01 1.272688e+03 9.251243e+02 
2.983838e-01 1.232975e+03 8.943116e+02 
3.034242e-01 1.198019e+03 8.649212e+02 
3.084646e-01 1.166594e+03 8.368697e+02 
3.135051e-01 1.137228e+03 8.100796e+02 
3.185455e-01 1.108573e+03 7.844789e+02 
3.235859e-01 1.079658e+03 7.600005e+02 
3.286263e-01 1.050060e+03 7.365818e+02 
3.336667e-01 1.019817e+03 7.141645e+02 
3.387071e-01 9.893186e+02 6.926941e+02 
3.437475e-01 9.592106e+02 6.721198e+02 
3.487879e-01 9.302287e+02 6.523940e+02 
3.538283e-01 9.029621e+02 6.334720e+02 
3.588687e-01 8.776966e+02 6.153123e+02 
3.639091e-01 8.543938e+02 5.978758e+02 
3.689495e-01 8.328291e+02 5.811257e+02 
3.739899e-01 8.126968e+02 5.650276e+02 
3.790303e-01 7.935930e+02 5.495493e+02 
3.840707e-01 7.750747e+02 5.346603e+02 
3.891111e-01 7.567817e+02 5.203319e+02 
3.941515e-01 7.385327e+02 5.065374e+02 
3.991919e-01 7.203537e+02 4.932513e+02 
4.042323e-01 7.023809e+02 4.804498e+02 
4.092727e-01 6.847594e+02 4.681103e+02 
4.143131e-01 6.676655e+02 4.562115e+02 
4.193535e-01 6.512786e+02 4.447334e+02 
4.243939e-01 6.357095e+02 4.336570e+02 
4.294343e-01 6.209725e+02 4.229643e+02 
4.344747e-01 6.069985e+02 4.126385e+02 
4.395152e-01 5.936680e+02 4.026633e+02 
4.445556e-01 5.808529e+02 3.930237e+02 
4.495960e-01 5.684399e+02 3.837052e+02 
4.546364e-01 5.563201e+02 3.746942e+02 
4.596768e-01 5.444069e+02 3.659777e+02 
4.647172e-01 5.326806e+02 3.575433e+02 
4.697576e-01 5.211656e+02 3.493795e+02 
4.747980e-01 5.099118e+02 3.414752e+02 
4.798384e-01 4.989631e+02 3.338198e+02 
4.848788e-01 4.883671e+02 3.264033e+02 
4.899192e-01 4.781451e+02 3.192162e+02 
4.949596e-01 4.683188e+02 3.122494e+02 
5.000000e-01 4.588696e+02 3.054943e+02 
