1.000000e-03 3.255673e+03 3.255376e+03 
6.040404e-03 1.479483e+04 1.485921e+04 
1.108081e-02 2.047268e+04 2.037300e+04 
1.612121e-02 2.252697e+04 2.212978e+04 
2.116162e-02 2.233822e+04 2.150820e+04 
2.620202e-02 2.088596e+04 1.978544e+04 
3.124242e-02 1.890764e+04 1.789277e+04 
3.628283e-02 1.691270e+04 1.617504e+04 
4.132323e-02 1.519443e+04 1.467677e+04 
4.636364e-02 1.385433e+04 1.336862e+04 
5.140404e-02 1.289149e+04 1.221731e+04 
5.644444e-02 1.220229e+04 1.119694e+04 
6.148485e-02 1.165773e+04 1.028799e+04 
6.652525e-02 1.114332e+04 9.475176e+03 
7.156566e-02 1.056986e+04 8.746092e+03 
7.660606e-02 9.898631e+03 8.090366e+03 
8.164646e-02 9.146138e+03 7.499170e+03 
8.668687e-02 8.366145e+03 6.964912e+03 
9.172727e-02 7.619298e+03 6.481022e+03 
9.676768e-02 6.956228e+03 6.041788e+03 
1.018081e-01 6.411440e+03 5.642236e+03 
1.068485e-01 5.997725e+03 5.278020e+03 
1.118889e-01 5.701035e+03 4.945338e+03 
1.169293e-01 5.486289e+03 4.640858e+03 
1.219697e-01 5.312182e+03 4.361651e+03 
1.270101e-01 5.142643e+03 4.105139e+03 
1.320505e-01 4.951534e+03 3.869051e+03 
1.370909e-01 4.725711e+03 3.651379e+03 
1.421313e-01 4.466750e+03 3.450344e+03 
1.471717e-01 4.188237e+03 3.264372e+03 
1.522121e-01 3.909669e+03 3.092059e+03 
1.572525e-01 3.650056e+03 2.932157e+03 
1.622929e-01 3.424303e+03 2.783552e+03 
1.673333e-01 3.240621e+03 2.645249e+03 
1.723737e-01 3.098740e+03 2.516355e+03 
1.774141e-01 2.990591e+03 2.396069e+03 
1.824545e-01 2.903994e+03 2.283672e+03 
1.874949e-01 2.826478e+03 2.178513e+03 
1.925354e-01 2.747428e+03 2.080010e+03 
1.975758e-01 2.659189e+03 1.987631e+03 
2.026162e-01 2.558362e+03 1.900899e+03 
2.076566e-01 2.446726e+03 1.819380e+03 
2.126970e-01 2.329863e+03 1.742678e+03 
2.177374e-01 2.214510e+03 1.670436e+03 
2.227778e-01 2.106868e+03 1.602325e+03 
2.278182e-01 2.011340e+03 1.538049e+03 
2.328586e-01 1.930110e+03 1.477334e+03 
2.378990e-01 1.862731e+03 1.419931e+03 
2.429394e-01 1.806642e+03 1.365613e+03 
2.479798e-01 1.758203e+03 1.314168e+03 
2.530202e-01 1.713461e+03 1.265405e+03 
2.580606e-01 1.668717e+03 1.219148e+03 
2.631010e-01 1.621238e+03 1.175232e+03 
2.681414e-01 1.569986e+03 1.133508e+03 
2.731818e-01 1.515756e+03 1.093836e+03 
2.782222e-01 1.460421e+03 1.056090e+03 
2.832626e-01 1.406013e+03 1.020151e+03 
2.883030e-01 1.354300e+03 9.859079e+02 
2.933434e-01 1.306725e+03 9.532601e+02 
2.983838e-01 1.264192e+03 9.221130e+02 
3.034242e-01 1.226791e+03 8.923791e+02 
3.084646e-01 1.193689e+03 8.639767e+02 
3.135051e-01 1.163551e+03 8.368302e+02 
3.185455e-01 1.135058e+03 8.108689e+02 
3.235859e-01 1.107129e+03 7.860270e+02 
3.286263e-01 1.078966e+03 7.622431e+02 
3.336667e-01 1.050121e+03 7.394598e+02 
3.387071e-01 1.020596e+03 7.176237e+02 
3.437475e-01 9.908599e+02 6.966844e+02 
3.487879e-01 9.616247e+02 6.765952e+02 
3.538283e-01 9.335684e+02 6.573121e+02 
3.588687e-01 9.071181e+02 6.387939e+02 
3.639091e-01 8.825056e+02 6.210018e+02 
3.689495e-01 8.597772e+02 6.038997e+02 
3.739899e-01 8.387700e+02 5.874533e+02 
3.790303e-01 8.191308e+02 5.716307e+02 
3.840707e-01 8.004195e+02 5.564016e+02 
3.891111e-01 7.822282e+02 5.417377e+02 
3.941515e-01 7.642798e+02 5.276122e+02 
3.991919e-01 7.464304e+02 5.139999e+02 
4.042323e-01 7.286347e+02 5.008770e+02 
4.092727e-01 7.109698e+02 4.882210e+02 
4.143131e-01 6.936077e+02 4.760106e+02 
4.193535e-01 6.767678e+02 4.642260e+02 
4.243939e-01 6.606289e+02 4.528481e+02 
4.294343e-01 6.452573e+02 4.418589e+02 
4.344747e-01 6.306457e+02 4.312416e+02 
4.395152e-01 6.167771e+02 4.209800e+02 
4.445556e-01 6.035711e+02 4.110590e+02 
4.495960e-01 5.909077e+02 4.014640e+02 
4.546364e-01 5.786344e+02 3.921813e+02 
4.596768e-01 5.666189e+02 3.831981e+02 
4.647172e-01 5.548181e+02 3.745019e+02 
4.697576e-01 5.432300e+02 3.660810e+02 
4.747980e-01 5.318436e+02 3.579242e+02 
4.798384e-01 5.206697e+02 3.500210e+02 
4.848788e-01 5.097581e+02 3.423613e+02 
4.899192e-01 4.991849e+02 3.349355e+02 
4.949596e-01 4.889882e+02 3.277344e+02 
5.000000e-01 4.791733e+02 3.207494e+02 
