1.000000e-03 4.625108e+03 4.624668e+03 
6.040404e-03 2.002065e+04 2.010839e+04 
1.108081e-02 2.703659e+04 2.693842e+04 
1.612121e-02 2.910352e+04 2.866168e+04 
2.116162e-02 2.818539e+04 2.716081e+04 
2.620202e-02 2.566041e+04 2.424406e+04 
3.124242e-02 2.255948e+04 2.128673e+04 
3.628283e-02 1.958223e+04 1.876588e+04 
4.132323e-02 1.711275e+04 1.668640e+04 
4.636364e-02 1.525747e+04 1.495314e+04 
5.140404e-02 1.400649e+04 1.348310e+04 
5.644444e-02 1.318280e+04 1.221784e+04 
6.148485e-02 1.260705e+04 1.111686e+04 
6.652525e-02 1.209557e+04 1.015104e+04 
7.156566e-02 1.151665e+04 9.298516e+03 
7.660606e-02 1.079858e+04 8.542206e+03 
8.164646e-02 9.943054e+03 7.868396e+03 
8.668687e-02 9.011179e+03 7.265842e+03 
9.172727e-02 8.088793e+03 6.725185e+03 
9.676768e-02 7.256357e+03 6.238556e+03 
1.018081e-01 6.572547e+03 5.799283e+03 
1.068485e-01 6.061900e+03 5.401670e+03 
1.118889e-01 5.712695e+03 5.040836e+03 
1.169293e-01 5.487246e+03 4.712571e+03 
1.219697e-01 5.336139e+03 4.413234e+03 
1.270101e-01 5.208793e+03 4.139665e+03 
1.320505e-01 5.061183e+03 3.889111e+03 
1.370909e-01 4.865123e+03 3.659164e+03 
1.421313e-01 4.613625e+03 3.447716e+03 
1.471717e-01 4.318836e+03 3.252912e+03 
1.522121e-01 4.003614e+03 3.073118e+03 
1.572525e-01 3.694793e+03 2.906890e+03 
1.622929e-01 3.418090e+03 2.752948e+03 
1.673333e-01 3.191680e+03 2.610157e+03 
1.723737e-01 3.021222e+03 2.477504e+03 
1.774141e-01 2.900461e+03 2.354087e+03 
1.824545e-01 2.816417e+03 2.239100e+03 
1.874949e-01 2.753917e+03 2.131820e+03 
1.925354e-01 2.697405e+03 2.031597e+03 
1.975758e-01 2.632572e+03 1.937848e+03 
2.026162e-01 2.549633e+03 1.850047e+03 
2.076566e-01 2.446419e+03 1.767718e+03 
2.126970e-01 2.327608e+03 1.690432e+03 
2.177374e-01 2.201687e+03 1.617799e+03 
2.227778e-01 2.077772e+03 1.549466e+03 
2.278182e-01 1.963998e+03 1.485112e+03 
2.328586e-01 1.866285e+03 1.424445e+03 
2.378990e-01 1.787342e+03 1.367196e+03 
2.429394e-01 1.726310e+03 1.313124e+03 
2.479798e-01 1.679512e+03 1.262005e+03 
2.530202e-01 1.641590e+03 1.213635e+03 
2.580606e-01 1.606728e+03 1.167826e+03 
2.631010e-01 1.569894e+03 1.124408e+03 
2.681414e-01 1.527800e+03 1.083222e+03 
2.731818e-01 1.479355e+03 1.044123e+03 
2.782222e-01 1.425494e+03 1.006977e+03 
2.832626e-01 1.368567e+03 9.716600e+02 
2.883030e-01 1.311606e+03 9.380577e+02 
2.933434e-01 1.257610e+03 9.060647e+02 
2.983838e-01 1.208953e+03 8.755832e+02 
3.034242e-01 1.166874e+03 8.465224e+02 
3.084646e-01 1.131433e+03 8.187983e+02 
3.135051e-01 1.101676e+03 7.923328e+02 
3.185455e-01 1.075924e+03 7.670533e+02 
3.235859e-01 1.052223e+03 7.428922e+02 
3.286263e-01 1.028778e+03 7.197867e+02 
3.336667e-01 1.004288e+03 6.976780e+02 
3.387071e-01 9.780553e+02 6.765116e+02 
3.437475e-01 9.500759e+02 6.562363e+02 
3.487879e-01 9.209358e+02 6.368045e+02 
3.538283e-01 8.916273e+02 6.181713e+02 
3.588687e-01 8.632289e+02 6.002951e+02 
3.639091e-01 8.365918e+02 5.831367e+02 
3.689495e-01 8.122124e+02 5.666593e+02 
3.739899e-01 7.902793e+02 5.508287e+02 
3.790303e-01 7.706870e+02 5.356124e+02 
3.840707e-01 7.530125e+02 5.209800e+02 
3.891111e-01 7.366152e+02 5.069030e+02 
3.941515e-01 7.208045e+02 4.933546e+02 
3.991919e-01 7.050425e+02 4.803094e+02 
4.042323e-01 6.890135e+02 4.677436e+02 
4.092727e-01 6.726222e+02 4.556347e+02 
4.143131e-01 6.559522e+02 4.439616e+02 
4.193535e-01 6.392212e+02 4.327042e+02 
4.243939e-01 6.227568e+02 4.218437e+02 
4.294343e-01 6.068944e+02 4.113622e+02 
4.344747e-01 5.918870e+02 4.012428e+02 
4.395152e-01 5.778479e+02 3.914696e+02 
4.445556e-01 5.647721e+02 3.820275e+02 
4.495960e-01 5.525684e+02 3.729021e+02 
4.546364e-01 5.410723e+02 3.640798e+02 
4.596768e-01 5.300788e+02 3.555479e+02 
4.647172e-01 5.193627e+02 3.472941e+02 
4.697576e-01 5.087555e+02 3.393068e+02 
4.747980e-01 4.981862e+02 3.315751e+02 
4.798384e-01 4.876384e+02 3.240885e+02 
4.848788e-01 4.771513e+02 3.168370e+02 
4.899192e-01 4.668021e+02 3.098113e+02 
4.949596e-01 4.567010e+02 3.030024e+02 
5.000000e-01 4.469443e+02 2.964016e+02 
