1.000000e-03 4.371396e+03 4.370977e+03 
6.040404e-03 1.871720e+04 1.879378e+04 
1.108081e-02 2.510980e+04 2.497622e+04 
1.612121e-02 2.695036e+04 2.644363e+04 
2.116162e-02 2.613072e+04 2.510144e+04 
2.620202e-02 2.392939e+04 2.263566e+04 
3.124242e-02 2.126596e+04 2.015396e+04 
3.628283e-02 1.873947e+04 1.799432e+04 
4.132323e-02 1.666025e+04 1.615882e+04 
4.636364e-02 1.509831e+04 1.458658e+04 
5.140404e-02 1.401876e+04 1.322434e+04 
5.644444e-02 1.325293e+04 1.203318e+04 
6.148485e-02 1.263481e+04 1.098456e+04 
6.652525e-02 1.201835e+04 1.005668e+04 
7.156566e-02 1.131535e+04 9.232227e+03 
7.660606e-02 1.049761e+04 8.497036e+03 
8.164646e-02 9.599582e+03 7.839330e+03 
8.668687e-02 8.694197e+03 7.249178e+03 
9.172727e-02 7.856670e+03 6.718144e+03 
9.676768e-02 7.144701e+03 6.239017e+03 
1.018081e-01 6.588522e+03 5.805607e+03 
1.068485e-01 6.185911e+03 5.412577e+03 
1.118889e-01 5.904726e+03 5.055316e+03 
1.169293e-01 5.698342e+03 4.729823e+03 
1.219697e-01 5.518589e+03 4.432619e+03 
1.270101e-01 5.325590e+03 4.160670e+03 
1.320505e-01 5.094273e+03 3.911320e+03 
1.370909e-01 4.819497e+03 3.682244e+03 
1.421313e-01 4.514214e+03 3.471396e+03 
1.471717e-01 4.199852e+03 3.276972e+03 
1.522121e-01 3.899110e+03 3.097380e+03 
1.572525e-01 3.632340e+03 2.931210e+03 
1.622929e-01 3.413543e+03 2.777210e+03 
1.673333e-01 3.245806e+03 2.634266e+03 
1.723737e-01 3.120800e+03 2.501386e+03 
1.774141e-01 3.024096e+03 2.377682e+03 
1.824545e-01 2.940980e+03 2.262360e+03 
1.874949e-01 2.858960e+03 2.154707e+03 
1.925354e-01 2.767568e+03 2.054084e+03 
1.975758e-01 2.661139e+03 1.959913e+03 
2.026162e-01 2.540792e+03 1.871675e+03 
2.076566e-01 2.413171e+03 1.788899e+03 
2.126970e-01 2.286669e+03 1.711159e+03 
2.177374e-01 2.168504e+03 1.638069e+03 
2.227778e-01 2.063709e+03 1.569280e+03 
2.278182e-01 1.975080e+03 1.504470e+03 
2.328586e-01 1.902550e+03 1.443351e+03 
2.378990e-01 1.843284e+03 1.385656e+03 
2.429394e-01 1.792750e+03 1.331143e+03 
2.479798e-01 1.745973e+03 1.279591e+03 
2.530202e-01 1.698683e+03 1.230796e+03 
2.580606e-01 1.648093e+03 1.184571e+03 
2.631010e-01 1.593273e+03 1.140745e+03 
2.681414e-01 1.535114e+03 1.099161e+03 
2.731818e-01 1.475747e+03 1.059673e+03 
2.782222e-01 1.417645e+03 1.022148e+03 
2.832626e-01 1.363022e+03 9.864608e+02 
2.883030e-01 1.313453e+03 9.524986e+02 
2.933434e-01 1.269605e+03 9.201551e+02 
2.983838e-01 1.231286e+03 8.893326e+02 
3.034242e-01 1.197490e+03 8.599403e+02 
3.084646e-01 1.166683e+03 8.318939e+02 
3.135051e-01 1.137285e+03 8.051151e+02 
3.185455e-01 1.108026e+03 7.795311e+02 
3.235859e-01 1.078174e+03 7.550743e+02 
3.286263e-01 1.047516e+03 7.316815e+02 
3.336667e-01 1.016266e+03 7.092938e+02 
3.387071e-01 9.850070e+02 6.878564e+02 
3.437475e-01 9.545594e+02 6.673180e+02 
3.487879e-01 9.256779e+02 6.476305e+02 
3.538283e-01 8.987949e+02 6.287492e+02 
3.588687e-01 8.740228e+02 6.106320e+02 
3.639091e-01 8.512101e+02 5.932395e+02 
3.689495e-01 8.300718e+02 5.765349e+02 
3.739899e-01 8.102354e+02 5.604836e+02 
3.790303e-01 7.911688e+02 5.450528e+02 
3.840707e-01 7.724365e+02 5.302122e+02 
3.891111e-01 7.537921e+02 5.159329e+02 
3.941515e-01 7.351780e+02 5.021879e+02 
3.991919e-01 7.166875e+02 4.889518e+02 
4.042323e-01 6.984696e+02 4.762004e+02 
4.092727e-01 6.807124e+02 4.639112e+02 
4.143131e-01 6.636471e+02 4.520628e+02 
4.193535e-01 6.474164e+02 4.406350e+02 
4.243939e-01 6.320521e+02 4.296088e+02 
4.294343e-01 6.175222e+02 4.189662e+02 
4.344747e-01 6.037098e+02 4.086902e+02 
4.395152e-01 5.904944e+02 3.987646e+02 
4.445556e-01 5.777366e+02 3.891743e+02 
4.495960e-01 5.652884e+02 3.799047e+02 
4.546364e-01 5.530697e+02 3.709421e+02 
4.596768e-01 5.410422e+02 3.622736e+02 
4.647172e-01 5.292222e+02 3.538869e+02 
4.697576e-01 5.176446e+02 3.457703e+02 
4.747980e-01 5.063603e+02 3.379126e+02 
4.798384e-01 4.954245e+02 3.303033e+02 
4.848788e-01 4.848834e+02 3.229324e+02 
4.899192e-01 4.747596e+02 3.157903e+02 
4.949596e-01 4.650245e+02 3.088680e+02 
5.000000e-01 4.556403e+02 3.021568e+02 
