1.000000e-03 2.403836e+03 2.403618e+03 
6.040404e-03 1.049990e+04 1.054338e+04 
1.108081e-02 1.443915e+04 1.429188e+04 
1.612121e-02 1.607989e+04 1.562621e+04 
2.116162e-02 1.641589e+04 1.566906e+04 
2.620202e-02 1.603404e+04 1.511062e+04 
3.124242e-02 1.530370e+04 1.431030e+04 
3.628283e-02 1.445093e+04 1.342749e+04 
4.132323e-02 1.359820e+04 1.253575e+04 
4.636364e-02 1.278486e+04 1.167173e+04 
5.140404e-02 1.205118e+04 1.085369e+04 
5.644444e-02 1.134478e+04 1.008975e+04 
6.148485e-02 1.066528e+04 9.382337e+03 
6.652525e-02 1.001216e+04 8.730599e+03 
7.156566e-02 9.380043e+03 8.131962e+03 
7.660606e-02 8.777461e+03 7.582976e+03 
8.164646e-02 8.221922e+03 7.079845e+03 
8.668687e-02 7.723347e+03 6.618729e+03 
9.172727e-02 7.276971e+03 6.195922e+03 
9.676768e-02 6.873723e+03 5.807933e+03 
1.018081e-01 6.508163e+03 5.451536e+03 
1.068485e-01 6.174480e+03 5.123779e+03 
1.118889e-01 5.862222e+03 4.821982e+03 
1.169293e-01 5.561464e+03 4.543722e+03 
1.219697e-01 5.270538e+03 4.286815e+03 
1.270101e-01 4.993621e+03 4.049297e+03 
1.320505e-01 4.734829e+03 3.829401e+03 
1.370909e-01 4.496303e+03 3.625544e+03 
1.421313e-01 4.277778e+03 3.436298e+03 
1.471717e-01 4.077525e+03 3.260383e+03 
1.522121e-01 3.893205e+03 3.096646e+03 
1.572525e-01 3.722394e+03 2.944049e+03 
1.622929e-01 3.562834e+03 2.801657e+03 
1.673333e-01 3.411933e+03 2.668626e+03 
1.723737e-01 3.267754e+03 2.544192e+03 
1.774141e-01 3.129736e+03 2.427665e+03 
1.824545e-01 2.998815e+03 2.318421e+03 
1.874949e-01 2.875278e+03 2.215891e+03 
1.925354e-01 2.758878e+03 2.119562e+03 
1.975758e-01 2.649381e+03 2.028964e+03 
2.026162e-01 2.546950e+03 1.943671e+03 
2.076566e-01 2.451073e+03 1.863294e+03 
2.126970e-01 2.360684e+03 1.787477e+03 
2.177374e-01 2.274766e+03 1.715897e+03 
2.227778e-01 2.192910e+03 1.648255e+03 
2.278182e-01 2.114959e+03 1.584280e+03 
2.328586e-01 2.040701e+03 1.523722e+03 
2.378990e-01 1.969746e+03 1.466350e+03 
2.429394e-01 1.902100e+03 1.411954e+03 
2.479798e-01 1.837852e+03 1.360338e+03 
2.530202e-01 1.776879e+03 1.311325e+03 
2.580606e-01 1.718780e+03 1.264747e+03 
2.631010e-01 1.663352e+03 1.220453e+03 
2.681414e-01 1.610526e+03 1.178301e+03 
2.731818e-01 1.560170e+03 1.138160e+03 
2.782222e-01 1.512032e+03 1.099908e+03 
2.832626e-01 1.465869e+03 1.063434e+03 
2.883030e-01 1.421553e+03 1.028632e+03 
2.933434e-01 1.379111e+03 9.954061e+02 
2.983838e-01 1.338508e+03 9.636652e+02 
3.034242e-01 1.299612e+03 9.333253e+02 
3.084646e-01 1.262266e+03 9.043081e+02 
3.135051e-01 1.226418e+03 8.765404e+02 
3.185455e-01 1.192032e+03 8.499541e+02 
3.235859e-01 1.159048e+03 8.244852e+02 
3.286263e-01 1.127361e+03 8.000743e+02 
3.336667e-01 1.096853e+03 7.766655e+02 
3.387071e-01 1.067471e+03 7.542066e+02 
3.437475e-01 1.039206e+03 7.326486e+02 
3.487879e-01 1.012029e+03 7.119456e+02 
3.538283e-01 9.858424e+02 6.920545e+02 
3.588687e-01 9.605777e+02 6.729347e+02 
3.639091e-01 9.362154e+02 6.545484e+02 
3.689495e-01 9.127380e+02 6.368596e+02 
3.739899e-01 8.901202e+02 6.198347e+02 
3.790303e-01 8.682995e+02 6.034420e+02 
3.840707e-01 8.471958e+02 5.876517e+02 
3.891111e-01 8.268051e+02 5.724355e+02 
3.941515e-01 8.071218e+02 5.577668e+02 
3.991919e-01 7.881144e+02 5.436206e+02 
4.042323e-01 7.697313e+02 5.299732e+02 
4.092727e-01 7.519356e+02 5.168021e+02 
4.143131e-01 7.347157e+02 5.040862e+02 
4.193535e-01 7.180671e+02 4.918054e+02 
4.243939e-01 7.019631e+02 4.799408e+02 
4.294343e-01 6.863604e+02 4.684743e+02 
4.344747e-01 6.712316e+02 4.573890e+02 
4.395152e-01 6.565740e+02 4.466686e+02 
4.445556e-01 6.423864e+02 4.362978e+02 
4.495960e-01 6.286352e+02 4.262621e+02 
4.546364e-01 6.152854e+02 4.165478e+02 
4.596768e-01 6.023283e+02 4.071415e+02 
4.647172e-01 5.897631e+02 3.980310e+02 
4.697576e-01 5.775772e+02 3.892042e+02 
4.747980e-01 5.657471e+02 3.806500e+02 
4.798384e-01 5.542501e+02 3.723575e+02 
4.848788e-01 5.430762e+02 3.643167e+02 
4.899192e-01 5.322265e+02 3.565176e+02 
4.949596e-01 5.216956e+02 3.489510e+02 
5.000000e-01 5.114483e+02 3.416081e+02 
