1.000000e-03 4.600948e+03 4.600523e+03 
6.040404e-03 2.078093e+04 2.087890e+04 
1.108081e-02 2.868192e+04 2.864087e+04 
1.612121e-02 3.130048e+04 3.098967e+04 
2.116162e-02 3.052455e+04 2.958371e+04 
2.620202e-02 2.778777e+04 2.623059e+04 
3.124242e-02 2.423712e+04 2.265854e+04 
3.628283e-02 2.070890e+04 1.962999e+04 
4.132323e-02 1.770240e+04 1.720783e+04 
4.636364e-02 1.540198e+04 1.525938e+04 
5.140404e-02 1.383787e+04 1.365652e+04 
5.644444e-02 1.285559e+04 1.230894e+04 
6.148485e-02 1.226362e+04 1.115642e+04 
6.652525e-02 1.187027e+04 1.015802e+04 
7.156566e-02 1.148714e+04 9.284812e+03 
7.660606e-02 1.098119e+04 8.515426e+03 
8.164646e-02 1.029314e+04 7.833489e+03 
8.668687e-02 9.442410e+03 7.226074e+03 
9.172727e-02 8.500634e+03 6.682737e+03 
9.676768e-02 7.560574e+03 6.194897e+03 
1.018081e-01 6.711645e+03 5.755402e+03 
1.068485e-01 6.020113e+03 5.358235e+03 
1.118889e-01 5.513878e+03 4.998291e+03 
1.169293e-01 5.182725e+03 4.671207e+03 
1.219697e-01 4.990941e+03 4.373234e+03 
1.270101e-01 4.890408e+03 4.101136e+03 
1.320505e-01 4.829455e+03 3.852105e+03 
1.370909e-01 4.758318e+03 3.623699e+03 
1.421313e-01 4.638117e+03 3.413782e+03 
1.471717e-01 4.449297e+03 3.220480e+03 
1.522121e-01 4.194254e+03 3.042149e+03 
1.572525e-01 3.892517e+03 2.877334e+03 
1.622929e-01 3.574268e+03 2.724753e+03 
1.673333e-01 3.271609e+03 2.583266e+03 
1.723737e-01 3.011095e+03 2.451861e+03 
1.774141e-01 2.807310e+03 2.329634e+03 
1.824545e-01 2.662828e+03 2.215780e+03 
1.874949e-01 2.570757e+03 2.109578e+03 
1.925354e-01 2.518262e+03 2.010379e+03 
1.975758e-01 2.488500e+03 1.917603e+03 
2.026162e-01 2.463070e+03 1.830726e+03 
2.076566e-01 2.425654e+03 1.749273e+03 
2.126970e-01 2.365549e+03 1.672819e+03 
2.177374e-01 2.279331e+03 1.600975e+03 
2.227778e-01 2.170412e+03 1.533391e+03 
2.278182e-01 2.047280e+03 1.469748e+03 
2.328586e-01 1.920985e+03 1.409754e+03 
2.378990e-01 1.802453e+03 1.353145e+03 
2.429394e-01 1.699899e+03 1.299680e+03 
2.479798e-01 1.617953e+03 1.249138e+03 
2.530202e-01 1.557463e+03 1.201315e+03 
2.580606e-01 1.516041e+03 1.156027e+03 
2.631010e-01 1.488521e+03 1.113104e+03 
2.681414e-01 1.468084e+03 1.072388e+03 
2.731818e-01 1.447974e+03 1.033736e+03 
2.782222e-01 1.422859e+03 9.970149e+02 
2.832626e-01 1.389539e+03 9.621026e+02 
2.883030e-01 1.346986e+03 9.288858e+02 
2.933434e-01 1.296346e+03 8.972599e+02 
2.983838e-01 1.240617e+03 8.671281e+02 
3.034242e-01 1.183941e+03 8.384006e+02 
3.084646e-01 1.130375e+03 8.109944e+02 
3.135051e-01 1.082957e+03 7.848321e+02 
3.185455e-01 1.043301e+03 7.598418e+02 
3.235859e-01 1.011683e+03 7.359569e+02 
3.286263e-01 9.872800e+02 7.131151e+02 
3.336667e-01 9.682987e+02 6.912583e+02 
3.387071e-01 9.523000e+02 6.703326e+02 
3.437475e-01 9.367588e+02 6.502874e+02 
3.487879e-01 9.196267e+02 6.310756e+02 
3.538283e-01 8.996486e+02 6.126529e+02 
3.588687e-01 8.764693e+02 5.949781e+02 
3.639091e-01 8.504823e+02 5.780125e+02 
3.689495e-01 8.227267e+02 5.617198e+02 
3.739899e-01 7.945666e+02 5.460660e+02 
3.790303e-01 7.674917e+02 5.310192e+02 
3.840707e-01 7.426593e+02 5.165493e+02 
3.891111e-01 7.207960e+02 5.026281e+02 
3.941515e-01 7.020907e+02 4.892290e+02 
3.991919e-01 6.862873e+02 4.763272e+02 
4.042323e-01 6.727653e+02 4.638989e+02 
4.092727e-01 6.606720e+02 4.519222e+02 
4.143131e-01 6.490690e+02 4.403759e+02 
4.193535e-01 6.371541e+02 4.292404e+02 
4.243939e-01 6.244049e+02 4.184969e+02 
4.294343e-01 6.106496e+02 4.081279e+02 
4.344747e-01 5.959665e+02 3.981168e+02 
4.395152e-01 5.806371e+02 3.884476e+02 
4.445556e-01 5.651401e+02 3.791055e+02 
4.495960e-01 5.500082e+02 3.700764e+02 
4.546364e-01 5.357432e+02 3.613469e+02 
4.596768e-01 5.226321e+02 3.529042e+02 
4.647172e-01 5.107800e+02 3.447363e+02 
4.697576e-01 5.001274e+02 3.368318e+02 
4.747980e-01 4.905020e+02 3.291798e+02 
4.798384e-01 4.816237e+02 3.217701e+02 
4.848788e-01 4.731379e+02 3.145927e+02 
4.899192e-01 4.647142e+02 3.076384e+02 
4.949596e-01 4.561206e+02 3.008984e+02 
5.000000e-01 4.472622e+02 2.943641e+02 
