1.000000e-03 4.116326e+03 4.115945e+03 
6.040404e-03 1.855962e+04 1.864322e+04 
1.108081e-02 2.547303e+04 2.539421e+04 
1.612121e-02 2.771467e+04 2.732702e+04 
2.116162e-02 2.705063e+04 2.610761e+04 
2.620202e-02 2.476964e+04 2.341953e+04 
3.124242e-02 2.186159e+04 2.061872e+04 
3.628283e-02 1.901692e+04 1.821097e+04 
4.132323e-02 1.662861e+04 1.622106e+04 
4.636364e-02 1.482015e+04 1.456197e+04 
5.140404e-02 1.359776e+04 1.315415e+04 
5.644444e-02 1.280198e+04 1.194119e+04 
6.148485e-02 1.226069e+04 1.088417e+04 
6.652525e-02 1.180045e+04 9.955334e+03 
7.156566e-02 1.128213e+04 9.133941e+03 
7.660606e-02 1.062669e+04 8.403890e+03 
8.164646e-02 9.826998e+03 7.752276e+03 
8.668687e-02 8.936708e+03 7.168526e+03 
9.172727e-02 8.037269e+03 6.643841e+03 
9.676768e-02 7.209525e+03 6.170811e+03 
1.018081e-01 6.516925e+03 5.743143e+03 
1.068485e-01 5.991700e+03 5.355457e+03 
1.118889e-01 5.629294e+03 5.003131e+03 
1.169293e-01 5.397043e+03 4.682172e+03 
1.219697e-01 5.248168e+03 4.389121e+03 
1.270101e-01 5.133132e+03 4.120967e+03 
1.320505e-01 5.007014e+03 3.875084e+03 
1.370909e-01 4.836923e+03 3.649170e+03 
1.421313e-01 4.610157e+03 3.441208e+03 
1.471717e-01 4.333764e+03 3.249418e+03 
1.522121e-01 4.028394e+03 3.072230e+03 
1.572525e-01 3.720827e+03 2.908257e+03 
1.622929e-01 3.437665e+03 2.756264e+03 
1.673333e-01 3.199844e+03 2.615157e+03 
1.723737e-01 3.016934e+03 2.483958e+03 
1.774141e-01 2.886303e+03 2.361793e+03 
1.824545e-01 2.797089e+03 2.247883e+03 
1.874949e-01 2.734708e+03 2.141526e+03 
1.925354e-01 2.683418e+03 2.042093e+03 
1.975758e-01 2.628002e+03 1.949015e+03 
2.026162e-01 2.556742e+03 1.861782e+03 
2.076566e-01 2.464562e+03 1.779931e+03 
2.126970e-01 2.353695e+03 1.703044e+03 
2.177374e-01 2.231356e+03 1.630740e+03 
2.227778e-01 2.106846e+03 1.562674e+03 
2.278182e-01 1.989119e+03 1.498533e+03 
2.328586e-01 1.885455e+03 1.438031e+03 
2.378990e-01 1.799920e+03 1.380907e+03 
2.429394e-01 1.733182e+03 1.326921e+03 
2.479798e-01 1.682832e+03 1.275856e+03 
2.530202e-01 1.644107e+03 1.227512e+03 
2.580606e-01 1.611144e+03 1.181704e+03 
2.631010e-01 1.578165e+03 1.138265e+03 
2.681414e-01 1.540885e+03 1.097039e+03 
2.731818e-01 1.497170e+03 1.057883e+03 
2.782222e-01 1.446999e+03 1.020665e+03 
2.832626e-01 1.392056e+03 9.852633e+02 
2.883030e-01 1.335111e+03 9.515654e+02 
2.933434e-01 1.279450e+03 9.194671e+02 
2.983838e-01 1.228052e+03 8.888720e+02 
3.034242e-01 1.182832e+03 8.596906e+02 
3.084646e-01 1.144511e+03 8.318398e+02 
3.135051e-01 1.112637e+03 8.052425e+02 
3.185455e-01 1.085890e+03 7.798269e+02 
3.235859e-01 1.062451e+03 7.555262e+02 
3.286263e-01 1.040266e+03 7.322782e+02 
3.336667e-01 1.017598e+03 7.100248e+02 
3.387071e-01 9.932860e+02 6.887119e+02 
3.437475e-01 9.669587e+02 6.682887e+02 
3.487879e-01 9.388850e+02 6.487081e+02 
3.538283e-01 9.098286e+02 6.299256e+02 
3.588687e-01 8.808818e+02 6.118999e+02 
3.639091e-01 8.531174e+02 5.945921e+02 
3.689495e-01 8.273636e+02 5.779657e+02 
3.739899e-01 8.040784e+02 5.619865e+02 
3.790303e-01 7.833271e+02 5.466224e+02 
3.840707e-01 7.648657e+02 5.318432e+02 
3.891111e-01 7.481849e+02 5.176204e+02 
3.941515e-01 7.325937e+02 5.039274e+02 
3.991919e-01 7.174010e+02 4.907389e+02 
4.042323e-01 7.020650e+02 4.780312e+02 
4.092727e-01 6.863013e+02 4.657820e+02 
4.143131e-01 6.700894e+02 4.539701e+02 
4.193535e-01 6.535744e+02 4.425756e+02 
4.243939e-01 6.370167e+02 4.315796e+02 
4.294343e-01 6.207426e+02 4.209643e+02 
4.344747e-01 6.051300e+02 4.107130e+02 
4.395152e-01 5.904385e+02 4.008096e+02 
4.445556e-01 5.767733e+02 3.912391e+02 
4.495960e-01 5.641007e+02 3.819871e+02 
4.546364e-01 5.522814e+02 3.730402e+02 
4.596768e-01 5.411513e+02 3.643854e+02 
4.647172e-01 5.304903e+02 3.560105e+02 
4.697576e-01 5.200717e+02 3.479041e+02 
4.747980e-01 5.096955e+02 3.400550e+02 
4.798384e-01 4.992904e+02 3.324529e+02 
4.848788e-01 4.888753e+02 3.250877e+02 
4.899192e-01 4.785040e+02 3.179501e+02 
4.949596e-01 4.682636e+02 3.110311e+02 
5.000000e-01 4.582568e+02 3.043220e+02 
