1.000000e-03 2.272365e+03 2.272158e+03 
6.040404e-03 1.021042e+04 1.025066e+04 
1.108081e-02 1.420946e+04 1.407365e+04 
1.612121e-02 1.591550e+04 1.548932e+04 
2.116162e-02 1.626959e+04 1.555361e+04 
2.620202e-02 1.586360e+04 1.498520e+04 
3.124242e-02 1.509274e+04 1.417920e+04 
3.628283e-02 1.420895e+04 1.330176e+04 
4.132323e-02 1.335174e+04 1.242225e+04 
4.636364e-02 1.256328e+04 1.157310e+04 
5.140404e-02 1.187765e+04 1.077011e+04 
5.644444e-02 1.123154e+04 1.002024e+04 
6.148485e-02 1.060439e+04 9.325423e+03 
6.652525e-02 9.989950e+03 8.684737e+03 
7.156566e-02 9.374192e+03 8.095666e+03 
7.660606e-02 8.765668e+03 7.554896e+03 
8.164646e-02 8.189526e+03 7.058788e+03 
8.668687e-02 7.668773e+03 6.603659e+03 
9.172727e-02 7.208689e+03 6.185944e+03 
9.676768e-02 6.803623e+03 5.802280e+03 
1.018081e-01 6.447355e+03 5.449553e+03 
1.068485e-01 6.131875e+03 5.124906e+03 
1.118889e-01 5.842519e+03 4.825739e+03 
1.169293e-01 5.563335e+03 4.549701e+03 
1.219697e-01 5.286368e+03 4.294666e+03 
1.270101e-01 5.013012e+03 4.058720e+03 
1.320505e-01 4.749590e+03 3.840142e+03 
1.370909e-01 4.502130e+03 3.637381e+03 
1.421313e-01 4.274292e+03 3.449044e+03 
1.471717e-01 4.067205e+03 3.273875e+03 
1.522121e-01 3.880082e+03 3.110746e+03 
1.572525e-01 3.711044e+03 2.958637e+03 
1.622929e-01 3.557286e+03 2.816630e+03 
1.673333e-01 3.414444e+03 2.683895e+03 
1.723737e-01 3.277799e+03 2.559681e+03 
1.774141e-01 3.144903e+03 2.443309e+03 
1.824545e-01 3.015828e+03 2.334163e+03 
1.874949e-01 2.891671e+03 2.231683e+03 
1.925354e-01 2.773118e+03 2.135361e+03 
1.975758e-01 2.660611e+03 2.044736e+03 
2.026162e-01 2.555179e+03 1.959384e+03 
2.076566e-01 2.457597e+03 1.878923e+03 
2.126970e-01 2.367322e+03 1.803000e+03 
2.177374e-01 2.282872e+03 1.731294e+03 
2.227778e-01 2.202928e+03 1.663512e+03 
2.278182e-01 2.126789e+03 1.599382e+03 
2.328586e-01 2.053998e+03 1.538658e+03 
2.378990e-01 1.984006e+03 1.481111e+03 
2.429394e-01 1.916512e+03 1.426532e+03 
2.479798e-01 1.851682e+03 1.374729e+03 
2.530202e-01 1.789774e+03 1.325522e+03 
2.580606e-01 1.730888e+03 1.278748e+03 
2.631010e-01 1.674950e+03 1.234254e+03 
2.681414e-01 1.621863e+03 1.191901e+03 
2.731818e-01 1.571501e+03 1.151558e+03 
2.782222e-01 1.523614e+03 1.113104e+03 
2.832626e-01 1.477865e+03 1.076427e+03 
2.883030e-01 1.433946e+03 1.041424e+03 
2.933434e-01 1.391684e+03 1.007997e+03 
2.983838e-01 1.351024e+03 9.760568e+02 
3.034242e-01 1.311945e+03 9.455193e+02 
3.084646e-01 1.274404e+03 9.163064e+02 
3.135051e-01 1.238334e+03 8.883452e+02 
3.185455e-01 1.203711e+03 8.615676e+02 
3.235859e-01 1.170506e+03 8.359100e+02 
3.286263e-01 1.138673e+03 8.113130e+02 
3.336667e-01 1.108135e+03 7.877208e+02 
3.387071e-01 1.078773e+03 7.650812e+02 
3.437475e-01 1.050485e+03 7.433454e+02 
3.487879e-01 1.023225e+03 7.224676e+02 
3.538283e-01 9.969540e+02 7.024045e+02 
3.588687e-01 9.716202e+02 6.831158e+02 
3.639091e-01 9.471652e+02 6.645634e+02 
3.689495e-01 9.235394e+02 6.467116e+02 
3.739899e-01 9.007415e+02 6.295267e+02 
3.790303e-01 8.787703e+02 6.129770e+02 
3.840707e-01 8.575869e+02 5.970325e+02 
3.891111e-01 8.371224e+02 5.816650e+02 
3.941515e-01 8.173288e+02 5.668480e+02 
3.991919e-01 7.981954e+02 5.525563e+02 
4.042323e-01 7.797129e+02 5.387662e+02 
4.092727e-01 7.618474e+02 5.254552e+02 
4.143131e-01 7.445463e+02 5.126021e+02 
4.193535e-01 7.277727e+02 5.001868e+02 
4.243939e-01 7.115271e+02 4.881904e+02 
4.294343e-01 6.958101e+02 4.765946e+02 
4.344747e-01 6.805965e+02 4.653826e+02 
4.395152e-01 6.658447e+02 4.545381e+02 
4.445556e-01 6.515338e+02 4.440456e+02 
4.495960e-01 6.376587e+02 4.338907e+02 
4.546364e-01 6.242172e+02 4.240594e+02 
4.596768e-01 6.111860e+02 4.145386e+02 
4.647172e-01 5.985252e+02 4.053157e+02 
4.697576e-01 5.862231e+02 3.963789e+02 
4.747980e-01 5.742811e+02 3.877168e+02 
4.798384e-01 5.626935e+02 3.793186e+02 
4.848788e-01 5.514398e+02 3.711740e+02 
4.899192e-01 5.404944e+02 3.632733e+02 
4.949596e-01 5.298473e+02 3.556072e+02 
5.000000e-01 5.194999e+02 3.481666e+02 
