1.000000e-03 4.215750e+03 4.215747e+03 
6.040404e-03 1.882869e+04 1.897592e+04 
1.108081e-02 2.571504e+04 2.591867e+04 
1.612121e-02 2.776271e+04 2.798805e+04 
2.116162e-02 2.681964e+04 2.680639e+04 
2.620202e-02 2.425665e+04 2.404838e+04 
3.124242e-02 2.111069e+04 2.113399e+04 
3.628283e-02 1.808224e+04 1.862486e+04 
4.132323e-02 1.555202e+04 1.655976e+04 
4.636364e-02 1.362811e+04 1.484707e+04 
5.140404e-02 1.230195e+04 1.340031e+04 
5.644444e-02 1.141539e+04 1.215797e+04 
6.148485e-02 1.080056e+04 1.107787e+04 
6.652525e-02 1.030267e+04 1.013022e+04 
7.156566e-02 9.784400e+03 9.293082e+03 
7.660606e-02 9.167024e+03 8.549547e+03 
8.164646e-02 8.436318e+03 7.886199e+03 
8.668687e-02 7.633109e+03 7.292111e+03 
9.172727e-02 6.822540e+03 6.758232e+03 
9.676768e-02 6.070656e+03 6.276964e+03 
1.018081e-01 5.431155e+03 5.841874e+03 
1.068485e-01 4.934831e+03 5.447470e+03 
1.118889e-01 4.582624e+03 5.089038e+03 
1.169293e-01 4.349760e+03 4.762514e+03 
1.219697e-01 4.197941e+03 4.464374e+03 
1.270101e-01 4.086475e+03 4.191557e+03 
1.320505e-01 3.977888e+03 3.941389e+03 
1.370909e-01 3.842923e+03 3.711533e+03 
1.421313e-01 3.665851e+03 3.499934e+03 
1.471717e-01 3.447263e+03 3.304785e+03 
1.522121e-01 3.200750e+03 3.124490e+03 
1.572525e-01 2.946763e+03 2.957636e+03 
1.622929e-01 2.706998e+03 2.802971e+03 
1.673333e-01 2.499480e+03 2.659379e+03 
1.723737e-01 2.334205e+03 2.525868e+03 
1.774141e-01 2.212053e+03 2.401549e+03 
1.824545e-01 2.126876e+03 2.285629e+03 
1.874949e-01 2.068360e+03 2.177395e+03 
1.925354e-01 2.024194e+03 2.076206e+03 
1.975758e-01 1.981829e+03 1.981485e+03 
2.026162e-01 1.930872e+03 1.892713e+03 
2.076566e-01 1.865368e+03 1.809417e+03 
2.126970e-01 1.784625e+03 1.731173e+03 
2.177374e-01 1.692387e+03 1.657594e+03 
2.227778e-01 1.594981e+03 1.588329e+03 
2.278182e-01 1.499720e+03 1.523058e+03 
2.328586e-01 1.413082e+03 1.461491e+03 
2.378990e-01 1.339406e+03 1.403362e+03 
2.429394e-01 1.280333e+03 1.348428e+03 
2.479798e-01 1.235034e+03 1.296468e+03 
2.530202e-01 1.200874e+03 1.247276e+03 
2.580606e-01 1.173863e+03 1.200667e+03 
2.631010e-01 1.149442e+03 1.156469e+03 
2.681414e-01 1.123511e+03 1.114523e+03 
2.731818e-01 1.093430e+03 1.074685e+03 
2.782222e-01 1.058375e+03 1.036820e+03 
2.832626e-01 1.018922e+03 1.000803e+03 
2.883030e-01 9.766207e+02 9.665209e+02 
2.933434e-01 9.336732e+02 9.338670e+02 
2.983838e-01 8.925504e+02 9.027433e+02 
3.034242e-01 8.553520e+02 8.730586e+02 
3.084646e-01 8.232359e+02 8.447285e+02 
3.135051e-01 7.963530e+02 8.176742e+02 
3.185455e-01 7.740686e+02 7.918229e+02 
3.235859e-01 7.552829e+02 7.671064e+02 
3.286263e-01 7.386019e+02 7.434614e+02 
3.336667e-01 7.225415e+02 7.208288e+02 
3.387071e-01 7.058454e+02 6.991535e+02 
3.437475e-01 6.877320e+02 6.783838e+02 
3.487879e-01 6.680743e+02 6.584716e+02 
3.538283e-01 6.472253e+02 6.393719e+02 
3.588687e-01 6.258527e+02 6.210424e+02 
3.639091e-01 6.047192e+02 6.034435e+02 
3.689495e-01 5.845792e+02 5.865381e+02 
3.739899e-01 5.660319e+02 5.702914e+02 
3.790303e-01 5.494198e+02 5.546707e+02 
3.840707e-01 5.347596e+02 5.396452e+02 
3.891111e-01 5.217632e+02 5.251861e+02 
3.941515e-01 5.100027e+02 5.112659e+02 
3.991919e-01 4.989892e+02 4.978593e+02 
4.042323e-01 4.882359e+02 4.849419e+02 
4.092727e-01 4.773528e+02 4.724910e+02 
4.143131e-01 4.661037e+02 4.604851e+02 
4.193535e-01 4.544785e+02 4.489039e+02 
4.243939e-01 4.426214e+02 4.377282e+02 
4.294343e-01 4.307506e+02 4.269399e+02 
4.344747e-01 4.191283e+02 4.165219e+02 
4.395152e-01 4.079745e+02 4.064578e+02 
4.445556e-01 3.975030e+02 3.967324e+02 
4.495960e-01 3.878094e+02 3.873311e+02 
4.546364e-01 3.788892e+02 3.782401e+02 
4.596768e-01 3.706183e+02 3.694463e+02 
4.647172e-01 3.628456e+02 3.609374e+02 
4.697576e-01 3.554005e+02 3.527014e+02 
4.747980e-01 3.481434e+02 3.447272e+02 
4.798384e-01 3.409302e+02 3.370042e+02 
4.848788e-01 3.336784e+02 3.295223e+02 
4.899192e-01 3.263827e+02 3.222718e+02 
4.949596e-01 3.190937e+02 3.152436e+02 
5.000000e-01 3.118993e+02 3.084289e+02 
