1.000000e-03 3.293750e+03 3.293747e+03 
6.040404e-03 1.472329e+04 1.483446e+04 
1.108081e-02 2.021406e+04 2.032483e+04 
1.612121e-02 2.204500e+04 2.210988e+04 
2.116162e-02 2.164328e+04 2.154958e+04 
2.620202e-02 2.002700e+04 1.989217e+04 
3.124242e-02 1.794205e+04 1.804799e+04 
3.628283e-02 1.588343e+04 1.635938e+04 
4.132323e-02 1.412053e+04 1.487602e+04 
4.636364e-02 1.273582e+04 1.357367e+04 
5.140404e-02 1.171676e+04 1.242251e+04 
5.644444e-02 1.096287e+04 1.139881e+04 
6.148485e-02 1.035156e+04 1.048440e+04 
6.652525e-02 9.789344e+03 9.664877e+03 
7.156566e-02 9.195744e+03 8.928389e+03 
7.660606e-02 8.537095e+03 8.264933e+03 
8.164646e-02 7.828255e+03 7.665926e+03 
8.668687e-02 7.114652e+03 7.123935e+03 
9.172727e-02 6.444328e+03 6.632496e+03 
9.676768e-02 5.854038e+03 6.185965e+03 
1.018081e-01 5.367627e+03 5.779408e+03 
1.068485e-01 4.992960e+03 5.408502e+03 
1.118889e-01 4.717240e+03 5.069454e+03 
1.169293e-01 4.511116e+03 4.758932e+03 
1.219697e-01 4.340131e+03 4.474003e+03 
1.270101e-01 4.174966e+03 4.212081e+03 
1.320505e-01 3.996045e+03 3.970881e+03 
1.370909e-01 3.794288e+03 3.748383e+03 
1.421313e-01 3.570909e+03 3.542795e+03 
1.471717e-01 3.336073e+03 3.352526e+03 
1.522121e-01 3.104165e+03 3.176159e+03 
1.572525e-01 2.889587e+03 3.012433e+03 
1.622929e-01 2.703286e+03 2.860220e+03 
1.673333e-01 2.550681e+03 2.718510e+03 
1.723737e-01 2.430675e+03 2.586399e+03 
1.774141e-01 2.336752e+03 2.463075e+03 
1.824545e-01 2.259709e+03 2.347806e+03 
1.874949e-01 2.190310e+03 2.239933e+03 
1.925354e-01 2.120641e+03 2.138861e+03 
1.975758e-01 2.044893e+03 2.044052e+03 
2.026162e-01 1.960669e+03 1.955020e+03 
2.076566e-01 1.869609e+03 1.871320e+03 
2.126970e-01 1.775905e+03 1.792552e+03 
2.177374e-01 1.684427e+03 1.718349e+03 
2.227778e-01 1.599267e+03 1.648379e+03 
2.278182e-01 1.523508e+03 1.582337e+03 
2.328586e-01 1.458685e+03 1.519944e+03 
2.378990e-01 1.404416e+03 1.460947e+03 
2.429394e-01 1.358641e+03 1.405111e+03 
2.479798e-01 1.318497e+03 1.352223e+03 
2.530202e-01 1.281142e+03 1.302087e+03 
2.580606e-01 1.244107e+03 1.254520e+03 
2.631010e-01 1.205557e+03 1.209356e+03 
2.681414e-01 1.164691e+03 1.166443e+03 
2.731818e-01 1.121958e+03 1.125637e+03 
2.782222e-01 1.078762e+03 1.086807e+03 
2.832626e-01 1.036656e+03 1.049833e+03 
2.883030e-01 9.968822e+02 1.014601e+03 
2.933434e-01 9.602831e+02 9.810080e+02 
2.983838e-01 9.273713e+02 9.489570e+02 
3.034242e-01 8.981876e+02 9.183580e+02 
3.084646e-01 8.722079e+02 8.891275e+02 
3.135051e-01 8.484857e+02 8.611878e+02 
3.185455e-01 8.259996e+02 8.344665e+02 
3.235859e-01 8.039626e+02 8.088961e+02 
3.286263e-01 7.818723e+02 7.844135e+02 
3.336667e-01 7.595062e+02 7.609600e+02 
3.387071e-01 7.368822e+02 7.384804e+02 
3.437475e-01 7.142417e+02 7.169234e+02 
3.487879e-01 6.920563e+02 6.962407e+02 
3.538283e-01 6.708071e+02 6.763873e+02 
3.588687e-01 6.508386e+02 6.573208e+02 
3.639091e-01 6.322726e+02 6.390014e+02 
3.689495e-01 6.150580e+02 6.213919e+02 
3.739899e-01 5.990535e+02 6.044573e+02 
3.790303e-01 5.840541e+02 5.881646e+02 
3.840707e-01 5.697896e+02 5.724828e+02 
3.891111e-01 5.559569e+02 5.573826e+02 
3.941515e-01 5.423342e+02 5.428367e+02 
3.991919e-01 5.288139e+02 5.288190e+02 
4.042323e-01 5.154181e+02 5.153050e+02 
4.092727e-01 5.022154e+02 5.022718e+02 
4.143131e-01 4.892929e+02 4.896974e+02 
4.193535e-01 4.767765e+02 4.775614e+02 
4.243939e-01 4.647729e+02 4.658440e+02 
4.294343e-01 4.533512e+02 4.545270e+02 
4.344747e-01 4.425205e+02 4.435929e+02 
4.395152e-01 4.322309e+02 4.330251e+02 
4.445556e-01 4.224104e+02 4.228080e+02 
4.495960e-01 4.129738e+02 4.129266e+02 
4.546364e-01 4.038436e+02 4.033670e+02 
4.596768e-01 3.949495e+02 3.941157e+02 
4.647172e-01 3.862327e+02 3.851600e+02 
4.697576e-01 3.776744e+02 3.764879e+02 
4.747980e-01 3.692770e+02 3.680878e+02 
4.798384e-01 3.610752e+02 3.599489e+02 
4.848788e-01 3.531045e+02 3.520608e+02 
4.899192e-01 3.453847e+02 3.444137e+02 
4.949596e-01 3.379321e+02 3.369980e+02 
5.000000e-01 3.307554e+02 3.298049e+02 
