1.000000e-03 5.810531e+03 5.810526e+03 
6.040404e-03 2.587109e+04 2.608436e+04 
1.108081e-02 3.497490e+04 3.533448e+04 
1.612121e-02 3.723405e+04 3.773520e+04 
2.116162e-02 3.527594e+04 3.542952e+04 
2.620202e-02 3.107533e+04 3.075573e+04 
3.124242e-02 2.614395e+04 2.597099e+04 
3.628283e-02 2.150679e+04 2.204215e+04 
4.132323e-02 1.771017e+04 1.899783e+04 
4.636364e-02 1.489617e+04 1.661956e+04 
5.140404e-02 1.302935e+04 1.471185e+04 
5.644444e-02 1.188482e+04 1.314123e+04 
6.148485e-02 1.122000e+04 1.182087e+04 
6.652525e-02 1.079551e+04 1.069323e+04 
7.156566e-02 1.041203e+04 9.718662e+03 
7.660606e-02 9.922474e+03 8.868606e+03 
8.164646e-02 9.250667e+03 8.121712e+03 
8.668687e-02 8.405372e+03 7.461498e+03 
9.172727e-02 7.459317e+03 6.874910e+03 
9.676768e-02 6.513500e+03 6.351410e+03 
1.018081e-01 5.662220e+03 5.882357e+03 
1.068485e-01 4.970443e+03 5.460577e+03 
1.118889e-01 4.463763e+03 5.080059e+03 
1.169293e-01 4.133131e+03 4.735721e+03 
1.219697e-01 3.947033e+03 4.423240e+03 
1.270101e-01 3.860696e+03 4.138916e+03 
1.320505e-01 3.822945e+03 3.879565e+03 
1.370909e-01 3.783785e+03 3.642435e+03 
1.421313e-01 3.704110e+03 3.425138e+03 
1.471717e-01 3.562329e+03 3.225591e+03 
1.522121e-01 3.355576e+03 3.041975e+03 
1.572525e-01 3.097676e+03 2.872691e+03 
1.622929e-01 2.815546e+03 2.716335e+03 
1.673333e-01 2.541443e+03 2.571665e+03 
1.723737e-01 2.302333e+03 2.437583e+03 
1.774141e-01 2.113376e+03 2.313113e+03 
1.824545e-01 1.977888e+03 2.197388e+03 
1.874949e-01 1.891713e+03 2.089633e+03 
1.925354e-01 1.845559e+03 1.989157e+03 
1.975758e-01 1.825520e+03 1.895340e+03 
2.026162e-01 1.814721e+03 1.807624e+03 
2.076566e-01 1.797127e+03 1.725508e+03 
2.126970e-01 1.761444e+03 1.648542e+03 
2.177374e-01 1.702762e+03 1.576316e+03 
2.227778e-01 1.622014e+03 1.508462e+03 
2.278182e-01 1.524915e+03 1.444645e+03 
2.328586e-01 1.420604e+03 1.384561e+03 
2.378990e-01 1.319326e+03 1.327934e+03 
2.429394e-01 1.229670e+03 1.274511e+03 
2.479798e-01 1.156885e+03 1.224063e+03 
2.530202e-01 1.102771e+03 1.176381e+03 
2.580606e-01 1.066143e+03 1.131270e+03 
2.631010e-01 1.043485e+03 1.088557e+03 
2.681414e-01 1.029583e+03 1.048079e+03 
2.731818e-01 1.018589e+03 1.009687e+03 
2.782222e-01 1.005207e+03 9.732456e+02 
2.832626e-01 9.856659e+02 9.386283e+02 
2.883030e-01 9.581283e+02 9.057193e+02 
2.933434e-01 9.227229e+02 8.744114e+02 
2.983838e-01 8.813292e+02 8.446056e+02 
3.034242e-01 8.371341e+02 8.162103e+02 
3.084646e-01 7.937057e+02 7.891406e+02 
3.135051e-01 7.541749e+02 7.633176e+02 
3.185455e-01 7.205768e+02 7.386685e+02 
3.235859e-01 6.937299e+02 7.151252e+02 
3.286263e-01 6.733891e+02 6.926246e+02 
3.336667e-01 6.584650e+02 6.711079e+02 
3.387071e-01 6.472094e+02 6.505202e+02 
3.437475e-01 6.375179e+02 6.308106e+02 
3.487879e-01 6.273816e+02 6.119312e+02 
3.538283e-01 6.153152e+02 5.938376e+02 
3.588687e-01 6.005746e+02 5.764880e+02 
3.639091e-01 5.831247e+02 5.598433e+02 
3.689495e-01 5.635044e+02 5.438672e+02 
3.739899e-01 5.426733e+02 5.285253e+02 
3.790303e-01 5.218562e+02 5.137856e+02 
3.840707e-01 5.022380e+02 4.996178e+02 
3.891111e-01 4.847034e+02 4.859937e+02 
3.941515e-01 4.696829e+02 4.728866e+02 
3.991919e-01 4.572074e+02 4.602716e+02 
4.042323e-01 4.469464e+02 4.481249e+02 
4.092727e-01 4.383464e+02 4.364245e+02 
4.143131e-01 4.306551e+02 4.251493e+02 
4.193535e-01 4.231250e+02 4.142797e+02 
4.243939e-01 4.151631e+02 4.037971e+02 
4.294343e-01 4.064122e+02 3.936837e+02 
4.344747e-01 3.967573e+02 3.839230e+02 
4.395152e-01 3.863022e+02 3.744994e+02 
4.445556e-01 3.753442e+02 3.653978e+02 
4.495960e-01 3.643102e+02 3.566043e+02 
4.546364e-01 3.536432e+02 3.481055e+02 
4.596768e-01 3.436949e+02 3.398889e+02 
4.647172e-01 3.346723e+02 3.319423e+02 
4.697576e-01 3.266536e+02 3.242546e+02 
4.747980e-01 3.195914e+02 3.168148e+02 
4.798384e-01 3.133135e+02 3.096128e+02 
4.848788e-01 3.075621e+02 3.026389e+02 
4.899192e-01 3.020418e+02 2.958838e+02 
4.949596e-01 2.965119e+02 2.893387e+02 
5.000000e-01 2.908170e+02 2.829953e+02 
