1.000000e-03 6.035008e+03 6.035002e+03 
6.040404e-03 2.638138e+04 2.659857e+04 
1.108081e-02 3.544438e+04 3.600493e+04 
1.612121e-02 3.758962e+04 3.942462e+04 
2.116162e-02 3.551397e+04 3.973937e+04 
2.620202e-02 3.121681e+04 3.855162e+04 
3.124242e-02 2.621581e+04 3.668103e+04 
3.628283e-02 2.153298e+04 3.453253e+04 
4.132323e-02 1.770819e+04 3.231563e+04 
4.636364e-02 1.487700e+04 3.014145e+04 
5.140404e-02 1.299887e+04 2.806761e+04 
5.644444e-02 1.184569e+04 2.612146e+04 
6.148485e-02 1.117330e+04 2.431308e+04 
6.652525e-02 1.074192e+04 2.264281e+04 
7.156566e-02 1.035262e+04 2.110560e+04 
7.660606e-02 9.859002e+03 1.969365e+04 
8.164646e-02 9.185511e+03 1.839793e+04 
8.668687e-02 8.341064e+03 1.720908e+04 
9.172727e-02 7.397975e+03 1.611793e+04 
9.676768e-02 6.456407e+03 1.511577e+04 
1.018081e-01 5.609678e+03 1.419451e+04 
1.068485e-01 4.921889e+03 1.334668e+04 
1.118889e-01 4.418077e+03 1.256551e+04 
1.169293e-01 4.088989e+03 1.184483e+04 
1.219697e-01 3.903195e+03 1.117910e+04 
1.270101e-01 3.816238e+03 1.056329e+04 
1.320505e-01 3.777420e+03 9.992904e+03 
1.370909e-01 3.737296e+03 9.463878e+03 
1.421313e-01 3.657250e+03 8.972562e+03 
1.471717e-01 3.516011e+03 8.515671e+03 
1.522121e-01 3.310807e+03 8.090248e+03 
1.572525e-01 3.055331e+03 7.693624e+03 
1.622929e-01 2.776163e+03 7.323396e+03 
1.673333e-01 2.505111e+03 6.977390e+03 
1.723737e-01 2.268731e+03 6.653642e+03 
1.774141e-01 2.081919e+03 6.350374e+03 
1.824545e-01 1.947890e+03 6.065975e+03 
1.874949e-01 1.862504e+03 5.798982e+03 
1.925354e-01 1.816570e+03 5.548065e+03 
1.975758e-01 1.796371e+03 5.312016e+03 
2.026162e-01 1.785285e+03 5.089731e+03 
2.076566e-01 1.767533e+03 4.880207e+03 
2.126970e-01 1.732013e+03 4.682524e+03 
2.177374e-01 1.673911e+03 4.495842e+03 
2.227778e-01 1.594159e+03 4.319394e+03 
2.278182e-01 1.498385e+03 4.152473e+03 
2.328586e-01 1.395576e+03 3.994433e+03 
2.378990e-01 1.295799e+03 3.844678e+03 
2.429394e-01 1.207484e+03 3.702661e+03 
2.479798e-01 1.135773e+03 3.567879e+03 
2.530202e-01 1.082424e+03 3.439866e+03 
2.580606e-01 1.046261e+03 3.318194e+03 
2.631010e-01 1.023823e+03 3.202465e+03 
2.681414e-01 1.009987e+03 3.092313e+03 
2.731818e-01 9.990122e+02 2.987398e+03 
2.782222e-01 9.857033e+02 2.887405e+03 
2.832626e-01 9.663645e+02 2.792041e+03 
2.883030e-01 9.391969e+02 2.701037e+03 
2.933434e-01 9.043309e+02 2.614138e+03 
2.983838e-01 8.636119e+02 2.531111e+03 
3.034242e-01 8.201649e+02 2.451737e+03 
3.084646e-01 7.774860e+02 2.375812e+03 
3.135051e-01 7.386407e+02 2.303146e+03 
3.185455e-01 7.056196e+02 2.233561e+03 
3.235859e-01 6.792211e+02 2.166892e+03 
3.286263e-01 6.592016e+02 2.102984e+03 
3.336667e-01 6.444917e+02 2.041690e+03 
3.387071e-01 6.333780e+02 1.982877e+03 
3.437475e-01 6.237994e+02 1.926415e+03 
3.487879e-01 6.137899e+02 1.872185e+03 
3.538283e-01 6.018967e+02 1.820075e+03 
3.588687e-01 5.873928e+02 1.769981e+03 
3.639091e-01 5.702446e+02 1.721801e+03 
3.689495e-01 5.509802e+02 1.675445e+03 
3.739899e-01 5.305385e+02 1.630823e+03 
3.790303e-01 5.101172e+02 1.587852e+03 
3.840707e-01 4.908740e+02 1.546457e+03 
3.891111e-01 4.736730e+02 1.506561e+03 
3.941515e-01 4.589341e+02 1.468098e+03 
3.991919e-01 4.466861e+02 1.431000e+03 
4.042323e-01 4.366052e+02 1.395206e+03 
4.092727e-01 4.281500e+02 1.360658e+03 
4.143131e-01 4.205851e+02 1.327301e+03 
4.193535e-01 4.131800e+02 1.295081e+03 
4.243939e-01 4.053557e+02 1.263951e+03 
4.294343e-01 3.967637e+02 1.233862e+03 
4.344747e-01 3.872918e+02 1.204770e+03 
4.395152e-01 3.770417e+02 1.176633e+03 
4.445556e-01 3.663038e+02 1.149412e+03 
4.495960e-01 3.554945e+02 1.123067e+03 
4.546364e-01 3.450463e+02 1.097564e+03 
4.596768e-01 3.353022e+02 1.072867e+03 
4.647172e-01 3.264635e+02 1.048944e+03 
4.697576e-01 3.186064e+02 1.025765e+03 
4.747980e-01 3.116842e+02 1.003299e+03 
4.798384e-01 3.055286e+02 9.815190e+02 
4.848788e-01 2.998881e+02 9.603978e+02 
4.899192e-01 2.944744e+02 9.399100e+02 
4.949596e-01 2.890529e+02 9.200313e+02 
5.000000e-01 2.834719e+02 9.007386e+02 
