1.000000e-03 2.398026e+03 2.398024e+03 
6.040404e-03 1.078709e+04 1.086267e+04 
1.108081e-02 1.485620e+04 1.487160e+04 
1.612121e-02 1.637513e+04 1.628232e+04 
2.116162e-02 1.640937e+04 1.623136e+04 
2.620202e-02 1.565128e+04 1.552350e+04 
3.124242e-02 1.456229e+04 1.459824e+04 
3.628283e-02 1.342610e+04 1.362764e+04 
4.132323e-02 1.238670e+04 1.267596e+04 
4.636364e-02 1.148298e+04 1.177027e+04 
5.140404e-02 1.071086e+04 1.092244e+04 
5.644444e-02 1.001376e+04 1.013668e+04 
6.148485e-02 9.357448e+03 9.412948e+03 
6.652525e-02 8.719805e+03 8.748841e+03 
7.156566e-02 8.087224e+03 8.140737e+03 
7.660606e-02 7.470807e+03 7.584467e+03 
8.164646e-02 6.896342e+03 7.075721e+03 
8.668687e-02 6.384353e+03 6.610283e+03 
9.172727e-02 5.939144e+03 6.184164e+03 
9.676768e-02 5.556363e+03 5.793661e+03 
1.018081e-01 5.229693e+03 5.435381e+03 
1.068485e-01 4.947110e+03 5.106245e+03 
1.118889e-01 4.690606e+03 4.803470e+03 
1.169293e-01 4.443297e+03 4.524553e+03 
1.219697e-01 4.198100e+03 4.267245e+03 
1.270101e-01 3.956529e+03 4.029531e+03 
1.320505e-01 3.723727e+03 3.809603e+03 
1.370909e-01 3.505113e+03 3.605843e+03 
1.421313e-01 3.305009e+03 3.416797e+03 
1.471717e-01 3.125269e+03 3.241162e+03 
1.522121e-01 2.965773e+03 3.077768e+03 
1.572525e-01 2.824700e+03 2.925561e+03 
1.622929e-01 2.698394e+03 2.783594e+03 
1.673333e-01 2.581950e+03 2.651014e+03 
1.723737e-01 2.470860e+03 2.527049e+03 
1.774141e-01 2.362735e+03 2.411003e+03 
1.824545e-01 2.257492e+03 2.302245e+03 
1.874949e-01 2.155633e+03 2.200204e+03 
1.925354e-01 2.057911e+03 2.104361e+03 
1.975758e-01 1.965548e+03 2.014245e+03 
2.026162e-01 1.879911e+03 1.929428e+03 
2.076566e-01 1.801575e+03 1.849519e+03 
2.126970e-01 1.729706e+03 1.774161e+03 
2.177374e-01 1.663058e+03 1.703028e+03 
2.227778e-01 1.600670e+03 1.635823e+03 
2.278182e-01 1.541720e+03 1.572273e+03 
2.328586e-01 1.485354e+03 1.512127e+03 
2.378990e-01 1.430935e+03 1.455155e+03 
2.429394e-01 1.378348e+03 1.401146e+03 
2.479798e-01 1.327837e+03 1.349906e+03 
2.530202e-01 1.279647e+03 1.301256e+03 
2.580606e-01 1.233865e+03 1.255029e+03 
2.631010e-01 1.190563e+03 1.211074e+03 
2.681414e-01 1.149825e+03 1.169249e+03 
2.731818e-01 1.111532e+03 1.129423e+03 
2.782222e-01 1.075315e+03 1.091476e+03 
2.832626e-01 1.040789e+03 1.055295e+03 
2.883030e-01 1.007719e+03 1.020776e+03 
2.933434e-01 9.759884e+02 9.878227e+02 
2.983838e-01 9.455111e+02 9.563444e+02 
3.034242e-01 9.162041e+02 9.262577e+02 
3.084646e-01 8.879978e+02 8.974843e+02 
3.135051e-01 8.609346e+02 8.699516e+02 
3.185455e-01 8.350619e+02 8.435915e+02 
3.235859e-01 8.103685e+02 8.183407e+02 
3.286263e-01 7.867820e+02 7.941397e+02 
3.336667e-01 7.642034e+02 7.709332e+02 
3.387071e-01 7.425564e+02 7.486691e+02 
3.437475e-01 7.218035e+02 7.272988e+02 
3.487879e-01 7.018705e+02 7.067766e+02 
3.538283e-01 6.826667e+02 6.870598e+02 
3.588687e-01 6.641293e+02 6.681079e+02 
3.639091e-01 6.462455e+02 6.498834e+02 
3.689495e-01 6.290301e+02 6.323505e+02 
3.739899e-01 6.124743e+02 6.154759e+02 
3.790303e-01 5.965332e+02 5.992282e+02 
3.840707e-01 5.811666e+02 5.835775e+02 
3.891111e-01 5.663591e+02 5.684960e+02 
3.941515e-01 5.520998e+02 5.539573e+02 
3.991919e-01 5.383604e+02 5.399364e+02 
4.042323e-01 5.251009e+02 5.264098e+02 
4.092727e-01 5.122818e+02 5.133553e+02 
4.143131e-01 4.998835e+02 5.007519e+02 
4.193535e-01 4.879051e+02 4.885797e+02 
4.243939e-01 4.763340e+02 4.768198e+02 
4.294343e-01 4.651384e+02 4.654545e+02 
4.344747e-01 4.542969e+02 4.544668e+02 
4.395152e-01 4.438113e+02 4.438407e+02 
4.445556e-01 4.336774e+02 4.335610e+02 
4.495960e-01 4.238773e+02 4.236133e+02 
4.546364e-01 4.143814e+02 4.139839e+02 
4.596768e-01 4.051723e+02 4.046597e+02 
4.647172e-01 3.962513e+02 3.956285e+02 
4.697576e-01 3.876137e+02 3.868784e+02 
4.747980e-01 3.792420e+02 3.783983e+02 
4.798384e-01 3.711110e+02 3.701775e+02 
4.848788e-01 3.632168e+02 3.622058e+02 
4.899192e-01 3.555603e+02 3.544737e+02 
4.949596e-01 3.481340e+02 3.469719e+02 
5.000000e-01 3.409288e+02 3.396917e+02 
