1.000000e-03 2.208912e+03 2.208910e+03 
6.040404e-03 9.782737e+03 9.859289e+03 
1.108081e-02 1.342914e+04 1.343127e+04 
1.612121e-02 1.488714e+04 1.476297e+04 
2.116162e-02 1.512180e+04 1.491141e+04 
2.620202e-02 1.469627e+04 1.448583e+04 
3.124242e-02 1.395124e+04 1.380063e+04 
3.628283e-02 1.308673e+04 1.300872e+04 
4.132323e-02 1.220952e+04 1.218843e+04 
4.636364e-02 1.136479e+04 1.138148e+04 
5.140404e-02 1.057506e+04 1.060976e+04 
5.644444e-02 9.832925e+03 9.883943e+03 
6.148485e-02 9.137378e+03 9.208186e+03 
6.652525e-02 8.495536e+03 8.582958e+03 
7.156566e-02 7.899441e+03 8.006653e+03 
7.660606e-02 7.351313e+03 7.476575e+03 
8.164646e-02 6.856888e+03 6.989524e+03 
8.668687e-02 6.413393e+03 6.542136e+03 
9.172727e-02 6.011141e+03 6.131085e+03 
9.676768e-02 5.641369e+03 5.753197e+03 
1.018081e-01 5.302508e+03 5.405500e+03 
1.068485e-01 4.991693e+03 5.085256e+03 
1.118889e-01 4.703497e+03 4.789960e+03 
1.169293e-01 4.433179e+03 4.517335e+03 
1.219697e-01 4.180527e+03 4.265323e+03 
1.270101e-01 3.947180e+03 4.032061e+03 
1.320505e-01 3.733271e+03 3.815874e+03 
1.370909e-01 3.537053e+03 3.615248e+03 
1.421313e-01 3.356057e+03 3.428822e+03 
1.471717e-01 3.188097e+03 3.255370e+03 
1.522121e-01 3.031623e+03 3.093783e+03 
1.572525e-01 2.885697e+03 2.943066e+03 
1.622929e-01 2.749178e+03 2.802316e+03 
1.673333e-01 2.620988e+03 2.670718e+03 
1.723737e-01 2.500415e+03 2.547535e+03 
1.774141e-01 2.387337e+03 2.432099e+03 
1.824545e-01 2.281776e+03 2.323805e+03 
1.874949e-01 2.182826e+03 2.222101e+03 
1.925354e-01 2.089742e+03 2.126488e+03 
1.975758e-01 2.002271e+03 2.036510e+03 
2.026162e-01 1.920108e+03 1.951752e+03 
2.076566e-01 1.842788e+03 1.871834e+03 
2.126970e-01 1.769590e+03 1.796410e+03 
2.177374e-01 1.700201e+03 1.725162e+03 
2.227778e-01 1.634615e+03 1.657801e+03 
2.278182e-01 1.572595e+03 1.594060e+03 
2.328586e-01 1.513847e+03 1.533694e+03 
2.378990e-01 1.458100e+03 1.476478e+03 
2.429394e-01 1.405236e+03 1.422205e+03 
2.479798e-01 1.355146e+03 1.370685e+03 
2.530202e-01 1.307548e+03 1.321740e+03 
2.580606e-01 1.262220e+03 1.275209e+03 
2.631010e-01 1.219034e+03 1.230941e+03 
2.681414e-01 1.177922e+03 1.188797e+03 
2.731818e-01 1.138786e+03 1.148648e+03 
2.782222e-01 1.101449e+03 1.110375e+03 
2.832626e-01 1.065777e+03 1.073867e+03 
2.883030e-01 1.031685e+03 1.039021e+03 
2.933434e-01 9.991429e+02 1.005741e+03 
2.983838e-01 9.680674e+02 9.739371e+02 
3.034242e-01 9.383170e+02 9.435273e+02 
3.084646e-01 9.098093e+02 9.144338e+02 
3.135051e-01 8.824964e+02 8.865843e+02 
3.185455e-01 8.563500e+02 8.599112e+02 
3.235859e-01 8.312973e+02 8.343515e+02 
3.286263e-01 8.072474e+02 8.098462e+02 
3.336667e-01 7.841475e+02 7.863400e+02 
3.387071e-01 7.619655e+02 7.637812e+02 
3.437475e-01 7.406784e+02 7.421212e+02 
3.487879e-01 7.202264e+02 7.213145e+02 
3.538283e-01 7.005458e+02 7.013184e+02 
3.588687e-01 6.815967e+02 6.820926e+02 
3.639091e-01 6.633638e+02 6.635995e+02 
3.689495e-01 6.458347e+02 6.458034e+02 
3.739899e-01 6.289514e+02 6.286710e+02 
3.790303e-01 6.126660e+02 6.121707e+02 
3.840707e-01 5.969578e+02 5.962728e+02 
3.891111e-01 5.818196e+02 5.809493e+02 
3.941515e-01 5.672351e+02 5.661738e+02 
3.991919e-01 5.531563e+02 5.519213e+02 
4.042323e-01 5.395535e+02 5.381681e+02 
4.092727e-01 5.264152e+02 5.248921e+02 
4.143131e-01 5.137314e+02 5.120720e+02 
4.193535e-01 5.014824e+02 4.996879e+02 
4.243939e-01 4.896363e+02 4.877210e+02 
4.294343e-01 4.781730e+02 4.761532e+02 
4.344747e-01 4.670821e+02 4.649676e+02 
4.395152e-01 4.563623e+02 4.541481e+02 
4.445556e-01 4.459935e+02 4.436793e+02 
4.495960e-01 4.359437e+02 4.335468e+02 
4.546364e-01 4.262042e+02 4.237368e+02 
4.596768e-01 4.167712e+02 4.142361e+02 
4.647172e-01 4.076370e+02 4.050324e+02 
4.697576e-01 3.987842e+02 3.961137e+02 
4.747980e-01 3.901941e+02 3.874688e+02 
4.798384e-01 3.818589e+02 3.790869e+02 
4.848788e-01 3.737734e+02 3.709578e+02 
4.899192e-01 3.659317e+02 3.630718e+02 
4.949596e-01 3.583185e+02 3.554196e+02 
5.000000e-01 3.509211e+02 3.479923e+02 
