1.000000e-03 2.821443e+03 2.821440e+03 
6.040404e-03 1.249602e+04 1.258324e+04 
1.108081e-02 1.697079e+04 1.698810e+04 
1.612121e-02 1.846900e+04 1.836286e+04 
2.116162e-02 1.828405e+04 1.808343e+04 
2.620202e-02 1.723997e+04 1.710992e+04 
3.124242e-02 1.587507e+04 1.594650e+04 
3.628283e-02 1.450999e+04 1.477529e+04 
4.132323e-02 1.329825e+04 1.365616e+04 
4.636364e-02 1.226958e+04 1.261039e+04 
5.140404e-02 1.140889e+04 1.164492e+04 
5.644444e-02 1.063996e+04 1.075998e+04 
6.148485e-02 9.916520e+03 9.952330e+03 
6.652525e-02 9.207457e+03 9.216964e+03 
7.156566e-02 8.504591e+03 8.548140e+03 
7.660606e-02 7.824208e+03 7.939950e+03 
8.164646e-02 7.194298e+03 7.386660e+03 
8.668687e-02 6.635511e+03 6.882881e+03 
9.172727e-02 6.153579e+03 6.423654e+03 
9.676768e-02 5.746401e+03 6.004474e+03 
1.018081e-01 5.405284e+03 5.621283e+03 
1.068485e-01 5.111747e+03 5.270444e+03 
1.118889e-01 4.842655e+03 4.948712e+03 
1.169293e-01 4.581063e+03 4.653192e+03 
1.219697e-01 4.321078e+03 4.381309e+03 
1.270101e-01 4.064390e+03 4.130768e+03 
1.320505e-01 3.816258e+03 3.899528e+03 
1.370909e-01 3.583561e+03 3.685769e+03 
1.421313e-01 3.372126e+03 3.487869e+03 
1.471717e-01 3.184313e+03 3.304378e+03 
1.522121e-01 3.019273e+03 3.134000e+03 
1.572525e-01 2.874303e+03 2.975576e+03 
1.622929e-01 2.745074e+03 2.828064e+03 
1.673333e-01 2.625825e+03 2.690530e+03 
1.723737e-01 2.511449e+03 2.562135e+03 
1.774141e-01 2.399452e+03 2.442120e+03 
1.824545e-01 2.289823e+03 2.329803e+03 
1.874949e-01 2.183435e+03 2.224566e+03 
1.925354e-01 2.081577e+03 2.125850e+03 
1.975758e-01 1.985916e+03 2.033150e+03 
2.026162e-01 1.897763e+03 1.946004e+03 
2.076566e-01 1.817368e+03 1.863996e+03 
2.126970e-01 1.743940e+03 1.786744e+03 
2.177374e-01 1.676242e+03 1.713901e+03 
2.227778e-01 1.612993e+03 1.645151e+03 
2.278182e-01 1.552914e+03 1.580203e+03 
2.328586e-01 1.495168e+03 1.518794e+03 
2.378990e-01 1.439432e+03 1.460678e+03 
2.429394e-01 1.385670e+03 1.405634e+03 
2.479798e-01 1.333940e+03 1.353457e+03 
2.530202e-01 1.284424e+03 1.303957e+03 
2.580606e-01 1.237528e+03 1.256961e+03 
2.631010e-01 1.193532e+03 1.212309e+03 
2.681414e-01 1.152341e+03 1.169853e+03 
2.731818e-01 1.113555e+03 1.129455e+03 
2.782222e-01 1.076778e+03 1.090990e+03 
2.832626e-01 1.041796e+03 1.054341e+03 
2.883030e-01 1.008399e+03 1.019398e+03 
2.933434e-01 9.763100e+02 9.860610e+02 
2.983838e-01 9.453393e+02 9.542364e+02 
3.034242e-01 9.155054e+02 9.238369e+02 
3.084646e-01 8.869065e+02 8.947816e+02 
3.135051e-01 8.595584e+02 8.669950e+02 
3.185455e-01 8.334025e+02 8.404066e+02 
3.235859e-01 8.084089e+02 8.149508e+02 
3.286263e-01 7.845707e+02 7.905662e+02 
3.336667e-01 7.618417e+02 7.671956e+02 
3.387071e-01 7.400879e+02 7.447853e+02 
3.437475e-01 7.191780e+02 7.232850e+02 
3.487879e-01 6.990547e+02 7.026478e+02 
3.538283e-01 6.796815e+02 6.828296e+02 
3.588687e-01 6.610245e+02 6.637889e+02 
3.639091e-01 6.430340e+02 6.454869e+02 
3.689495e-01 6.256945e+02 6.278872e+02 
3.739899e-01 6.090135e+02 6.109553e+02 
3.790303e-01 5.929802e+02 5.946589e+02 
3.840707e-01 5.775522e+02 5.789678e+02 
3.891111e-01 5.626863e+02 5.638531e+02 
3.941515e-01 5.483705e+02 5.492879e+02 
3.991919e-01 5.345831e+02 5.352468e+02 
4.042323e-01 5.212860e+02 5.217056e+02 
4.092727e-01 5.084323e+02 5.086417e+02 
4.143131e-01 4.959952e+02 4.960335e+02 
4.193535e-01 4.839808e+02 4.838609e+02 
4.243939e-01 4.723805e+02 4.721045e+02 
4.294343e-01 4.611660e+02 4.607462e+02 
4.344747e-01 4.503120e+02 4.497689e+02 
4.395152e-01 4.398151e+02 4.391561e+02 
4.445556e-01 4.296740e+02 4.288924e+02 
4.495960e-01 4.198667e+02 4.189632e+02 
4.546364e-01 4.103660e+02 4.093545e+02 
4.596768e-01 4.011624e+02 4.000531e+02 
4.647172e-01 3.922459e+02 3.910465e+02 
4.697576e-01 3.836153e+02 3.823226e+02 
4.747980e-01 3.752514e+02 3.738702e+02 
4.798384e-01 3.671285e+02 3.656785e+02 
4.848788e-01 3.592439e+02 3.577371e+02 
4.899192e-01 3.516017e+02 3.500364e+02 
4.949596e-01 3.441936e+02 3.425669e+02 
5.000000e-01 3.370029e+02 3.353197e+02 
