1.000000e-03 4.224612e+03 4.224608e+03 
6.040404e-03 1.875928e+04 1.890678e+04 
1.108081e-02 2.550007e+04 2.569901e+04 
1.612121e-02 2.742877e+04 2.764233e+04 
2.116162e-02 2.641838e+04 2.639839e+04 
2.620202e-02 2.383838e+04 2.364154e+04 
3.124242e-02 2.071118e+04 2.075816e+04 
3.628283e-02 1.772105e+04 1.828327e+04 
4.132323e-02 1.523472e+04 1.624734e+04 
4.636364e-02 1.335077e+04 1.455865e+04 
5.140404e-02 1.205466e+04 1.313213e+04 
5.644444e-02 1.118907e+04 1.190746e+04 
6.148485e-02 1.058702e+04 1.084317e+04 
6.652525e-02 1.009127e+04 9.909948e+03 
7.156566e-02 9.572912e+03 9.086063e+03 
7.660606e-02 8.957984e+03 8.354788e+03 
8.164646e-02 8.234083e+03 7.702809e+03 
8.668687e-02 7.441413e+03 7.119282e+03 
9.172727e-02 6.644915e+03 6.595219e+03 
9.676768e-02 5.910428e+03 6.123083e+03 
1.018081e-01 5.289721e+03 5.696491e+03 
1.068485e-01 4.810668e+03 5.309997e+03 
1.118889e-01 4.471552e+03 4.958934e+03 
1.169293e-01 4.247113e+03 4.639276e+03 
1.219697e-01 4.100008e+03 4.347539e+03 
1.270101e-01 3.990346e+03 4.080695e+03 
1.320505e-01 3.881277e+03 3.836106e+03 
1.370909e-01 3.744690e+03 3.611462e+03 
1.421313e-01 3.566683e+03 3.404738e+03 
1.471717e-01 3.349469e+03 3.214151e+03 
1.522121e-01 3.107113e+03 3.038129e+03 
1.572525e-01 2.859376e+03 2.875281e+03 
1.622929e-01 2.626895e+03 2.724375e+03 
1.673333e-01 2.426912e+03 2.584314e+03 
1.723737e-01 2.268813e+03 2.454120e+03 
1.774141e-01 2.152658e+03 2.332923e+03 
1.824545e-01 2.071564e+03 2.219942e+03 
1.874949e-01 2.015043e+03 2.114478e+03 
1.925354e-01 1.971312e+03 2.015900e+03 
1.975758e-01 1.928583e+03 1.923645e+03 
2.026162e-01 1.876998e+03 1.837201e+03 
2.076566e-01 1.810995e+03 1.756107e+03 
2.126970e-01 1.730457e+03 1.679945e+03 
2.177374e-01 1.639575e+03 1.608338e+03 
2.227778e-01 1.544761e+03 1.540942e+03 
2.278182e-01 1.452854e+03 1.477443e+03 
2.328586e-01 1.369802e+03 1.417558e+03 
2.378990e-01 1.299485e+03 1.361026e+03 
2.429394e-01 1.243266e+03 1.307609e+03 
2.479798e-01 1.200204e+03 1.257091e+03 
2.530202e-01 1.167482e+03 1.209273e+03 
2.580606e-01 1.141064e+03 1.163971e+03 
2.631010e-01 1.116603e+03 1.121019e+03 
2.681414e-01 1.090409e+03 1.080260e+03 
2.731818e-01 1.060207e+03 1.041555e+03 
2.782222e-01 1.025318e+03 1.004770e+03 
2.832626e-01 9.863906e+02 9.697863e+02 
2.883030e-01 9.450513e+02 9.364909e+02 
2.933434e-01 9.035169e+02 9.047805e+02 
2.983838e-01 8.641185e+02 8.745593e+02 
3.034242e-01 8.286638e+02 8.457385e+02 
3.084646e-01 7.980804e+02 8.182356e+02 
3.135051e-01 7.724320e+02 7.919741e+02 
3.185455e-01 7.510905e+02 7.668827e+02 
3.235859e-01 7.329291e+02 7.428950e+02 
3.286263e-01 7.165536e+02 7.199494e+02 
3.336667e-01 7.005630e+02 6.979882e+02 
3.387071e-01 6.838598e+02 6.769577e+02 
3.437475e-01 6.658610e+02 6.568076e+02 
3.487879e-01 6.465025e+02 6.374911e+02 
3.538283e-01 6.261191e+02 6.189642e+02 
3.588687e-01 6.053491e+02 6.011859e+02 
3.639091e-01 5.849749e+02 5.841175e+02 
3.689495e-01 5.657001e+02 5.677230e+02 
3.739899e-01 5.480234e+02 5.519684e+02 
3.790303e-01 5.321716e+02 5.368219e+02 
3.840707e-01 5.181004e+02 5.222536e+02 
3.891111e-01 5.055549e+02 5.082353e+02 
3.941515e-01 4.941472e+02 4.947406e+02 
3.991919e-01 4.833695e+02 4.817445e+02 
4.042323e-01 4.727602e+02 4.692235e+02 
4.092727e-01 4.619871e+02 4.571554e+02 
4.143131e-01 4.509076e+02 4.455193e+02 
4.193535e-01 4.395397e+02 4.342956e+02 
4.243939e-01 4.280122e+02 4.234654e+02 
4.294343e-01 4.165227e+02 4.130113e+02 
4.344747e-01 4.053093e+02 4.029166e+02 
4.395152e-01 3.946083e+02 3.931654e+02 
4.445556e-01 3.845932e+02 3.837428e+02 
4.495960e-01 3.753163e+02 3.746347e+02 
4.546364e-01 3.667183e+02 3.658277e+02 
4.596768e-01 3.587031e+02 3.573091e+02 
4.647172e-01 3.511531e+02 3.490667e+02 
4.697576e-01 3.439041e+02 3.410892e+02 
4.747980e-01 3.367995e+02 3.333657e+02 
4.798384e-01 3.297216e+02 3.258858e+02 
4.848788e-01 3.226195e+02 3.186397e+02 
4.899192e-01 3.155136e+02 3.116181e+02 
4.949596e-01 3.084538e+02 3.048120e+02 
5.000000e-01 3.014979e+02 2.982131e+02 
