1.000000e-03 3.406507e+03 3.406504e+03 
6.040404e-03 1.510159e+04 1.521431e+04 
1.108081e-02 2.056204e+04 2.066048e+04 
1.612121e-02 2.227775e+04 2.230907e+04 
2.116162e-02 2.176857e+04 2.164424e+04 
2.620202e-02 2.008846e+04 1.996347e+04 
3.124242e-02 1.798830e+04 1.813520e+04 
3.628283e-02 1.595075e+04 1.646078e+04 
4.132323e-02 1.422566e+04 1.498027e+04 
4.636364e-02 1.287860e+04 1.367235e+04 
5.140404e-02 1.188031e+04 1.251137e+04 
5.644444e-02 1.112095e+04 1.147639e+04 
6.148485e-02 1.048394e+04 1.055076e+04 
6.652525e-02 9.871938e+03 9.720811e+03 
7.156566e-02 9.221028e+03 8.974984e+03 
7.660606e-02 8.513578e+03 8.303335e+03 
8.164646e-02 7.775960e+03 7.697233e+03 
8.668687e-02 7.056047e+03 7.149146e+03 
9.172727e-02 6.398565e+03 6.652496e+03 
9.676768e-02 5.835032e+03 6.201526e+03 
1.018081e-01 5.382413e+03 5.791194e+03 
1.068485e-01 5.038722e+03 5.417085e+03 
1.118889e-01 4.781810e+03 5.075323e+03 
1.169293e-01 4.577920e+03 4.762503e+03 
1.219697e-01 4.394031e+03 4.475631e+03 
1.270101e-01 4.205817e+03 4.212069e+03 
1.320505e-01 3.999521e+03 3.969488e+03 
1.370909e-01 3.772114e+03 3.745828e+03 
1.421313e-01 3.531045e+03 3.539267e+03 
1.471717e-01 3.290038e+03 3.348185e+03 
1.522121e-01 3.063267e+03 3.171142e+03 
1.572525e-01 2.862006e+03 3.006858e+03 
1.622929e-01 2.693056e+03 2.854187e+03 
1.673333e-01 2.557462e+03 2.712106e+03 
1.723737e-01 2.450186e+03 2.579697e+03 
1.774141e-01 2.362069e+03 2.456138e+03 
1.824545e-01 2.283361e+03 2.340688e+03 
1.874949e-01 2.206090e+03 2.232681e+03 
1.925354e-01 2.124648e+03 2.131514e+03 
1.975758e-01 2.036381e+03 2.036645e+03 
2.026162e-01 1.941995e+03 1.947580e+03 
2.076566e-01 1.845229e+03 1.863873e+03 
2.126970e-01 1.750896e+03 1.785119e+03 
2.177374e-01 1.663137e+03 1.710948e+03 
2.227778e-01 1.584786e+03 1.641024e+03 
2.278182e-01 1.517051e+03 1.575041e+03 
2.328586e-01 1.459399e+03 1.512718e+03 
2.378990e-01 1.409890e+03 1.453800e+03 
2.429394e-01 1.365867e+03 1.398051e+03 
2.479798e-01 1.324640e+03 1.345255e+03 
2.530202e-01 1.283884e+03 1.295216e+03 
2.580606e-01 1.241941e+03 1.247750e+03 
2.631010e-01 1.198257e+03 1.202691e+03 
2.681414e-01 1.153441e+03 1.159883e+03 
2.731818e-01 1.108874e+03 1.119185e+03 
2.782222e-01 1.065913e+03 1.080465e+03 
2.832626e-01 1.025546e+03 1.043600e+03 
2.883030e-01 9.884561e+02 1.008478e+03 
2.933434e-01 9.549885e+02 9.749951e+02 
2.983838e-01 9.249957e+02 9.430533e+02 
3.034242e-01 8.978152e+02 9.125629e+02 
3.084646e-01 8.725079e+02 8.834401e+02 
3.135051e-01 8.482134e+02 8.556069e+02 
3.185455e-01 8.243621e+02 8.289909e+02 
3.235859e-01 8.005918e+02 8.035244e+02 
3.286263e-01 7.767580e+02 7.791442e+02 
3.336667e-01 7.529652e+02 7.557914e+02 
3.387071e-01 7.295541e+02 7.334109e+02 
3.437475e-01 7.069557e+02 7.119513e+02 
3.487879e-01 6.855126e+02 6.913643e+02 
3.538283e-01 6.653905e+02 6.716048e+02 
3.588687e-01 6.466012e+02 6.526303e+02 
3.639091e-01 6.290628e+02 6.344012e+02 
3.689495e-01 6.126039e+02 6.168802e+02 
3.739899e-01 5.969635e+02 6.000322e+02 
3.790303e-01 5.818925e+02 5.838243e+02 
3.840707e-01 5.671747e+02 5.682255e+02 
3.891111e-01 5.527192e+02 5.532065e+02 
3.941515e-01 5.385013e+02 5.387401e+02 
3.991919e-01 5.245314e+02 5.248001e+02 
4.042323e-01 5.108843e+02 5.113622e+02 
4.092727e-01 4.976645e+02 4.984032e+02 
4.143131e-01 4.849756e+02 4.859016e+02 
4.193535e-01 4.728725e+02 4.738365e+02 
4.243939e-01 4.613293e+02 4.621886e+02 
4.294343e-01 4.503083e+02 4.509394e+02 
4.344747e-01 4.397717e+02 4.400716e+02 
4.395152e-01 4.296561e+02 4.295686e+02 
4.445556e-01 4.198758e+02 4.194148e+02 
4.495960e-01 4.103542e+02 4.095953e+02 
4.546364e-01 4.010490e+02 4.000962e+02 
4.596768e-01 3.919616e+02 3.909040e+02 
4.647172e-01 3.831056e+02 3.820060e+02 
4.697576e-01 3.744809e+02 3.733903e+02 
4.747980e-01 3.660920e+02 3.650454e+02 
4.798384e-01 3.579671e+02 3.569604e+02 
4.848788e-01 3.501325e+02 3.491250e+02 
4.899192e-01 3.425871e+02 3.415293e+02 
4.949596e-01 3.353084e+02 3.341639e+02 
5.000000e-01 3.282658e+02 3.270199e+02 
