1.000000e-03 5.595006e+03 5.595001e+03 
6.040404e-03 2.440218e+04 2.459679e+04 
1.108081e-02 3.260987e+04 3.290614e+04 
1.612121e-02 3.443647e+04 3.478602e+04 
2.116162e-02 3.246863e+04 3.247523e+04 
2.620202e-02 2.858592e+04 2.831576e+04 
3.124242e-02 2.417367e+04 2.422901e+04 
3.628283e-02 2.012528e+04 2.088226e+04 
4.132323e-02 1.688173e+04 1.823801e+04 
4.636364e-02 1.452181e+04 1.611754e+04 
5.140404e-02 1.298334e+04 1.437479e+04 
5.644444e-02 1.202476e+04 1.291144e+04 
6.148485e-02 1.141291e+04 1.166253e+04 
6.652525e-02 1.092564e+04 1.058370e+04 
7.156566e-02 1.039899e+04 9.643248e+03 
7.660606e-02 9.731242e+03 8.817528e+03 
8.164646e-02 8.901949e+03 8.088292e+03 
8.668687e-02 7.965587e+03 7.441066e+03 
9.172727e-02 7.015509e+03 6.864134e+03 
9.676768e-02 6.145271e+03 6.347867e+03 
1.018081e-01 5.423831e+03 5.884258e+03 
1.068485e-01 4.882913e+03 5.466583e+03 
1.118889e-01 4.517391e+03 5.089156e+03 
1.169293e-01 4.295749e+03 4.747132e+03 
1.219697e-01 4.171693e+03 4.436368e+03 
1.270101e-01 4.092827e+03 4.153296e+03 
1.320505e-01 4.009730e+03 3.894834e+03 
1.370909e-01 3.885853e+03 3.658310e+03 
1.421313e-01 3.704394e+03 3.441394e+03 
1.471717e-01 3.467962e+03 3.242054e+03 
1.522121e-01 3.193608e+03 3.058506e+03 
1.572525e-01 2.908346e+03 2.889183e+03 
1.622929e-01 2.642059e+03 2.732703e+03 
1.673333e-01 2.418003e+03 2.587843e+03 
1.723737e-01 2.246572e+03 2.453519e+03 
1.774141e-01 2.126401e+03 2.328769e+03 
1.824545e-01 2.049415e+03 2.212735e+03 
1.874949e-01 2.003589e+03 2.104651e+03 
1.925354e-01 1.973611e+03 2.003830e+03 
1.975758e-01 1.943027e+03 1.909658e+03 
2.026162e-01 1.898613e+03 1.821582e+03 
2.076566e-01 1.833928e+03 1.739104e+03 
2.126970e-01 1.749394e+03 1.661776e+03 
2.177374e-01 1.650191e+03 1.589191e+03 
2.227778e-01 1.544415e+03 1.520982e+03 
2.278182e-01 1.441337e+03 1.456815e+03 
2.328586e-01 1.349327e+03 1.396388e+03 
2.378990e-01 1.273672e+03 1.339425e+03 
2.429394e-01 1.215895e+03 1.285674e+03 
2.479798e-01 1.174491e+03 1.234906e+03 
2.530202e-01 1.145783e+03 1.186911e+03 
2.580606e-01 1.124611e+03 1.141498e+03 
2.631010e-01 1.105351e+03 1.098490e+03 
2.681414e-01 1.083144e+03 1.057727e+03 
2.731818e-01 1.054980e+03 1.019058e+03 
2.782222e-01 1.019961e+03 9.823484e+02 
2.832626e-01 9.789904e+02 9.474714e+02 
2.883030e-01 9.343263e+02 9.143110e+02 
2.933434e-01 8.890003e+02 8.827598e+02 
2.983838e-01 8.461652e+02 8.527186e+02 
3.034242e-01 8.083017e+02 8.240957e+02 
3.084646e-01 7.766607e+02 7.968058e+02 
3.135051e-01 7.512678e+02 7.707701e+02 
3.185455e-01 7.312178e+02 7.459152e+02 
3.235859e-01 7.150433e+02 7.221731e+02 
3.286263e-01 7.009272e+02 6.994802e+02 
3.336667e-01 6.869839e+02 6.777777e+02 
3.387071e-01 6.717084e+02 6.570104e+02 
3.437475e-01 6.543098e+02 6.371271e+02 
3.487879e-01 6.347650e+02 6.180799e+02 
3.538283e-01 6.136242e+02 5.998239e+02 
3.588687e-01 5.917551e+02 5.823173e+02 
3.639091e-01 5.701609e+02 5.655209e+02 
3.689495e-01 5.498280e+02 5.493979e+02 
3.739899e-01 5.315186e+02 5.339140e+02 
3.790303e-01 5.155660e+02 5.190369e+02 
3.840707e-01 5.018791e+02 5.047362e+02 
3.891111e-01 4.900707e+02 4.909834e+02 
3.941515e-01 4.795812e+02 4.777519e+02 
3.991919e-01 4.697644e+02 4.650163e+02 
4.042323e-01 4.599926e+02 4.527529e+02 
4.092727e-01 4.498103e+02 4.409395e+02 
4.143131e-01 4.390249e+02 4.295549e+02 
4.193535e-01 4.276629e+02 4.185792e+02 
4.243939e-01 4.159187e+02 4.079938e+02 
4.294343e-01 4.040912e+02 3.977809e+02 
4.344747e-01 3.925332e+02 3.879237e+02 
4.395152e-01 3.815890e+02 3.784065e+02 
4.445556e-01 3.714856e+02 3.692143e+02 
4.495960e-01 3.622889e+02 3.603328e+02 
4.546364e-01 3.539451e+02 3.517487e+02 
4.596768e-01 3.463251e+02 3.434493e+02 
4.647172e-01 3.392366e+02 3.354224e+02 
4.697576e-01 3.324471e+02 3.276567e+02 
4.747980e-01 3.257267e+02 3.201413e+02 
4.798384e-01 3.189302e+02 3.128658e+02 
4.848788e-01 3.120150e+02 3.058206e+02 
4.899192e-01 3.049948e+02 2.989962e+02 
4.949596e-01 2.979354e+02 2.923838e+02 
5.000000e-01 2.909328e+02 2.859751e+02 
