1.000000e-03 2.720234e+03 2.720232e+03 
6.040404e-03 1.208618e+04 1.217222e+04 
1.108081e-02 1.650448e+04 1.653079e+04 
1.612121e-02 1.804557e+04 1.795999e+04 
2.116162e-02 1.792951e+04 1.774614e+04 
2.620202e-02 1.694628e+04 1.681856e+04 
3.124242e-02 1.562324e+04 1.569108e+04 
3.628283e-02 1.428329e+04 1.455331e+04 
4.132323e-02 1.308820e+04 1.346565e+04 
4.636364e-02 1.207374e+04 1.244847e+04 
5.140404e-02 1.123722e+04 1.150821e+04 
5.644444e-02 1.049816e+04 1.064508e+04 
6.148485e-02 9.811722e+03 9.856061e+03 
6.652525e-02 9.139485e+03 9.136530e+03 
7.156566e-02 8.466059e+03 8.481117e+03 
7.660606e-02 7.801906e+03 7.884272e+03 
8.164646e-02 7.175376e+03 7.340574e+03 
8.668687e-02 6.611858e+03 6.844912e+03 
9.172727e-02 6.121673e+03 6.392559e+03 
9.676768e-02 5.705602e+03 5.979206e+03 
1.018081e-01 5.358771e+03 5.600960e+03 
1.068485e-01 5.066833e+03 5.254323e+03 
1.118889e-01 4.807957e+03 4.936162e+03 
1.169293e-01 4.560894e+03 4.643681e+03 
1.219697e-01 4.315011e+03 4.374385e+03 
1.270101e-01 4.068990e+03 4.126047e+03 
1.320505e-01 3.826594e+03 3.896683e+03 
1.370909e-01 3.594348e+03 3.684521e+03 
1.421313e-01 3.378938e+03 3.487978e+03 
1.471717e-01 3.184989e+03 3.305641e+03 
1.522121e-01 3.014177e+03 3.136241e+03 
1.572525e-01 2.865130e+03 2.978645e+03 
1.622929e-01 2.734639e+03 2.831831e+03 
1.673333e-01 2.617370e+03 2.694884e+03 
1.723737e-01 2.507421e+03 2.566980e+03 
1.774141e-01 2.400669e+03 2.447373e+03 
1.824545e-01 2.295541e+03 2.335392e+03 
1.874949e-01 2.192071e+03 2.230429e+03 
1.925354e-01 2.091221e+03 2.131935e+03 
1.975758e-01 1.994616e+03 2.039409e+03 
2.026162e-01 1.904240e+03 1.952398e+03 
2.076566e-01 1.821336e+03 1.870490e+03 
2.126970e-01 1.745878e+03 1.793309e+03 
2.177374e-01 1.677020e+03 1.720511e+03 
2.227778e-01 1.613689e+03 1.651783e+03 
2.278182e-01 1.554564e+03 1.586839e+03 
2.328586e-01 1.498322e+03 1.525417e+03 
2.378990e-01 1.444009e+03 1.467275e+03 
2.429394e-01 1.391283e+03 1.412192e+03 
2.479798e-01 1.340211e+03 1.359965e+03 
2.530202e-01 1.290922e+03 1.310408e+03 
2.580606e-01 1.243593e+03 1.263346e+03 
2.631010e-01 1.198700e+03 1.218623e+03 
2.681414e-01 1.156595e+03 1.176090e+03 
2.731818e-01 1.117260e+03 1.135612e+03 
2.782222e-01 1.080309e+03 1.097063e+03 
2.832626e-01 1.045313e+03 1.060327e+03 
2.883030e-01 1.012031e+03 1.025295e+03 
2.933434e-01 9.802691e+02 9.918674e+02 
2.983838e-01 9.497399e+02 9.599510e+02 
3.034242e-01 9.202195e+02 9.294590e+02 
3.084646e-01 8.916624e+02 9.003107e+02 
3.135051e-01 8.641719e+02 8.724310e+02 
3.185455e-01 8.378436e+02 8.457497e+02 
3.235859e-01 8.126649e+02 8.202013e+02 
3.286263e-01 7.885857e+02 7.957247e+02 
3.336667e-01 7.656013e+02 7.722628e+02 
3.387071e-01 7.436987e+02 7.497621e+02 
3.437475e-01 7.227940e+02 7.281725e+02 
3.487879e-01 7.027370e+02 7.074469e+02 
3.538283e-01 6.834033e+02 6.875415e+02 
3.588687e-01 6.647522e+02 6.684149e+02 
3.639091e-01 6.467717e+02 6.500283e+02 
3.689495e-01 6.294363e+02 6.323453e+02 
3.739899e-01 6.127054e+02 6.153315e+02 
3.790303e-01 5.965563e+02 5.989547e+02 
3.840707e-01 5.810078e+02 5.831844e+02 
3.891111e-01 5.660646e+02 5.679922e+02 
3.941515e-01 5.516824e+02 5.533508e+02 
3.991919e-01 5.378258e+02 5.392350e+02 
4.042323e-01 5.244626e+02 5.256206e+02 
4.092727e-01 5.115761e+02 5.124848e+02 
4.143131e-01 4.991404e+02 4.998063e+02 
4.193535e-01 4.871105e+02 4.875647e+02 
4.243939e-01 4.754589e+02 4.757408e+02 
4.294343e-01 4.641893e+02 4.643164e+02 
4.344747e-01 4.532918e+02 4.532743e+02 
4.395152e-01 4.427545e+02 4.425982e+02 
4.445556e-01 4.325551e+02 4.322725e+02 
4.495960e-01 4.226818e+02 4.222825e+02 
4.546364e-01 4.131291e+02 4.126144e+02 
4.596768e-01 4.038882e+02 4.032548e+02 
4.647172e-01 3.949438e+02 3.941913e+02 
4.697576e-01 3.862672e+02 3.854118e+02 
4.747980e-01 3.778499e+02 3.769049e+02 
4.798384e-01 3.696972e+02 3.686598e+02 
4.848788e-01 3.617923e+02 3.606663e+02 
4.899192e-01 3.541152e+02 3.529145e+02 
4.949596e-01 3.466599e+02 3.453951e+02 
5.000000e-01 3.394210e+02 3.380992e+02 
