1.000000e-03 4.366092e+03 4.366088e+03 
6.040404e-03 1.916497e+04 1.910734e+04 
1.108081e-02 2.602165e+04 2.582900e+04 
1.612121e-02 2.799238e+04 2.829158e+04 
2.116162e-02 2.697068e+04 2.855411e+04 
2.620202e-02 2.434306e+04 2.773725e+04 
3.124242e-02 2.114999e+04 2.641843e+04 
3.628283e-02 1.808980e+04 2.489007e+04 
4.132323e-02 1.553902e+04 2.330595e+04 
4.636364e-02 1.360162e+04 2.174829e+04 
5.140404e-02 1.226583e+04 2.025998e+04 
5.644444e-02 1.137161e+04 1.886162e+04 
6.148485e-02 1.075027e+04 1.756106e+04 
6.652525e-02 1.024691e+04 1.635894e+04 
7.156566e-02 9.724599e+03 1.525191e+04 
7.660606e-02 9.105021e+03 1.423456e+04 
8.164646e-02 8.374110e+03 1.330054e+04 
8.668687e-02 7.572450e+03 1.244322e+04 
9.172727e-02 6.764636e+03 1.165608e+04 
9.676768e-02 6.016030e+03 1.093291e+04 
1.018081e-01 5.379649e+03 1.026792e+04 
1.068485e-01 4.885755e+03 9.655775e+03 
1.118889e-01 4.535035e+03 9.091623e+03 
1.169293e-01 4.302761e+03 8.571047e+03 
1.219697e-01 4.150893e+03 8.090058e+03 
1.270101e-01 4.039100e+03 7.645058e+03 
1.320505e-01 3.930297e+03 7.232807e+03 
1.370909e-01 3.795576e+03 6.850389e+03 
1.421313e-01 3.619425e+03 6.495177e+03 
1.471717e-01 3.402461e+03 6.164806e+03 
1.522121e-01 3.158127e+03 5.857149e+03 
1.572525e-01 2.906609e+03 5.570284e+03 
1.622929e-01 2.669300e+03 5.302478e+03 
1.673333e-01 2.463945e+03 5.052167e+03 
1.723737e-01 2.300361e+03 4.817935e+03 
1.774141e-01 2.179375e+03 4.598499e+03 
1.824545e-01 2.094891e+03 4.392697e+03 
1.874949e-01 2.036719e+03 4.199475e+03 
1.925354e-01 1.992719e+03 4.017873e+03 
1.975758e-01 1.950527e+03 3.847018e+03 
2.026162e-01 1.899913e+03 3.686116e+03 
2.076566e-01 1.835025e+03 3.534440e+03 
2.126970e-01 1.755189e+03 3.391327e+03 
2.177374e-01 1.664096e+03 3.256171e+03 
2.227778e-01 1.567973e+03 3.128417e+03 
2.278182e-01 1.474007e+03 3.007555e+03 
2.328586e-01 1.388561e+03 2.893117e+03 
2.378990e-01 1.315893e+03 2.784674e+03 
2.429394e-01 1.257602e+03 2.681830e+03 
2.479798e-01 1.212868e+03 2.584221e+03 
2.530202e-01 1.179091e+03 2.491511e+03 
2.580606e-01 1.152351e+03 2.403390e+03 
2.631010e-01 1.128167e+03 2.319571e+03 
2.681414e-01 1.102515e+03 2.239788e+03 
2.731818e-01 1.072803e+03 2.163796e+03 
2.782222e-01 1.038227e+03 2.091367e+03 
2.832626e-01 9.993517e+02 2.022290e+03 
2.883030e-01 9.577000e+02 1.956369e+03 
2.933434e-01 9.154316e+02 1.893421e+03 
2.983838e-01 8.749685e+02 1.833276e+03 
3.034242e-01 8.383675e+02 1.775776e+03 
3.084646e-01 8.067609e+02 1.720773e+03 
3.135051e-01 7.802940e+02 1.668131e+03 
3.185455e-01 7.583424e+02 1.617720e+03 
3.235859e-01 7.398264e+02 1.569421e+03 
3.286263e-01 7.233789e+02 1.523121e+03 
3.336667e-01 7.075457e+02 1.478715e+03 
3.387071e-01 6.910962e+02 1.436105e+03 
3.437475e-01 6.732655e+02 1.395199e+03 
3.487879e-01 6.539295e+02 1.355909e+03 
3.538283e-01 6.334343e+02 1.318155e+03 
3.588687e-01 6.124336e+02 1.281861e+03 
3.639091e-01 5.916737e+02 1.246954e+03 
3.689495e-01 5.718923e+02 1.213368e+03 
3.739899e-01 5.536751e+02 1.181038e+03 
3.790303e-01 5.373562e+02 1.149905e+03 
3.840707e-01 5.229513e+02 1.119912e+03 
3.891111e-01 5.101778e+02 1.091007e+03 
3.941515e-01 4.986166e+02 1.063139e+03 
3.991919e-01 4.877892e+02 1.036260e+03 
4.042323e-01 4.772195e+02 1.010326e+03 
4.092727e-01 4.665262e+02 9.852951e+02 
4.143131e-01 4.554785e+02 9.611265e+02 
4.193535e-01 4.440665e+02 9.377825e+02 
4.243939e-01 4.324313e+02 9.152272e+02 
4.294343e-01 4.207859e+02 8.934268e+02 
4.344747e-01 4.093864e+02 8.723490e+02 
4.395152e-01 3.984475e+02 8.519632e+02 
4.445556e-01 3.881779e+02 8.322404e+02 
4.495960e-01 3.786705e+02 8.131532e+02 
4.546364e-01 3.699207e+02 7.946754e+02 
4.596768e-01 3.618072e+02 7.767822e+02 
4.647172e-01 3.541820e+02 7.594499e+02 
4.697576e-01 3.468786e+02 7.426561e+02 
4.747980e-01 3.397606e+02 7.263796e+02 
4.798384e-01 3.326872e+02 7.105998e+02 
4.848788e-01 3.255779e+02 6.952975e+02 
4.899192e-01 3.184276e+02 6.804542e+02 
4.949596e-01 3.112855e+02 6.660523e+02 
5.000000e-01 3.042375e+02 6.520750e+02 
