1.000000e-03 7.214865e+03 7.214859e+03 
6.040404e-03 3.188194e+04 3.214993e+04 
1.108081e-02 4.295528e+04 4.347052e+04 
1.612121e-02 4.547991e+04 4.628932e+04 
2.116162e-02 4.268326e+04 4.306339e+04 
2.620202e-02 3.704285e+04 3.661140e+04 
3.124242e-02 3.049763e+04 2.999774e+04 
3.628283e-02 2.437803e+04 2.467468e+04 
4.132323e-02 1.939387e+04 2.069941e+04 
4.636364e-02 1.573266e+04 1.772231e+04 
5.140404e-02 1.332491e+04 1.542675e+04 
5.644444e-02 1.189195e+04 1.359910e+04 
6.148485e-02 1.113192e+04 1.210395e+04 
6.652525e-02 1.075371e+04 1.085464e+04 
7.156566e-02 1.050518e+04 9.793758e+03 
7.660606e-02 1.018181e+04 8.881613e+03 
8.164646e-02 9.649979e+03 8.089645e+03 
8.668687e-02 8.873263e+03 7.396563e+03 
9.172727e-02 7.906537e+03 6.786025e+03 
9.676768e-02 6.861409e+03 6.245187e+03 
1.018081e-01 5.861894e+03 5.763753e+03 
1.068485e-01 5.007280e+03 5.333346e+03 
1.118889e-01 4.351822e+03 4.947062e+03 
1.169293e-01 3.905495e+03 4.599149e+03 
1.219697e-01 3.646640e+03 4.284778e+03 
1.270101e-01 3.535204e+03 3.999859e+03 
1.320505e-01 3.520048e+03 3.740909e+03 
1.370909e-01 3.544506e+03 3.504940e+03 
1.421313e-01 3.554889e+03 3.289384e+03 
1.471717e-01 3.509450e+03 3.092014e+03 
1.522121e-01 3.384173e+03 2.910898e+03 
1.572525e-01 3.176301e+03 2.744349e+03 
1.622929e-01 2.905310e+03 2.590892e+03 
1.673333e-01 2.606398e+03 2.449230e+03 
1.723737e-01 2.317684e+03 2.318220e+03 
1.774141e-01 2.068368e+03 2.196851e+03 
1.824545e-01 1.874135e+03 2.084230e+03 
1.874949e-01 1.739728e+03 1.979560e+03 
1.925354e-01 1.662056e+03 1.882134e+03 
1.975758e-01 1.631148e+03 1.791318e+03 
2.026162e-01 1.631272e+03 1.706545e+03 
2.076566e-01 1.643683e+03 1.627307e+03 
2.126970e-01 1.650507e+03 1.553148e+03 
2.177374e-01 1.637838e+03 1.483656e+03 
2.227778e-01 1.597435e+03 1.418459e+03 
2.278182e-01 1.527689e+03 1.357221e+03 
2.328586e-01 1.433878e+03 1.299638e+03 
2.378990e-01 1.326592e+03 1.245433e+03 
2.429394e-01 1.218314e+03 1.194356e+03 
2.479798e-01 1.119866e+03 1.146177e+03 
2.530202e-01 1.038739e+03 1.100688e+03 
2.580606e-01 9.786296e+02 1.057699e+03 
2.631010e-01 9.396427e+02 1.017035e+03 
2.681414e-01 9.188642e+02 9.785373e+02 
2.731818e-01 9.111130e+02 9.420585e+02 
2.782222e-01 9.100186e+02 9.074643e+02 
2.832626e-01 9.091495e+02 8.746312e+02 
2.883030e-01 9.029377e+02 8.434453e+02 
2.933434e-01 8.874871e+02 8.138014e+02 
2.983838e-01 8.611433e+02 7.856028e+02 
3.034242e-01 8.248975e+02 7.587597e+02 
3.084646e-01 7.818684e+02 7.331894e+02 
3.135051e-01 7.363002e+02 7.088150e+02 
3.185455e-01 6.924158e+02 6.855653e+02 
3.235859e-01 6.535842e+02 6.633744e+02 
3.286263e-01 6.219482e+02 6.421808e+02 
3.336667e-01 5.983703e+02 6.219275e+02 
3.387071e-01 5.824605e+02 6.025613e+02 
3.437475e-01 5.727266e+02 5.840327e+02 
3.487879e-01 5.669316e+02 5.662957e+02 
3.538283e-01 5.625561e+02 5.493070e+02 
3.588687e-01 5.573067e+02 5.330265e+02 
3.639091e-01 5.494291e+02 5.174166e+02 
3.689495e-01 5.378604e+02 5.024419e+02 
3.739899e-01 5.223823e+02 4.880697e+02 
3.790303e-01 5.036556e+02 4.742688e+02 
3.840707e-01 4.829988e+02 4.610105e+02 
3.891111e-01 4.620051e+02 4.482674e+02 
3.941515e-01 4.421534e+02 4.360141e+02 
3.991919e-01 4.245800e+02 4.242265e+02 
4.042323e-01 4.099689e+02 4.128820e+02 
4.092727e-01 3.985072e+02 4.019594e+02 
4.143131e-01 3.899195e+02 3.914386e+02 
4.193535e-01 3.835158e+02 3.813008e+02 
4.243939e-01 3.783958e+02 3.715281e+02 
4.294343e-01 3.736363e+02 3.621038e+02 
4.344747e-01 3.684254e+02 3.530121e+02 
4.395152e-01 3.621318e+02 3.442379e+02 
4.445556e-01 3.544205e+02 3.357670e+02 
4.495960e-01 3.453333e+02 3.275861e+02 
4.546364e-01 3.352018e+02 3.196825e+02 
4.596768e-01 3.245410e+02 3.120442e+02 
4.647172e-01 3.139278e+02 3.046598e+02 
4.697576e-01 3.038786e+02 2.975185e+02 
4.747980e-01 2.948274e+02 2.906101e+02 
4.798384e-01 2.870084e+02 2.839249e+02 
4.848788e-01 2.804585e+02 2.774537e+02 
4.899192e-01 2.750201e+02 2.711876e+02 
4.949596e-01 2.704060e+02 2.651185e+02 
5.000000e-01 2.662726e+02 2.592384e+02 
