1.000000e-03 4.187999e+03 4.187996e+03 
6.040404e-03 1.835739e+04 1.849629e+04 
1.108081e-02 2.471435e+04 2.486768e+04 
1.612121e-02 2.641794e+04 2.652597e+04 
2.116162e-02 2.538457e+04 2.527809e+04 
2.620202e-02 2.295893e+04 2.280890e+04 
3.124242e-02 2.010432e+04 2.029039e+04 
3.628283e-02 1.743179e+04 1.810063e+04 
4.132323e-02 1.524510e+04 1.624813e+04 
4.636364e-02 1.360066e+04 1.466794e+04 
5.140404e-02 1.245799e+04 1.330257e+04 
5.644444e-02 1.164527e+04 1.211048e+04 
6.148485e-02 1.100877e+04 1.106171e+04 
6.652525e-02 1.040364e+04 1.013378e+04 
7.156566e-02 9.741042e+03 9.309074e+03 
7.660606e-02 8.987808e+03 8.573331e+03 
8.164646e-02 8.168736e+03 7.914764e+03 
8.668687e-02 7.343716e+03 7.323477e+03 
9.172727e-02 6.576911e+03 6.791080e+03 
9.676768e-02 5.919057e+03 6.310410e+03 
1.018081e-01 5.399286e+03 5.875325e+03 
1.068485e-01 5.018764e+03 5.480527e+03 
1.118889e-01 4.752567e+03 5.121437e+03 
1.169293e-01 4.561382e+03 4.794084e+03 
1.219697e-01 4.404106e+03 4.495008e+03 
1.270101e-01 4.245362e+03 4.221193e+03 
1.320505e-01 4.060411e+03 3.969999e+03 
1.370909e-01 3.840136e+03 3.739108e+03 
1.421313e-01 3.591105e+03 3.526482e+03 
1.471717e-01 3.329803e+03 3.330325e+03 
1.522121e-01 3.075143e+03 3.149048e+03 
1.572525e-01 2.844777e+03 2.981243e+03 
1.622929e-01 2.651836e+03 2.825660e+03 
1.673333e-01 2.501414e+03 2.681186e+03 
1.723737e-01 2.389349e+03 2.546827e+03 
1.774141e-01 2.305184e+03 2.421698e+03 
1.824545e-01 2.236952e+03 2.305003e+03 
1.874949e-01 2.173594e+03 2.196028e+03 
1.925354e-01 2.105650e+03 2.094132e+03 
1.975758e-01 2.026884e+03 1.998736e+03 
2.026162e-01 1.936067e+03 1.909320e+03 
2.076566e-01 1.836838e+03 1.825410e+03 
2.126970e-01 1.735621e+03 1.746580e+03 
2.177374e-01 1.638619e+03 1.672443e+03 
2.227778e-01 1.550897e+03 1.602645e+03 
2.278182e-01 1.475563e+03 1.536866e+03 
2.328586e-01 1.413534e+03 1.474814e+03 
2.378990e-01 1.363513e+03 1.416223e+03 
2.429394e-01 1.322443e+03 1.360847e+03 
2.479798e-01 1.286462e+03 1.308464e+03 
2.530202e-01 1.251721e+03 1.258869e+03 
2.580606e-01 1.215251e+03 1.211875e+03 
2.631010e-01 1.175539e+03 1.167308e+03 
2.681414e-01 1.132594e+03 1.125011e+03 
2.731818e-01 1.087634e+03 1.084835e+03 
2.782222e-01 1.042448e+03 1.046647e+03 
2.832626e-01 9.989364e+02 1.010321e+03 
2.883030e-01 9.587873e+02 9.757430e+02 
2.933434e-01 9.230047e+02 9.428055e+02 
2.983838e-01 8.918387e+02 9.114098e+02 
3.034242e-01 8.647970e+02 8.814643e+02 
3.084646e-01 8.408876e+02 8.528839e+02 
3.135051e-01 8.189101e+02 8.255894e+02 
3.185455e-01 7.976649e+02 7.995074e+02 
3.235859e-01 7.762282e+02 7.745693e+02 
3.286263e-01 7.541180e+02 7.507114e+02 
3.336667e-01 7.312904e+02 7.278741e+02 
3.387071e-01 7.080689e+02 7.060018e+02 
3.437475e-01 6.849871e+02 6.850427e+02 
3.487879e-01 6.626765e+02 6.649483e+02 
3.538283e-01 6.416716e+02 6.456730e+02 
3.588687e-01 6.222718e+02 6.271745e+02 
3.639091e-01 6.045390e+02 6.094127e+02 
3.689495e-01 5.883194e+02 5.923504e+02 
3.739899e-01 5.733406e+02 5.759523e+02 
3.790303e-01 5.592732e+02 5.601856e+02 
3.840707e-01 5.457156e+02 5.450193e+02 
3.891111e-01 5.323370e+02 5.304242e+02 
3.941515e-01 5.189534e+02 5.163729e+02 
3.991919e-01 5.055289e+02 5.028395e+02 
4.042323e-01 4.921754e+02 4.897997e+02 
4.092727e-01 4.790349e+02 4.772305e+02 
4.143131e-01 4.662567e+02 4.651102e+02 
4.193535e-01 4.539989e+02 4.534184e+02 
4.243939e-01 4.423769e+02 4.421358e+02 
4.294343e-01 4.314452e+02 4.312440e+02 
4.344747e-01 4.211554e+02 4.207258e+02 
4.395152e-01 4.114131e+02 4.105648e+02 
4.445556e-01 4.021022e+02 4.007455e+02 
4.495960e-01 3.931148e+02 3.912533e+02 
4.546364e-01 3.843601e+02 3.820742e+02 
4.596768e-01 3.757507e+02 3.731950e+02 
4.647172e-01 3.672471e+02 3.646032e+02 
4.697576e-01 3.588695e+02 3.562870e+02 
4.747980e-01 3.506641e+02 3.482349e+02 
4.798384e-01 3.426773e+02 3.404364e+02 
4.848788e-01 3.349398e+02 3.328812e+02 
4.899192e-01 3.274845e+02 3.255596e+02 
4.949596e-01 3.203502e+02 3.184623e+02 
5.000000e-01 3.135112e+02 3.115806e+02 
