1.000000e-03 3.921581e+03 3.921578e+03 
6.040404e-03 1.743006e+04 1.755981e+04 
1.108081e-02 2.351153e+04 2.364161e+04 
1.612121e-02 2.515540e+04 2.522127e+04 
2.116162e-02 2.420660e+04 2.407644e+04 
2.620202e-02 2.195357e+04 2.182678e+04 
3.124242e-02 1.930988e+04 1.953186e+04 
3.628283e-02 1.684593e+04 1.751620e+04 
4.132323e-02 1.483689e+04 1.578859e+04 
4.636364e-02 1.332739e+04 1.429788e+04 
5.140404e-02 1.226784e+04 1.299833e+04 
5.644444e-02 1.149285e+04 1.185619e+04 
6.148485e-02 1.085335e+04 1.084643e+04 
6.652525e-02 1.022291e+04 9.949692e+03 
7.156566e-02 9.529884e+03 9.150389e+03 
7.660606e-02 8.757379e+03 8.435655e+03 
8.164646e-02 7.940296e+03 7.794671e+03 
8.668687e-02 7.140330e+03 7.218244e+03 
9.172727e-02 6.416763e+03 6.698509e+03 
9.676768e-02 5.811831e+03 6.228705e+03 
1.018081e-01 5.343783e+03 5.802998e+03 
1.068485e-01 5.004017e+03 5.416338e+03 
1.118889e-01 4.761364e+03 5.064341e+03 
1.169293e-01 4.575140e+03 4.743196e+03 
1.219697e-01 4.406576e+03 4.449574e+03 
1.270101e-01 4.225293e+03 4.180567e+03 
1.320505e-01 4.014349e+03 3.933623e+03 
1.370909e-01 3.773090e+03 3.706502e+03 
1.421313e-01 3.513970e+03 3.497228e+03 
1.471717e-01 3.254683e+03 3.304058e+03 
1.522121e-01 3.012553e+03 3.125450e+03 
1.572525e-01 2.802104e+03 2.960034e+03 
1.622929e-01 2.631970e+03 2.806593e+03 
1.673333e-01 2.501792e+03 2.664045e+03 
1.723737e-01 2.403007e+03 2.531421e+03 
1.774141e-01 2.323677e+03 2.407855e+03 
1.824545e-01 2.252623e+03 2.292572e+03 
1.874949e-01 2.180498e+03 2.184874e+03 
1.925354e-01 2.100353e+03 2.084135e+03 
1.975758e-01 2.009314e+03 1.989789e+03 
2.026162e-01 1.909722e+03 1.901325e+03 
2.076566e-01 1.807366e+03 1.818282e+03 
2.126970e-01 1.708523e+03 1.740240e+03 
2.177374e-01 1.618069e+03 1.666820e+03 
2.227778e-01 1.539128e+03 1.597677e+03 
2.278182e-01 1.472940e+03 1.532496e+03 
2.328586e-01 1.418579e+03 1.470989e+03 
2.378990e-01 1.373281e+03 1.412896e+03 
2.429394e-01 1.333370e+03 1.357976e+03 
2.479798e-01 1.295215e+03 1.306011e+03 
2.530202e-01 1.255992e+03 1.256798e+03 
2.580606e-01 1.214160e+03 1.210154e+03 
2.631010e-01 1.169637e+03 1.165908e+03 
2.681414e-01 1.123530e+03 1.123904e+03 
2.731818e-01 1.077561e+03 1.083998e+03 
2.782222e-01 1.033505e+03 1.046057e+03 
2.832626e-01 9.927709e+02 1.009959e+03 
2.883030e-01 9.562334e+02 9.755887e+02 
2.933434e-01 9.240549e+02 9.428423e+02 
2.983838e-01 8.957471e+02 9.116220e+02 
3.034242e-01 8.703488e+02 8.818374e+02 
3.084646e-01 8.466973e+02 8.534046e+02 
3.135051e-01 8.237125e+02 8.262456e+02 
3.185455e-01 8.006374e+02 8.002877e+02 
3.235859e-01 7.771277e+02 7.754634e+02 
3.286263e-01 7.532146e+02 7.517098e+02 
3.336667e-01 7.291974e+02 7.289679e+02 
3.387071e-01 7.055935e+02 7.071830e+02 
3.437475e-01 6.829628e+02 6.863037e+02 
3.487879e-01 6.617428e+02 6.662822e+02 
3.538283e-01 6.421190e+02 6.470734e+02 
3.588687e-01 6.240319e+02 6.286354e+02 
3.639091e-01 6.073023e+02 6.109286e+02 
3.689495e-01 5.916772e+02 5.939163e+02 
3.739899e-01 5.768267e+02 5.775635e+02 
3.790303e-01 5.624054e+02 5.618378e+02 
3.840707e-01 5.481648e+02 5.467084e+02 
3.891111e-01 5.339934e+02 5.321465e+02 
3.941515e-01 5.199349e+02 5.181248e+02 
3.991919e-01 5.060976e+02 5.046180e+02 
4.042323e-01 4.925945e+02 4.916017e+02 
4.092727e-01 4.795653e+02 4.790533e+02 
4.143131e-01 4.671358e+02 4.669512e+02 
4.193535e-01 4.553604e+02 4.552753e+02 
4.243939e-01 4.442301e+02 4.440063e+02 
4.294343e-01 4.336702e+02 4.331261e+02 
4.344747e-01 4.235830e+02 4.226176e+02 
4.395152e-01 4.138789e+02 4.124646e+02 
4.445556e-01 4.044668e+02 4.026516e+02 
4.495960e-01 3.952638e+02 3.931642e+02 
4.546364e-01 3.862273e+02 3.839885e+02 
4.596768e-01 3.773591e+02 3.751114e+02 
4.647172e-01 3.686863e+02 3.665206e+02 
4.697576e-01 3.602424e+02 3.582041e+02 
4.747980e-01 3.520539e+02 3.501508e+02 
4.798384e-01 3.441576e+02 3.423501e+02 
4.848788e-01 3.365707e+02 3.347918e+02 
4.899192e-01 3.292872e+02 3.274663e+02 
4.949596e-01 3.222786e+02 3.203643e+02 
5.000000e-01 3.155085e+02 3.134773e+02 
