1.000000e-03 2.227782e+03 2.227780e+03 
6.040404e-03 9.993703e+03 1.006633e+04 
1.108081e-02 1.383547e+04 1.384817e+04 
1.612121e-02 1.536833e+04 1.527323e+04 
2.116162e-02 1.554831e+04 1.537003e+04 
2.620202e-02 1.498665e+04 1.483698e+04 
3.124242e-02 1.408644e+04 1.406127e+04 
3.628283e-02 1.309810e+04 1.320844e+04 
4.132323e-02 1.215650e+04 1.234881e+04 
4.636364e-02 1.129964e+04 1.151577e+04 
5.140404e-02 1.055669e+04 1.072589e+04 
5.644444e-02 9.872159e+03 9.986697e+03 
6.148485e-02 9.224252e+03 9.300609e+03 
6.652525e-02 8.607022e+03 8.667060e+03 
7.156566e-02 8.007005e+03 8.083830e+03 
7.660606e-02 7.427565e+03 7.547841e+03 
8.164646e-02 6.886845e+03 7.055646e+03 
8.668687e-02 6.402127e+03 6.603717e+03 
9.172727e-02 5.976101e+03 6.188613e+03 
9.676768e-02 5.602243e+03 5.807077e+03 
1.018081e-01 5.273737e+03 5.456074e+03 
1.068485e-01 4.983431e+03 5.132819e+03 
1.118889e-01 4.719724e+03 4.834769e+03 
1.169293e-01 4.469574e+03 4.559616e+03 
1.219697e-01 4.225739e+03 4.305276e+03 
1.270101e-01 3.988241e+03 4.069865e+03 
1.320505e-01 3.761524e+03 3.851689e+03 
1.370909e-01 3.549915e+03 3.649219e+03 
1.421313e-01 3.355863e+03 3.461080e+03 
1.471717e-01 3.179860e+03 3.286034e+03 
1.522121e-01 3.020941e+03 3.122962e+03 
1.572525e-01 2.877337e+03 2.970857e+03 
1.622929e-01 2.746945e+03 2.828811e+03 
1.673333e-01 2.626499e+03 2.696000e+03 
1.723737e-01 2.512423e+03 2.571680e+03 
1.774141e-01 2.402400e+03 2.455177e+03 
1.824545e-01 2.296320e+03 2.345881e+03 
1.874949e-01 2.194921e+03 2.243235e+03 
1.925354e-01 2.098645e+03 2.146735e+03 
1.975758e-01 2.007680e+03 2.055921e+03 
2.026162e-01 1.922416e+03 1.970374e+03 
2.076566e-01 1.843503e+03 1.889712e+03 
2.126970e-01 1.770616e+03 1.813584e+03 
2.177374e-01 1.702667e+03 1.741671e+03 
2.227778e-01 1.638566e+03 1.673680e+03 
2.278182e-01 1.577722e+03 1.609342e+03 
2.328586e-01 1.519789e+03 1.548411e+03 
2.378990e-01 1.464405e+03 1.490658e+03 
2.429394e-01 1.411291e+03 1.435875e+03 
2.479798e-01 1.360402e+03 1.383869e+03 
2.530202e-01 1.311897e+03 1.334464e+03 
2.580606e-01 1.265870e+03 1.287494e+03 
2.631010e-01 1.222249e+03 1.242808e+03 
2.681414e-01 1.180920e+03 1.200266e+03 
2.731818e-01 1.141764e+03 1.159738e+03 
2.782222e-01 1.104606e+03 1.121103e+03 
2.832626e-01 1.069204e+03 1.084248e+03 
2.883030e-01 1.035340e+03 1.049072e+03 
2.933434e-01 1.002857e+03 1.015475e+03 
2.983838e-01 9.716766e+02 9.833697e+02 
3.034242e-01 9.417768e+02 9.526707e+02 
3.084646e-01 9.131237e+02 9.233003e+02 
3.135051e-01 8.856710e+02 8.951854e+02 
3.185455e-01 8.593706e+02 8.682581e+02 
3.235859e-01 8.341793e+02 8.424545e+02 
3.286263e-01 8.100595e+02 8.177152e+02 
3.336667e-01 7.869617e+02 7.939845e+02 
3.387071e-01 7.648066e+02 7.712099e+02 
3.437475e-01 7.435123e+02 7.493427e+02 
3.487879e-01 7.230277e+02 7.283367e+02 
3.538283e-01 7.033184e+02 7.081490e+02 
3.588687e-01 6.843541e+02 6.887389e+02 
3.639091e-01 6.660908e+02 6.700683e+02 
3.689495e-01 6.484837e+02 6.521014e+02 
3.739899e-01 6.315148e+02 6.348044e+02 
3.790303e-01 6.151761e+02 6.181455e+02 
3.840707e-01 5.994473e+02 6.020947e+02 
3.891111e-01 5.842911e+02 5.866237e+02 
3.941515e-01 5.696632e+02 5.717059e+02 
3.991919e-01 5.555315e+02 5.573161e+02 
4.042323e-01 5.418958e+02 5.434304e+02 
4.092727e-01 5.287425e+02 5.300263e+02 
4.143131e-01 5.160345e+02 5.170825e+02 
4.193535e-01 5.037336e+02 5.045789e+02 
4.243939e-01 4.918308e+02 4.924964e+02 
4.294343e-01 4.803265e+02 4.808168e+02 
4.344747e-01 4.692084e+02 4.695231e+02 
4.395152e-01 4.584533e+02 4.585989e+02 
4.445556e-01 4.480380e+02 4.480288e+02 
4.495960e-01 4.379419e+02 4.377983e+02 
4.546364e-01 4.281692e+02 4.278932e+02 
4.596768e-01 4.187144e+02 4.183005e+02 
4.647172e-01 4.095509e+02 4.090076e+02 
4.697576e-01 4.006541e+02 4.000024e+02 
4.747980e-01 3.920232e+02 3.912736e+02 
4.798384e-01 3.836572e+02 3.828104e+02 
4.848788e-01 3.755473e+02 3.746024e+02 
4.899192e-01 3.676773e+02 3.666398e+02 
4.949596e-01 3.600289e+02 3.589133e+02 
5.000000e-01 3.525986e+02 3.514138e+02 
