1.000000e-03 4.283947e+03 4.283943e+03 
6.040404e-03 1.894024e+04 1.908571e+04 
1.108081e-02 2.551034e+04 2.567843e+04 
1.612121e-02 2.723642e+04 2.736837e+04 
2.116162e-02 2.610823e+04 2.601347e+04 
2.620202e-02 2.352849e+04 2.336895e+04 
3.124242e-02 2.050624e+04 2.068646e+04 
3.628283e-02 1.768379e+04 1.837494e+04 
4.132323e-02 1.538107e+04 1.643858e+04 
4.636364e-02 1.365950e+04 1.480094e+04 
5.140404e-02 1.247584e+04 1.339545e+04 
5.644444e-02 1.165548e+04 1.217467e+04 
6.148485e-02 1.102865e+04 1.110495e+04 
6.652525e-02 1.044356e+04 1.016146e+04 
7.156566e-02 9.803188e+03 9.325046e+03 
7.660606e-02 9.064498e+03 8.580426e+03 
8.164646e-02 8.245188e+03 7.915092e+03 
8.668687e-02 7.404741e+03 7.318637e+03 
9.172727e-02 6.613233e+03 6.782298e+03 
9.676768e-02 5.927785e+03 6.298637e+03 
1.018081e-01 5.382401e+03 5.861301e+03 
1.068485e-01 4.982080e+03 5.464835e+03 
1.118889e-01 4.704983e+03 5.104536e+03 
1.169293e-01 4.513617e+03 4.776334e+03 
1.219697e-01 4.365423e+03 4.476698e+03 
1.270101e-01 4.221356e+03 4.202550e+03 
1.320505e-01 4.052241e+03 3.951203e+03 
1.370909e-01 3.845275e+03 3.720302e+03 
1.421313e-01 3.604573e+03 3.507778e+03 
1.471717e-01 3.344860e+03 3.311811e+03 
1.522121e-01 3.085290e+03 3.130792e+03 
1.572525e-01 2.845450e+03 2.963297e+03 
1.622929e-01 2.641471e+03 2.808063e+03 
1.673333e-01 2.481182e+03 2.663968e+03 
1.723737e-01 2.362200e+03 2.530010e+03 
1.774141e-01 2.275067e+03 2.405295e+03 
1.824545e-01 2.208051e+03 2.289022e+03 
1.874949e-01 2.149616e+03 2.180474e+03 
1.925354e-01 2.088962e+03 2.079006e+03 
1.975758e-01 2.017878e+03 1.984036e+03 
2.026162e-01 1.933180e+03 1.895041e+03 
2.076566e-01 1.837562e+03 1.811546e+03 
2.126970e-01 1.737085e+03 1.733124e+03 
2.177374e-01 1.638242e+03 1.659386e+03 
2.227778e-01 1.546764e+03 1.589978e+03 
2.278182e-01 1.466886e+03 1.524580e+03 
2.328586e-01 1.400797e+03 1.462898e+03 
2.378990e-01 1.348015e+03 1.404665e+03 
2.429394e-01 1.305875e+03 1.349639e+03 
2.479798e-01 1.270519e+03 1.297594e+03 
2.530202e-01 1.237933e+03 1.248327e+03 
2.580606e-01 1.204613e+03 1.201650e+03 
2.631010e-01 1.168208e+03 1.157391e+03 
2.681414e-01 1.127956e+03 1.115390e+03 
2.731818e-01 1.084596e+03 1.075501e+03 
2.782222e-01 1.039876e+03 1.037590e+03 
2.832626e-01 9.958424e+02 1.001532e+03 
2.883030e-01 9.543492e+02 9.672126e+02 
2.933434e-01 9.168254e+02 9.345248e+02 
2.983838e-01 8.840268e+02 9.033702e+02 
3.034242e-01 8.558848e+02 8.736574e+02 
3.084646e-01 8.315800e+02 8.453017e+02 
3.135051e-01 8.098666e+02 8.182241e+02 
3.185455e-01 7.894439e+02 7.923515e+02 
3.235859e-01 7.692395e+02 7.676156e+02 
3.286263e-01 7.484929e+02 7.439529e+02 
3.336667e-01 7.268484e+02 7.213041e+02 
3.387071e-01 7.043968e+02 6.996138e+02 
3.437475e-01 6.816112e+02 6.788305e+02 
3.487879e-01 6.591955e+02 6.589059e+02 
3.538283e-01 6.377946e+02 6.397946e+02 
3.588687e-01 6.178292e+02 6.214545e+02 
3.639091e-01 5.995045e+02 6.038458e+02 
3.689495e-01 5.828495e+02 5.869314e+02 
3.739899e-01 5.677120e+02 5.706764e+02 
3.790303e-01 5.537426e+02 5.550480e+02 
3.840707e-01 5.405046e+02 5.400154e+02 
3.891111e-01 5.275870e+02 5.255495e+02 
3.941515e-01 5.147357e+02 5.116232e+02 
3.991919e-01 5.018359e+02 4.982108e+02 
4.042323e-01 4.888581e+02 4.852881e+02 
4.092727e-01 4.759068e+02 4.728322e+02 
4.143131e-01 4.631572e+02 4.608216e+02 
4.193535e-01 4.508271e+02 4.492360e+02 
4.243939e-01 4.390649e+02 4.380561e+02 
4.294343e-01 4.279492e+02 4.272639e+02 
4.344747e-01 4.175055e+02 4.168422e+02 
4.395152e-01 4.077026e+02 4.067746e+02 
4.445556e-01 3.984437e+02 3.970459e+02 
4.495960e-01 3.895903e+02 3.876415e+02 
4.546364e-01 3.810094e+02 3.785475e+02 
4.596768e-01 3.726081e+02 3.697508e+02 
4.647172e-01 3.643293e+02 3.612391e+02 
4.697576e-01 3.561418e+02 3.530005e+02 
4.747980e-01 3.480600e+02 3.450238e+02 
4.798384e-01 3.401262e+02 3.372984e+02 
4.848788e-01 3.323956e+02 3.298141e+02 
4.899192e-01 3.249359e+02 3.225614e+02 
4.949596e-01 3.177721e+02 3.155310e+02 
5.000000e-01 3.109001e+02 3.087142e+02 
