1.000000e-03 2.652180e+03 2.652178e+03 
6.040404e-03 1.170541e+04 1.178796e+04 
1.108081e-02 1.594951e+04 1.595862e+04 
1.612121e-02 1.745486e+04 1.733913e+04 
2.116162e-02 1.740935e+04 1.720480e+04 
2.620202e-02 1.655740e+04 1.640836e+04 
3.124242e-02 1.538016e+04 1.539573e+04 
3.628283e-02 1.416426e+04 1.434106e+04 
4.132323e-02 1.304900e+04 1.331126e+04 
4.636364e-02 1.207113e+04 1.233492e+04 
5.140404e-02 1.123670e+04 1.142428e+04 
5.644444e-02 1.047128e+04 1.058319e+04 
6.148485e-02 9.751536e+03 9.810946e+03 
6.652525e-02 9.056664e+03 9.104381e+03 
7.156566e-02 8.379258e+03 8.459115e+03 
7.660606e-02 7.732597e+03 7.870283e+03 
8.164646e-02 7.139438e+03 7.332953e+03 
8.668687e-02 6.613965e+03 6.842370e+03 
9.172727e-02 6.156431e+03 6.394077e+03 
9.676768e-02 5.761253e+03 5.983971e+03 
1.018081e-01 5.420811e+03 5.608317e+03 
1.068485e-01 5.121217e+03 5.263741e+03 
1.118889e-01 4.844086e+03 4.947211e+03 
1.169293e-01 4.575981e+03 4.656008e+03 
1.219697e-01 4.313294e+03 4.387702e+03 
1.270101e-01 4.059080e+03 4.140117e+03 
1.320505e-01 3.817993e+03 3.911312e+03 
1.370909e-01 3.594504e+03 3.699548e+03 
1.421313e-01 3.391723e+03 3.503272e+03 
1.471717e-01 3.210317e+03 3.321091e+03 
1.522121e-01 3.048468e+03 3.151760e+03 
1.572525e-01 2.903362e+03 2.994157e+03 
1.622929e-01 2.771227e+03 2.847278e+03 
1.673333e-01 2.647753e+03 2.710216e+03 
1.723737e-01 2.529485e+03 2.582157e+03 
1.774141e-01 2.414970e+03 2.462363e+03 
1.824545e-01 2.304551e+03 2.350169e+03 
1.874949e-01 2.198971e+03 2.244974e+03 
1.925354e-01 2.099034e+03 2.146231e+03 
1.975758e-01 2.005639e+03 2.053445e+03 
2.026162e-01 1.919404e+03 1.966166e+03 
2.076566e-01 1.840105e+03 1.883983e+03 
2.126970e-01 1.766664e+03 1.806523e+03 
2.177374e-01 1.698041e+03 1.733445e+03 
2.227778e-01 1.633341e+03 1.664436e+03 
2.278182e-01 1.571786e+03 1.599212e+03 
2.328586e-01 1.512769e+03 1.537512e+03 
2.378990e-01 1.456037e+03 1.479094e+03 
2.429394e-01 1.401837e+03 1.423740e+03 
2.479798e-01 1.350214e+03 1.371245e+03 
2.530202e-01 1.301103e+03 1.321424e+03 
2.580606e-01 1.254545e+03 1.274105e+03 
2.631010e-01 1.210641e+03 1.229128e+03 
2.681414e-01 1.169341e+03 1.186347e+03 
2.731818e-01 1.130265e+03 1.145627e+03 
2.782222e-01 1.093002e+03 1.106841e+03 
2.832626e-01 1.057353e+03 1.069874e+03 
2.883030e-01 1.023276e+03 1.034616e+03 
2.933434e-01 9.906603e+02 1.000969e+03 
2.983838e-01 9.593526e+02 9.688385e+02 
3.034242e-01 9.292741e+02 9.381379e+02 
3.084646e-01 9.004622e+02 9.087866e+02 
3.135051e-01 8.729613e+02 8.807092e+02 
3.185455e-01 8.467117e+02 8.538355e+02 
3.235859e-01 8.215882e+02 8.281001e+02 
3.286263e-01 7.975129e+02 8.034415e+02 
3.336667e-01 7.744615e+02 7.798027e+02 
3.387071e-01 7.523858e+02 7.571298e+02 
3.437475e-01 7.311848e+02 7.353729e+02 
3.487879e-01 7.107597e+02 7.144847e+02 
3.538283e-01 6.910779e+02 6.944211e+02 
3.588687e-01 6.721538e+02 6.751407e+02 
3.639091e-01 6.539668e+02 6.566047e+02 
3.689495e-01 6.364634e+02 6.387763e+02 
3.739899e-01 6.196011e+02 6.216213e+02 
3.790303e-01 6.033613e+02 6.051071e+02 
3.840707e-01 5.877407e+02 5.892033e+02 
3.891111e-01 5.727010e+02 5.738812e+02 
3.941515e-01 5.581897e+02 5.591136e+02 
3.991919e-01 5.441775e+02 5.448750e+02 
4.042323e-01 5.306594e+02 5.311411e+02 
4.092727e-01 5.176165e+02 5.178893e+02 
4.143131e-01 5.050135e+02 5.050978e+02 
4.193535e-01 4.928256e+02 4.927463e+02 
4.243939e-01 4.810445e+02 4.808154e+02 
4.294343e-01 4.696645e+02 4.692870e+02 
4.344747e-01 4.586665e+02 4.581436e+02 
4.395152e-01 4.480290e+02 4.473689e+02 
4.445556e-01 4.377304e+02 4.369472e+02 
4.495960e-01 4.277636e+02 4.268639e+02 
4.546364e-01 4.181210e+02 4.171048e+02 
4.596768e-01 4.087800e+02 4.076567e+02 
4.647172e-01 3.997270e+02 3.985069e+02 
4.697576e-01 3.909480e+02 3.896434e+02 
4.747980e-01 3.824374e+02 3.810547e+02 
4.798384e-01 3.741917e+02 3.727299e+02 
4.848788e-01 3.661961e+02 3.646587e+02 
4.899192e-01 3.584275e+02 3.568312e+02 
4.949596e-01 3.508882e+02 3.492380e+02 
5.000000e-01 3.435783e+02 3.418701e+02 
