1.000000e-03 5.632906e+03 5.632901e+03 
6.040404e-03 2.468646e+04 2.488537e+04 
1.108081e-02 3.319137e+04 3.351063e+04 
1.612121e-02 3.523317e+04 3.564422e+04 
2.116162e-02 3.335151e+04 3.342010e+04 
2.620202e-02 2.942802e+04 2.912835e+04 
3.124242e-02 2.487665e+04 2.481244e+04 
3.628283e-02 2.063668e+04 2.126620e+04 
4.132323e-02 1.719278e+04 1.848482e+04 
4.636364e-02 1.465646e+04 1.627748e+04 
5.140404e-02 1.298260e+04 1.448061e+04 
5.644444e-02 1.194304e+04 1.298319e+04 
6.148485e-02 1.130718e+04 1.171237e+04 
6.652525e-02 1.084981e+04 1.061909e+04 
7.156566e-02 1.038858e+04 9.668869e+03 
7.660606e-02 9.801566e+03 8.836380e+03 
8.164646e-02 9.044889e+03 8.102347e+03 
8.668687e-02 8.152300e+03 7.451649e+03 
9.172727e-02 7.206423e+03 6.872156e+03 
9.676768e-02 6.303275e+03 6.353967e+03 
1.018081e-01 5.523828e+03 5.888892e+03 
1.068485e-01 4.916064e+03 5.470085e+03 
1.118889e-01 4.488879e+03 5.091770e+03 
1.169293e-01 4.220326e+03 4.749045e+03 
1.219697e-01 4.071011e+03 4.437720e+03 
1.270101e-01 3.992570e+03 4.154196e+03 
1.320505e-01 3.934341e+03 3.895368e+03 
1.370909e-01 3.852246e+03 3.658544e+03 
1.421313e-01 3.717748e+03 3.441383e+03 
1.471717e-01 3.522258e+03 3.241840e+03 
1.522121e-01 3.274799e+03 3.058125e+03 
1.572525e-01 2.997358e+03 2.888664e+03 
1.622929e-01 2.719334e+03 2.732068e+03 
1.673333e-01 2.469009e+03 2.587113e+03 
1.723737e-01 2.265155e+03 2.452711e+03 
1.774141e-01 2.114237e+03 2.327896e+03 
1.824545e-01 2.012734e+03 2.211808e+03 
1.874949e-01 1.951827e+03 2.103680e+03 
1.925354e-01 1.918571e+03 2.002824e+03 
1.975758e-01 1.897140e+03 1.908623e+03 
2.026162e-01 1.871589e+03 1.820525e+03 
2.076566e-01 1.829940e+03 1.738030e+03 
2.126970e-01 1.766886e+03 1.660689e+03 
2.177374e-01 1.683428e+03 1.588095e+03 
2.227778e-01 1.585168e+03 1.519880e+03 
2.278182e-01 1.480748e+03 1.455711e+03 
2.328586e-01 1.379614e+03 1.395283e+03 
2.378990e-01 1.289959e+03 1.338321e+03 
2.429394e-01 1.216889e+03 1.284574e+03 
2.479798e-01 1.161947e+03 1.233811e+03 
2.530202e-01 1.123669e+03 1.185822e+03 
2.580606e-01 1.098263e+03 1.140417e+03 
2.631010e-01 1.080515e+03 1.097417e+03 
2.681414e-01 1.064842e+03 1.056663e+03 
2.731818e-01 1.046337e+03 1.018004e+03 
2.782222e-01 1.021698e+03 9.813046e+02 
2.832626e-01 9.896390e+02 9.464384e+02 
2.883030e-01 9.508204e+02 9.132892e+02 
2.933434e-01 9.074837e+02 8.817496e+02 
2.983838e-01 8.627626e+02 8.517203e+02 
3.034242e-01 8.199227e+02 8.231094e+02 
3.084646e-01 7.816466e+02 7.958317e+02 
3.135051e-01 7.495175e+02 7.698083e+02 
3.185455e-01 7.239448e+02 7.449658e+02 
3.235859e-01 7.042343e+02 7.212360e+02 
3.286263e-01 6.889866e+02 6.985556e+02 
3.336667e-01 6.763740e+02 6.768654e+02 
3.387071e-01 6.644429e+02 6.561105e+02 
3.437475e-01 6.514826e+02 6.362396e+02 
3.487879e-01 6.363770e+02 6.172045e+02 
3.538283e-01 6.187695e+02 5.989607e+02 
3.588687e-01 5.990176e+02 5.814661e+02 
3.639091e-01 5.779373e+02 5.646817e+02 
3.689495e-01 5.565703e+02 5.485705e+02 
3.739899e-01 5.359908e+02 5.330983e+02 
3.790303e-01 5.171317e+02 5.182327e+02 
3.840707e-01 5.006022e+02 5.039434e+02 
3.891111e-01 4.865555e+02 4.902019e+02 
3.941515e-01 4.747354e+02 4.769814e+02 
3.991919e-01 4.646096e+02 4.642568e+02 
4.042323e-01 4.555328e+02 4.520042e+02 
4.092727e-01 4.468357e+02 4.402014e+02 
4.143131e-01 4.379174e+02 4.288273e+02 
4.193535e-01 4.283719e+02 4.178619e+02 
4.243939e-01 4.180529e+02 4.072867e+02 
4.294343e-01 4.070685e+02 3.970838e+02 
4.344747e-01 3.956873e+02 3.872364e+02 
4.395152e-01 3.842689e+02 3.777289e+02 
4.445556e-01 3.731956e+02 3.685462e+02 
4.495960e-01 3.628031e+02 3.596741e+02 
4.546364e-01 3.533086e+02 3.510992e+02 
4.596768e-01 3.447872e+02 3.428088e+02 
4.647172e-01 3.371520e+02 3.347908e+02 
4.697576e-01 3.302360e+02 3.270339e+02 
4.747980e-01 3.238122e+02 3.195271e+02 
4.798384e-01 3.176311e+02 3.122601e+02 
4.848788e-01 3.114745e+02 3.052231e+02 
4.899192e-01 3.051854e+02 2.984069e+02 
4.949596e-01 2.986944e+02 2.918026e+02 
5.000000e-01 2.920387e+02 2.854017e+02 
