1.000000e-03 2.789079e+03 2.789077e+03 
6.040404e-03 1.254444e+04 1.263405e+04 
1.108081e-02 1.717505e+04 1.722084e+04 
1.612121e-02 1.874543e+04 1.869506e+04 
2.116162e-02 1.852266e+04 1.836264e+04 
2.620202e-02 1.736062e+04 1.725352e+04 
3.124242e-02 1.584715e+04 1.596979e+04 
3.628283e-02 1.434800e+04 1.472113e+04 
4.132323e-02 1.304677e+04 1.355852e+04 
4.636364e-02 1.198220e+04 1.249053e+04 
5.140404e-02 1.115022e+04 1.151523e+04 
5.644444e-02 1.044301e+04 1.062754e+04 
6.148485e-02 9.796011e+03 9.821168e+03 
6.652525e-02 9.155627e+03 9.089327e+03 
7.156566e-02 8.493153e+03 8.425239e+03 
7.660606e-02 7.816605e+03 7.822379e+03 
8.164646e-02 7.158836e+03 7.274646e+03 
8.668687e-02 6.555667e+03 6.776430e+03 
9.172727e-02 6.028787e+03 6.322643e+03 
9.676768e-02 5.587518e+03 5.908704e+03 
1.018081e-01 5.231046e+03 5.530514e+03 
1.068485e-01 4.945881e+03 5.184417e+03 
1.118889e-01 4.706060e+03 4.867163e+03 
1.169293e-01 4.484058e+03 4.575860e+03 
1.219697e-01 4.261783e+03 4.307939e+03 
1.270101e-01 4.032180e+03 4.061119e+03 
1.320505e-01 3.796142e+03 3.833371e+03 
1.370909e-01 3.560300e+03 3.622887e+03 
1.421313e-01 3.334456e+03 3.428059e+03 
1.471717e-01 3.127647e+03 3.247450e+03 
1.522121e-01 2.945446e+03 3.079777e+03 
1.572525e-01 2.789728e+03 2.923892e+03 
1.622929e-01 2.658606e+03 2.778766e+03 
1.673333e-01 2.546634e+03 2.643476e+03 
1.723737e-01 2.446124e+03 2.517190e+03 
1.774141e-01 2.350257e+03 2.399161e+03 
1.824545e-01 2.254807e+03 2.288715e+03 
1.874949e-01 2.157997e+03 2.185241e+03 
1.925354e-01 2.059958e+03 2.088189e+03 
1.975758e-01 1.962543e+03 1.997059e+03 
2.026162e-01 1.868883e+03 1.911396e+03 
2.076566e-01 1.781880e+03 1.830790e+03 
2.126970e-01 1.702988e+03 1.754865e+03 
2.177374e-01 1.632433e+03 1.683278e+03 
2.227778e-01 1.569538e+03 1.615717e+03 
2.278182e-01 1.512815e+03 1.551898e+03 
2.328586e-01 1.460289e+03 1.491558e+03 
2.378990e-01 1.410142e+03 1.434458e+03 
2.429394e-01 1.361187e+03 1.380379e+03 
2.479798e-01 1.312850e+03 1.329119e+03 
2.530202e-01 1.264999e+03 1.280491e+03 
2.580606e-01 1.217924e+03 1.234326e+03 
2.631010e-01 1.172410e+03 1.190464e+03 
2.681414e-01 1.129367e+03 1.148761e+03 
2.731818e-01 1.089291e+03 1.109082e+03 
2.782222e-01 1.052136e+03 1.071303e+03 
2.832626e-01 1.017602e+03 1.035307e+03 
2.883030e-01 9.853672e+02 1.000989e+03 
2.933434e-01 9.550535e+02 9.682495e+02 
2.983838e-01 9.261644e+02 9.369957e+02 
3.034242e-01 8.981570e+02 9.071424e+02 
3.084646e-01 8.707941e+02 8.786097e+02 
3.135051e-01 8.440936e+02 8.513235e+02 
3.185455e-01 8.181813e+02 8.252145e+02 
3.235859e-01 7.931638e+02 8.002183e+02 
3.286263e-01 7.691193e+02 7.762744e+02 
3.336667e-01 7.461756e+02 7.533266e+02 
3.387071e-01 7.244386e+02 7.313221e+02 
3.437475e-01 7.038919e+02 7.102115e+02 
3.487879e-01 6.843721e+02 6.899487e+02 
3.538283e-01 6.657020e+02 6.704902e+02 
3.588687e-01 6.477540e+02 6.517955e+02 
3.639091e-01 6.304423e+02 6.338262e+02 
3.689495e-01 6.136917e+02 6.165466e+02 
3.739899e-01 5.974352e+02 5.999229e+02 
3.790303e-01 5.816504e+02 5.839234e+02 
3.840707e-01 5.663732e+02 5.685181e+02 
3.891111e-01 5.516484e+02 5.536790e+02 
3.941515e-01 5.374810e+02 5.393795e+02 
3.991919e-01 5.238566e+02 5.255946e+02 
4.042323e-01 5.107654e+02 5.123006e+02 
4.092727e-01 4.981973e+02 4.994752e+02 
4.143131e-01 4.861115e+02 4.870973e+02 
4.193535e-01 4.744435e+02 4.751470e+02 
4.243939e-01 4.631485e+02 4.636055e+02 
4.294343e-01 4.522072e+02 4.524549e+02 
4.344747e-01 4.416069e+02 4.416782e+02 
4.395152e-01 4.313309e+02 4.312595e+02 
4.445556e-01 4.213645e+02 4.211836e+02 
4.495960e-01 4.117011e+02 4.114360e+02 
4.546364e-01 4.023487e+02 4.020031e+02 
4.596768e-01 3.933131e+02 3.928719e+02 
4.647172e-01 3.845757e+02 3.840300e+02 
4.697576e-01 3.761113e+02 3.754658e+02 
4.747980e-01 3.679171e+02 3.671681e+02 
4.798384e-01 3.599801e+02 3.591263e+02 
4.848788e-01 3.522866e+02 3.513302e+02 
4.899192e-01 3.448217e+02 3.437704e+02 
4.949596e-01 3.375635e+02 3.364375e+02 
5.000000e-01 3.305063e+02 3.293230e+02 
