1.000000e-03 4.953214e+03 4.953210e+03 
6.040404e-03 2.225509e+04 2.243303e+04 
1.108081e-02 3.021325e+04 3.049682e+04 
1.612121e-02 3.228901e+04 3.265009e+04 
2.116162e-02 3.074243e+04 3.079058e+04 
2.620202e-02 2.727819e+04 2.700255e+04 
3.124242e-02 2.319345e+04 2.314759e+04 
3.628283e-02 1.935792e+04 1.995370e+04 
4.132323e-02 1.622688e+04 1.742830e+04 
4.636364e-02 1.391238e+04 1.540874e+04 
5.140404e-02 1.238028e+04 1.375360e+04 
5.644444e-02 1.142234e+04 1.236635e+04 
6.148485e-02 1.082855e+04 1.118331e+04 
6.652525e-02 1.039182e+04 1.016134e+04 
7.156566e-02 9.942944e+03 9.269965e+03 
7.660606e-02 9.371946e+03 8.486630e+03 
8.164646e-02 8.643252e+03 7.794068e+03 
8.668687e-02 7.792718e+03 7.178653e+03 
9.172727e-02 6.898616e+03 6.629391e+03 
9.676768e-02 6.049986e+03 6.137267e+03 
1.018081e-01 5.321732e+03 5.694787e+03 
1.068485e-01 4.757075e+03 5.295665e+03 
1.118889e-01 4.362146e+03 4.934576e+03 
1.169293e-01 4.114537e+03 4.606987e+03 
1.219697e-01 3.975441e+03 4.309011e+03 
1.270101e-01 3.898627e+03 4.037303e+03 
1.320505e-01 3.836545e+03 3.788968e+03 
1.370909e-01 3.748380e+03 3.561490e+03 
1.421313e-01 3.608914e+03 3.352678e+03 
1.471717e-01 3.412189e+03 3.160614e+03 
1.522121e-01 3.168814e+03 2.983616e+03 
1.572525e-01 2.900847e+03 2.820200e+03 
1.622929e-01 2.636113e+03 2.669061e+03 
1.673333e-01 2.400545e+03 2.529039e+03 
1.723737e-01 2.210759e+03 2.399107e+03 
1.774141e-01 2.071569e+03 2.278352e+03 
1.824545e-01 1.978844e+03 2.165958e+03 
1.874949e-01 1.923025e+03 2.061196e+03 
1.925354e-01 1.891274e+03 1.963412e+03 
1.975758e-01 1.868371e+03 1.872023e+03 
2.026162e-01 1.839515e+03 1.786499e+03 
2.076566e-01 1.794153e+03 1.706366e+03 
2.126970e-01 1.728192e+03 1.631194e+03 
2.177374e-01 1.643504e+03 1.560597e+03 
2.227778e-01 1.546279e+03 1.494221e+03 
2.278182e-01 1.445060e+03 1.431748e+03 
2.328586e-01 1.348690e+03 1.372887e+03 
2.378990e-01 1.264457e+03 1.317374e+03 
2.429394e-01 1.196654e+03 1.264968e+03 
2.479798e-01 1.146205e+03 1.215449e+03 
2.530202e-01 1.111187e+03 1.168614e+03 
2.580606e-01 1.087546e+03 1.124280e+03 
2.631010e-01 1.070066e+03 1.082277e+03 
2.681414e-01 1.053466e+03 1.042450e+03 
2.731818e-01 1.033362e+03 1.004656e+03 
2.782222e-01 1.007012e+03 9.687618e+02 
2.832626e-01 9.736052e+02 9.346475e+02 
2.883030e-01 9.341637e+02 9.022006e+02 
2.933434e-01 8.911271e+02 8.713175e+02 
2.983838e-01 8.476524e+02 8.419023e+02 
3.034242e-01 8.067357e+02 8.138664e+02 
3.084646e-01 7.706742e+02 7.871276e+02 
3.135051e-01 7.407331e+02 7.616094e+02 
3.185455e-01 7.170137e+02 7.372409e+02 
3.235859e-01 6.986719e+02 7.139562e+02 
3.286263e-01 6.841707e+02 6.916940e+02 
3.336667e-01 6.716536e+02 6.703970e+02 
3.387071e-01 6.593208e+02 6.500119e+02 
3.437475e-01 6.456842e+02 6.304891e+02 
3.487879e-01 6.298576e+02 6.117820e+02 
3.538283e-01 6.116850e+02 5.938471e+02 
3.588687e-01 5.916592e+02 5.766439e+02 
3.639091e-01 5.706809e+02 5.601342e+02 
3.689495e-01 5.498063e+02 5.442825e+02 
3.739899e-01 5.300163e+02 5.290553e+02 
3.790303e-01 5.120858e+02 5.144211e+02 
3.840707e-01 4.964818e+02 5.003505e+02 
3.891111e-01 4.832506e+02 4.868159e+02 
3.941515e-01 4.720382e+02 4.737911e+02 
3.991919e-01 4.622678e+02 4.612516e+02 
4.042323e-01 4.532736e+02 4.491744e+02 
4.092727e-01 4.444427e+02 4.375377e+02 
4.143131e-01 4.352674e+02 4.263209e+02 
4.193535e-01 4.254475e+02 4.155048e+02 
4.243939e-01 4.148993e+02 4.050710e+02 
4.294343e-01 4.037918e+02 3.950022e+02 
4.344747e-01 3.924488e+02 3.852822e+02 
4.395152e-01 3.812258e+02 3.758955e+02 
4.445556e-01 3.704864e+02 3.668276e+02 
4.495960e-01 3.604876e+02 3.580644e+02 
4.546364e-01 3.513927e+02 3.495931e+02 
4.596768e-01 3.432256e+02 3.414011e+02 
4.647172e-01 3.358801e+02 3.334766e+02 
4.697576e-01 3.291497e+02 3.258086e+02 
4.747980e-01 3.227875e+02 3.183863e+02 
4.798384e-01 3.165779e+02 3.111998e+02 
4.848788e-01 3.103428e+02 3.042393e+02 
4.899192e-01 3.039563e+02 2.974959e+02 
4.949596e-01 2.973863e+02 2.909609e+02 
5.000000e-01 2.906834e+02 2.846260e+02 
