1.000000e-03 3.050819e+03 3.050816e+03 
6.040404e-03 1.375803e+04 1.385884e+04 
1.108081e-02 1.883830e+04 1.891428e+04 
1.612121e-02 2.050462e+04 2.050249e+04 
2.116162e-02 2.014116e+04 2.000346e+04 
2.620202e-02 1.870671e+04 1.859514e+04 
3.124242e-02 1.688096e+04 1.702823e+04 
3.628283e-02 1.509655e+04 1.556110e+04 
4.132323e-02 1.357542e+04 1.423758e+04 
4.636364e-02 1.237538e+04 1.304965e+04 
5.140404e-02 1.146482e+04 1.198257e+04 
5.644444e-02 1.074765e+04 1.102278e+04 
6.148485e-02 1.012122e+04 1.015852e+04 
6.652525e-02 9.507033e+03 9.379417e+03 
7.156566e-02 8.855763e+03 8.676211e+03 
7.660606e-02 8.162149e+03 8.040631e+03 
8.164646e-02 7.457388e+03 7.465289e+03 
8.668687e-02 6.786557e+03 6.943609e+03 
9.172727e-02 6.186009e+03 6.469757e+03 
9.676768e-02 5.678553e+03 6.038567e+03 
1.018081e-01 5.273604e+03 5.645474e+03 
1.068485e-01 4.963360e+03 5.286450e+03 
1.118889e-01 4.722657e+03 4.957937e+03 
1.169293e-01 4.518840e+03 4.656793e+03 
1.219697e-01 4.323808e+03 4.380244e+03 
1.270101e-01 4.119956e+03 4.125835e+03 
1.320505e-01 3.899955e+03 3.891393e+03 
1.370909e-01 3.665894e+03 3.674989e+03 
1.421313e-01 3.427840e+03 3.474912e+03 
1.471717e-01 3.198811e+03 3.289639e+03 
1.522121e-01 2.990138e+03 3.117812e+03 
1.572525e-01 2.809386e+03 2.958219e+03 
1.622929e-01 2.659607e+03 2.809777e+03 
1.673333e-01 2.538474e+03 2.671516e+03 
1.723737e-01 2.438808e+03 2.542563e+03 
1.774141e-01 2.351388e+03 2.422136e+03 
1.824545e-01 2.268078e+03 2.309530e+03 
1.874949e-01 2.183295e+03 2.204108e+03 
1.925354e-01 2.093965e+03 2.105296e+03 
1.975758e-01 1.999813e+03 2.012574e+03 
2.026162e-01 1.903391e+03 1.925469e+03 
2.076566e-01 1.808886e+03 1.843555e+03 
2.126970e-01 1.720217e+03 1.766442e+03 
2.177374e-01 1.640006e+03 1.693775e+03 
2.227778e-01 1.569475e+03 1.625232e+03 
2.278182e-01 1.508412e+03 1.560518e+03 
2.328586e-01 1.455214e+03 1.499361e+03 
2.378990e-01 1.407469e+03 1.441517e+03 
2.429394e-01 1.362753e+03 1.386757e+03 
2.479798e-01 1.319114e+03 1.334874e+03 
2.530202e-01 1.275124e+03 1.285677e+03 
2.580606e-01 1.230145e+03 1.238989e+03 
2.631010e-01 1.184533e+03 1.194650e+03 
2.681414e-01 1.139435e+03 1.152508e+03 
2.731818e-01 1.096141e+03 1.112427e+03 
2.782222e-01 1.055533e+03 1.074278e+03 
2.832626e-01 1.018025e+03 1.037943e+03 
2.883030e-01 9.837596e+02 1.003313e+03 
2.933434e-01 9.526162e+02 9.702865e+02 
2.983838e-01 9.240715e+02 9.387689e+02 
3.034242e-01 8.973013e+02 9.086728e+02 
3.084646e-01 8.715356e+02 8.799166e+02 
3.135051e-01 8.462724e+02 8.524247e+02 
3.185455e-01 8.213062e+02 8.261263e+02 
3.235859e-01 7.965963e+02 8.009556e+02 
3.286263e-01 7.722178e+02 7.768509e+02 
3.336667e-01 7.484177e+02 7.537550e+02 
3.387071e-01 7.255424e+02 7.316140e+02 
3.437475e-01 7.038688e+02 7.103778e+02 
3.487879e-01 6.835005e+02 6.899991e+02 
3.538283e-01 6.643672e+02 6.704340e+02 
3.588687e-01 6.463388e+02 6.516410e+02 
3.639091e-01 6.292599e+02 6.335813e+02 
3.689495e-01 6.129304e+02 6.162184e+02 
3.739899e-01 5.971494e+02 5.995181e+02 
3.790303e-01 5.817573e+02 5.834482e+02 
3.840707e-01 5.666906e+02 5.679782e+02 
3.891111e-01 5.519629e+02 5.530796e+02 
3.941515e-01 5.376118e+02 5.387256e+02 
3.991919e-01 5.236840e+02 5.248906e+02 
4.042323e-01 5.102418e+02 5.115508e+02 
4.092727e-01 4.973492e+02 4.986834e+02 
4.143131e-01 4.850355e+02 4.862673e+02 
4.193535e-01 4.732663e+02 4.742821e+02 
4.243939e-01 4.619807e+02 4.627087e+02 
4.294343e-01 4.511176e+02 4.515291e+02 
4.344747e-01 4.406406e+02 4.407262e+02 
4.395152e-01 4.304973e+02 4.302837e+02 
4.445556e-01 4.206278e+02 4.201863e+02 
4.495960e-01 4.110024e+02 4.104195e+02 
4.546364e-01 4.016291e+02 4.009693e+02 
4.596768e-01 3.925256e+02 3.918226e+02 
4.647172e-01 3.836935e+02 3.829670e+02 
4.697576e-01 3.751342e+02 3.743907e+02 
4.747980e-01 3.668556e+02 3.660824e+02 
4.798384e-01 3.588572e+02 3.580313e+02 
4.848788e-01 3.511424e+02 3.502274e+02 
4.899192e-01 3.436863e+02 3.426608e+02 
4.949596e-01 3.364614e+02 3.353224e+02 
5.000000e-01 3.294417e+02 3.282033e+02 
