1.000000e-03 3.278347e+03 3.278344e+03 
6.040404e-03 1.452864e+04 1.463510e+04 
1.108081e-02 1.974515e+04 1.982582e+04 
1.612121e-02 2.137283e+04 2.137241e+04 
2.116162e-02 2.089372e+04 2.075119e+04 
2.620202e-02 1.932152e+04 1.920805e+04 
3.124242e-02 1.736687e+04 1.752671e+04 
3.628283e-02 1.547791e+04 1.596925e+04 
4.132323e-02 1.388016e+04 1.457462e+04 
4.636364e-02 1.262725e+04 1.332994e+04 
5.140404e-02 1.168234e+04 1.221691e+04 
5.644444e-02 1.094124e+04 1.121952e+04 
6.148485e-02 1.029518e+04 1.032421e+04 
6.652525e-02 9.660764e+03 9.519283e+03 
7.156566e-02 8.988233e+03 8.794483e+03 
7.660606e-02 8.272657e+03 8.140752e+03 
8.164646e-02 7.546674e+03 7.550086e+03 
8.668687e-02 6.856572e+03 7.015417e+03 
9.172727e-02 6.240068e+03 6.530515e+03 
9.676768e-02 5.721276e+03 6.089894e+03 
1.018081e-01 5.309445e+03 5.688729e+03 
1.068485e-01 4.995336e+03 5.322776e+03 
1.118889e-01 4.752246e+03 4.988300e+03 
1.169293e-01 4.546395e+03 4.682014e+03 
1.219697e-01 4.349138e+03 4.401022e+03 
1.270101e-01 4.142379e+03 4.142766e+03 
1.320505e-01 3.918493e+03 3.904989e+03 
1.370909e-01 3.679913e+03 3.685689e+03 
1.421313e-01 3.437439e+03 3.483095e+03 
1.471717e-01 3.204560e+03 3.295632e+03 
1.522121e-01 2.992988e+03 3.121898e+03 
1.572525e-01 2.810263e+03 2.960645e+03 
1.622929e-01 2.659412e+03 2.810756e+03 
1.673333e-01 2.537959e+03 2.671233e+03 
1.723737e-01 2.438304e+03 2.541182e+03 
1.774141e-01 2.350838e+03 2.419799e+03 
1.824545e-01 2.267250e+03 2.306361e+03 
1.874949e-01 2.181870e+03 2.200217e+03 
1.925354e-01 2.091702e+03 2.100779e+03 
1.975758e-01 1.996533e+03 2.007514e+03 
2.026162e-01 1.898997e+03 1.919942e+03 
2.076566e-01 1.803487e+03 1.837626e+03 
2.126970e-01 1.714088e+03 1.760169e+03 
2.177374e-01 1.633478e+03 1.687209e+03 
2.227778e-01 1.562824e+03 1.618418e+03 
2.278182e-01 1.501787e+03 1.553495e+03 
2.328586e-01 1.448680e+03 1.492166e+03 
2.378990e-01 1.401074e+03 1.434180e+03 
2.429394e-01 1.356498e+03 1.379306e+03 
2.479798e-01 1.312859e+03 1.327333e+03 
2.530202e-01 1.268710e+03 1.278068e+03 
2.580606e-01 1.223454e+03 1.231332e+03 
2.631010e-01 1.177578e+03 1.186961e+03 
2.681414e-01 1.132295e+03 1.144803e+03 
2.731818e-01 1.088877e+03 1.104718e+03 
2.782222e-01 1.048172e+03 1.066578e+03 
2.832626e-01 1.010633e+03 1.030261e+03 
2.883030e-01 9.764592e+02 9.956592e+02 
2.933434e-01 9.454742e+02 9.626683e+02 
2.983838e-01 9.170592e+02 9.311934e+02 
3.034242e-01 8.903801e+02 9.011460e+02 
3.084646e-01 8.646750e+02 8.724440e+02 
3.135051e-01 8.394693e+02 8.450109e+02 
3.185455e-01 8.145345e+02 8.187753e+02 
3.235859e-01 7.898070e+02 7.936708e+02 
3.286263e-01 7.653917e+02 7.696354e+02 
3.336667e-01 7.415991e+02 7.466111e+02 
3.387071e-01 7.187757e+02 7.245440e+02 
3.437475e-01 6.971667e+02 7.033833e+02 
3.487879e-01 6.768608e+02 6.830816e+02 
3.538283e-01 6.578085e+02 6.635946e+02 
3.588687e-01 6.398840e+02 6.448806e+02 
3.639091e-01 6.229083e+02 6.269006e+02 
3.689495e-01 6.066715e+02 6.096179e+02 
3.739899e-01 5.909528e+02 5.929980e+02 
3.790303e-01 5.756213e+02 5.770085e+02 
3.840707e-01 5.606210e+02 5.616191e+02 
3.891111e-01 5.459546e+02 5.468008e+02 
3.941515e-01 5.316507e+02 5.325268e+02 
3.991919e-01 5.177649e+02 5.187715e+02 
4.042323e-01 5.043827e+02 5.055109e+02 
4.092727e-01 4.915734e+02 4.927223e+02 
4.143131e-01 4.793421e+02 4.803842e+02 
4.193535e-01 4.676458e+02 4.684764e+02 
4.243939e-01 4.564317e+02 4.569797e+02 
4.294343e-01 4.456461e+02 4.458760e+02 
4.344747e-01 4.352531e+02 4.351482e+02 
4.395152e-01 4.251761e+02 4.247800e+02 
4.445556e-01 4.153622e+02 4.147560e+02 
4.495960e-01 4.057951e+02 4.050616e+02 
4.546364e-01 3.964864e+02 3.956830e+02 
4.596768e-01 3.874493e+02 3.866071e+02 
4.647172e-01 3.786768e+02 3.778213e+02 
4.697576e-01 3.701697e+02 3.693137e+02 
4.747980e-01 3.619493e+02 3.610733e+02 
4.798384e-01 3.540222e+02 3.530891e+02 
4.848788e-01 3.463796e+02 3.453510e+02 
4.899192e-01 3.389795e+02 3.378494e+02 
4.949596e-01 3.318071e+02 3.305750e+02 
5.000000e-01 3.248497e+02 3.235189e+02 
