1.000000e-03 4.387734e+03 4.387730e+03 
6.040404e-03 1.930591e+04 1.945513e+04 
1.108081e-02 2.593651e+04 2.611337e+04 
1.612121e-02 2.762682e+04 2.777293e+04 
2.116162e-02 2.641392e+04 2.632653e+04 
2.620202e-02 2.373282e+04 2.356850e+04 
3.124242e-02 2.061333e+04 2.078954e+04 
3.628283e-02 1.771087e+04 1.841049e+04 
4.132323e-02 1.535031e+04 1.643026e+04 
4.636364e-02 1.359165e+04 1.476467e+04 
5.140404e-02 1.239067e+04 1.334149e+04 
5.644444e-02 1.156780e+04 1.210961e+04 
6.148485e-02 1.094775e+04 1.103314e+04 
6.652525e-02 1.037442e+04 1.008582e+04 
7.156566e-02 9.747145e+03 9.247571e+03 
7.660606e-02 9.018730e+03 8.502490e+03 
8.164646e-02 8.203081e+03 7.837648e+03 
8.668687e-02 7.360136e+03 7.242344e+03 
9.172727e-02 6.561838e+03 6.707606e+03 
9.676768e-02 5.867986e+03 6.225848e+03 
1.018081e-01 5.314377e+03 5.790608e+03 
1.068485e-01 4.907744e+03 5.396352e+03 
1.118889e-01 4.628067e+03 5.038321e+03 
1.169293e-01 4.438244e+03 4.712404e+03 
1.219697e-01 4.295504e+03 4.415038e+03 
1.270101e-01 4.159391e+03 4.143125e+03 
1.320505e-01 3.999296e+03 3.893962e+03 
1.370909e-01 3.800540e+03 3.665184e+03 
1.421313e-01 3.565822e+03 3.454715e+03 
1.471717e-01 3.309385e+03 3.260731e+03 
1.522121e-01 3.050137e+03 3.081620e+03 
1.572525e-01 2.808320e+03 2.915958e+03 
1.622929e-01 2.601294e+03 2.762483e+03 
1.673333e-01 2.438107e+03 2.620072e+03 
1.723737e-01 2.317180e+03 2.487726e+03 
1.774141e-01 2.229573e+03 2.364553e+03 
1.824545e-01 2.163798e+03 2.249754e+03 
1.874949e-01 2.108192e+03 2.142615e+03 
1.925354e-01 2.051585e+03 2.042492e+03 
1.975758e-01 1.984813e+03 1.948808e+03 
2.026162e-01 1.904008e+03 1.861042e+03 
2.076566e-01 1.811262e+03 1.778722e+03 
2.126970e-01 1.712398e+03 1.701422e+03 
2.177374e-01 1.613914e+03 1.628756e+03 
2.227778e-01 1.521818e+03 1.560373e+03 
2.278182e-01 1.440851e+03 1.495955e+03 
2.328586e-01 1.373712e+03 1.435211e+03 
2.378990e-01 1.320269e+03 1.377876e+03 
2.429394e-01 1.278067e+03 1.323707e+03 
2.479798e-01 1.243397e+03 1.272485e+03 
2.530202e-01 1.212189e+03 1.224005e+03 
2.580606e-01 1.180736e+03 1.178082e+03 
2.631010e-01 1.146336e+03 1.134545e+03 
2.681414e-01 1.107880e+03 1.093237e+03 
2.731818e-01 1.065915e+03 1.054013e+03 
2.782222e-01 1.022083e+03 1.016740e+03 
2.832626e-01 9.784277e+02 9.812937e+02 
2.883030e-01 9.368979e+02 9.475616e+02 
2.933434e-01 8.991023e+02 9.154382e+02 
2.983838e-01 8.659867e+02 8.848259e+02 
3.034242e-01 8.376823e+02 8.556344e+02 
3.084646e-01 8.134748e+02 8.277799e+02 
3.135051e-01 7.921444e+02 8.011845e+02 
3.185455e-01 7.723672e+02 7.757759e+02 
3.235859e-01 7.530074e+02 7.514866e+02 
3.286263e-01 7.331888e+02 7.282540e+02 
3.336667e-01 7.124285e+02 7.060196e+02 
3.387071e-01 6.906910e+02 6.847286e+02 
3.437475e-01 6.684149e+02 6.643302e+02 
3.487879e-01 6.463201e+02 6.447768e+02 
3.538283e-01 6.250636e+02 6.260236e+02 
3.588687e-01 6.051225e+02 6.080291e+02 
3.639091e-01 5.867894e+02 5.907540e+02 
3.689495e-01 5.701706e+02 5.741617e+02 
3.739899e-01 5.551614e+02 5.582178e+02 
3.790303e-01 5.414201e+02 5.428900e+02 
3.840707e-01 5.284984e+02 5.281480e+02 
3.891111e-01 5.159943e+02 5.139631e+02 
3.941515e-01 5.036037e+02 5.003085e+02 
3.991919e-01 4.911415e+02 4.871590e+02 
4.042323e-01 4.785523e+02 4.744906e+02 
4.092727e-01 4.659029e+02 4.622809e+02 
4.143131e-01 4.533977e+02 4.505088e+02 
4.193535e-01 4.412409e+02 4.391541e+02 
4.243939e-01 4.295875e+02 4.281980e+02 
4.294343e-01 4.185582e+02 4.176226e+02 
4.344747e-01 4.082084e+02 4.074110e+02 
4.395152e-01 3.985201e+02 3.975473e+02 
4.445556e-01 3.894170e+02 3.880163e+02 
4.495960e-01 3.807489e+02 3.788036e+02 
4.546364e-01 3.723837e+02 3.698956e+02 
4.596768e-01 3.642227e+02 3.612796e+02 
4.647172e-01 3.561829e+02 3.529432e+02 
4.697576e-01 3.482239e+02 3.448749e+02 
4.747980e-01 3.403374e+02 3.370636e+02 
4.798384e-01 3.325670e+02 3.294988e+02 
4.848788e-01 3.249821e+02 3.221707e+02 
4.899192e-01 3.176413e+02 3.150697e+02 
4.949596e-01 3.105749e+02 3.081869e+02 
5.000000e-01 3.037977e+02 3.015137e+02 
