1.000000e-03 2.963723e+03 2.963721e+03 
6.040404e-03 1.301651e+04 1.311003e+04 
1.108081e-02 1.769089e+04 1.773576e+04 
1.612121e-02 1.923896e+04 1.918199e+04 
2.116162e-02 1.897988e+04 1.881185e+04 
2.620202e-02 1.778219e+04 1.766570e+04 
3.124242e-02 1.623449e+04 1.634472e+04 
3.628283e-02 1.470173e+04 1.505949e+04 
4.132323e-02 1.336674e+04 1.386244e+04 
4.636364e-02 1.226556e+04 1.276299e+04 
5.140404e-02 1.139865e+04 1.175946e+04 
5.644444e-02 1.065879e+04 1.084668e+04 
6.148485e-02 9.983147e+03 1.001810e+04 
6.652525e-02 9.319410e+03 9.266648e+03 
7.156566e-02 8.640127e+03 8.585233e+03 
7.660606e-02 7.951599e+03 7.967052e+03 
8.164646e-02 7.285156e+03 7.405745e+03 
8.668687e-02 6.674755e+03 6.895482e+03 
9.172727e-02 6.140810e+03 6.430978e+03 
9.676768e-02 5.691497e+03 6.007482e+03 
1.018081e-01 5.325742e+03 5.620751e+03 
1.068485e-01 5.030578e+03 5.267003e+03 
1.118889e-01 4.780892e+03 4.942879e+03 
1.169293e-01 4.550242e+03 4.645393e+03 
1.219697e-01 4.320866e+03 4.371896e+03 
1.270101e-01 4.085789e+03 4.120036e+03 
1.320505e-01 3.845984e+03 3.887723e+03 
1.370909e-01 3.607647e+03 3.673097e+03 
1.421313e-01 3.380043e+03 3.474503e+03 
1.471717e-01 3.171664e+03 3.290465e+03 
1.522121e-01 2.987480e+03 3.119662e+03 
1.572525e-01 2.829048e+03 2.960917e+03 
1.622929e-01 2.694639e+03 2.813173e+03 
1.673333e-01 2.579114e+03 2.675482e+03 
1.723737e-01 2.475258e+03 2.546992e+03 
1.774141e-01 2.376434e+03 2.426936e+03 
1.824545e-01 2.278496e+03 2.314623e+03 
1.874949e-01 2.179847e+03 2.209428e+03 
1.925354e-01 2.080680e+03 2.110787e+03 
1.975758e-01 1.982584e+03 2.018188e+03 
2.026162e-01 1.888398e+03 1.931166e+03 
2.076566e-01 1.800774e+03 1.849300e+03 
2.126970e-01 1.721105e+03 1.772206e+03 
2.177374e-01 1.649579e+03 1.699535e+03 
2.227778e-01 1.585476e+03 1.630966e+03 
2.278182e-01 1.527391e+03 1.566208e+03 
2.328586e-01 1.473532e+03 1.504994e+03 
2.378990e-01 1.422189e+03 1.447080e+03 
2.429394e-01 1.372222e+03 1.392241e+03 
2.479798e-01 1.323114e+03 1.340270e+03 
2.530202e-01 1.274746e+03 1.290980e+03 
2.580606e-01 1.227341e+03 1.244193e+03 
2.631010e-01 1.181543e+03 1.199751e+03 
2.681414e-01 1.138180e+03 1.157504e+03 
2.731818e-01 1.097734e+03 1.117314e+03 
2.782222e-01 1.060174e+03 1.079056e+03 
2.832626e-01 1.025163e+03 1.042612e+03 
2.883030e-01 9.923771e+02 1.007871e+03 
2.933434e-01 9.615029e+02 9.747346e+02 
2.983838e-01 9.320903e+02 9.431075e+02 
3.034242e-01 9.036514e+02 9.129028e+02 
3.084646e-01 8.759365e+02 8.840393e+02 
3.135051e-01 8.489412e+02 8.564413e+02 
3.185455e-01 8.228066e+02 8.300384e+02 
3.235859e-01 7.976042e+02 8.047649e+02 
3.286263e-01 7.733915e+02 7.805594e+02 
3.336667e-01 7.502722e+02 7.573645e+02 
3.387071e-01 7.283277e+02 7.351266e+02 
3.437475e-01 7.075366e+02 7.137955e+02 
3.487879e-01 6.877767e+02 6.933241e+02 
3.538283e-01 6.688785e+02 6.736683e+02 
3.588687e-01 6.506952e+02 6.547868e+02 
3.639091e-01 6.331702e+02 6.366408e+02 
3.689495e-01 6.162362e+02 6.191938e+02 
3.739899e-01 5.998230e+02 6.024115e+02 
3.790303e-01 5.839091e+02 5.862616e+02 
3.840707e-01 5.685157e+02 5.707138e+02 
3.891111e-01 5.536787e+02 5.557395e+02 
3.941515e-01 5.394083e+02 5.413117e+02 
3.991919e-01 5.256762e+02 5.274050e+02 
4.042323e-01 5.124733e+02 5.139954e+02 
4.092727e-01 4.997859e+02 5.010602e+02 
4.143131e-01 4.875817e+02 4.885781e+02 
4.193535e-01 4.758066e+02 4.765287e+02 
4.243939e-01 4.644073e+02 4.648931e+02 
4.294343e-01 4.533659e+02 4.536529e+02 
4.344747e-01 4.426783e+02 4.427911e+02 
4.395152e-01 4.323238e+02 4.322915e+02 
4.445556e-01 4.222887e+02 4.221385e+02 
4.495960e-01 4.125613e+02 4.123176e+02 
4.546364e-01 4.031455e+02 4.028150e+02 
4.596768e-01 3.940461e+02 3.936174e+02 
4.647172e-01 3.852464e+02 3.847123e+02 
4.697576e-01 3.767235e+02 3.760879e+02 
4.747980e-01 3.684679e+02 3.677329e+02 
4.798384e-01 3.604743e+02 3.596364e+02 
4.848788e-01 3.527297e+02 3.517884e+02 
4.899192e-01 3.452131e+02 3.441790e+02 
4.949596e-01 3.379046e+02 3.367989e+02 
5.000000e-01 3.308014e+02 3.296394e+02 
