1.000000e-03 4.767056e+03 4.767051e+03 
6.040404e-03 2.070260e+04 2.086688e+04 
1.108081e-02 2.797517e+04 2.821168e+04 
1.612121e-02 2.996833e+04 3.024866e+04 
2.116162e-02 2.873933e+04 2.875945e+04 
2.620202e-02 2.578817e+04 2.555697e+04 
3.124242e-02 2.224186e+04 2.222167e+04 
3.628283e-02 1.885738e+04 1.939097e+04 
4.132323e-02 1.604373e+04 1.709937e+04 
4.636364e-02 1.391404e+04 1.522889e+04 
5.140404e-02 1.245392e+04 1.367035e+04 
5.644444e-02 1.149499e+04 1.234699e+04 
6.148485e-02 1.085419e+04 1.120688e+04 
6.652525e-02 1.036097e+04 1.021402e+04 
7.156566e-02 9.864475e+03 9.342354e+03 
7.660606e-02 9.271238e+03 8.572200e+03 
8.164646e-02 8.553471e+03 7.888196e+03 
8.668687e-02 7.743497e+03 7.278022e+03 
9.172727e-02 6.906816e+03 6.731602e+03 
9.676768e-02 6.115353e+03 6.240572e+03 
1.018081e-01 5.430764e+03 5.797916e+03 
1.068485e-01 4.891084e+03 5.397693e+03 
1.118889e-01 4.503350e+03 5.034841e+03 
1.169293e-01 4.247430e+03 4.705017e+03 
1.219697e-01 4.087327e+03 4.404482e+03 
1.270101e-01 3.981908e+03 4.129999e+03 
1.320505e-01 3.890887e+03 3.878756e+03 
1.370909e-01 3.779906e+03 3.648301e+03 
1.421313e-01 3.627195e+03 3.436490e+03 
1.471717e-01 3.427810e+03 3.241439e+03 
1.522121e-01 3.191684e+03 3.061492e+03 
1.572525e-01 2.937911e+03 2.895187e+03 
1.622929e-01 2.689283e+03 2.741230e+03 
1.673333e-01 2.466860e+03 2.598472e+03 
1.723737e-01 2.284666e+03 2.465892e+03 
1.774141e-01 2.147435e+03 2.342581e+03 
1.824545e-01 2.051538e+03 2.227725e+03 
1.874949e-01 1.988016e+03 2.120596e+03 
1.925354e-01 1.945231e+03 2.020540e+03 
1.975758e-01 1.910303e+03 1.926970e+03 
2.026162e-01 1.871054e+03 1.839356e+03 
2.076566e-01 1.818683e+03 1.757222e+03 
2.126970e-01 1.749614e+03 1.680135e+03 
2.177374e-01 1.665529e+03 1.607705e+03 
2.227778e-01 1.571796e+03 1.539576e+03 
2.278182e-01 1.475694e+03 1.475426e+03 
2.328586e-01 1.384567e+03 1.414961e+03 
2.378990e-01 1.304305e+03 1.357915e+03 
2.429394e-01 1.238239e+03 1.304043e+03 
2.479798e-01 1.187130e+03 1.253121e+03 
2.530202e-01 1.149429e+03 1.204946e+03 
2.580606e-01 1.121737e+03 1.159329e+03 
2.631010e-01 1.099532e+03 1.116099e+03 
2.681414e-01 1.078193e+03 1.075097e+03 
2.731818e-01 1.054081e+03 1.036178e+03 
2.782222e-01 1.025104e+03 9.992086e+02 
2.832626e-01 9.907371e+02 9.640640e+02 
2.883030e-01 9.518083e+02 9.306302e+02 
2.933434e-01 9.102214e+02 8.988017e+02 
2.983838e-01 8.685466e+02 8.684805e+02 
3.034242e-01 8.293468e+02 8.395761e+02 
3.084646e-01 7.944866e+02 8.120044e+02 
3.135051e-01 7.648729e+02 7.856875e+02 
3.185455e-01 7.405293e+02 7.605526e+02 
3.235859e-01 7.207670e+02 7.365324e+02 
3.286263e-01 7.043596e+02 7.135641e+02 
3.336667e-01 6.897662e+02 6.915890e+02 
3.387071e-01 6.754258e+02 6.705526e+02 
3.437475e-01 6.601222e+02 6.504038e+02 
3.487879e-01 6.432185e+02 6.310951e+02 
3.538283e-01 6.246276e+02 6.125818e+02 
3.588687e-01 6.047192e+02 5.948222e+02 
3.639091e-01 5.841828e+02 5.777773e+02 
3.689495e-01 5.638810e+02 5.614104e+02 
3.739899e-01 5.446456e+02 5.456873e+02 
3.790303e-01 5.270723e+02 5.305756e+02 
3.840707e-01 5.114616e+02 5.160451e+02 
3.891111e-01 4.978174e+02 5.020673e+02 
3.941515e-01 4.858849e+02 4.886154e+02 
3.991919e-01 4.752303e+02 4.756641e+02 
4.042323e-01 4.653110e+02 4.631898e+02 
4.092727e-01 4.555865e+02 4.511700e+02 
4.143131e-01 4.456455e+02 4.395837e+02 
4.193535e-01 4.352780e+02 4.284108e+02 
4.243939e-01 4.244665e+02 4.176326e+02 
4.294343e-01 4.133309e+02 4.072313e+02 
4.344747e-01 4.020793e+02 3.971901e+02 
4.395152e-01 3.909933e+02 3.874930e+02 
4.445556e-01 3.803639e+02 3.781250e+02 
4.495960e-01 3.704182e+02 3.690719e+02 
4.546364e-01 3.612604e+02 3.603202e+02 
4.596768e-01 3.528668e+02 3.518570e+02 
4.647172e-01 3.451506e+02 3.436702e+02 
4.697576e-01 3.379798e+02 3.357483e+02 
4.747980e-01 3.311775e+02 3.280803e+02 
4.798384e-01 3.245533e+02 3.206558e+02 
4.848788e-01 3.179397e+02 3.134651e+02 
4.899192e-01 3.112543e+02 3.064985e+02 
4.949596e-01 3.044989e+02 2.997474e+02 
5.000000e-01 2.977070e+02 2.932030e+02 
