1.000000e-03 4.552545e+03 4.552541e+03 
6.040404e-03 2.014911e+04 2.015448e+04 
1.108081e-02 2.740179e+04 2.737569e+04 
1.612121e-02 2.947025e+04 3.007463e+04 
2.116162e-02 2.834278e+04 3.041168e+04 
2.620202e-02 2.548963e+04 2.958389e+04 
3.124242e-02 2.202515e+04 2.821203e+04 
3.628283e-02 1.870309e+04 2.660955e+04 
4.132323e-02 1.593428e+04 2.494128e+04 
4.636364e-02 1.383588e+04 2.329586e+04 
5.140404e-02 1.239743e+04 2.171999e+04 
5.644444e-02 1.145413e+04 2.023652e+04 
6.148485e-02 1.082535e+04 1.885458e+04 
6.652525e-02 1.034202e+04 1.757549e+04 
7.156566e-02 9.854014e+03 1.639616e+04 
7.660606e-02 9.268047e+03 1.531120e+04 
8.164646e-02 8.556268e+03 1.431416e+04 
8.668687e-02 7.750918e+03 1.339819e+04 
9.172727e-02 6.917551e+03 1.255654e+04 
9.676768e-02 6.128311e+03 1.178273e+04 
1.018081e-01 5.445183e+03 1.107069e+04 
1.068485e-01 4.906566e+03 1.041483e+04 
1.118889e-01 4.519799e+03 9.810033e+03 
1.169293e-01 4.264923e+03 9.251650e+03 
1.219697e-01 4.105985e+03 8.735464e+03 
1.270101e-01 4.001792e+03 8.257671e+03 
1.320505e-01 3.911920e+03 7.814838e+03 
1.370909e-01 3.801839e+03 7.403872e+03 
1.421313e-01 3.649629e+03 7.021987e+03 
1.471717e-01 3.450276e+03 6.666671e+03 
1.522121e-01 3.213743e+03 6.335659e+03 
1.572525e-01 2.959231e+03 6.026908e+03 
1.622929e-01 2.709699e+03 5.738572e+03 
1.673333e-01 2.486388e+03 5.468984e+03 
1.723737e-01 2.303473e+03 5.216634e+03 
1.774141e-01 2.165768e+03 4.980154e+03 
1.824545e-01 2.069664e+03 4.758303e+03 
1.874949e-01 2.006156e+03 4.549954e+03 
1.925354e-01 1.963530e+03 4.354083e+03 
1.975758e-01 1.928797e+03 4.169755e+03 
2.026162e-01 1.889670e+03 3.996121e+03 
2.076566e-01 1.837253e+03 3.832404e+03 
2.126970e-01 1.767925e+03 3.677893e+03 
2.177374e-01 1.683376e+03 3.531940e+03 
2.227778e-01 1.589022e+03 3.393949e+03 
2.278182e-01 1.492217e+03 3.263375e+03 
2.328586e-01 1.400393e+03 3.139715e+03 
2.378990e-01 1.319512e+03 3.022510e+03 
2.429394e-01 1.252952e+03 2.911335e+03 
2.479798e-01 1.201495e+03 2.805798e+03 
2.530202e-01 1.163585e+03 2.705540e+03 
2.580606e-01 1.135788e+03 2.610226e+03 
2.631010e-01 1.113531e+03 2.519550e+03 
2.681414e-01 1.092139e+03 2.433226e+03 
2.731818e-01 1.067924e+03 2.350989e+03 
2.782222e-01 1.038767e+03 2.272596e+03 
2.832626e-01 1.004132e+03 2.197818e+03 
2.883030e-01 9.648560e+02 2.126446e+03 
2.933434e-01 9.228675e+02 2.058282e+03 
2.983838e-01 8.807717e+02 1.993143e+03 
3.034242e-01 8.411686e+02 1.930860e+03 
3.084646e-01 8.059513e+02 1.871274e+03 
3.135051e-01 7.760428e+02 1.814237e+03 
3.185455e-01 7.514699e+02 1.759610e+03 
3.235859e-01 7.315366e+02 1.707264e+03 
3.286263e-01 7.150004e+02 1.657079e+03 
3.336667e-01 7.002988e+02 1.608940e+03 
3.387071e-01 6.858478e+02 1.562742e+03 
3.437475e-01 6.704123e+02 1.518386e+03 
3.487879e-01 6.533453e+02 1.475778e+03 
3.538283e-01 6.345576e+02 1.434830e+03 
3.588687e-01 6.144242e+02 1.395461e+03 
3.639091e-01 5.936455e+02 1.357592e+03 
3.689495e-01 5.730978e+02 1.321152e+03 
3.739899e-01 5.536271e+02 1.286071e+03 
3.790303e-01 5.358396e+02 1.252285e+03 
3.840707e-01 5.200416e+02 1.219733e+03 
3.891111e-01 5.062380e+02 1.188358e+03 
3.941515e-01 4.941706e+02 1.158105e+03 
3.991919e-01 4.833990e+02 1.128924e+03 
4.042323e-01 4.733718e+02 1.100766e+03 
4.092727e-01 4.635393e+02 1.073585e+03 
4.143131e-01 4.534833e+02 1.047338e+03 
4.193535e-01 4.429899e+02 1.021984e+03 
4.243939e-01 4.320411e+02 9.974848e+02 
4.294343e-01 4.207591e+02 9.738030e+02 
4.344747e-01 4.093557e+02 9.509041e+02 
4.395152e-01 3.981174e+02 9.287550e+02 
4.445556e-01 3.873409e+02 9.073244e+02 
4.495960e-01 3.772575e+02 8.865825e+02 
4.546364e-01 3.679738e+02 8.665011e+02 
4.596768e-01 3.594660e+02 8.470534e+02 
4.647172e-01 3.516458e+02 8.282138e+02 
4.697576e-01 3.443792e+02 8.099580e+02 
4.747980e-01 3.374861e+02 7.922630e+02 
4.798384e-01 3.307725e+02 7.751067e+02 
4.848788e-01 3.240678e+02 7.584681e+02 
4.899192e-01 3.172881e+02 7.423274e+02 
4.949596e-01 3.104352e+02 7.266655e+02 
5.000000e-01 3.035433e+02 7.114642e+02 
