1.000000e-03 4.251605e+03 4.251601e+03 
6.040404e-03 1.859466e+04 1.873588e+04 
1.108081e-02 2.497135e+04 2.513078e+04 
1.612121e-02 2.662202e+04 2.673943e+04 
2.116162e-02 2.550427e+04 2.540120e+04 
2.620202e-02 2.298898e+04 2.283737e+04 
3.124242e-02 2.005722e+04 2.024675e+04 
3.628283e-02 1.732830e+04 1.801069e+04 
4.132323e-02 1.510657e+04 1.613080e+04 
4.636364e-02 1.344541e+04 1.453540e+04 
5.140404e-02 1.230073e+04 1.316244e+04 
5.644444e-02 1.149562e+04 1.196755e+04 
6.148485e-02 1.087021e+04 1.091904e+04 
6.652525e-02 1.027712e+04 9.993319e+03 
7.156566e-02 9.625607e+03 9.172051e+03 
7.660606e-02 8.880367e+03 8.440512e+03 
8.164646e-02 8.064847e+03 7.786594e+03 
8.668687e-02 7.239467e+03 7.200184e+03 
9.172727e-02 6.471028e+03 6.672745e+03 
9.676768e-02 5.812104e+03 6.197014e+03 
1.018081e-01 5.292513e+03 5.766778e+03 
1.068485e-01 4.913663e+03 5.376698e+03 
1.118889e-01 4.650679e+03 5.022164e+03 
1.169293e-01 4.464988e+03 4.699186e+03 
1.219697e-01 4.314735e+03 4.404297e+03 
1.270101e-01 4.163487e+03 4.134478e+03 
1.320505e-01 3.985313e+03 3.887087e+03 
1.370909e-01 3.770677e+03 3.659812e+03 
1.421313e-01 3.525879e+03 3.450620e+03 
1.471717e-01 3.267262e+03 3.257721e+03 
1.522121e-01 3.013743e+03 3.079532e+03 
1.572525e-01 2.783736e+03 2.914655e+03 
1.622929e-01 2.591189e+03 2.761847e+03 
1.673333e-01 2.441570e+03 2.620003e+03 
1.723737e-01 2.330789e+03 2.488138e+03 
1.774141e-01 2.248557e+03 2.365372e+03 
1.824545e-01 2.182961e+03 2.250918e+03 
1.874949e-01 2.122806e+03 2.144069e+03 
1.925354e-01 2.058312e+03 2.044190e+03 
1.975758e-01 1.982666e+03 1.950710e+03 
2.026162e-01 1.894348e+03 1.863112e+03 
2.076566e-01 1.797061e+03 1.780930e+03 
2.126970e-01 1.697209e+03 1.703743e+03 
2.177374e-01 1.601041e+03 1.631167e+03 
2.227778e-01 1.513762e+03 1.562856e+03 
2.278182e-01 1.438753e+03 1.498492e+03 
2.328586e-01 1.377274e+03 1.437788e+03 
2.378990e-01 1.328067e+03 1.380480e+03 
2.429394e-01 1.288116e+03 1.326328e+03 
2.479798e-01 1.253454e+03 1.275113e+03 
2.530202e-01 1.220228e+03 1.226633e+03 
2.580606e-01 1.185352e+03 1.180703e+03 
2.631010e-01 1.147148e+03 1.137153e+03 
2.681414e-01 1.105488e+03 1.095827e+03 
2.731818e-01 1.061514e+03 1.056580e+03 
2.782222e-01 1.017063e+03 1.019281e+03 
2.832626e-01 9.741211e+02 9.838066e+02 
2.883030e-01 9.343897e+02 9.500432e+02 
2.933434e-01 8.989543e+02 9.178864e+02 
2.983838e-01 8.681793e+02 8.872390e+02 
3.034242e-01 8.416423e+02 8.580111e+02 
3.084646e-01 8.183783e+02 8.301191e+02 
3.135051e-01 7.971157e+02 8.034855e+02 
3.185455e-01 7.766435e+02 7.780380e+02 
3.235859e-01 7.559928e+02 7.537094e+02 
3.286263e-01 7.346682e+02 7.304373e+02 
3.336667e-01 7.125402e+02 7.081632e+02 
3.387071e-01 6.898833e+02 6.868327e+02 
3.437475e-01 6.672539e+02 6.663948e+02 
3.487879e-01 6.453296e+02 6.468021e+02 
3.538283e-01 6.246609e+02 6.280100e+02 
3.588687e-01 6.055723e+02 6.099768e+02 
3.639091e-01 5.881267e+02 5.926635e+02 
3.689495e-01 5.722296e+02 5.760336e+02 
3.739899e-01 5.576478e+02 5.600525e+02 
3.790303e-01 5.440039e+02 5.446881e+02 
3.840707e-01 5.308802e+02 5.299100e+02 
3.891111e-01 5.179269e+02 5.156897e+02 
3.941515e-01 5.049587e+02 5.020003e+02 
3.991919e-01 4.919477e+02 4.888165e+02 
4.042323e-01 4.789590e+02 4.761146e+02 
4.092727e-01 4.661135e+02 4.638720e+02 
4.143131e-01 4.535963e+02 4.520675e+02 
4.193535e-01 4.415852e+02 4.406812e+02 
4.243939e-01 4.302099e+02 4.296942e+02 
4.294343e-01 4.195075e+02 4.190884e+02 
4.344747e-01 4.094401e+02 4.088472e+02 
4.395152e-01 3.999371e+02 3.989544e+02 
4.445556e-01 3.908882e+02 3.893949e+02 
4.495960e-01 3.821756e+02 3.801544e+02 
4.546364e-01 3.736791e+02 3.712193e+02 
4.596768e-01 3.653159e+02 3.625767e+02 
4.647172e-01 3.570600e+02 3.542143e+02 
4.697576e-01 3.489186e+02 3.461205e+02 
4.747980e-01 3.409254e+02 3.382844e+02 
4.798384e-01 3.331223e+02 3.306954e+02 
4.848788e-01 3.255590e+02 3.233436e+02 
4.899192e-01 3.182893e+02 3.162194e+02 
4.949596e-01 3.113251e+02 3.093140e+02 
5.000000e-01 3.046518e+02 3.026186e+02 
