1.000000e-03 3.007681e+03 3.007678e+03 
6.040404e-03 1.363533e+04 1.373661e+04 
1.108081e-02 1.875736e+04 1.884448e+04 
1.612121e-02 2.048157e+04 2.050543e+04 
2.116162e-02 2.015114e+04 2.003419e+04 
2.620202e-02 1.871617e+04 1.859922e+04 
3.124242e-02 1.686186e+04 1.699212e+04 
3.628283e-02 1.503516e+04 1.549673e+04 
4.132323e-02 1.347253e+04 1.415907e+04 
4.636364e-02 1.224134e+04 1.296660e+04 
5.140404e-02 1.132045e+04 1.190038e+04 
5.644444e-02 1.061341e+04 1.094422e+04 
6.148485e-02 1.001443e+04 1.008485e+04 
6.652525e-02 9.438941e+03 9.311035e+03 
7.156566e-02 8.826622e+03 8.613102e+03 
7.660606e-02 8.161209e+03 7.982552e+03 
8.164646e-02 7.468021e+03 7.411897e+03 
8.668687e-02 6.792750e+03 6.894525e+03 
9.172727e-02 6.176207e+03 6.424601e+03 
9.676768e-02 5.646536e+03 5.996978e+03 
1.018081e-01 5.218960e+03 5.607117e+03 
1.068485e-01 4.892116e+03 5.251018e+03 
1.118889e-01 4.646056e+03 4.925153e+03 
1.169293e-01 4.449171e+03 4.626408e+03 
1.219697e-01 4.270162e+03 4.352034e+03 
1.270101e-01 4.086521e+03 4.099599e+03 
1.320505e-01 3.886360e+03 3.866952e+03 
1.370909e-01 3.667458e+03 3.652184e+03 
1.421313e-01 3.436606e+03 3.453599e+03 
1.471717e-01 3.206380e+03 3.269689e+03 
1.522121e-01 2.990085e+03 3.099111e+03 
1.572525e-01 2.798143e+03 2.940662e+03 
1.622929e-01 2.636851e+03 2.793272e+03 
1.673333e-01 2.506803e+03 2.655978e+03 
1.723737e-01 2.402958e+03 2.527916e+03 
1.774141e-01 2.316838e+03 2.408312e+03 
1.824545e-01 2.239420e+03 2.296467e+03 
1.874949e-01 2.163281e+03 2.191749e+03 
1.925354e-01 2.083263e+03 2.093590e+03 
1.975758e-01 1.996841e+03 2.001474e+03 
2.026162e-01 1.904987e+03 1.914934e+03 
2.076566e-01 1.811382e+03 1.833545e+03 
2.126970e-01 1.720451e+03 1.756921e+03 
2.177374e-01 1.635977e+03 1.684711e+03 
2.227778e-01 1.560472e+03 1.616595e+03 
2.278182e-01 1.494996e+03 1.552280e+03 
2.328586e-01 1.439090e+03 1.491498e+03 
2.378990e-01 1.390833e+03 1.434005e+03 
2.429394e-01 1.347570e+03 1.379574e+03 
2.479798e-01 1.306783e+03 1.328001e+03 
2.530202e-01 1.266444e+03 1.279096e+03 
2.580606e-01 1.225133e+03 1.232683e+03 
2.631010e-01 1.182277e+03 1.188602e+03 
2.681414e-01 1.138425e+03 1.146705e+03 
2.731818e-01 1.094910e+03 1.106854e+03 
2.782222e-01 1.053102e+03 1.068923e+03 
2.832626e-01 1.013936e+03 1.032795e+03 
2.883030e-01 9.779332e+02 9.983600e+02 
2.933434e-01 9.453169e+02 9.655185e+02 
2.983838e-01 9.159543e+02 9.341764e+02 
3.034242e-01 8.892619e+02 9.042469e+02 
3.084646e-01 8.643566e+02 8.756491e+02 
3.135051e-01 8.403845e+02 8.483076e+02 
3.185455e-01 8.167706e+02 8.221523e+02 
3.235859e-01 7.932561e+02 7.971178e+02 
3.286263e-01 7.697801e+02 7.731429e+02 
3.336667e-01 7.464299e+02 7.501707e+02 
3.387071e-01 7.234755e+02 7.281477e+02 
3.437475e-01 7.013148e+02 7.070240e+02 
3.487879e-01 6.803069e+02 6.867528e+02 
3.538283e-01 6.606179e+02 6.672904e+02 
3.588687e-01 6.422193e+02 6.485956e+02 
3.639091e-01 6.249837e+02 6.306299e+02 
3.689495e-01 6.087418e+02 6.133569e+02 
3.739899e-01 5.932880e+02 5.967428e+02 
3.790303e-01 5.783968e+02 5.807553e+02 
3.840707e-01 5.638617e+02 5.653645e+02 
3.891111e-01 5.495571e+02 5.505418e+02 
3.941515e-01 5.354850e+02 5.362605e+02 
3.991919e-01 5.217026e+02 5.224954e+02 
4.042323e-01 5.082704e+02 5.092228e+02 
4.092727e-01 4.952620e+02 4.964200e+02 
4.143131e-01 4.827602e+02 4.840658e+02 
4.193535e-01 4.708230e+02 4.721403e+02 
4.243939e-01 4.594494e+02 4.606244e+02 
4.294343e-01 4.485933e+02 4.495000e+02 
4.344747e-01 4.381876e+02 4.387504e+02 
4.395152e-01 4.281640e+02 4.283592e+02 
4.445556e-01 4.184660e+02 4.183112e+02 
4.495960e-01 4.090401e+02 4.085920e+02 
4.546364e-01 3.998424e+02 3.991877e+02 
4.596768e-01 3.908464e+02 3.900854e+02 
4.647172e-01 3.820652e+02 3.812727e+02 
4.697576e-01 3.735270e+02 3.727377e+02 
4.747980e-01 3.652453e+02 3.644693e+02 
4.798384e-01 3.572216e+02 3.564569e+02 
4.848788e-01 3.494664e+02 3.486902e+02 
4.899192e-01 3.419919e+02 3.411597e+02 
4.949596e-01 3.347832e+02 3.338561e+02 
5.000000e-01 3.278156e+02 3.267708e+02 
