1.000000e-03 2.797153e+03 2.797151e+03 
6.040404e-03 1.266782e+04 1.276052e+04 
1.108081e-02 1.746742e+04 1.753561e+04 
1.612121e-02 1.914987e+04 1.914466e+04 
2.116162e-02 1.895136e+04 1.882267e+04 
2.620202e-02 1.773623e+04 1.762606e+04 
3.124242e-02 1.612248e+04 1.624148e+04 
3.628283e-02 1.451077e+04 1.491787e+04 
4.132323e-02 1.311098e+04 1.370670e+04 
4.636364e-02 1.198459e+04 1.260801e+04 
5.140404e-02 1.113022e+04 1.161291e+04 
5.644444e-02 1.044020e+04 1.071189e+04 
6.148485e-02 9.835489e+03 9.896053e+03 
6.652525e-02 9.248884e+03 9.157146e+03 
7.156566e-02 8.631857e+03 8.487511e+03 
7.660606e-02 7.975626e+03 7.880111e+03 
8.164646e-02 7.308158e+03 7.328530e+03 
8.668687e-02 6.671987e+03 6.826967e+03 
9.172727e-02 6.100534e+03 6.370206e+03 
9.676768e-02 5.613071e+03 5.953587e+03 
1.018081e-01 5.217828e+03 5.572955e+03 
1.068485e-01 4.910025e+03 5.224615e+03 
1.118889e-01 4.669367e+03 4.905288e+03 
1.169293e-01 4.466063e+03 4.612061e+03 
1.219697e-01 4.272766e+03 4.342349e+03 
1.270101e-01 4.072362e+03 4.093857e+03 
1.320505e-01 3.858607e+03 3.864544e+03 
1.370909e-01 3.633281e+03 3.652594e+03 
1.421313e-01 3.404521e+03 3.456390e+03 
1.471717e-01 3.183432e+03 3.274488e+03 
1.522121e-01 2.980474e+03 3.105600e+03 
1.572525e-01 2.803163e+03 2.948571e+03 
1.622929e-01 2.654680e+03 2.802367e+03 
1.673333e-01 2.533176e+03 2.666060e+03 
1.723737e-01 2.432342e+03 2.538815e+03 
1.774141e-01 2.343783e+03 2.419881e+03 
1.824545e-01 2.260114e+03 2.308578e+03 
1.874949e-01 2.176077e+03 2.204294e+03 
1.925354e-01 2.088485e+03 2.106476e+03 
1.975758e-01 1.996670e+03 2.014619e+03 
2.026162e-01 1.902658e+03 1.928269e+03 
2.076566e-01 1.810333e+03 1.847011e+03 
2.126970e-01 1.723393e+03 1.770466e+03 
2.177374e-01 1.644214e+03 1.698291e+03 
2.227778e-01 1.573889e+03 1.630173e+03 
2.278182e-01 1.512405e+03 1.565822e+03 
2.328586e-01 1.458678e+03 1.504977e+03 
2.378990e-01 1.410548e+03 1.447397e+03 
2.429394e-01 1.365554e+03 1.392861e+03 
2.479798e-01 1.321756e+03 1.341164e+03 
2.530202e-01 1.277988e+03 1.292121e+03 
2.580606e-01 1.233699e+03 1.245559e+03 
2.631010e-01 1.188956e+03 1.201319e+03 
2.681414e-01 1.144515e+03 1.159255e+03 
2.731818e-01 1.101580e+03 1.119230e+03 
2.782222e-01 1.061192e+03 1.081121e+03 
2.832626e-01 1.023840e+03 1.044810e+03 
2.883030e-01 9.895710e+02 1.010190e+03 
2.933434e-01 9.581719e+02 9.771608e+02 
2.983838e-01 9.292598e+02 9.456301e+02 
3.034242e-01 9.022610e+02 9.155114e+02 
3.084646e-01 8.764630e+02 8.867244e+02 
3.135051e-01 8.512548e+02 8.591943e+02 
3.185455e-01 8.263410e+02 8.328513e+02 
3.235859e-01 8.017082e+02 8.076304e+02 
3.286263e-01 7.774951e+02 7.834708e+02 
3.336667e-01 7.538962e+02 7.603158e+02 
3.387071e-01 7.311244e+02 7.381120e+02 
3.437475e-01 7.094073e+02 7.168100e+02 
3.487879e-01 6.889236e+02 6.963629e+02 
3.538283e-01 6.696965e+02 6.767272e+02 
3.588687e-01 6.515958e+02 6.578618e+02 
3.639091e-01 6.344045e+02 6.397283e+02 
3.689495e-01 6.179391e+02 6.222904e+02 
3.739899e-01 6.020573e+02 6.055142e+02 
3.790303e-01 5.866452e+02 5.893676e+02 
3.840707e-01 5.716026e+02 5.738206e+02 
3.891111e-01 5.568783e+02 5.588447e+02 
3.941515e-01 5.425026e+02 5.444132e+02 
3.991919e-01 5.285499e+02 5.305008e+02 
4.042323e-01 5.150992e+02 5.170838e+02 
4.092727e-01 5.021778e+02 5.041395e+02 
4.143131e-01 4.897940e+02 4.916468e+02 
4.193535e-01 4.779247e+02 4.795856e+02 
4.243939e-01 4.665580e+02 4.679368e+02 
4.294343e-01 4.556387e+02 4.566823e+02 
4.344747e-01 4.451048e+02 4.458053e+02 
4.395152e-01 4.348919e+02 4.352894e+02 
4.445556e-01 4.249572e+02 4.251194e+02 
4.495960e-01 4.152975e+02 4.152808e+02 
4.546364e-01 4.059003e+02 4.057597e+02 
4.596768e-01 3.967594e+02 3.965430e+02 
4.647172e-01 3.878769e+02 3.876184e+02 
4.697576e-01 3.792631e+02 3.789739e+02 
4.747980e-01 3.709358e+02 3.705984e+02 
4.798384e-01 3.628949e+02 3.624811e+02 
4.848788e-01 3.551250e+02 3.546119e+02 
4.899192e-01 3.476022e+02 3.469810e+02 
4.949596e-01 3.403115e+02 3.395793e+02 
5.000000e-01 3.332465e+02 3.323979e+02 
