1.000000e-03 4.651275e+03 4.651271e+03 
6.040404e-03 2.065685e+04 2.082131e+04 
1.108081e-02 2.811691e+04 2.836575e+04 
1.612121e-02 3.022838e+04 3.053905e+04 
2.116162e-02 2.902530e+04 2.906813e+04 
2.620202e-02 2.602718e+04 2.578187e+04 
3.124242e-02 2.239363e+04 2.233676e+04 
3.628283e-02 1.891334e+04 1.942139e+04 
4.132323e-02 1.601702e+04 1.707751e+04 
4.636364e-02 1.382869e+04 1.517829e+04 
5.140404e-02 1.233706e+04 1.360548e+04 
5.644444e-02 1.137112e+04 1.227621e+04 
6.148485e-02 1.074452e+04 1.113493e+04 
6.652525e-02 1.028030e+04 1.014352e+04 
7.156566e-02 9.819365e+03 9.274684e+03 
7.660606e-02 9.259457e+03 8.508056e+03 
8.164646e-02 8.565109e+03 7.827862e+03 
8.668687e-02 7.764459e+03 7.221543e+03 
9.172727e-02 6.923049e+03 6.678890e+03 
9.676768e-02 6.116550e+03 6.191466e+03 
1.018081e-01 5.411745e+03 5.752215e+03 
1.068485e-01 4.852144e+03 5.355182e+03 
1.118889e-01 4.448983e+03 4.995301e+03 
1.169293e-01 4.184387e+03 4.668236e+03 
1.219697e-01 4.023666e+03 4.370256e+03 
1.270101e-01 3.925534e+03 4.098137e+03 
1.320505e-01 3.848000e+03 3.849079e+03 
1.370909e-01 3.753902e+03 3.620642e+03 
1.421313e-01 3.617849e+03 3.410696e+03 
1.471717e-01 3.431485e+03 3.217369e+03 
1.522121e-01 3.202378e+03 3.039016e+03 
1.572525e-01 2.949096e+03 2.874185e+03 
1.622929e-01 2.695517e+03 2.721593e+03 
1.673333e-01 2.464587e+03 2.580099e+03 
1.723737e-01 2.272895e+03 2.448692e+03 
1.774141e-01 2.127217e+03 2.326469e+03 
1.824545e-01 2.025455e+03 2.212623e+03 
1.874949e-01 1.959624e+03 2.106431e+03 
1.925354e-01 1.918288e+03 2.007248e+03 
1.975758e-01 1.888112e+03 1.914490e+03 
2.026162e-01 1.855885e+03 1.827633e+03 
2.076566e-01 1.811310e+03 1.746205e+03 
2.126970e-01 1.749184e+03 1.669776e+03 
2.177374e-01 1.669871e+03 1.597960e+03 
2.227778e-01 1.578105e+03 1.530405e+03 
2.278182e-01 1.481187e+03 1.466792e+03 
2.328586e-01 1.387086e+03 1.406830e+03 
2.378990e-01 1.302624e+03 1.350254e+03 
2.429394e-01 1.232223e+03 1.296822e+03 
2.479798e-01 1.177481e+03 1.246314e+03 
2.530202e-01 1.137491e+03 1.198526e+03 
2.580606e-01 1.109230e+03 1.153273e+03 
2.631010e-01 1.088161e+03 1.110385e+03 
2.681414e-01 1.069335e+03 1.069705e+03 
2.731818e-01 1.048518e+03 1.031089e+03 
2.782222e-01 1.022941e+03 9.944042e+02 
2.832626e-01 9.914344e+02 9.595277e+02 
2.883030e-01 9.543351e+02 9.263465e+02 
2.933434e-01 9.133422e+02 8.947561e+02 
2.983838e-01 8.710948e+02 8.646596e+02 
3.034242e-01 8.304424e+02 8.359672e+02 
3.084646e-01 7.936739e+02 8.085957e+02 
3.135051e-01 7.621611e+02 7.824678e+02 
3.185455e-01 7.362930e+02 7.575116e+02 
3.235859e-01 7.156371e+02 7.336604e+02 
3.286263e-01 6.990969e+02 7.108519e+02 
3.336667e-01 6.850949e+02 6.890281e+02 
3.387071e-01 6.719031e+02 6.681348e+02 
3.437475e-01 6.580536e+02 6.481217e+02 
3.487879e-01 6.426020e+02 6.289414e+02 
3.538283e-01 6.252018e+02 6.105498e+02 
3.588687e-01 6.060373e+02 5.929057e+02 
3.639091e-01 5.857178e+02 5.759703e+02 
3.689495e-01 5.651528e+02 5.597074e+02 
3.739899e-01 5.452869e+02 5.440829e+02 
3.790303e-01 5.269069e+02 5.290648e+02 
3.840707e-01 5.104923e+02 5.146233e+02 
3.891111e-01 4.962099e+02 5.007300e+02 
3.941515e-01 4.839124e+02 4.873583e+02 
3.991919e-01 4.732124e+02 4.744834e+02 
4.042323e-01 4.635562e+02 4.620817e+02 
4.092727e-01 4.543220e+02 4.501310e+02 
4.143131e-01 4.449937e+02 4.386103e+02 
4.193535e-01 4.352312e+02 4.274999e+02 
4.243939e-01 4.249188e+02 4.167812e+02 
4.294343e-01 4.141065e+02 4.064365e+02 
4.344747e-01 4.029639e+02 3.964492e+02 
4.395152e-01 3.917815e+02 3.868035e+02 
4.445556e-01 3.809047e+02 3.774845e+02 
4.495960e-01 3.706314e+02 3.684780e+02 
4.546364e-01 3.611394e+02 3.597707e+02 
4.596768e-01 3.524849e+02 3.513498e+02 
4.647172e-01 3.446157e+02 3.432034e+02 
4.697576e-01 3.374142e+02 3.353200e+02 
4.747980e-01 3.307106e+02 3.276887e+02 
4.798384e-01 3.242784e+02 3.202992e+02 
4.848788e-01 3.179128e+02 3.131418e+02 
4.899192e-01 3.114823e+02 3.062072e+02 
4.949596e-01 3.049334e+02 2.994864e+02 
5.000000e-01 2.982843e+02 2.929710e+02 
