1.000000e-03 3.049929e+03 3.049926e+03 
6.040404e-03 1.358724e+04 1.368867e+04 
1.108081e-02 1.866094e+04 1.874540e+04 
1.612121e-02 2.040825e+04 2.042856e+04 
2.116162e-02 2.014483e+04 2.002936e+04 
2.620202e-02 1.878968e+04 1.866726e+04 
3.124242e-02 1.700296e+04 1.710948e+04 
3.628283e-02 1.521858e+04 1.564258e+04 
4.132323e-02 1.367122e+04 1.432010e+04 
4.636364e-02 1.243579e+04 1.313469e+04 
5.140404e-02 1.149423e+04 1.207051e+04 
5.644444e-02 1.076764e+04 1.111320e+04 
6.148485e-02 1.014877e+04 1.025062e+04 
6.652525e-02 9.564436e+03 9.472307e+03 
7.156566e-02 8.953205e+03 8.769056e+03 
7.660606e-02 8.294182e+03 8.132718e+03 
8.164646e-02 7.607743e+03 7.556038e+03 
8.668687e-02 6.936797e+03 7.032570e+03 
9.172727e-02 6.320860e+03 6.556592e+03 
9.676768e-02 5.786203e+03 6.123032e+03 
1.018081e-01 5.347107e+03 5.727405e+03 
1.068485e-01 5.004900e+03 5.365743e+03 
1.118889e-01 4.744079e+03 5.034538e+03 
1.169293e-01 4.535974e+03 4.730689e+03 
1.219697e-01 4.349838e+03 4.451448e+03 
1.270101e-01 4.162619e+03 4.194386e+03 
1.320505e-01 3.962046e+03 3.957344e+03 
1.370909e-01 3.745025e+03 3.738407e+03 
1.421313e-01 3.516707e+03 3.535872e+03 
1.471717e-01 3.287672e+03 3.348221e+03 
1.522121e-01 3.070026e+03 3.174101e+03 
1.572525e-01 2.874247e+03 3.012302e+03 
1.622929e-01 2.707038e+03 2.861740e+03 
1.673333e-01 2.570002e+03 2.721444e+03 
1.723737e-01 2.459426e+03 2.590542e+03 
1.774141e-01 2.367661e+03 2.468250e+03 
1.824545e-01 2.286225e+03 2.353858e+03 
1.874949e-01 2.207878e+03 2.246729e+03 
1.925354e-01 2.127368e+03 2.146285e+03 
1.975758e-01 2.041711e+03 2.052004e+03 
2.026162e-01 1.950811e+03 1.963410e+03 
2.076566e-01 1.857513e+03 1.880073e+03 
2.126970e-01 1.766079e+03 1.801601e+03 
2.177374e-01 1.680232e+03 1.727636e+03 
2.227778e-01 1.602430e+03 1.657852e+03 
2.278182e-01 1.533913e+03 1.591952e+03 
2.328586e-01 1.474770e+03 1.529664e+03 
2.378990e-01 1.423669e+03 1.470737e+03 
2.429394e-01 1.378216e+03 1.414943e+03 
2.479798e-01 1.335867e+03 1.362071e+03 
2.530202e-01 1.294570e+03 1.311928e+03 
2.580606e-01 1.252945e+03 1.264335e+03 
2.631010e-01 1.210276e+03 1.219130e+03 
2.681414e-01 1.166621e+03 1.176160e+03 
2.731818e-01 1.122887e+03 1.135285e+03 
2.782222e-01 1.080391e+03 1.096376e+03 
2.832626e-01 1.040271e+03 1.059314e+03 
2.883030e-01 1.003158e+03 1.023986e+03 
2.933434e-01 9.692283e+02 9.902907e+02 
2.983838e-01 9.384072e+02 9.581318e+02 
3.034242e-01 9.103514e+02 9.274206e+02 
3.084646e-01 8.844091e+02 8.980742e+02 
3.135051e-01 8.597725e+02 8.700158e+02 
3.185455e-01 8.357382e+02 8.431734e+02 
3.235859e-01 8.119031e+02 8.174802e+02 
3.286263e-01 7.881681e+02 7.928736e+02 
3.336667e-01 7.646331e+02 7.692953e+02 
3.387071e-01 7.414650e+02 7.466905e+02 
3.437475e-01 7.189330e+02 7.250081e+02 
3.487879e-01 6.973518e+02 7.042004e+02 
3.538283e-01 6.769799e+02 6.842223e+02 
3.588687e-01 6.579106e+02 6.650318e+02 
3.639091e-01 6.400574e+02 6.465894e+02 
3.689495e-01 6.232338e+02 6.288579e+02 
3.739899e-01 6.072333e+02 6.118024e+02 
3.790303e-01 5.918921e+02 5.953901e+02 
3.840707e-01 5.770333e+02 5.795901e+02 
3.891111e-01 5.625095e+02 5.643733e+02 
3.941515e-01 5.482338e+02 5.497122e+02 
3.991919e-01 5.342118e+02 5.355811e+02 
4.042323e-01 5.205175e+02 5.219553e+02 
4.092727e-01 5.072399e+02 5.088120e+02 
4.143131e-01 4.944457e+02 4.961293e+02 
4.193535e-01 4.821675e+02 4.838866e+02 
4.243939e-01 4.704201e+02 4.720645e+02 
4.294343e-01 4.592070e+02 4.606445e+02 
4.344747e-01 4.484804e+02 4.496091e+02 
4.395152e-01 4.381783e+02 4.389419e+02 
4.445556e-01 4.282237e+02 4.286271e+02 
4.495960e-01 4.185573e+02 4.186499e+02 
4.546364e-01 4.091484e+02 4.089961e+02 
4.596768e-01 3.999786e+02 3.996525e+02 
4.647172e-01 3.910336e+02 3.906062e+02 
4.697576e-01 3.823103e+02 3.818451e+02 
4.747980e-01 3.738235e+02 3.733578e+02 
4.798384e-01 3.655995e+02 3.651334e+02 
4.848788e-01 3.576504e+02 3.571614e+02 
4.899192e-01 3.499755e+02 3.494320e+02 
4.949596e-01 3.425562e+02 3.419357e+02 
5.000000e-01 3.353843e+02 3.346635e+02 
