1.000000e-03 3.663271e+03 3.663267e+03 
6.040404e-03 1.641466e+04 1.653826e+04 
1.108081e-02 2.235671e+04 2.248426e+04 
1.612121e-02 2.414284e+04 2.421909e+04 
2.116162e-02 2.343978e+04 2.333158e+04 
2.620202e-02 2.143419e+04 2.129679e+04 
3.124242e-02 1.898279e+04 1.914546e+04 
3.628283e-02 1.663893e+04 1.722854e+04 
4.132323e-02 1.468724e+04 1.557450e+04 
4.636364e-02 1.319394e+04 1.414115e+04 
5.140404e-02 1.213034e+04 1.288708e+04 
5.644444e-02 1.135390e+04 1.178115e+04 
6.148485e-02 1.073180e+04 1.080021e+04 
6.652525e-02 1.013911e+04 9.926367e+03 
7.156566e-02 9.496029e+03 9.145211e+03 
7.660606e-02 8.774856e+03 8.444810e+03 
8.164646e-02 8.000341e+03 7.815095e+03 
8.668687e-02 7.226504e+03 7.247476e+03 
9.172727e-02 6.508979e+03 6.734569e+03 
9.676768e-02 5.891033e+03 6.269997e+03 
1.018081e-01 5.398003e+03 5.848237e+03 
1.068485e-01 5.031573e+03 5.464487e+03 
1.118889e-01 4.769050e+03 5.114565e+03 
1.169293e-01 4.573709e+03 4.794821e+03 
1.219697e-01 4.407782e+03 4.502057e+03 
1.270101e-01 4.240148e+03 4.233472e+03 
1.320505e-01 4.050168e+03 3.986600e+03 
1.370909e-01 3.830337e+03 3.759271e+03 
1.421313e-01 3.586611e+03 3.549567e+03 
1.471717e-01 3.334135e+03 3.355791e+03 
1.522121e-01 3.090373e+03 3.176440e+03 
1.572525e-01 2.870589e+03 3.010175e+03 
1.622929e-01 2.685602e+03 2.855805e+03 
1.673333e-01 2.539376e+03 2.712268e+03 
1.723737e-01 2.428006e+03 2.578613e+03 
1.774141e-01 2.341915e+03 2.453988e+03 
1.824545e-01 2.269895e+03 2.337628e+03 
1.874949e-01 2.201755e+03 2.228846e+03 
1.925354e-01 2.129407e+03 2.127023e+03 
1.975758e-01 2.047786e+03 2.031598e+03 
2.026162e-01 1.956273e+03 1.942066e+03 
2.076566e-01 1.858240e+03 1.857969e+03 
2.126970e-01 1.759323e+03 1.778891e+03 
2.177374e-01 1.665162e+03 1.704455e+03 
2.227778e-01 1.580151e+03 1.634317e+03 
2.278182e-01 1.506867e+03 1.568163e+03 
2.328586e-01 1.445761e+03 1.505709e+03 
2.378990e-01 1.395342e+03 1.446692e+03 
2.429394e-01 1.352812e+03 1.390873e+03 
2.479798e-01 1.314791e+03 1.338034e+03 
2.530202e-01 1.277930e+03 1.287972e+03 
2.580606e-01 1.239568e+03 1.240504e+03 
2.631010e-01 1.198420e+03 1.195458e+03 
2.681414e-01 1.154722e+03 1.152678e+03 
2.731818e-01 1.109747e+03 1.112020e+03 
2.782222e-01 1.065105e+03 1.073350e+03 
2.832626e-01 1.022354e+03 1.036545e+03 
2.883030e-01 9.828298e+02 1.001491e+03 
2.933434e-01 9.474427e+02 9.680817e+02 
2.983838e-01 9.163484e+02 9.362193e+02 
3.034242e-01 8.889662e+02 9.058128e+02 
3.084646e-01 8.643037e+02 8.767777e+02 
3.135051e-01 8.413065e+02 8.490353e+02 
3.185455e-01 8.190111e+02 8.225126e+02 
3.235859e-01 7.966535e+02 7.971412e+02 
3.286263e-01 7.738108e+02 7.728576e+02 
3.336667e-01 7.504640e+02 7.496024e+02 
3.387071e-01 7.269692e+02 7.273202e+02 
3.437475e-01 7.038538e+02 7.059592e+02 
3.487879e-01 6.816235e+02 6.854709e+02 
3.538283e-01 6.606638e+02 6.658097e+02 
3.588687e-01 6.412167e+02 6.469333e+02 
3.639091e-01 6.233316e+02 6.288017e+02 
3.689495e-01 6.068470e+02 6.113774e+02 
3.739899e-01 5.914722e+02 5.946252e+02 
3.790303e-01 5.768750e+02 5.785121e+02 
3.840707e-01 5.627528e+02 5.630070e+02 
3.891111e-01 5.488672e+02 5.480806e+02 
3.941515e-01 5.350679e+02 5.337054e+02 
3.991919e-01 5.213109e+02 5.198554e+02 
4.042323e-01 5.076774e+02 5.065061e+02 
4.092727e-01 4.943357e+02 4.936344e+02 
4.143131e-01 4.814391e+02 4.812185e+02 
4.193535e-01 4.690832e+02 4.692377e+02 
4.243939e-01 4.573281e+02 4.576727e+02 
4.294343e-01 4.461987e+02 4.465049e+02 
4.344747e-01 4.356812e+02 4.357170e+02 
4.395152e-01 4.256909e+02 4.252924e+02 
4.445556e-01 4.160974e+02 4.152155e+02 
4.495960e-01 4.067925e+02 4.054715e+02 
4.546364e-01 3.977131e+02 3.960463e+02 
4.596768e-01 3.888261e+02 3.869266e+02 
4.647172e-01 3.800954e+02 3.780998e+02 
4.697576e-01 3.715098e+02 3.695538e+02 
4.747980e-01 3.631075e+02 3.612771e+02 
4.798384e-01 3.549486e+02 3.532590e+02 
4.848788e-01 3.470733e+02 3.454891e+02 
4.899192e-01 3.394866e+02 3.379576e+02 
4.949596e-01 3.321831e+02 3.306550e+02 
5.000000e-01 3.251618e+02 3.235726e+02 
