1.000000e-03 3.197984e+03 3.197982e+03 
6.040404e-03 1.407129e+04 1.417341e+04 
1.108081e-02 1.904687e+04 1.911009e+04 
1.612121e-02 2.058333e+04 2.055172e+04 
2.116162e-02 2.013461e+04 1.997520e+04 
2.620202e-02 1.867079e+04 1.856051e+04 
3.124242e-02 1.685638e+04 1.700823e+04 
3.628283e-02 1.510248e+04 1.554983e+04 
4.132323e-02 1.360950e+04 1.422652e+04 
4.636364e-02 1.241886e+04 1.303386e+04 
5.140404e-02 1.151438e+04 1.196015e+04 
5.644444e-02 1.077212e+04 1.099360e+04 
6.148485e-02 1.010716e+04 1.012325e+04 
6.652525e-02 9.449245e+03 9.339018e+03 
7.156566e-02 8.762941e+03 8.631705e+03 
7.660606e-02 8.051349e+03 7.992964e+03 
8.164646e-02 7.347757e+03 7.415292e+03 
8.668687e-02 6.693050e+03 6.891989e+03 
9.172727e-02 6.117351e+03 6.417100e+03 
9.676768e-02 5.637254e+03 5.985355e+03 
1.018081e-01 5.255245e+03 5.592099e+03 
1.068485e-01 4.957558e+03 5.233224e+03 
1.118889e-01 4.716498e+03 4.905109e+03 
1.169293e-01 4.501033e+03 4.604560e+03 
1.219697e-01 4.288546e+03 4.328759e+03 
1.270101e-01 4.066362e+03 4.075215e+03 
1.320505e-01 3.831784e+03 3.841726e+03 
1.370909e-01 3.590683e+03 3.626339e+03 
1.421313e-01 3.354515e+03 3.427324e+03 
1.471717e-01 3.134673e+03 3.243142e+03 
1.522121e-01 2.939112e+03 3.072423e+03 
1.572525e-01 2.772007e+03 2.913945e+03 
1.622929e-01 2.633532e+03 2.766616e+03 
1.673333e-01 2.519250e+03 2.629460e+03 
1.723737e-01 2.420803e+03 2.501599e+03 
1.774141e-01 2.329515e+03 2.382248e+03 
1.824545e-01 2.239262e+03 2.270697e+03 
1.874949e-01 2.146916e+03 2.166309e+03 
1.925354e-01 2.051492e+03 2.068506e+03 
1.975758e-01 1.954185e+03 1.976768e+03 
2.026162e-01 1.858098e+03 1.890622e+03 
2.076566e-01 1.767030e+03 1.809640e+03 
2.126970e-01 1.683897e+03 1.733432e+03 
2.177374e-01 1.609836e+03 1.661644e+03 
2.227778e-01 1.544676e+03 1.593953e+03 
2.278182e-01 1.487130e+03 1.530065e+03 
2.328586e-01 1.435307e+03 1.469709e+03 
2.378990e-01 1.387029e+03 1.412640e+03 
2.429394e-01 1.340462e+03 1.358631e+03 
2.479798e-01 1.294280e+03 1.307474e+03 
2.530202e-01 1.247847e+03 1.258981e+03 
2.580606e-01 1.201353e+03 1.212974e+03 
2.631010e-01 1.155628e+03 1.169293e+03 
2.681414e-01 1.111748e+03 1.127789e+03 
2.731818e-01 1.070506e+03 1.088325e+03 
2.782222e-01 1.032249e+03 1.050773e+03 
2.832626e-01 9.970237e+02 1.015016e+03 
2.883030e-01 9.646606e+02 9.809447e+02 
2.933434e-01 9.347066e+02 9.484592e+02 
2.983838e-01 9.064950e+02 9.174653e+02 
3.034242e-01 8.793961e+02 8.878762e+02 
3.084646e-01 8.529981e+02 8.596111e+02 
3.135051e-01 8.271164e+02 8.325946e+02 
3.185455e-01 8.017173e+02 8.067567e+02 
3.235859e-01 7.768699e+02 7.820320e+02 
3.286263e-01 7.527965e+02 7.583595e+02 
3.336667e-01 7.297326e+02 7.356824e+02 
3.387071e-01 7.078577e+02 7.139473e+02 
3.437475e-01 6.871956e+02 6.931045e+02 
3.487879e-01 6.676938e+02 6.731074e+02 
3.538283e-01 6.492382e+02 6.539122e+02 
3.588687e-01 6.316617e+02 6.354781e+02 
3.639091e-01 6.147901e+02 6.177666e+02 
3.689495e-01 5.984658e+02 6.007416e+02 
3.739899e-01 5.826066e+02 5.843692e+02 
3.790303e-01 5.671782e+02 5.686176e+02 
3.840707e-01 5.521877e+02 5.534567e+02 
3.891111e-01 5.376359e+02 5.388583e+02 
3.941515e-01 5.235618e+02 5.247958e+02 
3.991919e-01 5.100161e+02 5.112441e+02 
4.042323e-01 4.970423e+02 4.981796e+02 
4.092727e-01 4.846236e+02 4.855798e+02 
4.143131e-01 4.726973e+02 4.734237e+02 
4.193535e-01 4.612286e+02 4.616914e+02 
4.243939e-01 4.501696e+02 4.503640e+02 
4.294343e-01 4.395000e+02 4.394237e+02 
4.344747e-01 4.291593e+02 4.288536e+02 
4.395152e-01 4.191052e+02 4.186376e+02 
4.445556e-01 4.093311e+02 4.087607e+02 
4.495960e-01 3.998524e+02 3.992085e+02 
4.546364e-01 3.906746e+02 3.899672e+02 
4.596768e-01 3.817832e+02 3.810241e+02 
4.647172e-01 3.731693e+02 3.723668e+02 
4.697576e-01 3.648429e+02 3.639836e+02 
4.747980e-01 3.568054e+02 3.558635e+02 
4.798384e-01 3.490364e+02 3.479958e+02 
4.848788e-01 3.415089e+02 3.403706e+02 
4.899192e-01 3.342005e+02 3.329783e+02 
4.949596e-01 3.271160e+02 3.258099e+02 
5.000000e-01 3.202395e+02 3.188565e+02 
