1.000000e-03 3.631141e+03 3.631138e+03 
6.040404e-03 1.638298e+04 1.650885e+04 
1.108081e-02 2.248301e+04 2.263830e+04 
1.612121e-02 2.440344e+04 2.454677e+04 
2.116162e-02 2.374391e+04 2.368929e+04 
2.620202e-02 2.168398e+04 2.151851e+04 
3.124242e-02 1.910660e+04 1.918654e+04 
3.628283e-02 1.660489e+04 1.713218e+04 
4.132323e-02 1.450080e+04 1.539543e+04 
4.636364e-02 1.288540e+04 1.391900e+04 
5.140404e-02 1.175124e+04 1.264625e+04 
5.644444e-02 1.096237e+04 1.153576e+04 
6.148485e-02 1.037520e+04 1.055820e+04 
6.652525e-02 9.863831e+03 9.692034e+03 
7.156566e-02 9.318771e+03 8.920747e+03 
7.660606e-02 8.685848e+03 8.231181e+03 
8.164646e-02 7.968185e+03 7.612558e+03 
8.668687e-02 7.211904e+03 7.055877e+03 
9.172727e-02 6.475719e+03 6.553525e+03 
9.676768e-02 5.812077e+03 6.099006e+03 
1.018081e-01 5.260164e+03 5.686739e+03 
1.068485e-01 4.838389e+03 5.311908e+03 
1.118889e-01 4.539417e+03 4.970337e+03 
1.169293e-01 4.334366e+03 4.658394e+03 
1.219697e-01 4.185621e+03 4.372913e+03 
1.270101e-01 4.056848e+03 4.111119e+03 
1.320505e-01 3.918619e+03 3.870583e+03 
1.370909e-01 3.751648e+03 3.649164e+03 
1.421313e-01 3.549749e+03 3.444976e+03 
1.471717e-01 3.320092e+03 3.256352e+03 
1.522121e-01 3.078409e+03 3.081815e+03 
1.572525e-01 2.843499e+03 2.920053e+03 
1.622929e-01 2.632425e+03 2.769899e+03 
1.673333e-01 2.456776e+03 2.630311e+03 
1.723737e-01 2.320478e+03 2.500360e+03 
1.774141e-01 2.219836e+03 2.379212e+03 
1.824545e-01 2.146189e+03 2.266119e+03 
1.874949e-01 2.088816e+03 2.160409e+03 
1.925354e-01 2.036616e+03 2.061477e+03 
1.975758e-01 1.979957e+03 1.968777e+03 
2.026162e-01 1.912443e+03 1.881814e+03 
2.076566e-01 1.832511e+03 1.800141e+03 
2.126970e-01 1.742923e+03 1.723354e+03 
2.177374e-01 1.648900e+03 1.651083e+03 
2.227778e-01 1.556503e+03 1.582994e+03 
2.278182e-01 1.471317e+03 1.518781e+03 
2.328586e-01 1.397421e+03 1.458165e+03 
2.378990e-01 1.336502e+03 1.400892e+03 
2.429394e-01 1.287850e+03 1.346729e+03 
2.479798e-01 1.249085e+03 1.295462e+03 
2.530202e-01 1.216892e+03 1.246896e+03 
2.580606e-01 1.187541e+03 1.200849e+03 
2.631010e-01 1.157491e+03 1.157157e+03 
2.681414e-01 1.124280e+03 1.115667e+03 
2.731818e-01 1.087144e+03 1.076238e+03 
2.782222e-01 1.046803e+03 1.038740e+03 
2.832626e-01 1.004790e+03 1.003054e+03 
2.883030e-01 9.629072e+02 9.690681e+02 
2.933434e-01 9.229884e+02 9.366797e+02 
2.983838e-01 8.866448e+02 9.057934e+02 
3.034242e-01 8.548331e+02 8.763207e+02 
3.084646e-01 8.276448e+02 8.481794e+02 
3.135051e-01 8.043630e+02 8.212931e+02 
3.185455e-01 7.838671e+02 7.955905e+02 
3.235859e-01 7.649693e+02 7.710055e+02 
3.286263e-01 7.465633e+02 7.474762e+02 
3.336667e-01 7.277336e+02 7.249449e+02 
3.387071e-01 7.079249e+02 7.033577e+02 
3.437475e-01 6.870695e+02 6.826643e+02 
3.487879e-01 6.655774e+02 6.628175e+02 
3.538283e-01 6.441024e+02 6.437732e+02 
3.588687e-01 6.232793e+02 6.254902e+02 
3.639091e-01 6.036314e+02 6.079295e+02 
3.689495e-01 5.855010e+02 5.910549e+02 
3.739899e-01 5.690667e+02 5.748322e+02 
3.790303e-01 5.542569e+02 5.592292e+02 
3.840707e-01 5.407825e+02 5.442158e+02 
3.891111e-01 5.282229e+02 5.297636e+02 
3.941515e-01 5.161638e+02 5.158457e+02 
3.991919e-01 5.042627e+02 5.024371e+02 
4.042323e-01 4.923034e+02 4.895138e+02 
4.092727e-01 4.801840e+02 4.770536e+02 
4.143131e-01 4.679233e+02 4.650351e+02 
4.193535e-01 4.556768e+02 4.534385e+02 
4.243939e-01 4.436638e+02 4.422448e+02 
4.294343e-01 4.320854e+02 4.314361e+02 
4.344747e-01 4.210803e+02 4.209955e+02 
4.395152e-01 4.107203e+02 4.109071e+02 
4.445556e-01 4.010304e+02 4.011556e+02 
4.495960e-01 3.919682e+02 3.917266e+02 
4.546364e-01 3.834169e+02 3.826065e+02 
4.596768e-01 3.752290e+02 3.737825e+02 
4.647172e-01 3.672610e+02 3.652421e+02 
4.697576e-01 3.594305e+02 3.569738e+02 
4.747980e-01 3.516790e+02 3.489664e+02 
4.798384e-01 3.439764e+02 3.412095e+02 
4.848788e-01 3.363423e+02 3.336930e+02 
4.899192e-01 3.288241e+02 3.264074e+02 
4.949596e-01 3.214898e+02 3.193437e+02 
5.000000e-01 3.144058e+02 3.124931e+02 
