1.000000e-03 9.089938e+03 9.089930e+03 
6.040404e-03 4.042955e+04 4.077725e+04 
1.108081e-02 5.438129e+04 5.511786e+04 
1.612121e-02 5.726584e+04 5.851261e+04 
2.116162e-02 5.321671e+04 5.392914e+04 
2.620202e-02 4.547383e+04 4.492490e+04 
3.124242e-02 3.661247e+04 3.571814e+04 
3.628283e-02 2.840808e+04 2.844287e+04 
4.132323e-02 2.179661e+04 2.318442e+04 
4.636364e-02 1.700831e+04 1.939486e+04 
5.140404e-02 1.390598e+04 1.657954e+04 
5.644444e-02 1.211379e+04 1.440979e+04 
6.148485e-02 1.123267e+04 1.268212e+04 
6.652525e-02 1.089698e+04 1.126997e+04 
7.156566e-02 1.079769e+04 1.009206e+04 
7.660606e-02 1.066582e+04 9.094002e+03 
8.164646e-02 1.029780e+04 8.237874e+03 
8.668687e-02 9.601626e+03 7.496225e+03 
9.172727e-02 8.611227e+03 6.848538e+03 
9.676768e-02 7.449668e+03 6.279063e+03 
1.018081e-01 6.275089e+03 5.775437e+03 
1.068485e-01 5.227802e+03 5.327778e+03 
1.118889e-01 4.396195e+03 4.928071e+03 
1.169293e-01 3.811245e+03 4.569730e+03 
1.219697e-01 3.460591e+03 4.247289e+03 
1.270101e-01 3.305438e+03 3.956170e+03 
1.320505e-01 3.293202e+03 3.692509e+03 
1.370909e-01 3.363077e+03 3.453022e+03 
1.421313e-01 3.452228e+03 3.234903e+03 
1.471717e-01 3.502210e+03 3.035741e+03 
1.522121e-01 3.467092e+03 2.853451e+03 
1.572525e-01 3.323695e+03 2.686228e+03 
1.622929e-01 3.078935e+03 2.532497e+03 
1.673333e-01 2.767103e+03 2.390884e+03 
1.723737e-01 2.435255e+03 2.260181e+03 
1.774141e-01 2.125705e+03 2.139327e+03 
1.824545e-01 1.867345e+03 2.027383e+03 
1.874949e-01 1.675630e+03 1.923519e+03 
1.925354e-01 1.554367e+03 1.826998e+03 
1.975758e-01 1.497553e+03 1.737162e+03 
2.026162e-01 1.491363e+03 1.653426e+03 
2.076566e-01 1.517076e+03 1.575267e+03 
2.126970e-01 1.554197e+03 1.502213e+03 
2.177374e-01 1.582882e+03 1.433842e+03 
2.227778e-01 1.586238e+03 1.369775e+03 
2.278182e-01 1.553529e+03 1.309667e+03 
2.328586e-01 1.483115e+03 1.253209e+03 
2.378990e-01 1.382562e+03 1.200120e+03 
2.429394e-01 1.265340e+03 1.150144e+03 
2.479798e-01 1.146282e+03 1.103050e+03 
2.530202e-01 1.038358e+03 1.058628e+03 
2.580606e-01 9.507469e+02 1.016684e+03 
2.631010e-01 8.879872e+02 9.770436e+02 
2.681414e-01 8.502095e+02 9.395455e+02 
2.731818e-01 8.339762e+02 9.040427e+02 
2.782222e-01 8.336621e+02 8.704004e+02 
2.832626e-01 8.423746e+02 8.384945e+02 
2.883030e-01 8.526233e+02 8.082112e+02 
2.933434e-01 8.571811e+02 7.794455e+02 
2.983838e-01 8.504305e+02 7.521007e+02 
3.034242e-01 8.296836e+02 7.260874e+02 
3.084646e-01 7.956692e+02 7.013231e+02 
3.135051e-01 7.517797e+02 6.777315e+02 
3.185455e-01 7.028898e+02 6.552419e+02 
3.235859e-01 6.542202e+02 6.337887e+02 
3.286263e-01 6.103285e+02 6.133111e+02 
3.336667e-01 5.744847e+02 5.937527e+02 
3.387071e-01 5.482663e+02 5.750607e+02 
3.437475e-01 5.315485e+02 5.571863e+02 
3.487879e-01 5.229087e+02 5.400839e+02 
3.538283e-01 5.200811e+02 5.237111e+02 
3.588687e-01 5.202824e+02 5.080281e+02 
3.639091e-01 5.205834e+02 4.929978e+02 
3.689495e-01 5.183116e+02 4.785857e+02 
3.739899e-01 5.115886e+02 4.647592e+02 
3.790303e-01 4.996185e+02 4.514881e+02 
3.840707e-01 4.827640e+02 4.387439e+02 
3.891111e-01 4.623007e+02 4.264998e+02 
3.941515e-01 4.400393e+02 4.147308e+02 
3.991919e-01 4.179578e+02 4.034135e+02 
4.042323e-01 3.978511e+02 3.925256e+02 
4.092727e-01 3.809484e+02 3.820464e+02 
4.143131e-01 3.678311e+02 3.719562e+02 
4.193535e-01 3.584721e+02 3.622367e+02 
4.243939e-01 3.523671e+02 3.528705e+02 
4.294343e-01 3.486498e+02 3.438411e+02 
4.344747e-01 3.461739e+02 3.351330e+02 
4.395152e-01 3.437347e+02 3.267318e+02 
4.445556e-01 3.403093e+02 3.186235e+02 
4.495960e-01 3.352087e+02 3.107950e+02 
4.546364e-01 3.281527e+02 3.032342e+02 
4.596768e-01 3.192437e+02 2.959292e+02 
4.647172e-01 3.089129e+02 2.888690e+02 
4.697576e-01 2.978601e+02 2.820432e+02 
4.747980e-01 2.868800e+02 2.754417e+02 
4.798384e-01 2.766700e+02 2.690552e+02 
4.848788e-01 2.677201e+02 2.628747e+02 
4.899192e-01 2.602855e+02 2.568917e+02 
4.949596e-01 2.544096e+02 2.510982e+02 
5.000000e-01 2.499220e+02 2.454864e+02 
