1.000000e-03 3.508426e+03 3.508423e+03 
6.040404e-03 1.545455e+04 1.557233e+04 
1.108081e-02 2.103358e+04 2.114757e+04 
1.612121e-02 2.278475e+04 2.284746e+04 
2.116162e-02 2.224509e+04 2.214430e+04 
2.620202e-02 2.048568e+04 2.034941e+04 
3.124242e-02 1.827715e+04 1.839574e+04 
3.628283e-02 1.612381e+04 1.662368e+04 
4.132323e-02 1.429413e+04 1.507626e+04 
4.636364e-02 1.286584e+04 1.372398e+04 
5.140404e-02 1.181667e+04 1.253350e+04 
5.644444e-02 1.104193e+04 1.147861e+04 
6.148485e-02 1.041675e+04 1.053936e+04 
6.652525e-02 9.836991e+03 9.699978e+03 
7.156566e-02 9.225627e+03 8.947604e+03 
7.660606e-02 8.551335e+03 8.271432e+03 
8.164646e-02 7.829640e+03 7.662252e+03 
8.668687e-02 7.105067e+03 7.112139e+03 
9.172727e-02 6.425802e+03 6.614236e+03 
9.676768e-02 5.829998e+03 6.162586e+03 
1.018081e-01 5.341751e+03 5.752004e+03 
1.068485e-01 4.967357e+03 5.377964e+03 
1.118889e-01 4.691972e+03 5.036511e+03 
1.169293e-01 4.485252e+03 4.724179e+03 
1.219697e-01 4.313019e+03 4.437927e+03 
1.270101e-01 4.146362e+03 4.175080e+03 
1.320505e-01 3.965704e+03 3.933282e+03 
1.370909e-01 3.761597e+03 3.710453e+03 
1.421313e-01 3.536041e+03 3.504751e+03 
1.471717e-01 3.300050e+03 3.314546e+03 
1.522121e-01 3.068412e+03 3.138387e+03 
1.572525e-01 2.854904e+03 2.974985e+03 
1.622929e-01 2.669873e+03 2.823189e+03 
1.673333e-01 2.518590e+03 2.681971e+03 
1.723737e-01 2.399961e+03 2.550410e+03 
1.774141e-01 2.307188e+03 2.427681e+03 
1.824545e-01 2.230717e+03 2.313042e+03 
1.874949e-01 2.161239e+03 2.205824e+03 
1.925354e-01 2.091070e+03 2.105426e+03 
1.975758e-01 2.014909e+03 2.011302e+03 
2.026162e-01 1.930660e+03 1.922960e+03 
2.076566e-01 1.839876e+03 1.839953e+03 
2.126970e-01 1.746677e+03 1.761876e+03 
2.177374e-01 1.656000e+03 1.688361e+03 
2.227778e-01 1.572007e+03 1.619071e+03 
2.278182e-01 1.497565e+03 1.553700e+03 
2.328586e-01 1.433904e+03 1.491969e+03 
2.378990e-01 1.380431e+03 1.433622e+03 
2.429394e-01 1.335146e+03 1.378424e+03 
2.479798e-01 1.295347e+03 1.326162e+03 
2.530202e-01 1.258239e+03 1.276637e+03 
2.580606e-01 1.221311e+03 1.229668e+03 
2.631010e-01 1.182754e+03 1.185088e+03 
2.681414e-01 1.141988e+03 1.142743e+03 
2.731818e-01 1.099661e+03 1.102492e+03 
2.782222e-01 1.057108e+03 1.064203e+03 
2.832626e-01 1.015710e+03 1.027756e+03 
2.883030e-01 9.766077e+02 9.930368e+02 
2.933434e-01 9.406842e+02 9.599427e+02 
2.983838e-01 9.084594e+02 9.283770e+02 
3.034242e-01 8.798808e+02 8.982500e+02 
3.084646e-01 8.543177e+02 8.694785e+02 
3.135051e-01 8.308240e+02 8.419851e+02 
3.185455e-01 8.085042e+02 8.156975e+02 
3.235859e-01 7.866649e+02 7.905487e+02 
3.286263e-01 7.648113e+02 7.664760e+02 
3.336667e-01 7.426757e+02 7.434207e+02 
3.387071e-01 7.202989e+02 7.213282e+02 
3.437475e-01 6.980095e+02 7.001473e+02 
3.487879e-01 6.762759e+02 6.798303e+02 
3.538283e-01 6.555093e+02 6.603322e+02 
3.588687e-01 6.359676e+02 6.416110e+02 
3.639091e-01 6.177670e+02 6.236274e+02 
3.689495e-01 6.008889e+02 6.063443e+02 
3.739899e-01 5.852005e+02 5.897270e+02 
3.790303e-01 5.704667e+02 5.737427e+02 
3.840707e-01 5.563857e+02 5.583609e+02 
3.891111e-01 5.427014e+02 5.435524e+02 
3.941515e-01 5.292564e+02 5.292902e+02 
3.991919e-01 5.159657e+02 5.155485e+02 
4.042323e-01 5.028087e+02 5.023030e+02 
4.092727e-01 4.898344e+02 4.895310e+02 
4.143131e-01 4.771576e+02 4.772108e+02 
4.193535e-01 4.649184e+02 4.653221e+02 
4.243939e-01 4.532086e+02 4.538455e+02 
4.294343e-01 4.420498e+02 4.427629e+02 
4.344747e-01 4.314372e+02 4.320569e+02 
4.395152e-01 4.213438e+02 4.217113e+02 
4.445556e-01 4.117134e+02 4.117106e+02 
4.495960e-01 4.024679e+02 4.020400e+02 
4.546364e-01 3.935013e+02 3.926857e+02 
4.596768e-01 3.847453e+02 3.836344e+02 
4.647172e-01 3.761759e+02 3.748737e+02 
4.697576e-01 3.677876e+02 3.663915e+02 
4.747980e-01 3.595802e+02 3.581767e+02 
4.798384e-01 3.515598e+02 3.502184e+02 
4.848788e-01 3.437542e+02 3.425063e+02 
4.899192e-01 3.362043e+02 3.350308e+02 
4.949596e-01 3.289305e+02 3.277826e+02 
5.000000e-01 3.219287e+02 3.207528e+02 
