1.000000e-03 3.673802e+03 3.673799e+03 
6.040404e-03 1.626250e+04 1.638531e+04 
1.108081e-02 2.207461e+04 2.220052e+04 
1.612121e-02 2.379930e+04 2.387577e+04 
2.116162e-02 2.308879e+04 2.298445e+04 
2.620202e-02 2.110552e+04 2.096872e+04 
3.124242e-02 1.868723e+04 1.883917e+04 
3.628283e-02 1.637402e+04 1.694250e+04 
4.132323e-02 1.444422e+04 1.530726e+04 
4.636364e-02 1.296419e+04 1.389151e+04 
5.140404e-02 1.190584e+04 1.265391e+04 
5.644444e-02 1.113357e+04 1.156335e+04 
6.148485e-02 1.051649e+04 1.059668e+04 
6.652525e-02 9.933172e+03 9.736042e+03 
7.156566e-02 9.304619e+03 8.967076e+03 
7.660606e-02 8.601695e+03 8.277911e+03 
8.164646e-02 7.846262e+03 7.658546e+03 
8.668687e-02 7.089799e+03 7.100458e+03 
9.172727e-02 6.386213e+03 6.596331e+03 
9.676768e-02 5.777427e+03 6.139852e+03 
1.018081e-01 5.289155e+03 5.725556e+03 
1.068485e-01 4.924097e+03 5.348700e+03 
1.118889e-01 4.661679e+03 5.005150e+03 
1.169293e-01 4.467062e+03 4.691303e+03 
1.219697e-01 4.303303e+03 4.404005e+03 
1.270101e-01 4.140014e+03 4.140491e+03 
1.320505e-01 3.956520e+03 3.898330e+03 
1.370909e-01 3.744548e+03 3.675383e+03 
1.421313e-01 3.508984e+03 3.469761e+03 
1.471717e-01 3.263751e+03 3.279792e+03 
1.522121e-01 3.025623e+03 3.103996e+03 
1.572525e-01 2.809564e+03 2.941054e+03 
1.622929e-01 2.626310e+03 2.789796e+03 
1.673333e-01 2.480458e+03 2.649174e+03 
1.723737e-01 2.368972e+03 2.518254e+03 
1.774141e-01 2.282925e+03 2.396198e+03 
1.824545e-01 2.211613e+03 2.282255e+03 
1.874949e-01 2.145107e+03 2.175747e+03 
1.925354e-01 2.075352e+03 2.076066e+03 
1.975758e-01 1.997155e+03 1.982662e+03 
2.026162e-01 1.909342e+03 1.895038e+03 
2.076566e-01 1.814796e+03 1.812744e+03 
2.126970e-01 1.718748e+03 1.735372e+03 
2.177374e-01 1.626657e+03 1.662551e+03 
2.227778e-01 1.542939e+03 1.593943e+03 
2.278182e-01 1.470313e+03 1.529241e+03 
2.328586e-01 1.409447e+03 1.468163e+03 
2.378990e-01 1.359156e+03 1.410455e+03 
2.429394e-01 1.316891e+03 1.355880e+03 
2.479798e-01 1.279477e+03 1.304224e+03 
2.530202e-01 1.243644e+03 1.255289e+03 
2.580606e-01 1.206721e+03 1.208893e+03 
2.631010e-01 1.167260e+03 1.164871e+03 
2.681414e-01 1.125259e+03 1.123067e+03 
2.731818e-01 1.081815e+03 1.083341e+03 
2.782222e-01 1.038467e+03 1.045562e+03 
2.832626e-01 9.967181e+02 1.009608e+03 
2.883030e-01 9.578771e+02 9.753676e+02 
2.933434e-01 9.228928e+02 9.427372e+02 
2.983838e-01 8.920605e+02 9.116208e+02 
3.034242e-01 8.649453e+02 8.819291e+02 
3.084646e-01 8.406300e+02 8.535792e+02 
3.135051e-01 8.180916e+02 8.264940e+02 
3.185455e-01 7.964137e+02 8.006020e+02 
3.235859e-01 7.748107e+02 7.758362e+02 
3.286263e-01 7.528023e+02 7.521344e+02 
3.336667e-01 7.303017e+02 7.294383e+02 
3.387071e-01 7.075772e+02 7.076938e+02 
3.437475e-01 6.851159e+02 6.868500e+02 
3.487879e-01 6.634164e+02 6.668594e+02 
3.538283e-01 6.428794e+02 6.476777e+02 
3.588687e-01 6.237647e+02 6.292630e+02 
3.639091e-01 6.061451e+02 6.115763e+02 
3.689495e-01 5.899232e+02 5.945810e+02 
3.739899e-01 5.748395e+02 5.782426e+02 
3.790303e-01 5.605759e+02 5.625288e+02 
3.840707e-01 5.468216e+02 5.474090e+02 
3.891111e-01 5.333565e+02 5.328548e+02 
3.941515e-01 5.200083e+02 5.188390e+02 
3.991919e-01 5.067040e+02 5.053364e+02 
4.042323e-01 4.934941e+02 4.923228e+02 
4.092727e-01 4.805265e+02 4.797758e+02 
4.143131e-01 4.679574e+02 4.676740e+02 
4.193535e-01 4.558912e+02 4.559972e+02 
4.243939e-01 4.443932e+02 4.447264e+02 
4.294343e-01 4.334928e+02 4.338436e+02 
4.344747e-01 4.231813e+02 4.233316e+02 
4.395152e-01 4.134097e+02 4.131744e+02 
4.445556e-01 4.040516e+02 4.033566e+02 
4.495960e-01 3.949997e+02 3.938639e+02 
4.546364e-01 3.861763e+02 3.846823e+02 
4.596768e-01 3.775428e+02 3.757990e+02 
4.647172e-01 3.690806e+02 3.672015e+02 
4.697576e-01 3.607547e+02 3.588780e+02 
4.747980e-01 3.525945e+02 3.508175e+02 
4.798384e-01 3.446530e+02 3.430093e+02 
4.848788e-01 3.369721e+02 3.354432e+02 
4.899192e-01 3.295715e+02 3.281098e+02 
4.949596e-01 3.224453e+02 3.209997e+02 
5.000000e-01 3.155923e+02 3.141045e+02 
