1.000000e-03 5.692439e+03 5.692434e+03 
6.040404e-03 2.541337e+04 2.562065e+04 
1.108081e-02 3.436202e+04 3.471039e+04 
1.612121e-02 3.656793e+04 3.704306e+04 
2.116162e-02 3.462757e+04 3.474791e+04 
2.620202e-02 3.049666e+04 3.017518e+04 
3.124242e-02 2.566958e+04 2.553424e+04 
3.628283e-02 2.115199e+04 2.173241e+04 
4.132323e-02 1.747184e+04 1.877984e+04 
4.636364e-02 1.475942e+04 1.646358e+04 
5.140404e-02 1.297254e+04 1.459757e+04 
5.644444e-02 1.188012e+04 1.305554e+04 
6.148485e-02 1.124031e+04 1.175533e+04 
6.652525e-02 1.081589e+04 1.064231e+04 
7.156566e-02 1.041121e+04 9.678613e+03 
7.660606e-02 9.886509e+03 8.836828e+03 
8.164646e-02 9.177963e+03 8.096347e+03 
8.668687e-02 8.305933e+03 7.441182e+03 
9.172727e-02 7.350157e+03 6.858624e+03 
9.676768e-02 6.412716e+03 6.338375e+03 
1.018081e-01 5.584734e+03 5.871969e+03 
1.068485e-01 4.924839e+03 5.452362e+03 
1.118889e-01 4.451760e+03 5.073637e+03 
1.169293e-01 4.150633e+03 4.730788e+03 
1.219697e-01 3.985570e+03 4.419549e+03 
1.270101e-01 3.909348e+03 4.136265e+03 
1.320505e-01 3.869666e+03 3.877786e+03 
1.370909e-01 3.817591e+03 3.641390e+03 
1.421313e-01 3.717544e+03 3.424710e+03 
1.471717e-01 3.552983e+03 3.225685e+03 
1.522121e-01 3.326194e+03 3.042508e+03 
1.572525e-01 3.055622e+03 2.873596e+03 
1.622929e-01 2.770435e+03 2.717552e+03 
1.673333e-01 2.502605e+03 2.573145e+03 
1.723737e-01 2.276438e+03 2.439283e+03 
1.774141e-01 2.103075e+03 2.314998e+03 
1.824545e-01 1.983060e+03 2.199426e+03 
1.874949e-01 1.909959e+03 2.091797e+03 
1.925354e-01 1.872541e+03 1.991425e+03 
1.975758e-01 1.855469e+03 1.897691e+03 
2.026162e-01 1.841455e+03 1.810043e+03 
2.076566e-01 1.815591e+03 1.727980e+03 
2.126970e-01 1.768878e+03 1.651053e+03 
2.177374e-01 1.698886e+03 1.578857e+03 
2.227778e-01 1.608810e+03 1.511022e+03 
2.278182e-01 1.506173e+03 1.447217e+03 
2.328586e-01 1.400868e+03 1.387137e+03 
2.378990e-01 1.302783e+03 1.330509e+03 
2.429394e-01 1.219268e+03 1.277079e+03 
2.479798e-01 1.154050e+03 1.226621e+03 
2.530202e-01 1.107456e+03 1.178923e+03 
2.580606e-01 1.077016e+03 1.133795e+03 
2.631010e-01 1.058208e+03 1.091061e+03 
2.681414e-01 1.045309e+03 1.050559e+03 
2.731818e-01 1.032530e+03 1.012142e+03 
2.782222e-01 1.015192e+03 9.756742e+02 
2.832626e-01 9.904776e+02 9.410289e+02 
2.883030e-01 9.576119e+02 9.080908e+02 
2.933434e-01 9.177934e+02 8.767528e+02 
2.983838e-01 8.737297e+02 8.469163e+02 
3.034242e-01 8.289094e+02 8.184896e+02 
3.084646e-01 7.868036e+02 7.913882e+02 
3.135051e-01 7.499943e+02 7.655333e+02 
3.185455e-01 7.198213e+02 7.408520e+02 
3.235859e-01 6.964311e+02 7.172765e+02 
3.286263e-01 6.789886e+02 6.947438e+02 
3.336667e-01 6.659422e+02 6.731950e+02 
3.387071e-01 6.552817e+02 6.525754e+02 
3.437475e-01 6.448944e+02 6.328341e+02 
3.487879e-01 6.330269e+02 6.139232e+02 
3.538283e-01 6.186506e+02 5.957984e+02 
3.588687e-01 6.015162e+02 5.784179e+02 
3.639091e-01 5.820330e+02 5.617428e+02 
3.689495e-01 5.610546e+02 5.457366e+02 
3.739899e-01 5.397288e+02 5.303650e+02 
3.790303e-01 5.192912e+02 5.155959e+02 
3.840707e-01 5.007474e+02 5.013993e+02 
3.891111e-01 4.846764e+02 4.877467e+02 
3.941515e-01 4.712083e+02 4.746117e+02 
3.991919e-01 4.600778e+02 4.619690e+02 
4.042323e-01 4.507545e+02 4.497953e+02 
4.092727e-01 4.425394e+02 4.380682e+02 
4.143131e-01 4.346660e+02 4.267669e+02 
4.193535e-01 4.264857e+02 4.158716e+02 
4.243939e-01 4.175639e+02 4.053637e+02 
4.294343e-01 4.077592e+02 3.952255e+02 
4.344747e-01 3.971488e+02 3.854405e+02 
4.395152e-01 3.859930e+02 3.759929e+02 
4.445556e-01 3.746979e+02 3.668679e+02 
4.495960e-01 3.637056e+02 3.580514e+02 
4.546364e-01 3.533988e+02 3.495301e+02 
4.596768e-01 3.440132e+02 3.412912e+02 
4.647172e-01 3.356526e+02 3.333230e+02 
4.697576e-01 3.282490e+02 3.256139e+02 
4.747980e-01 3.216533e+02 3.181532e+02 
4.798384e-01 3.156210e+02 3.109307e+02 
4.848788e-01 3.098671e+02 3.039367e+02 
4.899192e-01 3.041236e+02 2.971619e+02 
4.949596e-01 2.982267e+02 2.905975e+02 
5.000000e-01 2.920966e+02 2.842351e+02 
