1.000000e-03 3.335963e+03 3.335960e+03 
6.040404e-03 1.454911e+04 1.465211e+04 
1.108081e-02 1.954972e+04 1.960086e+04 
1.612121e-02 2.100672e+04 2.094589e+04 
2.116162e-02 2.046392e+04 2.028167e+04 
2.620202e-02 1.893210e+04 1.882834e+04 
3.124242e-02 1.708455e+04 1.725785e+04 
3.628283e-02 1.532529e+04 1.578042e+04 
4.132323e-02 1.383941e+04 1.443446e+04 
4.636364e-02 1.265501e+04 1.321790e+04 
5.140404e-02 1.174011e+04 1.212115e+04 
5.644444e-02 1.096835e+04 1.113351e+04 
6.148485e-02 1.025792e+04 1.024440e+04 
6.652525e-02 9.546093e+03 9.443764e+03 
7.156566e-02 8.811312e+03 8.722226e+03 
7.660606e-02 8.067144e+03 8.071207e+03 
8.164646e-02 7.351315e+03 7.482959e+03 
8.668687e-02 6.702508e+03 6.950549e+03 
9.172727e-02 6.144686e+03 6.467814e+03 
9.676768e-02 5.687758e+03 6.029301e+03 
1.018081e-01 5.326092e+03 5.630197e+03 
1.068485e-01 5.037880e+03 5.266261e+03 
1.118889e-01 4.791698e+03 4.933758e+03 
1.169293e-01 4.559456e+03 4.629397e+03 
1.219697e-01 4.323773e+03 4.350278e+03 
1.270101e-01 4.077884e+03 4.093840e+03 
1.320505e-01 3.824602e+03 3.857822e+03 
1.370909e-01 3.574228e+03 3.640223e+03 
1.421313e-01 3.338670e+03 3.439270e+03 
1.471717e-01 3.126604e+03 3.253386e+03 
1.522121e-01 2.942594e+03 3.081170e+03 
1.572525e-01 2.787760e+03 2.921376e+03 
1.622929e-01 2.658989e+03 2.772887e+03 
1.673333e-01 2.548608e+03 2.634707e+03 
1.723737e-01 2.447403e+03 2.505943e+03 
1.774141e-01 2.348532e+03 2.385793e+03 
1.824545e-01 2.248791e+03 2.273536e+03 
1.874949e-01 2.147260e+03 2.168523e+03 
1.925354e-01 2.044665e+03 2.070168e+03 
1.975758e-01 1.943692e+03 1.977940e+03 
2.026162e-01 1.848107e+03 1.891361e+03 
2.076566e-01 1.760813e+03 1.809995e+03 
2.126970e-01 1.682827e+03 1.733447e+03 
2.177374e-01 1.613665e+03 1.661359e+03 
2.227778e-01 1.551987e+03 1.593402e+03 
2.278182e-01 1.495946e+03 1.529279e+03 
2.328586e-01 1.443515e+03 1.468716e+03 
2.378990e-01 1.392917e+03 1.411464e+03 
2.429394e-01 1.342975e+03 1.357294e+03 
2.479798e-01 1.293256e+03 1.305997e+03 
2.530202e-01 1.244037e+03 1.257380e+03 
2.580606e-01 1.196166e+03 1.211265e+03 
2.631010e-01 1.150576e+03 1.167491e+03 
2.681414e-01 1.107881e+03 1.125905e+03 
2.731818e-01 1.068308e+03 1.086371e+03 
2.782222e-01 1.031761e+03 1.048759e+03 
2.832626e-01 9.979414e+02 1.012951e+03 
2.883030e-01 9.663216e+02 9.788375e+02 
2.933434e-01 9.362867e+02 9.463165e+02 
2.983838e-01 9.073436e+02 9.152938e+02 
3.034242e-01 8.791860e+02 8.856816e+02 
3.084646e-01 8.516871e+02 8.573986e+02 
3.135051e-01 8.248728e+02 8.303690e+02 
3.185455e-01 7.988886e+02 8.045221e+02 
3.235859e-01 7.739326e+02 7.797923e+02 
3.286263e-01 7.501597e+02 7.561180e+02 
3.336667e-01 7.276275e+02 7.334421e+02 
3.387071e-01 7.063176e+02 7.117110e+02 
3.437475e-01 6.861415e+02 6.908745e+02 
3.487879e-01 6.669495e+02 6.708858e+02 
3.538283e-01 6.485585e+02 6.517010e+02 
3.588687e-01 6.308074e+02 6.332790e+02 
3.639091e-01 6.136244e+02 6.155810e+02 
3.689495e-01 5.969829e+02 5.985709e+02 
3.739899e-01 5.808564e+02 5.822145e+02 
3.790303e-01 5.652337e+02 5.664799e+02 
3.840707e-01 5.501390e+02 5.513370e+02 
3.891111e-01 5.356218e+02 5.367573e+02 
3.941515e-01 5.217084e+02 5.227142e+02 
3.991919e-01 5.083686e+02 5.091824e+02 
4.042323e-01 4.955576e+02 4.961383e+02 
4.092727e-01 4.832280e+02 4.835594e+02 
4.143131e-01 4.713520e+02 4.714245e+02 
4.193535e-01 4.598923e+02 4.597136e+02 
4.243939e-01 4.487934e+02 4.484079e+02 
4.294343e-01 4.380221e+02 4.374894e+02 
4.344747e-01 4.275820e+02 4.269412e+02 
4.395152e-01 4.174792e+02 4.167472e+02 
4.445556e-01 4.077023e+02 4.068924e+02 
4.495960e-01 3.982391e+02 3.973622e+02 
4.546364e-01 3.890794e+02 3.881429e+02 
4.596768e-01 3.802308e+02 3.792218e+02 
4.647172e-01 3.716907e+02 3.705863e+02 
4.697576e-01 3.634251e+02 3.622249e+02 
4.747980e-01 3.554135e+02 3.541264e+02 
4.798384e-01 3.476513e+02 3.462802e+02 
4.848788e-01 3.401260e+02 3.386764e+02 
4.899192e-01 3.328211e+02 3.313053e+02 
4.949596e-01 3.257230e+02 3.241578e+02 
5.000000e-01 3.188273e+02 3.172252e+02 
