1.000000e-03 2.703534e+03 2.703532e+03 
6.040404e-03 1.218714e+04 1.227518e+04 
1.108081e-02 1.673452e+04 1.677254e+04 
1.612121e-02 1.834342e+04 1.827916e+04 
2.116162e-02 1.823037e+04 1.806135e+04 
2.620202e-02 1.720381e+04 1.708186e+04 
3.124242e-02 1.581509e+04 1.590046e+04 
3.628283e-02 1.440999e+04 1.472267e+04 
4.132323e-02 1.316580e+04 1.360754e+04 
4.636364e-02 1.212246e+04 1.257125e+04 
5.140404e-02 1.128602e+04 1.161706e+04 
5.644444e-02 1.056356e+04 1.074324e+04 
6.148485e-02 9.899856e+03 9.945676e+03 
6.652525e-02 9.248820e+03 9.219042e+03 
7.156566e-02 8.586744e+03 8.557569e+03 
7.660606e-02 7.919512e+03 7.955447e+03 
8.164646e-02 7.276005e+03 7.407088e+03 
8.668687e-02 6.687277e+03 6.907261e+03 
9.172727e-02 6.171200e+03 6.451156e+03 
9.676768e-02 5.733797e+03 6.034401e+03 
1.018081e-01 5.373607e+03 5.653054e+03 
1.068485e-01 5.078529e+03 5.303578e+03 
1.118889e-01 4.826058e+03 4.982810e+03 
1.169293e-01 4.591716e+03 4.687926e+03 
1.219697e-01 4.359105e+03 4.416410e+03 
1.270101e-01 4.122539e+03 4.166017e+03 
1.320505e-01 3.883582e+03 3.934745e+03 
1.370909e-01 3.648164e+03 3.720809e+03 
1.421313e-01 3.424477e+03 3.522613e+03 
1.471717e-01 3.219853e+03 3.338733e+03 
1.522121e-01 3.038538e+03 3.167891e+03 
1.572525e-01 2.881433e+03 3.008944e+03 
1.622929e-01 2.746563e+03 2.860864e+03 
1.673333e-01 2.629157e+03 2.722729e+03 
1.723737e-01 2.522703e+03 2.593707e+03 
1.774141e-01 2.421113e+03 2.473048e+03 
1.824545e-01 2.320772e+03 2.360076e+03 
1.874949e-01 2.220495e+03 2.254178e+03 
1.925354e-01 2.120614e+03 2.154800e+03 
1.975758e-01 2.022588e+03 2.061439e+03 
2.026162e-01 1.928836e+03 1.973638e+03 
2.076566e-01 1.841686e+03 1.890980e+03 
2.126970e-01 1.762277e+03 1.813088e+03 
2.177374e-01 1.690553e+03 1.739616e+03 
2.227778e-01 1.625704e+03 1.670248e+03 
2.278182e-01 1.566451e+03 1.604694e+03 
2.328586e-01 1.511194e+03 1.542692e+03 
2.378990e-01 1.458371e+03 1.483997e+03 
2.429394e-01 1.407020e+03 1.428388e+03 
2.479798e-01 1.356803e+03 1.375659e+03 
2.530202e-01 1.307680e+03 1.325622e+03 
2.580606e-01 1.259815e+03 1.278103e+03 
2.631010e-01 1.213715e+03 1.232942e+03 
2.681414e-01 1.170061e+03 1.189990e+03 
2.731818e-01 1.129275e+03 1.149111e+03 
2.782222e-01 1.091296e+03 1.110178e+03 
2.832626e-01 1.055731e+03 1.073074e+03 
2.883030e-01 1.022232e+03 1.037689e+03 
2.933434e-01 9.905292e+02 1.003923e+03 
2.983838e-01 9.602765e+02 9.716811e+02 
3.034242e-01 9.310745e+02 9.408768e+02 
3.084646e-01 9.026768e+02 9.114284e+02 
3.135051e-01 8.750909e+02 8.832601e+02 
3.185455e-01 8.484399e+02 8.563011e+02 
3.235859e-01 8.228188e+02 8.304855e+02 
3.286263e-01 7.982441e+02 8.057515e+02 
3.336667e-01 7.747473e+02 7.820417e+02 
3.387071e-01 7.523806e+02 7.593019e+02 
3.437475e-01 7.311392e+02 7.374817e+02 
3.487879e-01 7.109073e+02 7.165339e+02 
3.538283e-01 6.915103e+02 6.964138e+02 
3.588687e-01 6.728295e+02 6.770800e+02 
3.639091e-01 6.548057e+02 6.584933e+02 
3.689495e-01 6.374003e+02 6.406168e+02 
3.739899e-01 6.205651e+02 6.234161e+02 
3.790303e-01 6.042674e+02 6.068584e+02 
3.840707e-01 5.885126e+02 5.909133e+02 
3.891111e-01 5.733272e+02 5.755518e+02 
3.941515e-01 5.587246e+02 5.607466e+02 
3.991919e-01 5.446645e+02 5.464720e+02 
4.042323e-01 5.311254e+02 5.327039e+02 
4.092727e-01 5.180912e+02 5.194192e+02 
4.143131e-01 5.055394e+02 5.065962e+02 
4.193535e-01 4.934278e+02 4.942146e+02 
4.243939e-01 4.817034e+02 4.822549e+02 
4.294343e-01 4.703396e+02 4.706987e+02 
4.344747e-01 4.593348e+02 4.595287e+02 
4.395152e-01 4.486842e+02 4.487284e+02 
4.445556e-01 4.383688e+02 4.382821e+02 
4.495960e-01 4.283707e+02 4.281750e+02 
4.546364e-01 4.186894e+02 4.183931e+02 
4.596768e-01 4.093277e+02 4.089229e+02 
4.647172e-01 4.002716e+02 3.997518e+02 
4.697576e-01 3.915027e+02 3.908677e+02 
4.747980e-01 3.829984e+02 3.822591e+02 
4.798384e-01 3.747528e+02 3.739151e+02 
4.848788e-01 3.667631e+02 3.658253e+02 
4.899192e-01 3.590105e+02 3.579797e+02 
4.949596e-01 3.514779e+02 3.503691e+02 
5.000000e-01 3.441599e+02 3.429842e+02 
