1.000000e-03 3.774591e+03 3.774588e+03 
6.040404e-03 1.663139e+04 1.675724e+04 
1.108081e-02 2.247092e+04 2.259754e+04 
1.612121e-02 2.412858e+04 2.420050e+04 
2.116162e-02 2.332338e+04 2.321175e+04 
2.620202e-02 2.125160e+04 2.111743e+04 
3.124242e-02 1.876599e+04 1.893489e+04 
3.628283e-02 1.640992e+04 1.700173e+04 
4.132323e-02 1.445782e+04 1.533977e+04 
4.636364e-02 1.296946e+04 1.390381e+04 
5.140404e-02 1.190839e+04 1.265076e+04 
5.644444e-02 1.113576e+04 1.154841e+04 
6.148485e-02 1.051310e+04 1.057282e+04 
6.652525e-02 9.918722e+03 9.705513e+03 
7.156566e-02 9.277238e+03 8.931640e+03 
7.660606e-02 8.562322e+03 8.238950e+03 
8.164646e-02 7.797445e+03 7.617143e+03 
8.668687e-02 7.035219e+03 7.057459e+03 
9.172727e-02 6.330573e+03 6.552395e+03 
9.676768e-02 5.726073e+03 6.095493e+03 
1.018081e-01 5.245268e+03 5.681171e+03 
1.068485e-01 4.888140e+03 5.304594e+03 
1.118889e-01 4.631528e+03 4.961557e+03 
1.169293e-01 4.439765e+03 4.648400e+03 
1.219697e-01 4.276341e+03 4.361921e+03 
1.270101e-01 4.110859e+03 4.099322e+03 
1.320505e-01 3.923107e+03 3.858143e+03 
1.370909e-01 3.706401e+03 3.636223e+03 
1.421313e-01 3.467629e+03 3.431654e+03 
1.471717e-01 3.221737e+03 3.242752e+03 
1.522121e-01 2.985001e+03 3.068024e+03 
1.572525e-01 2.771830e+03 2.906144e+03 
1.622929e-01 2.592832e+03 2.755935e+03 
1.673333e-01 2.451761e+03 2.616344e+03 
1.723737e-01 2.344294e+03 2.486434e+03 
1.774141e-01 2.260682e+03 2.365363e+03 
1.824545e-01 2.190123e+03 2.252379e+03 
1.874949e-01 2.123114e+03 2.146803e+03 
1.925354e-01 2.052111e+03 2.048025e+03 
1.975758e-01 1.972210e+03 1.955495e+03 
2.026162e-01 1.882856e+03 1.868717e+03 
2.076566e-01 1.787558e+03 1.787240e+03 
2.126970e-01 1.691888e+03 1.710657e+03 
2.177374e-01 1.601239e+03 1.638596e+03 
2.227778e-01 1.519541e+03 1.570722e+03 
2.278182e-01 1.449079e+03 1.506727e+03 
2.328586e-01 1.390250e+03 1.446331e+03 
2.378990e-01 1.341641e+03 1.389279e+03 
2.429394e-01 1.300516e+03 1.335336e+03 
2.479798e-01 1.263502e+03 1.284288e+03 
2.530202e-01 1.227427e+03 1.235940e+03 
2.580606e-01 1.189908e+03 1.190109e+03 
2.631010e-01 1.149881e+03 1.146630e+03 
2.681414e-01 1.107570e+03 1.105351e+03 
2.731818e-01 1.064137e+03 1.066129e+03 
2.782222e-01 1.021129e+03 1.028836e+03 
2.832626e-01 9.800875e+02 9.933499e+02 
2.883030e-01 9.422689e+02 9.595608e+02 
2.933434e-01 9.083939e+02 9.273654e+02 
2.983838e-01 8.785228e+02 8.966682e+02 
3.034242e-01 8.521199e+02 8.673807e+02 
3.084646e-01 8.283106e+02 8.394206e+02 
3.135051e-01 8.060641e+02 8.127116e+02 
3.185455e-01 7.844179e+02 7.871824e+02 
3.235859e-01 7.626948e+02 7.627667e+02 
3.286263e-01 7.405518e+02 7.394028e+02 
3.336667e-01 7.180436e+02 7.170331e+02 
3.387071e-01 6.954569e+02 6.956037e+02 
3.437475e-01 6.732632e+02 6.750643e+02 
3.487879e-01 6.519420e+02 6.553679e+02 
3.538283e-01 6.318854e+02 6.364704e+02 
3.588687e-01 6.132962e+02 6.183305e+02 
3.639091e-01 5.961596e+02 6.009095e+02 
3.689495e-01 5.803103e+02 5.841712e+02 
3.739899e-01 5.654857e+02 5.680814e+02 
3.790303e-01 5.514071e+02 5.526081e+02 
3.840707e-01 5.377988e+02 5.377212e+02 
3.891111e-01 5.243977e+02 5.233924e+02 
3.941515e-01 5.110715e+02 5.095950e+02 
3.991919e-01 4.978185e+02 4.963038e+02 
4.042323e-01 4.847495e+02 4.834951e+02 
4.092727e-01 4.719794e+02 4.711466e+02 
4.143131e-01 4.596300e+02 4.592373e+02 
4.193535e-01 4.477875e+02 4.477470e+02 
4.243939e-01 4.365379e+02 4.366572e+02 
4.294343e-01 4.259047e+02 4.259498e+02 
4.344747e-01 4.158300e+02 4.156081e+02 
4.395152e-01 4.062222e+02 4.056162e+02 
4.445556e-01 3.969875e+02 3.959588e+02 
4.495960e-01 3.880491e+02 3.866218e+02 
4.546364e-01 3.793338e+02 3.775915e+02 
4.596768e-01 3.707937e+02 3.688551e+02 
4.647172e-01 3.624008e+02 3.604003e+02 
4.697576e-01 3.541651e+02 3.522155e+02 
4.747980e-01 3.461335e+02 3.442898e+02 
4.798384e-01 3.383409e+02 3.366126e+02 
4.848788e-01 3.308018e+02 3.291739e+02 
4.899192e-01 3.235369e+02 3.219644e+02 
4.949596e-01 3.165520e+02 3.149749e+02 
5.000000e-01 3.098379e+02 3.081969e+02 
