1.000000e-03 4.294451e+03 4.294447e+03 
6.040404e-03 1.939099e+04 1.954510e+04 
1.108081e-02 2.662131e+04 2.685104e+04 
1.612121e-02 2.882743e+04 2.911227e+04 
2.116162e-02 2.787454e+04 2.791317e+04 
2.620202e-02 2.517438e+04 2.494324e+04 
3.124242e-02 2.181705e+04 2.175699e+04 
3.628283e-02 1.855493e+04 1.902413e+04 
4.132323e-02 1.580901e+04 1.680497e+04 
4.636364e-02 1.371191e+04 1.499245e+04 
5.140404e-02 1.226482e+04 1.348160e+04 
5.644444e-02 1.131597e+04 1.219772e+04 
6.148485e-02 1.069014e+04 1.109029e+04 
6.652525e-02 1.022555e+04 1.012444e+04 
7.156566e-02 9.768847e+03 9.275067e+03 
7.660606e-02 9.220304e+03 8.523307e+03 
8.164646e-02 8.544524e+03 7.854474e+03 
8.668687e-02 7.767448e+03 7.256811e+03 
9.172727e-02 6.950541e+03 6.720705e+03 
9.676768e-02 6.164125e+03 6.238173e+03 
1.018081e-01 5.471748e+03 5.802512e+03 
1.068485e-01 4.916420e+03 5.408037e+03 
1.118889e-01 4.511628e+03 5.049897e+03 
1.169293e-01 4.242122e+03 4.723923e+03 
1.219697e-01 4.074599e+03 4.426518e+03 
1.270101e-01 3.969139e+03 4.154565e+03 
1.320505e-01 3.885849e+03 3.905349e+03 
1.370909e-01 3.789097e+03 3.676500e+03 
1.421313e-01 3.653908e+03 3.465940e+03 
1.471717e-01 3.470890e+03 3.271845e+03 
1.522121e-01 3.246206e+03 3.092605e+03 
1.572525e-01 2.997381e+03 2.926798e+03 
1.622929e-01 2.747154e+03 2.773162e+03 
1.673333e-01 2.517532e+03 2.630580e+03 
1.723737e-01 2.324836e+03 2.498052e+03 
1.774141e-01 2.176432e+03 2.374689e+03 
1.824545e-01 2.070919e+03 2.259695e+03 
1.874949e-01 2.001104e+03 2.152355e+03 
1.925354e-01 1.956128e+03 2.052030e+03 
1.975758e-01 1.923068e+03 1.958142e+03 
2.026162e-01 1.889098e+03 1.870171e+03 
2.076566e-01 1.844037e+03 1.787646e+03 
2.126970e-01 1.782547e+03 1.710143e+03 
2.177374e-01 1.704506e+03 1.637276e+03 
2.227778e-01 1.613982e+03 1.568694e+03 
2.278182e-01 1.517820e+03 1.504080e+03 
2.328586e-01 1.423785e+03 1.443143e+03 
2.378990e-01 1.338657e+03 1.385618e+03 
2.429394e-01 1.266917e+03 1.331264e+03 
2.479798e-01 1.210315e+03 1.279860e+03 
2.530202e-01 1.168155e+03 1.231203e+03 
2.580606e-01 1.137800e+03 1.185106e+03 
2.631010e-01 1.115084e+03 1.141400e+03 
2.681414e-01 1.095171e+03 1.099927e+03 
2.731818e-01 1.073745e+03 1.060542e+03 
2.782222e-01 1.047941e+03 1.023111e+03 
2.832626e-01 1.016535e+03 9.875130e+02 
2.883030e-01 9.797665e+02 9.536326e+02 
2.933434e-01 9.390882e+02 9.213647e+02 
2.983838e-01 8.968565e+02 8.906121e+02 
3.034242e-01 8.558141e+02 8.612841e+02 
3.084646e-01 8.183657e+02 8.332970e+02 
3.135051e-01 7.859819e+02 8.065727e+02 
3.185455e-01 7.590971e+02 7.810389e+02 
3.235859e-01 7.373506e+02 7.566280e+02 
3.286263e-01 7.197679e+02 7.332773e+02 
3.336667e-01 7.049124e+02 7.109280e+02 
3.387071e-01 6.911557e+02 6.895256e+02 
3.437475e-01 6.769842e+02 6.690189e+02 
3.487879e-01 6.613604e+02 6.493602e+02 
3.538283e-01 6.438608e+02 6.305049e+02 
3.588687e-01 6.246604e+02 6.124110e+02 
3.639091e-01 6.043098e+02 5.950395e+02 
3.689495e-01 5.835998e+02 5.783535e+02 
3.739899e-01 5.634209e+02 5.623186e+02 
3.790303e-01 5.445870e+02 5.469024e+02 
3.840707e-01 5.276493e+02 5.320743e+02 
3.891111e-01 5.128099e+02 5.178059e+02 
3.941515e-01 4.999465e+02 5.040701e+02 
3.991919e-01 4.886946e+02 4.908416e+02 
4.042323e-01 4.785550e+02 4.780965e+02 
4.092727e-01 4.689702e+02 4.658122e+02 
4.143131e-01 4.594083e+02 4.539674e+02 
4.193535e-01 4.494794e+02 4.425422e+02 
4.243939e-01 4.390157e+02 4.315174e+02 
4.294343e-01 4.280631e+02 4.208752e+02 
4.344747e-01 4.167969e+02 4.105986e+02 
4.395152e-01 4.054657e+02 4.006716e+02 
4.445556e-01 3.943770e+02 3.910790e+02 
4.495960e-01 3.838167e+02 3.818064e+02 
4.546364e-01 3.740015e+02 3.728401e+02 
4.596768e-01 3.650200e+02 3.641672e+02 
4.647172e-01 3.568364e+02 3.557755e+02 
4.697576e-01 3.493255e+02 3.476532e+02 
4.747980e-01 3.423225e+02 3.397894e+02 
4.798384e-01 3.356464e+02 3.321735e+02 
4.848788e-01 3.290965e+02 3.247955e+02 
4.899192e-01 3.225212e+02 3.176460e+02 
4.949596e-01 3.158381e+02 3.107158e+02 
5.000000e-01 3.090486e+02 3.039963e+02 
