1.000000e-03 3.820245e+03 3.820242e+03 
6.040404e-03 1.700539e+04 1.713449e+04 
1.108081e-02 2.306484e+04 2.320609e+04 
1.612121e-02 2.480328e+04 2.490233e+04 
2.116162e-02 2.396541e+04 2.386762e+04 
2.620202e-02 2.179074e+04 2.164623e+04 
3.124242e-02 1.917474e+04 1.933527e+04 
3.628283e-02 1.669447e+04 1.730512e+04 
4.132323e-02 1.464431e+04 1.557598e+04 
4.636364e-02 1.308896e+04 1.409351e+04 
5.140404e-02 1.199780e+04 1.280731e+04 
5.644444e-02 1.121839e+04 1.168043e+04 
6.148485e-02 1.060945e+04 1.068606e+04 
6.652525e-02 1.003550e+04 9.803951e+03 
7.156566e-02 9.411083e+03 9.018131e+03 
7.660606e-02 8.702267e+03 8.315613e+03 
8.164646e-02 7.929395e+03 7.685595e+03 
8.668687e-02 7.147031e+03 7.118964e+03 
9.172727e-02 6.414802e+03 6.607961e+03 
9.676768e-02 5.780952e+03 6.145936e+03 
1.018081e-01 5.274723e+03 5.727164e+03 
1.068485e-01 4.899852e+03 5.346693e+03 
1.118889e-01 4.635513e+03 5.000231e+03 
1.169293e-01 4.445337e+03 4.684043e+03 
1.219697e-01 4.290576e+03 4.394873e+03 
1.270101e-01 4.137760e+03 4.129872e+03 
1.320505e-01 3.962601e+03 3.886541e+03 
1.370909e-01 3.754764e+03 3.662686e+03 
1.421313e-01 3.518869e+03 3.456372e+03 
1.471717e-01 3.269439e+03 3.265890e+03 
1.522121e-01 3.024361e+03 3.089728e+03 
1.572525e-01 2.800337e+03 2.926543e+03 
1.622929e-01 2.610140e+03 2.775142e+03 
1.673333e-01 2.459790e+03 2.634462e+03 
1.723737e-01 2.346677e+03 2.503552e+03 
1.774141e-01 2.261630e+03 2.381562e+03 
1.824545e-01 2.193345e+03 2.267731e+03 
1.874949e-01 2.131191e+03 2.161373e+03 
1.925354e-01 2.066012e+03 2.061872e+03 
1.975758e-01 1.991500e+03 1.968673e+03 
2.026162e-01 1.905641e+03 1.881272e+03 
2.076566e-01 1.811159e+03 1.799217e+03 
2.126970e-01 1.713684e+03 1.722094e+03 
2.177374e-01 1.619277e+03 1.649531e+03 
2.227778e-01 1.532924e+03 1.581186e+03 
2.278182e-01 1.457944e+03 1.516751e+03 
2.328586e-01 1.395534e+03 1.455943e+03 
2.378990e-01 1.344813e+03 1.398504e+03 
2.429394e-01 1.303236e+03 1.344198e+03 
2.479798e-01 1.267288e+03 1.292808e+03 
2.530202e-01 1.233315e+03 1.244137e+03 
2.580606e-01 1.198251e+03 1.198002e+03 
2.631010e-01 1.160319e+03 1.154236e+03 
2.681414e-01 1.119282e+03 1.112685e+03 
2.731818e-01 1.076104e+03 1.073207e+03 
2.782222e-01 1.032343e+03 1.035670e+03 
2.832626e-01 9.897732e+02 9.999536e+02 
2.883030e-01 9.500496e+02 9.659455e+02 
2.933434e-01 9.143151e+02 9.335421e+02 
2.983838e-01 8.829857e+02 9.026471e+02 
3.034242e-01 8.557265e+02 8.731713e+02 
3.084646e-01 8.316983e+02 8.450319e+02 
3.135051e-01 8.098071e+02 8.181519e+02 
3.185455e-01 7.889254e+02 7.924596e+02 
3.235859e-01 7.681053e+02 7.678882e+02 
3.286263e-01 7.467514e+02 7.443755e+02 
3.336667e-01 7.247049e+02 7.218635e+02 
3.387071e-01 7.022015e+02 7.002980e+02 
3.437475e-01 6.797186e+02 6.796282e+02 
3.487879e-01 6.578049e+02 6.598069e+02 
3.538283e-01 6.369883e+02 6.407897e+02 
3.588687e-01 6.176512e+02 6.225349e+02 
3.639091e-01 5.999026e+02 6.050037e+02 
3.689495e-01 5.836694e+02 5.881594e+02 
3.739899e-01 5.687070e+02 5.719678e+02 
3.790303e-01 5.546944e+02 5.563967e+02 
3.840707e-01 5.413009e+02 5.414156e+02 
3.891111e-01 5.281971e+02 5.269962e+02 
3.941515e-01 5.151416e+02 5.131114e+02 
3.991919e-01 5.020545e+02 4.997361e+02 
4.042323e-01 4.889968e+02 4.868464e+02 
4.092727e-01 4.761041e+02 4.744197e+02 
4.143131e-01 4.635284e+02 4.624348e+02 
4.193535e-01 4.514065e+02 4.508718e+02 
4.243939e-01 4.398512e+02 4.397115e+02 
4.294343e-01 4.289398e+02 4.289362e+02 
4.344747e-01 4.186772e+02 4.185288e+02 
4.395152e-01 4.089746e+02 4.084733e+02 
4.445556e-01 3.997304e+02 3.987544e+02 
4.495960e-01 3.908224e+02 3.893579e+02 
4.546364e-01 3.821709e+02 3.802700e+02 
4.596768e-01 3.737055e+02 3.714778e+02 
4.647172e-01 3.653608e+02 3.629690e+02 
4.697576e-01 3.571226e+02 3.547318e+02 
4.747980e-01 3.490328e+02 3.467553e+02 
4.798384e-01 3.411411e+02 3.390288e+02 
4.848788e-01 3.334893e+02 3.315424e+02 
4.899192e-01 3.261003e+02 3.242865e+02 
4.949596e-01 3.189904e+02 3.172520e+02 
5.000000e-01 3.121761e+02 3.104303e+02 
