1.000000e-03 4.700596e+03 4.700592e+03 
6.040404e-03 2.062530e+04 2.078855e+04 
1.108081e-02 2.787471e+04 2.810494e+04 
1.612121e-02 2.982412e+04 3.008503e+04 
2.116162e-02 2.855720e+04 2.855419e+04 
2.620202e-02 2.559262e+04 2.536983e+04 
3.124242e-02 2.206217e+04 2.209128e+04 
3.628283e-02 1.871929e+04 1.931574e+04 
4.132323e-02 1.596164e+04 1.706330e+04 
4.636364e-02 1.389009e+04 1.521748e+04 
5.140404e-02 1.248237e+04 1.367375e+04 
5.644444e-02 1.155926e+04 1.235907e+04 
6.148485e-02 1.093638e+04 1.122395e+04 
6.652525e-02 1.043675e+04 1.023385e+04 
7.156566e-02 9.916956e+03 9.363588e+03 
7.660606e-02 9.291387e+03 8.594016e+03 
8.164646e-02 8.541320e+03 7.910091e+03 
8.668687e-02 7.707635e+03 7.299688e+03 
9.172727e-02 6.860695e+03 6.752853e+03 
9.676768e-02 6.074359e+03 6.261301e+03 
1.018081e-01 5.407827e+03 5.818064e+03 
1.068485e-01 4.893169e+03 5.417231e+03 
1.118889e-01 4.530755e+03 5.053761e+03 
1.169293e-01 4.294961e+03 4.723324e+03 
1.219697e-01 4.146883e+03 4.422189e+03 
1.270101e-01 4.043756e+03 4.147122e+03 
1.320505e-01 3.944794e+03 3.895316e+03 
1.370909e-01 3.817476e+03 3.664319e+03 
1.421313e-01 3.644728e+03 3.451987e+03 
1.471717e-01 3.426926e+03 3.256438e+03 
1.522121e-01 3.177723e+03 3.076014e+03 
1.572525e-01 2.918166e+03 2.909253e+03 
1.622929e-01 2.671467e+03 2.754859e+03 
1.673333e-01 2.457448e+03 2.611683e+03 
1.723737e-01 2.287638e+03 2.478705e+03 
1.774141e-01 2.163344e+03 2.355012e+03 
1.824545e-01 2.078000e+03 2.239790e+03 
1.874949e-01 2.021109e+03 2.132310e+03 
1.925354e-01 1.980240e+03 2.031918e+03 
1.975758e-01 1.942274e+03 1.938027e+03 
2.026162e-01 1.895789e+03 1.850105e+03 
2.076566e-01 1.833754e+03 1.767675e+03 
2.126970e-01 1.755058e+03 1.690304e+03 
2.177374e-01 1.663517e+03 1.617601e+03 
2.227778e-01 1.565759e+03 1.549210e+03 
2.278182e-01 1.469315e+03 1.484808e+03 
2.328586e-01 1.381020e+03 1.424101e+03 
2.378990e-01 1.305738e+03 1.366822e+03 
2.429394e-01 1.245620e+03 1.312725e+03 
2.479798e-01 1.200178e+03 1.261587e+03 
2.530202e-01 1.166684e+03 1.213203e+03 
2.580606e-01 1.140932e+03 1.167385e+03 
2.631010e-01 1.118176e+03 1.123961e+03 
2.681414e-01 1.094206e+03 1.082772e+03 
2.731818e-01 1.066151e+03 1.043673e+03 
2.782222e-01 1.032771e+03 1.006528e+03 
2.832626e-01 9.943824e+02 9.712151e+02 
2.883030e-01 9.525624e+02 9.376183e+02 
2.933434e-01 9.097182e+02 9.056322e+02 
2.983838e-01 8.684684e+02 8.751586e+02 
3.034242e-01 8.309683e+02 8.461067e+02 
3.084646e-01 7.985217e+02 8.183922e+02 
3.135051e-01 7.714938e+02 7.919370e+02 
3.185455e-01 7.494148e+02 7.666682e+02 
3.235859e-01 7.311565e+02 7.425183e+02 
3.286263e-01 7.152312e+02 7.194242e+02 
3.336667e-01 7.000401e+02 6.973271e+02 
3.387071e-01 6.842799e+02 6.761724e+02 
3.437475e-01 6.671287e+02 6.559089e+02 
3.487879e-01 6.483178e+02 6.364888e+02 
3.538283e-01 6.280762e+02 6.178673e+02 
3.588687e-01 6.070585e+02 6.000028e+02 
3.639091e-01 5.861272e+02 5.828559e+02 
3.689495e-01 5.661140e+02 5.663900e+02 
3.739899e-01 5.476474e+02 5.505705e+02 
3.790303e-01 5.310845e+02 5.353653e+02 
3.840707e-01 5.165069e+02 5.207437e+02 
3.891111e-01 5.037318e+02 5.066774e+02 
3.941515e-01 4.923422e+02 4.931394e+02 
3.991919e-01 4.817815e+02 4.801044e+02 
4.042323e-01 4.715079e+02 4.675485e+02 
4.092727e-01 4.611120e+02 4.554493e+02 
4.143131e-01 4.503646e+02 4.437857e+02 
4.193535e-01 4.392083e+02 4.325375e+02 
4.243939e-01 4.277251e+02 4.216860e+02 
4.294343e-01 4.161250e+02 4.112132e+02 
4.344747e-01 4.046850e+02 4.011023e+02 
4.395152e-01 3.937037e+02 3.913374e+02 
4.445556e-01 3.833973e+02 3.819032e+02 
4.495960e-01 3.738477e+02 3.727856e+02 
4.546364e-01 3.650675e+02 3.639708e+02 
4.596768e-01 3.569799e+02 3.554462e+02 
4.647172e-01 3.494514e+02 3.471995e+02 
4.697576e-01 3.422995e+02 3.392191e+02 
4.747980e-01 3.353329e+02 3.314940e+02 
4.798384e-01 3.284000e+02 3.240138e+02 
4.848788e-01 3.214267e+02 3.167686e+02 
4.899192e-01 3.144102e+02 3.097489e+02 
4.949596e-01 3.073752e+02 3.029457e+02 
5.000000e-01 3.003803e+02 2.963506e+02 
