1.000000e-03 3.171634e+03 3.171631e+03 
6.040404e-03 1.376398e+04 1.386079e+04 
1.108081e-02 1.848990e+04 1.851914e+04 
1.612121e-02 1.992736e+04 1.983182e+04 
2.116162e-02 1.953176e+04 1.933052e+04 
2.620202e-02 1.822560e+04 1.810442e+04 
3.124242e-02 1.661131e+04 1.672688e+04 
3.628283e-02 1.504413e+04 1.538936e+04 
4.132323e-02 1.368910e+04 1.414218e+04 
4.636364e-02 1.256783e+04 1.299662e+04 
5.140404e-02 1.166375e+04 1.195227e+04 
5.644444e-02 1.087116e+04 1.100426e+04 
6.148485e-02 1.013126e+04 1.014571e+04 
6.652525e-02 9.400404e+03 9.369001e+03 
7.156566e-02 8.668435e+03 8.666400e+03 
7.660606e-02 7.950322e+03 8.030498e+03 
8.164646e-02 7.277677e+03 7.454393e+03 
8.668687e-02 6.677304e+03 6.931782e+03 
9.172727e-02 6.162418e+03 6.456977e+03 
9.676768e-02 5.734444e+03 6.024895e+03 
1.018081e-01 5.384480e+03 5.631009e+03 
1.068485e-01 5.091163e+03 5.271304e+03 
1.118889e-01 4.827885e+03 4.942225e+03 
1.169293e-01 4.573847e+03 4.640627e+03 
1.219697e-01 4.319024e+03 4.363725e+03 
1.270101e-01 4.062198e+03 4.109055e+03 
1.320505e-01 3.808350e+03 3.874432e+03 
1.370909e-01 3.566659e+03 3.657919e+03 
1.421313e-01 3.345357e+03 3.457795e+03 
1.471717e-01 3.148687e+03 3.272527e+03 
1.522121e-01 2.977248e+03 3.100751e+03 
1.572525e-01 2.829447e+03 2.941247e+03 
1.622929e-01 2.701232e+03 2.792927e+03 
1.673333e-01 2.585715e+03 2.654815e+03 
1.723737e-01 2.475765e+03 2.526034e+03 
1.774141e-01 2.367594e+03 2.405797e+03 
1.824545e-01 2.260449e+03 2.293397e+03 
1.874949e-01 2.154813e+03 2.188193e+03 
1.925354e-01 2.051980e+03 2.089609e+03 
1.975758e-01 1.954039e+03 1.997122e+03 
2.026162e-01 1.863276e+03 1.910259e+03 
2.076566e-01 1.780993e+03 1.828590e+03 
2.126970e-01 1.706781e+03 1.751725e+03 
2.177374e-01 1.639326e+03 1.679307e+03 
2.227778e-01 1.577153e+03 1.611014e+03 
2.278182e-01 1.518823e+03 1.546548e+03 
2.328586e-01 1.463089e+03 1.485640e+03 
2.378990e-01 1.409092e+03 1.428042e+03 
2.429394e-01 1.356430e+03 1.373526e+03 
2.479798e-01 1.305148e+03 1.321885e+03 
2.530202e-01 1.255686e+03 1.272926e+03 
2.580606e-01 1.208603e+03 1.226474e+03 
2.631010e-01 1.164362e+03 1.182366e+03 
2.681414e-01 1.123028e+03 1.140452e+03 
2.731818e-01 1.084403e+03 1.100594e+03 
2.782222e-01 1.048187e+03 1.062665e+03 
2.832626e-01 1.014006e+03 1.026546e+03 
2.883030e-01 9.814653e+02 9.921278e+02 
2.933434e-01 9.502148e+02 9.593085e+02 
2.983838e-01 9.200367e+02 9.279941e+02 
3.034242e-01 8.908722e+02 8.980970e+02 
3.084646e-01 8.627343e+02 8.695356e+02 
3.135051e-01 8.356604e+02 8.422344e+02 
3.185455e-01 8.097237e+02 8.161225e+02 
3.235859e-01 7.849966e+02 7.911342e+02 
3.286263e-01 7.614729e+02 7.672080e+02 
3.336667e-01 7.390876e+02 7.442866e+02 
3.387071e-01 7.177403e+02 7.223162e+02 
3.437475e-01 6.973182e+02 7.012467e+02 
3.487879e-01 6.777261e+02 6.810311e+02 
3.538283e-01 6.588546e+02 6.616253e+02 
3.588687e-01 6.406219e+02 6.429880e+02 
3.639091e-01 6.230248e+02 6.250805e+02 
3.689495e-01 6.060678e+02 6.078664e+02 
3.739899e-01 5.897317e+02 5.913115e+02 
3.790303e-01 5.739885e+02 5.753837e+02 
3.840707e-01 5.588323e+02 5.600525e+02 
3.891111e-01 5.442711e+02 5.452897e+02 
3.941515e-01 5.302885e+02 5.310683e+02 
3.991919e-01 5.168347e+02 5.173629e+02 
4.042323e-01 5.038564e+02 5.041498e+02 
4.092727e-01 4.913223e+02 4.914064e+02 
4.143131e-01 4.792209e+02 4.791113e+02 
4.193535e-01 4.675367e+02 4.672445e+02 
4.243939e-01 4.562247e+02 4.557869e+02 
4.294343e-01 4.452703e+02 4.447205e+02 
4.344747e-01 4.346818e+02 4.340282e+02 
4.395152e-01 4.244538e+02 4.236940e+02 
4.445556e-01 4.145706e+02 4.137024e+02 
4.495960e-01 4.050032e+02 4.040390e+02 
4.546364e-01 3.957431e+02 3.946901e+02 
4.596768e-01 3.867909e+02 3.856425e+02 
4.647172e-01 3.781322e+02 3.768838e+02 
4.697576e-01 3.697368e+02 3.684023e+02 
4.747980e-01 3.615909e+02 3.601868e+02 
4.798384e-01 3.536977e+02 3.522265e+02 
4.848788e-01 3.460466e+02 3.445114e+02 
4.899192e-01 3.386245e+02 3.370318e+02 
4.949596e-01 3.314151e+02 3.297786e+02 
5.000000e-01 3.244187e+02 3.227428e+02 
