1.000000e-03 3.410870e+03 3.410867e+03 
6.040404e-03 1.522629e+04 1.534185e+04 
1.108081e-02 2.082447e+04 2.094868e+04 
1.612121e-02 2.259716e+04 2.268461e+04 
2.116162e-02 2.204548e+04 2.196138e+04 
2.620202e-02 2.024570e+04 2.010668e+04 
3.124242e-02 1.798708e+04 1.809979e+04 
3.628283e-02 1.579089e+04 1.629931e+04 
4.132323e-02 1.393623e+04 1.474428e+04 
4.636364e-02 1.250008e+04 1.339726e+04 
5.140404e-02 1.146817e+04 1.221894e+04 
5.644444e-02 1.072142e+04 1.117955e+04 
6.148485e-02 1.013216e+04 1.025705e+04 
6.652525e-02 9.593005e+03 9.434563e+03 
7.156566e-02 9.016835e+03 8.698614e+03 
7.660606e-02 8.367492e+03 8.038083e+03 
8.164646e-02 7.659302e+03 7.443620e+03 
8.668687e-02 6.938836e+03 6.907253e+03 
9.172727e-02 6.257645e+03 6.422129e+03 
9.676768e-02 5.657450e+03 5.982330e+03 
1.018081e-01 5.166213e+03 5.582721e+03 
1.068485e-01 4.792915e+03 5.218835e+03 
1.118889e-01 4.524117e+03 4.886777e+03 
1.169293e-01 4.329018e+03 4.583141e+03 
1.219697e-01 4.172098e+03 4.304941e+03 
1.270101e-01 4.022396e+03 4.049556e+03 
1.320505e-01 3.857858e+03 3.814678e+03 
1.370909e-01 3.667065e+03 3.598274e+03 
1.421313e-01 3.450419e+03 3.398543e+03 
1.471717e-01 3.218547e+03 3.213892e+03 
1.522121e-01 2.987066e+03 3.042905e+03 
1.572525e-01 2.771556e+03 2.884325e+03 
1.622929e-01 2.584414e+03 2.737029e+03 
1.673333e-01 2.432236e+03 2.600015e+03 
1.723737e-01 2.314533e+03 2.472387e+03 
1.774141e-01 2.224872e+03 2.353339e+03 
1.824545e-01 2.153715e+03 2.242149e+03 
1.874949e-01 2.091230e+03 2.138168e+03 
1.925354e-01 2.028536e+03 2.040808e+03 
1.975758e-01 1.959072e+03 1.949540e+03 
2.026162e-01 1.879902e+03 1.863885e+03 
2.076566e-01 1.792388e+03 1.783409e+03 
2.126970e-01 1.700730e+03 1.707717e+03 
2.177374e-01 1.610051e+03 1.636451e+03 
2.227778e-01 1.525194e+03 1.569286e+03 
2.278182e-01 1.449835e+03 1.505922e+03 
2.328586e-01 1.385856e+03 1.446090e+03 
2.378990e-01 1.333057e+03 1.389539e+03 
2.429394e-01 1.289463e+03 1.336044e+03 
2.479798e-01 1.252212e+03 1.285394e+03 
2.530202e-01 1.218233e+03 1.237400e+03 
2.580606e-01 1.184603e+03 1.191883e+03 
2.631010e-01 1.149047e+03 1.148684e+03 
2.681414e-01 1.110624e+03 1.107651e+03 
2.731818e-01 1.069845e+03 1.068648e+03 
2.782222e-01 1.028061e+03 1.031548e+03 
2.832626e-01 9.868601e+02 9.962315e+02 
2.883030e-01 9.476328e+02 9.625911e+02 
2.933434e-01 9.115289e+02 9.305256e+02 
2.983838e-01 8.793390e+02 8.999413e+02 
3.034242e-01 8.511788e+02 8.707513e+02 
3.084646e-01 8.264608e+02 8.428750e+02 
3.135051e-01 8.041969e+02 8.162373e+02 
3.185455e-01 7.833358e+02 7.907681e+02 
3.235859e-01 7.629923e+02 7.664023e+02 
3.286263e-01 7.425343e+02 7.430792e+02 
3.336667e-01 7.215772e+02 7.207419e+02 
3.387071e-01 7.000568e+02 6.993375e+02 
3.437475e-01 6.782905e+02 6.788165e+02 
3.487879e-01 6.568355e+02 6.591323e+02 
3.538283e-01 6.362088e+02 6.402415e+02 
3.588687e-01 6.167823e+02 6.221035e+02 
3.639091e-01 5.987541e+02 6.046800e+02 
3.689495e-01 5.821677e+02 5.879351e+02 
3.739899e-01 5.669270e+02 5.718352e+02 
3.790303e-01 5.527932e+02 5.563486e+02 
3.840707e-01 5.394252e+02 5.414456e+02 
3.891111e-01 5.264851e+02 5.270981e+02 
3.941515e-01 5.137348e+02 5.132796e+02 
3.991919e-01 5.010457e+02 4.999654e+02 
4.042323e-01 4.883875e+02 4.871319e+02 
4.092727e-01 4.757994e+02 4.747570e+02 
4.143131e-01 4.634019e+02 4.628197e+02 
4.193535e-01 4.513527e+02 4.513004e+02 
4.243939e-01 4.398077e+02 4.401804e+02 
4.294343e-01 4.288373e+02 4.294420e+02 
4.344747e-01 4.184541e+02 4.190684e+02 
4.395152e-01 4.086364e+02 4.090438e+02 
4.445556e-01 3.993311e+02 3.993533e+02 
4.495960e-01 3.904435e+02 3.899827e+02 
4.546364e-01 3.818606e+02 3.809183e+02 
4.596768e-01 3.734897e+02 3.721475e+02 
4.647172e-01 3.652711e+02 3.636582e+02 
4.697576e-01 3.571851e+02 3.554386e+02 
4.747980e-01 3.492303e+02 3.474780e+02 
4.798384e-01 3.414252e+02 3.397658e+02 
4.848788e-01 3.338134e+02 3.322922e+02 
4.899192e-01 3.264255e+02 3.250478e+02 
4.949596e-01 3.193063e+02 3.180235e+02 
5.000000e-01 3.124722e+02 3.112107e+02 
