1.000000e-03 1.938042e+03 1.938041e+03 
6.040404e-03 8.893652e+03 8.960766e+03 
1.108081e-02 1.241716e+04 1.242098e+04 
1.612121e-02 1.391256e+04 1.380532e+04 
2.116162e-02 1.422539e+04 1.403866e+04 
2.620202e-02 1.387885e+04 1.370092e+04 
3.124242e-02 1.320716e+04 1.310479e+04 
3.628283e-02 1.241442e+04 1.239919e+04 
4.132323e-02 1.161295e+04 1.165860e+04 
4.636364e-02 1.084438e+04 1.092289e+04 
5.140404e-02 1.013716e+04 1.021369e+04 
5.644444e-02 9.469294e+03 9.542158e+03 
6.148485e-02 8.835840e+03 8.913304e+03 
6.652525e-02 8.242092e+03 8.328505e+03 
7.156566e-02 7.681091e+03 7.787031e+03 
7.660606e-02 7.154591e+03 7.286980e+03 
8.164646e-02 6.672821e+03 6.825844e+03 
8.668687e-02 6.242359e+03 6.400857e+03 
9.172727e-02 5.857344e+03 6.009206e+03 
9.676768e-02 5.508185e+03 5.648148e+03 
1.018081e-01 5.189668e+03 5.315081e+03 
1.068485e-01 4.898489e+03 5.007577e+03 
1.118889e-01 4.628769e+03 4.723396e+03 
1.169293e-01 4.373715e+03 4.460485e+03 
1.219697e-01 4.130748e+03 4.216975e+03 
1.270101e-01 3.901884e+03 3.991167e+03 
1.320505e-01 3.689794e+03 3.781523e+03 
1.370909e-01 3.495401e+03 3.586649e+03 
1.421313e-01 3.317565e+03 3.405284e+03 
1.471717e-01 3.154061e+03 3.236290e+03 
1.522121e-01 3.002783e+03 3.078634e+03 
1.572525e-01 2.862154e+03 2.931384e+03 
1.622929e-01 2.731146e+03 2.793695e+03 
1.673333e-01 2.608032e+03 2.664801e+03 
1.723737e-01 2.491262e+03 2.544007e+03 
1.774141e-01 2.380329e+03 2.430681e+03 
1.824545e-01 2.275766e+03 2.324250e+03 
1.874949e-01 2.177804e+03 2.224193e+03 
1.925354e-01 2.085957e+03 2.130033e+03 
1.975758e-01 1.999546e+03 2.041336e+03 
2.026162e-01 1.918370e+03 1.957707e+03 
2.076566e-01 1.842349e+03 1.878782e+03 
2.126970e-01 1.770829e+03 1.804230e+03 
2.177374e-01 1.703062e+03 1.733748e+03 
2.227778e-01 1.638568e+03 1.667056e+03 
2.278182e-01 1.577286e+03 1.603898e+03 
2.328586e-01 1.519160e+03 1.544038e+03 
2.378990e-01 1.464005e+03 1.487261e+03 
2.429394e-01 1.411565e+03 1.433365e+03 
2.479798e-01 1.361752e+03 1.382166e+03 
2.530202e-01 1.314468e+03 1.333494e+03 
2.580606e-01 1.269556e+03 1.287192e+03 
2.631010e-01 1.226818e+03 1.243113e+03 
2.681414e-01 1.186079e+03 1.201124e+03 
2.731818e-01 1.147209e+03 1.161098e+03 
2.782222e-01 1.110119e+03 1.122919e+03 
2.832626e-01 1.074694e+03 1.086480e+03 
2.883030e-01 1.040818e+03 1.051680e+03 
2.933434e-01 1.008398e+03 1.018426e+03 
2.983838e-01 9.773723e+02 9.866299e+02 
3.034242e-01 9.476985e+02 9.562116e+02 
3.084646e-01 9.193197e+02 9.270952e+02 
3.135051e-01 8.921284e+02 8.992098e+02 
3.185455e-01 8.660394e+02 8.724893e+02 
3.235859e-01 8.409989e+02 8.468721e+02 
3.286263e-01 8.169769e+02 8.223001e+02 
3.336667e-01 7.939313e+02 7.987192e+02 
3.387071e-01 7.717951e+02 7.760786e+02 
3.437475e-01 7.504934e+02 7.543306e+02 
3.487879e-01 7.299993e+02 7.334304e+02 
3.538283e-01 7.102960e+02 7.133359e+02 
3.588687e-01 6.913535e+02 6.940077e+02 
3.639091e-01 6.731131e+02 6.754085e+02 
3.689495e-01 6.555306e+02 6.575033e+02 
3.739899e-01 6.385820e+02 6.402592e+02 
3.790303e-01 6.222568e+02 6.236449e+02 
3.840707e-01 6.065260e+02 6.076313e+02 
3.891111e-01 5.913476e+02 5.921906e+02 
3.941515e-01 5.766821e+02 5.772966e+02 
3.991919e-01 5.625231e+02 5.629248e+02 
4.042323e-01 5.488606e+02 5.490518e+02 
4.092727e-01 5.356705e+02 5.356554e+02 
4.143131e-01 5.229170e+02 5.227148e+02 
4.193535e-01 5.105781e+02 5.102102e+02 
4.243939e-01 4.986448e+02 4.981228e+02 
4.294343e-01 4.871126e+02 4.864349e+02 
4.344747e-01 4.759609e+02 4.751296e+02 
4.395152e-01 4.651624e+02 4.641909e+02 
4.445556e-01 4.546949e+02 4.536036e+02 
4.495960e-01 4.445545e+02 4.433534e+02 
4.546364e-01 4.347398e+02 4.334264e+02 
4.596768e-01 4.252392e+02 4.238097e+02 
4.647172e-01 4.160206e+02 4.144909e+02 
4.697576e-01 4.070715e+02 4.054582e+02 
4.747980e-01 3.983920e+02 3.967003e+02 
4.798384e-01 3.899809e+02 3.882066e+02 
4.848788e-01 3.818215e+02 3.799668e+02 
4.899192e-01 3.738963e+02 3.719713e+02 
4.949596e-01 3.661954e+02 3.642108e+02 
5.000000e-01 3.587166e+02 3.566765e+02 
