1.000000e-03 4.322512e+03 4.322508e+03 
6.040404e-03 1.870737e+04 1.884802e+04 
1.108081e-02 2.497078e+04 2.512092e+04 
1.612121e-02 2.650227e+04 2.659607e+04 
2.116162e-02 2.530583e+04 2.518439e+04 
2.620202e-02 2.276535e+04 2.262744e+04 
3.124242e-02 1.985270e+04 2.007710e+04 
3.628283e-02 1.717047e+04 1.787720e+04 
4.132323e-02 1.500364e+04 1.602133e+04 
4.636364e-02 1.339168e+04 1.444061e+04 
5.140404e-02 1.227858e+04 1.307672e+04 
5.644444e-02 1.148330e+04 1.188780e+04 
6.148485e-02 1.084413e+04 1.084359e+04 
6.652525e-02 1.022251e+04 9.921288e+03 
7.156566e-02 9.537265e+03 9.102982e+03 
7.660606e-02 8.763729e+03 8.374152e+03 
8.164646e-02 7.933703e+03 7.722795e+03 
8.668687e-02 7.111279e+03 7.138845e+03 
9.172727e-02 6.361076e+03 6.613787e+03 
9.676768e-02 5.730547e+03 6.140366e+03 
1.018081e-01 5.242202e+03 5.712367e+03 
1.068485e-01 4.889945e+03 5.324449e+03 
1.118889e-01 4.643848e+03 4.972001e+03 
1.169293e-01 4.463095e+03 4.651031e+03 
1.219697e-01 4.306330e+03 4.358071e+03 
1.270101e-01 4.139790e+03 4.090099e+03 
1.320505e-01 3.942711e+03 3.844477e+03 
1.370909e-01 3.711438e+03 3.618893e+03 
1.421313e-01 3.456835e+03 3.411315e+03 
1.471717e-01 3.196587e+03 3.219955e+03 
1.522121e-01 2.949169e+03 3.043235e+03 
1.572525e-01 2.731450e+03 2.879758e+03 
1.622929e-01 2.554403e+03 2.728283e+03 
1.673333e-01 2.419439e+03 2.587709e+03 
1.723737e-01 2.319114e+03 2.457054e+03 
1.774141e-01 2.241774e+03 2.335440e+03 
1.824545e-01 2.175812e+03 2.222084e+03 
1.874949e-01 2.110834e+03 2.116280e+03 
1.925354e-01 2.038329e+03 2.017398e+03 
1.975758e-01 1.953916e+03 1.924867e+03 
2.026162e-01 1.858856e+03 1.838175e+03 
2.076566e-01 1.758571e+03 1.756857e+03 
2.126970e-01 1.659568e+03 1.680494e+03 
2.177374e-01 1.567412e+03 1.608705e+03 
2.227778e-01 1.486117e+03 1.541145e+03 
2.278182e-01 1.417898e+03 1.477498e+03 
2.328586e-01 1.362525e+03 1.417479e+03 
2.378990e-01 1.317590e+03 1.360827e+03 
2.429394e-01 1.279441e+03 1.307302e+03 
2.479798e-01 1.244174e+03 1.256687e+03 
2.530202e-01 1.208495e+03 1.208781e+03 
2.580606e-01 1.170218e+03 1.163400e+03 
2.631010e-01 1.128656e+03 1.120377e+03 
2.681414e-01 1.084592e+03 1.079555e+03 
2.731818e-01 1.039688e+03 1.040792e+03 
2.782222e-01 9.958528e+02 1.003957e+03 
2.832626e-01 9.548038e+02 9.689279e+02 
2.883030e-01 9.177304e+02 9.355921e+02 
2.933434e-01 8.851611e+02 9.038459e+02 
2.983838e-01 8.569174e+02 8.735931e+02 
3.034242e-01 8.321321e+02 8.447444e+02 
3.084646e-01 8.096131e+02 8.172170e+02 
3.135051e-01 7.881397e+02 7.909341e+02 
3.185455e-01 7.667562e+02 7.658242e+02 
3.235859e-01 7.449075e+02 7.418206e+02 
3.286263e-01 7.224178e+02 7.188614e+02 
3.336667e-01 6.994407e+02 6.968888e+02 
3.387071e-01 6.764903e+02 6.758489e+02 
3.437475e-01 6.542110e+02 6.556912e+02 
3.487879e-01 6.331467e+02 6.363687e+02 
3.538283e-01 6.136106e+02 6.178373e+02 
3.588687e-01 5.956693e+02 6.000558e+02 
3.639091e-01 5.792420e+02 5.829855e+02 
3.689495e-01 5.641229e+02 5.665901e+02 
3.739899e-01 5.499560e+02 5.508358e+02 
3.790303e-01 5.363443e+02 5.356905e+02 
3.840707e-01 5.229655e+02 5.211242e+02 
3.891111e-01 5.096307e+02 5.071087e+02 
3.941515e-01 4.963244e+02 4.936175e+02 
3.991919e-01 4.830923e+02 4.806255e+02 
4.042323e-01 4.700441e+02 4.681091e+02 
4.092727e-01 4.573620e+02 4.560462e+02 
4.143131e-01 4.452049e+02 4.444159e+02 
4.193535e-01 4.336759e+02 4.331982e+02 
4.243939e-01 4.227962e+02 4.223745e+02 
4.294343e-01 4.125376e+02 4.119272e+02 
4.344747e-01 4.028258e+02 4.018396e+02 
4.395152e-01 3.935585e+02 3.920957e+02 
4.445556e-01 3.846197e+02 3.826808e+02 
4.495960e-01 3.758963e+02 3.735805e+02 
4.546364e-01 3.673284e+02 3.647815e+02 
4.596768e-01 3.588995e+02 3.562711e+02 
4.647172e-01 3.506166e+02 3.480370e+02 
4.697576e-01 3.425055e+02 3.400680e+02 
4.747980e-01 3.346037e+02 3.323530e+02 
4.798384e-01 3.269672e+02 3.248817e+02 
4.848788e-01 3.196284e+02 3.176443e+02 
4.899192e-01 3.125849e+02 3.106315e+02 
4.949596e-01 3.058302e+02 3.038342e+02 
5.000000e-01 2.993276e+02 2.972441e+02 
