1.000000e-03 3.301649e+03 3.301646e+03 
6.040404e-03 1.415372e+04 1.425298e+04 
1.108081e-02 1.890278e+04 1.892912e+04 
1.612121e-02 2.029035e+04 2.018609e+04 
2.116162e-02 1.982881e+04 1.961940e+04 
2.620202e-02 1.846378e+04 1.833970e+04 
3.124242e-02 1.680341e+04 1.691906e+04 
3.628283e-02 1.520247e+04 1.554561e+04 
4.132323e-02 1.382193e+04 1.426826e+04 
4.636364e-02 1.268021e+04 1.309752e+04 
5.140404e-02 1.175490e+04 1.203230e+04 
5.644444e-02 1.094282e+04 1.106708e+04 
6.148485e-02 1.018141e+04 1.019436e+04 
6.652525e-02 9.431996e+03 9.405994e+03 
7.156566e-02 8.686101e+03 8.693809e+03 
7.660606e-02 7.959250e+03 8.050023e+03 
8.164646e-02 7.282470e+03 7.467430e+03 
8.668687e-02 6.681273e+03 6.939477e+03 
9.172727e-02 6.167429e+03 6.460277e+03 
9.676768e-02 5.741020e+03 6.024579e+03 
1.018081e-01 5.391102e+03 5.627723e+03 
1.068485e-01 5.095249e+03 5.265583e+03 
1.118889e-01 4.827457e+03 4.934513e+03 
1.169293e-01 4.568188e+03 4.631294e+03 
1.219697e-01 4.308442e+03 4.353080e+03 
1.270101e-01 4.047643e+03 4.097356e+03 
1.320505e-01 3.791907e+03 3.861896e+03 
1.370909e-01 3.550341e+03 3.644726e+03 
1.421313e-01 3.330718e+03 3.444096e+03 
1.471717e-01 3.136088e+03 3.258450e+03 
1.522121e-01 2.966390e+03 3.086402e+03 
1.572525e-01 2.819829e+03 2.926716e+03 
1.622929e-01 2.691986e+03 2.778290e+03 
1.673333e-01 2.575714e+03 2.640133e+03 
1.723737e-01 2.464176e+03 2.511360e+03 
1.774141e-01 2.354361e+03 2.391176e+03 
1.824545e-01 2.245983e+03 2.278864e+03 
1.874949e-01 2.139754e+03 2.173780e+03 
1.925354e-01 2.036946e+03 2.075339e+03 
1.975758e-01 1.939586e+03 1.983016e+03 
2.026162e-01 1.849875e+03 1.896334e+03 
2.076566e-01 1.768748e+03 1.814858e+03 
2.126970e-01 1.695370e+03 1.738197e+03 
2.177374e-01 1.628363e+03 1.665992e+03 
2.227778e-01 1.566284e+03 1.597917e+03 
2.278182e-01 1.507835e+03 1.533674e+03 
2.328586e-01 1.451832e+03 1.472991e+03 
2.378990e-01 1.397490e+03 1.415620e+03 
2.429394e-01 1.344611e+03 1.361332e+03 
2.479798e-01 1.293334e+03 1.309918e+03 
2.530202e-01 1.244136e+03 1.261186e+03 
2.580606e-01 1.197480e+03 1.214958e+03 
2.631010e-01 1.153705e+03 1.171073e+03 
2.681414e-01 1.112814e+03 1.129379e+03 
2.731818e-01 1.074572e+03 1.089739e+03 
2.782222e-01 1.038630e+03 1.052024e+03 
2.832626e-01 1.004585e+03 1.016116e+03 
2.883030e-01 9.720919e+02 9.819042e+02 
2.933434e-01 9.408606e+02 9.492882e+02 
2.983838e-01 9.107308e+02 9.181732e+02 
3.034242e-01 8.816530e+02 8.884714e+02 
3.084646e-01 8.536307e+02 8.601016e+02 
3.135051e-01 8.267305e+02 8.329877e+02 
3.185455e-01 8.010362e+02 8.070592e+02 
3.235859e-01 7.765626e+02 7.822503e+02 
3.286263e-01 7.532640e+02 7.584996e+02 
3.336667e-01 7.310564e+02 7.357495e+02 
3.387071e-01 7.098728e+02 7.139467e+02 
3.437475e-01 6.896069e+02 6.930408e+02 
3.487879e-01 6.701275e+02 6.729850e+02 
3.538283e-01 6.513332e+02 6.537353e+02 
3.588687e-01 6.331952e+02 6.352504e+02 
3.639091e-01 6.157273e+02 6.174917e+02 
3.689495e-01 5.989020e+02 6.004229e+02 
3.739899e-01 5.826906e+02 5.840097e+02 
3.790303e-01 5.670748e+02 5.682202e+02 
3.840707e-01 5.520674e+02 5.530242e+02 
3.891111e-01 5.376582e+02 5.383931e+02 
3.941515e-01 5.238064e+02 5.243003e+02 
3.991919e-01 5.104615e+02 5.107206e+02 
4.042323e-01 4.975783e+02 4.976300e+02 
4.092727e-01 4.851540e+02 4.850061e+02 
4.143131e-01 4.731635e+02 4.728278e+02 
4.193535e-01 4.615631e+02 4.610749e+02 
4.243939e-01 4.503392e+02 4.497285e+02 
4.294343e-01 4.394879e+02 4.387707e+02 
4.344747e-01 4.290066e+02 4.281845e+02 
4.395152e-01 4.188838e+02 4.179537e+02 
4.445556e-01 4.090854e+02 4.080632e+02 
4.495960e-01 3.996110e+02 3.984985e+02 
4.546364e-01 3.904521e+02 3.892459e+02 
4.596768e-01 3.815954e+02 3.802925e+02 
4.647172e-01 3.730145e+02 3.716257e+02 
4.697576e-01 3.646952e+02 3.632340e+02 
4.747980e-01 3.566347e+02 3.551062e+02 
4.798384e-01 3.488237e+02 3.472317e+02 
4.848788e-01 3.412511e+02 3.396003e+02 
4.899192e-01 3.338957e+02 3.322026e+02 
4.949596e-01 3.267623e+02 3.250293e+02 
5.000000e-01 3.198441e+02 3.180717e+02 
