1.000000e-03 4.109147e+03 4.109143e+03 
6.040404e-03 1.805460e+04 1.819519e+04 
1.108081e-02 2.446570e+04 2.463926e+04 
1.612121e-02 2.630419e+04 2.646746e+04 
2.116162e-02 2.538276e+04 2.533113e+04 
2.620202e-02 2.300141e+04 2.282660e+04 
3.124242e-02 2.011501e+04 2.020376e+04 
3.628283e-02 1.735490e+04 1.792662e+04 
4.132323e-02 1.505579e+04 1.602400e+04 
4.636364e-02 1.330525e+04 1.442257e+04 
5.140404e-02 1.208455e+04 1.305358e+04 
5.644444e-02 1.124583e+04 1.186753e+04 
6.148485e-02 1.063315e+04 1.082967e+04 
6.652525e-02 1.010206e+04 9.914792e+03 
7.156566e-02 9.539935e+03 9.103768e+03 
7.660606e-02 8.888114e+03 8.381532e+03 
8.164646e-02 8.145756e+03 7.735877e+03 
8.668687e-02 7.358084e+03 7.156709e+03 
9.172727e-02 6.586985e+03 6.635568e+03 
9.676768e-02 5.890439e+03 6.165288e+03 
1.018081e-01 5.311312e+03 5.739757e+03 
1.068485e-01 4.869196e+03 5.353732e+03 
1.118889e-01 4.556119e+03 5.002692e+03 
1.169293e-01 4.343314e+03 4.682723e+03 
1.219697e-01 4.192664e+03 4.390428e+03 
1.270101e-01 4.066412e+03 4.122844e+03 
1.320505e-01 3.932406e+03 3.877382e+03 
1.370909e-01 3.768610e+03 3.651772e+03 
1.421313e-01 3.567667e+03 3.444018e+03 
1.471717e-01 3.336405e+03 3.252361e+03 
1.522121e-01 3.090757e+03 3.075246e+03 
1.572525e-01 2.849767e+03 2.911298e+03 
1.622929e-01 2.631195e+03 2.759293e+03 
1.673333e-01 2.448237e+03 2.618144e+03 
1.723737e-01 2.306200e+03 2.486879e+03 
1.774141e-01 2.201836e+03 2.364633e+03 
1.824545e-01 2.126451e+03 2.250627e+03 
1.874949e-01 2.068978e+03 2.144164e+03 
1.925354e-01 2.018310e+03 2.044618e+03 
1.975758e-01 1.964308e+03 1.951424e+03 
2.026162e-01 1.899746e+03 1.864071e+03 
2.076566e-01 1.822098e+03 1.782099e+03 
2.126970e-01 1.733497e+03 1.705091e+03 
2.177374e-01 1.639288e+03 1.632667e+03 
2.227778e-01 1.545813e+03 1.564483e+03 
2.278182e-01 1.458858e+03 1.500226e+03 
2.328586e-01 1.382757e+03 1.439611e+03 
2.378990e-01 1.319641e+03 1.382376e+03 
2.429394e-01 1.269329e+03 1.328283e+03 
2.479798e-01 1.229781e+03 1.277115e+03 
2.530202e-01 1.197629e+03 1.228671e+03 
2.580606e-01 1.168942e+03 1.182768e+03 
2.631010e-01 1.139996e+03 1.139237e+03 
2.681414e-01 1.108169e+03 1.097922e+03 
2.731818e-01 1.072460e+03 1.058681e+03 
2.782222e-01 1.033214e+03 1.021382e+03 
2.832626e-01 9.917501e+02 9.859024e+02 
2.883030e-01 9.498733e+02 9.521303e+02 
2.933434e-01 9.096105e+02 9.199612e+02 
2.983838e-01 8.727314e+02 8.892986e+02 
3.034242e-01 8.402816e+02 8.600528e+02 
3.084646e-01 8.124575e+02 8.321407e+02 
3.135051e-01 7.887514e+02 8.054850e+02 
3.185455e-01 7.681965e+02 7.800139e+02 
3.235859e-01 7.495999e+02 7.556604e+02 
3.286263e-01 7.317225e+02 7.323622e+02 
3.336667e-01 7.135124e+02 7.100612e+02 
3.387071e-01 6.943667e+02 6.887030e+02 
3.437475e-01 6.741640e+02 6.682369e+02 
3.487879e-01 6.532116e+02 6.486155e+02 
3.538283e-01 6.320342e+02 6.297945e+02 
3.588687e-01 6.112814e+02 6.117322e+02 
3.639091e-01 5.915651e+02 5.943897e+02 
3.689495e-01 5.733290e+02 5.777304e+02 
3.739899e-01 5.567810e+02 5.617201e+02 
3.790303e-01 5.418666e+02 5.463266e+02 
3.840707e-01 5.283515e+02 5.315196e+02 
3.891111e-01 5.158888e+02 5.172705e+02 
3.941515e-01 5.040755e+02 5.035527e+02 
3.991919e-01 4.925198e+02 4.903408e+02 
4.042323e-01 4.809127e+02 4.776110e+02 
4.092727e-01 4.691202e+02 4.653409e+02 
4.143131e-01 4.571775e+02 4.535093e+02 
4.193535e-01 4.452103e+02 4.420963e+02 
4.243939e-01 4.333990e+02 4.310829e+02 
4.294343e-01 4.219188e+02 4.204512e+02 
4.344747e-01 4.109480e+02 4.101845e+02 
4.395152e-01 4.006187e+02 4.002666e+02 
4.445556e-01 3.909779e+02 3.906825e+02 
4.495960e-01 3.819806e+02 3.814179e+02 
4.546364e-01 3.734977e+02 3.724590e+02 
4.596768e-01 3.654145e+02 3.637931e+02 
4.647172e-01 3.576266e+02 3.554078e+02 
4.697576e-01 3.500084e+02 3.472917e+02 
4.747980e-01 3.424645e+02 3.394336e+02 
4.798384e-01 3.349522e+02 3.318230e+02 
4.848788e-01 3.274863e+02 3.244501e+02 
4.899192e-01 3.201353e+02 3.173053e+02 
4.949596e-01 3.129464e+02 3.103796e+02 
5.000000e-01 3.059680e+02 3.036643e+02 
