1.000000e-03 2.616542e+03 2.616540e+03 
6.040404e-03 1.196458e+04 1.205279e+04 
1.108081e-02 1.664800e+04 1.671774e+04 
1.612121e-02 1.839731e+04 1.840445e+04 
2.116162e-02 1.833576e+04 1.822373e+04 
2.620202e-02 1.726491e+04 1.715258e+04 
3.124242e-02 1.576997e+04 1.586216e+04 
3.628283e-02 1.424076e+04 1.461177e+04 
4.132323e-02 1.289141e+04 1.346028e+04 
4.636364e-02 1.179311e+04 1.241109e+04 
5.140404e-02 1.095544e+04 1.145710e+04 
5.644444e-02 1.028714e+04 1.059017e+04 
6.148485e-02 9.705717e+03 9.802517e+03 
6.652525e-02 9.152633e+03 9.086870e+03 
7.156566e-02 8.575831e+03 8.436409e+03 
7.660606e-02 7.956504e+03 7.844802e+03 
8.164646e-02 7.314891e+03 7.306220e+03 
8.668687e-02 6.692057e+03 6.815346e+03 
9.172727e-02 6.124100e+03 6.367365e+03 
9.676768e-02 5.632189e+03 5.957944e+03 
1.018081e-01 5.226498e+03 5.583199e+03 
1.068485e-01 4.906537e+03 5.239659e+03 
1.118889e-01 4.658158e+03 4.924226e+03 
1.169293e-01 4.455608e+03 4.634140e+03 
1.219697e-01 4.270715e+03 4.366942e+03 
1.270101e-01 4.082858e+03 4.120439e+03 
1.320505e-01 3.882274e+03 3.892677e+03 
1.370909e-01 3.668393e+03 3.681913e+03 
1.421313e-01 3.447410e+03 3.486589e+03 
1.471717e-01 3.228910e+03 3.305313e+03 
1.522121e-01 3.023288e+03 3.136836e+03 
1.572525e-01 2.839282e+03 2.980040e+03 
1.622929e-01 2.682236e+03 2.833922e+03 
1.673333e-01 2.553025e+03 2.697576e+03 
1.723737e-01 2.447332e+03 2.570191e+03 
1.774141e-01 2.357379e+03 2.451032e+03 
1.824545e-01 2.275317e+03 2.339435e+03 
1.874949e-01 2.195203e+03 2.234801e+03 
1.925354e-01 2.112963e+03 2.136586e+03 
1.975758e-01 2.026446e+03 2.044296e+03 
2.026162e-01 1.935986e+03 1.957484e+03 
2.076566e-01 1.844442e+03 1.875741e+03 
2.126970e-01 1.755904e+03 1.798695e+03 
2.177374e-01 1.673780e+03 1.726007e+03 
2.227778e-01 1.599828e+03 1.657367e+03 
2.278182e-01 1.534552e+03 1.592490e+03 
2.328586e-01 1.477628e+03 1.531117e+03 
2.378990e-01 1.427678e+03 1.473008e+03 
2.429394e-01 1.382523e+03 1.417945e+03 
2.479798e-01 1.339787e+03 1.365727e+03 
2.530202e-01 1.297629e+03 1.316166e+03 
2.580606e-01 1.255047e+03 1.269094e+03 
2.631010e-01 1.211761e+03 1.224350e+03 
2.681414e-01 1.168110e+03 1.181790e+03 
2.731818e-01 1.124960e+03 1.141279e+03 
2.782222e-01 1.083405e+03 1.102692e+03 
2.832626e-01 1.044395e+03 1.065912e+03 
2.883030e-01 1.008416e+03 1.030833e+03 
2.933434e-01 9.755429e+02 9.973552e+02 
2.983838e-01 9.454952e+02 9.653854e+02 
3.034242e-01 9.177856e+02 9.348375e+02 
3.084646e-01 8.917921e+02 9.056312e+02 
3.135051e-01 8.668628e+02 8.776918e+02 
3.185455e-01 8.424723e+02 8.509494e+02 
3.235859e-01 8.183176e+02 8.253388e+02 
3.286263e-01 7.943321e+02 8.007992e+02 
3.336667e-01 7.706587e+02 7.772735e+02 
3.387071e-01 7.475609e+02 7.547086e+02 
3.437475e-01 7.253001e+02 7.330544e+02 
3.487879e-01 7.040968e+02 7.122642e+02 
3.538283e-01 6.840716e+02 6.922942e+02 
3.588687e-01 6.652592e+02 6.731031e+02 
3.639091e-01 6.475720e+02 6.546522e+02 
3.689495e-01 6.308284e+02 6.369052e+02 
3.739899e-01 6.148166e+02 6.198278e+02 
3.790303e-01 5.993434e+02 6.033879e+02 
3.840707e-01 5.842836e+02 5.875551e+02 
3.891111e-01 5.695678e+02 5.723009e+02 
3.941515e-01 5.551651e+02 5.575982e+02 
3.991919e-01 5.410823e+02 5.434217e+02 
4.042323e-01 5.273695e+02 5.297473e+02 
4.092727e-01 5.140935e+02 5.165524e+02 
4.143131e-01 5.013385e+02 5.038154e+02 
4.193535e-01 4.891360e+02 4.915161e+02 
4.243939e-01 4.774585e+02 4.796353e+02 
4.294343e-01 4.662639e+02 4.681548e+02 
4.344747e-01 4.555014e+02 4.570574e+02 
4.395152e-01 4.451285e+02 4.463268e+02 
4.445556e-01 4.351011e+02 4.359475e+02 
4.495960e-01 4.253571e+02 4.259047e+02 
4.546364e-01 4.158481e+02 4.161846e+02 
4.596768e-01 4.065681e+02 4.067739e+02 
4.647172e-01 3.975397e+02 3.976600e+02 
4.697576e-01 3.887726e+02 3.888310e+02 
4.747980e-01 3.802616e+02 3.802754e+02 
4.798384e-01 3.720075e+02 3.719825e+02 
4.848788e-01 3.640188e+02 3.639419e+02 
4.899192e-01 3.563051e+02 3.561438e+02 
4.949596e-01 3.488651e+02 3.485789e+02 
5.000000e-01 3.416608e+02 3.412382e+02 
