1.000000e-03 3.876377e+03 3.876374e+03 
6.040404e-03 1.742729e+04 1.756248e+04 
1.108081e-02 2.380488e+04 2.397524e+04 
1.612121e-02 2.571584e+04 2.587918e+04 
2.116162e-02 2.489418e+04 2.484441e+04 
2.620202e-02 2.260747e+04 2.243336e+04 
3.124242e-02 1.980093e+04 1.988618e+04 
3.628283e-02 1.710381e+04 1.766844e+04 
4.132323e-02 1.485304e+04 1.581276e+04 
4.636364e-02 1.313924e+04 1.424892e+04 
5.140404e-02 1.194856e+04 1.291038e+04 
5.644444e-02 1.113332e+04 1.174920e+04 
6.148485e-02 1.054002e+04 1.073181e+04 
6.652525e-02 1.002625e+04 9.833867e+03 
7.156566e-02 9.478365e+03 9.036930e+03 
7.660606e-02 8.837508e+03 8.326462e+03 
8.164646e-02 8.103638e+03 7.690676e+03 
8.668687e-02 7.322613e+03 7.119813e+03 
9.172727e-02 6.556915e+03 6.605683e+03 
9.676768e-02 5.864936e+03 6.141340e+03 
1.018081e-01 5.290032e+03 5.720847e+03 
1.068485e-01 4.851925e+03 5.339108e+03 
1.118889e-01 4.543334e+03 4.991720e+03 
1.169293e-01 4.334842e+03 4.674869e+03 
1.219697e-01 4.188259e+03 4.385238e+03 
1.270101e-01 4.065482e+03 4.119932e+03 
1.320505e-01 3.934201e+03 3.876420e+03 
1.370909e-01 3.772293e+03 3.652479e+03 
1.421313e-01 3.572314e+03 3.446153e+03 
1.471717e-01 3.341197e+03 3.255718e+03 
1.522121e-01 3.095195e+03 3.079648e+03 
1.572525e-01 2.853810e+03 2.916589e+03 
1.622929e-01 2.635154e+03 2.765342e+03 
1.673333e-01 2.452597e+03 2.624835e+03 
1.723737e-01 2.311321e+03 2.494114e+03 
1.774141e-01 2.207963e+03 2.372323e+03 
1.824545e-01 2.133766e+03 2.258698e+03 
1.874949e-01 2.077593e+03 2.152552e+03 
1.925354e-01 2.028008e+03 2.053264e+03 
1.975758e-01 1.974711e+03 1.960279e+03 
2.026162e-01 1.910361e+03 1.873092e+03 
2.076566e-01 1.832520e+03 1.791248e+03 
2.126970e-01 1.743486e+03 1.714335e+03 
2.177374e-01 1.648665e+03 1.641977e+03 
2.227778e-01 1.554537e+03 1.573834e+03 
2.278182e-01 1.467113e+03 1.509597e+03 
2.328586e-01 1.390821e+03 1.448982e+03 
2.378990e-01 1.327776e+03 1.391731e+03 
2.429394e-01 1.277732e+03 1.337608e+03 
2.479798e-01 1.238566e+03 1.286397e+03 
2.530202e-01 1.206848e+03 1.237899e+03 
2.580606e-01 1.178530e+03 1.191932e+03 
2.631010e-01 1.149792e+03 1.148330e+03 
2.681414e-01 1.117979e+03 1.106937e+03 
2.731818e-01 1.082087e+03 1.067613e+03 
2.782222e-01 1.042533e+03 1.030225e+03 
2.832626e-01 1.000675e+03 9.946523e+02 
2.883030e-01 9.583954e+02 9.607839e+02 
2.933434e-01 9.177717e+02 9.285157e+02 
2.983838e-01 8.806319e+02 8.977516e+02 
3.034242e-01 8.480691e+02 8.684026e+02 
3.084646e-01 8.202578e+02 8.403860e+02 
3.135051e-01 7.966250e+02 8.136247e+02 
3.185455e-01 7.761660e+02 7.880474e+02 
3.235859e-01 7.576657e+02 7.635873e+02 
3.286263e-01 7.398361e+02 7.401824e+02 
3.336667e-01 7.216101e+02 7.177747e+02 
3.387071e-01 7.023546e+02 6.963102e+02 
3.437475e-01 6.819702e+02 6.757382e+02 
3.487879e-01 6.607887e+02 6.560116e+02 
3.538283e-01 6.393840e+02 6.370861e+02 
3.588687e-01 6.184130e+02 6.189201e+02 
3.639091e-01 5.985015e+02 6.014750e+02 
3.689495e-01 5.801221e+02 5.847141e+02 
3.739899e-01 5.634875e+02 5.686034e+02 
3.790303e-01 5.485388e+02 5.531105e+02 
3.840707e-01 5.350135e+02 5.382054e+02 
3.891111e-01 5.225461e+02 5.238595e+02 
3.941515e-01 5.107048e+02 5.100462e+02 
3.991919e-01 4.991069e+02 4.967401e+02 
4.042323e-01 4.874285e+02 4.839175e+02 
4.092727e-01 4.755334e+02 4.715559e+02 
4.143131e-01 4.634603e+02 4.596343e+02 
4.193535e-01 4.513545e+02 4.481326e+02 
4.243939e-01 4.394053e+02 4.370319e+02 
4.294343e-01 4.277994e+02 4.263144e+02 
4.344747e-01 4.167178e+02 4.159631e+02 
4.395152e-01 4.062956e+02 4.059621e+02 
4.445556e-01 3.965824e+02 3.962963e+02 
4.495960e-01 3.875283e+02 3.869513e+02 
4.546364e-01 3.790060e+02 3.779134e+02 
4.596768e-01 3.708808e+02 3.691698e+02 
4.647172e-01 3.630378e+02 3.607082e+02 
4.697576e-01 3.553602e+02 3.525170e+02 
4.747980e-01 3.477487e+02 3.445852e+02 
4.798384e-01 3.401573e+02 3.369022e+02 
4.848788e-01 3.326065e+02 3.294581e+02 
4.899192e-01 3.251604e+02 3.222433e+02 
4.949596e-01 3.178845e+02 3.152489e+02 
5.000000e-01 3.108248e+02 3.084662e+02 
