1.000000e-03 2.086884e+03 2.086882e+03 
6.040404e-03 9.542610e+03 9.612584e+03 
1.108081e-02 1.325088e+04 1.325166e+04 
1.612121e-02 1.476092e+04 1.464417e+04 
2.116162e-02 1.500092e+04 1.480369e+04 
2.620202e-02 1.454671e+04 1.437079e+04 
3.124242e-02 1.376553e+04 1.368464e+04 
3.628283e-02 1.287951e+04 1.290012e+04 
4.132323e-02 1.200611e+04 1.209163e+04 
4.636364e-02 1.118283e+04 1.129779e+04 
5.140404e-02 1.044336e+04 1.053887e+04 
5.644444e-02 9.742357e+03 9.824787e+03 
6.148485e-02 9.080405e+03 9.159475e+03 
6.652525e-02 8.456238e+03 8.543383e+03 
7.156566e-02 7.863487e+03 7.974993e+03 
7.660606e-02 7.307913e+03 7.451735e+03 
8.164646e-02 6.802745e+03 6.970540e+03 
8.668687e-02 6.353448e+03 6.528172e+03 
9.172727e-02 5.953259e+03 6.121421e+03 
9.676768e-02 5.593218e+03 5.747212e+03 
1.018081e-01 5.268142e+03 5.402663e+03 
1.068485e-01 4.972465e+03 5.085110e+03 
1.118889e-01 4.697234e+03 4.792113e+03 
1.169293e-01 4.434659e+03 4.521452e+03 
1.219697e-01 4.183733e+03 4.271112e+03 
1.270101e-01 3.947591e+03 4.039275e+03 
1.320505e-01 3.728996e+03 3.824297e+03 
1.370909e-01 3.528938e+03 3.624695e+03 
1.421313e-01 3.346404e+03 3.439133e+03 
1.471717e-01 3.179387e+03 3.266405e+03 
1.522121e-01 3.025804e+03 3.105423e+03 
1.572525e-01 2.883760e+03 2.955206e+03 
1.622929e-01 2.751430e+03 2.814865e+03 
1.673333e-01 2.626630e+03 2.683598e+03 
1.723737e-01 2.507882e+03 2.560678e+03 
1.774141e-01 2.394960e+03 2.445446e+03 
1.824545e-01 2.288609e+03 2.337304e+03 
1.874949e-01 2.188814e+03 2.235707e+03 
1.925354e-01 2.095132e+03 2.140162e+03 
1.975758e-01 2.007275e+03 2.050218e+03 
2.026162e-01 1.925290e+03 1.965464e+03 
2.076566e-01 1.848659e+03 1.885525e+03 
2.126970e-01 1.776464e+03 1.810058e+03 
2.177374e-01 1.707951e+03 1.738749e+03 
2.227778e-01 1.642865e+03 1.671309e+03 
2.278182e-01 1.581091e+03 1.607476e+03 
2.328586e-01 1.522436e+03 1.547005e+03 
2.378990e-01 1.466606e+03 1.489674e+03 
2.429394e-01 1.413545e+03 1.435277e+03 
2.479798e-01 1.363254e+03 1.383625e+03 
2.530202e-01 1.315610e+03 1.334542e+03 
2.580606e-01 1.270337e+03 1.287868e+03 
2.631010e-01 1.227244e+03 1.243454e+03 
2.681414e-01 1.186226e+03 1.201160e+03 
2.731818e-01 1.147184e+03 1.160858e+03 
2.782222e-01 1.109912e+03 1.122430e+03 
2.832626e-01 1.074248e+03 1.085766e+03 
2.883030e-01 1.040118e+03 1.050763e+03 
2.933434e-01 1.007497e+03 1.017325e+03 
2.983838e-01 9.763335e+02 9.853633e+02 
3.034242e-01 9.465373e+02 9.547960e+02 
3.084646e-01 9.179982e+02 9.255454e+02 
3.135051e-01 8.906412e+02 8.975396e+02 
3.185455e-01 8.644381e+02 8.707113e+02 
3.235859e-01 8.393436e+02 8.449975e+02 
3.286263e-01 8.152669e+02 8.203395e+02 
3.336667e-01 7.921298e+02 7.966821e+02 
3.387071e-01 7.698872e+02 7.739736e+02 
3.437475e-01 7.485167e+02 7.521657e+02 
3.487879e-01 7.279936e+02 7.312129e+02 
3.538283e-01 7.082581e+02 7.110725e+02 
3.588687e-01 6.892525e+02 6.917044e+02 
3.639091e-01 6.709450e+02 6.730709e+02 
3.689495e-01 6.533313e+02 6.551365e+02 
3.739899e-01 6.363834e+02 6.378677e+02 
3.790303e-01 6.200485e+02 6.212332e+02 
3.840707e-01 6.042742e+02 6.052031e+02 
3.891111e-01 5.890550e+02 5.897496e+02 
3.941515e-01 5.743850e+02 5.748461e+02 
3.991919e-01 5.602385e+02 5.604677e+02 
4.042323e-01 5.465725e+02 5.465907e+02 
4.092727e-01 5.333562e+02 5.331929e+02 
4.143131e-01 5.205839e+02 5.202532e+02 
4.193535e-01 5.082538e+02 5.077514e+02 
4.243939e-01 4.963390e+02 4.956688e+02 
4.294343e-01 4.848097e+02 4.839874e+02 
4.344747e-01 4.736448e+02 4.726902e+02 
4.395152e-01 4.628368e+02 4.617609e+02 
4.445556e-01 4.523862e+02 4.511844e+02 
4.495960e-01 4.422701e+02 4.409460e+02 
4.546364e-01 4.324628e+02 4.310320e+02 
4.596768e-01 4.229526e+02 4.214292e+02 
4.647172e-01 4.137382e+02 4.121251e+02 
4.697576e-01 4.048128e+02 4.031078e+02 
4.747980e-01 3.961589e+02 3.943661e+02 
4.798384e-01 3.877531e+02 3.858892e+02 
4.848788e-01 3.795925e+02 3.776667e+02 
4.899192e-01 3.716770e+02 3.696890e+02 
4.949596e-01 3.639992e+02 3.619467e+02 
5.000000e-01 3.565425e+02 3.544310e+02 
