1.000000e-03 3.095199e+03 3.095196e+03 
6.040404e-03 1.375907e+04 1.385981e+04 
1.108081e-02 1.881106e+04 1.889054e+04 
1.612121e-02 2.047661e+04 2.048373e+04 
2.116162e-02 2.012187e+04 1.999276e+04 
2.620202e-02 1.869525e+04 1.858195e+04 
3.124242e-02 1.687058e+04 1.700832e+04 
3.628283e-02 1.508102e+04 1.553654e+04 
4.132323e-02 1.355096e+04 1.421132e+04 
4.636364e-02 1.234068e+04 1.302368e+04 
5.140404e-02 1.142482e+04 1.195791e+04 
5.644444e-02 1.070622e+04 1.099985e+04 
6.148485e-02 1.008422e+04 1.013740e+04 
6.652525e-02 9.480833e+03 9.360037e+03 
7.156566e-02 8.841908e+03 8.658422e+03 
7.660606e-02 8.157344e+03 8.024263e+03 
8.164646e-02 7.456989e+03 7.450171e+03 
8.668687e-02 6.786427e+03 6.929583e+03 
9.172727e-02 6.182876e+03 6.456682e+03 
9.676768e-02 5.669432e+03 6.026320e+03 
1.018081e-01 5.256804e+03 5.633948e+03 
1.068485e-01 4.939994e+03 5.275554e+03 
1.118889e-01 4.696520e+03 4.947592e+03 
1.169293e-01 4.494163e+03 4.646934e+03 
1.219697e-01 4.303352e+03 4.370814e+03 
1.270101e-01 4.104948e+03 4.116787e+03 
1.320505e-01 3.890784e+03 3.882685e+03 
1.370909e-01 3.661770e+03 3.666587e+03 
1.421313e-01 3.426424e+03 3.466787e+03 
1.471717e-01 3.197245e+03 3.281764e+03 
1.522121e-01 2.986217e+03 3.110166e+03 
1.572525e-01 2.802109e+03 2.950784e+03 
1.622929e-01 2.648879e+03 2.802536e+03 
1.673333e-01 2.524946e+03 2.664455e+03 
1.723737e-01 2.423814e+03 2.535670e+03 
1.774141e-01 2.336619e+03 2.415400e+03 
1.824545e-01 2.255081e+03 2.302942e+03 
1.874949e-01 2.172993e+03 2.197660e+03 
1.925354e-01 2.086560e+03 2.098981e+03 
1.975758e-01 1.994709e+03 2.006384e+03 
2.026162e-01 1.899563e+03 1.919400e+03 
2.076566e-01 1.805238e+03 1.837601e+03 
2.126970e-01 1.715907e+03 1.760598e+03 
2.177374e-01 1.634424e+03 1.688038e+03 
2.227778e-01 1.562330e+03 1.619597e+03 
2.278182e-01 1.499913e+03 1.554981e+03 
2.328586e-01 1.446028e+03 1.493921e+03 
2.378990e-01 1.398343e+03 1.436169e+03 
2.429394e-01 1.354210e+03 1.381499e+03 
2.479798e-01 1.311466e+03 1.329703e+03 
2.530202e-01 1.268613e+03 1.280591e+03 
2.580606e-01 1.224827e+03 1.233986e+03 
2.631010e-01 1.180075e+03 1.189727e+03 
2.681414e-01 1.135273e+03 1.147664e+03 
2.731818e-01 1.091780e+03 1.107659e+03 
2.782222e-01 1.050753e+03 1.069584e+03 
2.832626e-01 1.012811e+03 1.033323e+03 
2.883030e-01 9.781118e+02 9.987642e+02 
2.933434e-01 9.465700e+02 9.658073e+02 
2.983838e-01 9.178373e+02 9.343579e+02 
3.034242e-01 8.912179e+02 9.043285e+02 
3.084646e-01 8.658659e+02 8.756378e+02 
3.135051e-01 8.410872e+02 8.482098e+02 
3.185455e-01 8.165496e+02 8.219740e+02 
3.235859e-01 7.921825e+02 7.968646e+02 
3.286263e-01 7.680827e+02 7.728201e+02 
3.336667e-01 7.444392e+02 7.497831e+02 
3.387071e-01 7.215324e+02 7.276999e+02 
3.437475e-01 6.996847e+02 7.065202e+02 
3.487879e-01 6.791260e+02 6.861970e+02 
3.538283e-01 6.598972e+02 6.666863e+02 
3.588687e-01 6.418576e+02 6.479467e+02 
3.639091e-01 6.247971e+02 6.299393e+02 
3.689495e-01 6.085450e+02 6.126278e+02 
3.739899e-01 5.929197e+02 5.959779e+02 
3.790303e-01 5.777535e+02 5.799573e+02 
3.840707e-01 5.628958e+02 5.645359e+02 
3.891111e-01 5.483111e+02 5.496849e+02 
3.941515e-01 5.340384e+02 5.353775e+02 
3.991919e-01 5.201645e+02 5.215884e+02 
4.042323e-01 5.067565e+02 5.082936e+02 
4.092727e-01 4.938572e+02 4.954704e+02 
4.143131e-01 4.815071e+02 4.830976e+02 
4.193535e-01 4.697154e+02 4.711550e+02 
4.243939e-01 4.584541e+02 4.596235e+02 
4.294343e-01 4.476570e+02 4.484849e+02 
4.344747e-01 4.372529e+02 4.377223e+02 
4.395152e-01 4.271764e+02 4.273195e+02 
4.445556e-01 4.173902e+02 4.172610e+02 
4.495960e-01 4.078617e+02 4.075323e+02 
4.546364e-01 3.985735e+02 3.981196e+02 
4.596768e-01 3.895234e+02 3.890098e+02 
4.647172e-01 3.807192e+02 3.801905e+02 
4.697576e-01 3.721817e+02 3.716498e+02 
4.747980e-01 3.639302e+02 3.633764e+02 
4.798384e-01 3.559619e+02 3.553597e+02 
4.848788e-01 3.482632e+02 3.475895e+02 
4.899192e-01 3.408253e+02 3.400561e+02 
4.949596e-01 3.336358e+02 3.327503e+02 
5.000000e-01 3.266737e+02 3.256632e+02 
