1.000000e-03 6.380719e+03 6.380714e+03 
6.040404e-03 2.880573e+04 2.904510e+04 
1.108081e-02 3.914361e+04 3.959408e+04 
1.612121e-02 4.171416e+04 4.240437e+04 
2.116162e-02 3.939870e+04 3.968916e+04 
2.620202e-02 3.444100e+04 3.403796e+04 
3.124242e-02 2.860739e+04 2.820665e+04 
3.628283e-02 2.311558e+04 2.347393e+04 
4.132323e-02 1.862239e+04 1.989536e+04 
4.636364e-02 1.530895e+04 1.717743e+04 
5.140404e-02 1.312369e+04 1.505336e+04 
5.644444e-02 1.181401e+04 1.334229e+04 
6.148485e-02 1.110478e+04 1.192865e+04 
6.652525e-02 1.072581e+04 1.073780e+04 
7.156566e-02 1.044152e+04 9.719698e+03 
7.660606e-02 1.006671e+04 8.839363e+03 
8.164646e-02 9.488987e+03 8.071324e+03 
8.668687e-02 8.689050e+03 7.396389e+03 
9.172727e-02 7.729270e+03 6.799678e+03 
9.676768e-02 6.717944e+03 6.269390e+03 
1.018081e-01 5.770247e+03 5.795994e+03 
1.068485e-01 4.974370e+03 5.371677e+03 
1.118889e-01 4.374590e+03 4.989961e+03 
1.169293e-01 3.973506e+03 4.645421e+03 
1.219697e-01 3.745797e+03 4.333479e+03 
1.270101e-01 3.649656e+03 4.050240e+03 
1.320505e-01 3.633608e+03 3.792374e+03 
1.370909e-01 3.642202e+03 3.557017e+03 
1.421313e-01 3.625187e+03 3.341696e+03 
1.471717e-01 3.546738e+03 3.144263e+03 
1.522121e-01 3.390396e+03 2.962846e+03 
1.572525e-01 3.160498e+03 2.795810e+03 
1.622929e-01 2.880380e+03 2.641720e+03 
1.673333e-01 2.585400e+03 2.499311e+03 
1.723737e-01 2.310766e+03 2.367467e+03 
1.774141e-01 2.081093e+03 2.245200e+03 
1.824545e-01 1.907887e+03 2.131633e+03 
1.874949e-01 1.792499e+03 2.025984e+03 
1.925354e-01 1.729174e+03 1.927557e+03 
1.975758e-01 1.706166e+03 1.835728e+03 
2.026162e-01 1.706773e+03 1.749939e+03 
2.076566e-01 1.712357e+03 1.669686e+03 
2.126970e-01 1.706467e+03 1.594520e+03 
2.177374e-01 1.677794e+03 1.524031e+03 
2.227778e-01 1.621394e+03 1.457851e+03 
2.278182e-01 1.538843e+03 1.395647e+03 
2.328586e-01 1.437618e+03 1.337116e+03 
2.378990e-01 1.328968e+03 1.281983e+03 
2.429394e-01 1.224575e+03 1.229999e+03 
2.479798e-01 1.133729e+03 1.180935e+03 
2.530202e-01 1.061978e+03 1.134583e+03 
2.580606e-01 1.011137e+03 1.090753e+03 
2.631010e-01 9.797760e+02 1.049271e+03 
2.681414e-01 9.638030e+02 1.009977e+03 
2.731818e-01 9.574215e+02 9.727245e+02 
2.782222e-01 9.542002e+02 9.373786e+02 
2.832626e-01 9.481464e+02 9.038155e+02 
2.883030e-01 9.346907e+02 8.719207e+02 
2.933434e-01 9.113215e+02 8.415889e+02 
2.983838e-01 8.779577e+02 8.127226e+02 
3.034242e-01 8.367614e+02 7.852317e+02 
3.084646e-01 7.914472e+02 7.590328e+02 
3.135051e-01 7.462273e+02 7.340487e+02 
3.185455e-01 7.048340e+02 7.102076e+02 
3.235859e-01 6.698480e+02 6.874429e+02 
3.286263e-01 6.425377e+02 6.656927e+02 
3.336667e-01 6.229095e+02 6.448994e+02 
3.387071e-01 6.098924e+02 6.250094e+02 
3.437475e-01 6.015525e+02 6.059726e+02 
3.487879e-01 5.954831e+02 5.877425e+02 
3.538283e-01 5.892745e+02 5.702753e+02 
3.588687e-01 5.809987e+02 5.535305e+02 
3.639091e-01 5.694552e+02 5.374698e+02 
3.689495e-01 5.542579e+02 5.220577e+02 
3.739899e-01 5.358053e+02 5.072607e+02 
3.790303e-01 5.151443e+02 4.930475e+02 
3.840707e-01 4.937541e+02 4.793887e+02 
3.891111e-01 4.731655e+02 4.662566e+02 
3.941515e-01 4.546056e+02 4.536255e+02 
3.991919e-01 4.388257e+02 4.414708e+02 
4.042323e-01 4.260849e+02 4.297695e+02 
4.092727e-01 4.162001e+02 4.185002e+02 
4.143131e-01 4.086179e+02 4.076425e+02 
4.193535e-01 4.025019e+02 3.971771e+02 
4.243939e-01 3.969168e+02 3.870859e+02 
4.294343e-01 3.910304e+02 3.773518e+02 
4.344747e-01 3.842270e+02 3.679587e+02 
4.395152e-01 3.761675e+02 3.588913e+02 
4.445556e-01 3.668111e+02 3.501352e+02 
4.495960e-01 3.564246e+02 3.416767e+02 
4.546364e-01 3.454825e+02 3.335028e+02 
4.596768e-01 3.345478e+02 3.256014e+02 
4.647172e-01 3.241483e+02 3.179609e+02 
4.697576e-01 3.146815e+02 3.105701e+02 
4.747980e-01 3.063843e+02 3.034187e+02 
4.798384e-01 2.993142e+02 2.964968e+02 
4.848788e-01 2.933467e+02 2.897949e+02 
4.899192e-01 2.882138e+02 2.833041e+02 
4.949596e-01 2.835797e+02 2.770158e+02 
5.000000e-01 2.790933e+02 2.709221e+02 
