1.000000e-03 4.338434e+03 4.338431e+03 
6.040404e-03 1.917958e+04 1.932706e+04 
1.108081e-02 2.580951e+04 2.598539e+04 
1.612121e-02 2.751227e+04 2.765718e+04 
2.116162e-02 2.631166e+04 2.622126e+04 
2.620202e-02 2.364187e+04 2.347843e+04 
3.124242e-02 2.053528e+04 2.071811e+04 
3.628283e-02 1.764847e+04 1.835582e+04 
4.132323e-02 1.530558e+04 1.638871e+04 
4.636364e-02 1.356396e+04 1.473301e+04 
5.140404e-02 1.237911e+04 1.331727e+04 
5.644444e-02 1.156568e+04 1.209108e+04 
6.148485e-02 1.095111e+04 1.101902e+04 
6.652525e-02 1.037773e+04 1.007516e+04 
7.156566e-02 9.745339e+03 9.239665e+03 
7.660606e-02 9.009301e+03 8.496788e+03 
8.164646e-02 8.187374e+03 7.833723e+03 
8.668687e-02 7.341520e+03 7.239859e+03 
9.172727e-02 6.544033e+03 6.706293e+03 
9.676768e-02 5.854297e+03 6.225490e+03 
1.018081e-01 5.307509e+03 5.791030e+03 
1.068485e-01 4.908692e+03 5.397412e+03 
1.118889e-01 4.635679e+03 5.039902e+03 
1.169293e-01 4.450222e+03 4.714409e+03 
1.219697e-01 4.308790e+03 4.417388e+03 
1.270101e-01 4.171083e+03 4.145753e+03 
1.320505e-01 4.007198e+03 3.896813e+03 
1.370909e-01 3.803663e+03 3.668212e+03 
1.421313e-01 3.564379e+03 3.457882e+03 
1.471717e-01 3.304521e+03 3.264004e+03 
1.522121e-01 3.043981e+03 3.084973e+03 
1.572525e-01 2.803198e+03 2.919368e+03 
1.622929e-01 2.598967e+03 2.765930e+03 
1.673333e-01 2.439365e+03 2.623541e+03 
1.723737e-01 2.321893e+03 2.491203e+03 
1.774141e-01 2.236999e+03 2.368027e+03 
1.824545e-01 2.172778e+03 2.253216e+03 
1.874949e-01 2.117328e+03 2.146057e+03 
1.925354e-01 2.059415e+03 2.045908e+03 
1.975758e-01 1.990354e+03 1.952192e+03 
2.026162e-01 1.906965e+03 1.864390e+03 
2.076566e-01 1.812033e+03 1.782030e+03 
2.126970e-01 1.711731e+03 1.704687e+03 
2.177374e-01 1.612767e+03 1.631976e+03 
2.227778e-01 1.521100e+03 1.563546e+03 
2.278182e-01 1.441350e+03 1.499080e+03 
2.328586e-01 1.375764e+03 1.438286e+03 
2.378990e-01 1.323858e+03 1.380901e+03 
2.429394e-01 1.282862e+03 1.326682e+03 
2.479798e-01 1.248854e+03 1.275409e+03 
2.530202e-01 1.217640e+03 1.226878e+03 
2.580606e-01 1.185559e+03 1.180905e+03 
2.631010e-01 1.150117e+03 1.137318e+03 
2.681414e-01 1.110540e+03 1.095960e+03 
2.731818e-01 1.067612e+03 1.056686e+03 
2.782222e-01 1.023098e+03 1.019364e+03 
2.832626e-01 9.791445e+02 9.838698e+02 
2.883030e-01 9.377388e+02 9.500903e+02 
2.933434e-01 9.003942e+02 9.179201e+02 
2.983838e-01 8.679124e+02 8.872618e+02 
3.034242e-01 8.402295e+02 8.580252e+02 
3.084646e-01 8.165165e+02 8.301263e+02 
3.135051e-01 7.954558e+02 8.034874e+02 
3.185455e-01 7.756981e+02 7.780361e+02 
3.235859e-01 7.561056e+02 7.537051e+02 
3.286263e-01 7.358911e+02 7.304315e+02 
3.336667e-01 7.146551e+02 7.081569e+02 
3.387071e-01 6.924701e+02 6.868267e+02 
3.437475e-01 6.698874e+02 6.663899e+02 
3.487879e-01 6.476290e+02 6.467988e+02 
3.538283e-01 6.263726e+02 6.280089e+02 
3.588687e-01 6.065589e+02 6.099783e+02 
3.639091e-01 5.884311e+02 5.926680e+02 
3.689495e-01 5.720421e+02 5.760413e+02 
3.739899e-01 5.572270e+02 5.600638e+02 
3.790303e-01 5.436092e+02 5.447031e+02 
3.840707e-01 5.307084e+02 5.299289e+02 
3.891111e-01 5.181233e+02 5.157126e+02 
3.941515e-01 5.055792e+02 5.020273e+02 
3.991919e-01 4.929250e+02 4.888477e+02 
4.042323e-01 4.801537e+02 4.761500e+02 
4.092727e-01 4.673670e+02 4.639116e+02 
4.143131e-01 4.547617e+02 4.521114e+02 
4.193535e-01 4.425583e+02 4.407294e+02 
4.243939e-01 4.309277e+02 4.297465e+02 
4.294343e-01 4.199568e+02 4.191449e+02 
4.344747e-01 4.096748e+02 4.089077e+02 
4.395152e-01 4.000597e+02 3.990190e+02 
4.445556e-01 3.909910e+02 3.894634e+02 
4.495960e-01 3.823375e+02 3.802268e+02 
4.546364e-01 3.739519e+02 3.712955e+02 
4.596768e-01 3.657302e+02 3.626566e+02 
4.647172e-01 3.576137e+02 3.542978e+02 
4.697576e-01 3.495767e+02 3.462076e+02 
4.747980e-01 3.416183e+02 3.383749e+02 
4.798384e-01 3.337930e+02 3.307892e+02 
4.848788e-01 3.261779e+02 3.234406e+02 
4.899192e-01 3.188243e+02 3.163196e+02 
4.949596e-01 3.117633e+02 3.094172e+02 
5.000000e-01 3.050001e+02 3.027248e+02 
