1.000000e-03 4.754500e+03 4.754496e+03 
6.040404e-03 2.045471e+04 2.061117e+04 
1.108081e-02 2.727349e+04 2.746398e+04 
1.612121e-02 2.889353e+04 2.905491e+04 
2.116162e-02 2.748878e+04 2.739774e+04 
2.620202e-02 2.457970e+04 2.440580e+04 
3.124242e-02 2.125115e+04 2.143863e+04 
3.628283e-02 1.818525e+04 1.892227e+04 
4.132323e-02 1.571223e+04 1.684165e+04 
4.636364e-02 1.388325e+04 1.510051e+04 
5.140404e-02 1.264562e+04 1.361877e+04 
5.644444e-02 1.179891e+04 1.234048e+04 
6.148485e-02 1.116354e+04 1.122658e+04 
6.652525e-02 1.057276e+04 1.024869e+04 
7.156566e-02 9.920390e+03 9.385220e+03 
7.660606e-02 9.160235e+03 8.619158e+03 
8.164646e-02 8.311759e+03 7.936746e+03 
8.668687e-02 7.439238e+03 7.326640e+03 
9.172727e-02 6.617356e+03 6.779370e+03 
9.676768e-02 5.907821e+03 6.286954e+03 
1.018081e-01 5.346907e+03 5.842613e+03 
1.068485e-01 4.939453e+03 5.440558e+03 
1.118889e-01 4.662142e+03 5.075821e+03 
1.169293e-01 4.475056e+03 4.744122e+03 
1.219697e-01 4.333237e+03 4.441758e+03 
1.270101e-01 4.195371e+03 4.165512e+03 
1.320505e-01 4.030370e+03 3.912586e+03 
1.370909e-01 3.824108e+03 3.680533e+03 
1.421313e-01 3.580708e+03 3.467209e+03 
1.471717e-01 3.315679e+03 3.270732e+03 
1.522121e-01 3.049910e+03 3.089442e+03 
1.572525e-01 2.804485e+03 2.921873e+03 
1.622929e-01 2.596948e+03 2.766727e+03 
1.673333e-01 2.435336e+03 2.622851e+03 
1.723737e-01 2.316948e+03 2.489220e+03 
1.774141e-01 2.232002e+03 2.364920e+03 
1.824545e-01 2.168407e+03 2.249132e+03 
1.874949e-01 2.113756e+03 2.141126e+03 
1.925354e-01 2.056274e+03 2.040243e+03 
1.975758e-01 1.987132e+03 1.945893e+03 
2.026162e-01 1.903180e+03 1.857543e+03 
2.076566e-01 1.807232e+03 1.774713e+03 
2.126970e-01 1.705599e+03 1.696969e+03 
2.177374e-01 1.605248e+03 1.623916e+03 
2.227778e-01 1.512450e+03 1.555198e+03 
2.278182e-01 1.431931e+03 1.490489e+03 
2.328586e-01 1.365972e+03 1.429495e+03 
2.378990e-01 1.314085e+03 1.371946e+03 
2.429394e-01 1.273427e+03 1.317595e+03 
2.479798e-01 1.239908e+03 1.266219e+03 
2.530202e-01 1.209177e+03 1.217611e+03 
2.580606e-01 1.177419e+03 1.171583e+03 
2.631010e-01 1.142131e+03 1.127960e+03 
2.681414e-01 1.102508e+03 1.086584e+03 
2.731818e-01 1.059358e+03 1.047309e+03 
2.782222e-01 1.014490e+03 1.009998e+03 
2.832626e-01 9.701557e+02 9.745273e+02 
2.883030e-01 9.284341e+02 9.407819e+02 
2.933434e-01 8.909332e+02 9.086552e+02 
2.983838e-01 8.584370e+02 8.780486e+02 
3.034242e-01 8.308837e+02 8.488708e+02 
3.084646e-01 8.073748e+02 8.210371e+02 
3.135051e-01 7.866047e+02 7.944687e+02 
3.185455e-01 7.671466e+02 7.690927e+02 
3.235859e-01 7.478014e+02 7.448409e+02 
3.286263e-01 7.277349e+02 7.216501e+02 
3.336667e-01 7.065624e+02 6.994612e+02 
3.387071e-01 6.843902e+02 6.782192e+02 
3.437475e-01 6.617665e+02 6.578726e+02 
3.487879e-01 6.394485e+02 6.383734e+02 
3.538283e-01 6.181363e+02 6.196767e+02 
3.588687e-01 5.983267e+02 6.017405e+02 
3.639091e-01 5.802544e+02 5.845253e+02 
3.689495e-01 5.639661e+02 5.679943e+02 
3.739899e-01 5.492985e+02 5.521127e+02 
3.790303e-01 5.358512e+02 5.368481e+02 
3.840707e-01 5.231366e+02 5.221700e+02 
3.891111e-01 5.107095e+02 5.080496e+02 
3.941515e-01 4.982965e+02 4.944600e+02 
3.991919e-01 4.857370e+02 4.813756e+02 
4.042323e-01 4.730349e+02 4.687725e+02 
4.092727e-01 4.602897e+02 4.566282e+02 
4.143131e-01 4.477226e+02 4.449213e+02 
4.193535e-01 4.355505e+02 4.336318e+02 
4.243939e-01 4.239661e+02 4.227406e+02 
4.294343e-01 4.130641e+02 4.122299e+02 
4.344747e-01 4.028751e+02 4.020826e+02 
4.395152e-01 3.933505e+02 3.922827e+02 
4.445556e-01 3.843973e+02 3.828151e+02 
4.495960e-01 3.758620e+02 3.736654e+02 
4.546364e-01 3.675919e+02 3.648198e+02 
4.596768e-01 3.594706e+02 3.562656e+02 
4.647172e-01 3.514406e+02 3.479905e+02 
4.697576e-01 3.434773e+02 3.399828e+02 
4.747980e-01 3.355847e+02 3.322315e+02 
4.798384e-01 3.278238e+02 3.247261e+02 
4.848788e-01 3.202620e+02 3.174566e+02 
4.899192e-01 3.129615e+02 3.104136e+02 
4.949596e-01 3.059649e+02 3.035881e+02 
5.000000e-01 2.992717e+02 2.969714e+02 
