1.000000e-03 3.807953e+03 3.807950e+03 
6.040404e-03 1.697172e+04 1.710339e+04 
1.108081e-02 2.312901e+04 2.329303e+04 
1.612121e-02 2.496088e+04 2.511659e+04 
2.116162e-02 2.415646e+04 2.410731e+04 
2.620202e-02 2.194185e+04 2.177371e+04 
3.124242e-02 1.922713e+04 1.930863e+04 
3.628283e-02 1.661777e+04 1.716020e+04 
4.132323e-02 1.443815e+04 1.536053e+04 
4.636364e-02 1.277557e+04 1.384257e+04 
5.140404e-02 1.161606e+04 1.254253e+04 
5.644444e-02 1.081904e+04 1.141432e+04 
6.148485e-02 1.023621e+04 1.042558e+04 
6.652525e-02 9.731989e+03 9.552811e+03 
7.156566e-02 9.196403e+03 8.778152e+03 
7.660606e-02 8.572769e+03 8.087519e+03 
8.164646e-02 7.861071e+03 7.469478e+03 
8.668687e-02 7.105487e+03 6.914553e+03 
9.172727e-02 6.365341e+03 6.414788e+03 
9.676768e-02 5.696184e+03 5.963431e+03 
1.018081e-01 5.139389e+03 5.554714e+03 
1.068485e-01 4.714261e+03 5.183679e+03 
1.118889e-01 4.413569e+03 4.846047e+03 
1.169293e-01 4.209406e+03 4.538109e+03 
1.219697e-01 4.064883e+03 4.256639e+03 
1.270101e-01 3.943492e+03 3.998821e+03 
1.320505e-01 3.814390e+03 3.762194e+03 
1.370909e-01 3.656487e+03 3.544595e+03 
1.421313e-01 3.462486e+03 3.344123e+03 
1.471717e-01 3.238910e+03 3.159100e+03 
1.522121e-01 3.001266e+03 2.988043e+03 
1.572525e-01 2.768183e+03 2.829636e+03 
1.622929e-01 2.557014e+03 2.682711e+03 
1.673333e-01 2.380300e+03 2.546226e+03 
1.723737e-01 2.243040e+03 2.419253e+03 
1.774141e-01 2.142290e+03 2.300962e+03 
1.824545e-01 2.069585e+03 2.190607e+03 
1.874949e-01 2.014235e+03 2.087520e+03 
1.925354e-01 1.965338e+03 1.991101e+03 
1.975758e-01 1.913064e+03 1.900806e+03 
2.026162e-01 1.850386e+03 1.816146e+03 
2.076566e-01 1.774941e+03 1.736679e+03 
2.126970e-01 1.688920e+03 1.662002e+03 
2.177374e-01 1.597405e+03 1.591752e+03 
2.227778e-01 1.506543e+03 1.525599e+03 
2.278182e-01 1.422093e+03 1.463239e+03 
2.328586e-01 1.348307e+03 1.404399e+03 
2.378990e-01 1.287183e+03 1.348827e+03 
2.429394e-01 1.238480e+03 1.296295e+03 
2.479798e-01 1.200190e+03 1.246590e+03 
2.530202e-01 1.169085e+03 1.199522e+03 
2.580606e-01 1.141322e+03 1.154913e+03 
2.631010e-01 1.113243e+03 1.112600e+03 
2.681414e-01 1.082290e+03 1.072434e+03 
2.731818e-01 1.047486e+03 1.034276e+03 
2.782222e-01 1.009234e+03 9.979992e+02 
2.832626e-01 9.688290e+02 9.634858e+02 
2.883030e-01 9.280358e+02 9.306271e+02 
2.933434e-01 8.888028e+02 8.993224e+02 
2.983838e-01 8.528853e+02 8.694783e+02 
3.034242e-01 8.213354e+02 8.410083e+02 
3.084646e-01 7.943431e+02 8.138320e+02 
3.135051e-01 7.713454e+02 7.878747e+02 
3.185455e-01 7.513900e+02 7.630669e+02 
3.235859e-01 7.333193e+02 7.393438e+02 
3.286263e-01 7.159361e+02 7.166451e+02 
3.336667e-01 6.982198e+02 6.949145e+02 
3.387071e-01 6.795517e+02 6.740996e+02 
3.437475e-01 6.598230e+02 6.541511e+02 
3.487879e-01 6.393490e+02 6.350232e+02 
3.538283e-01 6.186775e+02 6.166728e+02 
3.588687e-01 5.984274e+02 5.990598e+02 
3.639091e-01 5.791834e+02 5.821463e+02 
3.689495e-01 5.613897e+02 5.658970e+02 
3.739899e-01 5.452610e+02 5.502785e+02 
3.790303e-01 5.307552e+02 5.352598e+02 
3.840707e-01 5.176207e+02 5.208114e+02 
3.891111e-01 5.054833e+02 5.069058e+02 
3.941515e-01 4.939705e+02 4.935168e+02 
3.991919e-01 4.826964e+02 4.806201e+02 
4.042323e-01 4.713754e+02 4.681925e+02 
4.092727e-01 4.598651e+02 4.562123e+02 
4.143131e-01 4.481812e+02 4.446588e+02 
4.193535e-01 4.364718e+02 4.335128e+02 
4.243939e-01 4.249234e+02 4.227558e+02 
4.294343e-01 4.137107e+02 4.123706e+02 
4.344747e-01 4.029958e+02 4.023406e+02 
4.395152e-01 3.929010e+02 3.926505e+02 
4.445556e-01 3.834866e+02 3.832854e+02 
4.495960e-01 3.747083e+02 3.742315e+02 
4.546364e-01 3.664393e+02 3.654756e+02 
4.596768e-01 3.585606e+02 3.570050e+02 
4.647172e-01 3.509441e+02 3.488080e+02 
4.697576e-01 3.434978e+02 3.408732e+02 
4.747980e-01 3.361299e+02 3.331900e+02 
4.798384e-01 3.287869e+02 3.257481e+02 
4.848788e-01 3.214809e+02 3.185378e+02 
4.899192e-01 3.142788e+02 3.115499e+02 
4.949596e-01 3.072414e+02 3.047757e+02 
5.000000e-01 3.004152e+02 2.982068e+02 
