1.000000e-03 3.030143e+03 3.030140e+03 
6.040404e-03 1.297083e+04 1.306126e+04 
1.108081e-02 1.740843e+04 1.742416e+04 
1.612121e-02 1.880970e+04 1.869750e+04 
2.116162e-02 1.852961e+04 1.832301e+04 
2.620202e-02 1.740938e+04 1.727506e+04 
3.124242e-02 1.598754e+04 1.605398e+04 
3.628283e-02 1.458067e+04 1.483751e+04 
4.132323e-02 1.333626e+04 1.368284e+04 
4.636364e-02 1.228083e+04 1.260932e+04 
5.140404e-02 1.139488e+04 1.162235e+04 
5.644444e-02 1.060499e+04 1.072089e+04 
6.148485e-02 9.863095e+03 9.900663e+03 
6.652525e-02 9.140554e+03 9.155835e+03 
7.156566e-02 8.429675e+03 8.480005e+03 
7.660606e-02 7.746265e+03 7.866746e+03 
8.164646e-02 7.116805e+03 7.309914e+03 
8.668687e-02 6.560014e+03 6.803797e+03 
9.172727e-02 6.080338e+03 6.343180e+03 
9.676768e-02 5.674501e+03 5.923355e+03 
1.018081e-01 5.333279e+03 5.540103e+03 
1.068485e-01 5.038223e+03 5.189660e+03 
1.118889e-01 4.766939e+03 4.868679e+03 
1.169293e-01 4.503408e+03 4.574182e+03 
1.219697e-01 4.242794e+03 4.303531e+03 
1.270101e-01 3.986827e+03 4.054378e+03 
1.320505e-01 3.740714e+03 3.824641e+03 
1.370909e-01 3.511006e+03 3.612466e+03 
1.421313e-01 3.302959e+03 3.416203e+03 
1.471717e-01 3.118397e+03 3.234382e+03 
1.522121e-01 2.955928e+03 3.065690e+03 
1.572525e-01 2.812652e+03 2.908953e+03 
1.622929e-01 2.684395e+03 2.763120e+03 
1.673333e-01 2.565682e+03 2.627248e+03 
1.723737e-01 2.451734e+03 2.500490e+03 
1.774141e-01 2.340383e+03 2.382084e+03 
1.824545e-01 2.231760e+03 2.271344e+03 
1.874949e-01 2.126864e+03 2.167647e+03 
1.925354e-01 2.026864e+03 2.070435e+03 
1.975758e-01 1.933205e+03 1.979199e+03 
2.026162e-01 1.846996e+03 1.893478e+03 
2.076566e-01 1.768334e+03 1.812854e+03 
2.126970e-01 1.696359e+03 1.736947e+03 
2.177374e-01 1.629854e+03 1.665408e+03 
2.227778e-01 1.567528e+03 1.597923e+03 
2.278182e-01 1.508265e+03 1.534202e+03 
2.328586e-01 1.451346e+03 1.473980e+03 
2.378990e-01 1.396490e+03 1.417015e+03 
2.429394e-01 1.343687e+03 1.363085e+03 
2.479798e-01 1.293013e+03 1.311986e+03 
2.530202e-01 1.244631e+03 1.263530e+03 
2.580606e-01 1.198900e+03 1.217545e+03 
2.631010e-01 1.156018e+03 1.173871e+03 
2.681414e-01 1.115824e+03 1.132361e+03 
2.731818e-01 1.077918e+03 1.092880e+03 
2.782222e-01 1.041945e+03 1.055303e+03 
2.832626e-01 1.007712e+03 1.019512e+03 
2.883030e-01 9.750245e+02 9.854004e+02 
2.933434e-01 9.436160e+02 9.528685e+02 
2.983838e-01 9.133444e+02 9.218234e+02 
3.034242e-01 8.842336e+02 8.921790e+02 
3.084646e-01 8.563624e+02 8.638550e+02 
3.135051e-01 8.297346e+02 8.367769e+02 
3.185455e-01 8.042749e+02 8.108750e+02 
3.235859e-01 7.799575e+02 7.860846e+02 
3.286263e-01 7.567715e+02 7.623450e+02 
3.336667e-01 7.346450e+02 7.395997e+02 
3.387071e-01 7.134599e+02 7.177957e+02 
3.437475e-01 6.930994e+02 6.968835e+02 
3.487879e-01 6.734997e+02 6.768167e+02 
3.538283e-01 6.546486e+02 6.575520e+02 
3.588687e-01 6.364983e+02 6.390484e+02 
3.639091e-01 6.190086e+02 6.212678e+02 
3.689495e-01 6.021690e+02 6.041741e+02 
3.739899e-01 5.859783e+02 5.877337e+02 
3.790303e-01 5.704176e+02 5.719148e+02 
3.840707e-01 5.554432e+02 5.566873e+02 
3.891111e-01 5.410137e+02 5.420232e+02 
3.941515e-01 5.271237e+02 5.278959e+02 
3.991919e-01 5.137496e+02 5.142804e+02 
4.042323e-01 5.008492e+02 5.011530e+02 
4.092727e-01 4.883776e+02 4.884914e+02 
4.143131e-01 4.763193e+02 4.762746e+02 
4.193535e-01 4.646832e+02 4.644827e+02 
4.243939e-01 4.534461e+02 4.530968e+02 
4.294343e-01 4.425829e+02 4.420990e+02 
4.344747e-01 4.320686e+02 4.314726e+02 
4.395152e-01 4.219054e+02 4.212014e+02 
4.445556e-01 4.120933e+02 4.112705e+02 
4.495960e-01 4.026075e+02 4.016653e+02 
4.546364e-01 3.934169e+02 3.923722e+02 
4.596768e-01 3.845075e+02 3.833783e+02 
4.647172e-01 3.758880e+02 3.746713e+02 
4.697576e-01 3.675458e+02 3.662396e+02 
4.747980e-01 3.594547e+02 3.580719e+02 
4.798384e-01 3.516021e+02 3.501578e+02 
4.848788e-01 3.439878e+02 3.424871e+02 
4.899192e-01 3.366063e+02 3.350504e+02 
4.949596e-01 3.294512e+02 3.278385e+02 
5.000000e-01 3.225070e+02 3.208427e+02 
