1.000000e-03 4.017449e+03 4.017445e+03 
6.040404e-03 1.776010e+04 1.789856e+04 
1.108081e-02 2.420465e+04 2.438190e+04 
1.612121e-02 2.614832e+04 2.632743e+04 
2.116162e-02 2.533352e+04 2.529955e+04 
2.620202e-02 2.302756e+04 2.284471e+04 
3.124242e-02 2.017779e+04 2.022854e+04 
3.628283e-02 1.742051e+04 1.794696e+04 
4.132323e-02 1.510300e+04 1.604184e+04 
4.636364e-02 1.332515e+04 1.444124e+04 
5.140404e-02 1.207959e+04 1.307501e+04 
5.644444e-02 1.122704e+04 1.189236e+04 
6.148485e-02 1.061185e+04 1.085781e+04 
6.652525e-02 1.009700e+04 9.945770e+03 
7.156566e-02 9.560855e+03 9.137010e+03 
7.660606e-02 8.936706e+03 8.416461e+03 
8.164646e-02 8.216871e+03 7.771967e+03 
8.668687e-02 7.442003e+03 7.193509e+03 
9.172727e-02 6.672063e+03 6.672701e+03 
9.676768e-02 5.965317e+03 6.202448e+03 
1.018081e-01 5.367245e+03 5.776699e+03 
1.068485e-01 4.902915e+03 5.390262e+03 
1.118889e-01 4.570636e+03 5.038661e+03 
1.169293e-01 4.345229e+03 4.718019e+03 
1.219697e-01 4.189956e+03 4.424966e+03 
1.270101e-01 4.066848e+03 4.156564e+03 
1.320505e-01 3.942687e+03 3.910243e+03 
1.370909e-01 3.793056e+03 3.683748e+03 
1.421313e-01 3.606319e+03 3.475096e+03 
1.471717e-01 3.385295e+03 3.282537e+03 
1.522121e-01 3.143803e+03 3.104525e+03 
1.572525e-01 2.900883e+03 2.939688e+03 
1.622929e-01 2.675389e+03 2.786809e+03 
1.673333e-01 2.482055e+03 2.644803e+03 
1.723737e-01 2.328605e+03 2.512703e+03 
1.774141e-01 2.214413e+03 2.389642e+03 
1.824545e-01 2.132518e+03 2.274845e+03 
1.874949e-01 2.072708e+03 2.167615e+03 
1.925354e-01 2.023657e+03 2.067326e+03 
1.975758e-01 1.974388e+03 1.973414e+03 
2.026162e-01 1.916301e+03 1.885368e+03 
2.076566e-01 1.845192e+03 1.802727e+03 
2.126970e-01 1.761604e+03 1.725073e+03 
2.177374e-01 1.669685e+03 1.652027e+03 
2.227778e-01 1.575466e+03 1.583243e+03 
2.278182e-01 1.485259e+03 1.518409e+03 
2.328586e-01 1.404396e+03 1.457238e+03 
2.378990e-01 1.336085e+03 1.399468e+03 
2.429394e-01 1.281042e+03 1.344861e+03 
2.479798e-01 1.237933e+03 1.293197e+03 
2.530202e-01 1.203960e+03 1.244276e+03 
2.580606e-01 1.175422e+03 1.197913e+03 
2.631010e-01 1.148326e+03 1.153939e+03 
2.681414e-01 1.119275e+03 1.112199e+03 
2.731818e-01 1.086371e+03 1.072548e+03 
2.782222e-01 1.049357e+03 1.034854e+03 
2.832626e-01 1.009192e+03 9.989951e+02 
2.883030e-01 9.674953e+02 9.648568e+02 
2.933434e-01 9.261972e+02 9.323350e+02 
2.983838e-01 8.873183e+02 9.013324e+02 
3.034242e-01 8.524525e+02 8.717590e+02 
3.084646e-01 8.223606e+02 8.435310e+02 
3.135051e-01 7.968761e+02 8.165707e+02 
3.185455e-01 7.751923e+02 7.908058e+02 
3.235859e-01 7.561968e+02 7.661689e+02 
3.286263e-01 7.386573e+02 7.425972e+02 
3.336667e-01 7.213810e+02 7.200322e+02 
3.387071e-01 7.034058e+02 6.984191e+02 
3.437475e-01 6.842379e+02 6.777069e+02 
3.487879e-01 6.639390e+02 6.578477e+02 
3.538283e-01 6.429644e+02 6.387969e+02 
3.588687e-01 6.219562e+02 6.205126e+02 
3.639091e-01 6.015800e+02 6.029554e+02 
3.689495e-01 5.823779e+02 5.860886e+02 
3.739899e-01 5.647668e+02 5.698776e+02 
3.790303e-01 5.489220e+02 5.542899e+02 
3.840707e-01 5.347436e+02 5.392949e+02 
3.891111e-01 5.219077e+02 5.248639e+02 
3.941515e-01 5.099967e+02 5.109700e+02 
3.991919e-01 4.985978e+02 4.975875e+02 
4.042323e-01 4.873447e+02 4.846925e+02 
4.092727e-01 4.759704e+02 4.722623e+02 
4.143131e-01 4.643450e+02 4.602756e+02 
4.193535e-01 4.525048e+02 4.487122e+02 
4.243939e-01 4.406390e+02 4.375529e+02 
4.294343e-01 4.289541e+02 4.267799e+02 
4.344747e-01 4.176466e+02 4.163759e+02 
4.395152e-01 4.068823e+02 4.063250e+02 
4.445556e-01 3.967735e+02 3.966117e+02 
4.495960e-01 3.873667e+02 3.872216e+02 
4.546364e-01 3.786171e+02 3.781409e+02 
4.596768e-01 3.704026e+02 3.693568e+02 
4.647172e-01 3.625618e+02 3.608567e+02 
4.697576e-01 3.549649e+02 3.526289e+02 
4.747980e-01 3.475114e+02 3.446623e+02 
4.798384e-01 3.401142e+02 3.369463e+02 
4.848788e-01 3.327285e+02 3.294709e+02 
4.899192e-01 3.253666e+02 3.222264e+02 
4.949596e-01 3.180873e+02 3.152037e+02 
5.000000e-01 3.109710e+02 3.083942e+02 
