1.000000e-03 2.707368e+03 2.707365e+03 
6.040404e-03 1.210182e+04 1.218768e+04 
1.108081e-02 1.657478e+04 1.661021e+04 
1.612121e-02 1.813513e+04 1.806866e+04 
2.116162e-02 1.799489e+04 1.782740e+04 
2.620202e-02 1.696025e+04 1.684689e+04 
3.124242e-02 1.557855e+04 1.567530e+04 
3.628283e-02 1.419054e+04 1.451001e+04 
4.132323e-02 1.296762e+04 1.340741e+04 
4.636364e-02 1.194545e+04 1.238303e+04 
5.140404e-02 1.112606e+04 1.144008e+04 
5.644444e-02 1.041276e+04 1.057683e+04 
6.148485e-02 9.752825e+03 9.789166e+03 
6.652525e-02 9.103674e+03 9.071787e+03 
7.156566e-02 8.441679e+03 8.418946e+03 
7.660606e-02 7.776124e+03 7.824862e+03 
8.164646e-02 7.138757e+03 7.283981e+03 
8.668687e-02 6.560452e+03 6.791103e+03 
9.172727e-02 6.056996e+03 6.341456e+03 
9.676768e-02 5.632482e+03 5.930700e+03 
1.018081e-01 5.283987e+03 5.554929e+03 
1.068485e-01 4.997822e+03 5.210638e+03 
1.118889e-01 4.750192e+03 4.894693e+03 
1.169293e-01 4.516930e+03 4.604301e+03 
1.219697e-01 4.283261e+03 4.336970e+03 
1.270101e-01 4.045296e+03 4.090481e+03 
1.320505e-01 3.806137e+03 3.862853e+03 
1.370909e-01 3.572573e+03 3.652322e+03 
1.421313e-01 3.352687e+03 3.457312e+03 
1.471717e-01 3.153199e+03 3.276415e+03 
1.522121e-01 2.977741e+03 3.108369e+03 
1.572525e-01 2.826613e+03 2.952046e+03 
1.622929e-01 2.696974e+03 2.806430e+03 
1.673333e-01 2.583151e+03 2.670611e+03 
1.723737e-01 2.478302e+03 2.543769e+03 
1.774141e-01 2.377007e+03 2.425163e+03 
1.824545e-01 2.276486e+03 2.314127e+03 
1.874949e-01 2.176057e+03 2.210056e+03 
1.925354e-01 2.076255e+03 2.112403e+03 
1.975758e-01 1.979005e+03 2.020673e+03 
2.026162e-01 1.886998e+03 1.934415e+03 
2.076566e-01 1.802305e+03 1.853220e+03 
2.126970e-01 1.725574e+03 1.776713e+03 
2.177374e-01 1.656327e+03 1.704555e+03 
2.227778e-01 1.593553e+03 1.636434e+03 
2.278182e-01 1.535882e+03 1.572066e+03 
2.328586e-01 1.481684e+03 1.511190e+03 
2.378990e-01 1.429425e+03 1.453567e+03 
2.429394e-01 1.378365e+03 1.398978e+03 
2.479798e-01 1.328389e+03 1.347221e+03 
2.530202e-01 1.279603e+03 1.298111e+03 
2.580606e-01 1.232310e+03 1.251476e+03 
2.631010e-01 1.187065e+03 1.207159e+03 
2.681414e-01 1.144508e+03 1.165014e+03 
2.731818e-01 1.104909e+03 1.124905e+03 
2.782222e-01 1.068023e+03 1.086709e+03 
2.832626e-01 1.033434e+03 1.050310e+03 
2.883030e-01 1.000766e+03 1.015601e+03 
2.933434e-01 9.697105e+02 9.824816e+02 
2.983838e-01 9.399394e+02 9.508602e+02 
3.034242e-01 9.111082e+02 9.206506e+02 
3.084646e-01 8.830492e+02 8.917728e+02 
3.135051e-01 8.558323e+02 8.641522e+02 
3.185455e-01 8.296111e+02 8.377194e+02 
3.235859e-01 8.044682e+02 8.124093e+02 
3.286263e-01 7.804311e+02 7.881615e+02 
3.336667e-01 7.575078e+02 7.649191e+02 
3.387071e-01 7.357052e+02 7.426292e+02 
3.437475e-01 7.149911e+02 7.212422e+02 
3.487879e-01 6.952227e+02 7.007114e+02 
3.538283e-01 6.762354e+02 6.809933e+02 
3.588687e-01 6.579024e+02 6.620469e+02 
3.639091e-01 6.401901e+02 6.438337e+02 
3.689495e-01 6.230845e+02 6.263176e+02 
3.739899e-01 6.065527e+02 6.094646e+02 
3.790303e-01 5.905617e+02 5.932428e+02 
3.840707e-01 5.751119e+02 5.776219e+02 
3.891111e-01 5.602425e+02 5.625737e+02 
3.941515e-01 5.459595e+02 5.480713e+02 
3.991919e-01 5.322302e+02 5.340895e+02 
4.042323e-01 5.190035e+02 5.206044e+02 
4.092727e-01 5.062585e+02 5.075936e+02 
4.143131e-01 4.939718e+02 4.950358e+02 
4.193535e-01 4.821064e+02 4.829108e+02 
4.243939e-01 4.706224e+02 4.711996e+02 
4.294343e-01 4.594833e+02 4.598842e+02 
4.344747e-01 4.486954e+02 4.489475e+02 
4.395152e-01 4.382578e+02 4.383732e+02 
4.445556e-01 4.281584e+02 4.281462e+02 
4.495960e-01 4.183817e+02 4.182518e+02 
4.546364e-01 4.089126e+02 4.086761e+02 
4.596768e-01 3.997504e+02 3.994061e+02 
4.647172e-01 3.908942e+02 3.904293e+02 
4.697576e-01 3.823192e+02 3.817339e+02 
4.747980e-01 3.740044e+02 3.733085e+02 
4.798384e-01 3.659395e+02 3.651425e+02 
4.848788e-01 3.581126e+02 3.572256e+02 
4.899192e-01 3.505241e+02 3.495482e+02 
4.949596e-01 3.431553e+02 3.421009e+02 
5.000000e-01 3.359903e+02 3.348750e+02 
