1.000000e-03 3.837720e+03 3.837716e+03 
6.040404e-03 1.722921e+04 1.736157e+04 
1.108081e-02 2.345385e+04 2.360793e+04 
1.612121e-02 2.527367e+04 2.539949e+04 
2.116162e-02 2.443825e+04 2.435916e+04 
2.620202e-02 2.220580e+04 2.204901e+04 
3.124242e-02 1.949749e+04 1.963166e+04 
3.628283e-02 1.691585e+04 1.751727e+04 
4.132323e-02 1.477427e+04 1.573026e+04 
4.636364e-02 1.314891e+04 1.420930e+04 
5.140404e-02 1.201506e+04 1.289711e+04 
5.644444e-02 1.122196e+04 1.175216e+04 
6.148485e-02 1.062250e+04 1.074480e+04 
6.652525e-02 1.007434e+04 9.853026e+03 
7.156566e-02 9.481295e+03 9.059822e+03 
7.660606e-02 8.798410e+03 8.351519e+03 
8.164646e-02 8.037374e+03 7.716875e+03 
8.668687e-02 7.249654e+03 7.146478e+03 
9.172727e-02 6.497421e+03 6.632364e+03 
9.676768e-02 5.834555e+03 6.167737e+03 
1.018081e-01 5.296708e+03 5.746764e+03 
1.068485e-01 4.894501e+03 5.364416e+03 
1.118889e-01 4.612045e+03 5.016338e+03 
1.169293e-01 4.415868e+03 4.698751e+03 
1.219697e-01 4.266754e+03 4.408360e+03 
1.270101e-01 4.128438e+03 4.142287e+03 
1.320505e-01 3.972494e+03 3.898011e+03 
1.370909e-01 3.783056e+03 3.673319e+03 
1.421313e-01 3.559970e+03 3.466259e+03 
1.471717e-01 3.315348e+03 3.275111e+03 
1.522121e-01 3.066835e+03 3.098350e+03 
1.572525e-01 2.832721e+03 2.934626e+03 
1.622929e-01 2.628603e+03 2.782739e+03 
1.673333e-01 2.463854e+03 2.641617e+03 
1.723737e-01 2.339121e+03 2.510305e+03 
1.774141e-01 2.247452e+03 2.387949e+03 
1.824545e-01 2.178108e+03 2.273783e+03 
1.874949e-01 2.119741e+03 2.167118e+03 
1.925354e-01 2.062054e+03 2.067335e+03 
1.975758e-01 1.996788e+03 1.973875e+03 
2.026162e-01 1.919437e+03 1.886234e+03 
2.076566e-01 1.830626e+03 1.803956e+03 
2.126970e-01 1.734957e+03 1.726627e+03 
2.177374e-01 1.638709e+03 1.653872e+03 
2.227778e-01 1.547792e+03 1.585349e+03 
2.278182e-01 1.466733e+03 1.520747e+03 
2.328586e-01 1.398150e+03 1.459783e+03 
2.378990e-01 1.342437e+03 1.402198e+03 
2.429394e-01 1.297924e+03 1.347755e+03 
2.479798e-01 1.261440e+03 1.296237e+03 
2.530202e-01 1.229163e+03 1.247445e+03 
2.580606e-01 1.197406e+03 1.201197e+03 
2.631010e-01 1.163408e+03 1.157324e+03 
2.681414e-01 1.125915e+03 1.115671e+03 
2.731818e-01 1.085113e+03 1.076097e+03 
2.782222e-01 1.042264e+03 1.038469e+03 
2.832626e-01 9.991305e+02 1.002667e+03 
2.883030e-01 9.576041e+02 9.685770e+02 
2.933434e-01 9.193662e+02 9.360959e+02 
2.983838e-01 8.854461e+02 9.051270e+02 
3.034242e-01 8.560623e+02 8.755809e+02 
3.084646e-01 8.307236e+02 8.473744e+02 
3.135051e-01 8.084730e+02 8.204304e+02 
3.185455e-01 7.881419e+02 7.946770e+02 
3.235859e-01 7.685323e+02 7.700471e+02 
3.286263e-01 7.486836e+02 7.464786e+02 
3.336667e-01 7.280748e+02 7.239130e+02 
3.387071e-01 7.066134e+02 7.022962e+02 
3.437475e-01 6.846010e+02 6.815773e+02 
3.487879e-01 6.625534e+02 6.617087e+02 
3.538283e-01 6.411097e+02 6.426461e+02 
3.588687e-01 6.208194e+02 6.243477e+02 
3.639091e-01 6.020664e+02 6.067745e+02 
3.689495e-01 5.849523e+02 5.898899e+02 
3.739899e-01 5.693850e+02 5.736594e+02 
3.790303e-01 5.551231e+02 5.580508e+02 
3.840707e-01 5.418200e+02 5.430336e+02 
3.891111e-01 5.290951e+02 5.285793e+02 
3.941515e-01 5.165865e+02 5.146609e+02 
3.991919e-01 5.040492e+02 5.012531e+02 
4.042323e-01 4.914116e+02 4.883319e+02 
4.092727e-01 4.787365e+02 4.758748e+02 
4.143131e-01 4.661714e+02 4.638606e+02 
4.193535e-01 4.538696e+02 4.522691e+02 
4.243939e-01 4.419876e+02 4.410813e+02 
4.294343e-01 4.306906e+02 4.302793e+02 
4.344747e-01 4.200535e+02 4.198460e+02 
4.395152e-01 4.100838e+02 4.097655e+02 
4.445556e-01 4.006901e+02 4.000223e+02 
4.495960e-01 3.917618e+02 3.906022e+02 
4.546364e-01 3.831946e+02 3.814914e+02 
4.596768e-01 3.748866e+02 3.726769e+02 
4.647172e-01 3.667325e+02 3.641465e+02 
4.697576e-01 3.586625e+02 3.558884e+02 
4.747980e-01 3.506750e+02 3.478914e+02 
4.798384e-01 3.428012e+02 3.401451e+02 
4.848788e-01 3.350959e+02 3.326394e+02 
4.899192e-01 3.276064e+02 3.253647e+02 
4.949596e-01 3.203604e+02 3.183119e+02 
5.000000e-01 3.134000e+02 3.114724e+02 
