1.000000e-03 3.520844e+03 3.520842e+03 
6.040404e-03 1.586805e+04 1.599133e+04 
1.108081e-02 2.188739e+04 2.204298e+04 
1.612121e-02 2.389476e+04 2.405114e+04 
2.116162e-02 2.338724e+04 2.335860e+04 
2.620202e-02 2.147622e+04 2.130768e+04 
3.124242e-02 1.900580e+04 1.903198e+04 
3.628283e-02 1.655682e+04 1.700474e+04 
4.132323e-02 1.445895e+04 1.528742e+04 
4.636364e-02 1.282211e+04 1.382871e+04 
5.140404e-02 1.165198e+04 1.257252e+04 
5.644444e-02 1.083946e+04 1.147705e+04 
6.148485e-02 1.024311e+04 1.051266e+04 
6.652525e-02 9.749756e+03 9.657798e+03 
7.156566e-02 9.245714e+03 8.896051e+03 
7.660606e-02 8.665351e+03 8.214449e+03 
8.164646e-02 7.997037e+03 7.602422e+03 
8.668687e-02 7.275555e+03 7.051168e+03 
9.172727e-02 6.555377e+03 6.553259e+03 
9.676768e-02 5.887985e+03 6.102356e+03 
1.018081e-01 5.314384e+03 5.693018e+03 
1.068485e-01 4.859883e+03 5.320541e+03 
1.118889e-01 4.527375e+03 4.980849e+03 
1.169293e-01 4.297577e+03 4.670391e+03 
1.219697e-01 4.137257e+03 4.386066e+03 
1.270101e-01 4.010812e+03 4.125158e+03 
1.320505e-01 3.887236e+03 3.885283e+03 
1.370909e-01 3.743757e+03 3.664340e+03 
1.421313e-01 3.568448e+03 3.460475e+03 
1.471717e-01 3.361494e+03 3.272048e+03 
1.522121e-01 3.133559e+03 3.097603e+03 
1.572525e-01 2.901394e+03 2.935849e+03 
1.622929e-01 2.682794e+03 2.785632e+03 
1.673333e-01 2.492210e+03 2.645925e+03 
1.723737e-01 2.337689e+03 2.515809e+03 
1.774141e-01 2.219954e+03 2.394459e+03 
1.824545e-01 2.133607e+03 2.281135e+03 
1.874949e-01 2.069818e+03 2.175171e+03 
1.925354e-01 2.018445e+03 2.075967e+03 
1.975758e-01 1.969181e+03 1.982982e+03 
2.026162e-01 1.913349e+03 1.895724e+03 
2.076566e-01 1.846061e+03 1.813751e+03 
2.126970e-01 1.767064e+03 1.736659e+03 
2.177374e-01 1.679689e+03 1.664083e+03 
2.227778e-01 1.589055e+03 1.595687e+03 
2.278182e-01 1.500803e+03 1.531169e+03 
2.328586e-01 1.420103e+03 1.470252e+03 
2.378990e-01 1.350594e+03 1.412681e+03 
2.429394e-01 1.293647e+03 1.358223e+03 
2.479798e-01 1.248351e+03 1.306667e+03 
2.530202e-01 1.212272e+03 1.257817e+03 
2.580606e-01 1.182186e+03 1.211492e+03 
2.631010e-01 1.154586e+03 1.167529e+03 
2.681414e-01 1.126218e+03 1.125773e+03 
2.731818e-01 1.094755e+03 1.086085e+03 
2.782222e-01 1.059375e+03 1.048335e+03 
2.832626e-01 1.020707e+03 1.012403e+03 
2.883030e-01 9.802648e+02 9.781776e+02 
2.933434e-01 9.398299e+02 9.455563e+02 
2.983838e-01 9.011409e+02 9.144436e+02 
3.034242e-01 8.657255e+02 8.847509e+02 
3.084646e-01 8.345897e+02 8.563958e+02 
3.135051e-01 8.079639e+02 8.293019e+02 
3.185455e-01 7.853007e+02 8.033977e+02 
3.235859e-01 7.655490e+02 7.786170e+02 
3.286263e-01 7.475329e+02 7.548977e+02 
3.336667e-01 7.301219e+02 7.321820e+02 
3.387071e-01 7.124278e+02 7.104160e+02 
3.437475e-01 6.938478e+02 6.895490e+02 
3.487879e-01 6.741874e+02 6.695338e+02 
3.538283e-01 6.536943e+02 6.503261e+02 
3.588687e-01 6.329330e+02 6.318845e+02 
3.639091e-01 6.125887e+02 6.141700e+02 
3.689495e-01 5.932415e+02 5.971461e+02 
3.739899e-01 5.752793e+02 5.807786e+02 
3.790303e-01 5.589120e+02 5.650351e+02 
3.840707e-01 5.441569e+02 5.498853e+02 
3.891111e-01 5.308395e+02 5.353007e+02 
3.941515e-01 5.186173e+02 5.212544e+02 
3.991919e-01 5.070515e+02 5.077210e+02 
4.042323e-01 4.957484e+02 4.946768e+02 
4.092727e-01 4.844267e+02 4.820990e+02 
4.143131e-01 4.729420e+02 4.699664e+02 
4.193535e-01 4.612833e+02 4.582590e+02 
4.243939e-01 4.495352e+02 4.469577e+02 
4.294343e-01 4.378494e+02 4.360445e+02 
4.344747e-01 4.264396e+02 4.255023e+02 
4.395152e-01 4.155126e+02 4.153152e+02 
4.445556e-01 4.051937e+02 4.054678e+02 
4.495960e-01 3.955299e+02 3.959457e+02 
4.546364e-01 3.865032e+02 3.867350e+02 
4.596768e-01 3.780403e+02 3.778229e+02 
4.647172e-01 3.700248e+02 3.691969e+02 
4.697576e-01 3.623274e+02 3.608454e+02 
4.747980e-01 3.548189e+02 3.527571e+02 
4.798384e-01 3.473911e+02 3.449214e+02 
4.848788e-01 3.400005e+02 3.373283e+02 
4.899192e-01 3.326432e+02 3.299682e+02 
4.949596e-01 3.253586e+02 3.228318e+02 
5.000000e-01 3.181897e+02 3.159106e+02 
