1.000000e-03 8.977360e+03 8.977352e+03 
6.040404e-03 4.021095e+04 4.055853e+04 
1.108081e-02 5.472642e+04 5.546916e+04 
1.612121e-02 5.834053e+04 5.967667e+04 
2.116162e-02 5.490720e+04 5.585781e+04 
2.620202e-02 4.750630e+04 4.709249e+04 
3.124242e-02 3.865887e+04 3.752887e+04 
3.628283e-02 3.018982e+04 2.970464e+04 
4.132323e-02 2.314514e+04 2.399111e+04 
4.636364e-02 1.787630e+04 1.989501e+04 
5.140404e-02 1.431381e+04 1.688826e+04 
5.644444e-02 1.214625e+04 1.460149e+04 
6.148485e-02 1.099095e+04 1.280218e+04 
6.652525e-02 1.049999e+04 1.134572e+04 
7.156566e-02 1.036379e+04 1.014005e+04 
7.660606e-02 1.031505e+04 9.124383e+03 
8.164646e-02 1.013243e+04 8.256950e+03 
8.668687e-02 9.675040e+03 7.507979e+03 
9.172727e-02 8.907511e+03 6.855522e+03 
9.676768e-02 7.894578e+03 6.282927e+03 
1.018081e-01 6.766075e+03 5.777263e+03 
1.068485e-01 5.668908e+03 5.328280e+03 
1.118889e-01 4.721134e+03 4.927723e+03 
1.169293e-01 3.987785e+03 4.568848e+03 
1.219697e-01 3.484097e+03 4.246084e+03 
1.270101e-01 3.191672e+03 3.954782e+03 
1.320505e-01 3.073896e+03 3.691032e+03 
1.370909e-01 3.083488e+03 3.451517e+03 
1.421313e-01 3.165778e+03 3.233409e+03 
1.471717e-01 3.263507e+03 3.034282e+03 
1.522121e-01 3.323270e+03 2.852042e+03 
1.572525e-01 3.302972e+03 2.684876e+03 
1.622929e-01 3.180430e+03 2.531207e+03 
1.673333e-01 2.959926e+03 2.389655e+03 
1.723737e-01 2.670699e+03 2.259012e+03 
1.774141e-01 2.355245e+03 2.138215e+03 
1.824545e-01 2.053979e+03 2.026324e+03 
1.874949e-01 1.796268e+03 1.922510e+03 
1.925354e-01 1.598670e+03 1.826035e+03 
1.975758e-01 1.466867e+03 1.736241e+03 
2.026162e-01 1.397648e+03 1.652545e+03 
2.076566e-01 1.380718e+03 1.574420e+03 
2.126970e-01 1.400703e+03 1.501399e+03 
2.177374e-01 1.439516e+03 1.433058e+03 
2.227778e-01 1.478443e+03 1.369017e+03 
2.278182e-01 1.500296e+03 1.308934e+03 
2.328586e-01 1.491922e+03 1.252499e+03 
2.378990e-01 1.447150e+03 1.199430e+03 
2.429394e-01 1.368289e+03 1.149473e+03 
2.479798e-01 1.264968e+03 1.102397e+03 
2.530202e-01 1.150742e+03 1.057990e+03 
2.580606e-01 1.039263e+03 1.016061e+03 
2.631010e-01 9.415693e+02 9.764341e+02 
2.681414e-01 8.647253e+02 9.389485e+02 
2.731818e-01 8.116013e+02 9.034574e+02 
2.782222e-01 7.815317e+02 8.698259e+02 
2.832626e-01 7.711259e+02 8.379302e+02 
2.883030e-01 7.750715e+02 8.076563e+02 
2.933434e-01 7.868445e+02 7.788995e+02 
2.983838e-01 7.994025e+02 7.515631e+02 
3.034242e-01 8.060989e+02 7.255577e+02 
3.084646e-01 8.018327e+02 7.008010e+02 
3.135051e-01 7.840321e+02 6.772165e+02 
3.185455e-01 7.531220e+02 6.547338e+02 
3.235859e-01 7.121183e+02 6.332872e+02 
3.286263e-01 6.655901e+02 6.128159e+02 
3.336667e-01 6.185676e+02 5.932635e+02 
3.387071e-01 5.754684e+02 5.745773e+02 
3.437475e-01 5.395461e+02 5.567086e+02 
3.487879e-01 5.126098e+02 5.396117e+02 
3.538283e-01 4.949764e+02 5.232441e+02 
3.588687e-01 4.856965e+02 5.075663e+02 
3.639091e-01 4.828264e+02 4.925411e+02 
3.689495e-01 4.838699e+02 4.781338e+02 
3.739899e-01 4.860875e+02 4.643122e+02 
3.790303e-01 4.868463e+02 4.510457e+02 
3.840707e-01 4.839688e+02 4.383061e+02 
3.891111e-01 4.760877e+02 4.260665e+02 
3.941515e-01 4.629668e+02 4.143020e+02 
3.991919e-01 4.454024e+02 4.029890e+02 
4.042323e-01 4.249408e+02 3.921054e+02 
4.092727e-01 4.034392e+02 3.816304e+02 
4.143131e-01 3.827340e+02 3.715444e+02 
4.193535e-01 3.643505e+02 3.618290e+02 
4.243939e-01 3.493040e+02 3.524667e+02 
4.294343e-01 3.380421e+02 3.434413e+02 
4.344747e-01 3.304268e+02 3.347372e+02 
4.395152e-01 3.258559e+02 3.263398e+02 
4.445556e-01 3.234278e+02 3.182353e+02 
4.495960e-01 3.220534e+02 3.104106e+02 
4.546364e-01 3.206115e+02 3.028535e+02 
4.596768e-01 3.181150e+02 2.955522e+02 
4.647172e-01 3.138721e+02 2.884957e+02 
4.697576e-01 3.075932e+02 2.816734e+02 
4.747980e-01 2.993919e+02 2.750755e+02 
4.798384e-01 2.897152e+02 2.686925e+02 
4.848788e-01 2.792198e+02 2.625155e+02 
4.899192e-01 2.686493e+02 2.565359e+02 
4.949596e-01 2.587106e+02 2.507458e+02 
5.000000e-01 2.499505e+02 2.451373e+02 
