1.000000e-03 3.163332e+03 3.163329e+03 
6.040404e-03 1.439825e+04 1.450776e+04 
1.108081e-02 1.984809e+04 1.996280e+04 
1.612121e-02 2.166710e+04 2.174383e+04 
2.116162e-02 2.125494e+04 2.117112e+04 
2.620202e-02 1.962539e+04 1.949152e+04 
3.124242e-02 1.752791e+04 1.763237e+04 
3.628283e-02 1.546251e+04 1.594300e+04 
4.132323e-02 1.370204e+04 1.447015e+04 
4.636364e-02 1.232838e+04 1.318490e+04 
5.140404e-02 1.133075e+04 1.205400e+04 
5.644444e-02 1.060435e+04 1.105165e+04 
6.148485e-02 1.002648e+04 1.015851e+04 
6.652525e-02 9.497098e+03 9.359525e+03 
7.156566e-02 8.933858e+03 8.642530e+03 
7.660606e-02 8.301290e+03 7.997377e+03 
8.164646e-02 7.612372e+03 7.415443e+03 
8.668687e-02 6.911369e+03 6.889316e+03 
9.172727e-02 6.247935e+03 6.412581e+03 
9.676768e-02 5.661674e+03 5.979660e+03 
1.018081e-01 5.179083e+03 5.585694e+03 
1.068485e-01 4.809643e+03 5.226434e+03 
1.118889e-01 4.541142e+03 4.898162e+03 
1.169293e-01 4.344598e+03 4.597616e+03 
1.219697e-01 4.185628e+03 4.321927e+03 
1.270101e-01 4.034290e+03 4.068571e+03 
1.320505e-01 3.869360e+03 3.835319e+03 
1.370909e-01 3.679800e+03 3.620204e+03 
1.421313e-01 3.465849e+03 3.421479e+03 
1.471717e-01 3.237426e+03 3.237597e+03 
1.522121e-01 3.009385e+03 3.067181e+03 
1.572525e-01 2.796695e+03 2.909005e+03 
1.622929e-01 2.611213e+03 2.761972e+03 
1.673333e-01 2.459359e+03 2.625103e+03 
1.723737e-01 2.340924e+03 2.497521e+03 
1.774141e-01 2.249910e+03 2.378437e+03 
1.824545e-01 2.177165e+03 2.267143e+03 
1.874949e-01 2.113078e+03 2.162999e+03 
1.925354e-01 2.049185e+03 2.065430e+03 
1.975758e-01 1.979198e+03 1.973913e+03 
2.026162e-01 1.900170e+03 1.887977e+03 
2.076566e-01 1.813147e+03 1.807193e+03 
2.126970e-01 1.722163e+03 1.731174e+03 
2.177374e-01 1.632150e+03 1.659564e+03 
2.227778e-01 1.547744e+03 1.592041e+03 
2.278182e-01 1.472424e+03 1.528311e+03 
2.328586e-01 1.408100e+03 1.468105e+03 
2.378990e-01 1.354629e+03 1.411176e+03 
2.429394e-01 1.310167e+03 1.357300e+03 
2.479798e-01 1.271975e+03 1.306269e+03 
2.530202e-01 1.237083e+03 1.257893e+03 
2.580606e-01 1.202745e+03 1.211998e+03 
2.631010e-01 1.166808e+03 1.168422e+03 
2.681414e-01 1.128234e+03 1.127016e+03 
2.731818e-01 1.087396e+03 1.087644e+03 
2.782222e-01 1.045592e+03 1.050180e+03 
2.832626e-01 1.004404e+03 1.014505e+03 
2.883030e-01 9.651778e+02 9.805112e+02 
2.933434e-01 9.289391e+02 9.480984e+02 
2.983838e-01 8.964191e+02 9.171730e+02 
3.034242e-01 8.677936e+02 8.876483e+02 
3.084646e-01 8.425784e+02 8.594438e+02 
3.135051e-01 8.198163e+02 8.324842e+02 
3.185455e-01 7.984674e+02 8.066999e+02 
3.235859e-01 7.776942e+02 7.820255e+02 
3.286263e-01 7.568923e+02 7.584004e+02 
3.336667e-01 7.356950e+02 7.357678e+02 
3.387071e-01 7.140384e+02 7.140745e+02 
3.437475e-01 6.921605e+02 6.932710e+02 
3.487879e-01 6.705692e+02 6.733108e+02 
3.538283e-01 6.497806e+02 6.541503e+02 
3.588687e-01 6.301762e+02 6.357487e+02 
3.639091e-01 6.119390e+02 6.180677e+02 
3.689495e-01 5.950871e+02 6.010713e+02 
3.739899e-01 5.795416e+02 5.847258e+02 
3.790303e-01 5.650915e+02 5.689993e+02 
3.840707e-01 5.514289e+02 5.538620e+02 
3.891111e-01 5.382285e+02 5.392857e+02 
3.941515e-01 5.252380e+02 5.252438e+02 
3.991919e-01 5.123424e+02 5.117114e+02 
4.042323e-01 4.995115e+02 4.986649e+02 
4.092727e-01 4.867757e+02 4.860819e+02 
4.143131e-01 4.742472e+02 4.739416e+02 
4.193535e-01 4.620505e+02 4.622239e+02 
4.243939e-01 4.503487e+02 4.509101e+02 
4.294343e-01 4.392090e+02 4.399825e+02 
4.344747e-01 4.286509e+02 4.294241e+02 
4.395152e-01 4.186471e+02 4.192191e+02 
4.445556e-01 4.091385e+02 4.093523e+02 
4.495960e-01 4.000558e+02 3.998094e+02 
4.546364e-01 3.912947e+02 3.905767e+02 
4.596768e-01 3.827525e+02 3.816416e+02 
4.647172e-01 3.743787e+02 3.729915e+02 
4.697576e-01 3.661437e+02 3.646150e+02 
4.747980e-01 3.580537e+02 3.565010e+02 
4.798384e-01 3.501307e+02 3.486389e+02 
4.848788e-01 3.423955e+02 3.410187e+02 
4.899192e-01 3.348856e+02 3.336310e+02 
4.949596e-01 3.276362e+02 3.264666e+02 
5.000000e-01 3.206713e+02 3.195169e+02 
