1.000000e-03 3.800904e+03 3.800900e+03 
6.040404e-03 1.706902e+04 1.720104e+04 
1.108081e-02 2.334306e+04 2.350672e+04 
1.612121e-02 2.526017e+04 2.541370e+04 
2.116162e-02 2.450591e+04 2.445360e+04 
2.620202e-02 2.231273e+04 2.214241e+04 
3.124242e-02 1.959925e+04 1.968188e+04 
3.628283e-02 1.697923e+04 1.752718e+04 
4.132323e-02 1.478353e+04 1.571522e+04 
4.636364e-02 1.310392e+04 1.418189e+04 
5.140404e-02 1.192890e+04 1.286512e+04 
5.644444e-02 1.111810e+04 1.171983e+04 
6.148485e-02 1.052155e+04 1.071423e+04 
6.652525e-02 1.000408e+04 9.825162e+03 
7.156566e-02 9.453814e+03 9.034953e+03 
7.660606e-02 8.814089e+03 8.329610e+03 
8.164646e-02 8.085596e+03 7.697730e+03 
8.668687e-02 7.313398e+03 7.129838e+03 
9.172727e-02 6.558310e+03 6.617952e+03 
9.676768e-02 5.875974e+03 6.155284e+03 
1.018081e-01 5.307991e+03 5.736021e+03 
1.068485e-01 4.873830e+03 5.355159e+03 
1.118889e-01 4.566297e+03 5.008369e+03 
1.169293e-01 4.356496e+03 4.691896e+03 
1.219697e-01 4.206828e+03 4.402467e+03 
1.270101e-01 4.080045e+03 4.137226e+03 
1.320505e-01 3.944904e+03 3.893669e+03 
1.370909e-01 3.780412e+03 3.669597e+03 
1.421313e-01 3.579398e+03 3.463073e+03 
1.471717e-01 3.348681e+03 3.272388e+03 
1.522121e-01 3.104259e+03 3.096029e+03 
1.572525e-01 2.865123e+03 2.932651e+03 
1.622929e-01 2.648798e+03 2.781063e+03 
1.673333e-01 2.467972e+03 2.640201e+03 
1.723737e-01 2.327477e+03 2.509113e+03 
1.774141e-01 2.224041e+03 2.386952e+03 
1.824545e-01 2.149052e+03 2.272953e+03 
1.874949e-01 2.091475e+03 2.166433e+03 
1.925354e-01 2.040177e+03 2.066775e+03 
1.975758e-01 1.985157e+03 1.973423e+03 
2.026162e-01 1.919430e+03 1.885875e+03 
2.076566e-01 1.840801e+03 1.803677e+03 
2.126970e-01 1.751568e+03 1.726417e+03 
2.177374e-01 1.657015e+03 1.653720e+03 
2.227778e-01 1.563431e+03 1.585247e+03 
2.278182e-01 1.476624e+03 1.520688e+03 
2.328586e-01 1.400892e+03 1.459760e+03 
2.378990e-01 1.338182e+03 1.402206e+03 
2.429394e-01 1.288127e+03 1.347788e+03 
2.479798e-01 1.248595e+03 1.296291e+03 
2.530202e-01 1.216259e+03 1.247516e+03 
2.580606e-01 1.187215e+03 1.201282e+03 
2.631010e-01 1.157760e+03 1.157420e+03 
2.681414e-01 1.125298e+03 1.115776e+03 
2.731818e-01 1.088878e+03 1.076208e+03 
2.782222e-01 1.049026e+03 1.038585e+03 
2.832626e-01 1.007100e+03 1.002786e+03 
2.883030e-01 9.649269e+02 9.686978e+02 
2.933434e-01 9.244707e+02 9.362171e+02 
2.983838e-01 8.874527e+02 9.052476e+02 
3.034242e-01 8.549700e+02 8.756999e+02 
3.084646e-01 8.271612e+02 8.474912e+02 
3.135051e-01 8.034149e+02 8.205443e+02 
3.185455e-01 7.827165e+02 7.947874e+02 
3.235859e-01 7.638707e+02 7.701537e+02 
3.286263e-01 7.456911e+02 7.465809e+02 
3.336667e-01 7.271511e+02 7.240108e+02 
3.387071e-01 7.076263e+02 7.023891e+02 
3.437475e-01 6.870316e+02 6.816652e+02 
3.487879e-01 6.657096e+02 6.617915e+02 
3.538283e-01 6.442428e+02 6.427237e+02 
3.588687e-01 6.232777e+02 6.244200e+02 
3.639091e-01 6.033876e+02 6.068414e+02 
3.689495e-01 5.849995e+02 5.899515e+02 
3.739899e-01 5.683277e+02 5.737157e+02 
3.790303e-01 5.533205e+02 5.581017e+02 
3.840707e-01 5.397002e+02 5.430792e+02 
3.891111e-01 5.270820e+02 5.286197e+02 
3.941515e-01 5.150681e+02 5.146962e+02 
3.991919e-01 5.032927e+02 5.012833e+02 
4.042323e-01 4.914660e+02 4.883571e+02 
4.092727e-01 4.794508e+02 4.758952e+02 
4.143131e-01 4.672719e+02 4.638762e+02 
4.193535e-01 4.550750e+02 4.522800e+02 
4.243939e-01 4.430713e+02 4.410877e+02 
4.294343e-01 4.314453e+02 4.302812e+02 
4.344747e-01 4.203384e+02 4.198436e+02 
4.395152e-01 4.098763e+02 4.097588e+02 
4.445556e-01 4.001104e+02 4.000116e+02 
4.495960e-01 3.909902e+02 3.905875e+02 
4.546364e-01 3.824037e+02 3.814729e+02 
4.596768e-01 3.741974e+02 3.726547e+02 
4.647172e-01 3.662547e+02 3.641207e+02 
4.697576e-01 3.584805e+02 3.558590e+02 
4.747980e-01 3.507877e+02 3.478587e+02 
4.798384e-01 3.431298e+02 3.401091e+02 
4.848788e-01 3.355191e+02 3.326002e+02 
4.899192e-01 3.280170e+02 3.253225e+02 
4.949596e-01 3.206915e+02 3.182668e+02 
5.000000e-01 3.135982e+02 3.114244e+02 
