1.000000e-03 5.808870e+03 5.808865e+03 
6.040404e-03 2.592722e+04 2.614015e+04 
1.108081e-02 3.512092e+04 3.549465e+04 
1.612121e-02 3.741857e+04 3.795578e+04 
2.116162e-02 3.543267e+04 3.561056e+04 
2.620202e-02 3.115441e+04 3.080964e+04 
3.124242e-02 2.612434e+04 2.588772e+04 
3.628283e-02 2.139304e+04 2.186267e+04 
4.132323e-02 1.752115e+04 1.876572e+04 
4.636364e-02 1.465775e+04 1.636463e+04 
5.140404e-02 1.276315e+04 1.445156e+04 
5.644444e-02 1.160896e+04 1.288514e+04 
6.148485e-02 1.095105e+04 1.157395e+04 
6.652525e-02 1.054905e+04 1.045786e+04 
7.156566e-02 1.019580e+04 9.495786e+03 
7.660606e-02 9.738084e+03 8.658357e+03 
8.164646e-02 9.095814e+03 7.923787e+03 
8.668687e-02 8.273344e+03 7.275356e+03 
9.172727e-02 7.340468e+03 6.699901e+03 
9.676768e-02 6.397825e+03 6.186839e+03 
1.018081e-01 5.543116e+03 5.727527e+03 
1.068485e-01 4.845368e+03 5.314814e+03 
1.118889e-01 4.333146e+03 4.942721e+03 
1.169293e-01 3.998790e+03 4.606205e+03 
1.219697e-01 3.811866e+03 4.300984e+03 
1.270101e-01 3.728955e+03 4.023401e+03 
1.320505e-01 3.699599e+03 3.770311e+03 
1.370909e-01 3.673302e+03 3.539000e+03 
1.421313e-01 3.608676e+03 3.327115e+03 
1.471717e-01 3.481411e+03 3.132606e+03 
1.522121e-01 3.286553e+03 2.953684e+03 
1.572525e-01 3.036789e+03 2.788780e+03 
1.622929e-01 2.758595e+03 2.636512e+03 
1.673333e-01 2.484529e+03 2.495663e+03 
1.723737e-01 2.242807e+03 2.365155e+03 
1.774141e-01 2.050194e+03 2.244032e+03 
1.824545e-01 1.911609e+03 2.131445e+03 
1.874949e-01 1.823622e+03 2.026636e+03 
1.925354e-01 1.777446e+03 1.928926e+03 
1.975758e-01 1.759539e+03 1.837709e+03 
2.026162e-01 1.753101e+03 1.752441e+03 
2.076566e-01 1.741640e+03 1.672631e+03 
2.126970e-01 1.712842e+03 1.597839e+03 
2.177374e-01 1.660528e+03 1.527665e+03 
2.227778e-01 1.584771e+03 1.461749e+03 
2.278182e-01 1.490830e+03 1.399764e+03 
2.328586e-01 1.387804e+03 1.341414e+03 
2.378990e-01 1.286181e+03 1.286428e+03 
2.429394e-01 1.195065e+03 1.234561e+03 
2.479798e-01 1.120502e+03 1.185589e+03 
2.530202e-01 1.064940e+03 1.139306e+03 
2.580606e-01 1.027568e+03 1.095526e+03 
2.631010e-01 1.005072e+03 1.054077e+03 
2.681414e-01 9.923690e+02 1.014801e+03 
2.731818e-01 9.835921e+02 9.775539e+02 
2.782222e-01 9.732032e+02 9.422026e+02 
2.832626e-01 9.569092e+02 9.086243e+02 
2.883030e-01 9.323257e+02 8.767063e+02 
2.933434e-01 8.992264e+02 8.463440e+02 
2.983838e-01 8.593357e+02 8.174412e+02 
3.034242e-01 8.157799e+02 7.899086e+02 
3.084646e-01 7.722543e+02 7.636636e+02 
3.135051e-01 7.321055e+02 7.386296e+02 
3.185455e-01 6.977131e+02 7.147355e+02 
3.235859e-01 6.702393e+02 6.919151e+02 
3.286263e-01 6.496120e+02 6.701072e+02 
3.336667e-01 6.348419e+02 6.492545e+02 
3.387071e-01 6.242265e+02 6.293036e+02 
3.437475e-01 6.156301e+02 6.102050e+02 
3.487879e-01 6.069467e+02 5.919122e+02 
3.538283e-01 5.964588e+02 5.743819e+02 
3.588687e-01 5.831670e+02 5.575736e+02 
3.639091e-01 5.668923e+02 5.414493e+02 
3.689495e-01 5.480750e+02 5.259736e+02 
3.739899e-01 5.276861e+02 5.111133e+02 
3.790303e-01 5.069590e+02 4.968370e+02 
3.840707e-01 4.871658e+02 4.831156e+02 
3.891111e-01 4.693453e+02 4.699214e+02 
3.941515e-01 4.541055e+02 4.572287e+02 
3.991919e-01 4.415469e+02 4.450131e+02 
4.042323e-01 4.314002e+02 4.332517e+02 
4.092727e-01 4.231197e+02 4.219230e+02 
4.143131e-01 4.159643e+02 4.110066e+02 
4.193535e-01 4.091488e+02 4.004835e+02 
4.243939e-01 4.019747e+02 3.903354e+02 
4.294343e-01 3.939676e+02 3.805453e+02 
4.344747e-01 3.849447e+02 3.710971e+02 
4.395152e-01 3.749726e+02 3.619755e+02 
4.445556e-01 3.643370e+02 3.531661e+02 
4.495960e-01 3.534639e+02 3.446553e+02 
4.546364e-01 3.428129e+02 3.364301e+02 
4.596768e-01 3.328080e+02 3.284782e+02 
4.647172e-01 3.237426e+02 3.207881e+02 
4.697576e-01 3.157369e+02 3.133487e+02 
4.747980e-01 3.087586e+02 3.061497e+02 
4.798384e-01 3.026500e+02 2.991809e+02 
4.848788e-01 2.971634e+02 2.924332e+02 
4.899192e-01 2.920047e+02 2.858974e+02 
4.949596e-01 2.868807e+02 2.795650e+02 
5.000000e-01 2.815814e+02 2.734281e+02 
