1.000000e-03 3.051698e+03 3.051696e+03 
6.040404e-03 1.383564e+04 1.393698e+04 
1.108081e-02 1.895289e+04 1.903112e+04 
1.612121e-02 2.061630e+04 2.061790e+04 
2.116162e-02 2.022539e+04 2.008885e+04 
2.620202e-02 1.875359e+04 1.864336e+04 
3.124242e-02 1.689188e+04 1.704673e+04 
3.628283e-02 1.508014e+04 1.555939e+04 
4.132323e-02 1.354279e+04 1.422277e+04 
4.636364e-02 1.233595e+04 1.302645e+04 
5.140404e-02 1.142696e+04 1.195403e+04 
5.644444e-02 1.071496e+04 1.099095e+04 
6.148485e-02 1.009469e+04 1.012477e+04 
6.652525e-02 9.484291e+03 9.344698e+03 
7.156566e-02 8.834171e+03 8.641191e+03 
7.660606e-02 8.139123e+03 8.005778e+03 
8.164646e-02 7.431098e+03 7.430930e+03 
8.668687e-02 6.756187e+03 6.909971e+03 
9.172727e-02 6.152092e+03 6.436994e+03 
9.676768e-02 5.643014e+03 6.006780e+03 
1.018081e-01 5.238670e+03 5.614726e+03 
1.068485e-01 4.930793e+03 5.256773e+03 
1.118889e-01 4.693316e+03 4.929342e+03 
1.169293e-01 4.492924e+03 4.629277e+03 
1.219697e-01 4.301202e+03 4.353792e+03 
1.270101e-01 4.099916e+03 4.100424e+03 
1.320505e-01 3.881264e+03 3.866994e+03 
1.370909e-01 3.647346e+03 3.651571e+03 
1.421313e-01 3.408789e+03 3.452439e+03 
1.471717e-01 3.179065e+03 3.268076e+03 
1.522121e-01 2.969847e+03 3.097121e+03 
1.572525e-01 2.788963e+03 2.938365e+03 
1.622929e-01 2.639657e+03 2.790723e+03 
1.673333e-01 2.519614e+03 2.653227e+03 
1.723737e-01 2.421425e+03 2.525004e+03 
1.774141e-01 2.335561e+03 2.405274e+03 
1.824545e-01 2.253690e+03 2.293333e+03 
1.874949e-01 2.170070e+03 2.188545e+03 
1.925354e-01 2.081545e+03 2.090338e+03 
1.975758e-01 1.987760e+03 1.998192e+03 
2.026162e-01 1.891427e+03 1.911638e+03 
2.076566e-01 1.796836e+03 1.830247e+03 
2.126970e-01 1.708081e+03 1.753634e+03 
2.177374e-01 1.627922e+03 1.681444e+03 
2.227778e-01 1.557654e+03 1.613355e+03 
2.278182e-01 1.497028e+03 1.549074e+03 
2.328586e-01 1.444396e+03 1.488332e+03 
2.378990e-01 1.397321e+03 1.430882e+03 
2.429394e-01 1.353304e+03 1.376499e+03 
2.479798e-01 1.310283e+03 1.324977e+03 
2.530202e-01 1.266750e+03 1.276124e+03 
2.580606e-01 1.222036e+03 1.229765e+03 
2.631010e-01 1.176590e+03 1.185740e+03 
2.681414e-01 1.131626e+03 1.143900e+03 
2.731818e-01 1.088432e+03 1.104106e+03 
2.782222e-01 1.047887e+03 1.066232e+03 
2.832626e-01 1.010485e+03 1.030162e+03 
2.883030e-01 9.764276e+02 9.957843e+02 
2.933434e-01 9.455686e+02 9.629997e+02 
2.983838e-01 9.173328e+02 9.317141e+02 
3.034242e-01 8.908604e+02 9.018404e+02 
3.084646e-01 8.653769e+02 8.732977e+02 
3.135051e-01 8.403951e+02 8.460105e+02 
3.185455e-01 8.156586e+02 8.199087e+02 
3.235859e-01 7.910991e+02 7.949266e+02 
3.286263e-01 7.668280e+02 7.710033e+02 
3.336667e-01 7.431264e+02 7.480815e+02 
3.387071e-01 7.203481e+02 7.261079e+02 
3.437475e-01 6.987793e+02 7.050326e+02 
3.487879e-01 6.785217e+02 6.848088e+02 
3.538283e-01 6.595148e+02 6.653927e+02 
3.588687e-01 6.416373e+02 6.467431e+02 
3.639091e-01 6.247225e+02 6.288214e+02 
3.689495e-01 6.085561e+02 6.115916e+02 
3.739899e-01 5.929179e+02 5.950194e+02 
3.790303e-01 5.776552e+02 5.790729e+02 
3.840707e-01 5.627087e+02 5.637220e+02 
3.891111e-01 5.480875e+02 5.489382e+02 
3.941515e-01 5.338245e+02 5.346949e+02 
3.991919e-01 5.199648e+02 5.209668e+02 
4.042323e-01 5.065948e+02 5.077301e+02 
4.092727e-01 4.937928e+02 4.949624e+02 
4.143131e-01 4.815687e+02 4.826424e+02 
4.193535e-01 4.698833e+02 4.707501e+02 
4.243939e-01 4.586731e+02 4.592665e+02 
4.294343e-01 4.479040e+02 4.481737e+02 
4.344747e-01 4.375253e+02 4.374547e+02 
4.395152e-01 4.274700e+02 4.270934e+02 
4.445556e-01 4.176718e+02 4.170745e+02 
4.495960e-01 4.081142e+02 4.073836e+02 
4.546364e-01 3.988102e+02 3.980069e+02 
4.596768e-01 3.897700e+02 3.889314e+02 
4.647172e-01 3.809976e+02 3.801448e+02 
4.697576e-01 3.724924e+02 3.716352e+02 
4.747980e-01 3.642623e+02 3.633916e+02 
4.798384e-01 3.563268e+02 3.554032e+02 
4.848788e-01 3.486734e+02 3.476600e+02 
4.899192e-01 3.412760e+02 3.401523e+02 
4.949596e-01 3.340986e+02 3.328710e+02 
5.000000e-01 3.271334e+02 3.258073e+02 
