1.000000e-03 5.169757e+03 5.169752e+03 
6.040404e-03 2.238470e+04 2.256069e+04 
1.108081e-02 2.997789e+04 3.022728e+04 
1.612121e-02 3.181086e+04 3.208520e+04 
2.116162e-02 3.021378e+04 3.019169e+04 
2.620202e-02 2.686402e+04 2.662973e+04 
3.124242e-02 2.299230e+04 2.306934e+04 
3.628283e-02 1.939722e+04 2.009800e+04 
4.132323e-02 1.648191e+04 1.770407e+04 
4.636364e-02 1.432754e+04 1.575055e+04 
5.140404e-02 1.289038e+04 1.412186e+04 
5.644444e-02 1.195822e+04 1.273862e+04 
6.148485e-02 1.132819e+04 1.154738e+04 
6.652525e-02 1.080414e+04 1.051087e+04 
7.156566e-02 1.024038e+04 9.601930e+03 
7.660606e-02 9.554185e+03 8.799909e+03 
8.164646e-02 8.735753e+03 8.088607e+03 
8.668687e-02 7.838052e+03 7.454988e+03 
9.172727e-02 6.942529e+03 6.888375e+03 
9.676768e-02 6.129182e+03 6.379900e+03 
1.018081e-01 5.457036e+03 5.922123e+03 
1.068485e-01 4.952068e+03 5.508752e+03 
1.118889e-01 4.606170e+03 5.134430e+03 
1.169293e-01 4.387269e+03 4.794570e+03 
1.219697e-01 4.251251e+03 4.485226e+03 
1.270101e-01 4.150796e+03 4.202988e+03 
1.320505e-01 4.042753e+03 3.944897e+03 
1.370909e-01 3.896129e+03 3.708380e+03 
1.421313e-01 3.698745e+03 3.491185e+03 
1.471717e-01 3.456533e+03 3.291343e+03 
1.522121e-01 3.187176e+03 3.107120e+03 
1.572525e-01 2.914969e+03 2.936990e+03 
1.622929e-01 2.664930e+03 2.779603e+03 
1.673333e-01 2.456225e+03 2.633763e+03 
1.723737e-01 2.296907e+03 2.498408e+03 
1.774141e-01 2.184155e+03 2.372591e+03 
1.824545e-01 2.108796e+03 2.255469e+03 
1.874949e-01 2.058645e+03 2.146286e+03 
1.925354e-01 2.019806e+03 2.044366e+03 
1.975758e-01 1.978271e+03 1.949101e+03 
2.026162e-01 1.923241e+03 1.859943e+03 
2.076566e-01 1.850082e+03 1.776399e+03 
2.126970e-01 1.760533e+03 1.698023e+03 
2.177374e-01 1.660516e+03 1.624413e+03 
2.227778e-01 1.557734e+03 1.555202e+03 
2.278182e-01 1.460072e+03 1.490058e+03 
2.328586e-01 1.374101e+03 1.428679e+03 
2.378990e-01 1.303710e+03 1.370791e+03 
2.429394e-01 1.249615e+03 1.316142e+03 
2.479798e-01 1.209749e+03 1.264503e+03 
2.530202e-01 1.180141e+03 1.215665e+03 
2.580606e-01 1.155900e+03 1.169434e+03 
2.631010e-01 1.132172e+03 1.125634e+03 
2.681414e-01 1.105132e+03 1.084104e+03 
2.731818e-01 1.072644e+03 1.044695e+03 
2.782222e-01 1.034448e+03 1.007268e+03 
2.832626e-01 9.918646e+02 9.716983e+02 
2.883030e-01 9.472532e+02 9.378680e+02 
2.933434e-01 9.033687e+02 9.056695e+02 
2.983838e-01 8.627122e+02 8.750027e+02 
3.034242e-01 8.270684e+02 8.457751e+02 
3.084646e-01 7.972057e+02 8.179010e+02 
3.135051e-01 7.728471e+02 7.913006e+02 
3.185455e-01 7.529397e+02 7.659001e+02 
3.235859e-01 7.359084e+02 7.416305e+02 
3.286263e-01 7.201028e+02 7.184279e+02 
3.336667e-01 7.040570e+02 6.962326e+02 
3.387071e-01 6.867114e+02 6.749890e+02 
3.437475e-01 6.675762e+02 6.546451e+02 
3.487879e-01 6.467932e+02 6.351525e+02 
3.538283e-01 6.250385e+02 6.164657e+02 
3.588687e-01 6.032177e+02 5.985424e+02 
3.639091e-01 5.821982e+02 5.813429e+02 
3.689495e-01 5.626731e+02 5.648299e+02 
3.739899e-01 5.451019e+02 5.489685e+02 
3.790303e-01 5.296681e+02 5.337260e+02 
3.840707e-01 5.162004e+02 5.190715e+02 
3.891111e-01 5.042456e+02 5.049762e+02 
3.941515e-01 4.932220e+02 4.914128e+02 
3.991919e-01 4.825519e+02 4.783558e+02 
4.042323e-01 4.718217e+02 4.657811e+02 
4.092727e-01 4.607452e+02 4.536659e+02 
4.143131e-01 4.492075e+02 4.419888e+02 
4.193535e-01 4.373032e+02 4.307296e+02 
4.243939e-01 4.252723e+02 4.198692e+02 
4.294343e-01 4.134172e+02 4.093896e+02 
4.344747e-01 4.020312e+02 3.992738e+02 
4.395152e-01 3.913177e+02 3.895056e+02 
4.445556e-01 3.814079e+02 3.800698e+02 
4.495960e-01 3.723147e+02 3.709519e+02 
4.546364e-01 3.639619e+02 3.621383e+02 
4.596768e-01 3.561870e+02 3.536160e+02 
4.647172e-01 3.487845e+02 3.453727e+02 
4.697576e-01 3.415660e+02 3.373968e+02 
4.747980e-01 3.343988e+02 3.296771e+02 
4.798384e-01 3.271939e+02 3.222031e+02 
4.848788e-01 3.199245e+02 3.149649e+02 
4.899192e-01 3.126322e+02 3.079530e+02 
4.949596e-01 3.054003e+02 3.011582e+02 
5.000000e-01 2.983353e+02 2.945721e+02 
