1.000000e-03 4.318628e+03 4.318625e+03 
6.040404e-03 1.920652e+04 1.935562e+04 
1.108081e-02 2.605527e+04 2.624901e+04 
1.612121e-02 2.796569e+04 2.815637e+04 
2.116162e-02 2.688845e+04 2.683722e+04 
2.620202e-02 2.424165e+04 2.405064e+04 
3.124242e-02 2.107445e+04 2.117629e+04 
3.628283e-02 1.807577e+04 1.871093e+04 
4.132323e-02 1.560485e+04 1.667145e+04 
4.636364e-02 1.374702e+04 1.496815e+04 
5.140404e-02 1.247683e+04 1.352073e+04 
5.644444e-02 1.161988e+04 1.227246e+04 
6.148485e-02 1.100604e+04 1.118407e+04 
6.652525e-02 1.047218e+04 1.022741e+04 
7.156566e-02 9.896104e+03 9.381362e+03 
7.660606e-02 9.214377e+03 8.629436e+03 
8.164646e-02 8.428785e+03 7.958388e+03 
8.668687e-02 7.590792e+03 7.357338e+03 
9.172727e-02 6.770676e+03 6.817218e+03 
9.676768e-02 6.034019e+03 6.330382e+03 
1.018081e-01 5.428244e+03 5.890334e+03 
1.068485e-01 4.972736e+03 5.491520e+03 
1.118889e-01 4.656886e+03 5.129166e+03 
1.169293e-01 4.447881e+03 4.799147e+03 
1.219697e-01 4.304029e+03 4.497891e+03 
1.270101e-01 4.183732e+03 4.222290e+03 
1.320505e-01 4.051408e+03 3.969632e+03 
1.370909e-01 3.883097e+03 3.737542e+03 
1.421313e-01 3.672051e+03 3.523936e+03 
1.471717e-01 3.427121e+03 3.326980e+03 
1.522121e-01 3.166364e+03 3.145055e+03 
1.572525e-01 2.911386e+03 2.976727e+03 
1.622929e-01 2.682368e+03 2.820726e+03 
1.673333e-01 2.493558e+03 2.675921e+03 
1.723737e-01 2.349748e+03 2.541307e+03 
1.774141e-01 2.246470e+03 2.415983e+03 
1.824545e-01 2.173736e+03 2.299145e+03 
1.874949e-01 2.119469e+03 2.190071e+03 
1.925354e-01 2.071210e+03 2.088113e+03 
1.975758e-01 2.017687e+03 1.992686e+03 
2.026162e-01 1.951144e+03 1.903263e+03 
2.076566e-01 1.869375e+03 1.819369e+03 
2.126970e-01 1.775505e+03 1.740573e+03 
2.177374e-01 1.675734e+03 1.666483e+03 
2.227778e-01 1.577209e+03 1.596746e+03 
2.278182e-01 1.486420e+03 1.531038e+03 
2.328586e-01 1.408002e+03 1.469065e+03 
2.378990e-01 1.344106e+03 1.410558e+03 
2.429394e-01 1.294248e+03 1.355273e+03 
2.479798e-01 1.255901e+03 1.302984e+03 
2.530202e-01 1.225055e+03 1.253487e+03 
2.580606e-01 1.197188e+03 1.206593e+03 
2.631010e-01 1.168262e+03 1.162128e+03 
2.681414e-01 1.135661e+03 1.119932e+03 
2.731818e-01 1.098439e+03 1.079859e+03 
2.782222e-01 1.057135e+03 1.041773e+03 
2.832626e-01 1.013340e+03 1.005550e+03 
2.883030e-01 9.692723e+02 9.710729e+02 
2.933434e-01 9.273031e+02 9.382358e+02 
2.983838e-01 8.893219e+02 9.069393e+02 
3.034242e-01 8.563406e+02 8.770917e+02 
3.084646e-01 8.284520e+02 8.486076e+02 
3.135051e-01 8.050089e+02 8.214079e+02 
3.185455e-01 7.848602e+02 7.954189e+02 
3.235859e-01 7.665612e+02 7.705721e+02 
3.286263e-01 7.486842e+02 7.468036e+02 
3.336667e-01 7.301434e+02 7.240538e+02 
3.387071e-01 7.103830e+02 7.022673e+02 
3.437475e-01 6.893377e+02 6.813920e+02 
3.487879e-01 6.674044e+02 6.613793e+02 
3.538283e-01 6.452479e+02 6.421840e+02 
3.588687e-01 6.236543e+02 6.237635e+02 
3.639091e-01 6.033166e+02 6.060779e+02 
3.689495e-01 5.846896e+02 5.890898e+02 
3.739899e-01 5.679312e+02 5.727642e+02 
3.790303e-01 5.529580e+02 5.570682e+02 
3.840707e-01 5.394870e+02 5.419707e+02 
3.891111e-01 5.270860e+02 5.274428e+02 
3.941515e-01 5.152470e+02 5.134568e+02 
3.991919e-01 5.035206e+02 4.999872e+02 
4.042323e-01 4.916252e+02 4.870094e+02 
4.092727e-01 4.794681e+02 4.745007e+02 
4.143131e-01 4.671072e+02 4.624394e+02 
4.193535e-01 4.546968e+02 4.508050e+02 
4.243939e-01 4.424426e+02 4.395782e+02 
4.294343e-01 4.305815e+02 4.287409e+02 
4.344747e-01 4.193383e+02 4.182757e+02 
4.395152e-01 4.088356e+02 4.081664e+02 
4.445556e-01 3.990757e+02 3.983974e+02 
4.495960e-01 3.899754e+02 3.889542e+02 
4.546364e-01 3.814355e+02 3.798228e+02 
4.596768e-01 3.733048e+02 3.709902e+02 
4.647172e-01 3.654280e+02 3.624437e+02 
4.697576e-01 3.576666e+02 3.541716e+02 
4.747980e-01 3.499288e+02 3.461626e+02 
4.798384e-01 3.421979e+02 3.384060e+02 
4.848788e-01 3.345257e+02 3.308916e+02 
4.899192e-01 3.269539e+02 3.236098e+02 
4.949596e-01 3.195448e+02 3.165513e+02 
5.000000e-01 3.123721e+02 3.097074e+02 
