1.000000e-03 6.015574e+03 6.015568e+03 
6.040404e-03 2.747011e+04 2.769897e+04 
1.108081e-02 3.754178e+04 3.796963e+04 
1.612121e-02 4.019924e+04 4.085876e+04 
2.116162e-02 3.814469e+04 3.843658e+04 
2.620202e-02 3.350375e+04 3.312704e+04 
3.124242e-02 2.795983e+04 2.756095e+04 
3.628283e-02 2.269001e+04 2.300285e+04 
4.132323e-02 1.834204e+04 1.953802e+04 
4.636364e-02 1.510836e+04 1.689792e+04 
5.140404e-02 1.295543e+04 1.483008e+04 
5.644444e-02 1.165146e+04 1.316134e+04 
6.148485e-02 1.093607e+04 1.178055e+04 
6.652525e-02 1.055256e+04 1.061572e+04 
7.156566e-02 1.027218e+04 9.618541e+03 
7.660606e-02 9.914581e+03 8.755227e+03 
8.164646e-02 9.367252e+03 8.001159e+03 
8.668687e-02 8.605485e+03 7.337777e+03 
9.172727e-02 7.683360e+03 6.750679e+03 
9.676768e-02 6.701911e+03 6.228431e+03 
1.018081e-01 5.771823e+03 5.761792e+03 
1.068485e-01 4.981315e+03 5.343176e+03 
1.118889e-01 4.377500e+03 4.966289e+03 
1.169293e-01 3.966652e+03 4.625852e+03 
1.219697e-01 3.726631e+03 4.317405e+03 
1.270101e-01 3.618779e+03 4.037152e+03 
1.320505e-01 3.594480e+03 3.781843e+03 
1.370909e-01 3.600559e+03 3.548679e+03 
1.421313e-01 3.587440e+03 3.335242e+03 
1.471717e-01 3.518542e+03 3.139430e+03 
1.522121e-01 3.375552e+03 2.959411e+03 
1.572525e-01 3.159901e+03 2.793579e+03 
1.622929e-01 2.891722e+03 2.640527e+03 
1.673333e-01 2.603760e+03 2.499014e+03 
1.723737e-01 2.330620e+03 2.367943e+03 
1.774141e-01 2.098088e+03 2.246343e+03 
1.824545e-01 1.919222e+03 2.133350e+03 
1.874949e-01 1.796729e+03 2.028196e+03 
1.925354e-01 1.726026e+03 1.930193e+03 
1.975758e-01 1.696766e+03 1.838728e+03 
2.026162e-01 1.693600e+03 1.753250e+03 
2.076566e-01 1.698644e+03 1.673262e+03 
2.126970e-01 1.695307e+03 1.598319e+03 
2.177374e-01 1.671550e+03 1.528019e+03 
2.227778e-01 1.621393e+03 1.461997e+03 
2.278182e-01 1.545136e+03 1.399923e+03 
2.328586e-01 1.448968e+03 1.341499e+03 
2.378990e-01 1.343171e+03 1.286452e+03 
2.429394e-01 1.239116e+03 1.234536e+03 
2.479798e-01 1.146496e+03 1.185523e+03 
2.530202e-01 1.071522e+03 1.139208e+03 
2.580606e-01 1.016770e+03 1.095403e+03 
2.631010e-01 9.815049e+02 1.053935e+03 
2.681414e-01 9.623151e+02 1.014645e+03 
2.731818e-01 9.539295e+02 9.773888e+02 
2.782222e-01 9.501912e+02 9.420317e+02 
2.832626e-01 9.451073e+02 9.084509e+02 
2.883030e-01 9.338082e+02 8.765330e+02 
2.933434e-01 9.133105e+02 8.461732e+02 
2.983838e-01 8.829387e+02 8.172747e+02 
3.034242e-01 8.442337e+02 7.897481e+02 
3.084646e-01 8.004463e+02 7.635104e+02 
3.135051e-01 7.556083e+02 7.384847e+02 
3.185455e-01 7.135250e+02 7.145999e+02 
3.235859e-01 6.770930e+02 6.917895e+02 
3.286263e-01 6.479105e+02 6.699921e+02 
3.336667e-01 6.263062e+02 6.491503e+02 
3.387071e-01 6.115425e+02 6.292107e+02 
3.437475e-01 6.019726e+02 6.101235e+02 
3.487879e-01 5.953822e+02 5.918423e+02 
3.538283e-01 5.893965e+02 5.743236e+02 
3.588687e-01 5.819347e+02 5.575269e+02 
3.639091e-01 5.715798e+02 5.414142e+02 
3.689495e-01 5.577206e+02 5.259499e+02 
3.739899e-01 5.405020e+02 5.111008e+02 
3.790303e-01 5.207500e+02 4.968356e+02 
3.840707e-01 4.997659e+02 4.831251e+02 
3.891111e-01 4.790482e+02 4.699416e+02 
3.941515e-01 4.599344e+02 4.572593e+02 
3.991919e-01 4.433244e+02 4.450538e+02 
4.042323e-01 4.296502e+02 4.333024e+02 
4.092727e-01 4.188578e+02 4.219833e+02 
4.143131e-01 4.105357e+02 4.110762e+02 
4.193535e-01 4.039765e+02 4.005621e+02 
4.243939e-01 3.982992e+02 3.904227e+02 
4.294343e-01 3.926301e+02 3.806411e+02 
4.344747e-01 3.862603e+02 3.712011e+02 
4.395152e-01 3.787577e+02 3.620874e+02 
4.445556e-01 3.699915e+02 3.532856e+02 
4.495960e-01 3.601001e+02 3.447821e+02 
4.546364e-01 3.494611e+02 3.365639e+02 
4.596768e-01 3.385924e+02 3.286188e+02 
4.647172e-01 3.280364e+02 3.209352e+02 
4.697576e-01 3.182563e+02 3.135021e+02 
4.747980e-01 3.095426e+02 3.063090e+02 
4.798384e-01 3.020187e+02 2.993460e+02 
4.848788e-01 2.956376e+02 2.926037e+02 
4.899192e-01 2.902029e+02 2.860732e+02 
4.949596e-01 2.854121e+02 2.797459e+02 
5.000000e-01 2.809165e+02 2.736137e+02 
