1.000000e-03 8.020816e+03 8.020809e+03 
6.040404e-03 3.510869e+04 3.540567e+04 
1.108081e-02 4.721512e+04 4.780871e+04 
1.612121e-02 4.991746e+04 5.089162e+04 
2.116162e-02 4.673947e+04 4.726574e+04 
2.620202e-02 4.039993e+04 3.993219e+04 
3.124242e-02 3.304105e+04 3.234555e+04 
3.628283e-02 2.614732e+04 2.625038e+04 
4.132323e-02 2.051961e+04 2.175061e+04 
4.636364e-02 1.637825e+04 1.843462e+04 
5.140404e-02 1.364194e+04 1.591953e+04 
5.644444e-02 1.201022e+04 1.394626e+04 
6.148485e-02 1.115471e+04 1.235162e+04 
6.652525e-02 1.076209e+04 1.103236e+04 
7.156566e-02 1.055792e+04 9.921049e+03 
7.660606e-02 1.031357e+04 8.971764e+03 
8.164646e-02 9.867093e+03 8.151966e+03 
8.668687e-02 9.153930e+03 7.437743e+03 
9.172727e-02 8.209270e+03 6.810971e+03 
9.676768e-02 7.139721e+03 6.257564e+03 
1.018081e-01 6.078325e+03 5.766345e+03 
1.068485e-01 5.141931e+03 5.328293e+03 
1.118889e-01 4.401541e+03 4.936027e+03 
1.169293e-01 3.879759e+03 4.583441e+03 
1.219697e-01 3.562421e+03 4.265428e+03 
1.270101e-01 3.414132e+03 3.977691e+03 
1.320505e-01 3.386595e+03 3.716580e+03 
1.370909e-01 3.423824e+03 3.478982e+03 
1.421313e-01 3.468595e+03 3.262223e+03 
1.471717e-01 3.471269e+03 3.063996e+03 
1.522121e-01 3.397249e+03 2.882304e+03 
1.572525e-01 3.232394e+03 2.715407e+03 
1.622929e-01 2.986775e+03 2.561786e+03 
1.673333e-01 2.691482e+03 2.420109e+03 
1.723737e-01 2.387103e+03 2.289205e+03 
1.774141e-01 2.109419e+03 2.168040e+03 
1.824545e-01 1.881487e+03 2.055701e+03 
1.874949e-01 1.714038e+03 1.951376e+03 
1.925354e-01 1.608230e+03 1.854342e+03 
1.975758e-01 1.557629e+03 1.763958e+03 
2.026162e-01 1.549076e+03 1.679646e+03 
2.076566e-01 1.564892e+03 1.600891e+03 
2.126970e-01 1.586069e+03 1.527231e+03 
2.177374e-01 1.595526e+03 1.458248e+03 
2.227778e-01 1.580421e+03 1.393567e+03 
2.278182e-01 1.533962e+03 1.332847e+03 
2.328586e-01 1.456874e+03 1.275783e+03 
2.378990e-01 1.356930e+03 1.222095e+03 
2.429394e-01 1.246433e+03 1.171530e+03 
2.479798e-01 1.138154e+03 1.123858e+03 
2.530202e-01 1.042606e+03 1.078869e+03 
2.580606e-01 9.664844e+02 1.036372e+03 
2.631010e-01 9.126383e+02 9.961913e+02 
2.681414e-01 8.803054e+02 9.581670e+02 
2.731818e-01 8.658601e+02 9.221522e+02 
2.782222e-01 8.637188e+02 8.880121e+02 
2.832626e-01 8.673181e+02 8.556227e+02 
2.883030e-01 8.700441e+02 8.248700e+02 
2.933434e-01 8.661767e+02 7.956489e+02 
2.983838e-01 8.518233e+02 7.678624e+02 
3.034242e-01 8.256197e+02 7.414211e+02 
3.084646e-01 7.889572e+02 7.162422e+02 
3.135051e-01 7.453218e+02 6.922490e+02 
3.185455e-01 6.992383e+02 6.693704e+02 
3.235859e-01 6.551133e+02 6.475406e+02 
3.286263e-01 6.164200e+02 6.266985e+02 
3.336667e-01 5.853931e+02 6.067871e+02 
3.387071e-01 5.628828e+02 5.877535e+02 
3.437475e-01 5.484293e+02 5.695484e+02 
3.487879e-01 5.404458e+02 5.521260e+02 
3.538283e-01 5.366029e+02 5.354434e+02 
3.588687e-01 5.343225e+02 5.194605e+02 
3.639091e-01 5.311668e+02 5.041400e+02 
3.689495e-01 5.251875e+02 4.894468e+02 
3.739899e-01 5.151511e+02 4.753483e+02 
3.790303e-01 5.007506e+02 4.618137e+02 
3.840707e-01 4.826287e+02 4.488144e+02 
3.891111e-01 4.621626e+02 4.363232e+02 
3.941515e-01 4.410519e+02 4.243150e+02 
3.991919e-01 4.208961e+02 4.127658e+02 
4.042323e-01 4.029934e+02 4.016533e+02 
4.092727e-01 3.881528e+02 3.909564e+02 
4.143131e-01 3.766899e+02 3.806553e+02 
4.193535e-01 3.683809e+02 3.707313e+02 
4.243939e-01 3.625667e+02 3.611668e+02 
4.294343e-01 3.583408e+02 3.519451e+02 
4.344747e-01 3.547047e+02 3.430507e+02 
4.395152e-01 3.507343e+02 3.344686e+02 
4.445556e-01 3.456607e+02 3.261848e+02 
4.495960e-01 3.390420e+02 3.181862e+02 
4.546364e-01 3.308070e+02 3.104601e+02 
4.596768e-01 3.212324e+02 3.029948e+02 
4.647172e-01 3.108232e+02 2.957789e+02 
4.697576e-01 3.002092e+02 2.888019e+02 
4.747980e-01 2.899919e+02 2.820537e+02 
4.798384e-01 2.806903e+02 2.755246e+02 
4.848788e-01 2.726459e+02 2.692055e+02 
4.899192e-01 2.659808e+02 2.630879e+02 
4.949596e-01 2.605937e+02 2.571635e+02 
5.000000e-01 2.562366e+02 2.514246e+02 
