1.000000e-03 3.499921e+03 3.499918e+03 
6.040404e-03 1.519249e+04 1.530313e+04 
1.108081e-02 2.042925e+04 2.050939e+04 
1.612121e-02 2.193644e+04 2.192750e+04 
2.116162e-02 2.130218e+04 2.114897e+04 
2.620202e-02 1.958967e+04 1.947998e+04 
3.124242e-02 1.752933e+04 1.770940e+04 
3.628283e-02 1.557171e+04 1.608681e+04 
4.132323e-02 1.393419e+04 1.464272e+04 
4.636364e-02 1.265990e+04 1.335985e+04 
5.140404e-02 1.170056e+04 1.221726e+04 
5.644444e-02 1.094552e+04 1.119708e+04 
6.148485e-02 1.027979e+04 1.028431e+04 
6.652525e-02 9.620840e+03 9.466140e+03 
7.156566e-02 8.924243e+03 8.731413e+03 
7.660606e-02 8.189572e+03 8.070373e+03 
8.164646e-02 7.452039e+03 7.474462e+03 
8.668687e-02 6.758255e+03 6.936174e+03 
9.172727e-02 6.145324e+03 6.448932e+03 
9.676768e-02 5.635840e+03 6.006977e+03 
1.018081e-01 5.235711e+03 5.605268e+03 
1.068485e-01 4.931098e+03 5.239386e+03 
1.118889e-01 4.692453e+03 4.905461e+03 
1.169293e-01 4.485976e+03 4.600096e+03 
1.219697e-01 4.284471e+03 4.320307e+03 
1.270101e-01 4.071404e+03 4.063467e+03 
1.320505e-01 3.840736e+03 3.827263e+03 
1.370909e-01 3.597631e+03 3.609651e+03 
1.421313e-01 3.354529e+03 3.408821e+03 
1.471717e-01 3.124794e+03 3.223171e+03 
1.522121e-01 2.918823e+03 3.051276e+03 
1.572525e-01 2.743048e+03 2.891871e+03 
1.622929e-01 2.599407e+03 2.743825e+03 
1.673333e-01 2.483955e+03 2.606129e+03 
1.723737e-01 2.387783e+03 2.477880e+03 
1.774141e-01 2.301086e+03 2.358267e+03 
1.824545e-01 2.216390e+03 2.246563e+03 
1.874949e-01 2.128995e+03 2.142112e+03 
1.925354e-01 2.036748e+03 2.044324e+03 
1.975758e-01 1.940235e+03 1.952666e+03 
2.026162e-01 1.842755e+03 1.866654e+03 
2.076566e-01 1.748962e+03 1.785852e+03 
2.126970e-01 1.662537e+03 1.709862e+03 
2.177374e-01 1.585551e+03 1.638324e+03 
2.227778e-01 1.518481e+03 1.570909e+03 
2.278182e-01 1.460417e+03 1.507317e+03 
2.328586e-01 1.409416e+03 1.447275e+03 
2.378990e-01 1.363028e+03 1.390533e+03 
2.429394e-01 1.318841e+03 1.336861e+03 
2.479798e-01 1.274931e+03 1.286051e+03 
2.530202e-01 1.230235e+03 1.237908e+03 
2.580606e-01 1.184660e+03 1.192256e+03 
2.631010e-01 1.139067e+03 1.148931e+03 
2.681414e-01 1.094702e+03 1.107785e+03 
2.731818e-01 1.052594e+03 1.068677e+03 
2.782222e-01 1.013451e+03 1.031480e+03 
2.832626e-01 9.776250e+02 9.960750e+02 
2.883030e-01 9.450986e+02 9.623534e+02 
2.933434e-01 9.154548e+02 9.302134e+02 
2.983838e-01 8.879470e+02 8.995608e+02 
3.034242e-01 8.617981e+02 8.703083e+02 
3.084646e-01 8.364263e+02 8.423746e+02 
3.135051e-01 8.114364e+02 8.156843e+02 
3.185455e-01 7.866714e+02 7.901671e+02 
3.235859e-01 7.621906e+02 7.657573e+02 
3.286263e-01 7.382281e+02 7.423941e+02 
3.336667e-01 7.151117e+02 7.200202e+02 
3.387071e-01 6.931039e+02 6.985824e+02 
3.437475e-01 6.723430e+02 6.780310e+02 
3.487879e-01 6.528648e+02 6.583192e+02 
3.538283e-01 6.345922e+02 6.394034e+02 
3.588687e-01 6.173364e+02 6.212427e+02 
3.639091e-01 6.008751e+02 6.037988e+02 
3.689495e-01 5.850162e+02 5.870356e+02 
3.739899e-01 5.696096e+02 5.709192e+02 
3.790303e-01 5.545866e+02 5.554179e+02 
3.840707e-01 5.399019e+02 5.405017e+02 
3.891111e-01 5.255551e+02 5.261426e+02 
3.941515e-01 5.116163e+02 5.123139e+02 
3.991919e-01 4.981783e+02 4.989908e+02 
4.042323e-01 4.853007e+02 4.861496e+02 
4.092727e-01 4.729834e+02 4.737681e+02 
4.143131e-01 4.611940e+02 4.618253e+02 
4.193535e-01 4.499086e+02 4.503015e+02 
4.243939e-01 4.390890e+02 4.391777e+02 
4.294343e-01 4.286640e+02 4.284364e+02 
4.344747e-01 4.185734e+02 4.180608e+02 
4.395152e-01 4.087476e+02 4.080348e+02 
4.445556e-01 3.991936e+02 3.983436e+02 
4.495960e-01 3.899149e+02 3.889728e+02 
4.546364e-01 3.808931e+02 3.799089e+02 
4.596768e-01 3.721318e+02 3.711391e+02 
4.647172e-01 3.636392e+02 3.626512e+02 
4.697576e-01 3.554393e+02 3.544336e+02 
4.747980e-01 3.475386e+02 3.464752e+02 
4.798384e-01 3.399054e+02 3.387658e+02 
4.848788e-01 3.325193e+02 3.312952e+02 
4.899192e-01 3.253714e+02 3.240542e+02 
4.949596e-01 3.184451e+02 3.170335e+02 
5.000000e-01 3.117268e+02 3.102247e+02 
