1.000000e-03 3.721802e+03 3.721799e+03 
6.040404e-03 1.619662e+04 1.631491e+04 
1.108081e-02 2.176059e+04 2.185213e+04 
1.612121e-02 2.331918e+04 2.332142e+04 
2.116162e-02 2.257750e+04 2.242153e+04 
2.620202e-02 2.068459e+04 2.057198e+04 
3.124242e-02 1.843283e+04 1.863594e+04 
3.628283e-02 1.630950e+04 1.688047e+04 
4.132323e-02 1.454800e+04 1.533115e+04 
4.636364e-02 1.318995e+04 1.396340e+04 
5.140404e-02 1.218339e+04 1.275086e+04 
5.644444e-02 1.140075e+04 1.167200e+04 
6.148485e-02 1.071607e+04 1.070938e+04 
6.652525e-02 1.003557e+04 9.848416e+03 
7.156566e-02 9.310523e+03 9.076673e+03 
7.660606e-02 8.538937e+03 8.383403e+03 
8.164646e-02 7.758629e+03 7.759274e+03 
8.668687e-02 7.021236e+03 7.196159e+03 
9.172727e-02 6.369340e+03 6.686978e+03 
9.676768e-02 5.829217e+03 6.225558e+03 
1.018081e-01 5.408183e+03 5.806512e+03 
1.068485e-01 5.091610e+03 5.425138e+03 
1.118889e-01 4.847375e+03 5.077323e+03 
1.169293e-01 4.639014e+03 4.759465e+03 
1.219697e-01 4.436358e+03 4.468408e+03 
1.270101e-01 4.219999e+03 4.201377e+03 
1.320505e-01 3.982717e+03 3.955930e+03 
1.370909e-01 3.729571e+03 3.729914e+03 
1.421313e-01 3.474202e+03 3.521425e+03 
1.471717e-01 3.231531e+03 3.328780e+03 
1.522121e-01 3.013421e+03 3.150483e+03 
1.572525e-01 2.827699e+03 2.985204e+03 
1.622929e-01 2.677163e+03 2.831759e+03 
1.673333e-01 2.557760e+03 2.689092e+03 
1.723737e-01 2.459755e+03 2.556256e+03 
1.774141e-01 2.372417e+03 2.432404e+03 
1.824545e-01 2.287377e+03 2.316776e+03 
1.874949e-01 2.199161e+03 2.208686e+03 
1.925354e-01 2.104943e+03 2.107519e+03 
1.975758e-01 2.005134e+03 2.012717e+03 
2.026162e-01 1.903386e+03 1.923778e+03 
2.076566e-01 1.804816e+03 1.840245e+03 
2.126970e-01 1.713821e+03 1.761705e+03 
2.177374e-01 1.632856e+03 1.687781e+03 
2.227778e-01 1.562625e+03 1.618133e+03 
2.278182e-01 1.502373e+03 1.552447e+03 
2.328586e-01 1.450098e+03 1.490440e+03 
2.378990e-01 1.403049e+03 1.431851e+03 
2.429394e-01 1.358416e+03 1.376442e+03 
2.479798e-01 1.313974e+03 1.323996e+03 
2.530202e-01 1.268412e+03 1.274311e+03 
2.580606e-01 1.221598e+03 1.227204e+03 
2.631010e-01 1.174402e+03 1.182506e+03 
2.681414e-01 1.128143e+03 1.140060e+03 
2.731818e-01 1.084077e+03 1.099724e+03 
2.782222e-01 1.043107e+03 1.061363e+03 
2.832626e-01 1.005736e+03 1.024855e+03 
2.883030e-01 9.719992e+02 9.900873e+02 
2.933434e-01 9.414501e+02 9.569540e+02 
2.983838e-01 9.132833e+02 9.253578e+02 
3.034242e-01 8.866544e+02 8.952081e+02 
3.084646e-01 8.608416e+02 8.664208e+02 
3.135051e-01 8.353542e+02 8.389177e+02 
3.185455e-01 8.099697e+02 8.126260e+02 
3.235859e-01 7.847421e+02 7.874779e+02 
3.286263e-01 7.599504e+02 7.634102e+02 
3.336667e-01 7.359556e+02 7.403638e+02 
3.387071e-01 7.130660e+02 7.182836e+02 
3.437475e-01 6.914887e+02 6.971181e+02 
3.487879e-01 6.713079e+02 6.768190e+02 
3.538283e-01 6.524512e+02 6.573412e+02 
3.588687e-01 6.347123e+02 6.386424e+02 
3.639091e-01 6.178341e+02 6.206829e+02 
3.689495e-01 6.015969e+02 6.034255e+02 
3.739899e-01 5.858529e+02 5.868352e+02 
3.790303e-01 5.704668e+02 5.708792e+02 
3.840707e-01 5.553685e+02 5.555265e+02 
3.891111e-01 5.405764e+02 5.407481e+02 
3.941515e-01 5.261851e+02 5.265166e+02 
3.991919e-01 5.122972e+02 5.128062e+02 
4.042323e-01 4.989718e+02 4.995925e+02 
4.092727e-01 4.862321e+02 4.868526e+02 
4.143131e-01 4.740606e+02 4.745648e+02 
4.193535e-01 4.624423e+02 4.627086e+02 
4.243939e-01 4.513254e+02 4.512648e+02 
4.294343e-01 4.406291e+02 4.402149e+02 
4.344747e-01 4.302593e+02 4.295417e+02 
4.395152e-01 4.201815e+02 4.192289e+02 
4.445556e-01 4.103805e+02 4.092607e+02 
4.495960e-01 4.008373e+02 3.996226e+02 
4.546364e-01 3.915467e+02 3.903006e+02 
4.596768e-01 3.825101e+02 3.812814e+02 
4.647172e-01 3.737546e+02 3.725525e+02 
4.697576e-01 3.653084e+02 3.641020e+02 
4.747980e-01 3.571582e+02 3.559184e+02 
4.798384e-01 3.492900e+02 3.479911e+02 
4.848788e-01 3.416894e+02 3.403097e+02 
4.899192e-01 3.343425e+02 3.328646e+02 
4.949596e-01 3.272364e+02 3.256463e+02 
5.000000e-01 3.203292e+02 3.186462e+02 
