1.000000e-03 4.224209e+03 4.224205e+03 
6.040404e-03 1.857642e+04 1.871614e+04 
1.108081e-02 2.488862e+04 2.503725e+04 
1.612121e-02 2.645960e+04 2.655016e+04 
2.116162e-02 2.528679e+04 2.516256e+04 
2.620202e-02 2.275914e+04 2.262380e+04 
3.124242e-02 1.985436e+04 2.008792e+04 
3.628283e-02 1.717879e+04 1.789843e+04 
4.132323e-02 1.502001e+04 1.604949e+04 
4.636364e-02 1.341727e+04 1.447320e+04 
5.140404e-02 1.231299e+04 1.311200e+04 
5.644444e-02 1.152669e+04 1.192459e+04 
6.148485e-02 1.089070e+04 1.088109e+04 
6.652525e-02 1.026930e+04 9.958944e+03 
7.156566e-02 9.582211e+03 9.140410e+03 
7.660606e-02 8.804594e+03 8.411088e+03 
8.164646e-02 7.969284e+03 7.759058e+03 
8.668687e-02 7.142008e+03 7.174315e+03 
9.172727e-02 6.389272e+03 6.648385e+03 
9.676768e-02 5.758737e+03 6.174042e+03 
1.018081e-01 5.271888e+03 5.745098e+03 
1.068485e-01 4.921437e+03 5.356225e+03 
1.118889e-01 4.677363e+03 5.002825e+03 
1.169293e-01 4.498109e+03 4.680913e+03 
1.219697e-01 4.341667e+03 4.387029e+03 
1.270101e-01 4.173651e+03 4.118156e+03 
1.320505e-01 3.973742e+03 3.871656e+03 
1.370909e-01 3.739302e+03 3.645221e+03 
1.421313e-01 3.482017e+03 3.436819e+03 
1.471717e-01 3.219448e+03 3.244664e+03 
1.522121e-01 2.970415e+03 3.067177e+03 
1.572525e-01 2.752138e+03 2.902960e+03 
1.622929e-01 2.575513e+03 2.750774e+03 
1.673333e-01 2.441445e+03 2.609515e+03 
1.723737e-01 2.341773e+03 2.478201e+03 
1.774141e-01 2.264667e+03 2.355954e+03 
1.824545e-01 2.198562e+03 2.241988e+03 
1.874949e-01 2.132966e+03 2.135600e+03 
1.925354e-01 2.059279e+03 2.036155e+03 
1.975758e-01 1.973246e+03 1.943083e+03 
2.026162e-01 1.876637e+03 1.855871e+03 
2.076566e-01 1.775212e+03 1.774053e+03 
2.126970e-01 1.675448e+03 1.697209e+03 
2.177374e-01 1.582803e+03 1.624958e+03 
2.227778e-01 1.501353e+03 1.556952e+03 
2.278182e-01 1.433245e+03 1.492877e+03 
2.328586e-01 1.378114e+03 1.432446e+03 
2.378990e-01 1.333263e+03 1.375396e+03 
2.429394e-01 1.294950e+03 1.321489e+03 
2.479798e-01 1.259312e+03 1.270505e+03 
2.530202e-01 1.223096e+03 1.222244e+03 
2.580606e-01 1.184145e+03 1.176521e+03 
2.631010e-01 1.141825e+03 1.133167e+03 
2.681414e-01 1.097067e+03 1.092027e+03 
2.731818e-01 1.051649e+03 1.052957e+03 
2.782222e-01 1.007494e+03 1.015825e+03 
2.832626e-01 9.662435e+02 9.805092e+02 
2.883030e-01 9.290384e+02 9.468966e+02 
2.933434e-01 8.964204e+02 9.148829e+02 
2.983838e-01 8.681608e+02 8.843716e+02 
3.034242e-01 8.432959e+02 8.552729e+02 
3.084646e-01 8.205648e+02 8.275039e+02 
3.135051e-01 7.987897e+02 8.009871e+02 
3.185455e-01 7.770823e+02 7.756509e+02 
3.235859e-01 7.548986e+02 7.514282e+02 
3.286263e-01 7.320290e+02 7.282570e+02 
3.336667e-01 7.087066e+02 7.060789e+02 
3.387071e-01 6.854803e+02 6.848399e+02 
3.437475e-01 6.630280e+02 6.644893e+02 
3.487879e-01 6.418417e+02 6.449798e+02 
3.538283e-01 6.221775e+02 6.262670e+02 
3.588687e-01 6.041217e+02 6.083096e+02 
3.639091e-01 5.876038e+02 5.910687e+02 
3.689495e-01 5.723811e+02 5.745077e+02 
3.739899e-01 5.580697e+02 5.585926e+02 
3.790303e-01 5.442577e+02 5.432912e+02 
3.840707e-01 5.306667e+02 5.285733e+02 
3.891111e-01 5.171490e+02 5.144105e+02 
3.941515e-01 5.036492e+02 5.007761e+02 
3.991919e-01 4.902219e+02 4.876450e+02 
4.042323e-01 4.770048e+02 4.749934e+02 
4.092727e-01 4.641939e+02 4.627990e+02 
4.143131e-01 4.519430e+02 4.510407e+02 
4.193535e-01 4.403092e+02 4.396986e+02 
4.243939e-01 4.293282e+02 4.287539e+02 
4.294343e-01 4.189726e+02 4.181887e+02 
4.344747e-01 4.091733e+02 4.079863e+02 
4.395152e-01 3.997994e+02 3.981307e+02 
4.445556e-01 3.907272e+02 3.886070e+02 
4.495960e-01 3.818739e+02 3.794007e+02 
4.546364e-01 3.731882e+02 3.704984e+02 
4.596768e-01 3.646471e+02 3.618873e+02 
4.647172e-01 3.562466e+02 3.535552e+02 
4.697576e-01 3.480167e+02 3.454904e+02 
4.747980e-01 3.400228e+02 3.376822e+02 
4.798384e-01 3.323082e+02 3.301199e+02 
4.848788e-01 3.248893e+02 3.227938e+02 
4.899192e-01 3.177637e+02 3.156943e+02 
4.949596e-01 3.109203e+02 3.088126e+02 
5.000000e-01 3.043497e+02 3.021400e+02 
