1.000000e-03 3.091353e+03 3.091351e+03 
6.040404e-03 1.391453e+04 1.401716e+04 
1.108081e-02 1.907764e+04 1.916125e+04 
1.612121e-02 2.078687e+04 2.080031e+04 
2.116162e-02 2.042640e+04 2.029928e+04 
2.620202e-02 1.896426e+04 1.884824e+04 
3.124242e-02 1.709171e+04 1.723160e+04 
3.628283e-02 1.525526e+04 1.572490e+04 
4.132323e-02 1.368760e+04 1.437308e+04 
4.636364e-02 1.245214e+04 1.316499e+04 
5.140404e-02 1.152286e+04 1.208301e+04 
5.644444e-02 1.080090e+04 1.111176e+04 
6.148485e-02 1.018193e+04 1.023832e+04 
6.652525e-02 9.581842e+03 9.451629e+03 
7.156566e-02 8.944117e+03 8.742000e+03 
7.660606e-02 8.256941e+03 8.100880e+03 
8.164646e-02 7.548942e+03 7.520694e+03 
8.668687e-02 6.866462e+03 6.994732e+03 
9.172727e-02 6.248882e+03 6.517065e+03 
9.676768e-02 5.722250e+03 6.082454e+03 
1.018081e-01 5.299313e+03 5.686278e+03 
1.068485e-01 4.975996e+03 5.324463e+03 
1.118889e-01 4.729877e+03 4.993414e+03 
1.169293e-01 4.528172e+03 4.689960e+03 
1.219697e-01 4.340319e+03 4.411300e+03 
1.270101e-01 4.145639e+03 4.154957e+03 
1.320505e-01 3.934234e+03 3.918739e+03 
1.370909e-01 3.705750e+03 3.700702e+03 
1.421313e-01 3.468556e+03 3.499120e+03 
1.471717e-01 3.235675e+03 3.312456e+03 
1.522121e-01 3.019777e+03 3.139343e+03 
1.572525e-01 2.830452e+03 2.978560e+03 
1.622929e-01 2.672506e+03 2.829013e+03 
1.673333e-01 2.545197e+03 2.689725e+03 
1.723737e-01 2.442427e+03 2.559817e+03 
1.774141e-01 2.355174e+03 2.438500e+03 
1.824545e-01 2.274676e+03 2.325064e+03 
1.874949e-01 2.194059e+03 2.218868e+03 
1.925354e-01 2.109008e+03 2.119331e+03 
1.975758e-01 2.018019e+03 2.025931e+03 
2.026162e-01 1.922785e+03 1.938191e+03 
2.076566e-01 1.827412e+03 1.855681e+03 
2.126970e-01 1.736254e+03 1.778008e+03 
2.177374e-01 1.652639e+03 1.704816e+03 
2.227778e-01 1.578502e+03 1.635778e+03 
2.278182e-01 1.514383e+03 1.570597e+03 
2.328586e-01 1.459316e+03 1.509002e+03 
2.378990e-01 1.411055e+03 1.450743e+03 
2.429394e-01 1.366913e+03 1.395592e+03 
2.479798e-01 1.324561e+03 1.343340e+03 
2.530202e-01 1.282241e+03 1.293794e+03 
2.580606e-01 1.238819e+03 1.246776e+03 
2.631010e-01 1.194161e+03 1.202123e+03 
2.681414e-01 1.149113e+03 1.159685e+03 
2.731818e-01 1.105079e+03 1.119323e+03 
2.782222e-01 1.063271e+03 1.080907e+03 
2.832626e-01 1.024418e+03 1.044319e+03 
2.883030e-01 9.888553e+02 1.009448e+03 
2.933434e-01 9.566295e+02 9.761927e+02 
2.983838e-01 9.274441e+02 9.444573e+02 
3.034242e-01 9.005896e+02 9.141538e+02 
3.084646e-01 8.751599e+02 8.852001e+02 
3.135051e-01 8.504172e+02 8.575199e+02 
3.185455e-01 8.259567e+02 8.310420e+02 
3.235859e-01 8.016394e+02 8.056999e+02 
3.286263e-01 7.774753e+02 7.814318e+02 
3.336667e-01 7.536175e+02 7.581796e+02 
3.387071e-01 7.303992e+02 7.358893e+02 
3.437475e-01 7.081953e+02 7.145103e+02 
3.487879e-01 6.872626e+02 6.939951e+02 
3.538283e-01 6.676685e+02 6.742992e+02 
3.588687e-01 6.493073e+02 6.553811e+02 
3.639091e-01 6.320113e+02 6.372015e+02 
3.689495e-01 6.156203e+02 6.197238e+02 
3.739899e-01 5.999143e+02 6.029133e+02 
3.790303e-01 5.846850e+02 5.867377e+02 
3.840707e-01 5.697727e+02 5.711663e+02 
3.891111e-01 5.551147e+02 5.561704e+02 
3.941515e-01 5.407574e+02 5.417228e+02 
3.991919e-01 5.267582e+02 5.277980e+02 
4.042323e-01 5.131783e+02 5.143718e+02 
4.092727e-01 5.000854e+02 5.014215e+02 
4.143131e-01 4.875419e+02 4.889255e+02 
4.193535e-01 4.755823e+02 4.768634e+02 
4.243939e-01 4.641711e+02 4.652161e+02 
4.294343e-01 4.532371e+02 4.539653e+02 
4.344747e-01 4.427155e+02 4.430938e+02 
4.395152e-01 4.325531e+02 4.325852e+02 
4.445556e-01 4.227017e+02 4.224241e+02 
4.495960e-01 4.131086e+02 4.125958e+02 
4.546364e-01 4.037371e+02 4.030863e+02 
4.596768e-01 3.945958e+02 3.938825e+02 
4.647172e-01 3.857034e+02 3.849717e+02 
4.697576e-01 3.770725e+02 3.763421e+02 
4.747980e-01 3.687166e+02 3.679824e+02 
4.798384e-01 3.606361e+02 3.598816e+02 
4.848788e-01 3.528297e+02 3.520296e+02 
4.899192e-01 3.453038e+02 3.444166e+02 
4.949596e-01 3.380352e+02 3.370333e+02 
5.000000e-01 3.309955e+02 3.298708e+02 
