1.000000e-03 5.607872e+03 5.607867e+03 
6.040404e-03 2.483946e+04 2.504109e+04 
1.108081e-02 3.336658e+04 3.369021e+04 
1.612121e-02 3.532646e+04 3.573915e+04 
2.116162e-02 3.332635e+04 3.338838e+04 
2.620202e-02 2.928983e+04 2.899842e+04 
3.124242e-02 2.465902e+04 2.463518e+04 
3.628283e-02 2.038045e+04 2.107381e+04 
4.132323e-02 1.693388e+04 1.829151e+04 
4.636364e-02 1.441796e+04 1.608898e+04 
5.140404e-02 1.277807e+04 1.429928e+04 
5.644444e-02 1.177562e+04 1.281004e+04 
6.148485e-02 1.117151e+04 1.154780e+04 
6.652525e-02 1.073303e+04 1.046316e+04 
7.156566e-02 1.028289e+04 9.521425e+03 
7.660606e-02 9.698203e+03 8.697168e+03 
8.164646e-02 8.935131e+03 7.971027e+03 
8.668687e-02 8.032480e+03 7.327840e+03 
9.172727e-02 7.080105e+03 6.755455e+03 
9.676768e-02 6.178059e+03 6.243966e+03 
1.018081e-01 5.406704e+03 5.785187e+03 
1.068485e-01 4.811025e+03 5.372283e+03 
1.118889e-01 4.397650e+03 4.999495e+03 
1.169293e-01 4.143746e+03 4.661939e+03 
1.219697e-01 4.008009e+03 4.355445e+03 
1.270101e-01 3.939353e+03 4.076434e+03 
1.320505e-01 3.885743e+03 3.821823e+03 
1.370909e-01 3.803738e+03 3.588938e+03 
1.421313e-01 3.666747e+03 3.375459e+03 
1.471717e-01 3.467486e+03 3.179358e+03 
1.522121e-01 3.216009e+03 2.998861e+03 
1.572525e-01 2.935851e+03 2.832412e+03 
1.622929e-01 2.658277e+03 2.678636e+03 
1.673333e-01 2.412135e+03 2.536323e+03 
1.723737e-01 2.214551e+03 2.404397e+03 
1.774141e-01 2.070081e+03 2.281906e+03 
1.824545e-01 1.974846e+03 2.168000e+03 
1.874949e-01 1.919595e+03 2.061920e+03 
1.925354e-01 1.890773e+03 1.962991e+03 
1.975758e-01 1.871568e+03 1.870603e+03 
2.026162e-01 1.845825e+03 1.784211e+03 
2.076566e-01 1.802563e+03 1.703324e+03 
2.126970e-01 1.737537e+03 1.627499e+03 
2.177374e-01 1.652271e+03 1.556336e+03 
2.227778e-01 1.552804e+03 1.489472e+03 
2.278182e-01 1.448233e+03 1.426578e+03 
2.328586e-01 1.348410e+03 1.367357e+03 
2.378990e-01 1.261317e+03 1.311537e+03 
2.429394e-01 1.191388e+03 1.258871e+03 
2.479798e-01 1.139543e+03 1.209132e+03 
2.530202e-01 1.104007e+03 1.162115e+03 
2.580606e-01 1.080819e+03 1.117631e+03 
2.631010e-01 1.064473e+03 1.075506e+03 
2.681414e-01 1.049171e+03 1.035582e+03 
2.731818e-01 1.030201e+03 9.977131e+02 
2.782222e-01 1.004708e+03 9.617646e+02 
2.832626e-01 9.717941e+02 9.276131e+02 
2.883030e-01 9.323517e+02 8.951442e+02 
2.933434e-01 8.887347e+02 8.642528e+02 
2.983838e-01 8.442798e+02 8.348413e+02 
3.034242e-01 8.023782e+02 8.068197e+02 
3.084646e-01 7.654950e+02 7.801043e+02 
3.135051e-01 7.348941e+02 7.546176e+02 
3.185455e-01 7.107174e+02 7.302879e+02 
3.235859e-01 6.921983e+02 7.070482e+02 
3.286263e-01 6.778737e+02 6.848363e+02 
3.336667e-01 6.658083e+02 6.635944e+02 
3.387071e-01 6.539642e+02 6.432685e+02 
3.437475e-01 6.407465e+02 6.238082e+02 
3.487879e-01 6.252821e+02 6.051667e+02 
3.538283e-01 6.074073e+02 5.873000e+02 
3.588687e-01 5.875107e+02 5.701670e+02 
3.639091e-01 5.664446e+02 5.537293e+02 
3.689495e-01 5.453179e+02 5.379510e+02 
3.739899e-01 5.252439e+02 5.227983e+02 
3.790303e-01 5.070893e+02 5.082396e+02 
3.840707e-01 4.912948e+02 4.942451e+02 
3.891111e-01 4.778989e+02 4.807870e+02 
3.941515e-01 4.666257e+02 4.678390e+02 
3.991919e-01 4.569357e+02 4.553764e+02 
4.042323e-01 4.481211e+02 4.433760e+02 
4.092727e-01 4.394822e+02 4.318160e+02 
4.143131e-01 4.304908e+02 4.206756e+02 
4.193535e-01 4.208577e+02 4.099355e+02 
4.243939e-01 4.104904e+02 3.995772e+02 
4.294343e-01 3.995012e+02 3.895835e+02 
4.344747e-01 3.881718e+02 3.799378e+02 
4.395152e-01 3.769162e+02 3.706248e+02 
4.445556e-01 3.661344e+02 3.616298e+02 
4.495960e-01 3.560972e+02 3.529389e+02 
4.546364e-01 3.469480e+02 3.445389e+02 
4.596768e-01 3.387370e+02 3.364175e+02 
4.647172e-01 3.313896e+02 3.285627e+02 
4.697576e-01 3.247092e+02 3.209635e+02 
4.747980e-01 3.184340e+02 3.136091e+02 
4.798384e-01 3.123165e+02 3.064895e+02 
4.848788e-01 3.061664e+02 2.995952e+02 
4.899192e-01 2.998896e+02 2.929169e+02 
4.949596e-01 2.934285e+02 2.864460e+02 
5.000000e-01 2.868051e+02 2.801743e+02 
