1.000000e-03 4.819214e+03 4.819210e+03 
6.040404e-03 2.133102e+04 2.150184e+04 
1.108081e-02 2.899971e+04 2.926563e+04 
1.612121e-02 3.113768e+04 3.148084e+04 
2.116162e-02 2.984391e+04 2.990893e+04 
2.620202e-02 2.669019e+04 2.643064e+04 
3.124242e-02 2.288034e+04 2.278887e+04 
3.628283e-02 1.923553e+04 1.972191e+04 
4.132323e-02 1.620460e+04 1.727416e+04 
4.636364e-02 1.391771e+04 1.530584e+04 
5.140404e-02 1.236253e+04 1.368668e+04 
5.644444e-02 1.136342e+04 1.232566e+04 
6.148485e-02 1.072817e+04 1.116215e+04 
6.652525e-02 1.027295e+04 1.015487e+04 
7.156566e-02 9.830986e+03 9.274551e+03 
7.660606e-02 9.291990e+03 8.499538e+03 
8.164646e-02 8.612380e+03 7.813195e+03 
8.668687e-02 7.815861e+03 7.202372e+03 
9.172727e-02 6.966736e+03 6.656440e+03 
9.676768e-02 6.143147e+03 6.166664e+03 
1.018081e-01 5.416308e+03 5.725768e+03 
1.068485e-01 4.834120e+03 5.327631e+03 
1.118889e-01 4.411517e+03 4.967065e+03 
1.169293e-01 4.133618e+03 4.639637e+03 
1.219697e-01 3.967045e+03 4.341545e+03 
1.270101e-01 3.870543e+03 4.069507e+03 
1.320505e-01 3.801459e+03 3.820679e+03 
1.370909e-01 3.720451e+03 3.592588e+03 
1.421313e-01 3.599010e+03 3.383073e+03 
1.471717e-01 3.425310e+03 3.190243e+03 
1.522121e-01 3.204428e+03 3.012434e+03 
1.572525e-01 2.953777e+03 2.848181e+03 
1.622929e-01 2.697240e+03 2.696190e+03 
1.673333e-01 2.459269e+03 2.555311e+03 
1.723737e-01 2.258546e+03 2.424526e+03 
1.774141e-01 2.103977e+03 2.302926e+03 
1.824545e-01 1.995071e+03 2.189701e+03 
1.874949e-01 1.924919e+03 2.084125e+03 
1.925354e-01 1.882669e+03 1.985548e+03 
1.975758e-01 1.855063e+03 1.893385e+03 
2.026162e-01 1.828235e+03 1.807112e+03 
2.076566e-01 1.790650e+03 1.726252e+03 
2.126970e-01 1.735597e+03 1.650379e+03 
2.177374e-01 1.661997e+03 1.579104e+03 
2.227778e-01 1.573623e+03 1.512074e+03 
2.278182e-01 1.477454e+03 1.448971e+03 
2.328586e-01 1.381754e+03 1.389504e+03 
2.378990e-01 1.294046e+03 1.333408e+03 
2.429394e-01 1.219613e+03 1.280442e+03 
2.479798e-01 1.160994e+03 1.230383e+03 
2.530202e-01 1.118028e+03 1.183031e+03 
2.580606e-01 1.088191e+03 1.138199e+03 
2.631010e-01 1.067190e+03 1.095719e+03 
2.681414e-01 1.049992e+03 1.055432e+03 
2.731818e-01 1.031952e+03 1.017197e+03 
2.782222e-01 1.009697e+03 9.808802e+02 
2.832626e-01 9.813991e+02 9.463595e+02 
2.883030e-01 9.468533e+02 9.135224e+02 
2.933434e-01 9.073684e+02 8.822645e+02 
2.983838e-01 8.654458e+02 8.524894e+02 
3.034242e-01 8.240656e+02 8.241078e+02 
3.084646e-01 7.858651e+02 7.970368e+02 
3.135051e-01 7.526257e+02 7.711994e+02 
3.185455e-01 7.251187e+02 7.465243e+02 
3.235859e-01 7.032402e+02 7.229448e+02 
3.286263e-01 6.861211e+02 7.003992e+02 
3.336667e-01 6.722684e+02 6.788297e+02 
3.387071e-01 6.598969e+02 6.581826e+02 
3.437475e-01 6.473504e+02 6.384076e+02 
3.487879e-01 6.334251e+02 6.194579e+02 
3.538283e-01 6.174900e+02 6.012897e+02 
3.588687e-01 5.994848e+02 5.838617e+02 
3.639091e-01 5.798812e+02 5.671357e+02 
3.689495e-01 5.595289e+02 5.510757e+02 
3.739899e-01 5.394246e+02 5.356477e+02 
3.790303e-01 5.204955e+02 5.208202e+02 
3.840707e-01 5.033904e+02 5.065633e+02 
3.891111e-01 4.884469e+02 4.928490e+02 
3.941515e-01 4.756648e+02 4.796510e+02 
3.991919e-01 4.647495e+02 4.669445e+02 
4.042323e-01 4.551868e+02 4.547062e+02 
4.092727e-01 4.463376e+02 4.429140e+02 
4.143131e-01 4.375994e+02 4.315472e+02 
4.193535e-01 4.285279e+02 4.205863e+02 
4.243939e-01 4.188844e+02 4.100126e+02 
4.294343e-01 4.086253e+02 3.998088e+02 
4.344747e-01 3.978562e+02 3.899584e+02 
4.395152e-01 3.868398e+02 3.804456e+02 
4.445556e-01 3.759295e+02 3.712558e+02 
4.495960e-01 3.654847e+02 3.623749e+02 
4.546364e-01 3.557510e+02 3.537897e+02 
4.596768e-01 3.468514e+02 3.454876e+02 
4.647172e-01 3.388047e+02 3.374566e+02 
4.697576e-01 3.315302e+02 3.296855e+02 
4.747980e-01 3.248775e+02 3.221635e+02 
4.798384e-01 3.186249e+02 3.148804e+02 
4.848788e-01 3.125299e+02 3.078266e+02 
4.899192e-01 3.064155e+02 3.009927e+02 
4.949596e-01 3.001840e+02 2.943700e+02 
5.000000e-01 2.938056e+02 2.879502e+02 
