1.000000e-03 2.943476e+03 2.943474e+03 
6.040404e-03 1.308940e+04 1.318385e+04 
1.108081e-02 1.782903e+04 1.787883e+04 
1.612121e-02 1.938756e+04 1.933892e+04 
2.116162e-02 1.909830e+04 1.893478e+04 
2.620202e-02 1.784940e+04 1.773715e+04 
3.124242e-02 1.624864e+04 1.637275e+04 
3.628283e-02 1.467269e+04 1.505776e+04 
4.132323e-02 1.330994e+04 1.384167e+04 
4.636364e-02 1.219829e+04 1.273029e+04 
5.140404e-02 1.133423e+04 1.171941e+04 
5.644444e-02 1.060588e+04 1.080226e+04 
6.148485e-02 9.944064e+03 9.971288e+03 
6.652525e-02 9.290722e+03 9.218769e+03 
7.156566e-02 8.616555e+03 8.537197e+03 
7.660606e-02 7.927614e+03 7.919481e+03 
8.164646e-02 7.255446e+03 7.359066e+03 
8.668687e-02 6.636332e+03 6.849980e+03 
9.172727e-02 6.093867e+03 6.386840e+03 
9.676768e-02 5.639134e+03 5.964825e+03 
1.018081e-01 5.272316e+03 5.579640e+03 
1.068485e-01 4.979915e+03 5.227464e+03 
1.118889e-01 4.735999e+03 4.904913e+03 
1.169293e-01 4.512675e+03 4.608980e+03 
1.219697e-01 4.290780e+03 4.337005e+03 
1.270101e-01 4.061550e+03 4.086625e+03 
1.320505e-01 3.824845e+03 3.855743e+03 
1.370909e-01 3.586883e+03 3.642496e+03 
1.421313e-01 3.357599e+03 3.445226e+03 
1.471717e-01 3.146774e+03 3.262456e+03 
1.522121e-01 2.960241e+03 3.092866e+03 
1.572525e-01 2.800312e+03 2.935280e+03 
1.622929e-01 2.665789e+03 2.788641e+03 
1.673333e-01 2.551781e+03 2.652002e+03 
1.723737e-01 2.450642e+03 2.524515e+03 
1.774141e-01 2.355024e+03 2.405413e+03 
1.824545e-01 2.260124e+03 2.294007e+03 
1.874949e-01 2.163873e+03 2.189676e+03 
1.925354e-01 2.066252e+03 2.091856e+03 
1.975758e-01 1.968764e+03 2.000038e+03 
2.026162e-01 1.874259e+03 1.913760e+03 
2.076566e-01 1.785874e+03 1.832600e+03 
2.126970e-01 1.705496e+03 1.756179e+03 
2.177374e-01 1.633631e+03 1.684147e+03 
2.227778e-01 1.569641e+03 1.616187e+03 
2.278182e-01 1.512147e+03 1.552009e+03 
2.328586e-01 1.459307e+03 1.491347e+03 
2.378990e-01 1.409204e+03 1.433959e+03 
2.429394e-01 1.360547e+03 1.379621e+03 
2.479798e-01 1.312527e+03 1.328128e+03 
2.530202e-01 1.264887e+03 1.279293e+03 
2.580606e-01 1.217828e+03 1.232941e+03 
2.631010e-01 1.172145e+03 1.188913e+03 
2.681414e-01 1.128763e+03 1.147061e+03 
2.731818e-01 1.088230e+03 1.107250e+03 
2.782222e-01 1.050608e+03 1.069352e+03 
2.832626e-01 1.015687e+03 1.033252e+03 
2.883030e-01 9.832130e+02 9.988417e+02 
2.933434e-01 9.527871e+02 9.660202e+02 
2.983838e-01 9.238794e+02 9.346945e+02 
3.034242e-01 8.959371e+02 9.047783e+02 
3.084646e-01 8.686903e+02 8.761910e+02 
3.135051e-01 8.421046e+02 8.488575e+02 
3.185455e-01 8.162434e+02 8.227080e+02 
3.235859e-01 7.911914e+02 7.976773e+02 
3.286263e-01 7.670538e+02 7.737046e+02 
3.336667e-01 7.440066e+02 7.507330e+02 
3.387071e-01 7.221553e+02 7.287092e+02 
3.437475e-01 7.014873e+02 7.075836e+02 
3.487879e-01 6.818710e+02 6.873095e+02 
3.538283e-01 6.631602e+02 6.678432e+02 
3.588687e-01 6.452206e+02 6.491438e+02 
3.639091e-01 6.279440e+02 6.311727e+02 
3.689495e-01 6.112337e+02 6.138938e+02 
3.739899e-01 5.950066e+02 5.972732e+02 
3.790303e-01 5.792552e+02 5.812788e+02 
3.840707e-01 5.640025e+02 5.658807e+02 
3.891111e-01 5.492866e+02 5.510504e+02 
3.941515e-01 5.350981e+02 5.367613e+02 
3.991919e-01 5.214412e+02 5.229882e+02 
4.042323e-01 5.083320e+02 5.097072e+02 
4.092727e-01 4.957592e+02 4.968960e+02 
4.143131e-01 4.836742e+02 4.845334e+02 
4.193535e-01 4.720108e+02 4.725993e+02 
4.243939e-01 4.607249e+02 4.610748e+02 
4.294343e-01 4.498109e+02 4.499418e+02 
4.344747e-01 4.392447e+02 4.391835e+02 
4.395152e-01 4.289945e+02 4.287837e+02 
4.445556e-01 4.190395e+02 4.187272e+02 
4.495960e-01 4.093921e+02 4.089994e+02 
4.546364e-01 4.000609e+02 3.995867e+02 
4.596768e-01 3.910357e+02 3.904760e+02 
4.647172e-01 3.823029e+02 3.816549e+02 
4.697576e-01 3.738427e+02 3.731117e+02 
4.747980e-01 3.656622e+02 3.648352e+02 
4.798384e-01 3.577463e+02 3.568147e+02 
4.848788e-01 3.500768e+02 3.490402e+02 
4.899192e-01 3.426266e+02 3.415018e+02 
4.949596e-01 3.353841e+02 3.341906e+02 
5.000000e-01 3.283528e+02 3.270977e+02 
