1.000000e-03 8.013865e+03 8.013857e+03 
6.040404e-03 3.475478e+04 3.504658e+04 
1.108081e-02 4.613311e+04 4.669144e+04 
1.612121e-02 4.817024e+04 4.900471e+04 
2.116162e-02 4.458749e+04 4.489485e+04 
2.620202e-02 3.817243e+04 3.768987e+04 
3.124242e-02 3.103973e+04 3.067367e+04 
3.628283e-02 2.457623e+04 2.517278e+04 
4.132323e-02 1.946256e+04 2.110589e+04 
4.636364e-02 1.581685e+04 1.806486e+04 
5.140404e-02 1.350706e+04 1.571623e+04 
5.644444e-02 1.219271e+04 1.384254e+04 
6.148485e-02 1.152485e+04 1.230751e+04 
6.652525e-02 1.118703e+04 1.102405e+04 
7.156566e-02 1.091802e+04 9.934183e+03 
7.660606e-02 1.050746e+04 8.997586e+03 
8.164646e-02 9.836760e+03 8.185068e+03 
8.668687e-02 8.906403e+03 7.474747e+03 
9.172727e-02 7.813780e+03 6.849758e+03 
9.676768e-02 6.697008e+03 6.296802e+03 
1.018081e-01 5.684768e+03 5.805201e+03 
1.068485e-01 4.865283e+03 5.366256e+03 
1.118889e-01 4.275218e+03 4.972795e+03 
1.169293e-01 3.906909e+03 4.618845e+03 
1.219697e-01 3.723157e+03 4.299390e+03 
1.270101e-01 3.669781e+03 4.010187e+03 
1.320505e-01 3.684717e+03 3.747626e+03 
1.370909e-01 3.706500e+03 3.508615e+03 
1.421313e-01 3.683180e+03 3.290494e+03 
1.471717e-01 3.579739e+03 3.090966e+03 
1.522121e-01 3.384166e+03 2.908035e+03 
1.572525e-01 3.110826e+03 2.739963e+03 
1.622929e-01 2.795795e+03 2.585231e+03 
1.673333e-01 2.482269e+03 2.442504e+03 
1.723737e-01 2.205160e+03 2.310610e+03 
1.774141e-01 1.985076e+03 2.188512e+03 
1.824545e-01 1.829783e+03 2.075292e+03 
1.874949e-01 1.737459e+03 1.970137e+03 
1.925354e-01 1.698021e+03 1.872322e+03 
1.975758e-01 1.694375e+03 1.781199e+03 
2.026162e-01 1.705994e+03 1.696191e+03 
2.076566e-01 1.713261e+03 1.616778e+03 
2.126970e-01 1.700593e+03 1.542496e+03 
2.177374e-01 1.658325e+03 1.472925e+03 
2.227778e-01 1.584313e+03 1.407688e+03 
2.278182e-01 1.484567e+03 1.346442e+03 
2.328586e-01 1.370997e+03 1.288879e+03 
2.378990e-01 1.257068e+03 1.234718e+03 
2.429394e-01 1.154249e+03 1.183704e+03 
2.479798e-01 1.070412e+03 1.135606e+03 
2.530202e-01 1.009386e+03 1.090212e+03 
2.580606e-01 9.709107e+02 1.047329e+03 
2.631010e-01 9.511728e+02 1.006782e+03 
2.681414e-01 9.440508e+02 9.684086e+02 
2.731818e-01 9.426027e+02 9.320610e+02 
2.782222e-01 9.401288e+02 8.976036e+02 
2.832626e-01 9.309106e+02 8.649113e+02 
2.883030e-01 9.111397e+02 8.338695e+02 
2.933434e-01 8.798141e+02 8.043721e+02 
2.983838e-01 8.389056e+02 7.763216e+02 
3.034242e-01 7.923938e+02 7.496276e+02 
3.084646e-01 7.448698e+02 7.242068e+02 
3.135051e-01 7.005147e+02 6.999819e+02 
3.185455e-01 6.625245e+02 6.768814e+02 
3.235859e-01 6.327693e+02 6.548388e+02 
3.286263e-01 6.115571e+02 6.337924e+02 
3.336667e-01 5.977892e+02 6.136850e+02 
3.387071e-01 5.893949e+02 5.944631e+02 
3.437475e-01 5.838335e+02 5.760772e+02 
3.487879e-01 5.785425e+02 5.584810e+02 
3.538283e-01 5.712867e+02 5.416311e+02 
3.588687e-01 5.605200e+02 5.254873e+02 
3.639091e-01 5.456749e+02 5.100119e+02 
3.689495e-01 5.271658e+02 4.951695e+02 
3.739899e-01 5.061577e+02 4.809272e+02 
3.790303e-01 4.842153e+02 4.672541e+02 
3.840707e-01 4.629687e+02 4.541211e+02 
3.891111e-01 4.438020e+02 4.415011e+02 
3.941515e-01 4.276250e+02 4.293684e+02 
3.991919e-01 4.147374e+02 4.176991e+02 
4.042323e-01 4.049077e+02 4.064705e+02 
4.092727e-01 3.974903e+02 3.956615e+02 
4.143131e-01 3.916383e+02 3.852521e+02 
4.193535e-01 3.863755e+02 3.752233e+02 
4.243939e-01 3.807538e+02 3.655574e+02 
4.294343e-01 3.740789e+02 3.562377e+02 
4.344747e-01 3.659947e+02 3.472483e+02 
4.395152e-01 3.565383e+02 3.385743e+02 
4.445556e-01 3.460147e+02 3.302015e+02 
4.495960e-01 3.349210e+02 3.221166e+02 
4.546364e-01 3.238581e+02 3.143069e+02 
4.596768e-01 3.134100e+02 3.067605e+02 
4.647172e-01 3.040136e+02 2.994661e+02 
4.697576e-01 2.958884e+02 2.924128e+02 
4.747980e-01 2.890344e+02 2.855906e+02 
4.798384e-01 2.832914e+02 2.789896e+02 
4.848788e-01 2.783831e+02 2.726008e+02 
4.899192e-01 2.739396e+02 2.664155e+02 
4.949596e-01 2.695829e+02 2.604254e+02 
5.000000e-01 2.650041e+02 2.546225e+02 
