1.000000e-03 6.110506e+03 6.110500e+03 
6.040404e-03 2.760274e+04 2.783175e+04 
1.108081e-02 3.757967e+04 3.799461e+04 
1.612121e-02 4.016600e+04 4.078917e+04 
2.116162e-02 3.810094e+04 3.835475e+04 
2.620202e-02 3.350438e+04 3.313626e+04 
3.124242e-02 2.803889e+04 2.770005e+04 
3.628283e-02 2.285663e+04 2.324291e+04 
4.132323e-02 1.858676e+04 1.983454e+04 
4.636364e-02 1.541128e+04 1.721738e+04 
5.140404e-02 1.329671e+04 1.515227e+04 
5.644444e-02 1.200950e+04 1.347525e+04 
6.148485e-02 1.129002e+04 1.208065e+04 
6.652525e-02 1.088360e+04 1.089957e+04 
7.156566e-02 1.056355e+04 9.885405e+03 
7.660606e-02 1.015582e+04 9.005288e+03 
8.164646e-02 9.556472e+03 8.235084e+03 
8.668687e-02 8.751037e+03 7.556469e+03 
9.172727e-02 7.799803e+03 6.955134e+03 
9.676768e-02 6.805920e+03 6.419664e+03 
1.018081e-01 5.877559e+03 5.940786e+03 
1.068485e-01 5.098061e+03 5.510866e+03 
1.118889e-01 4.509202e+03 5.123547e+03 
1.169293e-01 4.112781e+03 4.773487e+03 
1.219697e-01 3.883236e+03 4.456161e+03 
1.270101e-01 3.779477e+03 4.167711e+03 
1.320505e-01 3.751210e+03 3.904828e+03 
1.370909e-01 3.744698e+03 3.664661e+03 
1.421313e-01 3.711881e+03 3.444741e+03 
1.471717e-01 3.619346e+03 3.242921e+03 
1.522121e-01 3.453089e+03 3.057327e+03 
1.572525e-01 3.218663e+03 2.886318e+03 
1.622929e-01 2.938756e+03 2.728452e+03 
1.673333e-01 2.646851e+03 2.582456e+03 
1.723737e-01 2.376555e+03 2.447207e+03 
1.774141e-01 2.151063e+03 2.321708e+03 
1.824545e-01 1.980929e+03 2.205073e+03 
1.874949e-01 1.866714e+03 2.096512e+03 
1.925354e-01 1.802288e+03 1.995320e+03 
1.975758e-01 1.775961e+03 1.900866e+03 
2.026162e-01 1.771489e+03 1.812582e+03 
2.076566e-01 1.770852e+03 1.729961e+03 
2.126970e-01 1.758336e+03 1.652541e+03 
2.177374e-01 1.723574e+03 1.579911e+03 
2.227778e-01 1.662505e+03 1.511693e+03 
2.278182e-01 1.577282e+03 1.447550e+03 
2.328586e-01 1.475348e+03 1.387173e+03 
2.378990e-01 1.367401e+03 1.330282e+03 
2.429394e-01 1.264438e+03 1.276621e+03 
2.479798e-01 1.175124e+03 1.225959e+03 
2.530202e-01 1.104569e+03 1.178083e+03 
2.580606e-01 1.054253e+03 1.132798e+03 
2.631010e-01 1.022485e+03 1.089926e+03 
2.681414e-01 1.005144e+03 1.049305e+03 
2.731818e-01 9.965625e+02 1.010783e+03 
2.782222e-01 9.905495e+02 9.742244e+02 
2.832626e-01 9.814615e+02 9.395006e+02 
2.883030e-01 9.651052e+02 9.064949e+02 
2.933434e-01 9.393614e+02 8.750992e+02 
2.983838e-01 9.043909e+02 8.452137e+02 
3.034242e-01 8.624251e+02 8.167459e+02 
3.084646e-01 8.170218e+02 7.896103e+02 
3.135051e-01 7.721600e+02 7.637275e+02 
3.185455e-01 7.313038e+02 7.390239e+02 
3.235859e-01 6.968088e+02 7.154311e+02 
3.286263e-01 6.697537e+02 6.928854e+02 
3.336667e-01 6.499856e+02 6.713277e+02 
3.387071e-01 6.363773e+02 6.507028e+02 
3.437475e-01 6.270488e+02 6.309592e+02 
3.487879e-01 6.196930e+02 6.120490e+02 
3.538283e-01 6.120463e+02 5.939273e+02 
3.588687e-01 6.023215e+02 5.765522e+02 
3.639091e-01 5.894721e+02 5.598845e+02 
3.689495e-01 5.732718e+02 5.438873e+02 
3.739899e-01 5.541814e+02 5.285264e+02 
3.790303e-01 5.332341e+02 5.137693e+02 
3.840707e-01 5.118090e+02 4.995859e+02 
3.891111e-01 4.913127e+02 4.859476e+02 
3.941515e-01 4.728835e+02 4.728277e+02 
3.991919e-01 4.571797e+02 4.602011e+02 
4.042323e-01 4.443733e+02 4.480440e+02 
4.092727e-01 4.342311e+02 4.363342e+02 
4.143131e-01 4.261857e+02 4.250507e+02 
4.193535e-01 4.194499e+02 4.141735e+02 
4.243939e-01 4.131572e+02 4.036841e+02 
4.294343e-01 4.065238e+02 3.935648e+02 
4.344747e-01 3.989986e+02 3.837988e+02 
4.395152e-01 3.903210e+02 3.743704e+02 
4.445556e-01 3.805035e+02 3.652648e+02 
4.495960e-01 3.698181e+02 3.564677e+02 
4.546364e-01 3.587003e+02 3.479658e+02 
4.596768e-01 3.476897e+02 3.397464e+02 
4.647172e-01 3.372559e+02 3.317976e+02 
4.697576e-01 3.277712e+02 3.241080e+02 
4.747980e-01 3.194080e+02 3.166666e+02 
4.798384e-01 3.121957e+02 3.094634e+02 
4.848788e-01 3.059986e+02 3.024885e+02 
4.899192e-01 3.005615e+02 2.957327e+02 
4.949596e-01 2.955653e+02 2.891871e+02 
5.000000e-01 2.906833e+02 2.828435e+02 
