1.000000e-03 7.385295e+03 7.385288e+03 
6.040404e-03 3.228602e+04 3.255690e+04 
1.108081e-02 4.321421e+04 4.373033e+04 
1.612121e-02 4.550001e+04 4.629096e+04 
2.116162e-02 4.248463e+04 4.281907e+04 
2.620202e-02 3.670159e+04 3.625919e+04 
3.124242e-02 3.010560e+04 2.967513e+04 
3.628283e-02 2.401322e+04 2.442686e+04 
4.132323e-02 1.910540e+04 2.051634e+04 
4.636364e-02 1.553880e+04 1.758336e+04 
5.140404e-02 1.322441e+04 1.531576e+04 
5.644444e-02 1.186607e+04 1.350573e+04 
6.148485e-02 1.115363e+04 1.202200e+04 
6.652525e-02 1.079130e+04 1.078049e+04 
7.156566e-02 1.052918e+04 9.725264e+03 
7.660606e-02 1.016710e+04 8.817496e+03 
8.164646e-02 9.581369e+03 8.029118e+03 
8.668687e-02 8.751848e+03 7.339125e+03 
9.172727e-02 7.748925e+03 6.731343e+03 
9.676768e-02 6.692939e+03 6.193021e+03 
1.018081e-01 5.707229e+03 5.713923e+03 
1.068485e-01 4.884456e+03 5.285707e+03 
1.118889e-01 4.269410e+03 4.901491e+03 
1.169293e-01 3.864153e+03 4.555536e+03 
1.219697e-01 3.641126e+03 4.243023e+03 
1.270101e-01 3.555545e+03 3.959868e+03 
1.320505e-01 3.552473e+03 3.702593e+03 
1.370909e-01 3.573909e+03 3.468217e+03 
1.421313e-01 3.567866e+03 3.254174e+03 
1.471717e-01 3.496661e+03 3.058243e+03 
1.522121e-01 3.342081e+03 2.878494e+03 
1.572525e-01 3.108196e+03 2.713244e+03 
1.622929e-01 2.821169e+03 2.561020e+03 
1.673333e-01 2.519540e+03 2.420530e+03 
1.723737e-01 2.240002e+03 2.290634e+03 
1.774141e-01 2.007379e+03 2.170324e+03 
1.824545e-01 1.833181e+03 2.058710e+03 
1.874949e-01 1.719171e+03 1.954997e+03 
1.925354e-01 1.659455e+03 1.858481e+03 
1.975758e-01 1.641353e+03 1.768531e+03 
2.026162e-01 1.647022e+03 1.684583e+03 
2.076566e-01 1.657292e+03 1.606130e+03 
2.126970e-01 1.655496e+03 1.532719e+03 
2.177374e-01 1.629940e+03 1.463939e+03 
2.227778e-01 1.575066e+03 1.399422e+03 
2.278182e-01 1.492398e+03 1.338832e+03 
2.328586e-01 1.390157e+03 1.281867e+03 
2.378990e-01 1.280431e+03 1.228253e+03 
2.429394e-01 1.175395e+03 1.177739e+03 
2.479798e-01 1.084387e+03 1.130099e+03 
2.530202e-01 1.013084e+03 1.085125e+03 
2.580606e-01 9.633795e+02 1.042628e+03 
2.631010e-01 9.337646e+02 1.002436e+03 
2.681414e-01 9.198815e+02 9.643887e+02 
2.731818e-01 9.156465e+02 9.283417e+02 
2.782222e-01 9.144540e+02 8.941613e+02 
2.832626e-01 9.102693e+02 8.617249e+02 
2.883030e-01 8.983586e+02 8.309193e+02 
2.933434e-01 8.760277e+02 8.016404e+02 
2.983838e-01 8.431436e+02 7.737920e+02 
3.034242e-01 8.020861e+02 7.472852e+02 
3.084646e-01 7.568832e+02 7.220379e+02 
3.135051e-01 7.118753e+02 6.979740e+02 
3.185455e-01 6.707928e+02 6.750228e+02 
3.235859e-01 6.362369e+02 6.531190e+02 
3.286263e-01 6.095854e+02 6.322016e+02 
3.336667e-01 5.908744e+02 6.122142e+02 
3.387071e-01 5.789189e+02 5.931040e+02 
3.437475e-01 5.716337e+02 5.748221e+02 
3.487879e-01 5.665412e+02 5.573228e+02 
3.538283e-01 5.612692e+02 5.405632e+02 
3.588687e-01 5.538697e+02 5.245037e+02 
3.639091e-01 5.430435e+02 5.091070e+02 
3.689495e-01 5.283410e+02 4.943381e+02 
3.739899e-01 5.102172e+02 4.801644e+02 
3.790303e-01 4.898487e+02 4.665554e+02 
3.840707e-01 4.687880e+02 4.534824e+02 
3.891111e-01 4.485448e+02 4.409184e+02 
3.941515e-01 4.303348e+02 4.288382e+02 
3.991919e-01 4.149715e+02 4.172180e+02 
4.042323e-01 4.027491e+02 4.060354e+02 
4.092727e-01 3.934522e+02 3.952695e+02 
4.143131e-01 3.864470e+02 3.849004e+02 
4.193535e-01 3.808834e+02 3.749094e+02 
4.243939e-01 3.758396e+02 3.652790e+02 
4.294343e-01 3.704916e+02 3.559925e+02 
4.344747e-01 3.641620e+02 3.470342e+02 
4.395152e-01 3.564705e+02 3.383894e+02 
4.445556e-01 3.474238e+02 3.300441e+02 
4.495960e-01 3.373325e+02 3.219849e+02 
4.546364e-01 3.266857e+02 3.141993e+02 
4.596768e-01 3.160302e+02 3.066756e+02 
4.647172e-01 3.058953e+02 2.994024e+02 
4.697576e-01 2.967151e+02 2.923691e+02 
4.747980e-01 2.887540e+02 2.855655e+02 
4.798384e-01 2.820425e+02 2.789822e+02 
4.848788e-01 2.764263e+02 2.726099e+02 
4.899192e-01 2.716306e+02 2.664400e+02 
4.949596e-01 2.673324e+02 2.604643e+02 
5.000000e-01 2.631903e+02 2.546751e+02 
