1.000000e-03 2.710677e+03 2.710674e+03 
6.040404e-03 1.203448e+04 1.212030e+04 
1.108081e-02 1.639925e+04 1.641847e+04 
1.612121e-02 1.791315e+04 1.781316e+04 
2.116162e-02 1.780333e+04 1.760825e+04 
2.620202e-02 1.685047e+04 1.671199e+04 
3.124242e-02 1.556673e+04 1.561309e+04 
3.628283e-02 1.426164e+04 1.449458e+04 
4.132323e-02 1.308809e+04 1.341890e+04 
4.636364e-02 1.208401e+04 1.240922e+04 
5.140404e-02 1.123634e+04 1.147388e+04 
5.644444e-02 1.048509e+04 1.061419e+04 
6.148485e-02 9.779572e+03 9.827747e+03 
6.652525e-02 9.093289e+03 9.110266e+03 
7.156566e-02 8.414800e+03 8.456568e+03 
7.660606e-02 7.755963e+03 7.861212e+03 
8.164646e-02 7.141686e+03 7.318844e+03 
8.668687e-02 6.592590e+03 6.824389e+03 
9.172727e-02 6.115394e+03 6.373146e+03 
9.676768e-02 5.708674e+03 5.960822e+03 
1.018081e-01 5.365758e+03 5.583535e+03 
1.068485e-01 5.071858e+03 5.237793e+03 
1.118889e-01 4.805836e+03 4.920472e+03 
1.169293e-01 4.550315e+03 4.628779e+03 
1.219697e-01 4.297562e+03 4.360223e+03 
1.270101e-01 4.047846e+03 4.112580e+03 
1.320505e-01 3.805530e+03 3.883871e+03 
1.370909e-01 3.576536e+03 3.672324e+03 
1.421313e-01 3.366521e+03 3.476361e+03 
1.471717e-01 3.178644e+03 3.294570e+03 
1.522121e-01 3.012521e+03 3.125685e+03 
1.572525e-01 2.865976e+03 2.968573e+03 
1.622929e-01 2.735619e+03 2.822217e+03 
1.673333e-01 2.616587e+03 2.685702e+03 
1.723737e-01 2.503777e+03 2.558205e+03 
1.774141e-01 2.394018e+03 2.438983e+03 
1.824545e-01 2.286596e+03 2.327366e+03 
1.874949e-01 2.182212e+03 2.222747e+03 
1.925354e-01 2.081907e+03 2.124578e+03 
1.975758e-01 1.986908e+03 2.032360e+03 
2.026162e-01 1.898632e+03 1.945642e+03 
2.076566e-01 1.817691e+03 1.864010e+03 
2.126970e-01 1.743686e+03 1.787091e+03 
2.177374e-01 1.675595e+03 1.714541e+03 
2.227778e-01 1.612215e+03 1.646050e+03 
2.278182e-01 1.552390e+03 1.581330e+03 
2.328586e-01 1.495161e+03 1.520120e+03 
2.378990e-01 1.439982e+03 1.462181e+03 
2.429394e-01 1.386794e+03 1.407290e+03 
2.479798e-01 1.335611e+03 1.355247e+03 
2.530202e-01 1.286502e+03 1.305863e+03 
2.580606e-01 1.239705e+03 1.258969e+03 
2.631010e-01 1.195544e+03 1.214403e+03 
2.681414e-01 1.154137e+03 1.172021e+03 
2.731818e-01 1.115236e+03 1.131687e+03 
2.782222e-01 1.078417e+03 1.093276e+03 
2.832626e-01 1.043393e+03 1.056671e+03 
2.883030e-01 1.010003e+03 1.021764e+03 
2.933434e-01 9.780511e+02 9.884565e+02 
2.983838e-01 9.472920e+02 9.566547e+02 
3.034242e-01 9.176295e+02 9.262723e+02 
3.084646e-01 8.890962e+02 8.972289e+02 
3.135051e-01 8.617689e+02 8.694496e+02 
3.185455e-01 8.356395e+02 8.428645e+02 
3.235859e-01 8.106367e+02 8.174083e+02 
3.286263e-01 7.867313e+02 7.930202e+02 
3.336667e-01 7.639214e+02 7.696430e+02 
3.387071e-01 7.421273e+02 7.472236e+02 
3.437475e-01 7.212330e+02 7.257120e+02 
3.487879e-01 7.011282e+02 7.050614e+02 
3.538283e-01 6.817579e+02 6.852280e+02 
3.588687e-01 6.631111e+02 6.661706e+02 
3.639091e-01 6.451505e+02 6.478505e+02 
3.689495e-01 6.278229e+02 6.302314e+02 
3.739899e-01 6.111297e+02 6.132791e+02 
3.790303e-01 5.950644e+02 5.969615e+02 
3.840707e-01 5.796112e+02 5.812482e+02 
3.891111e-01 5.647365e+02 5.661108e+02 
3.941515e-01 5.503880e+02 5.515224e+02 
3.991919e-01 5.365605e+02 5.374574e+02 
4.042323e-01 5.232381e+02 5.238921e+02 
4.092727e-01 5.103801e+02 5.108037e+02 
4.143131e-01 4.979484e+02 4.981708e+02 
4.193535e-01 4.859197e+02 4.859733e+02 
4.243939e-01 4.742876e+02 4.741919e+02 
4.294343e-01 4.630576e+02 4.628085e+02 
4.344747e-01 4.521965e+02 4.518060e+02 
4.395152e-01 4.416782e+02 4.411681e+02 
4.445556e-01 4.315032e+02 4.308794e+02 
4.495960e-01 4.216693e+02 4.209252e+02 
4.546364e-01 4.121556e+02 4.112916e+02 
4.596768e-01 4.029390e+02 4.019655e+02 
4.647172e-01 3.940019e+02 3.929343e+02 
4.697576e-01 3.853405e+02 3.841860e+02 
4.747980e-01 3.769515e+02 3.757094e+02 
4.798384e-01 3.688198e+02 3.674936e+02 
4.848788e-01 3.609250e+02 3.595285e+02 
4.899192e-01 3.532584e+02 3.518041e+02 
4.949596e-01 3.458248e+02 3.443113e+02 
5.000000e-01 3.386163e+02 3.370412e+02 
