1.000000e-03 5.506145e+03 5.506140e+03 
6.040404e-03 2.442086e+04 2.461634e+04 
1.108081e-02 3.282170e+04 3.313245e+04 
1.612121e-02 3.475813e+04 3.514171e+04 
2.116162e-02 3.280045e+04 3.283036e+04 
2.620202e-02 2.885281e+04 2.856393e+04 
3.124242e-02 2.433724e+04 2.435095e+04 
3.628283e-02 2.018150e+04 2.091133e+04 
4.132323e-02 1.684788e+04 1.821137e+04 
4.636364e-02 1.442618e+04 1.606091e+04 
5.140404e-02 1.285437e+04 1.430354e+04 
5.644444e-02 1.188984e+04 1.283433e+04 
6.148485e-02 1.129411e+04 1.158442e+04 
6.652525e-02 1.083948e+04 1.050725e+04 
7.156566e-02 1.035185e+04 9.569858e+03 
7.660606e-02 9.719822e+03 8.747889e+03 
8.164646e-02 8.914751e+03 8.022674e+03 
8.668687e-02 7.986728e+03 7.379501e+03 
9.172727e-02 7.029362e+03 6.806521e+03 
9.676768e-02 6.141079e+03 6.294031e+03 
1.018081e-01 5.397160e+03 5.833987e+03 
1.068485e-01 4.835257e+03 5.419650e+03 
1.118889e-01 4.454075e+03 5.045333e+03 
1.169293e-01 4.224512e+03 4.706199e+03 
1.219697e-01 4.101520e+03 4.398113e+03 
1.270101e-01 4.032396e+03 4.117520e+03 
1.320505e-01 3.965545e+03 3.861352e+03 
1.370909e-01 3.860727e+03 3.626950e+03 
1.421313e-01 3.696786e+03 3.411998e+03 
1.471717e-01 3.472771e+03 3.214475e+03 
1.522121e-01 3.203831e+03 3.032611e+03 
1.572525e-01 2.916850e+03 2.864848e+03 
1.622929e-01 2.643365e+03 2.709815e+03 
1.673333e-01 2.409175e+03 2.566298e+03 
1.723737e-01 2.227407e+03 2.433222e+03 
1.774141e-01 2.098988e+03 2.309633e+03 
1.824545e-01 2.017159e+03 2.194678e+03 
1.874949e-01 1.970486e+03 2.087599e+03 
1.925354e-01 1.943802e+03 1.987716e+03 
1.975758e-01 1.919896e+03 1.894419e+03 
2.026162e-01 1.884026e+03 1.807161e+03 
2.076566e-01 1.827783e+03 1.725447e+03 
2.126970e-01 1.749818e+03 1.648834e+03 
2.177374e-01 1.654262e+03 1.576918e+03 
2.227778e-01 1.548907e+03 1.509336e+03 
2.278182e-01 1.443451e+03 1.445758e+03 
2.328586e-01 1.347226e+03 1.385883e+03 
2.378990e-01 1.266711e+03 1.329438e+03 
2.429394e-01 1.204541e+03 1.276175e+03 
2.479798e-01 1.160065e+03 1.225866e+03 
2.530202e-01 1.130066e+03 1.178304e+03 
2.580606e-01 1.109550e+03 1.133298e+03 
2.631010e-01 1.092662e+03 1.090674e+03 
2.681414e-01 1.073979e+03 1.050273e+03 
2.731818e-01 1.049685e+03 1.011947e+03 
2.782222e-01 1.018084e+03 9.755601e+02 
2.832626e-01 9.794728e+02 9.409887e+02 
2.883030e-01 9.358031e+02 9.081174e+02 
2.933434e-01 8.901273e+02 8.768399e+02 
2.983838e-01 8.458755e+02 8.470580e+02 
3.034242e-01 8.059717e+02 8.186808e+02 
3.084646e-01 7.722132e+02 7.916239e+02 
3.135051e-01 7.450706e+02 7.658092e+02 
3.185455e-01 7.239637e+02 7.411642e+02 
3.235859e-01 7.075609e+02 7.176214e+02 
3.286263e-01 6.940314e+02 6.951180e+02 
3.336667e-01 6.813505e+02 6.735956e+02 
3.387071e-01 6.677075e+02 6.529997e+02 
3.437475e-01 6.519546e+02 6.332795e+02 
3.487879e-01 6.337644e+02 6.143876e+02 
3.538283e-01 6.134740e+02 5.962795e+02 
3.588687e-01 5.918731e+02 5.789140e+02 
3.639091e-01 5.700127e+02 5.622520e+02 
3.689495e-01 5.490080e+02 5.462574e+02 
3.739899e-01 5.298076e+02 5.308959e+02 
3.790303e-01 5.129854e+02 5.161357e+02 
3.840707e-01 4.986364e+02 5.019466e+02 
3.891111e-01 4.864783e+02 4.883005e+02 
3.941515e-01 4.759990e+02 4.751709e+02 
3.991919e-01 4.665152e+02 4.625329e+02 
4.042323e-01 4.573348e+02 4.503628e+02 
4.092727e-01 4.478641e+02 4.386386e+02 
4.143131e-01 4.377578e+02 4.273395e+02 
4.193535e-01 4.269331e+02 4.164457e+02 
4.243939e-01 4.155161e+02 4.059387e+02 
4.294343e-01 4.037733e+02 3.958010e+02 
4.344747e-01 3.920874e+02 3.860159e+02 
4.395152e-01 3.808555e+02 3.765678e+02 
4.445556e-01 3.703979e+02 3.674418e+02 
4.495960e-01 3.608637e+02 3.586239e+02 
4.546364e-01 3.522805e+02 3.501009e+02 
4.596768e-01 3.445412e+02 3.418601e+02 
4.647172e-01 3.374849e+02 3.338895e+02 
4.697576e-01 3.308561e+02 3.261779e+02 
4.747980e-01 3.243991e+02 3.187145e+02 
4.798384e-01 3.179017e+02 3.114890e+02 
4.848788e-01 3.112673e+02 3.044918e+02 
4.899192e-01 3.044662e+02 2.977136e+02 
4.949596e-01 2.975435e+02 2.911457e+02 
5.000000e-01 2.905773e+02 2.847798e+02 
