1.000000e-03 4.057048e+03 4.057044e+03 
6.040404e-03 1.797546e+04 1.811262e+04 
1.108081e-02 2.431680e+04 2.447313e+04 
1.612121e-02 2.607781e+04 2.619737e+04 
2.116162e-02 2.511358e+04 2.502000e+04 
2.620202e-02 2.274421e+04 2.258936e+04 
3.124242e-02 1.992358e+04 2.008812e+04 
3.628283e-02 1.726559e+04 1.791181e+04 
4.132323e-02 1.508065e+04 1.607426e+04 
4.636364e-02 1.343377e+04 1.451011e+04 
5.140404e-02 1.229107e+04 1.316063e+04 
5.644444e-02 1.148597e+04 1.198348e+04 
6.148485e-02 1.086742e+04 1.094832e+04 
6.652525e-02 1.028862e+04 1.003257e+04 
7.156566e-02 9.656087e+03 9.218661e+03 
7.660606e-02 8.930803e+03 8.492449e+03 
8.164646e-02 8.132509e+03 7.842276e+03 
8.668687e-02 7.318239e+03 7.258377e+03 
9.172727e-02 6.552441e+03 6.732490e+03 
9.676768e-02 5.887997e+03 6.257565e+03 
1.018081e-01 5.357548e+03 5.827558e+03 
1.068485e-01 4.966683e+03 5.437260e+03 
1.118889e-01 4.694067e+03 5.082167e+03 
1.169293e-01 4.502101e+03 4.758370e+03 
1.219697e-01 4.350144e+03 4.462468e+03 
1.270101e-01 4.201924e+03 4.191491e+03 
1.320505e-01 4.030361e+03 3.942840e+03 
1.370909e-01 3.823302e+03 3.714234e+03 
1.421313e-01 3.584359e+03 3.503666e+03 
1.471717e-01 3.328446e+03 3.309364e+03 
1.522121e-01 3.074443e+03 3.129765e+03 
1.572525e-01 2.840656e+03 2.963479e+03 
1.622929e-01 2.641657e+03 2.809274e+03 
1.673333e-01 2.484562e+03 2.666053e+03 
1.723737e-01 2.367236e+03 2.532836e+03 
1.774141e-01 2.280565e+03 2.408748e+03 
1.824545e-01 2.212828e+03 2.293004e+03 
1.874949e-01 2.152608e+03 2.184899e+03 
1.925354e-01 2.089885e+03 2.083801e+03 
1.975758e-01 2.017270e+03 1.989137e+03 
2.026162e-01 1.932005e+03 1.900393e+03 
2.076566e-01 1.836636e+03 1.817103e+03 
2.126970e-01 1.736931e+03 1.738844e+03 
2.177374e-01 1.639366e+03 1.665232e+03 
2.227778e-01 1.549514e+03 1.595920e+03 
2.278182e-01 1.471261e+03 1.530591e+03 
2.328586e-01 1.406300e+03 1.468955e+03 
2.378990e-01 1.354020e+03 1.410749e+03 
2.429394e-01 1.311888e+03 1.355731e+03 
2.479798e-01 1.276232e+03 1.303680e+03 
2.530202e-01 1.243062e+03 1.254394e+03 
2.580606e-01 1.208948e+03 1.207687e+03 
2.631010e-01 1.171785e+03 1.163388e+03 
2.681414e-01 1.131064e+03 1.121339e+03 
2.731818e-01 1.087606e+03 1.081396e+03 
2.782222e-01 1.043028e+03 1.043425e+03 
2.832626e-01 9.992685e+02 1.007302e+03 
2.883030e-01 9.581796e+02 9.729130e+02 
2.933434e-01 9.211531e+02 9.401527e+02 
2.983838e-01 8.887763e+02 9.089230e+02 
3.034242e-01 8.608322e+02 8.791330e+02 
3.084646e-01 8.365049e+02 8.506983e+02 
3.135051e-01 8.146440e+02 8.235406e+02 
3.185455e-01 7.940242e+02 7.975869e+02 
3.235859e-01 7.735293e+02 7.727693e+02 
3.286263e-01 7.524446e+02 7.490247e+02 
3.336667e-01 7.305176e+02 7.262939e+02 
3.387071e-01 7.079192e+02 7.045218e+02 
3.437475e-01 6.851289e+02 6.836570e+02 
3.487879e-01 6.627515e+02 6.636513e+02 
3.538283e-01 6.413992e+02 6.444597e+02 
3.588687e-01 6.215337e+02 6.260400e+02 
3.639091e-01 6.033408e+02 6.083526e+02 
3.689495e-01 5.867794e+02 5.913604e+02 
3.739899e-01 5.716274e+02 5.750285e+02 
3.790303e-01 5.575754e+02 5.593243e+02 
3.840707e-01 5.442282e+02 5.442170e+02 
3.891111e-01 5.312048e+02 5.296777e+02 
3.941515e-01 5.182259e+02 5.156791e+02 
3.991919e-01 5.051667e+02 5.021955e+02 
4.042323e-01 4.920661e+02 4.892028e+02 
4.092727e-01 4.790586e+02 4.766782e+02 
4.143131e-01 4.663015e+02 4.646001e+02 
4.193535e-01 4.539556e+02 4.529483e+02 
4.243939e-01 4.421756e+02 4.417034e+02 
4.294343e-01 4.310698e+02 4.308475e+02 
4.344747e-01 4.206483e+02 4.203632e+02 
4.395152e-01 4.108363e+02 4.102343e+02 
4.445556e-01 4.015264e+02 4.004455e+02 
4.495960e-01 3.926049e+02 3.909822e+02 
4.546364e-01 3.839629e+02 3.818304e+02 
4.596768e-01 3.755031e+02 3.729772e+02 
4.647172e-01 3.671518e+02 3.644101e+02 
4.697576e-01 3.588839e+02 3.561172e+02 
4.747980e-01 3.507439e+02 3.480873e+02 
4.798384e-01 3.427759e+02 3.403098e+02 
4.848788e-01 3.350296e+02 3.327745e+02 
4.899192e-01 3.275376e+02 3.254718e+02 
4.949596e-01 3.203362e+02 3.183925e+02 
5.000000e-01 3.134480e+02 3.115279e+02 
