1.000000e-03 3.347543e+03 3.347540e+03 
6.040404e-03 1.503218e+04 1.514437e+04 
1.108081e-02 2.053212e+04 2.063561e+04 
1.612121e-02 2.226099e+04 2.230320e+04 
2.116162e-02 2.173393e+04 2.161582e+04 
2.620202e-02 2.001752e+04 1.989384e+04 
3.124242e-02 1.787819e+04 1.803218e+04 
3.628283e-02 1.581027e+04 1.633885e+04 
4.132323e-02 1.406933e+04 1.485047e+04 
4.636364e-02 1.271923e+04 1.354141e+04 
5.140404e-02 1.173278e+04 1.238306e+04 
5.644444e-02 1.099000e+04 1.135274e+04 
6.148485e-02 1.037407e+04 1.043277e+04 
6.652525e-02 9.779928e+03 9.608888e+03 
7.156566e-02 9.141951e+03 8.869204e+03 
7.660606e-02 8.441055e+03 8.203581e+03 
8.164646e-02 7.704247e+03 7.603279e+03 
8.668687e-02 6.981394e+03 7.060710e+03 
9.172727e-02 6.319612e+03 6.569270e+03 
9.676768e-02 5.753114e+03 6.123194e+03 
1.018081e-01 5.300638e+03 5.717445e+03 
1.068485e-01 4.960479e+03 5.347618e+03 
1.118889e-01 4.709725e+03 5.009851e+03 
1.169293e-01 4.513640e+03 4.700756e+03 
1.219697e-01 4.338291e+03 4.417357e+03 
1.270101e-01 4.158008e+03 4.157031e+03 
1.320505e-01 3.957715e+03 3.917467e+03 
1.370909e-01 3.733913e+03 3.696621e+03 
1.421313e-01 3.494144e+03 3.492685e+03 
1.471717e-01 3.252745e+03 3.304054e+03 
1.522121e-01 3.024783e+03 3.129302e+03 
1.572525e-01 2.822373e+03 2.967158e+03 
1.622929e-01 2.653136e+03 2.816489e+03 
1.673333e-01 2.518547e+03 2.676283e+03 
1.723737e-01 2.413397e+03 2.545631e+03 
1.774141e-01 2.328290e+03 2.423719e+03 
1.824545e-01 2.253048e+03 2.309815e+03 
1.874949e-01 2.179195e+03 2.203259e+03 
1.925354e-01 2.100665e+03 2.103457e+03 
1.975758e-01 2.014408e+03 2.009871e+03 
2.026162e-01 1.921125e+03 1.922015e+03 
2.076566e-01 1.824662e+03 1.839447e+03 
2.126970e-01 1.730102e+03 1.761765e+03 
2.177374e-01 1.641964e+03 1.688607e+03 
2.227778e-01 1.563367e+03 1.619640e+03 
2.278182e-01 1.495781e+03 1.554561e+03 
2.328586e-01 1.438755e+03 1.493092e+03 
2.378990e-01 1.390323e+03 1.434983e+03 
2.429394e-01 1.347711e+03 1.379999e+03 
2.479798e-01 1.308031e+03 1.327929e+03 
2.530202e-01 1.268708e+03 1.278577e+03 
2.580606e-01 1.227904e+03 1.231764e+03 
2.631010e-01 1.184999e+03 1.187324e+03 
2.681414e-01 1.140662e+03 1.145105e+03 
2.731818e-01 1.096295e+03 1.104967e+03 
2.782222e-01 1.053336e+03 1.066778e+03 
2.832626e-01 1.012920e+03 1.030420e+03 
2.883030e-01 9.758660e+02 9.957804e+02 
2.933434e-01 9.426031e+02 9.627565e+02 
2.983838e-01 9.130169e+02 9.312525e+02 
3.034242e-01 8.863733e+02 9.011797e+02 
3.084646e-01 8.616900e+02 8.724553e+02 
3.135051e-01 8.380695e+02 8.450026e+02 
3.185455e-01 8.148564e+02 8.187499e+02 
3.235859e-01 7.916148e+02 7.936307e+02 
3.286263e-01 7.681594e+02 7.695825e+02 
3.336667e-01 7.446073e+02 7.465473e+02 
3.387071e-01 7.213423e+02 7.244709e+02 
3.437475e-01 6.988465e+02 7.033023e+02 
3.487879e-01 6.774899e+02 6.829941e+02 
3.538283e-01 6.574675e+02 6.635017e+02 
3.588687e-01 6.388417e+02 6.447834e+02 
3.639091e-01 6.215285e+02 6.268000e+02 
3.689495e-01 6.053460e+02 6.095147e+02 
3.739899e-01 5.900214e+02 5.928929e+02 
3.790303e-01 5.752564e+02 5.769023e+02 
3.840707e-01 5.608370e+02 5.615122e+02 
3.891111e-01 5.466477e+02 5.466939e+02 
3.941515e-01 5.326411e+02 5.324203e+02 
3.991919e-01 5.188309e+02 5.186658e+02 
4.042323e-01 5.052993e+02 5.054063e+02 
4.092727e-01 4.921778e+02 4.926192e+02 
4.143131e-01 4.795883e+02 4.802828e+02 
4.193535e-01 4.675850e+02 4.683770e+02 
4.243939e-01 4.561528e+02 4.568825e+02 
4.294343e-01 4.452635e+02 4.457812e+02 
4.344747e-01 4.348847e+02 4.350559e+02 
4.395152e-01 4.249315e+02 4.246904e+02 
4.445556e-01 4.153173e+02 4.146691e+02 
4.495960e-01 4.059462e+02 4.049776e+02 
4.546364e-01 3.967829e+02 3.956020e+02 
4.596768e-01 3.878243e+02 3.865290e+02 
4.647172e-01 3.790757e+02 3.777462e+02 
4.697576e-01 3.705376e+02 3.692417e+02 
4.747980e-01 3.622254e+02 3.610043e+02 
4.798384e-01 3.541800e+02 3.530233e+02 
4.848788e-01 3.464277e+02 3.452883e+02 
4.899192e-01 3.389639e+02 3.377898e+02 
4.949596e-01 3.317677e+02 3.305184e+02 
5.000000e-01 3.248154e+02 3.234654e+02 
