1.000000e-03 5.018575e+03 5.018570e+03 
6.040404e-03 2.179900e+04 2.196914e+04 
1.108081e-02 2.913595e+04 2.937003e+04 
1.612121e-02 3.084545e+04 3.108698e+04 
2.116162e-02 2.923555e+04 2.918731e+04 
2.620202e-02 2.595798e+04 2.574361e+04 
3.124242e-02 2.221257e+04 2.234295e+04 
3.628283e-02 1.876619e+04 1.950927e+04 
4.132323e-02 1.599470e+04 1.721791e+04 
4.636364e-02 1.396218e+04 1.533911e+04 
5.140404e-02 1.261540e+04 1.376612e+04 
5.644444e-02 1.173780e+04 1.242594e+04 
6.148485e-02 1.112947e+04 1.126914e+04 
6.652525e-02 1.059876e+04 1.026098e+04 
7.156566e-02 1.001374e+04 9.375890e+03 
7.660606e-02 9.303418e+03 8.594295e+03 
8.164646e-02 8.470441e+03 7.900711e+03 
8.668687e-02 7.575516e+03 7.282618e+03 
9.172727e-02 6.702048e+03 6.729719e+03 
9.676768e-02 5.926279e+03 6.233438e+03 
1.018081e-01 5.299401e+03 5.786563e+03 
1.068485e-01 4.838593e+03 5.382982e+03 
1.118889e-01 4.528797e+03 5.017487e+03 
1.169293e-01 4.333775e+03 4.685615e+03 
1.219697e-01 4.207693e+03 4.383520e+03 
1.270101e-01 4.103413e+03 4.107880e+03 
1.320505e-01 3.980603e+03 3.855812e+03 
1.370909e-01 3.814359e+03 3.624803e+03 
1.421313e-01 3.599371e+03 3.412660e+03 
1.471717e-01 3.346116e+03 3.217459e+03 
1.522121e-01 3.074944e+03 3.037508e+03 
1.572525e-01 2.810535e+03 2.871319e+03 
1.622929e-01 2.576569e+03 2.717573e+03 
1.673333e-01 2.388157e+03 2.575103e+03 
1.723737e-01 2.248576e+03 2.442872e+03 
1.774141e-01 2.151614e+03 2.319956e+03 
1.824545e-01 2.086542e+03 2.205531e+03 
1.874949e-01 2.040492e+03 2.098860e+03 
1.925354e-01 1.999430e+03 1.999282e+03 
1.975758e-01 1.950307e+03 1.906202e+03 
2.026162e-01 1.885130e+03 1.819088e+03 
2.076566e-01 1.802658e+03 1.737457e+03 
2.126970e-01 1.707092e+03 1.660873e+03 
2.177374e-01 1.605336e+03 1.588944e+03 
2.227778e-01 1.505161e+03 1.521312e+03 
2.278182e-01 1.413792e+03 1.457652e+03 
2.328586e-01 1.336432e+03 1.397670e+03 
2.378990e-01 1.275169e+03 1.341097e+03 
2.429394e-01 1.228958e+03 1.287689e+03 
2.479798e-01 1.194547e+03 1.237220e+03 
2.530202e-01 1.167416e+03 1.189487e+03 
2.580606e-01 1.142717e+03 1.144301e+03 
2.631010e-01 1.116141e+03 1.101491e+03 
2.681414e-01 1.084903e+03 1.060897e+03 
2.731818e-01 1.048127e+03 1.022375e+03 
2.782222e-01 1.006724e+03 9.857898e+02 
2.832626e-01 9.626749e+02 9.510186e+02 
2.883030e-01 9.185641e+02 9.179469e+02 
2.933434e-01 8.769166e+02 8.864694e+02 
2.983838e-01 8.397649e+02 8.564884e+02 
3.034242e-01 8.081607e+02 8.279135e+02 
3.084646e-01 7.820983e+02 8.006610e+02 
3.135051e-01 7.606487e+02 7.746530e+02 
3.185455e-01 7.423936e+02 7.498174e+02 
3.235859e-01 7.257575e+02 7.260868e+02 
3.286263e-01 7.092690e+02 7.033988e+02 
3.336667e-01 6.917651e+02 6.816950e+02 
3.387071e-01 6.726427e+02 6.609212e+02 
3.437475e-01 6.519455e+02 6.410265e+02 
3.487879e-01 6.302650e+02 6.219638e+02 
3.538283e-01 6.084520e+02 6.036885e+02 
3.588687e-01 5.873188e+02 5.861594e+02 
3.639091e-01 5.675544e+02 5.693376e+02 
3.689495e-01 5.496552e+02 5.531867e+02 
3.739899e-01 5.338278e+02 5.376726e+02 
3.790303e-01 5.199366e+02 5.227634e+02 
3.840707e-01 5.075413e+02 5.084289e+02 
3.891111e-01 4.960961e+02 4.946410e+02 
3.941515e-01 4.850835e+02 4.813730e+02 
3.991919e-01 4.740787e+02 4.685999e+02 
4.042323e-01 4.627857e+02 4.562982e+02 
4.092727e-01 4.510897e+02 4.444457e+02 
4.143131e-01 4.390895e+02 4.330215e+02 
4.193535e-01 4.270162e+02 4.220058e+02 
4.243939e-01 4.151430e+02 4.113800e+02 
4.294343e-01 4.037296e+02 4.011264e+02 
4.344747e-01 3.929791e+02 3.912284e+02 
4.395152e-01 3.830076e+02 3.816703e+02 
4.445556e-01 3.738361e+02 3.724371e+02 
4.495960e-01 3.653635e+02 3.635148e+02 
4.546364e-01 3.574289e+02 3.548900e+02 
4.596768e-01 3.498536e+02 3.465499e+02 
4.647172e-01 3.424744e+02 3.384827e+02 
4.697576e-01 3.351548e+02 3.306769e+02 
4.747980e-01 3.278090e+02 3.231216e+02 
4.798384e-01 3.204313e+02 3.158067e+02 
4.848788e-01 3.130699e+02 3.087223e+02 
4.899192e-01 3.058096e+02 3.018591e+02 
4.949596e-01 2.987325e+02 2.952083e+02 
5.000000e-01 2.919083e+02 2.887616e+02 
