1.000000e-03 2.350140e+03 2.350138e+03 
6.040404e-03 1.054103e+04 1.061537e+04 
1.108081e-02 1.449343e+04 1.449794e+04 
1.612121e-02 1.598733e+04 1.587379e+04 
2.116162e-02 1.607089e+04 1.587569e+04 
2.620202e-02 1.540421e+04 1.525367e+04 
3.124242e-02 1.441515e+04 1.440226e+04 
3.628283e-02 1.336141e+04 1.348462e+04 
4.132323e-02 1.237315e+04 1.256975e+04 
4.636364e-02 1.148276e+04 1.169012e+04 
5.140404e-02 1.070886e+04 1.086131e+04 
5.644444e-02 9.988321e+03 1.008983e+04 
6.148485e-02 9.308964e+03 9.377063e+03 
6.652525e-02 8.657319e+03 8.721541e+03 
7.156566e-02 8.026096e+03 8.120248e+03 
7.660606e-02 7.426254e+03 7.569439e+03 
8.164646e-02 6.878050e+03 7.065105e+03 
8.668687e-02 6.393078e+03 6.603252e+03 
9.172727e-02 5.968315e+03 6.180059e+03 
9.676768e-02 5.596048e+03 5.791949e+03 
1.018081e-01 5.269615e+03 5.435631e+03 
1.068485e-01 4.978623e+03 5.108103e+03 
1.118889e-01 4.708051e+03 4.806645e+03 
1.169293e-01 4.446624e+03 4.528803e+03 
1.219697e-01 4.192159e+03 4.272372e+03 
1.270101e-01 3.948247e+03 4.035367e+03 
1.320505e-01 3.719535e+03 3.816011e+03 
1.370909e-01 3.508988e+03 3.612705e+03 
1.421313e-01 3.317962e+03 3.424017e+03 
1.471717e-01 3.145816e+03 3.248657e+03 
1.522121e-01 2.990730e+03 3.085470e+03 
1.572525e-01 2.850141e+03 2.933412e+03 
1.622929e-01 2.720785e+03 2.791545e+03 
1.673333e-01 2.598969e+03 2.659025e+03 
1.723737e-01 2.482148e+03 2.535085e+03 
1.774141e-01 2.369774e+03 2.419035e+03 
1.824545e-01 2.262423e+03 2.310249e+03 
1.874949e-01 2.160609e+03 2.208160e+03 
1.925354e-01 2.064593e+03 2.112252e+03 
1.975758e-01 1.974939e+03 2.022059e+03 
2.026162e-01 1.892041e+03 1.937152e+03 
2.076566e-01 1.815449e+03 1.857144e+03 
2.126970e-01 1.743951e+03 1.781679e+03 
2.177374e-01 1.676574e+03 1.710435e+03 
2.227778e-01 1.612753e+03 1.643113e+03 
2.278182e-01 1.552049e+03 1.579442e+03 
2.328586e-01 1.494023e+03 1.519173e+03 
2.378990e-01 1.438406e+03 1.462077e+03 
2.429394e-01 1.385361e+03 1.407943e+03 
2.479798e-01 1.335024e+03 1.356577e+03 
2.530202e-01 1.287321e+03 1.307801e+03 
2.580606e-01 1.242097e+03 1.261449e+03 
2.631010e-01 1.199268e+03 1.217369e+03 
2.681414e-01 1.158778e+03 1.175420e+03 
2.731818e-01 1.120375e+03 1.135473e+03 
2.782222e-01 1.083722e+03 1.097405e+03 
2.832626e-01 1.048599e+03 1.061105e+03 
2.883030e-01 1.014960e+03 1.026470e+03 
2.933434e-01 9.827848e+02 9.934014e+02 
2.983838e-01 9.519976e+02 9.618102e+02 
3.034242e-01 9.225007e+02 9.316127e+02 
3.084646e-01 8.942405e+02 9.027307e+02 
3.135051e-01 8.672162e+02 8.750916e+02 
3.185455e-01 8.414021e+02 8.486273e+02 
3.235859e-01 8.167100e+02 8.232745e+02 
3.286263e-01 7.930308e+02 7.989739e+02 
3.336667e-01 7.702887e+02 7.756698e+02 
3.387071e-01 7.484552e+02 7.533104e+02 
3.437475e-01 7.275016e+02 7.318470e+02 
3.487879e-01 7.073570e+02 7.112338e+02 
3.538283e-01 6.879504e+02 6.914280e+02 
3.588687e-01 6.692555e+02 6.723894e+02 
3.639091e-01 6.512812e+02 6.540801e+02 
3.689495e-01 6.340090e+02 6.364646e+02 
3.739899e-01 6.173849e+02 6.195093e+02 
3.790303e-01 6.013577e+02 6.031827e+02 
3.840707e-01 5.859015e+02 5.874552e+02 
3.891111e-01 5.710091e+02 5.722986e+02 
3.941515e-01 5.566631e+02 5.576867e+02 
3.991919e-01 5.428144e+02 5.435943e+02 
4.042323e-01 5.294270e+02 5.299980e+02 
4.092727e-01 5.164929e+02 5.168755e+02 
4.143131e-01 5.040107e+02 5.042058e+02 
4.193535e-01 4.919570e+02 4.919688e+02 
4.243939e-01 4.803038e+02 4.801457e+02 
4.294343e-01 4.690270e+02 4.687187e+02 
4.344747e-01 4.581153e+02 4.576708e+02 
4.395152e-01 4.475666e+02 4.469859e+02 
4.445556e-01 4.373700e+02 4.366489e+02 
4.495960e-01 4.274918e+02 4.266452e+02 
4.546364e-01 4.179138e+02 4.169611e+02 
4.596768e-01 4.086357e+02 4.075836e+02 
4.647172e-01 3.996553e+02 3.985003e+02 
4.697576e-01 3.909544e+02 3.896993e+02 
4.747980e-01 3.825087e+02 3.811695e+02 
4.798384e-01 3.743117e+02 3.729002e+02 
4.848788e-01 3.663651e+02 3.648812e+02 
4.899192e-01 3.586607e+02 3.571029e+02 
4.949596e-01 3.511797e+02 3.495559e+02 
5.000000e-01 3.439128e+02 3.422315e+02 
