1.000000e-03 3.821158e+03 3.821154e+03 
6.040404e-03 1.699337e+04 1.712405e+04 
1.108081e-02 2.310996e+04 2.326405e+04 
1.612121e-02 2.490838e+04 2.503929e+04 
2.116162e-02 2.409910e+04 2.402847e+04 
2.620202e-02 2.191064e+04 2.175219e+04 
3.124242e-02 1.924528e+04 1.936028e+04 
3.628283e-02 1.669509e+04 1.726676e+04 
4.132323e-02 1.457202e+04 1.549905e+04 
4.636364e-02 1.295470e+04 1.399635e+04 
5.140404e-02 1.182279e+04 1.270126e+04 
5.644444e-02 1.103180e+04 1.157207e+04 
6.148485e-02 1.043644e+04 1.057906e+04 
6.652525e-02 9.901354e+03 9.700291e+03 
7.156566e-02 9.326361e+03 8.918821e+03 
7.660606e-02 8.664185e+03 8.221095e+03 
8.164646e-02 7.923688e+03 7.595982e+03 
8.668687e-02 7.153661e+03 7.034185e+03 
9.172727e-02 6.413850e+03 6.527842e+03 
9.676768e-02 5.756900e+03 6.070248e+03 
1.018081e-01 5.219189e+03 5.655655e+03 
1.068485e-01 4.814043e+03 5.279105e+03 
1.118889e-01 4.528340e+03 4.936309e+03 
1.169293e-01 4.330468e+03 4.623545e+03 
1.219697e-01 4.182226e+03 4.337566e+03 
1.270101e-01 4.047925e+03 4.075539e+03 
1.320505e-01 3.899338e+03 3.834981e+03 
1.370909e-01 3.719492e+03 3.613711e+03 
1.421313e-01 3.505929e+03 3.409808e+03 
1.471717e-01 3.269046e+03 3.221578e+03 
1.522121e-01 3.025815e+03 3.047519e+03 
1.572525e-01 2.794395e+03 2.886302e+03 
1.622929e-01 2.590470e+03 2.736742e+03 
1.673333e-01 2.423958e+03 2.597788e+03 
1.723737e-01 2.296763e+03 2.468496e+03 
1.774141e-01 2.203176e+03 2.348026e+03 
1.824545e-01 2.133218e+03 2.235623e+03 
1.874949e-01 2.075857e+03 2.130609e+03 
1.925354e-01 2.020648e+03 2.032373e+03 
1.975758e-01 1.959058e+03 1.940366e+03 
2.026162e-01 1.886035e+03 1.854091e+03 
2.076566e-01 1.801401e+03 1.773098e+03 
2.126970e-01 1.709025e+03 1.696979e+03 
2.177374e-01 1.614745e+03 1.625366e+03 
2.227778e-01 1.524526e+03 1.557921e+03 
2.278182e-01 1.443229e+03 1.494338e+03 
2.328586e-01 1.373875e+03 1.434338e+03 
2.378990e-01 1.317211e+03 1.377666e+03 
2.429394e-01 1.271913e+03 1.324088e+03 
2.479798e-01 1.235214e+03 1.273392e+03 
2.530202e-01 1.203519e+03 1.225380e+03 
2.580606e-01 1.173094e+03 1.179872e+03 
2.631010e-01 1.140893e+03 1.136704e+03 
2.681414e-01 1.105323e+03 1.095723e+03 
2.731818e-01 1.066332e+03 1.056788e+03 
2.782222e-01 1.024952e+03 1.019770e+03 
2.832626e-01 9.828123e+02 9.845498e+02 
2.883030e-01 9.417410e+02 9.510156e+02 
2.933434e-01 9.034842e+02 9.190653e+02 
2.983838e-01 8.692940e+02 8.886040e+02 
3.034242e-01 8.396178e+02 8.595435e+02 
3.084646e-01 8.140977e+02 8.318019e+02 
3.135051e-01 7.918631e+02 8.053032e+02 
3.185455e-01 7.718165e+02 7.799767e+02 
3.235859e-01 7.528075e+02 7.557562e+02 
3.286263e-01 7.338014e+02 7.325805e+02 
3.336667e-01 7.141008e+02 7.103922e+02 
3.387071e-01 6.934848e+02 6.891377e+02 
3.437475e-01 6.721769e+02 6.687670e+02 
3.487879e-01 6.506788e+02 6.492333e+02 
3.538283e-01 6.295656e+02 6.304929e+02 
3.588687e-01 6.094056e+02 6.125046e+02 
3.639091e-01 5.906405e+02 5.952301e+02 
3.689495e-01 5.734921e+02 5.786333e+02 
3.739899e-01 5.579468e+02 5.626802e+02 
3.790303e-01 5.437726e+02 5.473390e+02 
3.840707e-01 5.306441e+02 5.325798e+02 
3.891111e-01 5.181952e+02 5.183745e+02 
3.941515e-01 5.060693e+02 5.046965e+02 
3.991919e-01 4.939811e+02 4.915209e+02 
4.042323e-01 4.817832e+02 4.788241e+02 
4.092727e-01 4.694801e+02 4.665840e+02 
4.143131e-01 4.572040e+02 4.547795e+02 
4.193535e-01 4.451346e+02 4.433908e+02 
4.243939e-01 4.334284e+02 4.323994e+02 
4.294343e-01 4.222261e+02 4.217874e+02 
4.344747e-01 4.116397e+02 4.115382e+02 
4.395152e-01 4.017247e+02 4.016358e+02 
4.445556e-01 3.924284e+02 3.920654e+02 
4.495960e-01 3.836465e+02 3.828127e+02 
4.546364e-01 3.752388e+02 3.738643e+02 
4.596768e-01 3.671127e+02 3.652072e+02 
4.647172e-01 3.591725e+02 3.568295e+02 
4.697576e-01 3.513481e+02 3.487196e+02 
4.747980e-01 3.435829e+02 3.408666e+02 
4.798384e-01 3.358888e+02 3.332600e+02 
4.848788e-01 3.283285e+02 3.258899e+02 
4.899192e-01 3.209667e+02 3.187471e+02 
4.949596e-01 3.138381e+02 3.118224e+02 
5.000000e-01 3.069679e+02 3.051074e+02 
