1.000000e-03 2.781829e+03 2.781827e+03 
6.040404e-03 1.235925e+04 1.244764e+04 
1.108081e-02 1.688038e+04 1.692275e+04 
1.612121e-02 1.841903e+04 1.836416e+04 
2.116162e-02 1.821820e+04 1.805724e+04 
2.620202e-02 1.710530e+04 1.699521e+04 
3.124242e-02 1.564678e+04 1.575487e+04 
3.628283e-02 1.419447e+04 1.454013e+04 
4.132323e-02 1.292580e+04 1.340355e+04 
4.636364e-02 1.187793e+04 1.235595e+04 
5.140404e-02 1.105120e+04 1.139707e+04 
5.644444e-02 1.034314e+04 1.052291e+04 
6.148485e-02 9.694087e+03 9.727849e+03 
6.652525e-02 9.055677e+03 9.005598e+03 
7.156566e-02 8.399968e+03 8.349717e+03 
7.660606e-02 7.734302e+03 7.753937e+03 
8.164646e-02 7.089926e+03 7.212352e+03 
8.668687e-02 6.500528e+03 6.719506e+03 
9.172727e-02 5.985371e+03 6.270433e+03 
9.676768e-02 5.551979e+03 5.860652e+03 
1.018081e-01 5.198929e+03 5.486145e+03 
1.068485e-01 4.913848e+03 5.143325e+03 
1.118889e-01 4.672173e+03 4.828995e+03 
1.169293e-01 4.448000e+03 4.540313e+03 
1.219697e-01 4.224284e+03 4.274748e+03 
1.270101e-01 3.994687e+03 4.030054e+03 
1.320505e-01 3.760666e+03 3.804228e+03 
1.370909e-01 3.528552e+03 3.595489e+03 
1.421313e-01 3.307115e+03 3.402248e+03 
1.471717e-01 3.104513e+03 3.223087e+03 
1.522121e-01 2.925733e+03 3.056740e+03 
1.572525e-01 2.772197e+03 2.902070e+03 
1.622929e-01 2.642023e+03 2.758061e+03 
1.673333e-01 2.529850e+03 2.623800e+03 
1.723737e-01 2.428533e+03 2.498464e+03 
1.774141e-01 2.331802e+03 2.381315e+03 
1.824545e-01 2.235852e+03 2.271683e+03 
1.874949e-01 2.139191e+03 2.168967e+03 
1.925354e-01 2.041898e+03 2.072619e+03 
1.975758e-01 1.945792e+03 1.982146e+03 
2.026162e-01 1.853701e+03 1.897097e+03 
2.076566e-01 1.768242e+03 1.817064e+03 
2.126970e-01 1.690679e+03 1.741676e+03 
2.177374e-01 1.621014e+03 1.670594e+03 
2.227778e-01 1.558511e+03 1.603508e+03 
2.278182e-01 1.501858e+03 1.540134e+03 
2.328586e-01 1.449257e+03 1.480215e+03 
2.378990e-01 1.398943e+03 1.423512e+03 
2.429394e-01 1.349864e+03 1.369807e+03 
2.479798e-01 1.301600e+03 1.318901e+03 
2.530202e-01 1.254083e+03 1.270610e+03 
2.580606e-01 1.207554e+03 1.224762e+03 
2.631010e-01 1.162655e+03 1.181203e+03 
2.681414e-01 1.120186e+03 1.139787e+03 
2.731818e-01 1.080623e+03 1.100380e+03 
2.782222e-01 1.043903e+03 1.062861e+03 
2.832626e-01 1.009667e+03 1.027113e+03 
2.883030e-01 9.775837e+02 9.930309e+02 
2.933434e-01 9.473153e+02 9.605163e+02 
2.983838e-01 9.184385e+02 9.294778e+02 
3.034242e-01 8.905107e+02 8.998302e+02 
3.084646e-01 8.632744e+02 8.714945e+02 
3.135051e-01 8.367313e+02 8.443969e+02 
3.185455e-01 8.110211e+02 8.184687e+02 
3.235859e-01 7.862637e+02 7.936458e+02 
3.286263e-01 7.625002e+02 7.698683e+02 
3.336667e-01 7.398179e+02 7.470802e+02 
3.387071e-01 7.182803e+02 7.252292e+02 
3.437475e-01 6.978838e+02 7.042662e+02 
3.487879e-01 6.784978e+02 6.841454e+02 
3.538283e-01 6.599410e+02 6.648236e+02 
3.588687e-01 6.420785e+02 6.462606e+02 
3.639091e-01 6.248349e+02 6.284183e+02 
3.689495e-01 6.081692e+02 6.112610e+02 
3.739899e-01 5.920320e+02 5.947554e+02 
3.790303e-01 5.763796e+02 5.788699e+02 
3.840707e-01 5.612320e+02 5.635747e+02 
3.891111e-01 5.466326e+02 5.488420e+02 
3.941515e-01 5.325962e+02 5.346453e+02 
3.991919e-01 5.191048e+02 5.209598e+02 
4.042323e-01 5.061293e+02 5.077620e+02 
4.092727e-01 4.936464e+02 4.950298e+02 
4.143131e-01 4.816353e+02 4.827421e+02 
4.193535e-01 4.700507e+02 4.708792e+02 
4.243939e-01 4.588385e+02 4.594224e+02 
4.294343e-01 4.479682e+02 4.483539e+02 
4.344747e-01 4.374371e+02 4.376568e+02 
4.395152e-01 4.272376e+02 4.273154e+02 
4.445556e-01 4.173563e+02 4.173144e+02 
4.495960e-01 4.077829e+02 4.076397e+02 
4.546364e-01 3.985093e+02 3.982775e+02 
4.596768e-01 3.895412e+02 3.892149e+02 
4.647172e-01 3.808768e+02 3.804399e+02 
4.697576e-01 3.724866e+02 3.719405e+02 
4.747980e-01 3.643582e+02 3.637059e+02 
4.798384e-01 3.564796e+02 3.557255e+02 
4.848788e-01 3.488402e+02 3.479892e+02 
4.899192e-01 3.414327e+02 3.404875e+02 
4.949596e-01 3.342384e+02 3.332113e+02 
5.000000e-01 3.272392e+02 3.261519e+02 
