1.000000e-03 4.592831e+03 4.592827e+03 
6.040404e-03 2.035779e+04 2.051671e+04 
1.108081e-02 2.735862e+04 2.756471e+04 
1.612121e-02 2.907742e+04 2.927303e+04 
2.116162e-02 2.767573e+04 2.760895e+04 
2.620202e-02 2.469817e+04 2.451265e+04 
3.124242e-02 2.126602e+04 2.142945e+04 
3.628283e-02 1.809440e+04 1.883196e+04 
4.132323e-02 1.553555e+04 1.670592e+04 
4.636364e-02 1.365136e+04 1.494342e+04 
5.140404e-02 1.239309e+04 1.345453e+04 
5.644444e-02 1.156055e+04 1.217701e+04 
6.148485e-02 1.096186e+04 1.106817e+04 
6.652525e-02 1.042317e+04 1.009751e+04 
7.156566e-02 9.827859e+03 9.242248e+03 
7.660606e-02 9.115362e+03 8.484705e+03 
8.164646e-02 8.293051e+03 7.810731e+03 
8.668687e-02 7.423138e+03 7.208768e+03 
9.172727e-02 6.585875e+03 6.669236e+03 
9.676768e-02 5.850864e+03 6.184097e+03 
1.018081e-01 5.261773e+03 5.746559e+03 
1.068485e-01 4.830405e+03 5.350836e+03 
1.118889e-01 4.539549e+03 4.991980e+03 
1.169293e-01 4.352564e+03 4.665732e+03 
1.219697e-01 4.224076e+03 4.368416e+03 
1.270101e-01 4.109140e+03 4.096844e+03 
1.320505e-01 3.971401e+03 3.848246e+03 
1.370909e-01 3.791226e+03 3.620200e+03 
1.421313e-01 3.567341e+03 3.410589e+03 
1.471717e-01 3.312187e+03 3.217553e+03 
1.522121e-01 3.045751e+03 3.039455e+03 
1.572525e-01 2.791536e+03 2.874849e+03 
1.622929e-01 2.570630e+03 2.722455e+03 
1.673333e-01 2.395321e+03 2.581138e+03 
1.723737e-01 2.266160e+03 2.449888e+03 
1.774141e-01 2.175456e+03 2.327805e+03 
1.824545e-01 2.112122e+03 2.214084e+03 
1.874949e-01 2.063651e+03 2.108006e+03 
1.925354e-01 2.016816e+03 2.008923e+03 
1.975758e-01 1.960219e+03 1.916255e+03 
2.026162e-01 1.887859e+03 1.829479e+03 
2.076566e-01 1.800355e+03 1.748122e+03 
2.126970e-01 1.702880e+03 1.671757e+03 
2.177374e-01 1.602259e+03 1.599998e+03 
2.227778e-01 1.505589e+03 1.532493e+03 
2.278182e-01 1.419182e+03 1.468924e+03 
2.328586e-01 1.347109e+03 1.409001e+03 
2.378990e-01 1.290280e+03 1.352459e+03 
2.429394e-01 1.246818e+03 1.299056e+03 
2.479798e-01 1.213138e+03 1.248573e+03 
2.530202e-01 1.184922e+03 1.200806e+03 
2.580606e-01 1.157698e+03 1.155571e+03 
2.631010e-01 1.127776e+03 1.112697e+03 
2.681414e-01 1.093152e+03 1.072029e+03 
2.731818e-01 1.053784e+03 1.033421e+03 
2.782222e-01 1.011046e+03 9.967420e+02 
2.832626e-01 9.670074e+02 9.618692e+02 
2.883030e-01 9.239810e+02 9.286897e+02 
2.933434e-01 8.841387e+02 8.970990e+02 
2.983838e-01 8.490784e+02 8.670004e+02 
3.034242e-01 8.193907e+02 8.383043e+02 
3.084646e-01 7.946007e+02 8.109276e+02 
3.135051e-01 7.735863e+02 7.847931e+02 
3.185455e-01 7.549649e+02 7.598292e+02 
3.235859e-01 7.373382e+02 7.359690e+02 
3.286263e-01 7.194607e+02 7.131505e+02 
3.336667e-01 7.004426e+02 6.913158e+02 
3.387071e-01 6.800094e+02 6.704108e+02 
3.437475e-01 6.584683e+02 6.503852e+02 
3.487879e-01 6.365170e+02 6.311917e+02 
3.538283e-01 6.149235e+02 6.127863e+02 
3.588687e-01 5.943411e+02 5.951278e+02 
3.639091e-01 5.753176e+02 5.781775e+02 
3.689495e-01 5.581768e+02 5.618992e+02 
3.739899e-01 5.429305e+02 5.462590e+02 
3.790303e-01 5.292883e+02 5.312248e+02 
3.840707e-01 5.167986e+02 5.167668e+02 
3.891111e-01 5.049861e+02 5.028568e+02 
3.941515e-01 4.934175e+02 4.894682e+02 
3.991919e-01 4.817568e+02 4.765762e+02 
4.042323e-01 4.698260e+02 4.641572e+02 
4.092727e-01 4.576397e+02 4.521890e+02 
4.143131e-01 4.453694e+02 4.406508e+02 
4.193535e-01 4.332444e+02 4.295227e+02 
4.243939e-01 4.214779e+02 4.187863e+02 
4.294343e-01 4.102608e+02 4.084239e+02 
4.344747e-01 3.997546e+02 3.984188e+02 
4.395152e-01 3.900065e+02 3.887552e+02 
4.445556e-01 3.809554e+02 3.794184e+02 
4.495960e-01 3.724625e+02 3.703941e+02 
4.546364e-01 3.643853e+02 3.616691e+02 
4.596768e-01 3.565820e+02 3.532305e+02 
4.647172e-01 3.489243e+02 3.450664e+02 
4.697576e-01 3.413032e+02 3.371654e+02 
4.747980e-01 3.336837e+02 3.295167e+02 
4.798384e-01 3.261078e+02 3.221098e+02 
4.848788e-01 3.186390e+02 3.149351e+02 
4.899192e-01 3.113414e+02 3.079832e+02 
4.949596e-01 3.042730e+02 3.012453e+02 
5.000000e-01 2.974883e+02 2.947130e+02 
