1.000000e-03 3.838581e+03 3.838578e+03 
6.040404e-03 1.730517e+04 1.743743e+04 
1.108081e-02 2.365307e+04 2.381483e+04 
1.612121e-02 2.556046e+04 2.570406e+04 
2.116162e-02 2.475765e+04 2.468824e+04 
2.620202e-02 2.251064e+04 2.234312e+04 
3.124242e-02 1.976007e+04 1.987546e+04 
3.628283e-02 1.712678e+04 1.771986e+04 
4.132323e-02 1.493838e+04 1.590378e+04 
4.636364e-02 1.327666e+04 1.436250e+04 
5.140404e-02 1.212357e+04 1.303548e+04 
5.644444e-02 1.132289e+04 1.187905e+04 
6.148485e-02 1.072370e+04 1.086229e+04 
6.652525e-02 1.018644e+04 9.962509e+03 
7.156566e-02 9.602448e+03 9.162263e+03 
7.660606e-02 8.922549e+03 8.447645e+03 
8.164646e-02 8.157572e+03 7.807261e+03 
8.668687e-02 7.360064e+03 7.231605e+03 
9.172727e-02 6.593645e+03 6.712644e+03 
9.676768e-02 5.913718e+03 6.243532e+03 
1.018081e-01 5.359102e+03 5.818400e+03 
1.068485e-01 4.943691e+03 5.432187e+03 
1.118889e-01 4.653872e+03 5.080513e+03 
1.169293e-01 4.455491e+03 4.759575e+03 
1.219697e-01 4.308030e+03 4.466058e+03 
1.270101e-01 4.173949e+03 4.197067e+03 
1.320505e-01 4.023615e+03 3.950065e+03 
1.370909e-01 3.839146e+03 3.722823e+03 
1.421313e-01 3.618125e+03 3.513376e+03 
1.471717e-01 3.371571e+03 3.319992e+03 
1.522121e-01 3.118060e+03 3.141134e+03 
1.572525e-01 2.877346e+03 2.975443e+03 
1.622929e-01 2.666201e+03 2.821708e+03 
1.673333e-01 2.494854e+03 2.678849e+03 
1.723737e-01 2.364981e+03 2.545903e+03 
1.774141e-01 2.270409e+03 2.422009e+03 
1.824545e-01 2.200549e+03 2.306393e+03 
1.874949e-01 2.143680e+03 2.198361e+03 
1.925354e-01 2.088442e+03 2.097287e+03 
1.975758e-01 2.025581e+03 2.002609e+03 
2.026162e-01 1.950039e+03 1.913816e+03 
2.076566e-01 1.861894e+03 1.830449e+03 
2.126970e-01 1.765474e+03 1.752088e+03 
2.177374e-01 1.666962e+03 1.678356e+03 
2.227778e-01 1.572823e+03 1.608906e+03 
2.278182e-01 1.488405e+03 1.543426e+03 
2.328586e-01 1.416960e+03 1.481627e+03 
2.378990e-01 1.359098e+03 1.423250e+03 
2.429394e-01 1.313258e+03 1.368053e+03 
2.479798e-01 1.276405e+03 1.315818e+03 
2.530202e-01 1.244668e+03 1.266344e+03 
2.580606e-01 1.213968e+03 1.219445e+03 
2.631010e-01 1.181047e+03 1.174953e+03 
2.681414e-01 1.144227e+03 1.132710e+03 
2.731818e-01 1.103593e+03 1.092572e+03 
2.782222e-01 1.060364e+03 1.054406e+03 
2.832626e-01 1.016301e+03 1.018090e+03 
2.883030e-01 9.734027e+02 9.835085e+02 
2.933434e-01 9.335941e+02 9.505576e+02 
2.983838e-01 8.982533e+02 9.191391e+02 
3.034242e-01 8.678190e+02 8.891626e+02 
3.084646e-01 8.418322e+02 8.605439e+02 
3.135051e-01 8.192941e+02 8.332048e+02 
3.185455e-01 7.989912e+02 8.070726e+02 
3.235859e-01 7.796786e+02 7.820795e+02 
3.286263e-01 7.602336e+02 7.581622e+02 
3.336667e-01 7.399055e+02 7.352620e+02 
3.387071e-01 7.184728e+02 7.133236e+02 
3.437475e-01 6.962286e+02 6.922957e+02 
3.487879e-01 6.737630e+02 6.721301e+02 
3.538283e-01 6.517502e+02 6.527818e+02 
3.588687e-01 6.307818e+02 6.342085e+02 
3.639091e-01 6.113217e+02 6.163707e+02 
3.689495e-01 5.936278e+02 5.992313e+02 
3.739899e-01 5.776790e+02 5.827554e+02 
3.790303e-01 5.632088e+02 5.669102e+02 
3.840707e-01 5.498251e+02 5.516650e+02 
3.891111e-01 5.370955e+02 5.369907e+02 
3.941515e-01 5.246436e+02 5.228601e+02 
3.991919e-01 5.121836e+02 5.092475e+02 
4.042323e-01 4.995523e+02 4.961287e+02 
4.092727e-01 4.867624e+02 4.834807e+02 
4.143131e-01 4.739671e+02 4.712820e+02 
4.193535e-01 4.613882e+02 4.595122e+02 
4.243939e-01 4.492146e+02 4.481520e+02 
4.294343e-01 4.375961e+02 4.371833e+02 
4.344747e-01 4.266423e+02 4.265889e+02 
4.395152e-01 4.164154e+02 4.163523e+02 
4.445556e-01 4.068538e+02 4.064581e+02 
4.495960e-01 3.978393e+02 3.968918e+02 
4.546364e-01 3.892090e+02 3.876394e+02 
4.596768e-01 3.808486e+02 3.786878e+02 
4.647172e-01 3.726605e+02 3.700244e+02 
4.697576e-01 3.645594e+02 3.616374e+02 
4.747980e-01 3.565091e+02 3.535155e+02 
4.798384e-01 3.485246e+02 3.456480e+02 
4.848788e-01 3.406666e+02 3.380247e+02 
4.899192e-01 3.330092e+02 3.306359e+02 
4.949596e-01 3.256079e+02 3.234725e+02 
5.000000e-01 3.184934e+02 3.165255e+02 
