1.000000e-03 2.666368e+03 2.666366e+03 
6.040404e-03 1.170192e+04 1.178558e+04 
1.108081e-02 1.603305e+04 1.606728e+04 
1.612121e-02 1.760471e+04 1.754061e+04 
2.116162e-02 1.755724e+04 1.739514e+04 
2.620202e-02 1.664133e+04 1.652132e+04 
3.124242e-02 1.536975e+04 1.543701e+04 
3.628283e-02 1.406397e+04 1.433820e+04 
4.132323e-02 1.289217e+04 1.328611e+04 
4.636364e-02 1.189532e+04 1.230052e+04 
5.140404e-02 1.108342e+04 1.138760e+04 
5.644444e-02 1.037516e+04 1.054772e+04 
6.148485e-02 9.717785e+03 9.778260e+03 
6.652525e-02 9.082003e+03 9.075067e+03 
7.156566e-02 8.439618e+03 8.433245e+03 
7.660606e-02 7.793850e+03 7.847674e+03 
8.164646e-02 7.172072e+03 7.313314e+03 
8.668687e-02 6.605069e+03 6.825373e+03 
9.172727e-02 6.108608e+03 6.379397e+03 
9.676768e-02 5.685024e+03 5.971304e+03 
1.018081e-01 5.330956e+03 5.597387e+03 
1.068485e-01 5.036452e+03 5.254305e+03 
1.118889e-01 4.782905e+03 4.939055e+03 
1.169293e-01 4.548026e+03 4.648947e+03 
1.219697e-01 4.315365e+03 4.381576e+03 
1.270101e-01 4.079652e+03 4.134789e+03 
1.320505e-01 3.843699e+03 3.906663e+03 
1.370909e-01 3.613564e+03 3.695477e+03 
1.421313e-01 3.396173e+03 3.499693e+03 
1.471717e-01 3.197205e+03 3.317930e+03 
1.522121e-01 3.020052e+03 3.148953e+03 
1.572525e-01 2.865597e+03 2.991651e+03 
1.622929e-01 2.732062e+03 2.845025e+03 
1.673333e-01 2.614937e+03 2.708178e+03 
1.723737e-01 2.507776e+03 2.580299e+03 
1.774141e-01 2.405142e+03 2.460657e+03 
1.824545e-01 2.304158e+03 2.348590e+03 
1.874949e-01 2.204127e+03 2.243501e+03 
1.925354e-01 2.105318e+03 2.144846e+03 
1.975758e-01 2.008697e+03 2.052133e+03 
2.026162e-01 1.916392e+03 1.964913e+03 
2.076566e-01 1.830731e+03 1.882778e+03 
2.126970e-01 1.752795e+03 1.805357e+03 
2.177374e-01 1.682157e+03 1.732309e+03 
2.227778e-01 1.617743e+03 1.663325e+03 
2.278182e-01 1.558426e+03 1.598120e+03 
2.328586e-01 1.503001e+03 1.536433e+03 
2.378990e-01 1.450139e+03 1.478025e+03 
2.429394e-01 1.398762e+03 1.422676e+03 
2.479798e-01 1.348501e+03 1.370185e+03 
2.530202e-01 1.299485e+03 1.320365e+03 
2.580606e-01 1.252055e+03 1.273045e+03 
2.631010e-01 1.206593e+03 1.228066e+03 
2.681414e-01 1.163499e+03 1.185282e+03 
2.731818e-01 1.123076e+03 1.144557e+03 
2.782222e-01 1.085342e+03 1.105767e+03 
2.832626e-01 1.050047e+03 1.068794e+03 
2.883030e-01 1.016771e+03 1.033531e+03 
2.933434e-01 9.851259e+02 9.998773e+02 
2.983838e-01 9.547974e+02 9.677406e+02 
3.034242e-01 9.255595e+02 9.370339e+02 
3.084646e-01 8.972677e+02 9.076765e+02 
3.135051e-01 8.698487e+02 8.795933e+02 
3.185455e-01 8.433446e+02 8.527140e+02 
3.235859e-01 8.178369e+02 8.269732e+02 
3.286263e-01 7.934239e+02 8.023096e+02 
3.336667e-01 7.701455e+02 7.786660e+02 
3.387071e-01 7.479736e+02 7.559888e+02 
3.437475e-01 7.268352e+02 7.342278e+02 
3.487879e-01 7.066379e+02 7.133359e+02 
3.538283e-01 6.872936e+02 6.932691e+02 
3.588687e-01 6.687101e+02 6.739859e+02 
3.639091e-01 6.507620e+02 6.554473e+02 
3.689495e-01 6.333885e+02 6.376169e+02 
3.739899e-01 6.165823e+02 6.204601e+02 
3.790303e-01 6.003554e+02 6.039446e+02 
3.840707e-01 5.847101e+02 5.880398e+02 
3.891111e-01 5.696250e+02 5.727171e+02 
3.941515e-01 5.550846e+02 5.579493e+02 
3.991919e-01 5.410812e+02 5.437107e+02 
4.042323e-01 5.276188e+02 5.299772e+02 
4.092727e-01 5.146668e+02 5.167261e+02 
4.143131e-01 5.021737e+02 5.039356e+02 
4.193535e-01 4.900923e+02 4.915854e+02 
4.243939e-01 4.783963e+02 4.796562e+02 
4.294343e-01 4.670849e+02 4.681297e+02 
4.344747e-01 4.561413e+02 4.569884e+02 
4.395152e-01 4.455399e+02 4.462161e+02 
4.445556e-01 4.352605e+02 4.357971e+02 
4.495960e-01 4.253069e+02 4.257167e+02 
4.546364e-01 4.156828e+02 4.159607e+02 
4.596768e-01 4.063747e+02 4.065159e+02 
4.647172e-01 3.973632e+02 3.973696e+02 
4.697576e-01 3.886257e+02 3.885097e+02 
4.747980e-01 3.801569e+02 3.799249e+02 
4.798384e-01 3.719575e+02 3.716041e+02 
4.848788e-01 3.640090e+02 3.635371e+02 
4.899192e-01 3.562891e+02 3.557139e+02 
4.949596e-01 3.487861e+02 3.481252e+02 
5.000000e-01 3.414981e+02 3.407619e+02 
