1.000000e-03 4.568006e+03 4.568002e+03 
6.040404e-03 2.022881e+04 2.038896e+04 
1.108081e-02 2.739882e+04 2.761621e+04 
1.612121e-02 2.936580e+04 2.960147e+04 
2.116162e-02 2.817917e+04 2.816176e+04 
2.620202e-02 2.532675e+04 2.511817e+04 
3.124242e-02 2.191338e+04 2.197033e+04 
3.628283e-02 1.867296e+04 1.928804e+04 
4.132323e-02 1.599432e+04 1.709471e+04 
4.636364e-02 1.397675e+04 1.528460e+04 
5.140404e-02 1.259864e+04 1.376188e+04 
5.644444e-02 1.168687e+04 1.245912e+04 
6.148485e-02 1.106134e+04 1.133023e+04 
6.652525e-02 1.054705e+04 1.034275e+04 
7.156566e-02 1.000880e+04 9.472793e+03 
7.660606e-02 9.366628e+03 8.702031e+03 
8.164646e-02 8.605496e+03 8.015953e+03 
8.668687e-02 7.767286e+03 7.402787e+03 
9.172727e-02 6.922796e+03 6.852819e+03 
9.676768e-02 6.144177e+03 6.357925e+03 
1.018081e-01 5.487628e+03 5.911249e+03 
1.068485e-01 4.982196e+03 5.506959e+03 
1.118889e-01 4.626016e+03 5.140065e+03 
1.169293e-01 4.392365e+03 4.806273e+03 
1.219697e-01 4.242028e+03 4.501876e+03 
1.270101e-01 4.132450e+03 4.223657e+03 
1.320505e-01 4.023543e+03 3.968815e+03 
1.370909e-01 3.884672e+03 3.734905e+03 
1.421313e-01 3.701182e+03 3.519784e+03 
1.471717e-01 3.475368e+03 3.321569e+03 
1.522121e-01 3.221872e+03 3.138600e+03 
1.572525e-01 2.961413e+03 2.969412e+03 
1.622929e-01 2.716451e+03 2.812705e+03 
1.673333e-01 2.505890e+03 2.667327e+03 
1.723737e-01 2.339890e+03 2.532250e+03 
1.774141e-01 2.218487e+03 2.406559e+03 
1.824545e-01 2.134298e+03 2.289435e+03 
1.874949e-01 2.076445e+03 2.180143e+03 
1.925354e-01 2.032671e+03 2.078026e+03 
1.975758e-01 1.990292e+03 1.982490e+03 
2.026162e-01 1.938471e+03 1.893002e+03 
2.076566e-01 1.871125e+03 1.809078e+03 
2.126970e-01 1.788045e+03 1.730283e+03 
2.177374e-01 1.693744e+03 1.656221e+03 
2.227778e-01 1.594932e+03 1.586534e+03 
2.278182e-01 1.498771e+03 1.520894e+03 
2.328586e-01 1.411639e+03 1.459005e+03 
2.378990e-01 1.337859e+03 1.400596e+03 
2.429394e-01 1.279117e+03 1.345419e+03 
2.479798e-01 1.234429e+03 1.293248e+03 
2.530202e-01 1.200736e+03 1.243875e+03 
2.580606e-01 1.173811e+03 1.197112e+03 
2.631010e-01 1.149100e+03 1.152782e+03 
2.681414e-01 1.122714e+03 1.110725e+03 
2.731818e-01 1.092130e+03 1.070794e+03 
2.782222e-01 1.056450e+03 1.032851e+03 
2.832626e-01 1.016319e+03 9.967729e+02 
2.883030e-01 9.734944e+02 9.624415e+02 
2.933434e-01 9.303506e+02 9.297501e+02 
2.983838e-01 8.893261e+02 8.985989e+02 
3.034242e-01 8.523140e+02 8.688959e+02 
3.084646e-01 8.203771e+02 8.405555e+02 
3.135051e-01 7.937037e+02 8.134983e+02 
3.185455e-01 7.716547e+02 7.876502e+02 
3.235859e-01 7.530017e+02 7.629427e+02 
3.286263e-01 7.362593e+02 7.393117e+02 
3.336667e-01 7.199669e+02 7.166974e+02 
3.387071e-01 7.029999e+02 6.950443e+02 
3.437475e-01 6.846785e+02 6.743003e+02 
3.487879e-01 6.648393e+02 6.544168e+02 
3.538283e-01 6.438337e+02 6.353483e+02 
3.588687e-01 6.223740e+02 6.170523e+02 
3.639091e-01 6.012944e+02 5.994889e+02 
3.689495e-01 5.813198e+02 5.826208e+02 
3.739899e-01 5.629555e+02 5.664127e+02 
3.790303e-01 5.464733e+02 5.508319e+02 
3.840707e-01 5.318924e+02 5.358474e+02 
3.891111e-01 5.189750e+02 5.214300e+02 
3.941515e-01 5.072674e+02 5.075523e+02 
3.991919e-01 4.962165e+02 4.941887e+02 
4.042323e-01 4.853532e+02 4.813148e+02 
4.092727e-01 4.743551e+02 4.689076e+02 
4.143131e-01 4.630350e+02 4.569457e+02 
4.193535e-01 4.513896e+02 4.454086e+02 
4.243939e-01 4.395257e+02 4.342770e+02 
4.294343e-01 4.276691e+02 4.235327e+02 
4.344747e-01 4.161033e+02 4.131586e+02 
4.395152e-01 4.050586e+02 4.031384e+02 
4.445556e-01 3.947018e+02 3.934566e+02 
4.495960e-01 3.850959e+02 3.840986e+02 
4.546364e-01 3.762141e+02 3.750506e+02 
4.596768e-01 3.679733e+02 3.662994e+02 
4.647172e-01 3.602250e+02 3.578327e+02 
4.697576e-01 3.527841e+02 3.496386e+02 
4.747980e-01 3.454946e+02 3.417059e+02 
4.798384e-01 3.382447e+02 3.340240e+02 
4.848788e-01 3.309780e+02 3.265826e+02 
4.899192e-01 3.237007e+02 3.193722e+02 
4.949596e-01 3.164399e+02 3.123836e+02 
5.000000e-01 3.092753e+02 3.056080e+02 
