1.000000e-03 2.349584e+03 2.349582e+03 
6.040404e-03 1.053176e+04 1.060654e+04 
1.108081e-02 1.452011e+04 1.452817e+04 
1.612121e-02 1.605943e+04 1.595227e+04 
2.116162e-02 1.618108e+04 1.599006e+04 
2.620202e-02 1.553908e+04 1.538822e+04 
3.124242e-02 1.456175e+04 1.454809e+04 
3.628283e-02 1.351049e+04 1.363709e+04 
4.132323e-02 1.252018e+04 1.272571e+04 
4.636364e-02 1.162657e+04 1.184716e+04 
5.140404e-02 1.085247e+04 1.101754e+04 
5.644444e-02 1.013453e+04 1.024382e+04 
6.148485e-02 9.456116e+03 9.527775e+03 
6.652525e-02 8.806944e+03 8.868237e+03 
7.156566e-02 8.175521e+03 8.262440e+03 
7.660606e-02 7.570513e+03 7.706825e+03 
8.164646e-02 7.012891e+03 7.197525e+03 
8.668687e-02 6.517474e+03 6.730654e+03 
9.172727e-02 6.083360e+03 6.302465e+03 
9.676768e-02 5.703220e+03 5.909439e+03 
1.018081e-01 5.370128e+03 5.548323e+03 
1.068485e-01 5.074773e+03 5.216141e+03 
1.118889e-01 4.803079e+03 4.910192e+03 
1.169293e-01 4.541902e+03 4.628033e+03 
1.219697e-01 4.286771e+03 4.367463e+03 
1.270101e-01 4.040202e+03 4.126500e+03 
1.320505e-01 3.807200e+03 3.903364e+03 
1.370909e-01 3.591662e+03 3.696453e+03 
1.421313e-01 3.395264e+03 3.504330e+03 
1.471717e-01 3.217997e+03 3.325701e+03 
1.522121e-01 3.058385e+03 3.159402e+03 
1.572525e-01 2.914168e+03 3.004385e+03 
1.622929e-01 2.782463e+03 2.859705e+03 
1.673333e-01 2.659380e+03 2.724507e+03 
1.723737e-01 2.541616e+03 2.598022e+03 
1.774141e-01 2.428031e+03 2.479551e+03 
1.824545e-01 2.319050e+03 2.368462e+03 
1.874949e-01 2.215334e+03 2.264182e+03 
1.925354e-01 2.117143e+03 2.166189e+03 
1.975758e-01 2.024908e+03 2.074010e+03 
2.026162e-01 1.939319e+03 1.987212e+03 
2.076566e-01 1.860412e+03 1.905402e+03 
2.126970e-01 1.787189e+03 1.828221e+03 
2.177374e-01 1.718423e+03 1.755340e+03 
2.227778e-01 1.653344e+03 1.686456e+03 
2.278182e-01 1.591503e+03 1.621296e+03 
2.328586e-01 1.532497e+03 1.559605e+03 
2.378990e-01 1.475949e+03 1.501151e+03 
2.429394e-01 1.421766e+03 1.445719e+03 
2.479798e-01 1.370135e+03 1.393112e+03 
2.530202e-01 1.321160e+03 1.343150e+03 
2.580606e-01 1.274757e+03 1.295663e+03 
2.631010e-01 1.230782e+03 1.250497e+03 
2.681414e-01 1.189172e+03 1.207508e+03 
2.731818e-01 1.149759e+03 1.166564e+03 
2.782222e-01 1.112280e+03 1.127542e+03 
2.832626e-01 1.076455e+03 1.090327e+03 
2.883030e-01 1.042095e+03 1.054814e+03 
2.933434e-01 1.009155e+03 1.020903e+03 
2.983838e-01 9.776090e+02 9.885031e+02 
3.034242e-01 9.473956e+02 9.575291e+02 
3.084646e-01 9.184460e+02 9.279012e+02 
3.135051e-01 8.907187e+02 8.995452e+02 
3.185455e-01 8.641955e+02 8.723916e+02 
3.235859e-01 8.388309e+02 8.463759e+02 
3.286263e-01 8.145534e+02 8.214373e+02 
3.336667e-01 7.912696e+02 7.975193e+02 
3.387071e-01 7.688956e+02 7.745688e+02 
3.437475e-01 7.473948e+02 7.525359e+02 
3.487879e-01 7.267385e+02 7.313740e+02 
3.538283e-01 7.068677e+02 7.110394e+02 
3.588687e-01 6.877239e+02 6.914908e+02 
3.639091e-01 6.692766e+02 6.726896e+02 
3.689495e-01 6.515185e+02 6.545995e+02 
3.739899e-01 6.344435e+02 6.371861e+02 
3.790303e-01 6.180123e+02 6.204172e+02 
3.840707e-01 6.021697e+02 6.042624e+02 
3.891111e-01 5.868793e+02 5.886931e+02 
3.941515e-01 5.721344e+02 5.736823e+02 
3.991919e-01 5.579213e+02 5.592043e+02 
4.042323e-01 5.442047e+02 5.452351e+02 
4.092727e-01 5.309452e+02 5.317519e+02 
4.143131e-01 5.181213e+02 5.187331e+02 
4.193535e-01 5.057324e+02 5.061583e+02 
4.243939e-01 4.937681e+02 4.940082e+02 
4.294343e-01 4.822023e+02 4.822644e+02 
4.344747e-01 4.710069e+02 4.709097e+02 
4.395152e-01 4.601668e+02 4.599276e+02 
4.445556e-01 4.496823e+02 4.493024e+02 
4.495960e-01 4.395440e+02 4.390194e+02 
4.546364e-01 4.297243e+02 4.290645e+02 
4.596768e-01 4.201984e+02 4.194243e+02 
4.647172e-01 4.109614e+02 4.100861e+02 
4.697576e-01 4.020186e+02 4.010378e+02 
4.747980e-01 3.933513e+02 3.922679e+02 
4.798384e-01 3.849427e+02 3.837655e+02 
4.848788e-01 3.767786e+02 3.755201e+02 
4.899192e-01 3.688509e+02 3.675219e+02 
4.949596e-01 3.611616e+02 3.597612e+02 
5.000000e-01 3.537060e+02 3.522292e+02 
