1.000000e-03 3.988436e+03 3.988433e+03 
6.040404e-03 1.771059e+04 1.784671e+04 
1.108081e-02 2.406514e+04 2.422723e+04 
1.612121e-02 2.591624e+04 2.605574e+04 
2.116162e-02 2.504971e+04 2.497779e+04 
2.620202e-02 2.274895e+04 2.258316e+04 
3.124242e-02 1.995650e+04 2.007548e+04 
3.628283e-02 1.729038e+04 1.788644e+04 
4.132323e-02 1.507461e+04 1.604228e+04 
4.636364e-02 1.338971e+04 1.447751e+04 
5.140404e-02 1.221416e+04 1.313092e+04 
5.644444e-02 1.139536e+04 1.195819e+04 
6.148485e-02 1.078126e+04 1.092785e+04 
6.652525e-02 1.023023e+04 1.001673e+04 
7.156566e-02 9.637161e+03 9.207010e+03 
7.660606e-02 8.952533e+03 8.484449e+03 
8.164646e-02 8.185404e+03 7.837389e+03 
8.668687e-02 7.386428e+03 7.256108e+03 
9.172727e-02 6.618360e+03 6.732396e+03 
9.676768e-02 5.936196e+03 6.259264e+03 
1.018081e-01 5.378348e+03 5.830720e+03 
1.068485e-01 4.958607e+03 5.441608e+03 
1.118889e-01 4.663345e+03 5.087467e+03 
1.169293e-01 4.459750e+03 4.764425e+03 
1.219697e-01 4.308124e+03 4.469115e+03 
1.270101e-01 4.171280e+03 4.198593e+03 
1.320505e-01 4.019410e+03 3.950284e+03 
1.370909e-01 3.834719e+03 3.721925e+03 
1.421313e-01 3.614564e+03 3.511526e+03 
1.471717e-01 3.369656e+03 3.317329e+03 
1.522121e-01 3.117802e+03 3.137781e+03 
1.572525e-01 2.877926e+03 2.971502e+03 
1.622929e-01 2.666488e+03 2.817269e+03 
1.673333e-01 2.494050e+03 2.673991e+03 
1.723737e-01 2.362527e+03 2.540692e+03 
1.774141e-01 2.266068e+03 2.416504e+03 
1.824545e-01 2.194410e+03 2.300644e+03 
1.874949e-01 2.135932e+03 2.192412e+03 
1.925354e-01 2.079761e+03 2.091177e+03 
1.975758e-01 2.016868e+03 1.996370e+03 
2.026162e-01 1.942019e+03 1.907478e+03 
2.076566e-01 1.854889e+03 1.824035e+03 
2.126970e-01 1.759506e+03 1.745622e+03 
2.177374e-01 1.661997e+03 1.671856e+03 
2.227778e-01 1.568605e+03 1.602389e+03 
2.278182e-01 1.484422e+03 1.536905e+03 
2.328586e-01 1.412663e+03 1.475117e+03 
2.378990e-01 1.354144e+03 1.416759e+03 
2.429394e-01 1.307495e+03 1.361592e+03 
2.479798e-01 1.269862e+03 1.309395e+03 
2.530202e-01 1.237490e+03 1.259965e+03 
2.580606e-01 1.206440e+03 1.213117e+03 
2.631010e-01 1.173534e+03 1.168680e+03 
2.681414e-01 1.137084e+03 1.126497e+03 
2.731818e-01 1.097010e+03 1.086422e+03 
2.782222e-01 1.054364e+03 1.048323e+03 
2.832626e-01 1.010852e+03 1.012075e+03 
2.883030e-01 9.683950e+02 9.775648e+02 
2.933434e-01 9.288262e+02 9.446864e+02 
2.983838e-01 8.934991e+02 9.133418e+02 
3.034242e-01 8.628749e+02 8.834401e+02 
3.084646e-01 8.365872e+02 8.548969e+02 
3.135051e-01 8.137539e+02 8.276337e+02 
3.185455e-01 7.932242e+02 8.015777e+02 
3.235859e-01 7.737764e+02 7.766608e+02 
3.286263e-01 7.543255e+02 7.528197e+02 
3.336667e-01 7.341359e+02 7.299953e+02 
3.387071e-01 7.129649e+02 7.081323e+02 
3.437475e-01 6.910395e+02 6.871794e+02 
3.487879e-01 6.688757e+02 6.670882e+02 
3.538283e-01 6.470883e+02 6.478136e+02 
3.588687e-01 6.262765e+02 6.293133e+02 
3.639091e-01 6.069104e+02 6.115478e+02 
3.689495e-01 5.892315e+02 5.944797e+02 
3.739899e-01 5.732186e+02 5.780743e+02 
3.790303e-01 5.586530e+02 5.622987e+02 
3.840707e-01 5.451823e+02 5.471221e+02 
3.891111e-01 5.324188e+02 5.325155e+02 
3.941515e-01 5.199918e+02 5.184516e+02 
3.991919e-01 5.075979e+02 5.049047e+02 
4.042323e-01 4.950687e+02 4.918504e+02 
4.092727e-01 4.824207e+02 4.792661e+02 
4.143131e-01 4.697911e+02 4.671300e+02 
4.193535e-01 4.573561e+02 4.554218e+02 
4.243939e-01 4.452912e+02 4.441222e+02 
4.294343e-01 4.337485e+02 4.332131e+02 
4.344747e-01 4.228452e+02 4.226772e+02 
4.395152e-01 4.126359e+02 4.124981e+02 
4.445556e-01 4.030813e+02 4.026606e+02 
4.495960e-01 3.940554e+02 3.931498e+02 
4.546364e-01 3.854260e+02 3.839520e+02 
4.596768e-01 3.770864e+02 3.750540e+02 
4.647172e-01 3.689401e+02 3.664432e+02 
4.697576e-01 3.609021e+02 3.581080e+02 
4.747980e-01 3.529241e+02 3.500369e+02 
4.798384e-01 3.450174e+02 3.422193e+02 
4.848788e-01 3.372465e+02 3.346450e+02 
4.899192e-01 3.296688e+02 3.273044e+02 
4.949596e-01 3.223301e+02 3.201881e+02 
5.000000e-01 3.152573e+02 3.132875e+02 
