1.000000e-03 1.015526e+04 1.015525e+04 
6.040404e-03 4.620802e+04 4.661030e+04 
1.108081e-02 6.273646e+04 6.365258e+04 
1.612121e-02 6.638850e+04 6.805359e+04 
2.116162e-02 6.175933e+04 6.289841e+04 
2.620202e-02 5.258624e+04 5.202738e+04 
3.124242e-02 4.193208e+04 4.057178e+04 
3.628283e-02 3.197207e+04 3.147656e+04 
4.132323e-02 2.389192e+04 2.500934e+04 
4.636364e-02 1.801851e+04 2.047705e+04 
5.140404e-02 1.418657e+04 1.721242e+04 
5.644444e-02 1.195991e+04 1.476782e+04 
6.148485e-02 1.087060e+04 1.286868e+04 
6.652525e-02 1.050142e+04 1.134745e+04 
7.156566e-02 1.050697e+04 1.009906e+04 
7.660606e-02 1.057926e+04 9.055030e+03 
8.164646e-02 1.045800e+04 8.168880e+03 
8.668687e-02 9.982257e+03 7.407807e+03 
9.172727e-02 9.126591e+03 6.747863e+03 
9.676768e-02 7.986846e+03 6.171047e+03 
1.018081e-01 6.730723e+03 5.663486e+03 
1.068485e-01 5.533552e+03 5.214269e+03 
1.118889e-01 4.526136e+03 4.814663e+03 
1.169293e-01 3.773718e+03 4.457580e+03 
1.219697e-01 3.283673e+03 4.137196e+03 
1.270101e-01 3.027647e+03 3.848675e+03 
1.320505e-01 2.958952e+03 3.587968e+03 
1.370909e-01 3.021904e+03 3.351657e+03 
1.421313e-01 3.154845e+03 3.136835e+03 
1.471717e-01 3.293132e+03 2.941021e+03 
1.522121e-01 3.374825e+03 2.762079e+03 
1.572525e-01 3.351485e+03 2.598166e+03 
1.622929e-01 3.202417e+03 2.447680e+03 
1.673333e-01 2.942216e+03 2.309230e+03 
1.723737e-01 2.613053e+03 2.181594e+03 
1.774141e-01 2.266093e+03 2.063703e+03 
1.824545e-01 1.945517e+03 1.954614e+03 
1.874949e-01 1.681747e+03 1.853495e+03 
1.925354e-01 1.490719e+03 1.759609e+03 
1.975758e-01 1.375295e+03 1.672299e+03 
2.026162e-01 1.327974e+03 1.590981e+03 
2.076566e-01 1.334448e+03 1.515135e+03 
2.126970e-01 1.376530e+03 1.444294e+03 
2.177374e-01 1.433779e+03 1.378038e+03 
2.227778e-01 1.484695e+03 1.315991e+03 
2.278182e-01 1.509400e+03 1.257815e+03 
2.328586e-01 1.494143e+03 1.203202e+03 
2.378990e-01 1.435190e+03 1.151875e+03 
2.429394e-01 1.339201e+03 1.103584e+03 
2.479798e-01 1.219987e+03 1.058100e+03 
2.530202e-01 1.094043e+03 1.015216e+03 
2.580606e-01 9.766617e+02 9.747433e+02 
2.631010e-01 8.792260e+02 9.365092e+02 
2.681414e-01 8.079009e+02 9.003564e+02 
2.731818e-01 7.638626e+02 8.661408e+02 
2.782222e-01 7.446584e+02 8.337304e+02 
2.832626e-01 7.454306e+02 8.030039e+02 
2.883030e-01 7.596344e+02 7.738501e+02 
2.933434e-01 7.794192e+02 7.461665e+02 
2.983838e-01 7.963867e+02 7.198587e+02 
3.034242e-01 8.031517e+02 6.948396e+02 
3.084646e-01 7.949335e+02 6.710288e+02 
3.135051e-01 7.704817e+02 6.483520e+02 
3.185455e-01 7.319289e+02 6.267403e+02 
3.235859e-01 6.838486e+02 6.061300e+02 
3.286263e-01 6.320751e+02 5.864619e+02 
3.336667e-01 5.824329e+02 5.676812e+02 
3.387071e-01 5.396241e+02 5.497368e+02 
3.437475e-01 5.065398e+02 5.325811e+02 
3.487879e-01 4.841767e+02 5.161701e+02 
3.538283e-01 4.719787e+02 5.004623e+02 
3.588687e-01 4.682289e+02 4.854195e+02 
3.639091e-01 4.703912e+02 4.710056e+02 
3.689495e-01 4.753437e+02 4.571871e+02 
3.739899e-01 4.797576e+02 4.439327e+02 
3.790303e-01 4.807036e+02 4.312129e+02 
3.840707e-01 4.761615e+02 4.190001e+02 
3.891111e-01 4.653629e+02 4.072687e+02 
3.941515e-01 4.487629e+02 3.959943e+02 
3.991919e-01 4.278447e+02 3.851542e+02 
4.042323e-01 4.047592e+02 3.747271e+02 
4.092727e-01 3.818266e+02 3.646929e+02 
4.143131e-01 3.610630e+02 3.550325e+02 
4.193535e-01 3.438469e+02 3.457284e+02 
4.243939e-01 3.308846e+02 3.367635e+02 
4.294343e-01 3.222457e+02 3.281223e+02 
4.344747e-01 3.174473e+02 3.197896e+02 
4.395152e-01 3.155269e+02 3.117515e+02 
4.445556e-01 3.151966e+02 3.039946e+02 
4.495960e-01 3.150932e+02 2.965064e+02 
4.546364e-01 3.140055e+02 2.892749e+02 
4.596768e-01 3.110226e+02 2.822889e+02 
4.647172e-01 3.056409e+02 2.755377e+02 
4.697576e-01 2.978217e+02 2.690113e+02 
4.747980e-01 2.880076e+02 2.627001e+02 
4.798384e-01 2.769779e+02 2.565950e+02 
4.848788e-01 2.656528e+02 2.506874e+02 
4.899192e-01 2.548786e+02 2.449691e+02 
4.949596e-01 2.453274e+02 2.394324e+02 
5.000000e-01 2.374393e+02 2.340698e+02 
