1.000000e-03 4.379264e+03 4.379260e+03 
6.040404e-03 1.956635e+04 1.972098e+04 
1.108081e-02 2.655035e+04 2.676336e+04 
1.612121e-02 2.846638e+04 2.869844e+04 
2.116162e-02 2.730285e+04 2.728453e+04 
2.620202e-02 2.451240e+04 2.430847e+04 
3.124242e-02 2.117995e+04 2.124053e+04 
3.628283e-02 1.802403e+04 1.863358e+04 
4.132323e-02 1.542327e+04 1.650627e+04 
4.636364e-02 1.347207e+04 1.475324e+04 
5.140404e-02 1.214754e+04 1.328007e+04 
5.644444e-02 1.127661e+04 1.202064e+04 
6.148485e-02 1.068303e+04 1.092990e+04 
6.652525e-02 1.019271e+04 9.976196e+03 
7.156566e-02 9.675190e+03 9.136273e+03 
7.660606e-02 9.052862e+03 8.392318e+03 
8.164646e-02 8.311669e+03 7.730247e+03 
8.668687e-02 7.494657e+03 7.138645e+03 
9.172727e-02 6.672381e+03 6.608101e+03 
9.676768e-02 5.916593e+03 6.130750e+03 
1.018081e-01 5.282225e+03 5.699957e+03 
1.068485e-01 4.796741e+03 5.310081e+03 
1.118889e-01 4.457069e+03 4.956297e+03 
1.169293e-01 4.236397e+03 4.634457e+03 
1.219697e-01 4.096145e+03 4.340978e+03 
1.270101e-01 3.993959e+03 4.072753e+03 
1.320505e-01 3.890327e+03 3.827076e+03 
1.370909e-01 3.755575e+03 3.601588e+03 
1.421313e-01 3.576002e+03 3.394220e+03 
1.471717e-01 3.354975e+03 3.203153e+03 
1.522121e-01 3.107064e+03 3.026788e+03 
1.572525e-01 2.853166e+03 2.863709e+03 
1.622929e-01 2.615553e+03 2.712663e+03 
1.673333e-01 2.412696e+03 2.572537e+03 
1.723737e-01 2.254101e+03 2.442342e+03 
1.774141e-01 2.139097e+03 2.321194e+03 
1.824545e-01 2.060083e+03 2.208304e+03 
1.874949e-01 2.006252e+03 2.102963e+03 
1.925354e-01 1.965447e+03 2.004536e+03 
1.975758e-01 1.925114e+03 1.912453e+03 
2.026162e-01 1.874648e+03 1.826198e+03 
2.076566e-01 1.808431e+03 1.745305e+03 
2.126970e-01 1.726719e+03 1.669356e+03 
2.177374e-01 1.634278e+03 1.597967e+03 
2.227778e-01 1.537822e+03 1.530794e+03 
2.278182e-01 1.444423e+03 1.467522e+03 
2.328586e-01 1.360353e+03 1.407864e+03 
2.378990e-01 1.289718e+03 1.351559e+03 
2.429394e-01 1.234002e+03 1.298370e+03 
2.479798e-01 1.191935e+03 1.248077e+03 
2.530202e-01 1.160384e+03 1.200480e+03 
2.580606e-01 1.135066e+03 1.155398e+03 
2.631010e-01 1.111522e+03 1.112661e+03 
2.681414e-01 1.085971e+03 1.072114e+03 
2.731818e-01 1.056009e+03 1.033616e+03 
2.782222e-01 1.020932e+03 9.970341e+02 
2.832626e-01 9.815159e+02 9.622483e+02 
2.883030e-01 9.396231e+02 9.291463e+02 
2.933434e-01 8.976540e+02 8.976246e+02 
2.983838e-01 8.579579e+02 8.675873e+02 
3.034242e-01 8.223759e+02 8.389456e+02 
3.084646e-01 7.918950e+02 8.116170e+02 
3.135051e-01 7.666004e+02 7.855249e+02 
3.185455e-01 7.457611e+02 7.605983e+02 
3.235859e-01 7.280991e+02 7.367708e+02 
3.286263e-01 7.121312e+02 7.139807e+02 
3.336667e-01 6.964475e+02 6.921706e+02 
3.387071e-01 6.799652e+02 6.712869e+02 
3.437475e-01 6.620459e+02 6.512793e+02 
3.487879e-01 6.426064e+02 6.321011e+02 
3.538283e-01 6.220479e+02 6.137085e+02 
3.588687e-01 6.011485e+02 5.960604e+02 
3.639091e-01 5.807121e+02 5.791185e+02 
3.689495e-01 5.614219e+02 5.628467e+02 
3.739899e-01 5.437754e+02 5.472112e+02 
3.790303e-01 5.280104e+02 5.321803e+02 
3.840707e-01 5.141290e+02 5.177241e+02 
3.891111e-01 5.018400e+02 5.038147e+02 
3.941515e-01 4.906464e+02 4.904256e+02 
3.991919e-01 4.800268e+02 4.775320e+02 
4.042323e-01 4.695317e+02 4.651105e+02 
4.092727e-01 4.588572e+02 4.531390e+02 
4.143131e-01 4.478383e+02 4.415967e+02 
4.193535e-01 4.364711e+02 4.304639e+02 
4.243939e-01 4.249050e+02 4.197222e+02 
4.294343e-01 4.133869e+02 4.093539e+02 
4.344747e-01 4.021909e+02 3.993425e+02 
4.395152e-01 3.915411e+02 3.896722e+02 
4.445556e-01 3.815765e+02 3.803283e+02 
4.495960e-01 3.723528e+02 3.712966e+02 
4.546364e-01 3.638541e+02 3.625638e+02 
4.596768e-01 3.559698e+02 3.541173e+02 
4.647172e-01 3.485228e+02 3.459450e+02 
4.697576e-01 3.413497e+02 3.380356e+02 
4.747980e-01 3.343027e+02 3.303783e+02 
4.798384e-01 3.272745e+02 3.229628e+02 
4.848788e-01 3.202191e+02 3.157794e+02 
4.899192e-01 3.131412e+02 3.088186e+02 
4.949596e-01 3.060869e+02 3.020718e+02 
5.000000e-01 2.991412e+02 2.955305e+02 
