1.000000e-03 5.632161e+03 5.632156e+03 
6.040404e-03 2.466206e+04 2.486009e+04 
1.108081e-02 3.299838e+04 3.330899e+04 
1.612121e-02 3.485622e+04 3.523759e+04 
2.116162e-02 3.284288e+04 3.287404e+04 
2.620202e-02 2.886439e+04 2.858122e+04 
3.124242e-02 2.433511e+04 2.435303e+04 
3.628283e-02 2.017330e+04 2.090244e+04 
4.132323e-02 1.683563e+04 1.819403e+04 
4.636364e-02 1.440767e+04 1.603716e+04 
5.140404e-02 1.282787e+04 1.427509e+04 
5.644444e-02 1.185501e+04 1.280253e+04 
6.148485e-02 1.125129e+04 1.155036e+04 
6.652525e-02 1.078980e+04 1.047177e+04 
7.156566e-02 1.029968e+04 9.533608e+03 
7.660606e-02 9.669765e+03 8.711351e+03 
8.164646e-02 8.869760e+03 7.986214e+03 
8.668687e-02 7.948098e+03 7.343392e+03 
9.172727e-02 6.997165e+03 6.770961e+03 
9.676768e-02 6.114021e+03 6.259164e+03 
1.018081e-01 5.372846e+03 5.799914e+03 
1.068485e-01 4.810694e+03 5.386440e+03 
1.118889e-01 4.427474e+03 5.013028e+03 
1.169293e-01 4.195117e+03 4.674823e+03 
1.219697e-01 4.069193e+03 4.367675e+03 
1.270101e-01 3.997774e+03 4.088019e+03 
1.320505e-01 3.929907e+03 3.832779e+03 
1.370909e-01 3.825804e+03 3.599288e+03 
1.421313e-01 3.664328e+03 3.385228e+03 
1.471717e-01 3.443931e+03 3.188574e+03 
1.522121e-01 3.179023e+03 3.007552e+03 
1.572525e-01 2.895682e+03 2.840606e+03 
1.622929e-01 2.624675e+03 2.686361e+03 
1.673333e-01 2.391570e+03 2.543605e+03 
1.723737e-01 2.209905e+03 2.411263e+03 
1.774141e-01 2.080720e+03 2.288379e+03 
1.824545e-01 1.997569e+03 2.174104e+03 
1.874949e-01 1.949495e+03 2.067678e+03 
1.925354e-01 1.921755e+03 1.968423e+03 
1.975758e-01 1.897542e+03 1.875729e+03 
2.026162e-01 1.862173e+03 1.789049e+03 
2.076566e-01 1.807164e+03 1.707891e+03 
2.126970e-01 1.731009e+03 1.631812e+03 
2.177374e-01 1.637471e+03 1.560409e+03 
2.227778e-01 1.533975e+03 1.493320e+03 
2.278182e-01 1.429957e+03 1.430215e+03 
2.328586e-01 1.334592e+03 1.370795e+03 
2.378990e-01 1.254341e+03 1.314787e+03 
2.429394e-01 1.191979e+03 1.261943e+03 
2.479798e-01 1.146968e+03 1.212038e+03 
2.530202e-01 1.116328e+03 1.164864e+03 
2.580606e-01 1.095315e+03 1.120232e+03 
2.631010e-01 1.078229e+03 1.077967e+03 
2.681414e-01 1.059698e+03 1.037911e+03 
2.731818e-01 1.035898e+03 9.999178e+02 
2.782222e-01 1.005083e+03 9.638517e+02 
2.832626e-01 9.674576e+02 9.295890e+02 
2.883030e-01 9.247821e+02 8.970152e+02 
2.933434e-01 8.799394e+02 8.660244e+02 
2.983838e-01 8.362800e+02 8.365189e+02 
3.034242e-01 7.967096e+02 8.084082e+02 
3.084646e-01 7.630345e+02 7.816086e+02 
3.135051e-01 7.357899e+02 7.560422e+02 
3.185455e-01 7.144790e+02 7.316368e+02 
3.235859e-01 6.978726e+02 7.083255e+02 
3.286263e-01 6.842290e+02 6.860456e+02 
3.336667e-01 6.715741e+02 6.647393e+02 
3.387071e-01 6.581130e+02 6.443522e+02 
3.437475e-01 6.426966e+02 6.248339e+02 
3.487879e-01 6.249373e+02 6.061372e+02 
3.538283e-01 6.051354e+02 5.882182e+02 
3.588687e-01 5.839961e+02 5.710354e+02 
3.639091e-01 5.625244e+02 5.545505e+02 
3.689495e-01 5.418038e+02 5.387272e+02 
3.739899e-01 5.227790e+02 5.235318e+02 
3.790303e-01 5.060269e+02 5.089324e+02 
3.840707e-01 4.916675e+02 4.948992e+02 
3.891111e-01 4.794644e+02 4.814043e+02 
3.941515e-01 4.689497e+02 4.684212e+02 
3.991919e-01 4.594854e+02 4.559252e+02 
4.042323e-01 4.503794e+02 4.438931e+02 
4.092727e-01 4.410410e+02 4.323027e+02 
4.143131e-01 4.311266e+02 4.211335e+02 
4.193535e-01 4.205405e+02 4.103659e+02 
4.243939e-01 4.093715e+02 3.999814e+02 
4.294343e-01 3.978698e+02 3.899626e+02 
4.344747e-01 3.863838e+02 3.802931e+02 
4.395152e-01 3.753050e+02 3.709573e+02 
4.445556e-01 3.649560e+02 3.619406e+02 
4.495960e-01 3.554868e+02 3.532290e+02 
4.546364e-01 3.469303e+02 3.448092e+02 
4.596768e-01 3.392183e+02 3.366689e+02 
4.647172e-01 3.321865e+02 3.287961e+02 
4.697576e-01 3.256055e+02 3.211797e+02 
4.747980e-01 3.192112e+02 3.138089e+02 
4.798384e-01 3.128081e+02 3.066736e+02 
4.848788e-01 3.062910e+02 2.997642e+02 
4.899192e-01 2.996257e+02 2.930716e+02 
4.949596e-01 2.928373e+02 2.865870e+02 
5.000000e-01 2.859998e+02 2.803023e+02 
