1.000000e-03 3.934124e+03 3.934121e+03 
6.040404e-03 1.739275e+04 1.752681e+04 
1.108081e-02 2.365485e+04 2.381757e+04 
1.612121e-02 2.551107e+04 2.565840e+04 
2.116162e-02 2.469405e+04 2.463394e+04 
2.620202e-02 2.245318e+04 2.228452e+04 
3.124242e-02 1.971054e+04 1.980497e+04 
3.628283e-02 1.707650e+04 1.763719e+04 
4.132323e-02 1.487642e+04 1.581287e+04 
4.636364e-02 1.319572e+04 1.426736e+04 
5.140404e-02 1.201916e+04 1.293907e+04 
5.644444e-02 1.120147e+04 1.178328e+04 
6.148485e-02 1.059304e+04 1.076838e+04 
6.652525e-02 1.005908e+04 9.871164e+03 
7.156566e-02 9.489899e+03 9.073898e+03 
7.660606e-02 8.831842e+03 8.362469e+03 
8.164646e-02 8.089327e+03 7.725353e+03 
8.668687e-02 7.309763e+03 7.152958e+03 
9.172727e-02 6.553450e+03 6.637200e+03 
9.676768e-02 5.874880e+03 6.171201e+03 
1.018081e-01 5.313618e+03 5.749068e+03 
1.068485e-01 4.886727e+03 5.365731e+03 
1.118889e-01 4.584767e+03 5.016804e+03 
1.169293e-01 4.377419e+03 4.698484e+03 
1.219697e-01 4.226226e+03 4.407457e+03 
1.270101e-01 4.094444e+03 4.140832e+03 
1.320505e-01 3.952027e+03 3.896076e+03 
1.370909e-01 3.779478e+03 3.670964e+03 
1.421313e-01 3.571457e+03 3.463538e+03 
1.471717e-01 3.336154e+03 3.272070e+03 
1.522121e-01 3.090054e+03 3.095032e+03 
1.572525e-01 2.852112e+03 2.931067e+03 
1.622929e-01 2.639285e+03 2.778970e+03 
1.673333e-01 2.463032e+03 2.637666e+03 
1.723737e-01 2.326871e+03 2.506199e+03 
1.774141e-01 2.226609e+03 2.383709e+03 
1.824545e-01 2.153119e+03 2.269429e+03 
1.874949e-01 2.095262e+03 2.162668e+03 
1.925354e-01 2.041968e+03 2.062805e+03 
1.975758e-01 1.983763e+03 1.969279e+03 
2.026162e-01 1.914417e+03 1.881585e+03 
2.076566e-01 1.832653e+03 1.799266e+03 
2.126970e-01 1.741449e+03 1.721905e+03 
2.177374e-01 1.646272e+03 1.649127e+03 
2.227778e-01 1.553331e+03 1.580589e+03 
2.278182e-01 1.468166e+03 1.515980e+03 
2.328586e-01 1.394594e+03 1.455015e+03 
2.378990e-01 1.334040e+03 1.397435e+03 
2.429394e-01 1.285710e+03 1.343002e+03 
2.479798e-01 1.247174e+03 1.291498e+03 
2.530202e-01 1.214985e+03 1.242725e+03 
2.580606e-01 1.185283e+03 1.196499e+03 
2.631010e-01 1.154575e+03 1.152651e+03 
2.681414e-01 1.120619e+03 1.111027e+03 
2.731818e-01 1.082849e+03 1.071484e+03 
2.782222e-01 1.042056e+03 1.033889e+03 
2.832626e-01 9.997441e+02 9.981215e+02 
2.883030e-01 9.577330e+02 9.640683e+02 
2.933434e-01 9.178936e+02 9.316253e+02 
2.983838e-01 8.818089e+02 9.006958e+02 
3.034242e-01 8.503371e+02 8.711901e+02 
3.084646e-01 8.234019e+02 8.430250e+02 
3.135051e-01 8.002423e+02 8.161232e+02 
3.185455e-01 7.797680e+02 7.904125e+02 
3.235859e-01 7.608158e+02 7.658260e+02 
3.286263e-01 7.422528e+02 7.423011e+02 
3.336667e-01 7.231715e+02 7.197796e+02 
3.387071e-01 7.030914e+02 6.982070e+02 
3.437475e-01 6.820524e+02 6.775325e+02 
3.487879e-01 6.605039e+02 6.577083e+02 
3.538283e-01 6.390491e+02 6.386901e+02 
3.588687e-01 6.182962e+02 6.204362e+02 
3.639091e-01 5.987660e+02 6.029073e+02 
3.689495e-01 5.808030e+02 5.860668e+02 
3.739899e-01 5.645480e+02 5.698802e+02 
3.790303e-01 5.498694e+02 5.543153e+02 
3.840707e-01 5.364487e+02 5.393415e+02 
3.891111e-01 5.238885e+02 5.249303e+02 
3.941515e-01 5.117991e+02 5.110546e+02 
3.991919e-01 4.998655e+02 4.976892e+02 
4.042323e-01 4.878512e+02 4.848101e+02 
4.092727e-01 4.756628e+02 4.723947e+02 
4.143131e-01 4.633719e+02 4.604218e+02 
4.193535e-01 4.511564e+02 4.488711e+02 
4.243939e-01 4.392154e+02 4.377237e+02 
4.294343e-01 4.277158e+02 4.269616e+02 
4.344747e-01 4.167876e+02 4.165679e+02 
4.395152e-01 4.065189e+02 4.065264e+02 
4.445556e-01 3.969280e+02 3.968218e+02 
4.495960e-01 3.879434e+02 3.874399e+02 
4.546364e-01 3.794294e+02 3.783667e+02 
4.596768e-01 3.712484e+02 3.695894e+02 
4.647172e-01 3.632934e+02 3.610957e+02 
4.697576e-01 3.554747e+02 3.528738e+02 
4.747980e-01 3.477336e+02 3.449126e+02 
4.798384e-01 3.400379e+02 3.372016e+02 
4.848788e-01 3.324176e+02 3.297307e+02 
4.899192e-01 3.249388e+02 3.224904e+02 
4.949596e-01 3.176680e+02 3.154715e+02 
5.000000e-01 3.106487e+02 3.086654e+02 
