1.000000e-03 6.994411e+03 6.994405e+03 
6.040404e-03 3.156662e+04 3.183069e+04 
1.108081e-02 4.315774e+04 4.368877e+04 
1.612121e-02 4.624036e+04 4.712687e+04 
2.116162e-02 4.383534e+04 4.433122e+04 
2.620202e-02 3.835462e+04 3.791336e+04 
3.124242e-02 3.175432e+04 3.103300e+04 
3.628283e-02 2.542933e+04 2.539401e+04 
4.132323e-02 2.016765e+04 2.117800e+04 
4.636364e-02 1.622914e+04 1.804416e+04 
5.140404e-02 1.357242e+04 1.565179e+04 
5.644444e-02 1.195166e+04 1.376475e+04 
6.148485e-02 1.106892e+04 1.223264e+04 
6.652525e-02 1.064563e+04 1.095973e+04 
7.156566e-02 1.041827e+04 9.883264e+03 
7.660606e-02 1.016814e+04 8.960423e+03 
8.164646e-02 9.741398e+03 8.160791e+03 
8.668687e-02 9.073319e+03 7.461968e+03 
9.172727e-02 8.187707e+03 6.846934e+03 
9.676768e-02 7.174121e+03 6.302425e+03 
1.018081e-01 6.152983e+03 5.817886e+03 
1.068485e-01 5.237362e+03 5.384772e+03 
1.118889e-01 4.501481e+03 4.996072e+03 
1.169293e-01 3.972259e+03 4.645964e+03 
1.219697e-01 3.639045e+03 4.329571e+03 
1.270101e-01 3.470354e+03 4.042772e+03 
1.320505e-01 3.423146e+03 3.782059e+03 
1.370909e-01 3.445973e+03 3.544434e+03 
1.421313e-01 3.483967e+03 3.327311e+03 
1.471717e-01 3.487594e+03 3.128459e+03 
1.522121e-01 3.421634e+03 2.945936e+03 
1.572525e-01 3.270612e+03 2.778051e+03 
1.622929e-01 3.041169e+03 2.623323e+03 
1.673333e-01 2.759380e+03 2.480452e+03 
1.723737e-01 2.462113e+03 2.348290e+03 
1.774141e-01 2.184730e+03 2.225825e+03 
1.824545e-01 1.952137e+03 2.112159e+03 
1.874949e-01 1.776985e+03 2.006493e+03 
1.925354e-01 1.661665e+03 1.908115e+03 
1.975758e-01 1.600870e+03 1.816392e+03 
2.026162e-01 1.583275e+03 1.730754e+03 
2.076566e-01 1.592909e+03 1.650690e+03 
2.126970e-01 1.611604e+03 1.575742e+03 
2.177374e-01 1.622062e+03 1.505495e+03 
2.227778e-01 1.610689e+03 1.439578e+03 
2.278182e-01 1.569785e+03 1.377651e+03 
2.328586e-01 1.498826e+03 1.319409e+03 
2.378990e-01 1.404066e+03 1.264573e+03 
2.429394e-01 1.296283e+03 1.212892e+03 
2.479798e-01 1.187787e+03 1.164136e+03 
2.530202e-01 1.089497e+03 1.118094e+03 
2.580606e-01 1.009029e+03 1.074574e+03 
2.631010e-01 9.500789e+02 1.033401e+03 
2.681414e-01 9.125970e+02 9.944156e+02 
2.731818e-01 8.935599e+02 9.574687e+02 
2.782222e-01 8.880161e+02 9.224254e+02 
2.832626e-01 8.898535e+02 8.891611e+02 
2.883030e-01 8.925536e+02 8.575609e+02 
2.933434e-01 8.900936e+02 8.275190e+02 
2.983838e-01 8.780524e+02 7.989377e+02 
3.034242e-01 8.545054e+02 7.717267e+02 
3.084646e-01 8.202160e+02 7.458024e+02 
3.135051e-01 7.780910e+02 7.210874e+02 
3.185455e-01 7.322374e+02 6.975098e+02 
3.235859e-01 6.870434e+02 6.750030e+02 
3.286263e-01 6.463530e+02 6.535052e+02 
3.336667e-01 6.128018e+02 6.329586e+02 
3.387071e-01 5.875967e+02 6.133097e+02 
3.437475e-01 5.705839e+02 5.945085e+02 
3.487879e-01 5.604914e+02 5.765084e+02 
3.538283e-01 5.552879e+02 5.592659e+02 
3.588687e-01 5.525066e+02 5.427403e+02 
3.639091e-01 5.496014e+02 5.268936e+02 
3.689495e-01 5.443903e+02 5.116904e+02 
3.739899e-01 5.354002e+02 4.970971e+02 
3.790303e-01 5.221015e+02 4.830827e+02 
3.840707e-01 5.048651e+02 4.696178e+02 
3.891111e-01 4.847897e+02 4.566750e+02 
3.941515e-01 4.634369e+02 4.442284e+02 
3.991919e-01 4.424924e+02 4.322537e+02 
4.042323e-01 4.234268e+02 4.207280e+02 
4.092727e-01 4.072452e+02 4.096300e+02 
4.143131e-01 3.943943e+02 3.989393e+02 
4.193535e-01 3.848018e+02 3.886369e+02 
4.243939e-01 3.779741e+02 3.787047e+02 
4.294343e-01 3.731203e+02 3.691257e+02 
4.344747e-01 3.692618e+02 3.598839e+02 
4.395152e-01 3.653856e+02 3.509641e+02 
4.445556e-01 3.606247e+02 3.423521e+02 
4.495960e-01 3.544303e+02 3.340342e+02 
4.546364e-01 3.466164e+02 3.259975e+02 
4.596768e-01 3.373280e+02 3.182300e+02 
4.647172e-01 3.269638e+02 3.107202e+02 
4.697576e-01 3.161107e+02 3.034570e+02 
4.747980e-01 3.054220e+02 2.964302e+02 
4.798384e-01 2.954846e+02 2.896298e+02 
4.848788e-01 2.867214e+02 2.830467e+02 
4.899192e-01 2.793236e+02 2.766718e+02 
4.949596e-01 2.732695e+02 2.704968e+02 
5.000000e-01 2.683840e+02 2.645137e+02 
