1.000000e-03 4.904577e+03 4.904573e+03 
6.040404e-03 2.199055e+04 2.216529e+04 
1.108081e-02 2.974239e+04 3.000228e+04 
1.612121e-02 3.170719e+04 3.200836e+04 
2.116162e-02 3.016459e+04 3.016315e+04 
2.620202e-02 2.680217e+04 2.655895e+04 
3.124242e-02 2.287946e+04 2.293424e+04 
3.628283e-02 1.922483e+04 1.991929e+04 
4.132323e-02 1.626099e+04 1.750652e+04 
4.636364e-02 1.407864e+04 1.555080e+04 
5.140404e-02 1.263707e+04 1.392900e+04 
5.644444e-02 1.172337e+04 1.255704e+04 
6.148485e-02 1.112899e+04 1.137878e+04 
6.652525e-02 1.064979e+04 1.035554e+04 
7.156566e-02 1.013473e+04 9.459445e+03 
7.660606e-02 9.490694e+03 8.669496e+03 
8.164646e-02 8.699612e+03 7.969356e+03 
8.668687e-02 7.811047e+03 7.345961e+03 
9.172727e-02 6.909917e+03 6.788661e+03 
9.676768e-02 6.082078e+03 6.288643e+03 
1.018081e-01 5.392219e+03 5.838536e+03 
1.068485e-01 4.871347e+03 5.432117e+03 
1.118889e-01 4.515298e+03 5.064096e+03 
1.169293e-01 4.294403e+03 4.729951e+03 
1.219697e-01 4.165315e+03 4.425795e+03 
1.270101e-01 4.079386e+03 4.148272e+03 
1.320505e-01 3.990329e+03 3.894471e+03 
1.370909e-01 3.863691e+03 3.661860e+03 
1.421313e-01 3.683530e+03 3.448229e+03 
1.471717e-01 3.452602e+03 3.251642e+03 
1.522121e-01 3.187333e+03 3.070395e+03 
1.572525e-01 2.912298e+03 2.902990e+03 
1.622929e-01 2.654799e+03 2.748101e+03 
1.673333e-01 2.436943e+03 2.604555e+03 
1.723737e-01 2.268981e+03 2.471307e+03 
1.774141e-01 2.150068e+03 2.347430e+03 
1.824545e-01 2.072067e+03 2.232094e+03 
1.874949e-01 2.023327e+03 2.124559e+03 
1.925354e-01 1.989739e+03 2.024160e+03 
1.975758e-01 1.956099e+03 1.930300e+03 
2.026162e-01 1.909791e+03 1.842443e+03 
2.076566e-01 1.844531e+03 1.760103e+03 
2.126970e-01 1.760674e+03 1.682844e+03 
2.177374e-01 1.663341e+03 1.610269e+03 
2.227778e-01 1.560175e+03 1.542020e+03 
2.278182e-01 1.459674e+03 1.477770e+03 
2.328586e-01 1.369556e+03 1.417223e+03 
2.378990e-01 1.294891e+03 1.360109e+03 
2.429394e-01 1.237286e+03 1.306181e+03 
2.479798e-01 1.195318e+03 1.255215e+03 
2.530202e-01 1.165401e+03 1.207003e+03 
2.580606e-01 1.142683e+03 1.161358e+03 
2.631010e-01 1.121934e+03 1.118106e+03 
2.681414e-01 1.098585e+03 1.077088e+03 
2.731818e-01 1.069713e+03 1.038157e+03 
2.782222e-01 1.034461e+03 1.001179e+03 
2.832626e-01 9.937054e+02 9.660284e+02 
2.883030e-01 9.496240e+02 9.325915e+02 
2.933434e-01 9.050310e+02 9.007617e+02 
2.983838e-01 8.627914e+02 8.704409e+02 
3.034242e-01 8.252451e+02 8.415380e+02 
3.084646e-01 7.936060e+02 8.139688e+02 
3.135051e-01 7.679626e+02 7.876549e+02 
3.185455e-01 7.474449e+02 7.625236e+02 
3.235859e-01 7.305837e+02 7.385072e+02 
3.286263e-01 7.156906e+02 7.155428e+02 
3.336667e-01 7.010713e+02 6.935716e+02 
3.387071e-01 6.853020e+02 6.725389e+02 
3.437475e-01 6.675874e+02 6.523936e+02 
3.487879e-01 6.478688e+02 6.330881e+02 
3.538283e-01 6.266979e+02 6.145777e+02 
3.588687e-01 6.049271e+02 5.968206e+02 
3.639091e-01 5.834802e+02 5.797778e+02 
3.689495e-01 5.632322e+02 5.634126e+02 
3.739899e-01 5.448778e+02 5.476906e+02 
3.790303e-01 5.287671e+02 5.325796e+02 
3.840707e-01 5.148427e+02 5.180492e+02 
3.891111e-01 5.027267e+02 5.040711e+02 
3.941515e-01 4.918541e+02 4.906184e+02 
3.991919e-01 4.816360e+02 4.776658e+02 
4.042323e-01 4.715230e+02 4.651897e+02 
4.092727e-01 4.610811e+02 4.531677e+02 
4.143131e-01 4.500835e+02 4.415786e+02 
4.193535e-01 4.385691e+02 4.304025e+02 
4.243939e-01 4.267340e+02 4.196207e+02 
4.294343e-01 4.148623e+02 4.092153e+02 
4.344747e-01 4.032756e+02 3.991696e+02 
4.395152e-01 3.922588e+02 3.894677e+02 
4.445556e-01 3.820381e+02 3.800945e+02 
4.495960e-01 3.726996e+02 3.710357e+02 
4.546364e-01 3.641876e+02 3.622780e+02 
4.596768e-01 3.563625e+02 3.538085e+02 
4.647172e-01 3.490435e+02 3.456151e+02 
4.697576e-01 3.420216e+02 3.376862e+02 
4.747980e-01 3.351070e+02 3.300110e+02 
4.798384e-01 3.281497e+02 3.225791e+02 
4.848788e-01 3.210857e+02 3.153806e+02 
4.899192e-01 3.139355e+02 3.084061e+02 
4.949596e-01 3.067740e+02 3.016467e+02 
5.000000e-01 2.996936e+02 2.950939e+02 
