1.000000e-03 5.397411e+03 5.397407e+03 
6.040404e-03 2.405015e+04 2.424658e+04 
1.108081e-02 3.263423e+04 3.296131e+04 
1.612121e-02 3.488701e+04 3.533901e+04 
2.116162e-02 3.320975e+04 3.334072e+04 
2.620202e-02 2.941558e+04 2.911303e+04 
3.124242e-02 2.490188e+04 2.473430e+04 
3.628283e-02 2.062178e+04 2.110709e+04 
4.132323e-02 1.709225e+04 1.827336e+04 
4.636364e-02 1.445658e+04 1.604314e+04 
5.140404e-02 1.269103e+04 1.424278e+04 
5.644444e-02 1.159192e+04 1.275266e+04 
6.148485e-02 1.093685e+04 1.149445e+04 
6.652525e-02 1.050844e+04 1.041595e+04 
7.156566e-02 1.011598e+04 9.480970e+03 
7.660606e-02 9.623795e+03 8.663285e+03 
8.164646e-02 8.965345e+03 7.943186e+03 
8.668687e-02 8.151627e+03 7.305374e+03 
9.172727e-02 7.249606e+03 6.737676e+03 
9.676768e-02 6.350866e+03 6.230221e+03 
1.018081e-01 5.542450e+03 5.774884e+03 
1.068485e-01 4.885246e+03 5.364897e+03 
1.118889e-01 4.403145e+03 4.994571e+03 
1.169293e-01 4.086407e+03 4.659083e+03 
1.219697e-01 3.903934e+03 4.354321e+03 
1.270101e-01 3.813560e+03 4.076756e+03 
1.320505e-01 3.767753e+03 3.823345e+03 
1.370909e-01 3.719859e+03 3.591454e+03 
1.421313e-01 3.633104e+03 3.378793e+03 
1.471717e-01 3.487802e+03 3.183361e+03 
1.522121e-01 3.282758e+03 3.003409e+03 
1.572525e-01 3.032125e+03 2.837396e+03 
1.622929e-01 2.761147e+03 2.683967e+03 
1.673333e-01 2.499150e+03 2.541924e+03 
1.723737e-01 2.271073e+03 2.410205e+03 
1.774141e-01 2.090957e+03 2.287865e+03 
1.824545e-01 1.961838e+03 2.174065e+03 
1.874949e-01 1.879123e+03 2.068053e+03 
1.925354e-01 1.833285e+03 1.969158e+03 
1.975758e-01 1.811063e+03 1.876778e+03 
2.026162e-01 1.796783e+03 1.790371e+03 
2.076566e-01 1.775568e+03 1.709450e+03 
2.126970e-01 1.736916e+03 1.633575e+03 
2.177374e-01 1.676476e+03 1.562348e+03 
2.227778e-01 1.595701e+03 1.495411e+03 
2.278182e-01 1.500539e+03 1.432435e+03 
2.328586e-01 1.399673e+03 1.373125e+03 
2.378990e-01 1.302436e+03 1.317210e+03 
2.429394e-01 1.216652e+03 1.264444e+03 
2.479798e-01 1.147178e+03 1.214604e+03 
2.530202e-01 1.095561e+03 1.167482e+03 
2.580606e-01 1.060405e+03 1.122892e+03 
2.631010e-01 1.038055e+03 1.080660e+03 
2.681414e-01 1.023460e+03 1.040629e+03 
2.731818e-01 1.011184e+03 1.002653e+03 
2.782222e-01 9.963897e+02 9.665978e+02 
2.832626e-01 9.755942e+02 9.323405e+02 
2.883030e-01 9.471720e+02 8.997671e+02 
2.933434e-01 9.114830e+02 8.687724e+02 
2.983838e-01 8.705506e+02 8.392592e+02 
3.034242e-01 8.274598e+02 8.111374e+02 
3.084646e-01 7.854872e+02 7.843236e+02 
3.135051e-01 7.474492e+02 7.587406e+02 
3.185455e-01 7.152055e+02 7.343163e+02 
3.235859e-01 6.894859e+02 7.109840e+02 
3.286263e-01 6.699277e+02 6.886816e+02 
3.336667e-01 6.553244e+02 6.673512e+02 
3.387071e-01 6.439375e+02 6.469388e+02 
3.437475e-01 6.338310e+02 6.273942e+02 
3.487879e-01 6.231827e+02 6.086703e+02 
3.538283e-01 6.106192e+02 5.907233e+02 
3.588687e-01 5.954647e+02 5.735120e+02 
3.639091e-01 5.777785e+02 5.569980e+02 
3.689495e-01 5.582014e+02 5.411453e+02 
3.739899e-01 5.377193e+02 5.259201e+02 
3.790303e-01 5.174414e+02 5.112908e+02 
3.840707e-01 4.984146e+02 4.972276e+02 
3.891111e-01 4.814447e+02 4.837026e+02 
3.941515e-01 4.669460e+02 4.706894e+02 
3.991919e-01 4.548880e+02 4.581634e+02 
4.042323e-01 4.448775e+02 4.461013e+02 
4.092727e-01 4.363170e+02 4.344812e+02 
4.143131e-01 4.285210e+02 4.232824e+02 
4.193535e-01 4.208262e+02 4.124853e+02 
4.243939e-01 4.126883e+02 4.020716e+02 
4.294343e-01 4.037659e+02 3.920239e+02 
4.344747e-01 3.939758e+02 3.823258e+02 
4.395152e-01 3.834909e+02 3.729617e+02 
4.445556e-01 3.726304e+02 3.639170e+02 
4.495960e-01 3.617914e+02 3.551776e+02 
4.546364e-01 3.513509e+02 3.467305e+02 
4.596768e-01 3.416362e+02 3.385632e+02 
4.647172e-01 3.328518e+02 3.306638e+02 
4.697576e-01 3.250576e+02 3.230210e+02 
4.747980e-01 3.181508e+02 3.156243e+02 
4.798384e-01 3.119430e+02 3.084635e+02 
4.848788e-01 3.061861e+02 3.015289e+02 
4.899192e-01 3.006306e+02 2.948115e+02 
4.949596e-01 2.950568e+02 2.883025e+02 
5.000000e-01 2.893063e+02 2.819937e+02 
