1.000000e-03 1.068853e+04 1.068852e+04 
6.040404e-03 4.789568e+04 4.831381e+04 
1.108081e-02 6.481115e+04 6.576068e+04 
1.612121e-02 6.850919e+04 7.025434e+04 
2.116162e-02 6.372438e+04 6.497609e+04 
2.620202e-02 5.427202e+04 5.375589e+04 
3.124242e-02 4.327449e+04 4.182516e+04 
3.628283e-02 3.295983e+04 3.230322e+04 
4.132323e-02 2.455619e+04 2.553234e+04 
4.636364e-02 1.841631e+04 2.080461e+04 
5.140404e-02 1.437811e+04 1.741744e+04 
5.644444e-02 1.200504e+04 1.489536e+04 
6.148485e-02 1.081835e+04 1.294617e+04 
6.652525e-02 1.039388e+04 1.139180e+04 
7.156566e-02 1.038223e+04 1.012099e+04 
7.660606e-02 1.047411e+04 9.061496e+03 
8.164646e-02 1.040379e+04 8.164534e+03 
8.668687e-02 9.995447e+03 7.395832e+03 
9.172727e-02 9.203304e+03 6.730489e+03 
9.676768e-02 8.106184e+03 6.149860e+03 
1.018081e-01 6.863132e+03 5.639638e+03 
1.068485e-01 5.650389e+03 5.188602e+03 
1.118889e-01 4.607811e+03 4.787802e+03 
1.169293e-01 3.811145e+03 4.429993e+03 
1.219697e-01 3.275754e+03 4.109233e+03 
1.270101e-01 2.978738e+03 3.820602e+03 
1.320505e-01 2.877117e+03 3.559983e+03 
1.370909e-01 2.918162e+03 3.323909e+03 
1.421313e-01 3.043075e+03 3.109439e+03 
1.471717e-01 3.189152e+03 2.914059e+03 
1.522121e-01 3.294163e+03 2.735612e+03 
1.572525e-01 3.305797e+03 2.572236e+03 
1.622929e-01 3.195115e+03 2.422319e+03 
1.673333e-01 2.967017e+03 2.284456e+03 
1.723737e-01 2.657036e+03 2.157418e+03 
1.774141e-01 2.314651e+03 2.040129e+03 
1.824545e-01 1.986366e+03 1.931643e+03 
1.874949e-01 1.706470e+03 1.831121e+03 
1.925354e-01 1.494723e+03 1.737824e+03 
1.975758e-01 1.357609e+03 1.651094e+03 
2.026162e-01 1.290667e+03 1.570345e+03 
2.076566e-01 1.281803e+03 1.495055e+03 
2.126970e-01 1.314505e+03 1.424755e+03 
2.177374e-01 1.369666e+03 1.359027e+03 
2.227778e-01 1.426530e+03 1.297494e+03 
2.278182e-01 1.464605e+03 1.239816e+03 
2.328586e-01 1.467523e+03 1.185687e+03 
2.378990e-01 1.427459e+03 1.134829e+03 
2.429394e-01 1.347060e+03 1.086992e+03 
2.479798e-01 1.237494e+03 1.041948e+03 
2.530202e-01 1.114372e+03 9.994900e+02 
2.580606e-01 9.936332e+02 9.594292e+02 
2.631010e-01 8.882700e+02 9.215937e+02 
2.681414e-01 8.064947e+02 8.858265e+02 
2.731818e-01 7.514993e+02 8.519839e+02 
2.782222e-01 7.223151e+02 8.199342e+02 
2.832626e-01 7.151818e+02 7.895566e+02 
2.883030e-01 7.244978e+02 7.607401e+02 
2.933434e-01 7.431840e+02 7.333828e+02 
2.983838e-01 7.631852e+02 7.073906e+02 
3.034242e-01 7.765965e+02 6.826767e+02 
3.084646e-01 7.772491e+02 6.591613e+02 
3.135051e-01 7.620607e+02 6.367702e+02 
3.185455e-01 7.314544e+02 6.154350e+02 
3.235859e-01 6.887490e+02 5.950924e+02 
3.286263e-01 6.391848e+02 5.756834e+02 
3.336667e-01 5.886358e+02 5.571535e+02 
3.387071e-01 5.423895e+02 5.394520e+02 
3.437475e-01 5.043409e+02 5.225316e+02 
3.487879e-01 4.764749e+02 5.063484e+02 
3.538283e-01 4.590617e+02 4.908615e+02 
3.588687e-01 4.510502e+02 4.760327e+02 
3.639091e-01 4.504450e+02 4.618262e+02 
3.689495e-01 4.545057e+02 4.482089e+02 
3.739899e-01 4.600629e+02 4.351495e+02 
3.790303e-01 4.639384e+02 4.226189e+02 
3.840707e-01 4.635197e+02 4.105897e+02 
3.891111e-01 4.572571e+02 3.990364e+02 
3.941515e-01 4.448128e+02 3.879349e+02 
3.991919e-01 4.270353e+02 3.772627e+02 
4.042323e-01 4.056331e+02 3.669985e+02 
4.092727e-01 3.828223e+02 3.571226e+02 
4.143131e-01 3.608426e+02 3.476160e+02 
4.193535e-01 3.414832e+02 3.384612e+02 
4.243939e-01 3.258980e+02 3.296416e+02 
4.294343e-01 3.145883e+02 3.211415e+02 
4.344747e-01 3.074426e+02 3.129461e+02 
4.395152e-01 3.038604e+02 3.050414e+02 
4.445556e-01 3.027970e+02 2.974143e+02 
4.495960e-01 3.029551e+02 2.900524e+02 
4.546364e-01 3.030099e+02 2.829438e+02 
4.596768e-01 3.018335e+02 2.760774e+02 
4.647172e-01 2.986190e+02 2.694426e+02 
4.697576e-01 2.929718e+02 2.630296e+02 
4.747980e-01 2.849612e+02 2.568288e+02 
4.798384e-01 2.750990e+02 2.508312e+02 
4.848788e-01 2.642093e+02 2.450283e+02 
4.899192e-01 2.531900e+02 2.394121e+02 
4.949596e-01 2.428486e+02 2.339748e+02 
5.000000e-01 2.338099e+02 2.287093e+02 
