1.000000e-03 5.414612e+03 5.414607e+03 
6.040404e-03 2.410983e+04 2.430854e+04 
1.108081e-02 3.285437e+04 3.319034e+04 
1.612121e-02 3.529183e+04 3.577928e+04 
2.116162e-02 3.375841e+04 3.395016e+04 
2.620202e-02 3.003057e+04 2.973439e+04 
3.124242e-02 2.549551e+04 2.523649e+04 
3.628283e-02 2.112222e+04 2.146748e+04 
4.132323e-02 1.745733e+04 1.852343e+04 
4.636364e-02 1.467732e+04 1.621894e+04 
5.140404e-02 1.277619e+04 1.437067e+04 
5.644444e-02 1.157629e+04 1.284958e+04 
6.148485e-02 1.085969e+04 1.157094e+04 
6.652525e-02 1.041882e+04 1.047853e+04 
7.156566e-02 1.005709e+04 9.533731e+03 
7.660606e-02 9.627670e+03 8.708868e+03 
8.164646e-02 9.045401e+03 7.983331e+03 
8.668687e-02 8.299321e+03 7.341259e+03 
9.172727e-02 7.438982e+03 6.770123e+03 
9.676768e-02 6.547052e+03 6.259821e+03 
1.018081e-01 5.711612e+03 5.802074e+03 
1.068485e-01 5.003426e+03 5.390009e+03 
1.118889e-01 4.460358e+03 5.017864e+03 
1.169293e-01 4.085220e+03 4.680764e+03 
1.219697e-01 3.855566e+03 4.374560e+03 
1.270101e-01 3.735404e+03 4.095693e+03 
1.320505e-01 3.681736e+03 3.841100e+03 
1.370909e-01 3.649042e+03 3.608131e+03 
1.421313e-01 3.595804e+03 3.394481e+03 
1.471717e-01 3.493398e+03 3.198139e+03 
1.522121e-01 3.330331e+03 3.017347e+03 
1.572525e-01 3.112117e+03 2.850557e+03 
1.622929e-01 2.857348e+03 2.696408e+03 
1.673333e-01 2.592986e+03 2.553695e+03 
1.723737e-01 2.346497e+03 2.421352e+03 
1.774141e-01 2.138440e+03 2.298431e+03 
1.824545e-01 1.978764e+03 2.184088e+03 
1.874949e-01 1.867995e+03 2.077569e+03 
1.925354e-01 1.800339e+03 1.978199e+03 
1.975758e-01 1.765632e+03 1.885374e+03 
2.026162e-01 1.750357e+03 1.798549e+03 
2.076566e-01 1.739426e+03 1.717236e+03 
2.126970e-01 1.719265e+03 1.640992e+03 
2.177374e-01 1.680744e+03 1.569419e+03 
2.227778e-01 1.620460e+03 1.502155e+03 
2.278182e-01 1.540413e+03 1.438872e+03 
2.328586e-01 1.446848e+03 1.379272e+03 
2.378990e-01 1.348451e+03 1.323084e+03 
2.429394e-01 1.254206e+03 1.270060e+03 
2.479798e-01 1.171456e+03 1.219975e+03 
2.530202e-01 1.104719e+03 1.172622e+03 
2.580606e-01 1.055475e+03 1.127813e+03 
2.631010e-01 1.022374e+03 1.085374e+03 
2.681414e-01 1.001869e+03 1.045147e+03 
2.731818e-01 9.890793e+02 1.006985e+03 
2.782222e-01 9.787963e+02 9.707535e+02 
2.832626e-01 9.663093e+02 9.363287e+02 
2.883030e-01 9.480924e+02 9.035961e+02 
2.933434e-01 9.222874e+02 8.724501e+02 
2.983838e-01 8.889524e+02 8.427930e+02 
3.034242e-01 8.499113e+02 8.145343e+02 
3.084646e-01 8.081043e+02 7.875903e+02 
3.135051e-01 7.667695e+02 7.618831e+02 
3.185455e-01 7.287534e+02 7.373405e+02 
3.235859e-01 6.960863e+02 7.138955e+02 
3.286263e-01 6.697690e+02 6.914855e+02 
3.336667e-01 6.497404e+02 6.700525e+02 
3.387071e-01 6.350419e+02 6.495421e+02 
3.437475e-01 6.240605e+02 6.299039e+02 
3.487879e-01 6.149075e+02 6.110905e+02 
3.538283e-01 6.057512e+02 5.930579e+02 
3.588687e-01 5.950817e+02 5.757648e+02 
3.639091e-01 5.819446e+02 5.591726e+02 
3.689495e-01 5.660963e+02 5.432450e+02 
3.739899e-01 5.479417e+02 5.279480e+02 
3.790303e-01 5.283539e+02 5.132500e+02 
3.840707e-01 5.084304e+02 4.991209e+02 
3.891111e-01 4.892545e+02 4.855327e+02 
3.941515e-01 4.717508e+02 4.724590e+02 
3.991919e-01 4.565393e+02 4.598748e+02 
4.042323e-01 4.438242e+02 4.477569e+02 
4.092727e-01 4.334094e+02 4.360832e+02 
4.143131e-01 4.247974e+02 4.248329e+02 
4.193535e-01 4.173355e+02 4.139865e+02 
4.243939e-01 4.103387e+02 4.035253e+02 
4.294343e-01 4.031958e+02 3.934319e+02 
4.344747e-01 3.954227e+02 3.836898e+02 
4.395152e-01 3.867667e+02 3.742835e+02 
4.445556e-01 3.772126e+02 3.651981e+02 
4.495960e-01 3.669948e+02 3.564196e+02 
4.546364e-01 3.564782e+02 3.479348e+02 
4.596768e-01 3.460674e+02 3.397311e+02 
4.647172e-01 3.361305e+02 3.317967e+02 
4.697576e-01 3.269617e+02 3.241203e+02 
4.747980e-01 3.187446e+02 3.166910e+02 
4.798384e-01 3.115174e+02 3.094988e+02 
4.848788e-01 3.051649e+02 3.025340e+02 
4.899192e-01 2.994675e+02 2.957874e+02 
4.949596e-01 2.941742e+02 2.892503e+02 
5.000000e-01 2.890405e+02 2.829143e+02 
