1.000000e-03 2.604670e+03 2.604667e+03 
6.040404e-03 1.146293e+04 1.154441e+04 
1.108081e-02 1.563196e+04 1.563791e+04 
1.612121e-02 1.714390e+04 1.702316e+04 
2.116162e-02 1.715309e+04 1.694455e+04 
2.620202e-02 1.637587e+04 1.621456e+04 
3.124242e-02 1.526977e+04 1.525691e+04 
3.628283e-02 1.410892e+04 1.424324e+04 
4.132323e-02 1.303011e+04 1.324366e+04 
4.636364e-02 1.206466e+04 1.228988e+04 
5.140404e-02 1.123118e+04 1.139632e+04 
5.644444e-02 1.046024e+04 1.056830e+04 
6.148485e-02 9.737363e+03 9.806134e+03 
6.652525e-02 9.043973e+03 9.107362e+03 
7.156566e-02 8.374128e+03 8.468125e+03 
7.660606e-02 7.738834e+03 7.883944e+03 
8.164646e-02 7.158191e+03 7.350181e+03 
8.668687e-02 6.644079e+03 6.862307e+03 
9.172727e-02 6.194023e+03 6.416041e+03 
9.676768e-02 5.801013e+03 6.007419e+03 
1.018081e-01 5.458064e+03 5.632813e+03 
1.068485e-01 5.153308e+03 5.288939e+03 
1.118889e-01 4.870699e+03 4.972832e+03 
1.169293e-01 4.598282e+03 4.681831e+03 
1.219697e-01 4.333415e+03 4.413549e+03 
1.270101e-01 4.079270e+03 4.165848e+03 
1.320505e-01 3.840298e+03 3.936814e+03 
1.370909e-01 3.619749e+03 3.724735e+03 
1.421313e-01 3.419629e+03 3.528076e+03 
1.471717e-01 3.239675e+03 3.345461e+03 
1.522121e-01 3.077903e+03 3.175655e+03 
1.572525e-01 2.931457e+03 3.017550e+03 
1.622929e-01 2.797046e+03 2.870148e+03 
1.673333e-01 2.670991e+03 2.732550e+03 
1.723737e-01 2.550413e+03 2.603947e+03 
1.774141e-01 2.434357e+03 2.483607e+03 
1.824545e-01 2.323253e+03 2.370869e+03 
1.874949e-01 2.217704e+03 2.265132e+03 
1.925354e-01 2.118162e+03 2.165854e+03 
1.975758e-01 2.025189e+03 2.072540e+03 
2.026162e-01 1.939147e+03 1.984743e+03 
2.076566e-01 1.859680e+03 1.902053e+03 
2.126970e-01 1.785693e+03 1.824097e+03 
2.177374e-01 1.716156e+03 1.750534e+03 
2.227778e-01 1.650433e+03 1.681054e+03 
2.278182e-01 1.587922e+03 1.615371e+03 
2.328586e-01 1.528106e+03 1.553224e+03 
2.378990e-01 1.470824e+03 1.494374e+03 
2.429394e-01 1.416223e+03 1.438598e+03 
2.479798e-01 1.364384e+03 1.385696e+03 
2.530202e-01 1.315183e+03 1.335480e+03 
2.580606e-01 1.268494e+03 1.287777e+03 
2.631010e-01 1.224349e+03 1.242430e+03 
2.681414e-01 1.182687e+03 1.199290e+03 
2.731818e-01 1.143201e+03 1.158221e+03 
2.782222e-01 1.105522e+03 1.119099e+03 
2.832626e-01 1.069430e+03 1.081806e+03 
2.883030e-01 1.034898e+03 1.046233e+03 
2.933434e-01 1.001896e+03 1.012281e+03 
2.983838e-01 9.702995e+02 9.798549e+02 
3.034242e-01 9.399969e+02 9.488687e+02 
3.084646e-01 9.109633e+02 9.192410e+02 
3.135051e-01 8.832258e+02 8.908962e+02 
3.185455e-01 8.567558e+02 8.637637e+02 
3.235859e-01 8.314227e+02 8.377778e+02 
3.286263e-01 8.071191e+02 8.128769e+02 
3.336667e-01 7.838032e+02 7.890033e+02 
3.387071e-01 7.614547e+02 7.661033e+02 
3.437475e-01 7.400115e+02 7.441264e+02 
3.487879e-01 7.193723e+02 7.230252e+02 
3.538283e-01 6.994852e+02 7.027554e+02 
3.588687e-01 6.803491e+02 6.832752e+02 
3.639091e-01 6.619625e+02 6.645456e+02 
3.689495e-01 6.442889e+02 6.465296e+02 
3.739899e-01 6.272665e+02 6.291928e+02 
3.790303e-01 6.108595e+02 6.125025e+02 
3.840707e-01 5.950588e+02 5.964279e+02 
3.891111e-01 5.798482e+02 5.809402e+02 
3.941515e-01 5.651817e+02 5.660120e+02 
3.991919e-01 5.510160e+02 5.516176e+02 
4.042323e-01 5.373364e+02 5.377326e+02 
4.092727e-01 5.241357e+02 5.243341e+02 
4.143131e-01 5.113919e+02 5.114003e+02 
4.193535e-01 4.990757e+02 4.989107e+02 
4.243939e-01 4.871632e+02 4.868457e+02 
4.294343e-01 4.756475e+02 4.751871e+02 
4.344747e-01 4.645230e+02 4.639172e+02 
4.395152e-01 4.537693e+02 4.530196e+02 
4.445556e-01 4.433556e+02 4.424786e+02 
4.495960e-01 4.332688e+02 4.322793e+02 
4.546364e-01 4.235055e+02 4.224075e+02 
4.596768e-01 4.140556e+02 4.128498e+02 
4.647172e-01 4.048987e+02 4.035935e+02 
4.697576e-01 3.960171e+02 3.946264e+02 
4.747980e-01 3.874036e+02 3.859369e+02 
4.798384e-01 3.790548e+02 3.775141e+02 
4.848788e-01 3.709632e+02 3.693475e+02 
4.899192e-01 3.631133e+02 3.614272e+02 
4.949596e-01 3.554865e+02 3.537436e+02 
5.000000e-01 3.480811e+02 3.462878e+02 
