1.000000e-03 8.984049e+03 8.984041e+03 
6.040404e-03 4.047933e+04 4.082804e+04 
1.108081e-02 5.495907e+04 5.571694e+04 
1.612121e-02 5.833203e+04 5.967361e+04 
2.116162e-02 5.457907e+04 5.545719e+04 
2.620202e-02 4.689733e+04 4.639490e+04 
3.124242e-02 3.788411e+04 3.678864e+04 
3.628283e-02 2.938758e+04 2.907400e+04 
4.132323e-02 2.242905e+04 2.349316e+04 
4.636364e-02 1.731102e+04 1.950370e+04 
5.140404e-02 1.392577e+04 1.657351e+04 
5.644444e-02 1.191964e+04 1.434071e+04 
6.148485e-02 1.089960e+04 1.258018e+04 
6.652525e-02 1.050209e+04 1.115253e+04 
7.156566e-02 1.041391e+04 9.969063e+03 
7.660606e-02 1.036251e+04 8.971084e+03 
8.164646e-02 1.012844e+04 8.118173e+03 
8.668687e-02 9.586213e+03 7.381414e+03 
9.172727e-02 8.727016e+03 6.739425e+03 
9.676768e-02 7.642759e+03 6.175943e+03 
1.018081e-01 6.481577e+03 5.678306e+03 
1.068485e-01 5.394011e+03 5.236463e+03 
1.118889e-01 4.488774e+03 4.842303e+03 
1.169293e-01 3.816725e+03 4.489196e+03 
1.219697e-01 3.380387e+03 4.171657e+03 
1.270101e-01 3.152324e+03 3.885110e+03 
1.320505e-01 3.088999e+03 3.625699e+03 
1.370909e-01 3.136778e+03 3.390159e+03 
1.421313e-01 3.236389e+03 3.175700e+03 
1.471717e-01 3.328356e+03 2.979931e+03 
1.522121e-01 3.359989e+03 2.800788e+03 
1.572525e-01 3.294535e+03 2.636484e+03 
1.622929e-01 3.120341e+03 2.485464e+03 
1.673333e-01 2.855414e+03 2.346369e+03 
1.723737e-01 2.539770e+03 2.218007e+03 
1.774141e-01 2.218960e+03 2.099332e+03 
1.824545e-01 1.930215e+03 1.989418e+03 
1.874949e-01 1.697402e+03 1.887446e+03 
1.925354e-01 1.531779e+03 1.792692e+03 
1.975758e-01 1.434035e+03 1.704508e+03 
2.026162e-01 1.396199e+03 1.622317e+03 
2.076566e-01 1.403851e+03 1.545604e+03 
2.126970e-01 1.438754e+03 1.473906e+03 
2.177374e-01 1.481270e+03 1.406807e+03 
2.227778e-01 1.512366e+03 1.343935e+03 
2.278182e-01 1.516135e+03 1.284951e+03 
2.328586e-01 1.483084e+03 1.229551e+03 
2.378990e-01 1.412650e+03 1.177458e+03 
2.429394e-01 1.312966e+03 1.128421e+03 
2.479798e-01 1.197552e+03 1.082214e+03 
2.530202e-01 1.081100e+03 1.038629e+03 
2.580606e-01 9.762022e+02 9.974766e+02 
2.631010e-01 8.915337e+02 9.585848e+02 
2.681414e-01 8.312847e+02 9.217958e+02 
2.731818e-01 7.955310e+02 8.869649e+02 
2.782222e-01 7.811719e+02 8.539598e+02 
2.832626e-01 7.829378e+02 8.226587e+02 
2.883030e-01 7.941690e+02 7.929498e+02 
2.933434e-01 8.075078e+02 7.647300e+02 
2.983838e-01 8.157667e+02 7.379044e+02 
3.034242e-01 8.131828e+02 7.123853e+02 
3.084646e-01 7.966419e+02 6.880916e+02 
3.135051e-01 7.662491e+02 6.649485e+02 
3.185455e-01 7.249850e+02 6.428866e+02 
3.235859e-01 6.775606e+02 6.218416e+02 
3.286263e-01 6.292286e+02 6.017537e+02 
3.336667e-01 5.847154e+02 5.825674e+02 
3.387071e-01 5.475692e+02 5.642312e+02 
3.437475e-01 5.197637e+02 5.466972e+02 
3.487879e-01 5.016510e+02 5.299204e+02 
3.538283e-01 4.921763e+02 5.138593e+02 
3.588687e-01 4.893159e+02 4.984750e+02 
3.639091e-01 4.904538e+02 4.837309e+02 
3.689495e-01 4.927163e+02 4.695933e+02 
3.739899e-01 4.933097e+02 4.560301e+02 
3.790303e-01 4.899565e+02 4.430117e+02 
3.840707e-01 4.813417e+02 4.305101e+02 
3.891111e-01 4.673359e+02 4.184992e+02 
3.941515e-01 4.489003e+02 4.069543e+02 
3.991919e-01 4.276853e+02 3.958524e+02 
4.042323e-01 4.056557e+02 3.851718e+02 
4.092727e-01 3.847298e+02 3.748920e+02 
4.143131e-01 3.664415e+02 3.649939e+02 
4.193535e-01 3.517670e+02 3.554593e+02 
4.243939e-01 3.410203e+02 3.462712e+02 
4.294343e-01 3.339334e+02 3.374136e+02 
4.344747e-01 3.298222e+02 3.288711e+02 
4.395152e-01 3.276858e+02 3.206296e+02 
4.445556e-01 3.263433e+02 3.126754e+02 
4.495960e-01 3.246186e+02 3.049958e+02 
4.546364e-01 3.215502e+02 2.975786e+02 
4.596768e-01 3.165453e+02 2.904124e+02 
4.647172e-01 3.094404e+02 2.834863e+02 
4.697576e-01 3.004740e+02 2.767900e+02 
4.747980e-01 2.901843e+02 2.703139e+02 
4.798384e-01 2.793116e+02 2.640486e+02 
4.848788e-01 2.686541e+02 2.579853e+02 
4.899192e-01 2.589018e+02 2.521158e+02 
4.949596e-01 2.505302e+02 2.464321e+02 
5.000000e-01 2.437539e+02 2.409267e+02 
