1.000000e-03 2.139888e+03 2.139886e+03 
6.040404e-03 9.681232e+03 9.751095e+03 
1.108081e-02 1.343684e+04 1.344255e+04 
1.612121e-02 1.496098e+04 1.485540e+04 
2.116162e-02 1.518271e+04 1.499693e+04 
2.620202e-02 1.468876e+04 1.453079e+04 
3.124242e-02 1.386300e+04 1.381600e+04 
3.628283e-02 1.294050e+04 1.301106e+04 
4.132323e-02 1.204664e+04 1.218820e+04 
4.636364e-02 1.122153e+04 1.138379e+04 
5.140404e-02 1.048454e+04 1.061664e+04 
5.644444e-02 9.798090e+03 9.895817e+03 
6.148485e-02 9.146822e+03 9.224777e+03 
6.652525e-02 8.528247e+03 8.603684e+03 
7.156566e-02 7.933098e+03 8.030849e+03 
7.660606e-02 7.366160e+03 7.503592e+03 
8.164646e-02 6.844188e+03 7.018770e+03 
8.668687e-02 6.379311e+03 6.573094e+03 
9.172727e-02 5.969505e+03 6.163314e+03 
9.676768e-02 5.605809e+03 5.786322e+03 
1.018081e-01 5.281321e+03 5.439211e+03 
1.068485e-01 4.989527e+03 5.119296e+03 
1.118889e-01 4.720252e+03 4.824117e+03 
1.169293e-01 4.463294e+03 4.551438e+03 
1.219697e-01 4.214363e+03 4.299231e+03 
1.270101e-01 3.975910e+03 4.065662e+03 
1.320505e-01 3.752135e+03 3.849077e+03 
1.370909e-01 3.546052e+03 3.647983e+03 
1.421313e-01 3.358372e+03 3.461034e+03 
1.471717e-01 3.187830e+03 3.287015e+03 
1.522121e-01 3.032482e+03 3.124832e+03 
1.572525e-01 2.890398e+03 2.973494e+03 
1.622929e-01 2.759445e+03 2.832109e+03 
1.673333e-01 2.636797e+03 2.699866e+03 
1.723737e-01 2.519756e+03 2.576034e+03 
1.774141e-01 2.407343e+03 2.459950e+03 
1.824545e-01 2.300123e+03 2.351009e+03 
1.874949e-01 2.198947e+03 2.248665e+03 
1.925354e-01 2.103670e+03 2.152420e+03 
1.975758e-01 2.014180e+03 2.061819e+03 
2.026162e-01 1.930655e+03 1.976449e+03 
2.076566e-01 1.853141e+03 1.895930e+03 
2.126970e-01 1.780886e+03 1.819919e+03 
2.177374e-01 1.712756e+03 1.748097e+03 
2.227778e-01 1.647992e+03 1.680176e+03 
2.278182e-01 1.586325e+03 1.615888e+03 
2.328586e-01 1.527636e+03 1.554990e+03 
2.378990e-01 1.471677e+03 1.497255e+03 
2.429394e-01 1.418275e+03 1.442478e+03 
2.479798e-01 1.367430e+03 1.390467e+03 
2.530202e-01 1.319206e+03 1.341045e+03 
2.580606e-01 1.273493e+03 1.294050e+03 
2.631010e-01 1.230142e+03 1.249332e+03 
2.681414e-01 1.188981e+03 1.206751e+03 
2.731818e-01 1.149819e+03 1.166178e+03 
2.782222e-01 1.112475e+03 1.127493e+03 
2.832626e-01 1.076792e+03 1.090585e+03 
2.883030e-01 1.042637e+03 1.055351e+03 
2.933434e-01 1.009913e+03 1.021694e+03 
2.983838e-01 9.785611e+02 9.895246e+02 
3.034242e-01 9.485495e+02 9.587599e+02 
3.084646e-01 9.198462e+02 9.293219e+02 
3.135051e-01 8.923807e+02 9.011380e+02 
3.185455e-01 8.660585e+02 8.741404e+02 
3.235859e-01 8.408265e+02 8.482656e+02 
3.286263e-01 8.166424e+02 8.234545e+02 
3.336667e-01 7.934511e+02 7.996513e+02 
3.387071e-01 7.711801e+02 7.768041e+02 
3.437475e-01 7.497553e+02 7.548641e+02 
3.487879e-01 7.291344e+02 7.337853e+02 
3.538283e-01 7.093067e+02 7.135250e+02 
3.588687e-01 6.902451e+02 6.940425e+02 
3.639091e-01 6.718892e+02 6.752999e+02 
3.689495e-01 6.541982e+02 6.572614e+02 
3.739899e-01 6.371601e+02 6.398934e+02 
3.790303e-01 6.207575e+02 6.231640e+02 
3.840707e-01 6.049556e+02 6.070435e+02 
3.891111e-01 5.897146e+02 5.915035e+02 
3.941515e-01 5.749912e+02 5.765173e+02 
3.991919e-01 5.607745e+02 5.620600e+02 
4.042323e-01 5.470631e+02 5.481075e+02 
4.092727e-01 5.338284e+02 5.346376e+02 
4.143131e-01 5.210306e+02 5.216288e+02 
4.193535e-01 5.086492e+02 5.090610e+02 
4.243939e-01 4.966772e+02 4.969152e+02 
4.294343e-01 4.851077e+02 4.851733e+02 
4.344747e-01 4.739254e+02 4.738181e+02 
4.395152e-01 4.630990e+02 4.628334e+02 
4.445556e-01 4.526089e+02 4.522037e+02 
4.495960e-01 4.424512e+02 4.419145e+02 
4.546364e-01 4.326196e+02 4.319517e+02 
4.596768e-01 4.230947e+02 4.223021e+02 
4.647172e-01 4.138603e+02 4.129532e+02 
4.697576e-01 4.049020e+02 4.038930e+02 
4.747980e-01 3.962089e+02 3.951100e+02 
4.798384e-01 3.877861e+02 3.865935e+02 
4.848788e-01 3.796175e+02 3.783332e+02 
4.899192e-01 3.716858e+02 3.703191e+02 
4.949596e-01 3.639817e+02 3.625419e+02 
5.000000e-01 3.564960e+02 3.549926e+02 
