1.000000e-03 4.751192e+03 4.751187e+03 
6.040404e-03 2.122453e+04 2.139484e+04 
1.108081e-02 2.879457e+04 2.905054e+04 
1.612121e-02 3.082251e+04 3.113516e+04 
2.116162e-02 2.945331e+04 2.948660e+04 
2.620202e-02 2.627874e+04 2.603738e+04 
3.124242e-02 2.250106e+04 2.248658e+04 
3.628283e-02 1.892637e+04 1.950849e+04 
4.132323e-02 1.598388e+04 1.712512e+04 
4.636364e-02 1.378456e+04 1.519896e+04 
5.140404e-02 1.230578e+04 1.360687e+04 
5.644444e-02 1.136132e+04 1.226349e+04 
6.148485e-02 1.075619e+04 1.111185e+04 
6.652525e-02 1.029863e+04 1.011288e+04 
7.156566e-02 9.833521e+03 9.238632e+03 
7.660606e-02 9.260258e+03 8.468231e+03 
8.164646e-02 8.545436e+03 7.785522e+03 
8.668687e-02 7.721845e+03 7.177657e+03 
9.172727e-02 6.861500e+03 6.634197e+03 
9.676768e-02 6.045820e+03 6.146531e+03 
1.018081e-01 5.343118e+03 5.707468e+03 
1.068485e-01 4.793533e+03 5.310945e+03 
1.118889e-01 4.403643e+03 4.951812e+03 
1.169293e-01 4.152782e+03 4.625671e+03 
1.219697e-01 4.004381e+03 4.328740e+03 
1.270101e-01 3.914890e+03 4.057754e+03 
1.320505e-01 3.840219e+03 3.809884e+03 
1.370909e-01 3.742450e+03 3.582666e+03 
1.421313e-01 3.598453e+03 3.373952e+03 
1.471717e-01 3.402971e+03 3.181855e+03 
1.522121e-01 3.165876e+03 3.004721e+03 
1.572525e-01 2.907026e+03 2.841089e+03 
1.622929e-01 2.651497e+03 2.689669e+03 
1.673333e-01 2.423142e+03 2.549318e+03 
1.723737e-01 2.237590e+03 2.419020e+03 
1.774141e-01 2.099589e+03 2.297870e+03 
1.824545e-01 2.005094e+03 2.185061e+03 
1.874949e-01 1.945088e+03 2.079870e+03 
1.925354e-01 1.907734e+03 1.981650e+03 
1.975758e-01 1.879201e+03 1.889818e+03 
2.026162e-01 1.845877e+03 1.803851e+03 
2.076566e-01 1.797879e+03 1.723277e+03 
2.126970e-01 1.731356e+03 1.647668e+03 
2.177374e-01 1.648133e+03 1.576638e+03 
2.227778e-01 1.553815e+03 1.509837e+03 
2.278182e-01 1.456038e+03 1.446947e+03 
2.328586e-01 1.362761e+03 1.387677e+03 
2.378990e-01 1.280636e+03 1.331765e+03 
2.429394e-01 1.213658e+03 1.278969e+03 
2.479798e-01 1.162730e+03 1.229070e+03 
2.530202e-01 1.126116e+03 1.181866e+03 
2.580606e-01 1.100170e+03 1.137173e+03 
2.631010e-01 1.080173e+03 1.094821e+03 
2.681414e-01 1.061274e+03 1.054655e+03 
2.731818e-01 1.039474e+03 1.016532e+03 
2.782222e-01 1.012246e+03 9.803196e+02 
2.832626e-01 9.788593e+02 9.458964e+02 
2.883030e-01 9.402182e+02 9.131502e+02 
2.933434e-01 8.984481e+02 8.819771e+02 
2.983838e-01 8.563089e+02 8.522812e+02 
3.034242e-01 8.164844e+02 8.239734e+02 
3.084646e-01 7.810681e+02 7.969712e+02 
3.135051e-01 7.512246e+02 7.711981e+02 
3.185455e-01 7.270877e+02 7.465829e+02 
3.235859e-01 7.078992e+02 7.230594e+02 
3.286263e-01 6.922913e+02 7.005659e+02 
3.336667e-01 6.786292e+02 6.790451e+02 
3.387071e-01 6.652911e+02 6.584433e+02 
3.437475e-01 6.509612e+02 6.387106e+02 
3.487879e-01 6.348097e+02 6.198003e+02 
3.538283e-01 6.166604e+02 6.016687e+02 
3.588687e-01 5.969351e+02 5.842749e+02 
3.639091e-01 5.764359e+02 5.675807e+02 
3.689495e-01 5.560672e+02 5.515502e+02 
3.739899e-01 5.366833e+02 5.361497e+02 
3.790303e-01 5.189626e+02 5.213477e+02 
3.840707e-01 5.033207e+02 5.071144e+02 
3.891111e-01 4.898277e+02 4.934221e+02 
3.941515e-01 4.781987e+02 4.802445e+02 
3.991919e-01 4.679195e+02 4.675568e+02 
4.042323e-01 4.584037e+02 4.553359e+02 
4.092727e-01 4.491103e+02 4.435597e+02 
4.143131e-01 4.396049e+02 4.322078e+02 
4.193535e-01 4.296090e+02 4.212604e+02 
4.243939e-01 4.190447e+02 4.106993e+02 
4.294343e-01 4.080361e+02 4.005069e+02 
4.344747e-01 3.968480e+02 3.906670e+02 
4.395152e-01 3.858002e+02 3.811638e+02 
4.445556e-01 3.751877e+02 3.719827e+02 
4.495960e-01 3.652423e+02 3.631097e+02 
4.546364e-01 3.561058e+02 3.545316e+02 
4.596768e-01 3.478056e+02 3.462358e+02 
4.647172e-01 3.402488e+02 3.382106e+02 
4.697576e-01 3.332715e+02 3.304445e+02 
4.747980e-01 3.266664e+02 3.229270e+02 
4.798384e-01 3.202372e+02 3.156478e+02 
4.848788e-01 3.138307e+02 3.085973e+02 
4.899192e-01 3.073408e+02 3.017663e+02 
4.949596e-01 3.007277e+02 2.951461e+02 
5.000000e-01 2.940308e+02 2.887282e+02 
