1.000000e-03 3.142543e+03 3.142540e+03 
6.040404e-03 1.396124e+04 1.406565e+04 
1.108081e-02 1.911458e+04 1.920781e+04 
1.612121e-02 2.082417e+04 2.085923e+04 
2.116162e-02 2.045802e+04 2.034895e+04 
2.620202e-02 1.897516e+04 1.885282e+04 
3.124242e-02 1.706683e+04 1.718410e+04 
3.628283e-02 1.518568e+04 1.563937e+04 
4.132323e-02 1.357346e+04 1.426528e+04 
4.636364e-02 1.230127e+04 1.304614e+04 
5.140404e-02 1.135057e+04 1.196009e+04 
5.644444e-02 1.062815e+04 1.098887e+04 
6.148485e-02 1.002334e+04 1.011783e+04 
6.652525e-02 9.452494e+03 9.334837e+03 
7.156566e-02 8.849634e+03 8.629586e+03 
7.660606e-02 8.192578e+03 7.993147e+03 
8.164646e-02 7.502096e+03 7.417716e+03 
8.668687e-02 6.822944e+03 6.896453e+03 
9.172727e-02 6.197115e+03 6.423345e+03 
9.676768e-02 5.654328e+03 5.993112e+03 
1.018081e-01 5.211802e+03 5.601109e+03 
1.068485e-01 4.871340e+03 5.243252e+03 
1.118889e-01 4.616452e+03 4.915947e+03 
1.169293e-01 4.417111e+03 4.616027e+03 
1.219697e-01 4.241226e+03 4.340698e+03 
1.270101e-01 4.064395e+03 4.087493e+03 
1.320505e-01 3.872613e+03 3.854231e+03 
1.370909e-01 3.661596e+03 3.638978e+03 
1.421313e-01 3.435982e+03 3.440018e+03 
1.471717e-01 3.207156e+03 3.255826e+03 
1.522121e-01 2.988544e+03 3.085044e+03 
1.572525e-01 2.791626e+03 2.926459e+03 
1.622929e-01 2.623957e+03 2.778987e+03 
1.673333e-01 2.487850e+03 2.641660e+03 
1.723737e-01 2.379711e+03 2.513606e+03 
1.774141e-01 2.291775e+03 2.394043e+03 
1.824545e-01 2.215151e+03 2.282267e+03 
1.874949e-01 2.141916e+03 2.177643e+03 
1.925354e-01 2.066081e+03 2.079598e+03 
1.975758e-01 1.984073e+03 1.987613e+03 
2.026162e-01 1.895767e+03 1.901217e+03 
2.076566e-01 1.804009e+03 1.819984e+03 
2.126970e-01 1.713211e+03 1.743525e+03 
2.177374e-01 1.627458e+03 1.671489e+03 
2.227778e-01 1.549715e+03 1.603551e+03 
2.278182e-01 1.481677e+03 1.539419e+03 
2.328586e-01 1.423580e+03 1.478824e+03 
2.378990e-01 1.374056e+03 1.421519e+03 
2.429394e-01 1.330614e+03 1.367280e+03 
2.479798e-01 1.290593e+03 1.315898e+03 
2.530202e-01 1.251737e+03 1.267184e+03 
2.580606e-01 1.212327e+03 1.220962e+03 
2.631010e-01 1.171413e+03 1.177071e+03 
2.681414e-01 1.129027e+03 1.135363e+03 
2.731818e-01 1.086186e+03 1.095700e+03 
2.782222e-01 1.044327e+03 1.057954e+03 
2.832626e-01 1.004669e+03 1.022009e+03 
2.883030e-01 9.679387e+02 9.877558e+02 
2.933434e-01 9.344911e+02 9.550929e+02 
2.983838e-01 9.043995e+02 9.239269e+02 
3.034242e-01 8.773289e+02 8.941707e+02 
3.084646e-01 8.525126e+02 8.657435e+02 
3.135051e-01 8.290409e+02 8.385697e+02 
3.185455e-01 8.061557e+02 8.125793e+02 
3.235859e-01 7.834284e+02 7.877066e+02 
3.286263e-01 7.606736e+02 7.638907e+02 
3.336667e-01 7.379156e+02 7.410745e+02 
3.387071e-01 7.153415e+02 7.192046e+02 
3.437475e-01 6.932742e+02 6.982310e+02 
3.487879e-01 6.721149e+02 6.781071e+02 
3.538283e-01 6.521781e+02 6.587890e+02 
3.588687e-01 6.335667e+02 6.402357e+02 
3.639091e-01 6.162044e+02 6.224086e+02 
3.689495e-01 5.999310e+02 6.052716e+02 
3.739899e-01 5.845699e+02 5.887905e+02 
3.790303e-01 5.698945e+02 5.729334e+02 
3.840707e-01 5.556895e+02 5.576703e+02 
3.891111e-01 5.417624e+02 5.429727e+02 
3.941515e-01 5.280250e+02 5.288139e+02 
3.991919e-01 5.144907e+02 5.151689e+02 
4.042323e-01 5.012366e+02 5.020137e+02 
4.092727e-01 4.883393e+02 4.893260e+02 
4.143131e-01 4.758718e+02 4.770845e+02 
4.193535e-01 4.639175e+02 4.652693e+02 
4.243939e-01 4.525171e+02 4.538615e+02 
4.294343e-01 4.416655e+02 4.428430e+02 
4.344747e-01 4.313134e+02 4.321970e+02 
4.395152e-01 4.213928e+02 4.219073e+02 
4.445556e-01 4.118209e+02 4.119588e+02 
4.495960e-01 4.025451e+02 4.023370e+02 
4.546364e-01 3.935168e+02 3.930281e+02 
4.596768e-01 3.846974e+02 3.840193e+02 
4.647172e-01 3.760657e+02 3.752980e+02 
4.697576e-01 3.676334e+02 3.668527e+02 
4.747980e-01 3.594311e+02 3.586722e+02 
4.798384e-01 3.514754e+02 3.507458e+02 
4.848788e-01 3.437796e+02 3.430635e+02 
4.899192e-01 3.363457e+02 3.356156e+02 
4.949596e-01 3.291789e+02 3.283931e+02 
5.000000e-01 3.222666e+02 3.213871e+02 
