1.000000e-03 3.033603e+03 3.033600e+03 
6.040404e-03 1.365271e+04 1.375141e+04 
1.108081e-02 1.868031e+04 1.875150e+04 
1.612121e-02 2.032270e+04 2.031212e+04 
2.116162e-02 1.995832e+04 1.981567e+04 
2.620202e-02 1.854170e+04 1.843591e+04 
3.124242e-02 1.674622e+04 1.690310e+04 
3.628283e-02 1.499747e+04 1.546371e+04 
4.132323e-02 1.350609e+04 1.416032e+04 
4.636364e-02 1.232954e+04 1.298682e+04 
5.140404e-02 1.144520e+04 1.193032e+04 
5.644444e-02 1.073002e+04 1.097853e+04 
6.148485e-02 1.009947e+04 1.012051e+04 
6.652525e-02 9.474682e+03 9.346385e+03 
7.156566e-02 8.811502e+03 8.647242e+03 
7.660606e-02 8.109336e+03 8.015029e+03 
8.164646e-02 7.403591e+03 7.442517e+03 
8.668687e-02 6.739546e+03 6.923240e+03 
9.172727e-02 6.150933e+03 6.451446e+03 
9.676768e-02 5.657824e+03 6.022034e+03 
1.018081e-01 5.266653e+03 5.630488e+03 
1.068485e-01 4.966702e+03 5.272815e+03 
1.118889e-01 4.730469e+03 4.945489e+03 
1.169293e-01 4.524873e+03 4.645394e+03 
1.219697e-01 4.323488e+03 4.369775e+03 
1.270101e-01 4.111154e+03 4.116194e+03 
1.320505e-01 3.883290e+03 3.882491e+03 
1.370909e-01 3.644103e+03 3.666749e+03 
1.421313e-01 3.404678e+03 3.467268e+03 
1.471717e-01 3.177970e+03 3.282532e+03 
1.522121e-01 2.974418e+03 3.111190e+03 
1.572525e-01 2.800388e+03 2.952037e+03 
1.622929e-01 2.657290e+03 2.803996e+03 
1.673333e-01 2.541001e+03 2.666098e+03 
1.723737e-01 2.443398e+03 2.537478e+03 
1.774141e-01 2.355369e+03 2.417355e+03 
1.824545e-01 2.269494e+03 2.305028e+03 
1.874949e-01 2.181034e+03 2.199863e+03 
1.925354e-01 2.087826e+03 2.101286e+03 
1.975758e-01 1.990700e+03 2.008782e+03 
2.026162e-01 1.893014e+03 1.921878e+03 
2.076566e-01 1.799091e+03 1.840150e+03 
2.126970e-01 1.712319e+03 1.763209e+03 
2.177374e-01 1.634711e+03 1.690702e+03 
2.227778e-01 1.566893e+03 1.622308e+03 
2.278182e-01 1.508065e+03 1.557731e+03 
2.328586e-01 1.456197e+03 1.496704e+03 
2.378990e-01 1.408701e+03 1.438980e+03 
2.429394e-01 1.363293e+03 1.384333e+03 
2.479798e-01 1.318344e+03 1.332555e+03 
2.530202e-01 1.272823e+03 1.283457e+03 
2.580606e-01 1.226502e+03 1.236862e+03 
2.631010e-01 1.180081e+03 1.192610e+03 
2.681414e-01 1.134875e+03 1.150550e+03 
2.731818e-01 1.092095e+03 1.110546e+03 
2.782222e-01 1.052360e+03 1.072470e+03 
2.832626e-01 1.015858e+03 1.036204e+03 
2.883030e-01 9.825333e+02 1.001638e+03 
2.933434e-01 9.520889e+02 9.686731e+02 
2.983838e-01 9.238760e+02 9.372135e+02 
3.034242e-01 8.970415e+02 9.071722e+02 
3.084646e-01 8.709107e+02 8.784682e+02 
3.135051e-01 8.451451e+02 8.510257e+02 
3.185455e-01 8.196836e+02 8.247742e+02 
3.235859e-01 7.945995e+02 7.996480e+02 
3.286263e-01 7.700411e+02 7.755858e+02 
3.336667e-01 7.462870e+02 7.525303e+02 
3.387071e-01 7.236461e+02 7.304278e+02 
3.437475e-01 7.023263e+02 7.092282e+02 
3.487879e-01 6.823286e+02 6.888845e+02 
3.538283e-01 6.635002e+02 6.693528e+02 
3.588687e-01 6.456629e+02 6.505917e+02 
3.639091e-01 6.286479e+02 6.325625e+02 
3.689495e-01 6.122778e+02 6.152288e+02 
3.739899e-01 5.963773e+02 5.985565e+02 
3.790303e-01 5.808321e+02 5.825133e+02 
3.840707e-01 5.656189e+02 5.670690e+02 
3.891111e-01 5.507927e+02 5.521950e+02 
3.941515e-01 5.364221e+02 5.378646e+02 
3.991919e-01 5.225408e+02 5.240523e+02 
4.042323e-01 5.091984e+02 5.107342e+02 
4.092727e-01 4.964342e+02 4.978878e+02 
4.143131e-01 4.842405e+02 4.854918e+02 
4.193535e-01 4.725670e+02 4.735259e+02 
4.243939e-01 4.613408e+02 4.619712e+02 
4.294343e-01 4.505075e+02 4.508096e+02 
4.344747e-01 4.400179e+02 4.400240e+02 
4.395152e-01 4.298383e+02 4.295982e+02 
4.445556e-01 4.199302e+02 4.195168e+02 
4.495960e-01 4.102739e+02 4.097655e+02 
4.546364e-01 4.008890e+02 4.003302e+02 
4.596768e-01 3.917887e+02 3.911981e+02 
4.647172e-01 3.829790e+02 3.823565e+02 
4.697576e-01 3.744601e+02 3.737936e+02 
4.747980e-01 3.662245e+02 3.654984e+02 
4.798384e-01 3.582699e+02 3.574599e+02 
4.848788e-01 3.505897e+02 3.496682e+02 
4.899192e-01 3.431562e+02 3.421134e+02 
4.949596e-01 3.359379e+02 3.347864e+02 
5.000000e-01 3.289215e+02 3.276784e+02 
