1.000000e-03 3.267638e+03 3.267635e+03 
6.040404e-03 1.471980e+04 1.483208e+04 
1.108081e-02 2.019936e+04 2.031218e+04 
1.612121e-02 2.199390e+04 2.206170e+04 
2.116162e-02 2.154774e+04 2.145611e+04 
2.620202e-02 1.988977e+04 1.975586e+04 
3.124242e-02 1.777130e+04 1.788051e+04 
3.628283e-02 1.568992e+04 1.617370e+04 
4.132323e-02 1.391480e+04 1.468199e+04 
4.636364e-02 1.252774e+04 1.337776e+04 
5.140404e-02 1.151182e+04 1.222878e+04 
5.644444e-02 1.076722e+04 1.120975e+04 
6.148485e-02 1.017093e+04 1.030150e+04 
6.652525e-02 9.621119e+03 9.488968e+03 
7.156566e-02 9.039781e+03 8.759885e+03 
7.660606e-02 8.393195e+03 8.103973e+03 
8.164646e-02 7.694878e+03 7.512464e+03 
8.668687e-02 6.988052e+03 6.977812e+03 
9.172727e-02 6.321186e+03 6.493474e+03 
9.676768e-02 5.733147e+03 6.053764e+03 
1.018081e-01 5.249351e+03 5.653719e+03 
1.068485e-01 4.877827e+03 5.289008e+03 
1.118889e-01 4.605772e+03 4.955835e+03 
1.169293e-01 4.404017e+03 4.650872e+03 
1.219697e-01 4.238657e+03 4.371196e+03 
1.270101e-01 4.080671e+03 4.114231e+03 
1.320505e-01 3.909329e+03 3.877707e+03 
1.370909e-01 3.714324e+03 3.659617e+03 
1.421313e-01 3.496451e+03 3.458184e+03 
1.471717e-01 3.265878e+03 3.271831e+03 
1.522121e-01 3.037365e+03 3.099156e+03 
1.572525e-01 2.825083e+03 2.938910e+03 
1.622929e-01 2.639954e+03 2.789979e+03 
1.673333e-01 2.488046e+03 2.651366e+03 
1.723737e-01 2.369004e+03 2.522178e+03 
1.774141e-01 2.276729e+03 2.401614e+03 
1.824545e-01 2.201961e+03 2.288953e+03 
1.874949e-01 2.135141e+03 2.183545e+03 
1.925354e-01 2.068413e+03 2.084804e+03 
1.975758e-01 1.995934e+03 1.992202e+03 
2.026162e-01 1.915023e+03 1.905258e+03 
2.076566e-01 1.826815e+03 1.823538e+03 
2.126970e-01 1.735264e+03 1.746645e+03 
2.177374e-01 1.645263e+03 1.674222e+03 
2.227778e-01 1.561191e+03 1.605941e+03 
2.278182e-01 1.486280e+03 1.541502e+03 
2.328586e-01 1.422091e+03 1.480633e+03 
2.378990e-01 1.368339e+03 1.423085e+03 
2.429394e-01 1.323221e+03 1.368627e+03 
2.479798e-01 1.284059e+03 1.317051e+03 
2.530202e-01 1.248031e+03 1.268163e+03 
2.580606e-01 1.212509e+03 1.221787e+03 
2.631010e-01 1.175463e+03 1.177758e+03 
2.681414e-01 1.136035e+03 1.135927e+03 
2.731818e-01 1.094707e+03 1.096153e+03 
2.782222e-01 1.052736e+03 1.058310e+03 
2.832626e-01 1.011573e+03 1.022278e+03 
2.883030e-01 9.724415e+02 9.879472e+02 
2.933434e-01 9.363187e+02 9.552156e+02 
2.983838e-01 9.038583e+02 9.239886e+02 
3.034242e-01 8.751343e+02 8.941785e+02 
3.084646e-01 8.496251e+02 8.657035e+02 
3.135051e-01 8.264170e+02 8.384877e+02 
3.185455e-01 8.045468e+02 8.124602e+02 
3.235859e-01 7.832488e+02 7.875552e+02 
3.286263e-01 7.619778e+02 7.637110e+02 
3.336667e-01 7.403909e+02 7.408702e+02 
3.387071e-01 7.184478e+02 7.189790e+02 
3.437475e-01 6.964349e+02 6.979872e+02 
3.487879e-01 6.748177e+02 6.778477e+02 
3.538283e-01 6.540570e+02 6.585164e+02 
3.588687e-01 6.344667e+02 6.399521e+02 
3.639091e-01 6.161988e+02 6.221160e+02 
3.689495e-01 5.992896e+02 6.049717e+02 
3.739899e-01 5.836200e+02 5.884849e+02 
3.790303e-01 5.689881e+02 5.726235e+02 
3.840707e-01 5.550859e+02 5.573574e+02 
3.891111e-01 5.416286e+02 5.426579e+02 
3.941515e-01 5.284116e+02 5.284983e+02 
3.991919e-01 5.153379e+02 5.148532e+02 
4.042323e-01 5.023672e+02 5.016989e+02 
4.092727e-01 4.895285e+02 4.890127e+02 
4.143131e-01 4.769311e+02 4.767735e+02 
4.193535e-01 4.647149e+02 4.649611e+02 
4.243939e-01 4.529992e+02 4.535565e+02 
4.294343e-01 4.418393e+02 4.425417e+02 
4.344747e-01 4.312257e+02 4.318997e+02 
4.395152e-01 4.211437e+02 4.216145e+02 
4.445556e-01 4.115527e+02 4.116706e+02 
4.495960e-01 4.023691e+02 4.020537e+02 
4.546364e-01 3.934943e+02 3.927500e+02 
4.596768e-01 3.848379e+02 3.837465e+02 
4.647172e-01 3.763535e+02 3.750308e+02 
4.697576e-01 3.680388e+02 3.665911e+02 
4.747980e-01 3.598950e+02 3.584163e+02 
4.798384e-01 3.519222e+02 3.504956e+02 
4.848788e-01 3.441452e+02 3.428192e+02 
4.899192e-01 3.366026e+02 3.353772e+02 
4.949596e-01 3.293304e+02 3.281605e+02 
5.000000e-01 3.223376e+02 3.211605e+02 
