1.000000e-03 3.609333e+03 3.609330e+03 
6.040404e-03 1.623855e+04 1.636330e+04 
1.108081e-02 2.220355e+04 2.234423e+04 
1.612121e-02 2.404776e+04 2.415809e+04 
2.116162e-02 2.338674e+04 2.330971e+04 
2.620202e-02 2.138544e+04 2.123490e+04 
3.124242e-02 1.890023e+04 1.901414e+04 
3.628283e-02 1.649740e+04 1.704417e+04 
4.132323e-02 1.447922e+04 1.536169e+04 
4.636364e-02 1.292847e+04 1.391803e+04 
5.140404e-02 1.182801e+04 1.266458e+04 
5.644444e-02 1.104795e+04 1.156526e+04 
6.148485e-02 1.045017e+04 1.059396e+04 
6.652525e-02 9.908858e+03 9.731056e+03 
7.156566e-02 9.329970e+03 8.961196e+03 
7.660606e-02 8.669869e+03 8.271915e+03 
8.164646e-02 7.938532e+03 7.652867e+03 
8.668687e-02 7.183002e+03 7.095323e+03 
9.172727e-02 6.459982e+03 6.591846e+03 
9.676768e-02 5.818243e+03 6.136051e+03 
1.018081e-01 5.291677e+03 5.722433e+03 
1.068485e-01 4.892170e+03 5.346223e+03 
1.118889e-01 4.607195e+03 5.003277e+03 
1.169293e-01 4.405769e+03 4.689985e+03 
1.219697e-01 4.250776e+03 4.403192e+03 
1.270101e-01 4.108361e+03 4.140134e+03 
1.320505e-01 3.952005e+03 3.898383e+03 
1.370909e-01 3.766454e+03 3.675802e+03 
1.421313e-01 3.550061e+03 3.470507e+03 
1.471717e-01 3.312961e+03 3.280828e+03 
1.522121e-01 3.071765e+03 3.105288e+03 
1.572525e-01 2.843507e+03 2.942574e+03 
1.622929e-01 2.642598e+03 2.791515e+03 
1.673333e-01 2.478138e+03 2.651068e+03 
1.723737e-01 2.351459e+03 2.520302e+03 
1.774141e-01 2.256827e+03 2.398379e+03 
1.824545e-01 2.184446e+03 2.284552e+03 
1.874949e-01 2.123541e+03 2.178144e+03 
1.925354e-01 2.064328e+03 2.078549e+03 
1.975758e-01 1.998929e+03 1.985219e+03 
2.026162e-01 1.922964e+03 1.897657e+03 
2.076566e-01 1.836507e+03 1.815416e+03 
2.126970e-01 1.743380e+03 1.738086e+03 
2.177374e-01 1.649235e+03 1.665300e+03 
2.227778e-01 1.559627e+03 1.596720e+03 
2.278182e-01 1.479064e+03 1.532039e+03 
2.328586e-01 1.410190e+03 1.470977e+03 
2.378990e-01 1.353461e+03 1.413278e+03 
2.429394e-01 1.307464e+03 1.358709e+03 
2.479798e-01 1.269442e+03 1.307054e+03 
2.530202e-01 1.236014e+03 1.258117e+03 
2.580606e-01 1.203694e+03 1.211716e+03 
2.631010e-01 1.169679e+03 1.167685e+03 
2.681414e-01 1.132559e+03 1.125871e+03 
2.731818e-01 1.092408e+03 1.086132e+03 
2.782222e-01 1.050351e+03 1.048337e+03 
2.832626e-01 1.007952e+03 1.012366e+03 
2.883030e-01 9.668637e+02 9.781070e+02 
2.933434e-01 9.286485e+02 9.454566e+02 
2.983838e-01 8.944156e+02 9.143190e+02 
3.034242e-01 8.645348e+02 8.846050e+02 
3.084646e-01 8.386057e+02 8.562320e+02 
3.135051e-01 8.157104e+02 8.291229e+02 
3.185455e-01 7.948082e+02 8.032063e+02 
3.235859e-01 7.748388e+02 7.784154e+02 
3.286263e-01 7.549018e+02 7.546880e+02 
3.336667e-01 7.343713e+02 7.319659e+02 
3.387071e-01 7.130678e+02 7.101951e+02 
3.437475e-01 6.912466e+02 6.893248e+02 
3.487879e-01 6.693983e+02 6.693076e+02 
3.538283e-01 6.480731e+02 6.500990e+02 
3.588687e-01 6.277658e+02 6.316574e+02 
3.639091e-01 6.088405e+02 6.139438e+02 
3.689495e-01 5.914813e+02 5.969216e+02 
3.739899e-01 5.756431e+02 5.805564e+02 
3.790303e-01 5.611026e+02 5.648158e+02 
3.840707e-01 5.475296e+02 5.496694e+02 
3.891111e-01 5.345757e+02 5.350886e+02 
3.941515e-01 5.219319e+02 5.210465e+02 
3.991919e-01 5.093679e+02 5.075177e+02 
4.042323e-01 4.967531e+02 4.944782e+02 
4.092727e-01 4.840905e+02 4.819054e+02 
4.143131e-01 4.715191e+02 4.697780e+02 
4.193535e-01 4.592143e+02 4.580759e+02 
4.243939e-01 4.473202e+02 4.467801e+02 
4.294343e-01 4.359505e+02 4.358724e+02 
4.344747e-01 4.251767e+02 4.253359e+02 
4.395152e-01 4.150387e+02 4.151544e+02 
4.445556e-01 4.055035e+02 4.053127e+02 
4.495960e-01 3.964573e+02 3.957962e+02 
4.546364e-01 3.877680e+02 3.865913e+02 
4.596768e-01 3.793428e+02 3.776848e+02 
4.647172e-01 3.711059e+02 3.690644e+02 
4.697576e-01 3.630043e+02 3.607184e+02 
4.747980e-01 3.549980e+02 3.526356e+02 
4.798384e-01 3.470926e+02 3.448054e+02 
4.848788e-01 3.393366e+02 3.372177e+02 
4.899192e-01 3.317924e+02 3.298629e+02 
4.949596e-01 3.245045e+02 3.227318e+02 
5.000000e-01 3.174819e+02 3.158157e+02 
