1.000000e-03 1.067176e+04 1.067176e+04 
6.040404e-03 4.749104e+04 4.805785e+04 
1.108081e-02 6.411386e+04 6.584102e+04 
1.612121e-02 6.767449e+04 7.277291e+04 
2.116162e-02 6.288217e+04 7.393218e+04 
2.620202e-02 5.351076e+04 7.219540e+04 
3.124242e-02 4.263864e+04 6.907314e+04 
3.628283e-02 3.245687e+04 6.533598e+04 
4.132323e-02 2.416938e+04 6.139464e+04 
4.636364e-02 1.811819e+04 5.747385e+04 
5.140404e-02 1.413975e+04 5.369503e+04 
5.644444e-02 1.180178e+04 5.012010e+04 
6.148485e-02 1.063169e+04 4.677626e+04 
6.652525e-02 1.021144e+04 4.367056e+04 
7.156566e-02 1.019713e+04 4.079853e+04 
7.660606e-02 1.028468e+04 3.814940e+04 
8.164646e-02 1.021313e+04 3.570922e+04 
8.668687e-02 9.810014e+03 3.346274e+04 
9.172727e-02 9.030604e+03 3.139456e+04 
9.676768e-02 7.952436e+03 2.948975e+04 
1.018081e-01 6.731646e+03 2.773417e+04 
1.068485e-01 5.541107e+03 2.611469e+04 
1.118889e-01 4.517893e+03 2.461922e+04 
1.169293e-01 3.736140e+03 2.323672e+04 
1.219697e-01 3.210765e+03 2.195715e+04 
1.270101e-01 2.919187e+03 2.077139e+04 
1.320505e-01 2.819175e+03 1.967121e+04 
1.370909e-01 2.858983e+03 1.864917e+04 
1.421313e-01 2.980949e+03 1.769853e+04 
1.471717e-01 3.123624e+03 1.681322e+04 
1.522121e-01 3.226061e+03 1.598776e+04 
1.572525e-01 3.237049e+03 1.521716e+04 
1.622929e-01 3.128289e+03 1.449696e+04 
1.673333e-01 2.904620e+03 1.382307e+04 
1.723737e-01 2.600861e+03 1.319182e+04 
1.774141e-01 2.265463e+03 1.259986e+04 
1.824545e-01 1.943945e+03 1.204415e+04 
1.874949e-01 1.669852e+03 1.152193e+04 
1.925354e-01 1.462499e+03 1.103068e+04 
1.975758e-01 1.328209e+03 1.056811e+04 
2.026162e-01 1.262595e+03 1.013213e+04 
2.076566e-01 1.253806e+03 9.720829e+03 
2.126970e-01 1.285674e+03 9.332450e+03 
2.177374e-01 1.339504e+03 8.965393e+03 
2.227778e-01 1.394994e+03 8.618189e+03 
2.278182e-01 1.432104e+03 8.289490e+03 
2.328586e-01 1.434836e+03 7.978054e+03 
2.378990e-01 1.395550e+03 7.682742e+03 
2.429394e-01 1.316842e+03 7.402500e+03 
2.479798e-01 1.209639e+03 7.136361e+03 
2.530202e-01 1.089203e+03 6.883429e+03 
2.580606e-01 9.711180e+02 6.642877e+03 
2.631010e-01 8.680777e+02 6.413939e+03 
2.681414e-01 7.881038e+02 6.195908e+03 
2.731818e-01 7.343099e+02 5.988126e+03 
2.782222e-01 7.057437e+02 5.789985e+03 
2.832626e-01 6.987258e+02 5.600917e+03 
2.883030e-01 7.077794e+02 5.420398e+03 
2.933434e-01 7.259861e+02 5.247937e+03 
2.983838e-01 7.454755e+02 5.083079e+03 
3.034242e-01 7.585269e+02 4.925399e+03 
3.084646e-01 7.591162e+02 4.774501e+03 
3.135051e-01 7.442357e+02 4.630014e+03 
3.185455e-01 7.143015e+02 4.491593e+03 
3.235859e-01 6.725569e+02 4.358915e+03 
3.286263e-01 6.241209e+02 4.231677e+03 
3.336667e-01 5.747296e+02 4.109596e+03 
3.387071e-01 5.295453e+02 3.992406e+03 
3.437475e-01 4.923698e+02 3.879858e+03 
3.487879e-01 4.651391e+02 3.771719e+03 
3.538283e-01 4.481155e+02 3.667768e+03 
3.588687e-01 4.402711e+02 3.567800e+03 
3.639091e-01 4.396568e+02 3.471620e+03 
3.689495e-01 4.435967e+02 3.379046e+03 
3.739899e-01 4.489971e+02 3.289905e+03 
3.790303e-01 4.527561e+02 3.204035e+03 
3.840707e-01 4.523245e+02 3.121284e+03 
3.891111e-01 4.461908e+02 3.041507e+03 
3.941515e-01 4.340262e+02 2.964568e+03 
3.991919e-01 4.166595e+02 2.890339e+03 
4.042323e-01 3.957582e+02 2.818697e+03 
4.092727e-01 3.734849e+02 2.749528e+03 
4.143131e-01 3.520248e+02 2.682722e+03 
4.193535e-01 3.331230e+02 2.618178e+03 
4.243939e-01 3.179047e+02 2.555797e+03 
4.294343e-01 3.068585e+02 2.495486e+03 
4.344747e-01 2.998749e+02 2.437159e+03 
4.395152e-01 2.963677e+02 2.380731e+03 
4.445556e-01 2.953177e+02 2.326124e+03 
4.495960e-01 2.954590e+02 2.273263e+03 
4.546364e-01 2.954998e+02 2.222077e+03 
4.596768e-01 2.943401e+02 2.172497e+03 
4.647172e-01 2.911931e+02 2.124460e+03 
4.697576e-01 2.856746e+02 2.077904e+03 
4.747980e-01 2.778521e+02 2.032770e+03 
4.798384e-01 2.682250e+02 1.989004e+03 
4.848788e-01 2.575970e+02 1.946552e+03 
4.899192e-01 2.468437e+02 1.905364e+03 
4.949596e-01 2.367522e+02 1.865391e+03 
5.000000e-01 2.279315e+02 1.826589e+03 
