1.000000e-03 2.571253e+03 2.571250e+03 
6.040404e-03 1.144828e+04 1.153042e+04 
1.108081e-02 1.577672e+04 1.581295e+04 
1.612121e-02 1.738903e+04 1.733094e+04 
2.116162e-02 1.738860e+04 1.723235e+04 
2.620202e-02 1.651258e+04 1.639392e+04 
3.124242e-02 1.527021e+04 1.533655e+04 
3.628283e-02 1.398421e+04 1.426005e+04 
4.132323e-02 1.282642e+04 1.322692e+04 
4.636364e-02 1.184119e+04 1.225734e+04 
5.140404e-02 1.104144e+04 1.135775e+04 
5.644444e-02 1.034705e+04 1.052887e+04 
6.148485e-02 9.703604e+03 9.768420e+03 
6.652525e-02 9.081687e+03 9.072561e+03 
7.156566e-02 8.451017e+03 8.436681e+03 
7.660606e-02 7.812996e+03 7.855904e+03 
8.164646e-02 7.193970e+03 7.325392e+03 
8.668687e-02 6.625956e+03 6.840523e+03 
9.172727e-02 6.126786e+03 6.396979e+03 
9.676768e-02 5.700230e+03 5.990792e+03 
1.018081e-01 5.343704e+03 5.618350e+03 
1.068485e-01 5.048505e+03 5.276388e+03 
1.118889e-01 4.796527e+03 4.961966e+03 
1.169293e-01 4.565145e+03 4.672446e+03 
1.219697e-01 4.337008e+03 4.405464e+03 
1.270101e-01 4.105153e+03 4.158905e+03 
1.320505e-01 3.871355e+03 3.930873e+03 
1.370909e-01 3.641804e+03 3.719672e+03 
1.421313e-01 3.423429e+03 3.523784e+03 
1.471717e-01 3.222340e+03 3.341844e+03 
1.522121e-01 3.042541e+03 3.172632e+03 
1.572525e-01 2.885512e+03 3.015048e+03 
1.622929e-01 2.750147e+03 2.868103e+03 
1.673333e-01 2.632330e+03 2.730907e+03 
1.723737e-01 2.525572e+03 2.602656e+03 
1.774141e-01 2.423981e+03 2.482626e+03 
1.824545e-01 2.324222e+03 2.370159e+03 
1.874949e-01 2.225186e+03 2.264660e+03 
1.925354e-01 2.126915e+03 2.165590e+03 
1.975758e-01 2.030262e+03 2.072460e+03 
2.026162e-01 1.937166e+03 1.984822e+03 
2.076566e-01 1.850185e+03 1.902272e+03 
2.126970e-01 1.770868e+03 1.824437e+03 
2.177374e-01 1.699102e+03 1.750981e+03 
2.227778e-01 1.633849e+03 1.681593e+03 
2.278182e-01 1.574020e+03 1.615990e+03 
2.328586e-01 1.518409e+03 1.553912e+03 
2.378990e-01 1.465641e+03 1.495120e+03 
2.429394e-01 1.414539e+03 1.439395e+03 
2.479798e-01 1.364441e+03 1.386536e+03 
2.530202e-01 1.315391e+03 1.336355e+03 
2.580606e-01 1.267736e+03 1.288683e+03 
2.631010e-01 1.221867e+03 1.243360e+03 
2.681414e-01 1.178213e+03 1.200239e+03 
2.731818e-01 1.137158e+03 1.159187e+03 
2.782222e-01 1.098840e+03 1.120076e+03 
2.832626e-01 1.063069e+03 1.082792e+03 
2.883030e-01 1.029471e+03 1.047225e+03 
2.933434e-01 9.976127e+02 1.013276e+03 
2.983838e-01 9.671486e+02 9.808512e+02 
3.034242e-01 9.378179e+02 9.498640e+02 
3.084646e-01 9.094243e+02 9.202335e+02 
3.135051e-01 8.818775e+02 8.918844e+02 
3.185455e-01 8.551870e+02 8.647463e+02 
3.235859e-01 8.294200e+02 8.387535e+02 
3.286263e-01 8.047040e+02 8.138447e+02 
3.336667e-01 7.811131e+02 7.899624e+02 
3.387071e-01 7.586383e+02 7.670529e+02 
3.437475e-01 7.372296e+02 7.450658e+02 
3.487879e-01 7.168059e+02 7.239539e+02 
3.538283e-01 6.972654e+02 7.036728e+02 
3.588687e-01 6.785062e+02 6.841811e+02 
3.639091e-01 6.604265e+02 6.654395e+02 
3.689495e-01 6.429264e+02 6.474114e+02 
3.739899e-01 6.259717e+02 6.300621e+02 
3.790303e-01 6.095796e+02 6.133592e+02 
3.840707e-01 5.937548e+02 5.972719e+02 
3.891111e-01 5.784899e+02 5.817714e+02 
3.941515e-01 5.637741e+02 5.668304e+02 
3.991919e-01 5.495923e+02 5.524232e+02 
4.042323e-01 5.359414e+02 5.385254e+02 
4.092727e-01 5.228248e+02 5.251140e+02 
4.143131e-01 5.101882e+02 5.121675e+02 
4.193535e-01 4.979750e+02 4.996652e+02 
4.243939e-01 4.861541e+02 4.875877e+02 
4.294343e-01 4.747114e+02 4.759166e+02 
4.344747e-01 4.636380e+02 4.646344e+02 
4.395152e-01 4.529166e+02 4.537246e+02 
4.445556e-01 4.425195e+02 4.431716e+02 
4.495960e-01 4.324381e+02 4.329603e+02 
4.546364e-01 4.226777e+02 4.230768e+02 
4.596768e-01 4.132434e+02 4.135075e+02 
4.647172e-01 4.041152e+02 4.042397e+02 
4.697576e-01 3.952672e+02 3.952613e+02 
4.747980e-01 3.866866e+02 3.865607e+02 
4.798384e-01 3.783717e+02 3.781270e+02 
4.848788e-01 3.703204e+02 3.699497e+02 
4.899192e-01 3.625054e+02 3.620188e+02 
4.949596e-01 3.549056e+02 3.543248e+02 
5.000000e-01 3.475214e+02 3.468588e+02 
