1.000000e-03 4.728663e+03 4.728659e+03 
6.040404e-03 2.168838e+04 2.186640e+04 
1.108081e-02 3.008871e+04 3.039984e+04 
1.612121e-02 3.279558e+04 3.327166e+04 
2.116162e-02 3.177670e+04 3.200597e+04 
2.620202e-02 2.859478e+04 2.831914e+04 
3.124242e-02 2.451347e+04 2.416487e+04 
3.628283e-02 2.045291e+04 2.060035e+04 
4.132323e-02 1.696277e+04 1.779363e+04 
4.636364e-02 1.425596e+04 1.559512e+04 
5.140404e-02 1.235593e+04 1.383461e+04 
5.644444e-02 1.113024e+04 1.238795e+04 
6.148485e-02 1.038492e+04 1.117278e+04 
6.652525e-02 9.938361e+03 1.013453e+04 
7.156566e-02 9.610602e+03 9.235942e+03 
7.660606e-02 9.249191e+03 8.450539e+03 
8.164646e-02 8.758883e+03 7.758739e+03 
8.668687e-02 8.113403e+03 7.145566e+03 
9.172727e-02 7.344456e+03 6.599243e+03 
9.676768e-02 6.518091e+03 6.110299e+03 
1.018081e-01 5.712713e+03 5.670987e+03 
1.068485e-01 5.000668e+03 5.274877e+03 
1.118889e-01 4.430679e+03 4.916578e+03 
1.169293e-01 4.018547e+03 4.591528e+03 
1.219697e-01 3.751875e+03 4.295837e+03 
1.270101e-01 3.601555e+03 4.026167e+03 
1.320505e-01 3.530674e+03 3.779639e+03 
1.370909e-01 3.499044e+03 3.553758e+03 
1.421313e-01 3.466985e+03 3.346353e+03 
1.471717e-01 3.401203e+03 3.155525e+03 
1.522121e-01 3.281597e+03 2.979610e+03 
1.572525e-01 3.104478e+03 2.817144e+03 
1.622929e-01 2.881156e+03 2.666834e+03 
1.673333e-01 2.633886e+03 2.527537e+03 
1.723737e-01 2.388670e+03 2.398238e+03 
1.774141e-01 2.168287e+03 2.278034e+03 
1.824545e-01 1.987882e+03 2.166118e+03 
1.874949e-01 1.853607e+03 2.061772e+03 
1.925354e-01 1.764313e+03 1.964349e+03 
1.975758e-01 1.713341e+03 1.873270e+03 
2.026162e-01 1.689732e+03 1.788015e+03 
2.076566e-01 1.679959e+03 1.708113e+03 
2.126970e-01 1.670264e+03 1.633139e+03 
2.177374e-01 1.649223e+03 1.562710e+03 
2.227778e-01 1.609551e+03 1.496477e+03 
2.278182e-01 1.548844e+03 1.434124e+03 
2.328586e-01 1.469661e+03 1.375363e+03 
2.378990e-01 1.378690e+03 1.319933e+03 
2.429394e-01 1.284625e+03 1.267594e+03 
2.479798e-01 1.195844e+03 1.218128e+03 
2.530202e-01 1.118789e+03 1.171336e+03 
2.580606e-01 1.057198e+03 1.127033e+03 
2.631010e-01 1.012281e+03 1.085052e+03 
2.681414e-01 9.827191e+02 1.045239e+03 
2.731818e-01 9.650508e+02 1.007451e+03 
2.782222e-01 9.544899e+02 9.715577e+02 
2.832626e-01 9.459845e+02 9.374386e+02 
2.883030e-01 9.350961e+02 9.049821e+02 
2.933434e-01 9.185857e+02 8.740853e+02 
2.983838e-01 8.946563e+02 8.446530e+02 
3.034242e-01 8.632135e+02 8.165968e+02 
3.084646e-01 8.258923e+02 7.898349e+02 
3.135051e-01 7.855352e+02 7.642914e+02 
3.185455e-01 7.453945e+02 7.398957e+02 
3.235859e-01 7.083291e+02 7.165822e+02 
3.286263e-01 6.763100e+02 6.942897e+02 
3.336667e-01 6.503627e+02 6.729613e+02 
3.387071e-01 6.306143e+02 6.525439e+02 
3.437475e-01 6.163175e+02 6.329880e+02 
3.487879e-01 6.060393e+02 6.142471e+02 
3.538283e-01 5.978989e+02 5.962781e+02 
3.588687e-01 5.899971e+02 5.790404e+02 
3.639091e-01 5.807761e+02 5.624961e+02 
3.689495e-01 5.692299e+02 5.466095e+02 
3.739899e-01 5.549519e+02 5.313474e+02 
3.790303e-01 5.381419e+02 5.166785e+02 
3.840707e-01 5.194889e+02 5.025732e+02 
3.891111e-01 5.000612e+02 4.890041e+02 
3.941515e-01 4.810395e+02 4.759450e+02 
3.991919e-01 4.634388e+02 4.633716e+02 
4.042323e-01 4.479579e+02 4.512607e+02 
4.092727e-01 4.349142e+02 4.395906e+02 
4.143131e-01 4.242581e+02 4.283409e+02 
4.193535e-01 4.156471e+02 4.174921e+02 
4.243939e-01 4.085070e+02 4.070262e+02 
4.294343e-01 4.021209e+02 3.969257e+02 
4.344747e-01 3.957875e+02 3.871744e+02 
4.395152e-01 3.889496e+02 3.777569e+02 
4.445556e-01 3.812590e+02 3.686585e+02 
4.495960e-01 3.726072e+02 3.598655e+02 
4.546364e-01 3.631031e+02 3.513648e+02 
4.596768e-01 3.530172e+02 3.431438e+02 
4.647172e-01 3.427548e+02 3.351910e+02 
4.697576e-01 3.327540e+02 3.274950e+02 
4.747980e-01 3.233897e+02 3.200452e+02 
4.798384e-01 3.149060e+02 3.128317e+02 
4.848788e-01 3.074142e+02 3.058448e+02 
4.899192e-01 3.008826e+02 2.990754e+02 
4.949596e-01 2.951752e+02 2.925148e+02 
5.000000e-01 2.900619e+02 2.861549e+02 
