1.000000e-03 5.283165e+03 5.283161e+03 
6.040404e-03 2.366364e+04 2.385318e+04 
1.108081e-02 3.210530e+04 3.242154e+04 
1.612121e-02 3.427128e+04 3.469139e+04 
2.116162e-02 3.255620e+04 3.263469e+04 
2.620202e-02 2.878193e+04 2.846917e+04 
3.124242e-02 2.434564e+04 2.423821e+04 
3.628283e-02 2.018645e+04 2.075758e+04 
4.132323e-02 1.679629e+04 1.803334e+04 
4.636364e-02 1.429863e+04 1.587721e+04 
5.140404e-02 1.265144e+04 1.412593e+04 
5.644444e-02 1.163360e+04 1.266868e+04 
6.148485e-02 1.102178e+04 1.143300e+04 
6.652525e-02 1.059399e+04 1.037036e+04 
7.156566e-02 1.016449e+04 9.446824e+03 
7.660606e-02 9.608851e+03 8.637594e+03 
8.164646e-02 8.881986e+03 7.923870e+03 
8.668687e-02 8.015162e+03 7.290947e+03 
9.172727e-02 7.088123e+03 6.727054e+03 
9.676768e-02 6.196139e+03 6.222598e+03 
1.018081e-01 5.422340e+03 5.769647e+03 
1.068485e-01 4.817209e+03 5.361575e+03 
1.118889e-01 4.391884e+03 4.992795e+03 
1.169293e-01 4.125448e+03 4.658563e+03 
1.219697e-01 3.979394e+03 4.354823e+03 
1.270101e-01 3.906482e+03 4.078092e+03 
1.320505e-01 3.856759e+03 3.825364e+03 
1.370909e-01 3.785311e+03 3.594031e+03 
1.421313e-01 3.661697e+03 3.381825e+03 
1.471717e-01 3.475649e+03 3.186763e+03 
1.522121e-01 3.235182e+03 3.007110e+03 
1.572525e-01 2.962203e+03 2.841338e+03 
1.622929e-01 2.686125e+03 2.688100e+03 
1.673333e-01 2.435582e+03 2.546207e+03 
1.723737e-01 2.230324e+03 2.414602e+03 
1.774141e-01 2.077807e+03 2.292348e+03 
1.824545e-01 1.975726e+03 2.178608e+03 
1.874949e-01 1.915399e+03 2.072636e+03 
1.925354e-01 1.883938e+03 1.973763e+03 
1.975758e-01 1.865521e+03 1.881390e+03 
2.026162e-01 1.844051e+03 1.794978e+03 
2.076566e-01 1.807029e+03 1.714040e+03 
2.126970e-01 1.748173e+03 1.638140e+03 
2.177374e-01 1.667788e+03 1.566881e+03 
2.227778e-01 1.571276e+03 1.499904e+03 
2.278182e-01 1.467415e+03 1.436885e+03 
2.328586e-01 1.365961e+03 1.377526e+03 
2.378990e-01 1.275319e+03 1.321559e+03 
2.429394e-01 1.201091e+03 1.268739e+03 
2.479798e-01 1.145300e+03 1.218841e+03 
2.530202e-01 1.106832e+03 1.171661e+03 
2.580606e-01 1.081953e+03 1.127010e+03 
2.631010e-01 1.065362e+03 1.084718e+03 
2.681414e-01 1.051326e+03 1.044625e+03 
2.731818e-01 1.034816e+03 1.006586e+03 
2.782222e-01 1.012224e+03 9.704688e+02 
2.832626e-01 9.818466e+02 9.361491e+02 
2.883030e-01 9.441002e+02 9.035135e+02 
2.933434e-01 9.012008e+02 8.724569e+02 
2.983838e-01 8.564416e+02 8.428822e+02 
3.034242e-01 8.132269e+02 8.146996e+02 
3.084646e-01 7.743603e+02 7.878256e+02 
3.135051e-01 7.416523e+02 7.621830e+02 
3.185455e-01 7.156936e+02 7.377000e+02 
3.235859e-01 6.959835e+02 7.143098e+02 
3.286263e-01 6.811032e+02 6.919504e+02 
3.336667e-01 6.691224e+02 6.705638e+02 
3.387071e-01 6.580124e+02 6.500963e+02 
3.437475e-01 6.459868e+02 6.304974e+02 
3.487879e-01 6.317940e+02 6.117202e+02 
3.538283e-01 6.149110e+02 5.937208e+02 
3.588687e-01 5.955884e+02 5.764581e+02 
3.639091e-01 5.746459e+02 5.598937e+02 
3.689495e-01 5.532065e+02 5.439916e+02 
3.739899e-01 5.324318e+02 5.287179e+02 
3.790303e-01 5.133041e+02 5.140411e+02 
3.840707e-01 4.965105e+02 4.999313e+02 
3.891111e-01 4.823144e+02 4.863606e+02 
3.941515e-01 4.705288e+02 4.733027e+02 
3.991919e-01 4.606125e+02 4.607329e+02 
4.042323e-01 4.518575e+02 4.486279e+02 
4.092727e-01 4.435505e+02 4.369658e+02 
4.143131e-01 4.350600e+02 4.257258e+02 
4.193535e-01 4.259397e+02 4.148884e+02 
4.243939e-01 4.159542e+02 4.044353e+02 
4.294343e-01 4.051657e+02 3.943490e+02 
4.344747e-01 3.938407e+02 3.846130e+02 
4.395152e-01 3.823986e+02 3.752119e+02 
4.445556e-01 3.712619e+02 3.661309e+02 
4.495960e-01 3.607599e+02 3.573561e+02 
4.546364e-01 3.511566e+02 3.488742e+02 
4.596768e-01 3.425739e+02 3.406729e+02 
4.647172e-01 3.349696e+02 3.327401e+02 
4.697576e-01 3.281644e+02 3.250648e+02 
4.747980e-01 3.218942e+02 3.176361e+02 
4.798384e-01 3.158930e+02 3.104440e+02 
4.848788e-01 3.099321e+02 3.034788e+02 
4.899192e-01 3.038406e+02 2.967314e+02 
4.949596e-01 2.975161e+02 2.901930e+02 
5.000000e-01 2.909574e+02 2.838554e+02 
