1.000000e-03 2.524560e+03 2.524558e+03 
6.040404e-03 1.123176e+04 1.131115e+04 
1.108081e-02 1.536058e+04 1.536866e+04 
1.612121e-02 1.686113e+04 1.674749e+04 
2.116162e-02 1.686543e+04 1.666500e+04 
2.620202e-02 1.608435e+04 1.593411e+04 
3.124242e-02 1.497827e+04 1.498237e+04 
3.628283e-02 1.382337e+04 1.398018e+04 
4.132323e-02 1.275647e+04 1.299506e+04 
4.636364e-02 1.181162e+04 1.205685e+04 
5.140404e-02 1.100216e+04 1.117885e+04 
5.644444e-02 1.025670e+04 1.036583e+04 
6.148485e-02 9.555606e+03 9.617794e+03 
6.652525e-02 8.879768e+03 8.932192e+03 
7.156566e-02 8.222504e+03 8.305140e+03 
7.660606e-02 7.595381e+03 7.732184e+03 
8.164646e-02 7.020007e+03 7.208739e+03 
8.668687e-02 6.509976e+03 6.730341e+03 
9.172727e-02 6.064829e+03 6.292773e+03 
9.676768e-02 5.678648e+03 5.892136e+03 
1.018081e-01 5.344236e+03 5.524868e+03 
1.068485e-01 5.049021e+03 5.187740e+03 
1.118889e-01 4.776024e+03 4.877843e+03 
1.169293e-01 4.512236e+03 4.592564e+03 
1.219697e-01 4.254235e+03 4.329560e+03 
1.270101e-01 4.005196e+03 4.086735e+03 
1.320505e-01 3.769455e+03 3.862210e+03 
1.370909e-01 3.551011e+03 3.654307e+03 
1.421313e-01 3.352726e+03 3.461519e+03 
1.471717e-01 3.174926e+03 3.282497e+03 
1.522121e-01 3.015865e+03 3.116031e+03 
1.572525e-01 2.872745e+03 2.961034e+03 
1.622929e-01 2.742071e+03 2.816528e+03 
1.673333e-01 2.619941e+03 2.681631e+03 
1.723737e-01 2.502980e+03 2.555551e+03 
1.774141e-01 2.389970e+03 2.437569e+03 
1.824545e-01 2.281236e+03 2.327037e+03 
1.874949e-01 2.177439e+03 2.223367e+03 
1.925354e-01 2.079240e+03 2.126028e+03 
1.975758e-01 1.987430e+03 2.034535e+03 
2.026162e-01 1.902596e+03 1.948448e+03 
2.076566e-01 1.824387e+03 1.867366e+03 
2.126970e-01 1.751846e+03 1.790924e+03 
2.177374e-01 1.683959e+03 1.718789e+03 
2.227778e-01 1.619905e+03 1.650655e+03 
2.278182e-01 1.558962e+03 1.586242e+03 
2.328586e-01 1.500556e+03 1.525295e+03 
2.378990e-01 1.444504e+03 1.467579e+03 
2.429394e-01 1.390947e+03 1.412877e+03 
2.479798e-01 1.340011e+03 1.360992e+03 
2.530202e-01 1.291575e+03 1.311739e+03 
2.580606e-01 1.245623e+03 1.264950e+03 
2.631010e-01 1.202230e+03 1.220469e+03 
2.681414e-01 1.161348e+03 1.178152e+03 
2.731818e-01 1.122676e+03 1.137866e+03 
2.782222e-01 1.085785e+03 1.099487e+03 
2.832626e-01 1.050464e+03 1.062902e+03 
2.883030e-01 1.016678e+03 1.028003e+03 
2.933434e-01 9.843646e+02 9.946927e+02 
2.983838e-01 9.533856e+02 9.628789e+02 
3.034242e-01 9.236240e+02 9.324764e+02 
3.084646e-01 8.951038e+02 9.034057e+02 
3.135051e-01 8.678764e+02 8.755927e+02 
3.185455e-01 8.418855e+02 8.489685e+02 
3.235859e-01 8.170079e+02 8.234683e+02 
3.286263e-01 7.931522e+02 7.990319e+02 
3.336667e-01 7.702889e+02 7.756029e+02 
3.387071e-01 7.483933e+02 7.531285e+02 
3.437475e-01 7.273733e+02 7.315591e+02 
3.487879e-01 7.071262e+02 7.108485e+02 
3.538283e-01 6.876099e+02 6.909532e+02 
3.588687e-01 6.688373e+02 6.718322e+02 
3.639091e-01 6.508002e+02 6.534472e+02 
3.689495e-01 6.334448e+02 6.357621e+02 
3.739899e-01 6.167212e+02 6.187430e+02 
3.790303e-01 6.006115e+02 6.023579e+02 
3.840707e-01 5.851095e+02 5.865768e+02 
3.891111e-01 5.701835e+02 5.713712e+02 
3.941515e-01 5.557852e+02 5.567144e+02 
3.991919e-01 5.418803e+02 5.425812e+02 
4.042323e-01 5.284562e+02 5.289477e+02 
4.092727e-01 5.155040e+02 5.157913e+02 
4.143131e-01 5.029949e+02 5.030907e+02 
4.193535e-01 4.908998e+02 4.908259e+02 
4.243939e-01 4.791997e+02 4.789777e+02 
4.294343e-01 4.678928e+02 4.675280e+02 
4.344747e-01 4.569752e+02 4.564598e+02 
4.395152e-01 4.464114e+02 4.457568e+02 
4.445556e-01 4.361804e+02 4.354036e+02 
4.495960e-01 4.262762e+02 4.253856e+02 
4.546364e-01 4.166917e+02 4.156890e+02 
4.596768e-01 4.074122e+02 4.063006e+02 
4.647172e-01 3.984208e+02 3.972079e+02 
4.697576e-01 3.896963e+02 3.883990e+02 
4.747980e-01 3.812347e+02 3.798625e+02 
4.798384e-01 3.730361e+02 3.715877e+02 
4.848788e-01 3.650887e+02 3.635643e+02 
4.899192e-01 3.573728e+02 3.557826e+02 
4.949596e-01 3.498806e+02 3.482332e+02 
5.000000e-01 3.426082e+02 3.409073e+02 
