1.000000e-03 2.480252e+03 2.480250e+03 
6.040404e-03 1.118390e+04 1.126182e+04 
1.108081e-02 1.537232e+04 1.538310e+04 
1.612121e-02 1.691178e+04 1.680551e+04 
2.116162e-02 1.692335e+04 1.673145e+04 
2.620202e-02 1.612884e+04 1.599417e+04 
3.124242e-02 1.500358e+04 1.503669e+04 
3.628283e-02 1.383532e+04 1.403198e+04 
4.132323e-02 1.276708e+04 1.304628e+04 
4.636364e-02 1.183659e+04 1.210821e+04 
5.140404e-02 1.103306e+04 1.123042e+04 
5.644444e-02 1.030410e+04 1.041741e+04 
6.148485e-02 9.614253e+03 9.669108e+03 
6.652525e-02 8.944334e+03 8.982965e+03 
7.156566e-02 8.284028e+03 8.355136e+03 
7.660606e-02 7.648149e+03 7.781217e+03 
8.164646e-02 7.062356e+03 7.256669e+03 
8.668687e-02 6.543555e+03 6.777066e+03 
9.172727e-02 6.092860e+03 6.338226e+03 
9.676768e-02 5.704975e+03 5.936278e+03 
1.018081e-01 5.372583e+03 5.567680e+03 
1.068485e-01 5.081641e+03 5.229219e+03 
1.118889e-01 4.812911e+03 4.918000e+03 
1.169293e-01 4.551928e+03 4.631419e+03 
1.219697e-01 4.294279e+03 4.367141e+03 
1.270101e-01 4.043021e+03 4.123073e+03 
1.320505e-01 3.803644e+03 3.897341e+03 
1.370909e-01 3.581269e+03 3.688269e+03 
1.421313e-01 3.379290e+03 3.494351e+03 
1.471717e-01 3.198687e+03 3.314239e+03 
1.522121e-01 3.038308e+03 3.146724e+03 
1.572525e-01 2.895417e+03 2.990716e+03 
1.622929e-01 2.765927e+03 2.845239e+03 
1.673333e-01 2.644924e+03 2.709409e+03 
1.723737e-01 2.528566e+03 2.582433e+03 
1.774141e-01 2.415568e+03 2.463590e+03 
1.824545e-01 2.306197e+03 2.352233e+03 
1.874949e-01 2.201121e+03 2.247771e+03 
1.925354e-01 2.101195e+03 2.149672e+03 
1.975758e-01 2.007667e+03 2.057449e+03 
2.026162e-01 1.921561e+03 1.970662e+03 
2.076566e-01 1.842585e+03 1.888908e+03 
2.126970e-01 1.769639e+03 1.811822e+03 
2.177374e-01 1.701587e+03 1.739067e+03 
2.227778e-01 1.637535e+03 1.670338e+03 
2.278182e-01 1.576659e+03 1.605355e+03 
2.328586e-01 1.518160e+03 1.543859e+03 
2.378990e-01 1.461768e+03 1.485616e+03 
2.429394e-01 1.407648e+03 1.430408e+03 
2.479798e-01 1.356005e+03 1.378034e+03 
2.530202e-01 1.306886e+03 1.328313e+03 
2.580606e-01 1.260307e+03 1.281072e+03 
2.631010e-01 1.216394e+03 1.236157e+03 
2.681414e-01 1.175118e+03 1.193423e+03 
2.731818e-01 1.136152e+03 1.152734e+03 
2.782222e-01 1.099066e+03 1.113968e+03 
2.832626e-01 1.063574e+03 1.077008e+03 
2.883030e-01 1.029580e+03 1.041749e+03 
2.933434e-01 9.970096e+02 1.008091e+03 
2.983838e-01 9.657285e+02 9.759425e+02 
3.034242e-01 9.356566e+02 9.452165e+02 
3.084646e-01 9.068026e+02 9.158335e+02 
3.135051e-01 8.792160e+02 8.877190e+02 
3.185455e-01 8.529010e+02 8.608035e+02 
3.235859e-01 8.277588e+02 8.350218e+02 
3.286263e-01 8.036818e+02 8.103134e+02 
3.336667e-01 7.806116e+02 7.866214e+02 
3.387071e-01 7.585030e+02 7.638926e+02 
3.437475e-01 7.372842e+02 7.420772e+02 
3.487879e-01 7.168601e+02 7.211284e+02 
3.538283e-01 6.971553e+02 7.010025e+02 
3.588687e-01 6.781687e+02 6.816583e+02 
3.639091e-01 6.599094e+02 6.630571e+02 
3.689495e-01 6.423553e+02 6.451625e+02 
3.739899e-01 6.254539e+02 6.279404e+02 
3.790303e-01 6.091588e+02 6.113585e+02 
3.840707e-01 5.934636e+02 5.953866e+02 
3.891111e-01 5.783668e+02 5.799959e+02 
3.941515e-01 5.638222e+02 5.651595e+02 
3.991919e-01 5.497747e+02 5.508520e+02 
4.042323e-01 5.361989e+02 5.370493e+02 
4.092727e-01 5.230915e+02 5.237287e+02 
4.143131e-01 5.104352e+02 5.108686e+02 
4.193535e-01 4.982054e+02 4.984488e+02 
4.243939e-01 4.863698e+02 4.864500e+02 
4.294343e-01 4.749220e+02 4.748540e+02 
4.344747e-01 4.638617e+02 4.636436e+02 
4.395152e-01 4.531712e+02 4.528022e+02 
4.445556e-01 4.428276e+02 4.423145e+02 
4.495960e-01 4.328048e+02 4.321657e+02 
4.546364e-01 4.230947e+02 4.223418e+02 
4.596768e-01 4.136985e+02 4.128295e+02 
4.647172e-01 4.046007e+02 4.036161e+02 
4.697576e-01 3.957734e+02 3.946897e+02 
4.747980e-01 3.872077e+02 3.860388e+02 
4.798384e-01 3.789013e+02 3.776526e+02 
4.848788e-01 3.708479e+02 3.695206e+02 
4.899192e-01 3.630368e+02 3.616331e+02 
4.949596e-01 3.554518e+02 3.539807e+02 
5.000000e-01 3.480828e+02 3.465543e+02 
