1.000000e-03 4.807416e+03 4.807412e+03 
6.040404e-03 2.170396e+04 2.187867e+04 
1.108081e-02 2.952615e+04 2.979710e+04 
1.612121e-02 3.162902e+04 3.197019e+04 
2.116162e-02 3.020480e+04 3.025332e+04 
2.620202e-02 2.689913e+04 2.664323e+04 
3.124242e-02 2.296390e+04 2.292870e+04 
3.628283e-02 1.924279e+04 1.982669e+04 
4.132323e-02 1.618501e+04 1.735894e+04 
4.636364e-02 1.390703e+04 1.537620e+04 
5.140404e-02 1.238486e+04 1.374530e+04 
5.644444e-02 1.142424e+04 1.237441e+04 
6.148485e-02 1.082232e+04 1.120260e+04 
6.652525e-02 1.037852e+04 1.018840e+04 
7.156566e-02 9.930154e+03 9.302365e+03 
7.660606e-02 9.369039e+03 8.522642e+03 
8.164646e-02 8.656650e+03 7.832437e+03 
8.668687e-02 7.823810e+03 7.218457e+03 
9.172727e-02 6.945116e+03 6.669949e+03 
9.676768e-02 6.106485e+03 6.178073e+03 
1.018081e-01 5.380920e+03 5.735467e+03 
1.068485e-01 4.812076e+03 5.335940e+03 
1.118889e-01 4.408726e+03 4.974242e+03 
1.169293e-01 4.151072e+03 4.645896e+03 
1.219697e-01 4.002425e+03 4.347060e+03 
1.270101e-01 3.918214e+03 4.074419e+03 
1.320505e-01 3.852259e+03 3.825104e+03 
1.370909e-01 3.764289e+03 3.596620e+03 
1.421313e-01 3.628568e+03 3.386790e+03 
1.471717e-01 3.437965e+03 3.193708e+03 
1.522121e-01 3.201276e+03 3.015698e+03 
1.572525e-01 2.938515e+03 2.851286e+03 
1.622929e-01 2.676088e+03 2.699170e+03 
1.673333e-01 2.439555e+03 2.558194e+03 
1.723737e-01 2.246323e+03 2.427334e+03 
1.774141e-01 2.102226e+03 2.305678e+03 
1.824545e-01 2.003927e+03 2.192410e+03 
1.874949e-01 1.942751e+03 2.086803e+03 
1.925354e-01 1.906725e+03 1.988204e+03 
1.975758e-01 1.881455e+03 1.896027e+03 
2.026162e-01 1.852410e+03 1.809744e+03 
2.076566e-01 1.808638e+03 1.728880e+03 
2.126970e-01 1.745338e+03 1.653005e+03 
2.177374e-01 1.663697e+03 1.581730e+03 
2.227778e-01 1.569128e+03 1.514703e+03 
2.278182e-01 1.469449e+03 1.451603e+03 
2.328586e-01 1.373181e+03 1.392139e+03 
2.378990e-01 1.287676e+03 1.336047e+03 
2.429394e-01 1.217582e+03 1.283083e+03 
2.479798e-01 1.164286e+03 1.233028e+03 
2.530202e-01 1.126338e+03 1.185678e+03 
2.580606e-01 1.100187e+03 1.140847e+03 
2.631010e-01 1.081018e+03 1.098367e+03 
2.681414e-01 1.063700e+03 1.058081e+03 
2.731818e-01 1.043770e+03 1.019844e+03 
2.782222e-01 1.018297e+03 9.835253e+02 
2.832626e-01 9.861681e+02 9.490015e+02 
2.883030e-01 9.480821e+02 9.161602e+02 
2.933434e-01 9.060969e+02 8.848972e+02 
2.983838e-01 8.630607e+02 8.551160e+02 
3.034242e-01 8.219222e+02 8.267274e+02 
3.084646e-01 7.850615e+02 7.996485e+02 
3.135051e-01 7.539155e+02 7.738025e+02 
3.185455e-01 7.288039e+02 7.491178e+02 
3.235859e-01 7.090855e+02 7.255280e+02 
3.286263e-01 6.934272e+02 7.029714e+02 
3.336667e-01 6.801418e+02 6.813902e+02 
3.387071e-01 6.674821e+02 6.607308e+02 
3.437475e-01 6.539328e+02 6.409429e+02 
3.487879e-01 6.384878e+02 6.219798e+02 
3.538283e-01 6.208329e+02 6.037975e+02 
3.588687e-01 6.013090e+02 5.863551e+02 
3.639091e-01 5.806965e+02 5.696142e+02 
3.689495e-01 5.599496e+02 5.535387e+02 
3.739899e-01 5.399973e+02 5.380951e+02 
3.790303e-01 5.216571e+02 5.232515e+02 
3.840707e-01 5.054553e+02 5.089782e+02 
3.891111e-01 4.915443e+02 4.952473e+02 
3.941515e-01 4.796757e+02 4.820324e+02 
3.991919e-01 4.693550e+02 4.693088e+02 
4.042323e-01 4.599777e+02 4.570532e+02 
4.092727e-01 4.509529e+02 4.452435e+02 
4.143131e-01 4.417549e+02 4.338591e+02 
4.193535e-01 4.320357e+02 4.228803e+02 
4.243939e-01 4.216655e+02 4.122888e+02 
4.294343e-01 4.107293e+02 4.020670e+02 
4.344747e-01 3.994975e+02 3.921985e+02 
4.395152e-01 3.882923e+02 3.826676e+02 
4.445556e-01 3.774382e+02 3.734597e+02 
4.495960e-01 3.672273e+02 3.645606e+02 
4.546364e-01 3.578483e+02 3.559572e+02 
4.596768e-01 3.493576e+02 3.476369e+02 
4.647172e-01 3.416854e+02 3.395878e+02 
4.697576e-01 3.346687e+02 3.317985e+02 
4.747980e-01 3.280989e+02 3.242584e+02 
4.798384e-01 3.217607e+02 3.169573e+02 
4.848788e-01 3.154670e+02 3.098854e+02 
4.899192e-01 3.090799e+02 3.030336e+02 
4.949596e-01 3.025380e+02 2.963930e+02 
5.000000e-01 2.958670e+02 2.899555e+02 
