1.000000e-03 4.271946e+03 4.271942e+03 
6.040404e-03 1.885973e+04 1.900640e+04 
1.108081e-02 2.553065e+04 2.572056e+04 
1.612121e-02 2.737274e+04 2.756022e+04 
2.116162e-02 2.630205e+04 2.625415e+04 
2.620202e-02 2.370429e+04 2.351743e+04 
3.124242e-02 2.060134e+04 2.069654e+04 
3.628283e-02 1.766411e+04 1.827793e+04 
4.132323e-02 1.524238e+04 1.627827e+04 
4.636364e-02 1.341938e+04 1.460933e+04 
5.140404e-02 1.217079e+04 1.319201e+04 
5.644444e-02 1.132749e+04 1.197039e+04 
6.148485e-02 1.072382e+04 1.090577e+04 
6.652525e-02 1.020129e+04 9.970403e+03 
7.156566e-02 9.640158e+03 9.143491e+03 
7.660606e-02 8.977807e+03 8.408820e+03 
8.164646e-02 8.214608e+03 7.753368e+03 
8.668687e-02 7.399716e+03 7.166446e+03 
9.172727e-02 6.601003e+03 6.639152e+03 
9.676768e-02 5.881877e+03 6.163985e+03 
1.018081e-01 5.288960e+03 5.734577e+03 
1.068485e-01 4.841793e+03 5.345482e+03 
1.118889e-01 4.530506e+03 4.992024e+03 
1.169293e-01 4.324247e+03 4.670164e+03 
1.219697e-01 4.182389e+03 4.376406e+03 
1.270101e-01 4.064854e+03 4.107706e+03 
1.320505e-01 3.936882e+03 3.861411e+03 
1.370909e-01 3.774863e+03 3.635199e+03 
1.421313e-01 3.571458e+03 3.427033e+03 
1.471717e-01 3.334844e+03 3.235117e+03 
1.522121e-01 3.082175e+03 3.057870e+03 
1.572525e-01 2.834167e+03 2.893891e+03 
1.622929e-01 2.610534e+03 2.741939e+03 
1.673333e-01 2.425404e+03 2.600909e+03 
1.723737e-01 2.283765e+03 2.469819e+03 
1.774141e-01 2.181720e+03 2.347789e+03 
1.824545e-01 2.109793e+03 2.234033e+03 
1.874949e-01 2.056353e+03 2.127848e+03 
1.925354e-01 2.009413e+03 2.028600e+03 
1.975758e-01 1.957938e+03 1.935718e+03 
2.026162e-01 1.894198e+03 1.848689e+03 
2.076566e-01 1.815784e+03 1.767049e+03 
2.126970e-01 1.725411e+03 1.690376e+03 
2.177374e-01 1.628946e+03 1.618289e+03 
2.227778e-01 1.533252e+03 1.550442e+03 
2.278182e-01 1.444684e+03 1.486521e+03 
2.328586e-01 1.367858e+03 1.426239e+03 
2.378990e-01 1.304971e+03 1.369333e+03 
2.429394e-01 1.255777e+03 1.315564e+03 
2.479798e-01 1.217916e+03 1.264715e+03 
2.530202e-01 1.187608e+03 1.216583e+03 
2.580606e-01 1.160510e+03 1.170985e+03 
2.631010e-01 1.132664e+03 1.127753e+03 
2.681414e-01 1.101400e+03 1.086730e+03 
2.731818e-01 1.065710e+03 1.047774e+03 
2.782222e-01 1.026015e+03 1.010752e+03 
2.832626e-01 9.837582e+02 9.755434e+02 
2.883030e-01 9.410629e+02 9.420343e+02 
2.933434e-01 9.002135e+02 9.101211e+02 
2.983838e-01 8.630786e+02 8.797071e+02 
3.034242e-01 8.307282e+02 8.507029e+02 
3.084646e-01 8.033237e+02 8.230256e+02 
3.135051e-01 7.802838e+02 7.965978e+02 
3.185455e-01 7.605288e+02 7.713480e+02 
3.235859e-01 7.427051e+02 7.472094e+02 
3.286263e-01 7.254244e+02 7.241197e+02 
3.336667e-01 7.075740e+02 7.020209e+02 
3.387071e-01 6.885827e+02 6.808590e+02 
3.437475e-01 6.683414e+02 6.605834e+02 
3.487879e-01 6.471916e+02 6.411469e+02 
3.538283e-01 6.257687e+02 6.225051e+02 
3.588687e-01 6.048076e+02 6.046167e+02 
3.639091e-01 5.849906e+02 5.874430e+02 
3.689495e-01 5.667957e+02 5.709475e+02 
3.739899e-01 5.503967e+02 5.550962e+02 
3.790303e-01 5.357397e+02 5.398569e+02 
3.840707e-01 5.225729e+02 5.251995e+02 
3.891111e-01 5.104823e+02 5.110957e+02 
3.941515e-01 4.989955e+02 4.975188e+02 
3.991919e-01 4.876743e+02 4.844437e+02 
4.042323e-01 4.762056e+02 4.718468e+02 
4.092727e-01 4.644807e+02 4.597057e+02 
4.143131e-01 4.525553e+02 4.479994e+02 
4.193535e-01 4.405616e+02 4.367081e+02 
4.243939e-01 4.286920e+02 4.258128e+02 
4.294343e-01 4.171779e+02 4.152960e+02 
4.344747e-01 4.062322e+02 4.051408e+02 
4.395152e-01 3.959876e+02 3.953314e+02 
4.445556e-01 3.864728e+02 3.858526e+02 
4.495960e-01 3.776099e+02 3.766903e+02 
4.546364e-01 3.692866e+02 3.678310e+02 
4.596768e-01 3.613850e+02 3.592619e+02 
4.647172e-01 3.537605e+02 3.509708e+02 
4.697576e-01 3.462540e+02 3.429462e+02 
4.747980e-01 3.387795e+02 3.351771e+02 
4.798384e-01 3.313132e+02 3.276532e+02 
4.848788e-01 3.238905e+02 3.203646e+02 
4.899192e-01 3.165632e+02 3.133018e+02 
4.949596e-01 3.093875e+02 3.064560e+02 
5.000000e-01 3.024232e+02 2.998185e+02 
