1.000000e-03 3.402268e+03 3.402266e+03 
6.040404e-03 1.567516e+04 1.579671e+04 
1.108081e-02 2.172017e+04 2.187234e+04 
1.612121e-02 2.374801e+04 2.389627e+04 
2.116162e-02 2.325093e+04 2.321153e+04 
2.620202e-02 2.134777e+04 2.118248e+04 
3.124242e-02 1.889040e+04 1.894050e+04 
3.628283e-02 1.646381e+04 1.694485e+04 
4.132323e-02 1.439574e+04 1.525145e+04 
4.636364e-02 1.279171e+04 1.380957e+04 
5.140404e-02 1.165411e+04 1.256505e+04 
5.644444e-02 1.086583e+04 1.147773e+04 
6.148485e-02 1.028576e+04 1.051913e+04 
6.652525e-02 9.795048e+03 9.668425e+03 
7.156566e-02 9.282232e+03 8.909697e+03 
7.660606e-02 8.686534e+03 8.230300e+03 
8.164646e-02 8.002365e+03 7.619880e+03 
8.668687e-02 7.269080e+03 7.069790e+03 
9.172727e-02 6.543217e+03 6.572707e+03 
9.676768e-02 5.877328e+03 6.122372e+03 
1.018081e-01 5.312354e+03 5.713401e+03 
1.068485e-01 4.871652e+03 5.341136e+03 
1.118889e-01 4.553942e+03 5.001532e+03 
1.169293e-01 4.335949e+03 4.691065e+03 
1.219697e-01 4.182146e+03 4.406654e+03 
1.270101e-01 4.056580e+03 4.145601e+03 
1.320505e-01 3.928696e+03 3.905531e+03 
1.370909e-01 3.776610e+03 3.684356e+03 
1.421313e-01 3.590440e+03 3.480230e+03 
1.471717e-01 3.373211e+03 3.291518e+03 
1.522121e-01 3.138101e+03 3.116772e+03 
1.572525e-01 2.903118e+03 2.954703e+03 
1.622929e-01 2.685915e+03 2.804163e+03 
1.673333e-01 2.500083e+03 2.664127e+03 
1.723737e-01 2.352197e+03 2.533678e+03 
1.774141e-01 2.241248e+03 2.411993e+03 
1.824545e-01 2.160388e+03 2.298335e+03 
1.874949e-01 2.099824e+03 2.192038e+03 
1.925354e-01 2.048750e+03 2.092504e+03 
1.975758e-01 1.996918e+03 1.999191e+03 
2.026162e-01 1.936376e+03 1.911611e+03 
2.076566e-01 1.863578e+03 1.829319e+03 
2.126970e-01 1.779486e+03 1.751914e+03 
2.177374e-01 1.688310e+03 1.679029e+03 
2.227778e-01 1.595721e+03 1.610332e+03 
2.278182e-01 1.507549e+03 1.545518e+03 
2.328586e-01 1.428706e+03 1.484311e+03 
2.378990e-01 1.362092e+03 1.426456e+03 
2.429394e-01 1.308229e+03 1.371721e+03 
2.479798e-01 1.265509e+03 1.319894e+03 
2.530202e-01 1.231086e+03 1.270778e+03 
2.580606e-01 1.201504e+03 1.224195e+03 
2.631010e-01 1.173079e+03 1.179978e+03 
2.681414e-01 1.142714e+03 1.137976e+03 
2.731818e-01 1.108627e+03 1.098047e+03 
2.782222e-01 1.070727e+03 1.060062e+03 
2.832626e-01 1.030097e+03 1.023901e+03 
2.883030e-01 9.884348e+02 9.894518e+02 
2.933434e-01 9.475445e+02 9.566125e+02 
2.983838e-01 9.091752e+02 9.252871e+02 
3.034242e-01 8.747443e+02 8.953870e+02 
3.084646e-01 8.449324e+02 8.668297e+02 
3.135051e-01 8.195500e+02 8.395386e+02 
3.185455e-01 7.977152e+02 8.134421e+02 
3.235859e-01 7.782756e+02 7.884739e+02 
3.286263e-01 7.600549e+02 7.645717e+02 
3.336667e-01 7.420127e+02 7.416776e+02 
3.387071e-01 7.233221e+02 7.197375e+02 
3.437475e-01 7.035623e+02 6.987008e+02 
3.487879e-01 6.827897e+02 6.785201e+02 
3.538283e-01 6.614876e+02 6.591509e+02 
3.588687e-01 6.403303e+02 6.405517e+02 
3.639091e-01 6.199291e+02 6.226835e+02 
3.689495e-01 6.007718e+02 6.055096e+02 
3.739899e-01 5.831711e+02 5.889956e+02 
3.790303e-01 5.672459e+02 5.731092e+02 
3.840707e-01 5.529046e+02 5.578199e+02 
3.891111e-01 5.398330e+02 5.430991e+02 
3.941515e-01 5.276042e+02 5.289199e+02 
3.991919e-01 5.158000e+02 5.152567e+02 
4.042323e-01 5.041059e+02 5.020856e+02 
4.092727e-01 4.923121e+02 4.893840e+02 
4.143131e-01 4.803391e+02 4.771305e+02 
4.193535e-01 4.682183e+02 4.653048e+02 
4.243939e-01 4.561135e+02 4.538880e+02 
4.294343e-01 4.442312e+02 4.428620e+02 
4.344747e-01 4.327919e+02 4.322096e+02 
4.395152e-01 4.219264e+02 4.219147e+02 
4.445556e-01 4.117110e+02 4.119619e+02 
4.495960e-01 4.021606e+02 4.023367e+02 
4.546364e-01 3.932233e+02 3.930254e+02 
4.596768e-01 3.847918e+02 3.840148e+02 
4.647172e-01 3.767197e+02 3.752925e+02 
4.697576e-01 3.688777e+02 3.668467e+02 
4.747980e-01 3.611503e+02 3.586662e+02 
4.798384e-01 3.534857e+02 3.507403e+02 
4.848788e-01 3.458684e+02 3.430590e+02 
4.899192e-01 3.383097e+02 3.356125e+02 
4.949596e-01 3.308603e+02 3.283916e+02 
5.000000e-01 3.235746e+02 3.213876e+02 
