1.000000e-03 2.558145e+03 2.558143e+03 
6.040404e-03 1.144432e+04 1.152805e+04 
1.108081e-02 1.577115e+04 1.581423e+04 
1.612121e-02 1.736290e+04 1.731808e+04 
2.116162e-02 1.732626e+04 1.717977e+04 
2.620202e-02 1.640481e+04 1.628708e+04 
3.124242e-02 1.511463e+04 1.518368e+04 
3.628283e-02 1.378696e+04 1.407739e+04 
4.132323e-02 1.259925e+04 1.302808e+04 
4.636364e-02 1.159832e+04 1.205155e+04 
5.140404e-02 1.079909e+04 1.115089e+04 
5.644444e-02 1.011978e+04 1.032458e+04 
6.148485e-02 9.499867e+03 9.568945e+03 
6.652525e-02 8.902165e+03 8.879244e+03 
7.156566e-02 8.292951e+03 8.250285e+03 
7.660606e-02 7.670139e+03 7.676810e+03 
8.164646e-02 7.057567e+03 7.153732e+03 
8.668687e-02 6.487538e+03 6.676262e+03 
9.172727e-02 5.981821e+03 6.239974e+03 
9.676768e-02 5.548462e+03 5.840830e+03 
1.018081e-01 5.188188e+03 5.475175e+03 
1.068485e-01 4.894133e+03 5.139718e+03 
1.118889e-01 4.649276e+03 4.831507e+03 
1.169293e-01 4.430410e+03 4.547902e+03 
1.219697e-01 4.217561e+03 4.286541e+03 
1.270101e-01 4.000759e+03 4.045315e+03 
1.320505e-01 3.779201e+03 3.822337e+03 
1.370909e-01 3.557196e+03 3.615925e+03 
1.421313e-01 3.341714e+03 3.424569e+03 
1.471717e-01 3.140125e+03 3.246920e+03 
1.522121e-01 2.958105e+03 3.081769e+03 
1.572525e-01 2.798675e+03 2.928028e+03 
1.622929e-01 2.662020e+03 2.784721e+03 
1.673333e-01 2.545089e+03 2.650970e+03 
1.723737e-01 2.441999e+03 2.525983e+03 
1.774141e-01 2.346392e+03 2.409044e+03 
1.824545e-01 2.253562e+03 2.299507e+03 
1.874949e-01 2.161139e+03 2.196787e+03 
1.925354e-01 2.068346e+03 2.100354e+03 
1.975758e-01 1.975537e+03 2.009725e+03 
2.026162e-01 1.884575e+03 1.924464e+03 
2.076566e-01 1.798128e+03 1.844171e+03 
2.126970e-01 1.718393e+03 1.768483e+03 
2.177374e-01 1.646103e+03 1.697068e+03 
2.227778e-01 1.580883e+03 1.629622e+03 
2.278182e-01 1.521889e+03 1.565868e+03 
2.328586e-01 1.467990e+03 1.505552e+03 
2.378990e-01 1.417694e+03 1.448439e+03 
2.429394e-01 1.369430e+03 1.394315e+03 
2.479798e-01 1.322193e+03 1.342983e+03 
2.530202e-01 1.275704e+03 1.294261e+03 
2.580606e-01 1.230082e+03 1.247981e+03 
2.631010e-01 1.185596e+03 1.203988e+03 
2.681414e-01 1.142699e+03 1.162140e+03 
2.731818e-01 1.102004e+03 1.122304e+03 
2.782222e-01 1.063966e+03 1.084358e+03 
2.832626e-01 1.028633e+03 1.048188e+03 
2.883030e-01 9.956718e+02 1.013688e+03 
2.933434e-01 9.646873e+02 9.807623e+02 
2.983838e-01 9.353329e+02 9.493183e+02 
3.034242e-01 9.072907e+02 9.192717e+02 
3.084646e-01 8.802511e+02 8.905438e+02 
3.135051e-01 8.539463e+02 8.630611e+02 
3.185455e-01 8.282823e+02 8.367551e+02 
3.235859e-01 8.033540e+02 8.115617e+02 
3.286263e-01 7.793145e+02 7.874213e+02 
3.336667e-01 7.562604e+02 7.642779e+02 
3.387071e-01 7.342317e+02 7.420790e+02 
3.437475e-01 7.132411e+02 7.207758e+02 
3.487879e-01 6.932744e+02 7.003223e+02 
3.538283e-01 6.742945e+02 6.806753e+02 
3.588687e-01 6.561701e+02 6.617943e+02 
3.639091e-01 6.387505e+02 6.436414e+02 
3.689495e-01 6.219149e+02 6.261808e+02 
3.739899e-01 6.056067e+02 6.093789e+02 
3.790303e-01 5.898199e+02 5.932041e+02 
3.840707e-01 5.745444e+02 5.776264e+02 
3.891111e-01 5.597520e+02 5.626179e+02 
3.941515e-01 5.454421e+02 5.481521e+02 
3.991919e-01 5.316428e+02 5.342038e+02 
4.042323e-01 5.183710e+02 5.207496e+02 
4.092727e-01 5.056165e+02 5.077670e+02 
4.143131e-01 4.933454e+02 4.952351e+02 
4.193535e-01 4.815144e+02 4.831338e+02 
4.243939e-01 4.700889e+02 4.714443e+02 
4.294343e-01 4.590495e+02 4.601486e+02 
4.344747e-01 4.483658e+02 4.492300e+02 
4.395152e-01 4.380091e+02 4.386722e+02 
4.445556e-01 4.279562e+02 4.284601e+02 
4.495960e-01 4.182012e+02 4.185792e+02 
4.546364e-01 4.087520e+02 4.090159e+02 
4.596768e-01 3.996068e+02 3.997570e+02 
4.647172e-01 3.907531e+02 3.907902e+02 
4.697576e-01 3.821713e+02 3.821037e+02 
4.747980e-01 3.738564e+02 3.736863e+02 
4.798384e-01 3.658092e+02 3.655274e+02 
4.848788e-01 3.580189e+02 3.576169e+02 
4.899192e-01 3.504616e+02 3.499450e+02 
4.949596e-01 3.431172e+02 3.425026e+02 
5.000000e-01 3.359805e+02 3.352808e+02 
