1.000000e-03 4.407104e+03 4.407101e+03 
6.040404e-03 1.939161e+04 1.954442e+04 
1.108081e-02 2.626399e+04 2.646975e+04 
1.612121e-02 2.818117e+04 2.840219e+04 
2.116162e-02 2.708988e+04 2.707107e+04 
2.620202e-02 2.440156e+04 2.420053e+04 
3.124242e-02 2.116593e+04 2.121360e+04 
3.628283e-02 1.808165e+04 1.865702e+04 
4.132323e-02 1.552143e+04 1.655874e+04 
4.636364e-02 1.358395e+04 1.482190e+04 
5.140404e-02 1.225162e+04 1.335732e+04 
5.644444e-02 1.136287e+04 1.210192e+04 
6.148485e-02 1.074666e+04 1.101238e+04 
6.652525e-02 1.024078e+04 1.005812e+04 
7.156566e-02 9.713704e+03 9.216522e+03 
7.660606e-02 9.089384e+03 8.470201e+03 
8.164646e-02 8.353906e+03 7.805348e+03 
8.668687e-02 7.547684e+03 7.210734e+03 
9.172727e-02 6.736524e+03 6.677073e+03 
9.676768e-02 5.987664e+03 6.196584e+03 
1.018081e-01 5.354147e+03 5.762691e+03 
1.068485e-01 4.864691e+03 5.369790e+03 
1.118889e-01 4.517811e+03 5.013081e+03 
1.169293e-01 4.288271e+03 4.688431e+03 
1.219697e-01 4.138218e+03 4.392267e+03 
1.270101e-01 4.027344e+03 4.121483e+03 
1.320505e-01 3.917997e+03 3.873378e+03 
1.370909e-01 3.781226e+03 3.645587e+03 
1.421313e-01 3.602571e+03 3.436039e+03 
1.471717e-01 3.383966e+03 3.242913e+03 
1.522121e-01 3.139177e+03 3.064602e+03 
1.572525e-01 2.888224e+03 2.899685e+03 
1.622929e-01 2.652099e+03 2.746905e+03 
1.673333e-01 2.448472e+03 2.605144e+03 
1.723737e-01 2.287152e+03 2.473404e+03 
1.774141e-01 2.168408e+03 2.350799e+03 
1.824545e-01 2.085456e+03 2.236533e+03 
1.874949e-01 2.027803e+03 2.129894e+03 
1.925354e-01 1.983671e+03 2.030241e+03 
1.975758e-01 1.941018e+03 1.937000e+03 
2.026162e-01 1.889739e+03 1.849650e+03 
2.076566e-01 1.823976e+03 1.767723e+03 
2.126970e-01 1.743423e+03 1.690794e+03 
2.177374e-01 1.652132e+03 1.618480e+03 
2.227778e-01 1.556526e+03 1.550430e+03 
2.278182e-01 1.463563e+03 1.486327e+03 
2.328586e-01 1.379230e+03 1.425882e+03 
2.378990e-01 1.307617e+03 1.368832e+03 
2.429394e-01 1.250260e+03 1.314934e+03 
2.479798e-01 1.206303e+03 1.263969e+03 
2.530202e-01 1.172968e+03 1.215736e+03 
2.580606e-01 1.146229e+03 1.170047e+03 
2.631010e-01 1.121687e+03 1.126734e+03 
2.681414e-01 1.095588e+03 1.085640e+03 
2.731818e-01 1.065558e+03 1.046621e+03 
2.782222e-01 1.030793e+03 1.009544e+03 
2.832626e-01 9.918656e+02 9.742856e+02 
2.883030e-01 9.503550e+02 9.407338e+02 
2.933434e-01 9.085223e+02 9.087834e+02 
2.983838e-01 8.686867e+02 8.783372e+02 
3.034242e-01 8.327344e+02 8.493054e+02 
3.084646e-01 8.016383e+02 8.216044e+02 
3.135051e-01 7.755366e+02 7.951568e+02 
3.185455e-01 7.538432e+02 7.698905e+02 
3.235859e-01 7.354570e+02 7.457383e+02 
3.286263e-01 7.189548e+02 7.226378e+02 
3.336667e-01 7.029330e+02 7.005308e+02 
3.387071e-01 6.862682e+02 6.793629e+02 
3.437475e-01 6.683339e+02 6.590833e+02 
3.487879e-01 6.490073e+02 6.396446e+02 
3.538283e-01 6.286034e+02 6.210023e+02 
3.588687e-01 6.077592e+02 6.031150e+02 
3.639091e-01 5.872451e+02 5.859436e+02 
3.689495e-01 5.677926e+02 5.694517e+02 
3.739899e-01 5.499113e+02 5.536051e+02 
3.790303e-01 5.338403e+02 5.383714e+02 
3.840707e-01 5.195794e+02 5.237206e+02 
3.891111e-01 5.068896e+02 5.096242e+02 
3.941515e-01 4.953786e+02 4.960554e+02 
3.991919e-01 4.845499e+02 4.829891e+02 
4.042323e-01 4.739169e+02 4.704015e+02 
4.092727e-01 4.631434e+02 4.582702e+02 
4.143131e-01 4.520794e+02 4.465742e+02 
4.193535e-01 4.407126e+02 4.352934e+02 
4.243939e-01 4.291694e+02 4.244092e+02 
4.294343e-01 4.176350e+02 4.139037e+02 
4.344747e-01 4.063576e+02 4.037601e+02 
4.395152e-01 3.955811e+02 3.939624e+02 
4.445556e-01 3.854765e+02 3.844956e+02 
4.495960e-01 3.761042e+02 3.753455e+02 
4.546364e-01 3.674240e+02 3.664985e+02 
4.596768e-01 3.593478e+02 3.579417e+02 
4.647172e-01 3.517451e+02 3.496631e+02 
4.697576e-01 3.444685e+02 3.416511e+02 
4.747980e-01 3.373456e+02 3.338946e+02 
4.798384e-01 3.302558e+02 3.263833e+02 
4.848788e-01 3.231534e+02 3.191073e+02 
4.899192e-01 3.160429e+02 3.120571e+02 
4.949596e-01 3.089728e+02 3.052239e+02 
5.000000e-01 3.019889e+02 2.985990e+02 
