1.000000e-03 3.177407e+03 3.177405e+03 
6.040404e-03 1.414665e+04 1.425084e+04 
1.108081e-02 1.931944e+04 1.940428e+04 
1.612121e-02 2.099636e+04 2.100969e+04 
2.116162e-02 2.059119e+04 2.046261e+04 
2.620202e-02 1.908602e+04 1.896962e+04 
3.124242e-02 1.717769e+04 1.732024e+04 
3.628283e-02 1.531450e+04 1.578881e+04 
4.132323e-02 1.372822e+04 1.441812e+04 
4.636364e-02 1.247973e+04 1.319543e+04 
5.140404e-02 1.154181e+04 1.210209e+04 
5.644444e-02 1.081269e+04 1.112192e+04 
6.148485e-02 1.018796e+04 1.024148e+04 
6.652525e-02 9.581824e+03 9.449278e+03 
7.156566e-02 8.938521e+03 8.735319e+03 
7.660606e-02 8.246617e+03 8.090807e+03 
8.164646e-02 7.535090e+03 7.507975e+03 
8.668687e-02 6.850145e+03 6.979967e+03 
9.172727e-02 6.231244e+03 6.500734e+03 
9.676768e-02 5.704251e+03 6.064944e+03 
1.018081e-01 5.281556e+03 5.667902e+03 
1.068485e-01 4.958678e+03 5.305472e+03 
1.118889e-01 4.712738e+03 4.974012e+03 
1.169293e-01 4.510833e+03 4.670312e+03 
1.219697e-01 4.322532e+03 4.391539e+03 
1.270101e-01 4.127209e+03 4.135190e+03 
1.320505e-01 3.915053e+03 3.899052e+03 
1.370909e-01 3.686030e+03 3.681164e+03 
1.421313e-01 3.448702e+03 3.479786e+03 
1.471717e-01 3.216012e+03 3.293370e+03 
1.522121e-01 3.000742e+03 3.120538e+03 
1.572525e-01 2.812224e+03 2.960062e+03 
1.622929e-01 2.655113e+03 2.810842e+03 
1.673333e-01 2.528599e+03 2.671895e+03 
1.723737e-01 2.426444e+03 2.542338e+03 
1.774141e-01 2.339551e+03 2.421379e+03 
1.824545e-01 2.259164e+03 2.308304e+03 
1.874949e-01 2.178544e+03 2.202470e+03 
1.925354e-01 2.093482e+03 2.103294e+03 
1.975758e-01 2.002483e+03 2.010253e+03 
2.026162e-01 1.907411e+03 1.922868e+03 
2.076566e-01 1.812318e+03 1.840709e+03 
2.126970e-01 1.721582e+03 1.763381e+03 
2.177374e-01 1.638477e+03 1.690527e+03 
2.227778e-01 1.564887e+03 1.621822e+03 
2.278182e-01 1.501313e+03 1.556966e+03 
2.328586e-01 1.446699e+03 1.495689e+03 
2.378990e-01 1.398769e+03 1.437741e+03 
2.429394e-01 1.354882e+03 1.382893e+03 
2.479798e-01 1.312708e+03 1.330936e+03 
2.530202e-01 1.270509e+03 1.281677e+03 
2.580606e-01 1.227207e+03 1.234940e+03 
2.631010e-01 1.182690e+03 1.190560e+03 
2.681414e-01 1.137836e+03 1.148387e+03 
2.731818e-01 1.094060e+03 1.108283e+03 
2.782222e-01 1.052556e+03 1.070118e+03 
2.832626e-01 1.014011e+03 1.033774e+03 
2.883030e-01 9.787552e+02 9.991406e+02 
2.933434e-01 9.468325e+02 9.661155e+02 
2.983838e-01 9.179126e+02 9.346041e+02 
3.034242e-01 8.912728e+02 9.045183e+02 
3.084646e-01 8.660163e+02 8.757761e+02 
3.135051e-01 8.414299e+02 8.483014e+02 
3.185455e-01 8.171065e+02 8.220232e+02 
3.235859e-01 7.929287e+02 7.968752e+02 
3.286263e-01 7.689042e+02 7.727956e+02 
3.336667e-01 7.452068e+02 7.497267e+02 
3.387071e-01 7.221649e+02 7.276146e+02 
3.437475e-01 7.001496e+02 7.064087e+02 
3.487879e-01 6.794153e+02 6.860618e+02 
3.538283e-01 6.600039e+02 6.665295e+02 
3.588687e-01 6.418130e+02 6.477705e+02 
3.639091e-01 6.246897e+02 6.297456e+02 
3.689495e-01 6.084444e+02 6.124183e+02 
3.739899e-01 5.928765e+02 5.957542e+02 
3.790303e-01 5.777622e+02 5.797209e+02 
3.840707e-01 5.629561e+02 5.642880e+02 
3.891111e-01 5.484226e+02 5.494268e+02 
3.941515e-01 5.341834e+02 5.351104e+02 
3.991919e-01 5.203016e+02 5.213133e+02 
4.042323e-01 5.068374e+02 5.080114e+02 
4.092727e-01 4.938679e+02 4.951820e+02 
4.143131e-01 4.814584e+02 4.828038e+02 
4.193535e-01 4.696206e+02 4.708565e+02 
4.243939e-01 4.583221e+02 4.593210e+02 
4.294343e-01 4.474938e+02 4.481791e+02 
4.344747e-01 4.370749e+02 4.374137e+02 
4.395152e-01 4.270179e+02 4.270085e+02 
4.445556e-01 4.172610e+02 4.169482e+02 
4.495960e-01 4.077530e+02 4.072182e+02 
4.546364e-01 3.984676e+02 3.978045e+02 
4.596768e-01 3.894179e+02 3.886941e+02 
4.647172e-01 3.806144e+02 3.798745e+02 
4.697576e-01 3.720728e+02 3.713338e+02 
4.747980e-01 3.638025e+02 3.630608e+02 
4.798384e-01 3.558034e+02 3.550447e+02 
4.848788e-01 3.480862e+02 3.472753e+02 
4.899192e-01 3.406404e+02 3.397429e+02 
4.949596e-01 3.334509e+02 3.324383e+02 
5.000000e-01 3.264847e+02 3.253527e+02 
