1.000000e-03 5.813347e+03 5.813342e+03 
6.040404e-03 2.532297e+04 2.552750e+04 
1.108081e-02 3.394736e+04 3.428151e+04 
1.612121e-02 3.593984e+04 3.637671e+04 
2.116162e-02 3.392108e+04 3.400216e+04 
2.620202e-02 2.982686e+04 2.951481e+04 
3.124242e-02 2.511225e+04 2.502983e+04 
3.628283e-02 2.073887e+04 2.136625e+04 
4.132323e-02 1.719956e+04 1.851054e+04 
4.636364e-02 1.460341e+04 1.625730e+04 
5.140404e-02 1.289809e+04 1.443212e+04 
5.644444e-02 1.184824e+04 1.291731e+04 
6.148485e-02 1.121595e+04 1.163598e+04 
6.652525e-02 1.077002e+04 1.053665e+04 
7.156566e-02 1.032365e+04 9.583330e+03 
7.660606e-02 9.750213e+03 8.749721e+03 
8.164646e-02 9.001663e+03 8.015905e+03 
8.668687e-02 8.110007e+03 7.366332e+03 
9.172727e-02 7.159148e+03 6.788573e+03 
9.676768e-02 6.247729e+03 6.272520e+03 
1.018081e-01 5.459530e+03 5.809836e+03 
1.068485e-01 4.844078e+03 5.393569e+03 
1.118889e-01 4.411559e+03 5.017870e+03 
1.169293e-01 4.141017e+03 4.677782e+03 
1.219697e-01 3.993210e+03 4.369078e+03 
1.270101e-01 3.919509e+03 4.088132e+03 
1.320505e-01 3.868495e+03 3.831819e+03 
1.370909e-01 3.794850e+03 3.597436e+03 
1.421313e-01 3.668727e+03 3.382633e+03 
1.471717e-01 3.480098e+03 3.185362e+03 
1.522121e-01 3.236903e+03 3.003828e+03 
1.572525e-01 2.960957e+03 2.836457e+03 
1.622929e-01 2.682182e+03 2.681863e+03 
1.673333e-01 2.429791e+03 2.538822e+03 
1.723737e-01 2.223512e+03 2.406247e+03 
1.774141e-01 2.070338e+03 2.283178e+03 
1.824545e-01 1.967539e+03 2.168755e+03 
1.874949e-01 1.906566e+03 2.062216e+03 
1.925354e-01 1.874741e+03 1.962875e+03 
1.975758e-01 1.856049e+03 1.870121e+03 
2.026162e-01 1.834120e+03 1.783401e+03 
2.076566e-01 1.796487e+03 1.702222e+03 
2.126970e-01 1.737176e+03 1.626137e+03 
2.177374e-01 1.656652e+03 1.554741e+03 
2.227778e-01 1.560216e+03 1.487670e+03 
2.278182e-01 1.456408e+03 1.424592e+03 
2.328586e-01 1.355003e+03 1.365208e+03 
2.378990e-01 1.264555e+03 1.309243e+03 
2.429394e-01 1.190531e+03 1.256448e+03 
2.479798e-01 1.134820e+03 1.206596e+03 
2.530202e-01 1.096182e+03 1.159479e+03 
2.580606e-01 1.071029e+03 1.114908e+03 
2.631010e-01 1.054192e+03 1.072707e+03 
2.681414e-01 1.039970e+03 1.032717e+03 
2.731818e-01 1.023263e+03 9.947909e+02 
2.782222e-01 1.000509e+03 9.587938e+02 
2.832626e-01 9.701690e+02 9.246010e+02 
2.883030e-01 9.327025e+02 8.920978e+02 
2.933434e-01 8.902103e+02 8.611781e+02 
2.983838e-01 8.458360e+02 8.317439e+02 
3.034242e-01 8.029643e+02 8.037046e+02 
3.084646e-01 7.644274e+02 7.769761e+02 
3.135051e-01 7.319892e+02 7.514805e+02 
3.185455e-01 7.061739e+02 7.271455e+02 
3.235859e-01 6.864329e+02 7.039040e+02 
3.286263e-01 6.714325e+02 6.816934e+02 
3.336667e-01 6.593466e+02 6.604555e+02 
3.387071e-01 6.481802e+02 6.401362e+02 
3.437475e-01 6.361107e+02 6.206848e+02 
3.487879e-01 6.219159e+02 6.020541e+02 
3.538283e-01 6.051475e+02 5.842001e+02 
3.588687e-01 5.860651e+02 5.670815e+02 
3.639091e-01 5.654434e+02 5.506597e+02 
3.689495e-01 5.443094e+02 5.348986e+02 
3.739899e-01 5.237876e+02 5.197643e+02 
3.790303e-01 5.049040e+02 5.052250e+02 
3.840707e-01 4.883284e+02 4.912509e+02 
3.891111e-01 4.742662e+02 4.778141e+02 
3.941515e-01 4.625056e+02 4.648880e+02 
3.991919e-01 4.525689e+02 4.524481e+02 
4.042323e-01 4.438049e+02 4.404709e+02 
4.092727e-01 4.355080e+02 4.289346e+02 
4.143131e-01 4.270432e+02 4.178183e+02 
4.193535e-01 4.179588e+02 4.071027e+02 
4.243939e-01 4.080702e+02 3.967692e+02 
4.294343e-01 3.974488e+02 3.868005e+02 
4.344747e-01 3.863371e+02 3.771801e+02 
4.395152e-01 3.750936e+02 3.678925e+02 
4.445556e-01 3.641253e+02 3.589230e+02 
4.495960e-01 3.537942e+02 3.502577e+02 
4.546364e-01 3.443486e+02 3.418833e+02 
4.596768e-01 3.358746e+02 3.337875e+02 
4.647172e-01 3.283257e+02 3.259584e+02 
4.697576e-01 3.215431e+02 3.183848e+02 
4.747980e-01 3.153047e+02 3.110560e+02 
4.798384e-01 3.093530e+02 3.039619e+02 
4.848788e-01 3.034401e+02 2.970929e+02 
4.899192e-01 2.973964e+02 2.904399e+02 
4.949596e-01 2.911470e+02 2.839942e+02 
5.000000e-01 2.847029e+02 2.777475e+02 
