1.000000e-03 5.197143e+03 5.197138e+03 
6.040404e-03 2.240108e+04 2.257583e+04 
1.108081e-02 2.978490e+04 3.002047e+04 
1.612121e-02 3.140085e+04 3.163479e+04 
2.116162e-02 2.965784e+04 2.959688e+04 
2.620202e-02 2.625871e+04 2.605115e+04 
3.124242e-02 2.242486e+04 2.259028e+04 
3.628283e-02 1.892635e+04 1.971691e+04 
4.132323e-02 1.613175e+04 1.739434e+04 
4.636364e-02 1.409366e+04 1.548906e+04 
5.140404e-02 1.274974e+04 1.389334e+04 
5.644444e-02 1.187346e+04 1.253375e+04 
6.148485e-02 1.125567e+04 1.136047e+04 
6.652525e-02 1.070588e+04 1.033838e+04 
7.156566e-02 1.009541e+04 9.441538e+03 
7.660606e-02 9.356752e+03 8.650025e+03 
8.164646e-02 8.497058e+03 7.948063e+03 
8.668687e-02 7.582961e+03 7.322882e+03 
9.172727e-02 6.701186e+03 6.763972e+03 
9.676768e-02 5.927327e+03 6.262582e+03 
1.018081e-01 5.308912e+03 5.811352e+03 
1.068485e-01 4.858968e+03 5.404053e+03 
1.118889e-01 4.559208e+03 5.035373e+03 
1.169293e-01 4.370889e+03 4.700767e+03 
1.219697e-01 4.246229e+03 4.396321e+03 
1.270101e-01 4.137000e+03 4.118654e+03 
1.320505e-01 4.004004e+03 3.864835e+03 
1.370909e-01 3.825501e+03 3.632311e+03 
1.421313e-01 3.599071e+03 3.418855e+03 
1.471717e-01 3.337323e+03 3.222515e+03 
1.522121e-01 3.061528e+03 3.041575e+03 
1.572525e-01 2.797405e+03 2.874524e+03 
1.622929e-01 2.567893e+03 2.720028e+03 
1.673333e-01 2.386282e+03 2.576905e+03 
1.723737e-01 2.253356e+03 2.444104e+03 
1.774141e-01 2.161489e+03 2.320691e+03 
1.824545e-01 2.099391e+03 2.205833e+03 
1.874949e-01 2.053712e+03 2.098785e+03 
1.925354e-01 2.010154e+03 1.998877e+03 
1.975758e-01 1.956165e+03 1.905511e+03 
2.026162e-01 1.885247e+03 1.818147e+03 
2.076566e-01 1.797785e+03 1.736299e+03 
2.126970e-01 1.698909e+03 1.659528e+03 
2.177374e-01 1.595759e+03 1.587436e+03 
2.227778e-01 1.496132e+03 1.519664e+03 
2.278182e-01 1.407017e+03 1.455884e+03 
2.328586e-01 1.332934e+03 1.395799e+03 
2.378990e-01 1.274993e+03 1.339139e+03 
2.429394e-01 1.231357e+03 1.285656e+03 
2.479798e-01 1.198401e+03 1.235126e+03 
2.530202e-01 1.171480e+03 1.187341e+03 
2.580606e-01 1.145732e+03 1.142113e+03 
2.631010e-01 1.117138e+03 1.099269e+03 
2.681414e-01 1.083453e+03 1.058649e+03 
2.731818e-01 1.044496e+03 1.020107e+03 
2.782222e-01 1.001574e+03 9.835085e+02 
2.832626e-01 9.568822e+02 9.487285e+02 
2.883030e-01 9.129305e+02 9.156526e+02 
2.933434e-01 8.722018e+02 8.841747e+02 
2.983838e-01 8.364643e+02 8.541969e+02 
3.034242e-01 8.064022e+02 8.256284e+02 
3.084646e-01 7.815848e+02 7.983849e+02 
3.135051e-01 7.608724e+02 7.723883e+02 
3.185455e-01 7.428372e+02 7.475662e+02 
3.235859e-01 7.259192e+02 7.238509e+02 
3.286263e-01 7.087275e+02 7.011798e+02 
3.336667e-01 6.902401e+02 6.794944e+02 
3.387071e-01 6.701329e+02 6.587401e+02 
3.437475e-01 6.487228e+02 6.388660e+02 
3.487879e-01 6.267198e+02 6.198246e+02 
3.538283e-01 6.049115e+02 6.015715e+02 
3.588687e-01 5.840669e+02 5.840651e+02 
3.639091e-01 5.648291e+02 5.672665e+02 
3.689495e-01 5.475840e+02 5.511393e+02 
3.739899e-01 5.323632e+02 5.356492e+02 
3.790303e-01 5.188765e+02 5.207642e+02 
3.840707e-01 5.066585e+02 5.064542e+02 
3.891111e-01 4.951865e+02 4.926907e+02 
3.941515e-01 4.839738e+02 4.794473e+02 
3.991919e-01 4.726322e+02 4.666988e+02 
4.042323e-01 4.609411e+02 4.544217e+02 
4.092727e-01 4.489163e+02 4.425937e+02 
4.143131e-01 4.367337e+02 4.311939e+02 
4.193535e-01 4.246214e+02 4.202025e+02 
4.243939e-01 4.128251e+02 4.096007e+02 
4.294343e-01 4.015847e+02 3.993711e+02 
4.344747e-01 3.910887e+02 3.894968e+02 
4.395152e-01 3.813947e+02 3.799622e+02 
4.445556e-01 3.724394e+02 3.707524e+02 
4.495960e-01 3.640894e+02 3.618531e+02 
4.546364e-01 3.561926e+02 3.532510e+02 
4.596768e-01 3.485928e+02 3.449335e+02 
4.647172e-01 3.411242e+02 3.368885e+02 
4.697576e-01 3.336645e+02 3.291047e+02 
4.747980e-01 3.261857e+02 3.215711e+02 
4.798384e-01 3.187141e+02 3.142775e+02 
4.848788e-01 3.113252e+02 3.072142e+02 
4.899192e-01 3.040779e+02 3.003718e+02 
4.949596e-01 2.970527e+02 2.937415e+02 
5.000000e-01 2.903167e+02 2.873149e+02 
