1.000000e-03 5.875395e+03 5.875390e+03 
6.040404e-03 2.609733e+04 2.631243e+04 
1.108081e-02 3.524670e+04 3.561696e+04 
1.612121e-02 3.747723e+04 3.800050e+04 
2.116162e-02 3.544352e+04 3.560905e+04 
2.620202e-02 3.114636e+04 3.081362e+04 
3.124242e-02 2.612190e+04 2.592290e+04 
3.628283e-02 2.141026e+04 2.192526e+04 
4.132323e-02 1.756291e+04 1.884355e+04 
4.636364e-02 1.472096e+04 1.644795e+04 
5.140404e-02 1.284325e+04 1.453455e+04 
5.644444e-02 1.169917e+04 1.296475e+04 
6.148485e-02 1.104279e+04 1.164880e+04 
6.652525e-02 1.063314e+04 1.052746e+04 
7.156566e-02 1.026675e+04 9.560127e+03 
7.660606e-02 9.792957e+03 8.717670e+03 
8.164646e-02 9.134157e+03 7.978408e+03 
8.668687e-02 8.297914e+03 7.325661e+03 
9.172727e-02 7.356741e+03 6.746266e+03 
9.676768e-02 6.412482e+03 6.229624e+03 
1.018081e-01 5.561236e+03 5.767065e+03 
1.068485e-01 4.869612e+03 5.351408e+03 
1.118889e-01 4.363767e+03 4.976646e+03 
1.169293e-01 4.034972e+03 4.637709e+03 
1.219697e-01 3.851824e+03 4.330289e+03 
1.270101e-01 3.769801e+03 4.050706e+03 
1.320505e-01 3.737951e+03 3.795793e+03 
1.370909e-01 3.705867e+03 3.562818e+03 
1.421313e-01 3.633519e+03 3.349412e+03 
1.471717e-01 3.498452e+03 3.153511e+03 
1.522121e-01 3.296918e+03 2.973312e+03 
1.572525e-01 3.042527e+03 2.807233e+03 
1.622929e-01 2.762445e+03 2.653884e+03 
1.673333e-01 2.489271e+03 2.512039e+03 
1.723737e-01 2.250563e+03 2.380611e+03 
1.774141e-01 2.061684e+03 2.258637e+03 
1.824545e-01 1.926461e+03 2.145261e+03 
1.874949e-01 1.841125e+03 2.039720e+03 
1.925354e-01 1.796444e+03 1.941331e+03 
1.975758e-01 1.778537e+03 1.849482e+03 
2.026162e-01 1.770422e+03 1.763625e+03 
2.076566e-01 1.755873e+03 1.683266e+03 
2.126970e-01 1.723348e+03 1.607960e+03 
2.177374e-01 1.667493e+03 1.537307e+03 
2.227778e-01 1.588932e+03 1.470942e+03 
2.278182e-01 1.493317e+03 1.408536e+03 
2.328586e-01 1.389856e+03 1.349791e+03 
2.378990e-01 1.288959e+03 1.294434e+03 
2.429394e-01 1.199404e+03 1.242218e+03 
2.479798e-01 1.126697e+03 1.192917e+03 
2.530202e-01 1.072829e+03 1.146325e+03 
2.580606e-01 1.036695e+03 1.102254e+03 
2.631010e-01 1.014811e+03 1.060529e+03 
2.681414e-01 1.001975e+03 1.020993e+03 
2.731818e-01 9.923094e+02 9.835003e+02 
2.782222e-01 9.804438e+02 9.479162e+02 
2.832626e-01 9.624217e+02 9.141177e+02 
2.883030e-01 9.362099e+02 8.819907e+02 
2.933434e-01 9.018388e+02 8.514303e+02 
2.983838e-01 8.611677e+02 8.223394e+02 
3.034242e-01 8.174207e+02 7.946281e+02 
3.084646e-01 7.742422e+02 7.682133e+02 
3.135051e-01 7.348180e+02 7.430177e+02 
3.185455e-01 7.013200e+02 7.189698e+02 
3.235859e-01 6.746338e+02 6.960030e+02 
3.286263e-01 6.545952e+02 6.740554e+02 
3.336667e-01 6.401267e+02 6.530695e+02 
3.387071e-01 6.294549e+02 6.329915e+02 
3.437475e-01 6.204615e+02 6.137716e+02 
3.487879e-01 6.110970e+02 5.953628e+02 
3.538283e-01 5.997944e+02 5.777217e+02 
3.588687e-01 5.857468e+02 5.608074e+02 
3.639091e-01 5.688670e+02 5.445817e+02 
3.689495e-01 5.496679e+02 5.290089e+02 
3.739899e-01 5.291297e+02 5.140554e+02 
3.790303e-01 5.084923e+02 4.996900e+02 
3.840707e-01 4.890028e+02 4.858830e+02 
3.891111e-01 4.715823e+02 4.726068e+02 
3.941515e-01 4.567014e+02 4.598354e+02 
3.991919e-01 4.444194e+02 4.475442e+02 
4.042323e-01 4.344226e+02 4.357102e+02 
4.092727e-01 4.261434e+02 4.243116e+02 
4.143131e-01 4.188374e+02 4.133281e+02 
4.193535e-01 4.117244e+02 4.027404e+02 
4.243939e-01 4.041816e+02 3.925302e+02 
4.294343e-01 3.958123e+02 3.826803e+02 
4.344747e-01 3.864888e+02 3.731745e+02 
4.395152e-01 3.763037e+02 3.639974e+02 
4.445556e-01 3.655558e+02 3.551345e+02 
4.495960e-01 3.546807e+02 3.465721e+02 
4.546364e-01 3.441282e+02 3.382972e+02 
4.596768e-01 3.342803e+02 3.302973e+02 
4.647172e-01 3.253734e+02 3.225609e+02 
4.697576e-01 3.174935e+02 3.150768e+02 
4.747980e-01 3.105951e+02 3.078346e+02 
4.798384e-01 3.045090e+02 3.008241e+02 
4.848788e-01 2.989687e+02 2.940361e+02 
4.899192e-01 2.936857e+02 2.874613e+02 
4.949596e-01 2.883978e+02 2.810913e+02 
5.000000e-01 2.829272e+02 2.749178e+02 
