1.000000e-03 5.966891e+03 5.966886e+03 
6.040404e-03 2.650095e+04 2.649279e+04 
1.108081e-02 3.579054e+04 3.581157e+04 
1.612121e-02 3.805465e+04 3.919075e+04 
2.116162e-02 3.598903e+04 3.953283e+04 
2.620202e-02 3.162534e+04 3.838266e+04 
3.124242e-02 2.652333e+04 3.653406e+04 
3.628283e-02 2.173910e+04 3.439486e+04 
4.132323e-02 1.783252e+04 3.218104e+04 
4.636364e-02 1.494684e+04 3.000773e+04 
5.140404e-02 1.304024e+04 2.793443e+04 
5.644444e-02 1.187854e+04 2.598929e+04 
6.148485e-02 1.121204e+04 2.418261e+04 
6.652525e-02 1.079607e+04 2.251471e+04 
7.156566e-02 1.042402e+04 2.098045e+04 
7.660606e-02 9.942929e+03 1.957189e+04 
8.164646e-02 9.274005e+03 1.827989e+04 
8.668687e-02 8.424929e+03 1.709498e+04 
9.172727e-02 7.469325e+03 1.600790e+04 
9.676768e-02 6.510596e+03 1.500986e+04 
1.018081e-01 5.646308e+03 1.409272e+04 
1.068485e-01 4.944090e+03 1.324896e+04 
1.118889e-01 4.430496e+03 1.247179e+04 
1.169293e-01 4.096663e+03 1.175501e+04 
1.219697e-01 3.910705e+03 1.109305e+04 
1.270101e-01 3.827419e+03 1.048089e+04 
1.320505e-01 3.795073e+03 9.914019e+03 
1.370909e-01 3.762491e+03 9.388367e+03 
1.421313e-01 3.689029e+03 8.900284e+03 
1.471717e-01 3.551892e+03 8.446486e+03 
1.522121e-01 3.347273e+03 8.024018e+03 
1.572525e-01 3.088990e+03 7.630215e+03 
1.622929e-01 2.804627e+03 7.262676e+03 
1.673333e-01 2.527276e+03 6.919233e+03 
1.723737e-01 2.284920e+03 6.597928e+03 
1.774141e-01 2.093154e+03 6.296986e+03 
1.824545e-01 1.955864e+03 6.014801e+03 
1.874949e-01 1.869222e+03 5.749916e+03 
1.925354e-01 1.823856e+03 5.501006e+03 
1.975758e-01 1.805674e+03 5.266867e+03 
2.026162e-01 1.797432e+03 5.046401e+03 
2.076566e-01 1.782658e+03 4.838608e+03 
2.126970e-01 1.749635e+03 4.642574e+03 
2.177374e-01 1.692925e+03 4.457464e+03 
2.227778e-01 1.613164e+03 4.282512e+03 
2.278182e-01 1.516089e+03 4.117017e+03 
2.328586e-01 1.411048e+03 3.960336e+03 
2.378990e-01 1.308611e+03 3.811878e+03 
2.429394e-01 1.217690e+03 3.671098e+03 
2.479798e-01 1.143873e+03 3.537495e+03 
2.530202e-01 1.089182e+03 3.410608e+03 
2.580606e-01 1.052496e+03 3.290010e+03 
2.631010e-01 1.030278e+03 3.175307e+03 
2.681414e-01 1.017244e+03 3.066136e+03 
2.731818e-01 1.007431e+03 2.962158e+03 
2.782222e-01 9.953832e+02 2.863061e+03 
2.832626e-01 9.770855e+02 2.768554e+03 
2.883030e-01 9.504734e+02 2.678369e+03 
2.933434e-01 9.155777e+02 2.592255e+03 
2.983838e-01 8.742861e+02 2.509979e+03 
3.034242e-01 8.298719e+02 2.431324e+03 
3.084646e-01 7.860349e+02 2.356088e+03 
3.135051e-01 7.460095e+02 2.284082e+03 
3.185455e-01 7.120006e+02 2.215130e+03 
3.235859e-01 6.849074e+02 2.149068e+03 
3.286263e-01 6.645631e+02 2.085742e+03 
3.336667e-01 6.498737e+02 2.025007e+03 
3.387071e-01 6.390388e+02 1.966730e+03 
3.437475e-01 6.299079e+02 1.910783e+03 
3.487879e-01 6.204004e+02 1.857048e+03 
3.538283e-01 6.089252e+02 1.805413e+03 
3.588687e-01 5.946632e+02 1.755776e+03 
3.639091e-01 5.775260e+02 1.708036e+03 
3.689495e-01 5.580342e+02 1.662101e+03 
3.739899e-01 5.371829e+02 1.617886e+03 
3.790303e-01 5.162310e+02 1.575307e+03 
3.840707e-01 4.964446e+02 1.534287e+03 
3.891111e-01 4.787585e+02 1.494755e+03 
3.941515e-01 4.636509e+02 1.456640e+03 
3.991919e-01 4.511816e+02 1.419879e+03 
4.042323e-01 4.410324e+02 1.384410e+03 
4.092727e-01 4.326270e+02 1.350174e+03 
4.143131e-01 4.252095e+02 1.317118e+03 
4.193535e-01 4.179880e+02 1.285190e+03 
4.243939e-01 4.103302e+02 1.254339e+03 
4.294343e-01 4.018332e+02 1.224521e+03 
4.344747e-01 3.923676e+02 1.195691e+03 
4.395152e-01 3.820273e+02 1.167806e+03 
4.445556e-01 3.711157e+02 1.140829e+03 
4.495960e-01 3.600750e+02 1.114719e+03 
4.546364e-01 3.493618e+02 1.089443e+03 
4.596768e-01 3.393639e+02 1.064966e+03 
4.647172e-01 3.303213e+02 1.041256e+03 
4.697576e-01 3.223214e+02 1.018282e+03 
4.747980e-01 3.153179e+02 9.960155e+02 
4.798384e-01 3.091391e+02 9.744277e+02 
4.848788e-01 3.035144e+02 9.534925e+02 
4.899192e-01 2.981508e+02 9.331848e+02 
4.949596e-01 2.927824e+02 9.134804e+02 
5.000000e-01 2.872284e+02 8.943566e+02 
