1.000000e-03 2.605503e+03 2.605501e+03 
6.040404e-03 1.144033e+04 1.152201e+04 
1.108081e-02 1.556959e+04 1.557671e+04 
1.612121e-02 1.704395e+04 1.692576e+04 
2.116162e-02 1.702273e+04 1.681636e+04 
2.620202e-02 1.622196e+04 1.606342e+04 
3.124242e-02 1.510058e+04 1.509172e+04 
3.628283e-02 1.393101e+04 1.407124e+04 
4.132323e-02 1.284948e+04 1.306988e+04 
4.636364e-02 1.188635e+04 1.211762e+04 
5.140404e-02 1.105894e+04 1.122770e+04 
5.644444e-02 1.029650e+04 1.040463e+04 
6.148485e-02 9.582969e+03 9.648181e+03 
6.652525e-02 8.897134e+03 8.955552e+03 
7.156566e-02 8.234686e+03 8.322634e+03 
7.660606e-02 7.605866e+03 7.744784e+03 
8.164646e-02 7.030210e+03 7.217257e+03 
8.668687e-02 6.520085e+03 6.735452e+03 
9.172727e-02 6.073923e+03 6.295042e+03 
9.676768e-02 5.685666e+03 5.892034e+03 
1.018081e-01 5.348050e+03 5.522790e+03 
1.068485e-01 5.049104e+03 5.184017e+03 
1.118889e-01 4.772312e+03 4.872755e+03 
1.169293e-01 4.505598e+03 4.586344e+03 
1.219697e-01 4.246176e+03 4.322408e+03 
1.270101e-01 3.996669e+03 4.078817e+03 
1.320505e-01 3.761237e+03 3.853669e+03 
1.370909e-01 3.543563e+03 3.645262e+03 
1.421313e-01 3.346042e+03 3.452073e+03 
1.471717e-01 3.168678e+03 3.272736e+03 
1.522121e-01 3.009496e+03 3.106029e+03 
1.572525e-01 2.865645e+03 2.950854e+03 
1.622929e-01 2.734011e+03 2.806222e+03 
1.673333e-01 2.610928e+03 2.671246e+03 
1.723737e-01 2.493293e+03 2.545124e+03 
1.774141e-01 2.379907e+03 2.427133e+03 
1.824545e-01 2.271093e+03 2.316620e+03 
1.874949e-01 2.167551e+03 2.212993e+03 
1.925354e-01 2.069822e+03 2.115716e+03 
1.975758e-01 1.978523e+03 2.024301e+03 
2.026162e-01 1.893983e+03 1.938306e+03 
2.076566e-01 1.815896e+03 1.857328e+03 
2.126970e-01 1.743372e+03 1.781000e+03 
2.177374e-01 1.675389e+03 1.708986e+03 
2.227778e-01 1.611217e+03 1.640979e+03 
2.278182e-01 1.550157e+03 1.576699e+03 
2.328586e-01 1.491704e+03 1.515888e+03 
2.378990e-01 1.435735e+03 1.458311e+03 
2.429394e-01 1.382343e+03 1.403751e+03 
2.479798e-01 1.331604e+03 1.352008e+03 
2.530202e-01 1.283400e+03 1.302898e+03 
2.580606e-01 1.237655e+03 1.256253e+03 
2.631010e-01 1.194444e+03 1.211916e+03 
2.681414e-01 1.153699e+03 1.169742e+03 
2.731818e-01 1.115089e+03 1.129598e+03 
2.782222e-01 1.078259e+03 1.091361e+03 
2.832626e-01 1.043013e+03 1.054915e+03 
2.883030e-01 1.009306e+03 1.020155e+03 
2.933434e-01 9.770874e+02 9.869807e+02 
2.983838e-01 9.462104e+02 9.553015e+02 
3.034242e-01 9.165775e+02 9.250316e+02 
3.084646e-01 8.881987e+02 8.960914e+02 
3.135051e-01 8.611125e+02 8.684069e+02 
3.185455e-01 8.352497e+02 8.419089e+02 
3.235859e-01 8.104803e+02 8.165327e+02 
3.286263e-01 7.867278e+02 7.922181e+02 
3.336667e-01 7.639682e+02 7.689086e+02 
3.387071e-01 7.421665e+02 7.465514e+02 
3.437475e-01 7.212316e+02 7.250970e+02 
3.487879e-01 7.010684e+02 7.044991e+02 
3.538283e-01 6.816525e+02 6.847141e+02 
3.588687e-01 6.629867e+02 6.657014e+02 
3.639091e-01 6.450464e+02 6.474223e+02 
3.689495e-01 6.277818e+02 6.298411e+02 
3.739899e-01 6.111521e+02 6.129236e+02 
3.790303e-01 5.951392e+02 5.966381e+02 
3.840707e-01 5.797273e+02 5.809544e+02 
3.891111e-01 5.648848e+02 5.658442e+02 
3.941515e-01 5.505676e+02 5.512808e+02 
3.991919e-01 5.367411e+02 5.372389e+02 
4.042323e-01 5.233967e+02 5.236948e+02 
4.092727e-01 5.105254e+02 5.106259e+02 
4.143131e-01 4.980975e+02 4.980110e+02 
4.193535e-01 4.860740e+02 4.858300e+02 
4.243939e-01 4.744465e+02 4.740638e+02 
4.294343e-01 4.632210e+02 4.626944e+02 
4.344747e-01 4.523778e+02 4.517048e+02 
4.395152e-01 4.418807e+02 4.410786e+02 
4.445556e-01 4.317180e+02 4.308007e+02 
4.495960e-01 4.218809e+02 4.208564e+02 
4.546364e-01 4.123656e+02 4.112319e+02 
4.596768e-01 4.031524e+02 4.019140e+02 
4.647172e-01 3.942155e+02 3.928904e+02 
4.697576e-01 3.855517e+02 3.841490e+02 
4.747980e-01 3.771569e+02 3.756787e+02 
4.798384e-01 3.690254e+02 3.674687e+02 
4.848788e-01 3.611378e+02 3.595088e+02 
4.899192e-01 3.534744e+02 3.517892e+02 
4.949596e-01 3.460368e+02 3.443007e+02 
5.000000e-01 3.388249e+02 3.370344e+02 
