1.000000e-03 3.264575e+03 3.264572e+03 
6.040404e-03 1.428572e+04 1.438582e+04 
1.108081e-02 1.923809e+04 1.928229e+04 
1.612121e-02 2.071917e+04 2.064803e+04 
2.116162e-02 2.023925e+04 2.005195e+04 
2.620202e-02 1.878453e+04 1.868018e+04 
3.124242e-02 1.701222e+04 1.717689e+04 
3.628283e-02 1.531481e+04 1.574701e+04 
4.132323e-02 1.387243e+04 1.443328e+04 
4.636364e-02 1.271194e+04 1.323852e+04 
5.140404e-02 1.180420e+04 1.215656e+04 
5.644444e-02 1.102670e+04 1.117895e+04 
6.148485e-02 1.030599e+04 1.029657e+04 
6.652525e-02 9.583999e+03 9.500303e+03 
7.156566e-02 8.842715e+03 8.781447e+03 
7.660606e-02 8.098481e+03 8.131880e+03 
8.164646e-02 7.389743e+03 7.544185e+03 
8.668687e-02 6.751756e+03 7.011668e+03 
9.172727e-02 6.204862e+03 6.528345e+03 
9.676768e-02 5.756330e+03 6.088894e+03 
1.018081e-01 5.398758e+03 5.688602e+03 
1.068485e-01 5.109484e+03 5.323303e+03 
1.118889e-01 4.857483e+03 4.989318e+03 
1.169293e-01 4.616386e+03 4.683402e+03 
1.219697e-01 4.371184e+03 4.402684e+03 
1.270101e-01 4.117709e+03 4.144632e+03 
1.320505e-01 3.860229e+03 3.907002e+03 
1.370909e-01 3.608980e+03 3.687807e+03 
1.421313e-01 3.375215e+03 3.485284e+03 
1.471717e-01 3.166432e+03 3.297864e+03 
1.522121e-01 2.985831e+03 3.124153e+03 
1.572525e-01 2.833367e+03 2.962906e+03 
1.622929e-01 2.705009e+03 2.813011e+03 
1.673333e-01 2.592834e+03 2.673471e+03 
1.723737e-01 2.488135e+03 2.543396e+03 
1.774141e-01 2.385052e+03 2.421982e+03 
1.824545e-01 2.281170e+03 2.308509e+03 
1.874949e-01 2.176241e+03 2.202326e+03 
1.925354e-01 2.071549e+03 2.102846e+03 
1.975758e-01 1.969965e+03 2.009539e+03 
2.026162e-01 1.874856e+03 1.921922e+03 
2.076566e-01 1.788463e+03 1.839561e+03 
2.126970e-01 1.711333e+03 1.762058e+03 
2.177374e-01 1.642557e+03 1.689053e+03 
2.227778e-01 1.580627e+03 1.620216e+03 
2.278182e-01 1.523618e+03 1.555248e+03 
2.328586e-01 1.469599e+03 1.493874e+03 
2.378990e-01 1.417157e+03 1.435844e+03 
2.429394e-01 1.365471e+03 1.380928e+03 
2.479798e-01 1.314305e+03 1.328913e+03 
2.530202e-01 1.264091e+03 1.279607e+03 
2.580606e-01 1.215712e+03 1.232831e+03 
2.631010e-01 1.169994e+03 1.188420e+03 
2.681414e-01 1.127375e+03 1.146224e+03 
2.731818e-01 1.087831e+03 1.106102e+03 
2.782222e-01 1.051149e+03 1.067925e+03 
2.832626e-01 1.017001e+03 1.031574e+03 
2.883030e-01 9.848461e+02 9.969376e+02 
2.933434e-01 9.540911e+02 9.639136e+02 
2.983838e-01 9.243204e+02 9.324065e+02 
3.034242e-01 8.953587e+02 9.023280e+02 
3.084646e-01 8.671931e+02 8.735958e+02 
3.135051e-01 8.398743e+02 8.461334e+02 
3.185455e-01 8.135106e+02 8.198694e+02 
3.235859e-01 7.882810e+02 7.947373e+02 
3.286263e-01 7.643227e+02 7.706752e+02 
3.336667e-01 7.416337e+02 7.476251e+02 
3.387071e-01 7.201249e+02 7.255328e+02 
3.437475e-01 6.996715e+02 7.043478e+02 
3.487879e-01 6.801322e+02 6.840226e+02 
3.538283e-01 6.613562e+02 6.645127e+02 
3.588687e-01 6.432136e+02 6.457766e+02 
3.639091e-01 6.256437e+02 6.277751e+02 
3.689495e-01 6.086348e+02 6.104716e+02 
3.739899e-01 5.921937e+02 5.938315e+02 
3.790303e-01 5.763138e+02 5.778225e+02 
3.840707e-01 5.609988e+02 5.624140e+02 
3.891111e-01 5.462764e+02 5.475774e+02 
3.941515e-01 5.321691e+02 5.332855e+02 
3.991919e-01 5.186455e+02 5.195129e+02 
4.042323e-01 5.056340e+02 5.062354e+02 
4.092727e-01 4.930844e+02 4.934305e+02 
4.143131e-01 4.809717e+02 4.810765e+02 
4.193535e-01 4.692784e+02 4.691533e+02 
4.243939e-01 4.579618e+02 4.576417e+02 
4.294343e-01 4.469785e+02 4.465236e+02 
4.344747e-01 4.363343e+02 4.357817e+02 
4.395152e-01 4.260438e+02 4.253998e+02 
4.445556e-01 4.160963e+02 4.153625e+02 
4.495960e-01 4.064719e+02 4.056552e+02 
4.546364e-01 3.971617e+02 3.962641e+02 
4.596768e-01 3.881631e+02 3.871759e+02 
4.647172e-01 3.794681e+02 3.783782e+02 
4.697576e-01 3.710545e+02 3.698592e+02 
4.747980e-01 3.628932e+02 3.616075e+02 
4.798384e-01 3.549709e+02 3.536124e+02 
4.848788e-01 3.472954e+02 3.458638e+02 
4.899192e-01 3.398526e+02 3.383518e+02 
4.949596e-01 3.326182e+02 3.310673e+02 
5.000000e-01 3.255882e+02 3.240015e+02 
