1.000000e-03 2.221122e+03 2.221120e+03 
6.040404e-03 9.964508e+03 1.003739e+04 
1.108081e-02 1.372719e+04 1.372622e+04 
1.612121e-02 1.521048e+04 1.508666e+04 
2.116162e-02 1.539697e+04 1.519135e+04 
2.620202e-02 1.488509e+04 1.470297e+04 
3.124242e-02 1.405177e+04 1.396615e+04 
3.628283e-02 1.312111e+04 1.313694e+04 
4.132323e-02 1.221000e+04 1.228981e+04 
4.636364e-02 1.135386e+04 1.146298e+04 
5.140404e-02 1.058477e+04 1.067610e+04 
5.644444e-02 9.856865e+03 9.938401e+03 
6.148485e-02 9.173387e+03 9.253173e+03 
6.652525e-02 8.530011e+03 8.620283e+03 
7.156566e-02 7.921815e+03 8.037713e+03 
7.660606e-02 7.355242e+03 7.502472e+03 
8.164646e-02 6.842549e+03 7.011137e+03 
8.668687e-02 6.387089e+03 6.560176e+03 
9.172727e-02 5.981056e+03 6.146135e+03 
9.676768e-02 5.615434e+03 5.765732e+03 
1.018081e-01 5.285201e+03 5.415916e+03 
1.068485e-01 4.984509e+03 5.093882e+03 
1.118889e-01 4.703902e+03 4.797070e+03 
1.169293e-01 4.436432e+03 4.523160e+03 
1.219697e-01 4.181908e+03 4.270056e+03 
1.270101e-01 3.943629e+03 4.035867e+03 
1.320505e-01 3.723916e+03 3.818890e+03 
1.370909e-01 3.523046e+03 3.617593e+03 
1.421313e-01 3.339807e+03 3.430596e+03 
1.471717e-01 3.172074e+03 3.256657e+03 
1.522121e-01 3.017662e+03 3.094659e+03 
1.572525e-01 2.874697e+03 2.943591e+03 
1.622929e-01 2.741212e+03 2.802544e+03 
1.673333e-01 2.615220e+03 2.670695e+03 
1.723737e-01 2.495471e+03 2.547301e+03 
1.774141e-01 2.382075e+03 2.431689e+03 
1.824545e-01 2.275468e+03 2.323246e+03 
1.874949e-01 2.175553e+03 2.221420e+03 
1.925354e-01 2.081813e+03 2.125706e+03 
1.975758e-01 1.994067e+03 2.035646e+03 
2.026162e-01 1.912165e+03 1.950821e+03 
2.076566e-01 1.835533e+03 1.870851e+03 
2.126970e-01 1.763171e+03 1.795386e+03 
2.177374e-01 1.694521e+03 1.724109e+03 
2.227778e-01 1.629386e+03 1.656726e+03 
2.278182e-01 1.567630e+03 1.592972e+03 
2.328586e-01 1.508945e+03 1.532598e+03 
2.378990e-01 1.453155e+03 1.475381e+03 
2.429394e-01 1.400236e+03 1.421111e+03 
2.479798e-01 1.350167e+03 1.369598e+03 
2.530202e-01 1.302685e+03 1.320664e+03 
2.580606e-01 1.257530e+03 1.274146e+03 
2.631010e-01 1.214549e+03 1.229894e+03 
2.681414e-01 1.173682e+03 1.187768e+03 
2.731818e-01 1.134781e+03 1.147639e+03 
2.782222e-01 1.097632e+03 1.109387e+03 
2.832626e-01 1.062075e+03 1.072901e+03 
2.883030e-01 1.028084e+03 1.038077e+03 
2.933434e-01 9.956366e+02 1.004820e+03 
2.983838e-01 9.646521e+02 9.730404e+02 
3.034242e-01 9.350070e+02 9.426547e+02 
3.084646e-01 9.066171e+02 9.135855e+02 
3.135051e-01 8.794309e+02 8.857604e+02 
3.185455e-01 8.534023e+02 8.591117e+02 
3.235859e-01 8.284654e+02 8.335762e+02 
3.286263e-01 8.045241e+02 8.090950e+02 
3.336667e-01 7.815219e+02 7.856126e+02 
3.387071e-01 7.594363e+02 7.630773e+02 
3.437475e-01 7.382400e+02 7.414405e+02 
3.487879e-01 7.178746e+02 7.206567e+02 
3.538283e-01 6.982764e+02 7.006829e+02 
3.588687e-01 6.794033e+02 6.814791e+02 
3.639091e-01 6.612536e+02 6.630075e+02 
3.689495e-01 6.438005e+02 6.452326e+02 
3.739899e-01 6.269936e+02 6.281208e+02 
3.790303e-01 6.107799e+02 6.116406e+02 
3.840707e-01 5.951410e+02 5.957624e+02 
3.891111e-01 5.800677e+02 5.804581e+02 
3.941515e-01 5.655411e+02 5.657013e+02 
3.991919e-01 5.515223e+02 5.514669e+02 
4.042323e-01 5.379756e+02 5.377315e+02 
4.092727e-01 5.248845e+02 5.244727e+02 
4.143131e-01 5.122467e+02 5.116695e+02 
4.193535e-01 5.000473e+02 4.993017e+02 
4.243939e-01 4.882519e+02 4.873506e+02 
4.294343e-01 4.768323e+02 4.757983e+02 
4.344747e-01 4.657836e+02 4.646276e+02 
4.395152e-01 4.551012e+02 4.538226e+02 
4.445556e-01 4.447675e+02 4.433680e+02 
4.495960e-01 4.347573e+02 4.332492e+02 
4.546364e-01 4.250530e+02 4.234525e+02 
4.596768e-01 4.156547e+02 4.139647e+02 
4.647172e-01 4.065546e+02 4.047735e+02 
4.697576e-01 3.977319e+02 3.958669e+02 
4.747980e-01 3.891708e+02 3.872338e+02 
4.798384e-01 3.808648e+02 3.788633e+02 
4.848788e-01 3.728092e+02 3.707453e+02 
4.899192e-01 3.649951e+02 3.628700e+02 
4.949596e-01 3.574108e+02 3.552281e+02 
5.000000e-01 3.500409e+02 3.478109e+02 
