1.000000e-03 3.341492e+03 3.341489e+03 
6.040404e-03 1.477222e+04 1.488053e+04 
1.108081e-02 2.005074e+04 2.013697e+04 
1.612121e-02 2.167120e+04 2.167954e+04 
2.116162e-02 2.114343e+04 2.100484e+04 
2.620202e-02 1.950478e+04 1.939132e+04 
3.124242e-02 1.748373e+04 1.764986e+04 
3.628283e-02 1.553983e+04 1.604893e+04 
4.132323e-02 1.390332e+04 1.462418e+04 
4.636364e-02 1.262708e+04 1.335850e+04 
5.140404e-02 1.167419e+04 1.223057e+04 
5.644444e-02 1.093313e+04 1.122242e+04 
6.148485e-02 1.029271e+04 1.031926e+04 
6.652525e-02 9.663647e+03 9.508555e+03 
7.156566e-02 8.993750e+03 8.779505e+03 
7.660606e-02 8.276233e+03 8.122662e+03 
8.164646e-02 7.544044e+03 7.529744e+03 
8.668687e-02 6.845095e+03 6.993480e+03 
9.172727e-02 6.219382e+03 6.507488e+03 
9.676768e-02 5.692921e+03 6.066168e+03 
1.018081e-01 5.276289e+03 5.664607e+03 
1.068485e-01 4.960676e+03 5.298492e+03 
1.118889e-01 4.719275e+03 4.964036e+03 
1.169293e-01 4.517494e+03 4.657912e+03 
1.219697e-01 4.325426e+03 4.377188e+03 
1.270101e-01 4.123579e+03 4.119284e+03 
1.320505e-01 3.903091e+03 3.881919e+03 
1.370909e-01 3.665957e+03 3.663078e+03 
1.421313e-01 3.422952e+03 3.460974e+03 
1.471717e-01 3.188139e+03 3.274024e+03 
1.522121e-01 2.973992e+03 3.100818e+03 
1.572525e-01 2.788817e+03 2.940099e+03 
1.622929e-01 2.636408e+03 2.790747e+03 
1.673333e-01 2.514569e+03 2.651761e+03 
1.723737e-01 2.415759e+03 2.522241e+03 
1.774141e-01 2.330159e+03 2.401382e+03 
1.824545e-01 2.248958e+03 2.288459e+03 
1.874949e-01 2.165963e+03 2.182819e+03 
1.925354e-01 2.077718e+03 2.083873e+03 
1.975758e-01 1.983740e+03 1.991089e+03 
2.026162e-01 1.886629e+03 1.903984e+03 
2.076566e-01 1.790774e+03 1.822122e+03 
2.126970e-01 1.700592e+03 1.745106e+03 
2.177374e-01 1.619212e+03 1.672573e+03 
2.227778e-01 1.547953e+03 1.604196e+03 
2.278182e-01 1.486720e+03 1.539674e+03 
2.328586e-01 1.433893e+03 1.478733e+03 
2.378990e-01 1.386973e+03 1.421122e+03 
2.429394e-01 1.343379e+03 1.366610e+03 
2.479798e-01 1.300831e+03 1.314989e+03 
2.530202e-01 1.257672e+03 1.266062e+03 
2.580606e-01 1.213182e+03 1.219653e+03 
2.631010e-01 1.167749e+03 1.175598e+03 
2.681414e-01 1.122612e+03 1.133746e+03 
2.731818e-01 1.079106e+03 1.093956e+03 
2.782222e-01 1.038218e+03 1.056100e+03 
2.832626e-01 1.000519e+03 1.020059e+03 
2.883030e-01 9.662841e+02 9.857231e+02 
2.933434e-01 9.353930e+02 9.529891e+02 
2.983838e-01 9.072529e+02 9.217625e+02 
3.034242e-01 8.809715e+02 8.919552e+02 
3.084646e-01 8.557433e+02 8.634853e+02 
3.135051e-01 8.310244e+02 8.362764e+02 
3.185455e-01 8.065165e+02 8.102576e+02 
3.235859e-01 7.821105e+02 7.853629e+02 
3.286263e-01 7.579031e+02 7.615303e+02 
3.336667e-01 7.342108e+02 7.387023e+02 
3.387071e-01 7.114222e+02 7.168250e+02 
3.437475e-01 6.898318e+02 6.958481e+02 
3.487879e-01 6.695583e+02 6.757243e+02 
3.538283e-01 6.505749e+02 6.564095e+02 
3.588687e-01 6.327845e+02 6.378623e+02 
3.639091e-01 6.159971e+02 6.200438e+02 
3.689495e-01 5.999750e+02 6.029176e+02 
3.739899e-01 5.844917e+02 5.864494e+02 
3.790303e-01 5.693847e+02 5.706070e+02 
3.840707e-01 5.545869e+02 5.553600e+02 
3.891111e-01 5.400868e+02 5.406800e+02 
3.941515e-01 5.259087e+02 5.265400e+02 
3.991919e-01 5.121211e+02 5.129147e+02 
4.042323e-01 4.988096e+02 4.997802e+02 
4.092727e-01 4.860651e+02 4.871140e+02 
4.143131e-01 4.739083e+02 4.748947e+02 
4.193535e-01 4.622930e+02 4.631023e+02 
4.243939e-01 4.511772e+02 4.517177e+02 
4.294343e-01 4.405085e+02 4.407228e+02 
4.344747e-01 4.302390e+02 4.301008e+02 
4.395152e-01 4.202961e+02 4.198353e+02 
4.445556e-01 4.106068e+02 4.099112e+02 
4.495960e-01 4.011497e+02 4.003139e+02 
4.546364e-01 3.919414e+02 3.910297e+02 
4.596768e-01 3.829909e+02 3.820455e+02 
4.647172e-01 3.742943e+02 3.733490e+02 
4.697576e-01 3.658555e+02 3.649283e+02 
4.747980e-01 3.576977e+02 3.567724e+02 
4.798384e-01 3.498419e+02 3.488705e+02 
4.848788e-01 3.422653e+02 3.412125e+02 
4.899192e-01 3.349453e+02 3.337889e+02 
4.949596e-01 3.278502e+02 3.265904e+02 
5.000000e-01 3.209684e+02 3.196083e+02 
