1.000000e-03 3.879095e+03 3.879091e+03 
6.040404e-03 1.761547e+04 1.775114e+04 
1.108081e-02 2.404945e+04 2.421539e+04 
1.612121e-02 2.593246e+04 2.607856e+04 
2.116162e-02 2.505199e+04 2.498101e+04 
2.620202e-02 2.271266e+04 2.254679e+04 
3.124242e-02 1.987846e+04 2.000880e+04 
3.628283e-02 1.718188e+04 1.780375e+04 
4.132323e-02 1.495288e+04 1.595351e+04 
4.636364e-02 1.327037e+04 1.438828e+04 
5.140404e-02 1.211021e+04 1.304419e+04 
5.644444e-02 1.131173e+04 1.187543e+04 
6.148485e-02 1.071993e+04 1.084974e+04 
6.652525e-02 1.018458e+04 9.943493e+03 
7.156566e-02 9.601112e+03 9.138617e+03 
7.660606e-02 8.919457e+03 8.420743e+03 
8.164646e-02 8.149320e+03 7.778143e+03 
8.668687e-02 7.343588e+03 7.201058e+03 
9.172727e-02 6.568671e+03 6.681268e+03 
9.676768e-02 5.883082e+03 6.211786e+03 
1.018081e-01 5.326271e+03 5.786629e+03 
1.068485e-01 4.911297e+03 5.400652e+03 
1.118889e-01 4.622917e+03 5.049411e+03 
1.169293e-01 4.427300e+03 4.729050e+03 
1.219697e-01 4.283622e+03 4.436216e+03 
1.270101e-01 4.153461e+03 4.167982e+03 
1.320505e-01 4.005546e+03 3.921788e+03 
1.370909e-01 3.821769e+03 3.695384e+03 
1.421313e-01 3.600534e+03 3.486792e+03 
1.471717e-01 3.353512e+03 3.294268e+03 
1.522121e-01 3.099226e+03 3.116269e+03 
1.572525e-01 2.857432e+03 2.951426e+03 
1.622929e-01 2.645462e+03 2.798523e+03 
1.673333e-01 2.474187e+03 2.656479e+03 
1.723737e-01 2.345207e+03 2.524326e+03 
1.774141e-01 2.251873e+03 2.401203e+03 
1.824545e-01 2.183199e+03 2.286333e+03 
1.874949e-01 2.127458e+03 2.179022e+03 
1.925354e-01 2.073454e+03 2.078644e+03 
1.975758e-01 2.011702e+03 1.984636e+03 
2.026162e-01 1.936910e+03 1.896489e+03 
2.076566e-01 1.849024e+03 1.813742e+03 
2.126970e-01 1.752609e+03 1.735977e+03 
2.177374e-01 1.654233e+03 1.662817e+03 
2.227778e-01 1.560317e+03 1.593917e+03 
2.278182e-01 1.476105e+03 1.528964e+03 
2.328586e-01 1.404787e+03 1.467672e+03 
2.378990e-01 1.347198e+03 1.409779e+03 
2.429394e-01 1.301852e+03 1.355048e+03 
2.479798e-01 1.265572e+03 1.303259e+03 
2.530202e-01 1.234292e+03 1.254213e+03 
2.580606e-01 1.203957e+03 1.207724e+03 
2.631010e-01 1.171413e+03 1.163625e+03 
2.681414e-01 1.135021e+03 1.121760e+03 
2.731818e-01 1.094747e+03 1.081984e+03 
2.782222e-01 1.051730e+03 1.044165e+03 
2.832626e-01 1.007821e+03 1.008182e+03 
2.883030e-01 9.651520e+02 9.739209e+02 
2.933434e-01 9.256191e+02 9.412770e+02 
2.983838e-01 8.905081e+02 9.101533e+02 
3.034242e-01 8.602314e+02 8.804599e+02 
3.084646e-01 8.344088e+02 8.521132e+02 
3.135051e-01 8.121102e+02 8.250354e+02 
3.185455e-01 7.920653e+02 7.991543e+02 
3.235859e-01 7.729535e+02 7.744026e+02 
3.286263e-01 7.536552e+02 7.507175e+02 
3.336667e-01 7.334940e+02 7.280405e+02 
3.387071e-01 7.122818e+02 7.063169e+02 
3.437475e-01 6.902652e+02 6.854957e+02 
3.487879e-01 6.679702e+02 6.655290e+02 
3.538283e-01 6.460827e+02 6.463723e+02 
3.588687e-01 6.252733e+02 6.279835e+02 
3.639091e-01 6.060005e+02 6.103234e+02 
3.689495e-01 5.884658e+02 5.933553e+02 
3.739899e-01 5.726251e+02 5.770444e+02 
3.790303e-01 5.582407e+02 5.613584e+02 
3.840707e-01 5.449726e+02 5.462666e+02 
3.891111e-01 5.323843e+02 5.317404e+02 
3.941515e-01 5.200495e+02 5.177527e+02 
3.991919e-01 5.076789e+02 5.042780e+02 
4.042323e-01 4.951387e+02 4.912922e+02 
4.092727e-01 4.824803e+02 4.787727e+02 
4.143131e-01 4.698341e+02 4.666982e+02 
4.193535e-01 4.573682e+02 4.550483e+02 
4.243939e-01 4.452835e+02 4.438041e+02 
4.294343e-01 4.337560e+02 4.329474e+02 
4.344747e-01 4.229214e+02 4.224613e+02 
4.395152e-01 4.127936e+02 4.123295e+02 
4.445556e-01 4.032994e+02 4.025367e+02 
4.495960e-01 3.943348e+02 3.930684e+02 
4.546364e-01 3.857822e+02 3.839109e+02 
4.596768e-01 3.775132e+02 3.750511e+02 
4.647172e-01 3.694001e+02 3.664767e+02 
4.697576e-01 3.613602e+02 3.581759e+02 
4.747980e-01 3.533700e+02 3.501374e+02 
4.798384e-01 3.454614e+02 3.423508e+02 
4.848788e-01 3.376970e+02 3.348059e+02 
4.899192e-01 3.301137e+02 3.274931e+02 
4.949596e-01 3.227690e+02 3.204032e+02 
5.000000e-01 3.157142e+02 3.135277e+02 
