1.000000e-03 4.847361e+03 4.847357e+03 
6.040404e-03 2.142058e+04 2.158842e+04 
1.108081e-02 2.883806e+04 2.907387e+04 
1.612121e-02 3.068261e+04 3.093454e+04 
2.116162e-02 2.919219e+04 2.915611e+04 
2.620202e-02 2.599348e+04 2.577306e+04 
3.124242e-02 2.228560e+04 2.239057e+04 
3.628283e-02 1.884470e+04 1.956135e+04 
4.132323e-02 1.606069e+04 1.727271e+04 
4.636364e-02 1.401014e+04 1.539699e+04 
5.140404e-02 1.264813e+04 1.382709e+04 
5.644444e-02 1.176427e+04 1.248952e+04 
6.148485e-02 1.116052e+04 1.133462e+04 
6.652525e-02 1.064487e+04 1.032760e+04 
7.156566e-02 1.007985e+04 9.442983e+03 
7.660606e-02 9.389346e+03 8.661271e+03 
8.164646e-02 8.570630e+03 7.967101e+03 
8.668687e-02 7.680820e+03 7.348057e+03 
9.172727e-02 6.802356e+03 6.793931e+03 
9.676768e-02 6.013377e+03 6.296219e+03 
1.018081e-01 5.369210e+03 5.847770e+03 
1.068485e-01 4.891143e+03 5.442521e+03 
1.118889e-01 4.567480e+03 5.075301e+03 
1.169293e-01 4.363960e+03 4.741675e+03 
1.219697e-01 4.235504e+03 4.437822e+03 
1.270101e-01 4.135034e+03 4.160436e+03 
1.320505e-01 4.020559e+03 3.906647e+03 
1.370909e-01 3.864307e+03 3.673952e+03 
1.421313e-01 3.657764e+03 3.460165e+03 
1.471717e-01 3.409437e+03 3.263366e+03 
1.522121e-01 3.138640e+03 3.081868e+03 
1.572525e-01 2.870128e+03 2.914182e+03 
1.622929e-01 2.628296e+03 2.758992e+03 
1.673333e-01 2.430464e+03 2.615132e+03 
1.723737e-01 2.282028e+03 2.481562e+03 
1.774141e-01 2.178321e+03 2.357360e+03 
1.824545e-01 2.109160e+03 2.241699e+03 
1.874949e-01 2.061942e+03 2.133841e+03 
1.925354e-01 2.022526e+03 2.033123e+03 
1.975758e-01 1.977322e+03 1.938951e+03 
2.026162e-01 1.916812e+03 1.850787e+03 
2.076566e-01 1.838289e+03 1.768150e+03 
2.126970e-01 1.744874e+03 1.690602e+03 
2.177374e-01 1.643202e+03 1.617746e+03 
2.227778e-01 1.541101e+03 1.549226e+03 
2.278182e-01 1.446249e+03 1.484714e+03 
2.328586e-01 1.364535e+03 1.423914e+03 
2.378990e-01 1.298920e+03 1.366556e+03 
2.429394e-01 1.249143e+03 1.312393e+03 
2.479798e-01 1.212425e+03 1.261201e+03 
2.530202e-01 1.184413e+03 1.212772e+03 
2.580606e-01 1.160128e+03 1.166918e+03 
2.631010e-01 1.134962e+03 1.123465e+03 
2.681414e-01 1.105585e+03 1.082254e+03 
2.731818e-01 1.070545e+03 1.043138e+03 
2.782222e-01 1.030212e+03 1.005982e+03 
2.832626e-01 9.863726e+02 9.706607e+02 
2.883030e-01 9.415472e+02 9.370598e+02 
2.933434e-01 8.984564e+02 9.050726e+02 
2.983838e-01 8.593644e+02 8.746007e+02 
3.034242e-01 8.257009e+02 8.455527e+02 
3.084646e-01 7.978022e+02 8.178442e+02 
3.135051e-01 7.750320e+02 7.913965e+02 
3.185455e-01 7.560714e+02 7.661368e+02 
3.235859e-01 7.392984e+02 7.419970e+02 
3.286263e-01 7.231311e+02 7.189141e+02 
3.336667e-01 7.062350e+02 6.968290e+02 
3.387071e-01 6.877865e+02 6.756870e+02 
3.437475e-01 6.675718e+02 6.554366e+02 
3.487879e-01 6.460355e+02 6.360301e+02 
3.538283e-01 6.239574e+02 6.174226e+02 
3.588687e-01 6.022493e+02 5.995721e+02 
3.639091e-01 5.816870e+02 5.824395e+02 
3.689495e-01 5.628589e+02 5.659879e+02 
3.739899e-01 5.461094e+02 5.501828e+02 
3.790303e-01 5.314415e+02 5.349918e+02 
3.840707e-01 5.185293e+02 5.203845e+02 
3.891111e-01 5.068320e+02 5.063323e+02 
3.941515e-01 4.957719e+02 4.928082e+02 
3.991919e-01 4.848568e+02 4.797869e+02 
4.042323e-01 4.737306e+02 4.672446e+02 
4.092727e-01 4.621974e+02 4.551588e+02 
4.143131e-01 4.502519e+02 4.435083e+02 
4.193535e-01 4.380830e+02 4.322730e+02 
4.243939e-01 4.259702e+02 4.214340e+02 
4.294343e-01 4.142056e+02 4.109736e+02 
4.344747e-01 4.030331e+02 4.008748e+02 
4.395152e-01 3.926133e+02 3.911216e+02 
4.445556e-01 3.830155e+02 3.816989e+02 
4.495960e-01 3.742042e+02 3.725924e+02 
4.546364e-01 3.660301e+02 3.637887e+02 
4.596768e-01 3.583119e+02 3.552747e+02 
4.647172e-01 3.508618e+02 3.470383e+02 
4.697576e-01 3.435229e+02 3.390679e+02 
4.747980e-01 3.361837e+02 3.313526e+02 
4.798384e-01 3.287896e+02 3.238819e+02 
4.848788e-01 3.213679e+02 3.166460e+02 
4.899192e-01 3.139795e+02 3.096352e+02 
4.949596e-01 3.067306e+02 3.028408e+02 
5.000000e-01 2.997048e+02 2.962542e+02 
