1.000000e-03 5.326354e+03 5.326350e+03 
6.040404e-03 2.365852e+04 2.384909e+04 
1.108081e-02 3.207869e+04 3.238828e+04 
1.612121e-02 3.429083e+04 3.470143e+04 
2.116162e-02 3.266532e+04 3.275243e+04 
2.620202e-02 2.898757e+04 2.868850e+04 
3.124242e-02 2.462400e+04 2.450893e+04 
3.628283e-02 2.049987e+04 2.104120e+04 
4.132323e-02 1.710939e+04 1.831169e+04 
4.636364e-02 1.458446e+04 1.614326e+04 
5.140404e-02 1.289706e+04 1.437733e+04 
5.644444e-02 1.183875e+04 1.290498e+04 
6.148485e-02 1.119156e+04 1.165454e+04 
6.652525e-02 1.074131e+04 1.057781e+04 
7.156566e-02 1.030299e+04 9.640991e+03 
7.660606e-02 9.751462e+03 8.819339e+03 
8.164646e-02 9.036258e+03 8.094047e+03 
8.668687e-02 8.182180e+03 7.450382e+03 
9.172727e-02 7.262690e+03 6.876533e+03 
9.676768e-02 6.368898e+03 6.362855e+03 
1.018081e-01 5.582914e+03 5.901369e+03 
1.068485e-01 4.958125e+03 5.485398e+03 
1.118889e-01 4.509912e+03 5.109305e+03 
1.169293e-01 4.221327e+03 4.768299e+03 
1.219697e-01 4.056315e+03 4.458282e+03 
1.270101e-01 3.969729e+03 4.175730e+03 
1.320505e-01 3.913254e+03 3.917599e+03 
1.370909e-01 3.842219e+03 3.681247e+03 
1.421313e-01 3.724566e+03 3.464373e+03 
1.471717e-01 3.547090e+03 3.264968e+03 
1.522121e-01 3.315005e+03 3.081268e+03 
1.572525e-01 3.047396e+03 2.911723e+03 
1.622929e-01 2.771695e+03 2.754963e+03 
1.673333e-01 2.516114e+03 2.609778e+03 
1.723737e-01 2.301826e+03 2.475095e+03 
1.774141e-01 2.138511e+03 2.349959e+03 
1.824545e-01 2.025570e+03 2.233519e+03 
1.874949e-01 1.955453e+03 2.125013e+03 
1.925354e-01 1.916536e+03 2.023762e+03 
1.975758e-01 1.894044e+03 1.929153e+03 
2.026162e-01 1.872240e+03 1.840638e+03 
2.076566e-01 1.837962e+03 1.757722e+03 
2.126970e-01 1.783594e+03 1.679956e+03 
2.177374e-01 1.707936e+03 1.606938e+03 
2.227778e-01 1.615149e+03 1.538302e+03 
2.278182e-01 1.513017e+03 1.473714e+03 
2.328586e-01 1.410822e+03 1.412872e+03 
2.378990e-01 1.317189e+03 1.355503e+03 
2.429394e-01 1.238258e+03 1.301355e+03 
2.479798e-01 1.176988e+03 1.250198e+03 
2.530202e-01 1.133162e+03 1.201825e+03 
2.580606e-01 1.103855e+03 1.156042e+03 
2.631010e-01 1.084298e+03 1.112674e+03 
2.681414e-01 1.068977e+03 1.071559e+03 
2.731818e-01 1.052744e+03 1.032549e+03 
2.782222e-01 1.031664e+03 9.955075e+02 
2.832626e-01 1.003504e+03 9.603078e+02 
2.883030e-01 9.679852e+02 9.268339e+02 
2.933434e-01 9.266790e+02 8.949782e+02 
2.983838e-01 8.824504e+02 8.646414e+02 
3.034242e-01 8.386454e+02 8.357313e+02 
3.084646e-01 7.981995e+02 8.081628e+02 
3.135051e-01 7.631938e+02 7.818566e+02 
3.185455e-01 7.346240e+02 7.567393e+02 
3.235859e-01 7.124004e+02 7.327424e+02 
3.286263e-01 6.954792e+02 7.098024e+02 
3.336667e-01 6.821392e+02 6.878600e+02 
3.387071e-01 6.704309e+02 6.668601e+02 
3.437475e-01 6.585241e+02 6.467509e+02 
3.487879e-01 6.449889e+02 6.274845e+02 
3.538283e-01 6.290592e+02 6.090158e+02 
3.588687e-01 6.106257e+02 5.913027e+02 
3.639091e-01 5.902783e+02 5.743059e+02 
3.689495e-01 5.690049e+02 5.579885e+02 
3.739899e-01 5.479234e+02 5.423157e+02 
3.790303e-01 5.280511e+02 5.272552e+02 
3.840707e-01 5.101775e+02 5.127764e+02 
3.891111e-01 4.947353e+02 4.988506e+02 
3.941515e-01 4.817424e+02 4.854510e+02 
3.991919e-01 4.708474e+02 4.725522e+02 
4.042323e-01 4.614243e+02 4.601302e+02 
4.092727e-01 4.527619e+02 4.481627e+02 
4.143131e-01 4.442212e+02 4.366283e+02 
4.193535e-01 4.352881e+02 4.255070e+02 
4.243939e-01 4.256360e+02 4.147800e+02 
4.294343e-01 4.151845e+02 4.044294e+02 
4.344747e-01 4.040842e+02 3.944384e+02 
4.395152e-01 3.926696e+02 3.847909e+02 
4.445556e-01 3.813530e+02 3.754720e+02 
4.495960e-01 3.705037e+02 3.664672e+02 
4.546364e-01 3.604071e+02 3.577632e+02 
4.596768e-01 3.512312e+02 3.493469e+02 
4.647172e-01 3.430425e+02 3.412064e+02 
4.697576e-01 3.357344e+02 3.333300e+02 
4.747980e-01 3.290933e+02 3.257068e+02 
4.798384e-01 3.228651e+02 3.183264e+02 
4.848788e-01 3.168073e+02 3.111788e+02 
4.899192e-01 3.107186e+02 3.042548e+02 
4.949596e-01 3.044746e+02 2.975453e+02 
5.000000e-01 2.980084e+02 2.910419e+02 
