1.000000e-03 3.112607e+03 3.112604e+03 
6.040404e-03 1.392801e+04 1.403139e+04 
1.108081e-02 1.908874e+04 1.918212e+04 
1.612121e-02 2.079072e+04 2.082567e+04 
2.116162e-02 2.040598e+04 2.029515e+04 
2.620202e-02 1.890276e+04 1.878327e+04 
3.124242e-02 1.698009e+04 1.710826e+04 
3.628283e-02 1.509435e+04 1.556283e+04 
4.132323e-02 1.348657e+04 1.419046e+04 
4.636364e-02 1.222406e+04 1.297406e+04 
5.140404e-02 1.128735e+04 1.189117e+04 
5.644444e-02 1.057505e+04 1.092329e+04 
6.148485e-02 9.977699e+03 1.005561e+04 
6.652525e-02 9.408996e+03 9.275932e+03 
7.156566e-02 8.803504e+03 8.573896e+03 
7.660606e-02 8.141444e+03 7.940544e+03 
8.164646e-02 7.446982e+03 7.368057e+03 
8.668687e-02 6.766338e+03 6.849584e+03 
9.172727e-02 6.142065e+03 6.379111e+03 
9.676768e-02 5.603872e+03 5.951359e+03 
1.018081e-01 5.168436e+03 5.561686e+03 
1.068485e-01 4.836497e+03 5.206016e+03 
1.118889e-01 4.589090e+03 4.880760e+03 
1.169293e-01 4.394428e+03 4.582758e+03 
1.219697e-01 4.220529e+03 4.309225e+03 
1.270101e-01 4.043481e+03 4.057702e+03 
1.320505e-01 3.849699e+03 3.826013e+03 
1.370909e-01 3.635901e+03 3.612233e+03 
1.421313e-01 3.408006e+03 3.414653e+03 
1.471717e-01 3.178093e+03 3.231754e+03 
1.522121e-01 2.960067e+03 3.062183e+03 
1.572525e-01 2.765364e+03 2.904734e+03 
1.622929e-01 2.601292e+03 2.758329e+03 
1.673333e-01 2.469168e+03 2.622003e+03 
1.723737e-01 2.364597e+03 2.494889e+03 
1.774141e-01 2.279269e+03 2.376210e+03 
1.824545e-01 2.204013e+03 2.265266e+03 
1.874949e-01 2.131012e+03 2.161425e+03 
1.925354e-01 2.054412e+03 2.064118e+03 
1.975758e-01 1.971060e+03 1.972827e+03 
2.026162e-01 1.881397e+03 1.887087e+03 
2.076566e-01 1.788835e+03 1.806473e+03 
2.126970e-01 1.698003e+03 1.730599e+03 
2.177374e-01 1.612946e+03 1.659114e+03 
2.227778e-01 1.536427e+03 1.591699e+03 
2.278182e-01 1.470049e+03 1.528062e+03 
2.328586e-01 1.413682e+03 1.467934e+03 
2.378990e-01 1.365592e+03 1.411073e+03 
2.429394e-01 1.323140e+03 1.357254e+03 
2.479798e-01 1.283614e+03 1.306271e+03 
2.530202e-01 1.244791e+03 1.257935e+03 
2.580606e-01 1.205048e+03 1.212073e+03 
2.631010e-01 1.163571e+03 1.168524e+03 
2.681414e-01 1.120705e+03 1.127141e+03 
2.731818e-01 1.077671e+03 1.087786e+03 
2.782222e-01 1.035960e+03 1.050335e+03 
2.832626e-01 9.966902e+02 1.014670e+03 
2.883030e-01 9.605036e+02 9.806840e+02 
2.933434e-01 9.277435e+02 9.482757e+02 
2.983838e-01 8.983833e+02 9.173526e+02 
3.034242e-01 8.719371e+02 8.878283e+02 
3.084646e-01 8.475407e+02 8.596223e+02 
3.135051e-01 8.242553e+02 8.326600e+02 
3.185455e-01 8.013969e+02 8.068717e+02 
3.235859e-01 7.785988e+02 7.821923e+02 
3.286263e-01 7.557316e+02 7.585613e+02 
3.336667e-01 7.328722e+02 7.359220e+02 
3.387071e-01 7.102396e+02 7.142215e+02 
3.437475e-01 6.882463e+02 6.934102e+02 
3.487879e-01 6.673060e+02 6.734418e+02 
3.538283e-01 6.476552e+02 6.542728e+02 
3.588687e-01 6.293470e+02 6.358625e+02 
3.639091e-01 6.122667e+02 6.181726e+02 
3.689495e-01 5.962394e+02 6.011672e+02 
3.739899e-01 5.810745e+02 5.848125e+02 
3.790303e-01 5.665362e+02 5.690769e+02 
3.840707e-01 5.523908e+02 5.539305e+02 
3.891111e-01 5.384669e+02 5.393451e+02 
3.941515e-01 5.247149e+02 5.252943e+02 
3.991919e-01 5.111990e+02 5.117530e+02 
4.042323e-01 4.979729e+02 4.986977e+02 
4.092727e-01 4.851351e+02 4.861061e+02 
4.143131e-01 4.727625e+02 4.739572e+02 
4.193535e-01 4.609308e+02 4.622313e+02 
4.243939e-01 4.496761e+02 4.509093e+02 
4.294343e-01 4.389635e+02 4.399737e+02 
4.344747e-01 4.287284e+02 4.294075e+02 
4.395152e-01 4.188986e+02 4.191949e+02 
4.445556e-01 4.094026e+02 4.093207e+02 
4.495960e-01 4.001883e+02 3.997705e+02 
4.546364e-01 3.912019e+02 3.905309e+02 
4.596768e-01 3.824047e+02 3.815889e+02 
4.647172e-01 3.737960e+02 3.729323e+02 
4.697576e-01 3.654029e+02 3.645493e+02 
4.747980e-01 3.572488e+02 3.564291e+02 
4.798384e-01 3.493482e+02 3.485610e+02 
4.848788e-01 3.417125e+02 3.409350e+02 
4.899192e-01 3.343474e+02 3.335416e+02 
4.949596e-01 3.272494e+02 3.263718e+02 
5.000000e-01 3.204061e+02 3.194169e+02 
