1.000000e-03 4.316701e+03 4.316698e+03 
6.040404e-03 1.927442e+04 1.942580e+04 
1.108081e-02 2.630688e+04 2.652063e+04 
1.612121e-02 2.837271e+04 2.861636e+04 
2.116162e-02 2.736750e+04 2.736463e+04 
2.620202e-02 2.470012e+04 2.448335e+04 
3.124242e-02 2.143830e+04 2.144814e+04 
3.628283e-02 1.830407e+04 1.884686e+04 
4.132323e-02 1.568991e+04 1.671761e+04 
4.636364e-02 1.370670e+04 1.496085e+04 
5.140404e-02 1.234485e+04 1.348326e+04 
5.644444e-02 1.144185e+04 1.221878e+04 
6.148485e-02 1.082515e+04 1.112239e+04 
6.652525e-02 1.033385e+04 1.016251e+04 
7.156566e-02 9.825719e+03 9.316024e+03 
7.660606e-02 9.216478e+03 8.565261e+03 
8.164646e-02 8.488350e+03 7.896267e+03 
8.668687e-02 7.680370e+03 7.297739e+03 
9.172727e-02 6.858713e+03 6.760352e+03 
9.676768e-02 6.091897e+03 6.276305e+03 
1.018081e-01 5.436947e+03 5.839011e+03 
1.068485e-01 4.927059e+03 5.442863e+03 
1.118889e-01 4.564847e+03 5.083054e+03 
1.169293e-01 4.326633e+03 4.755449e+03 
1.219697e-01 4.174393e+03 4.456468e+03 
1.270101e-01 4.066795e+03 4.183004e+03 
1.320505e-01 3.965070e+03 3.932349e+03 
1.370909e-01 3.837974e+03 3.702134e+03 
1.421313e-01 3.667965e+03 3.490284e+03 
1.471717e-01 3.453936e+03 3.294969e+03 
1.522121e-01 3.208710e+03 3.114580e+03 
1.572525e-01 2.952757e+03 2.947690e+03 
1.622929e-01 2.708731e+03 2.793035e+03 
1.673333e-01 2.495631e+03 2.649492e+03 
1.723737e-01 2.324871e+03 2.516061e+03 
1.774141e-01 2.198399e+03 2.391848e+03 
1.824545e-01 2.110615e+03 2.276053e+03 
1.874949e-01 2.051505e+03 2.167960e+03 
1.925354e-01 2.008729e+03 2.066924e+03 
1.975758e-01 1.969361e+03 1.972366e+03 
2.026162e-01 1.922238e+03 1.883763e+03 
2.076566e-01 1.860500e+03 1.800643e+03 
2.126970e-01 1.782679e+03 1.722577e+03 
2.177374e-01 1.691986e+03 1.649177e+03 
2.227778e-01 1.594700e+03 1.580093e+03 
2.278182e-01 1.498230e+03 1.515003e+03 
2.328586e-01 1.409563e+03 1.453616e+03 
2.378990e-01 1.333535e+03 1.395666e+03 
2.429394e-01 1.272285e+03 1.340908e+03 
2.479798e-01 1.225446e+03 1.289121e+03 
2.530202e-01 1.190599e+03 1.240100e+03 
2.580606e-01 1.163838e+03 1.193659e+03 
2.631010e-01 1.140457e+03 1.149625e+03 
2.681414e-01 1.116119e+03 1.107840e+03 
2.731818e-01 1.087829e+03 1.068159e+03 
2.782222e-01 1.054382e+03 1.030448e+03 
2.832626e-01 1.016065e+03 9.945811e+02 
2.883030e-01 9.742805e+02 9.604453e+02 
2.933434e-01 9.312442e+02 9.279341e+02 
2.983838e-01 8.895252e+02 8.969494e+02 
3.034242e-01 8.514219e+02 8.674000e+02 
3.084646e-01 8.183392e+02 8.392016e+02 
3.135051e-01 7.906299e+02 8.122755e+02 
3.185455e-01 7.678370e+02 7.865489e+02 
3.235859e-01 7.489200e+02 7.619536e+02 
3.286263e-01 7.324970e+02 7.384266e+02 
3.336667e-01 7.170116e+02 7.159087e+02 
3.387071e-01 7.010658e+02 6.943448e+02 
3.437475e-01 6.837377e+02 6.736835e+02 
3.487879e-01 6.647475e+02 6.538766e+02 
3.538283e-01 6.443657e+02 6.348793e+02 
3.588687e-01 6.231806e+02 6.166492e+02 
3.639091e-01 6.019786e+02 5.991471e+02 
3.689495e-01 5.815790e+02 5.823357e+02 
3.739899e-01 5.626848e+02 5.661804e+02 
3.790303e-01 5.457129e+02 5.506485e+02 
3.840707e-01 5.307563e+02 5.357094e+02 
3.891111e-01 5.176031e+02 5.213341e+02 
3.941515e-01 5.058491e+02 5.074956e+02 
3.991919e-01 4.949998e+02 4.941683e+02 
4.042323e-01 4.845306e+02 4.813281e+02 
4.092727e-01 4.739873e+02 4.689523e+02 
4.143131e-01 4.630793e+02 4.570194e+02 
4.193535e-01 4.517343e+02 4.455092e+02 
4.243939e-01 4.400710e+02 4.344026e+02 
4.294343e-01 4.282973e+02 4.236816e+02 
4.344747e-01 4.166592e+02 4.133289e+02 
4.395152e-01 4.054197e+02 4.033286e+02 
4.445556e-01 3.948279e+02 3.936652e+02 
4.495960e-01 3.850106e+02 3.843242e+02 
4.546364e-01 3.760049e+02 3.752919e+02 
4.596768e-01 3.676977e+02 3.665554e+02 
4.647172e-01 3.599480e+02 3.581021e+02 
4.697576e-01 3.525992e+02 3.499204e+02 
4.747980e-01 3.454714e+02 3.419991e+02 
4.798384e-01 3.384147e+02 3.343276e+02 
4.848788e-01 3.313166e+02 3.268959e+02 
4.899192e-01 3.241457e+02 3.196943e+02 
4.949596e-01 3.169513e+02 3.127138e+02 
5.000000e-01 3.098109e+02 3.059456e+02 
