1.000000e-03 2.609945e+03 2.609943e+03 
6.040404e-03 1.156741e+04 1.164858e+04 
1.108081e-02 1.577494e+04 1.578405e+04 
1.612121e-02 1.726652e+04 1.715249e+04 
2.116162e-02 1.721769e+04 1.701598e+04 
2.620202e-02 1.636810e+04 1.622331e+04 
3.124242e-02 1.519721e+04 1.521827e+04 
3.628283e-02 1.399080e+04 1.417316e+04 
4.132323e-02 1.288619e+04 1.315366e+04 
4.636364e-02 1.192160e+04 1.218766e+04 
5.140404e-02 1.109908e+04 1.128701e+04 
5.644444e-02 1.034512e+04 1.045537e+04 
6.148485e-02 9.635516e+03 9.691955e+03 
6.652525e-02 8.949175e+03 8.993578e+03 
7.156566e-02 8.278793e+03 8.355870e+03 
7.660606e-02 7.638292e+03 7.773996e+03 
8.164646e-02 7.050763e+03 7.243062e+03 
8.668687e-02 6.530464e+03 6.758357e+03 
9.172727e-02 6.077919e+03 6.315465e+03 
9.676768e-02 5.687834e+03 5.910324e+03 
1.018081e-01 5.352680e+03 5.539236e+03 
1.068485e-01 5.057918e+03 5.198866e+03 
1.118889e-01 4.784907e+03 4.886211e+03 
1.169293e-01 4.520476e+03 4.598585e+03 
1.219697e-01 4.260955e+03 4.333582e+03 
1.270101e-01 4.009614e+03 4.089054e+03 
1.320505e-01 3.770957e+03 3.863078e+03 
1.370909e-01 3.549724e+03 3.653938e+03 
1.421313e-01 3.349134e+03 3.460098e+03 
1.471717e-01 3.169838e+03 3.280183e+03 
1.522121e-01 3.010168e+03 3.112959e+03 
1.572525e-01 2.867146e+03 2.957320e+03 
1.622929e-01 2.737025e+03 2.812273e+03 
1.673333e-01 2.615403e+03 2.676922e+03 
1.723737e-01 2.498762e+03 2.550462e+03 
1.774141e-01 2.385700e+03 2.432166e+03 
1.824545e-01 2.276624e+03 2.321375e+03 
1.874949e-01 2.172232e+03 2.217496e+03 
1.925354e-01 2.073357e+03 2.119989e+03 
1.975758e-01 1.981007e+03 2.028365e+03 
2.026162e-01 1.895823e+03 1.942178e+03 
2.076566e-01 1.817521e+03 1.861024e+03 
2.126970e-01 1.745021e+03 1.784534e+03 
2.177374e-01 1.677325e+03 1.712370e+03 
2.227778e-01 1.613549e+03 1.644226e+03 
2.278182e-01 1.552849e+03 1.579818e+03 
2.328586e-01 1.494577e+03 1.518889e+03 
2.378990e-01 1.438551e+03 1.461202e+03 
2.429394e-01 1.385006e+03 1.406540e+03 
2.479798e-01 1.333984e+03 1.354702e+03 
2.530202e-01 1.285442e+03 1.305503e+03 
2.580606e-01 1.239434e+03 1.258775e+03 
2.631010e-01 1.196081e+03 1.214359e+03 
2.681414e-01 1.155318e+03 1.172112e+03 
2.731818e-01 1.116734e+03 1.131899e+03 
2.782222e-01 1.079945e+03 1.093597e+03 
2.832626e-01 1.044765e+03 1.057090e+03 
2.883030e-01 1.011127e+03 1.022271e+03 
2.933434e-01 9.789228e+02 9.890424e+02 
2.983838e-01 9.479909e+02 9.573111e+02 
3.034242e-01 9.182701e+02 9.269917e+02 
3.084646e-01 8.898140e+02 8.980046e+02 
3.135051e-01 8.626541e+02 8.702753e+02 
3.185455e-01 8.367214e+02 8.437346e+02 
3.235859e-01 8.118983e+02 8.183177e+02 
3.286263e-01 7.881171e+02 7.939642e+02 
3.336667e-01 7.653648e+02 7.706175e+02 
3.387071e-01 7.435723e+02 7.482246e+02 
3.437475e-01 7.226296e+02 7.267360e+02 
3.487879e-01 7.024542e+02 7.061053e+02 
3.538283e-01 6.830144e+02 6.862888e+02 
3.588687e-01 6.643272e+02 6.672457e+02 
3.639091e-01 6.463633e+02 6.489375e+02 
3.689495e-01 6.290654e+02 6.313281e+02 
3.739899e-01 6.123991e+02 6.143836e+02 
3.790303e-01 5.963623e+02 5.980719e+02 
3.840707e-01 5.809397e+02 5.823629e+02 
3.891111e-01 5.660825e+02 5.672282e+02 
3.941515e-01 5.517461e+02 5.526412e+02 
3.991919e-01 5.379065e+02 5.385764e+02 
4.042323e-01 5.245538e+02 5.250101e+02 
4.092727e-01 5.116728e+02 5.119197e+02 
4.143131e-01 4.992224e+02 4.992840e+02 
4.193535e-01 4.871795e+02 4.870827e+02 
4.243939e-01 4.755392e+02 4.752969e+02 
4.294343e-01 4.642983e+02 4.639084e+02 
4.344747e-01 4.534392e+02 4.529001e+02 
4.395152e-01 4.429265e+02 4.422559e+02 
4.445556e-01 4.327480e+02 4.319604e+02 
4.495960e-01 4.229005e+02 4.219990e+02 
4.546364e-01 4.133725e+02 4.123578e+02 
4.596768e-01 4.041450e+02 4.030237e+02 
4.647172e-01 3.952008e+02 3.939842e+02 
4.697576e-01 3.865248e+02 3.852274e+02 
4.747980e-01 3.781195e+02 3.767420e+02 
4.798384e-01 3.699736e+02 3.685172e+02 
4.848788e-01 3.620701e+02 3.605429e+02 
4.899192e-01 3.543993e+02 3.528093e+02 
4.949596e-01 3.469491e+02 3.453070e+02 
5.000000e-01 3.397282e+02 3.380273e+02 
