1.000000e-03 2.229730e+03 2.229728e+03 
6.040404e-03 9.959519e+03 1.003230e+04 
1.108081e-02 1.372203e+04 1.372356e+04 
1.612121e-02 1.520834e+04 1.509011e+04 
2.116162e-02 1.539371e+04 1.519355e+04 
2.620202e-02 1.487596e+04 1.470002e+04 
3.124242e-02 1.403456e+04 1.395966e+04 
3.628283e-02 1.309738e+04 1.312935e+04 
4.132323e-02 1.218258e+04 1.228264e+04 
4.636364e-02 1.132928e+04 1.145695e+04 
5.140404e-02 1.056752e+04 1.067141e+04 
5.644444e-02 9.849064e+03 9.935035e+03 
6.148485e-02 9.171438e+03 9.250999e+03 
6.652525e-02 8.533394e+03 8.619135e+03 
7.156566e-02 7.927176e+03 8.037423e+03 
7.660606e-02 7.358536e+03 7.502884e+03 
8.164646e-02 6.841189e+03 7.012114e+03 
8.668687e-02 6.381738e+03 6.561601e+03 
9.172727e-02 5.973802e+03 6.147906e+03 
9.676768e-02 5.608128e+03 5.767768e+03 
1.018081e-01 5.279112e+03 5.418148e+03 
1.068485e-01 4.980693e+03 5.096252e+03 
1.118889e-01 4.703404e+03 4.799532e+03 
1.169293e-01 4.439028e+03 4.525677e+03 
1.219697e-01 4.185867e+03 4.272597e+03 
1.270101e-01 3.947122e+03 4.038407e+03 
1.320505e-01 3.725807e+03 3.821411e+03 
1.370909e-01 3.523134e+03 3.620078e+03 
1.421313e-01 3.338483e+03 3.433034e+03 
1.471717e-01 3.170004e+03 3.259039e+03 
1.522121e-01 3.015443e+03 3.096977e+03 
1.572525e-01 2.872815e+03 2.945840e+03 
1.622929e-01 2.740200e+03 2.804721e+03 
1.673333e-01 2.615274e+03 2.672797e+03 
1.723737e-01 2.496374e+03 2.549327e+03 
1.774141e-01 2.383197e+03 2.433638e+03 
1.824545e-01 2.276377e+03 2.325118e+03 
1.874949e-01 2.176133e+03 2.223216e+03 
1.925354e-01 2.082030e+03 2.127427e+03 
1.975758e-01 1.993812e+03 2.037293e+03 
2.026162e-01 1.911558e+03 1.952396e+03 
2.076566e-01 1.834798e+03 1.872356e+03 
2.126970e-01 1.762655e+03 1.796823e+03 
2.177374e-01 1.694301e+03 1.725479e+03 
2.227778e-01 1.629298e+03 1.658033e+03 
2.278182e-01 1.567631e+03 1.594216e+03 
2.328586e-01 1.509054e+03 1.533783e+03 
2.378990e-01 1.453271e+03 1.476507e+03 
2.429394e-01 1.400241e+03 1.422182e+03 
2.479798e-01 1.350023e+03 1.370615e+03 
2.530202e-01 1.302458e+03 1.321630e+03 
2.580606e-01 1.257268e+03 1.275063e+03 
2.631010e-01 1.214283e+03 1.230763e+03 
2.681414e-01 1.173400e+03 1.188592e+03 
2.731818e-01 1.134499e+03 1.148419e+03 
2.782222e-01 1.097403e+03 1.110125e+03 
2.832626e-01 1.061907e+03 1.073599e+03 
2.883030e-01 1.027926e+03 1.038737e+03 
2.933434e-01 9.954416e+02 1.005443e+03 
2.983838e-01 9.644234e+02 9.736287e+02 
3.034242e-01 9.347678e+02 9.432094e+02 
3.084646e-01 9.063728e+02 9.141080e+02 
3.135051e-01 8.791706e+02 8.862520e+02 
3.185455e-01 8.531226e+02 8.595739e+02 
3.235859e-01 8.281775e+02 8.340102e+02 
3.286263e-01 8.042538e+02 8.095020e+02 
3.336667e-01 7.812723e+02 7.859939e+02 
3.387071e-01 7.591837e+02 7.634339e+02 
3.437475e-01 7.379663e+02 7.417735e+02 
3.487879e-01 7.175899e+02 7.209671e+02 
3.538283e-01 6.980033e+02 7.009718e+02 
3.588687e-01 6.791446e+02 6.817474e+02 
3.639091e-01 6.609807e+02 6.632560e+02 
3.689495e-01 6.435017e+02 6.454622e+02 
3.739899e-01 6.266903e+02 6.283323e+02 
3.790303e-01 6.104971e+02 6.118349e+02 
3.840707e-01 5.948696e+02 5.959402e+02 
3.891111e-01 5.797846e+02 5.806201e+02 
3.941515e-01 5.652404e+02 5.658482e+02 
3.991919e-01 5.512238e+02 5.515995e+02 
4.042323e-01 5.376892e+02 5.378503e+02 
4.092727e-01 5.246020e+02 5.245783e+02 
4.143131e-01 5.119537e+02 5.117625e+02 
4.193535e-01 4.997430e+02 4.993827e+02 
4.243939e-01 4.879489e+02 4.874201e+02 
4.294343e-01 4.765409e+02 4.758567e+02 
4.344747e-01 4.654937e+02 4.646755e+02 
4.395152e-01 4.548007e+02 4.538605e+02 
4.445556e-01 4.444608e+02 4.433962e+02 
4.495960e-01 4.344584e+02 4.332682e+02 
4.546364e-01 4.247619e+02 4.234627e+02 
4.596768e-01 4.153587e+02 4.139666e+02 
4.647172e-01 4.062484e+02 4.047673e+02 
4.697576e-01 3.974255e+02 3.958531e+02 
4.747980e-01 3.888710e+02 3.872126e+02 
4.798384e-01 3.805689e+02 3.788351e+02 
4.848788e-01 3.725091e+02 3.707104e+02 
4.899192e-01 3.646880e+02 3.628288e+02 
4.949596e-01 3.571044e+02 3.551808e+02 
5.000000e-01 3.497419e+02 3.477578e+02 
