1.000000e-03 3.765361e+03 3.765358e+03 
6.040404e-03 1.690632e+04 1.703383e+04 
1.108081e-02 2.299655e+04 2.314314e+04 
1.612121e-02 2.475103e+04 2.486232e+04 
2.116162e-02 2.390071e+04 2.380792e+04 
2.620202e-02 2.169483e+04 2.154703e+04 
3.124242e-02 1.904494e+04 1.920559e+04 
3.628283e-02 1.653966e+04 1.716048e+04 
4.132323e-02 1.447855e+04 1.542755e+04 
4.636364e-02 1.292432e+04 1.394769e+04 
5.140404e-02 1.184755e+04 1.266734e+04 
5.644444e-02 1.108637e+04 1.154780e+04 
6.148485e-02 1.049630e+04 1.056129e+04 
6.652525e-02 9.940827e+03 9.687026e+03 
7.156566e-02 9.328362e+03 8.908787e+03 
7.660606e-02 8.624632e+03 8.213449e+03 
8.164646e-02 7.852085e+03 7.590155e+03 
8.668687e-02 7.067641e+03 7.029777e+03 
9.172727e-02 6.332922e+03 6.524565e+03 
9.676768e-02 5.698119e+03 6.067893e+03 
1.018081e-01 5.193838e+03 5.654060e+03 
1.068485e-01 4.823993e+03 5.278147e+03 
1.118889e-01 4.566772e+03 4.935890e+03 
1.169293e-01 4.384706e+03 4.623584e+03 
1.219697e-01 4.237907e+03 4.337999e+03 
1.270101e-01 4.091922e+03 4.076311e+03 
1.320505e-01 3.921758e+03 3.836047e+03 
1.370909e-01 3.716761e+03 3.615032e+03 
1.421313e-01 3.481490e+03 3.411352e+03 
1.471717e-01 3.231240e+03 3.223314e+03 
1.522121e-01 2.984917e+03 3.049424e+03 
1.572525e-01 2.760249e+03 2.888352e+03 
1.622929e-01 2.570720e+03 2.738920e+03 
1.673333e-01 2.422183e+03 2.600075e+03 
1.723737e-01 2.311608e+03 2.470878e+03 
1.774141e-01 2.229767e+03 2.350489e+03 
1.824545e-01 2.165052e+03 2.238156e+03 
1.874949e-01 2.106212e+03 2.133200e+03 
1.925354e-01 2.043572e+03 2.035014e+03 
1.975758e-01 1.970486e+03 1.943048e+03 
2.026162e-01 1.885209e+03 1.856806e+03 
2.076566e-01 1.790740e+03 1.775840e+03 
2.126970e-01 1.692843e+03 1.699742e+03 
2.177374e-01 1.597950e+03 1.628144e+03 
2.227778e-01 1.511410e+03 1.560709e+03 
2.278182e-01 1.436774e+03 1.497132e+03 
2.328586e-01 1.375274e+03 1.437135e+03 
2.378990e-01 1.325871e+03 1.380462e+03 
2.429394e-01 1.285846e+03 1.326880e+03 
2.479798e-01 1.251524e+03 1.276176e+03 
2.530202e-01 1.219006e+03 1.228154e+03 
2.580606e-01 1.185006e+03 1.182635e+03 
2.631010e-01 1.147703e+03 1.139454e+03 
2.681414e-01 1.106937e+03 1.098457e+03 
2.731818e-01 1.063775e+03 1.059506e+03 
2.782222e-01 1.019896e+03 1.022470e+03 
2.832626e-01 9.771874e+02 9.872295e+02 
2.883030e-01 9.374342e+02 9.536748e+02 
2.933434e-01 9.019103e+02 9.217031e+02 
2.983838e-01 8.710419e+02 8.912196e+02 
3.034242e-01 8.444207e+02 8.621362e+02 
3.084646e-01 8.211056e+02 8.343712e+02 
3.135051e-01 7.999341e+02 8.078485e+02 
3.185455e-01 7.797252e+02 7.824975e+02 
3.235859e-01 7.594493e+02 7.582524e+02 
3.286263e-01 7.384486e+02 7.350516e+02 
3.336667e-01 7.165855e+02 7.128381e+02 
3.387071e-01 6.941533e+02 6.915582e+02 
3.437475e-01 6.716824e+02 6.711620e+02 
3.487879e-01 6.497953e+02 6.516027e+02 
3.538283e-01 6.290417e+02 6.328366e+02 
3.588687e-01 6.098194e+02 6.148228e+02 
3.639091e-01 5.922910e+02 5.975227e+02 
3.689495e-01 5.763614e+02 5.809003e+02 
3.739899e-01 5.617464e+02 5.649217e+02 
3.790303e-01 5.480931e+02 5.495553e+02 
3.840707e-01 5.350227e+02 5.347709e+02 
3.891111e-01 5.221914e+02 5.205406e+02 
3.941515e-01 5.093540e+02 5.068377e+02 
3.991919e-01 4.964157e+02 4.936374e+02 
4.042323e-01 4.834486e+02 4.809162e+02 
4.092727e-01 4.706160e+02 4.686517e+02 
4.143131e-01 4.580942e+02 4.568232e+02 
4.193535e-01 4.460420e+02 4.454107e+02 
4.243939e-01 4.345797e+02 4.343957e+02 
4.294343e-01 4.237883e+02 4.237604e+02 
4.344747e-01 4.136767e+02 4.134880e+02 
4.395152e-01 4.041553e+02 4.035629e+02 
4.445556e-01 3.950850e+02 3.939699e+02 
4.495960e-01 3.863494e+02 3.846949e+02 
4.546364e-01 3.778582e+02 3.757244e+02 
4.596768e-01 3.695265e+02 3.670455e+02 
4.647172e-01 3.612865e+02 3.586463e+02 
4.697576e-01 3.531322e+02 3.505151e+02 
4.747980e-01 3.451011e+02 3.426411e+02 
4.798384e-01 3.372688e+02 3.350138e+02 
4.848788e-01 3.296792e+02 3.276233e+02 
4.899192e-01 3.223589e+02 3.204603e+02 
4.949596e-01 3.153289e+02 3.135157e+02 
5.000000e-01 3.086004e+02 3.067811e+02 
