1.000000e-03 3.564561e+03 3.564558e+03 
6.040404e-03 1.585001e+04 1.596956e+04 
1.108081e-02 2.156103e+04 2.168549e+04 
1.612121e-02 2.327952e+04 2.335741e+04 
2.116162e-02 2.260710e+04 2.250734e+04 
2.620202e-02 2.067958e+04 2.054439e+04 
3.124242e-02 1.831771e+04 1.846377e+04 
3.628283e-02 1.605386e+04 1.660932e+04 
4.132323e-02 1.416343e+04 1.501030e+04 
4.636364e-02 1.271300e+04 1.362580e+04 
5.140404e-02 1.167725e+04 1.241533e+04 
5.644444e-02 1.092276e+04 1.134839e+04 
6.148485e-02 1.032086e+04 1.040239e+04 
6.652525e-02 9.753520e+03 9.559884e+03 
7.156566e-02 9.140950e+03 8.806878e+03 
7.660606e-02 8.453885e+03 8.131808e+03 
8.164646e-02 7.713778e+03 7.524930e+03 
8.668687e-02 6.971387e+03 6.977939e+03 
9.172727e-02 6.279678e+03 6.483702e+03 
9.676768e-02 5.680380e+03 6.036067e+03 
1.018081e-01 5.199147e+03 5.629701e+03 
1.068485e-01 4.839408e+03 5.259975e+03 
1.118889e-01 4.581496e+03 4.922854e+03 
1.169293e-01 4.390792e+03 4.614818e+03 
1.219697e-01 4.231029e+03 4.332785e+03 
1.270101e-01 4.072128e+03 4.074054e+03 
1.320505e-01 3.893455e+03 3.836249e+03 
1.370909e-01 3.686483e+03 3.617276e+03 
1.421313e-01 3.455647e+03 3.415288e+03 
1.471717e-01 3.214629e+03 3.228649e+03 
1.522121e-01 2.979986e+03 3.055909e+03 
1.572525e-01 2.766711e+03 2.895780e+03 
1.622929e-01 2.585717e+03 2.747112e+03 
1.673333e-01 2.441517e+03 2.608882e+03 
1.723737e-01 2.331411e+03 2.480174e+03 
1.774141e-01 2.246726e+03 2.360166e+03 
1.824545e-01 2.176964e+03 2.248122e+03 
1.874949e-01 2.112170e+03 2.143379e+03 
1.925354e-01 2.044235e+03 2.045339e+03 
1.975758e-01 1.967899e+03 1.953465e+03 
2.026162e-01 1.881921e+03 1.867267e+03 
2.076566e-01 1.789090e+03 1.786305e+03 
2.126970e-01 1.694494e+03 1.710179e+03 
2.177374e-01 1.603548e+03 1.638524e+03 
2.227778e-01 1.520722e+03 1.571009e+03 
2.278182e-01 1.448826e+03 1.507333e+03 
2.328586e-01 1.388641e+03 1.447219e+03 
2.378990e-01 1.339011e+03 1.390417e+03 
2.429394e-01 1.297428e+03 1.336695e+03 
2.479798e-01 1.260736e+03 1.285842e+03 
2.530202e-01 1.225738e+03 1.237665e+03 
2.580606e-01 1.189710e+03 1.191986e+03 
2.631010e-01 1.151102e+03 1.148639e+03 
2.681414e-01 1.109883e+03 1.107475e+03 
2.731818e-01 1.067143e+03 1.068355e+03 
2.782222e-01 1.024395e+03 1.031148e+03 
2.832626e-01 9.831520e+02 9.957378e+02 
2.883030e-01 9.447253e+02 9.620131e+02 
2.933434e-01 9.100919e+02 9.298723e+02 
2.983838e-01 8.795958e+02 8.992210e+02 
3.034242e-01 8.528343e+02 8.699715e+02 
3.084646e-01 8.289055e+02 8.420424e+02 
3.135051e-01 8.067733e+02 8.153579e+02 
3.185455e-01 7.855074e+02 7.898475e+02 
3.235859e-01 7.643455e+02 7.654456e+02 
3.286263e-01 7.427735e+02 7.420908e+02 
3.336667e-01 7.206664e+02 7.197261e+02 
3.387071e-01 6.982882e+02 6.982980e+02 
3.437475e-01 6.761230e+02 6.777566e+02 
3.487879e-01 6.546924e+02 6.580552e+02 
3.538283e-01 6.343913e+02 6.391500e+02 
3.588687e-01 6.154826e+02 6.210000e+02 
3.639091e-01 5.980638e+02 6.035669e+02 
3.689495e-01 5.820487e+02 5.868145e+02 
3.739899e-01 5.671910e+02 5.707090e+02 
3.790303e-01 5.531617e+02 5.552186e+02 
3.840707e-01 5.396497e+02 5.403132e+02 
3.891111e-01 5.264129e+02 5.259647e+02 
3.941515e-01 5.132888e+02 5.121466e+02 
3.991919e-01 5.002074e+02 4.988338e+02 
4.042323e-01 4.872001e+02 4.860028e+02 
4.092727e-01 4.744007e+02 4.736314e+02 
4.143131e-01 4.619832e+02 4.616985e+02 
4.193535e-01 4.500622e+02 4.501843e+02 
4.243939e-01 4.387053e+02 4.390700e+02 
4.294343e-01 4.279386e+02 4.283379e+02 
4.344747e-01 4.177571e+02 4.179712e+02 
4.395152e-01 4.081151e+02 4.079541e+02 
4.445556e-01 3.988989e+02 3.982714e+02 
4.495960e-01 3.899899e+02 3.889090e+02 
4.546364e-01 3.813067e+02 3.798532e+02 
4.596768e-01 3.728056e+02 3.710913e+02 
4.647172e-01 3.644636e+02 3.626110e+02 
4.697576e-01 3.562628e+02 3.544008e+02 
4.747980e-01 3.482150e+02 3.464497e+02 
4.798384e-01 3.403733e+02 3.387472e+02 
4.848788e-01 3.327851e+02 3.312835e+02 
4.899192e-01 3.254755e+02 3.240490e+02 
4.949596e-01 3.184440e+02 3.170347e+02 
5.000000e-01 3.116807e+02 3.102321e+02 
