1.000000e-03 2.812536e+03 2.812534e+03 
6.040404e-03 1.258711e+04 1.267645e+04 
1.108081e-02 1.723367e+04 1.727281e+04 
1.612121e-02 1.883892e+04 1.877461e+04 
2.116162e-02 1.866768e+04 1.849713e+04 
2.620202e-02 1.756388e+04 1.745007e+04 
3.124242e-02 1.610305e+04 1.621210e+04 
3.628283e-02 1.464305e+04 1.498904e+04 
4.132323e-02 1.336322e+04 1.383711e+04 
4.636364e-02 1.230037e+04 1.277035e+04 
5.140404e-02 1.145470e+04 1.179060e+04 
5.644444e-02 1.072259e+04 1.089517e+04 
6.148485e-02 1.004655e+04 1.007918e+04 
6.652525e-02 9.379727e+03 9.336769e+03 
7.156566e-02 8.696859e+03 8.661726e+03 
7.660606e-02 8.007802e+03 8.047881e+03 
8.164646e-02 7.345680e+03 7.489356e+03 
8.668687e-02 6.743826e+03 6.980679e+03 
9.172727e-02 6.219816e+03 6.516844e+03 
9.676768e-02 5.779431e+03 6.093315e+03 
1.018081e-01 5.419693e+03 5.706013e+03 
1.068485e-01 5.126446e+03 5.351285e+03 
1.118889e-01 4.874208e+03 5.025873e+03 
1.169293e-01 4.637075e+03 4.726871e+03 
1.219697e-01 4.399199e+03 4.451693e+03 
1.270101e-01 4.156004e+03 4.198036e+03 
1.320505e-01 3.910186e+03 3.963848e+03 
1.370909e-01 3.668754e+03 3.747300e+03 
1.421313e-01 3.440842e+03 3.546761e+03 
1.471717e-01 3.233836e+03 3.360774e+03 
1.522121e-01 3.051985e+03 3.188033e+03 
1.572525e-01 2.895809e+03 3.027371e+03 
1.622929e-01 2.762570e+03 2.877740e+03 
1.673333e-01 2.646329e+03 2.738200e+03 
1.723737e-01 2.539774e+03 2.607902e+03 
1.774141e-01 2.436988e+03 2.486084e+03 
1.824545e-01 2.334732e+03 2.372056e+03 
1.874949e-01 2.232107e+03 2.265196e+03 
1.925354e-01 2.129623e+03 2.164939e+03 
1.975758e-01 2.029394e+03 2.070775e+03 
2.026162e-01 1.934285e+03 1.982238e+03 
2.076566e-01 1.846652e+03 1.898906e+03 
2.126970e-01 1.767360e+03 1.820396e+03 
2.177374e-01 1.695987e+03 1.746355e+03 
2.227778e-01 1.631575e+03 1.676464e+03 
2.278182e-01 1.572697e+03 1.610429e+03 
2.328586e-01 1.517455e+03 1.547983e+03 
2.378990e-01 1.464245e+03 1.488879e+03 
2.429394e-01 1.412216e+03 1.432892e+03 
2.479798e-01 1.361163e+03 1.379813e+03 
2.530202e-01 1.311149e+03 1.329453e+03 
2.580606e-01 1.262500e+03 1.281635e+03 
2.631010e-01 1.215894e+03 1.236196e+03 
2.681414e-01 1.172039e+03 1.192987e+03 
2.731818e-01 1.131272e+03 1.151869e+03 
2.782222e-01 1.093354e+03 1.112715e+03 
2.832626e-01 1.057867e+03 1.075405e+03 
2.883030e-01 1.024440e+03 1.039828e+03 
2.933434e-01 9.927383e+02 1.005884e+03 
2.983838e-01 9.623646e+02 9.734770e+02 
3.034242e-01 9.329159e+02 9.425183e+02 
3.084646e-01 9.042096e+02 9.129260e+02 
3.135051e-01 8.763369e+02 8.846235e+02 
3.185455e-01 8.494416e+02 8.575394e+02 
3.235859e-01 8.236235e+02 8.316070e+02 
3.286263e-01 7.989151e+02 8.067640e+02 
3.336667e-01 7.753591e+02 7.829523e+02 
3.387071e-01 7.529916e+02 7.601175e+02 
3.437475e-01 7.317699e+02 7.382084e+02 
3.487879e-01 7.115429e+02 7.171774e+02 
3.538283e-01 6.921095e+02 6.969797e+02 
3.588687e-01 6.733684e+02 6.775731e+02 
3.639091e-01 6.552607e+02 6.589184e+02 
3.689495e-01 6.377694e+02 6.409783e+02 
3.739899e-01 6.208360e+02 6.237179e+02 
3.790303e-01 6.044376e+02 6.071045e+02 
3.840707e-01 5.886054e+02 5.911071e+02 
3.891111e-01 5.733638e+02 5.756967e+02 
3.941515e-01 5.587222e+02 5.608457e+02 
3.991919e-01 5.446437e+02 5.465283e+02 
4.042323e-01 5.310903e+02 5.327199e+02 
4.092727e-01 5.180470e+02 5.193976e+02 
4.143131e-01 5.054765e+02 5.065394e+02 
4.193535e-01 4.933347e+02 4.941248e+02 
4.243939e-01 4.815775e+02 4.821342e+02 
4.294343e-01 4.701786e+02 4.705491e+02 
4.344747e-01 4.591429e+02 4.593520e+02 
4.395152e-01 4.484558e+02 4.485263e+02 
4.445556e-01 4.381093e+02 4.380563e+02 
4.495960e-01 4.280913e+02 4.279271e+02 
4.546364e-01 4.183934e+02 4.181244e+02 
4.596768e-01 4.090127e+02 4.086348e+02 
4.647172e-01 3.999440e+02 3.994456e+02 
4.697576e-01 3.911655e+02 3.905446e+02 
4.747980e-01 3.826510e+02 3.819202e+02 
4.798384e-01 3.743964e+02 3.735615e+02 
4.848788e-01 3.663894e+02 3.654580e+02 
4.899192e-01 3.586250e+02 3.575997e+02 
4.949596e-01 3.510803e+02 3.499771e+02 
5.000000e-01 3.437470e+02 3.425812e+02 
