1.000000e-03 5.336227e+03 5.336223e+03 
6.040404e-03 2.389114e+04 2.408198e+04 
1.108081e-02 3.210517e+04 3.239937e+04 
1.612121e-02 3.396293e+04 3.430789e+04 
2.116162e-02 3.201959e+04 3.201845e+04 
2.620202e-02 2.815897e+04 2.789540e+04 
3.124242e-02 2.377544e+04 2.386097e+04 
3.628283e-02 1.976758e+04 2.056678e+04 
4.132323e-02 1.657415e+04 1.796756e+04 
4.636364e-02 1.426871e+04 1.588400e+04 
5.140404e-02 1.278424e+04 1.417147e+04 
5.644444e-02 1.187282e+04 1.273315e+04 
6.148485e-02 1.129451e+04 1.150527e+04 
6.652525e-02 1.082858e+04 1.044430e+04 
7.156566e-02 1.031246e+04 9.519173e+03 
7.660606e-02 9.644499e+03 8.706703e+03 
8.164646e-02 8.808205e+03 7.988997e+03 
8.668687e-02 7.864929e+03 7.351858e+03 
9.172727e-02 6.913464e+03 6.783793e+03 
9.676768e-02 6.049594e+03 6.275352e+03 
1.018081e-01 5.340603e+03 5.818674e+03 
1.068485e-01 4.815728e+03 5.407160e+03 
1.118889e-01 4.467507e+03 5.035222e+03 
1.169293e-01 4.262168e+03 4.698106e+03 
1.219697e-01 4.150913e+03 4.391739e+03 
1.270101e-01 4.079234e+03 4.112616e+03 
1.320505e-01 3.997225e+03 3.857710e+03 
1.370909e-01 3.870003e+03 3.624393e+03 
1.421313e-01 3.682798e+03 3.410377e+03 
1.471717e-01 3.439631e+03 3.213662e+03 
1.522121e-01 3.159658e+03 3.032496e+03 
1.572525e-01 2.872224e+03 2.865338e+03 
1.622929e-01 2.608250e+03 2.710828e+03 
1.673333e-01 2.389806e+03 2.567764e+03 
1.723737e-01 2.225351e+03 2.435080e+03 
1.774141e-01 2.112364e+03 2.311829e+03 
1.824545e-01 2.042019e+03 2.197168e+03 
1.874949e-01 2.001501e+03 2.090341e+03 
1.925354e-01 1.974289e+03 1.990674e+03 
1.975758e-01 1.943405e+03 1.897563e+03 
2.026162e-01 1.896444e+03 1.810462e+03 
2.076566e-01 1.828330e+03 1.728882e+03 
2.126970e-01 1.740326e+03 1.652382e+03 
2.177374e-01 1.638239e+03 1.580560e+03 
2.227778e-01 1.530933e+03 1.513056e+03 
2.278182e-01 1.428210e+03 1.449541e+03 
2.328586e-01 1.338271e+03 1.389716e+03 
2.378990e-01 1.265639e+03 1.333310e+03 
2.429394e-01 1.211158e+03 1.280076e+03 
2.479798e-01 1.172849e+03 1.229787e+03 
2.530202e-01 1.146604e+03 1.182237e+03 
2.580606e-01 1.126825e+03 1.137236e+03 
2.631010e-01 1.107632e+03 1.094612e+03 
2.681414e-01 1.084422e+03 1.054204e+03 
2.731818e-01 1.054713e+03 1.015867e+03 
2.782222e-01 1.018030e+03 9.794649e+02 
2.832626e-01 9.755655e+02 9.448745e+02 
2.883030e-01 9.298825e+02 9.119810e+02 
2.933434e-01 8.843285e+02 8.806786e+02 
2.983838e-01 8.421282e+02 8.508692e+02 
3.034242e-01 8.054709e+02 8.224624e+02 
3.084646e-01 7.752385e+02 7.953741e+02 
3.135051e-01 7.512012e+02 7.695264e+02 
3.185455e-01 7.323289e+02 7.448470e+02 
3.235859e-01 7.169912e+02 7.212687e+02 
3.286263e-01 7.031701e+02 6.987288e+02 
3.336667e-01 6.889618e+02 6.771690e+02 
3.387071e-01 6.730608e+02 6.565352e+02 
3.437475e-01 6.549227e+02 6.367765e+02 
3.487879e-01 6.346939e+02 6.178457e+02 
3.538283e-01 6.130143e+02 5.996984e+02 
3.588687e-01 5.908390e+02 5.822934e+02 
3.639091e-01 5.692823e+02 5.655920e+02 
3.689495e-01 5.493249e+02 5.495577e+02 
3.739899e-01 5.315717e+02 5.341567e+02 
3.790303e-01 5.162100e+02 5.193570e+02 
3.840707e-01 5.030646e+02 5.051286e+02 
3.891111e-01 4.917033e+02 4.914433e+02 
3.941515e-01 4.814779e+02 4.782747e+02 
3.991919e-01 4.716728e+02 4.655980e+02 
4.042323e-01 4.617157e+02 4.533895e+02 
4.092727e-01 4.512524e+02 4.416272e+02 
4.143131e-01 4.401683e+02 4.302903e+02 
4.193535e-01 4.285342e+02 4.193591e+02 
4.243939e-01 4.165732e+02 4.088151e+02 
4.294343e-01 4.046460e+02 3.986407e+02 
4.344747e-01 3.931592e+02 3.888194e+02 
4.395152e-01 3.824067e+02 3.793354e+02 
4.445556e-01 3.725168e+02 3.701741e+02 
4.495960e-01 3.635395e+02 3.613213e+02 
4.546364e-01 3.554142e+02 3.527637e+02 
4.596768e-01 3.479674e+02 3.444889e+02 
4.647172e-01 3.409608e+02 3.364847e+02 
4.697576e-01 3.341360e+02 3.287400e+02 
4.747980e-01 3.273174e+02 3.212438e+02 
4.798384e-01 3.204065e+02 3.139861e+02 
4.848788e-01 3.133747e+02 3.069571e+02 
4.899192e-01 3.062410e+02 3.001476e+02 
4.949596e-01 2.990934e+02 2.935489e+02 
5.000000e-01 2.920594e+02 2.871525e+02 
