1.000000e-03 4.943143e+03 4.943138e+03 
6.040404e-03 2.135194e+04 2.151689e+04 
1.108081e-02 2.847044e+04 2.868793e+04 
1.612121e-02 3.010338e+04 3.031217e+04 
2.116162e-02 2.852879e+04 2.845846e+04 
2.620202e-02 2.535952e+04 2.516292e+04 
3.124242e-02 2.175753e+04 2.192391e+04 
3.628283e-02 1.845591e+04 1.921484e+04 
4.132323e-02 1.580889e+04 1.700825e+04 
4.636364e-02 1.386960e+04 1.518567e+04 
5.140404e-02 1.258065e+04 1.365060e+04 
5.644444e-02 1.172676e+04 1.233676e+04 
6.148485e-02 1.111316e+04 1.119885e+04 
6.652525e-02 1.055785e+04 1.020465e+04 
7.156566e-02 9.939633e+03 9.330135e+03 
7.660606e-02 9.200059e+03 8.556719e+03 
8.164646e-02 8.351869e+03 7.869577e+03 
8.668687e-02 7.460443e+03 7.256632e+03 
9.172727e-02 6.607303e+03 6.707899e+03 
9.676768e-02 5.862841e+03 6.215023e+03 
1.018081e-01 5.270859e+03 5.770956e+03 
1.068485e-01 4.841407e+03 5.369709e+03 
1.118889e-01 4.554108e+03 5.006166e+03 
1.169293e-01 4.369686e+03 4.675935e+03 
1.219697e-01 4.241683e+03 4.375228e+03 
1.270101e-01 4.124584e+03 4.100767e+03 
1.320505e-01 3.982195e+03 3.849704e+03 
1.370909e-01 3.795239e+03 3.619555e+03 
1.421313e-01 3.563695e+03 3.408149e+03 
1.471717e-01 3.301777e+03 3.213583e+03 
1.522121e-01 3.030957e+03 3.034181e+03 
1.572525e-01 2.775085e+03 2.868466e+03 
1.622929e-01 2.555021e+03 2.715132e+03 
1.673333e-01 2.382215e+03 2.573019e+03 
1.723737e-01 2.256286e+03 2.441098e+03 
1.774141e-01 2.168758e+03 2.318453e+03 
1.824545e-01 2.107755e+03 2.204264e+03 
1.874949e-01 2.060157e+03 2.097798e+03 
1.925354e-01 2.012545e+03 1.998400e+03 
1.975758e-01 1.953827e+03 1.905478e+03 
2.026162e-01 1.878611e+03 1.818502e+03 
2.076566e-01 1.788192e+03 1.736991e+03 
2.126970e-01 1.688277e+03 1.660513e+03 
2.177374e-01 1.586248e+03 1.588677e+03 
2.227778e-01 1.489424e+03 1.521125e+03 
2.278182e-01 1.403918e+03 1.457536e+03 
2.328586e-01 1.333419e+03 1.397616e+03 
2.378990e-01 1.278461e+03 1.341098e+03 
2.429394e-01 1.236824e+03 1.287736e+03 
2.479798e-01 1.204546e+03 1.237309e+03 
2.530202e-01 1.176968e+03 1.189612e+03 
2.580606e-01 1.149586e+03 1.144457e+03 
2.631010e-01 1.118915e+03 1.101673e+03 
2.681414e-01 1.083260e+03 1.061102e+03 
2.731818e-01 1.042788e+03 1.022600e+03 
2.782222e-01 9.990771e+02 9.860317e+02 
2.832626e-01 9.544391e+02 9.512747e+02 
2.883030e-01 9.113566e+02 9.182151e+02 
2.933434e-01 8.719808e+02 8.867475e+02 
2.983838e-01 8.376951e+02 8.567746e+02 
3.034242e-01 8.089082e+02 8.282063e+02 
3.084646e-01 7.850180e+02 8.009590e+02 
3.135051e-01 7.647600e+02 7.749549e+02 
3.185455e-01 7.466189e+02 7.501220e+02 
3.235859e-01 7.291196e+02 7.263933e+02 
3.286263e-01 7.110817e+02 7.037062e+02 
3.336667e-01 6.917399e+02 6.820026e+02 
3.387071e-01 6.709266e+02 6.612284e+02 
3.437475e-01 6.490464e+02 6.413327e+02 
3.487879e-01 6.268876e+02 6.222684e+02 
3.538283e-01 6.052673e+02 6.039912e+02 
3.588687e-01 5.848690e+02 5.864596e+02 
3.639091e-01 5.661848e+02 5.696351e+02 
3.689495e-01 5.494558e+02 5.534812e+02 
3.739899e-01 5.346485e+02 5.379639e+02 
3.790303e-01 5.214226e+02 5.230512e+02 
3.840707e-01 5.092508e+02 5.087130e+02 
3.891111e-01 4.976115e+02 4.949213e+02 
3.941515e-01 4.860803e+02 4.816493e+02 
3.991919e-01 4.743818e+02 4.688722e+02 
4.042323e-01 4.623793e+02 4.565664e+02 
4.092727e-01 4.501106e+02 4.447097e+02 
4.143131e-01 4.377808e+02 4.332812e+02 
4.193535e-01 4.256555e+02 4.222612e+02 
4.243939e-01 4.139771e+02 4.116311e+02 
4.294343e-01 4.029266e+02 4.013732e+02 
4.344747e-01 3.926250e+02 3.914709e+02 
4.395152e-01 3.830928e+02 3.819085e+02 
4.445556e-01 3.742578e+02 3.726710e+02 
4.495960e-01 3.659648e+02 3.637445e+02 
4.546364e-01 3.580389e+02 3.551154e+02 
4.596768e-01 3.503290e+02 3.467712e+02 
4.647172e-01 3.427119e+02 3.386998e+02 
4.697576e-01 3.351157e+02 3.308899e+02 
4.747980e-01 3.275205e+02 3.233306e+02 
4.798384e-01 3.199583e+02 3.160117e+02 
4.848788e-01 3.125219e+02 3.089233e+02 
4.899192e-01 3.052831e+02 3.020562e+02 
4.949596e-01 2.983057e+02 2.954016e+02 
5.000000e-01 2.916350e+02 2.889511e+02 
