1.000000e-03 4.256143e+03 4.256139e+03 
6.040404e-03 1.871931e+04 1.886400e+04 
1.108081e-02 2.527248e+04 2.545186e+04 
1.612121e-02 2.704686e+04 2.721076e+04 
2.116162e-02 2.596604e+04 2.589980e+04 
2.620202e-02 2.340562e+04 2.323033e+04 
3.124242e-02 2.036979e+04 2.049624e+04 
3.628283e-02 1.751052e+04 1.814705e+04 
4.132323e-02 1.516179e+04 1.619401e+04 
4.636364e-02 1.339718e+04 1.455473e+04 
5.140404e-02 1.218652e+04 1.315621e+04 
5.644444e-02 1.135894e+04 1.194672e+04 
6.148485e-02 1.075202e+04 1.089009e+04 
6.652525e-02 1.020920e+04 9.960117e+03 
7.156566e-02 9.620794e+03 9.136929e+03 
7.660606e-02 8.932974e+03 8.404876e+03 
8.164646e-02 8.153489e+03 7.751292e+03 
8.668687e-02 7.335204e+03 7.165720e+03 
9.172727e-02 6.546113e+03 6.639408e+03 
9.676768e-02 5.846423e+03 6.164961e+03 
1.018081e-01 5.277547e+03 5.736078e+03 
1.068485e-01 4.853396e+03 5.347368e+03 
1.118889e-01 4.559356e+03 4.994187e+03 
1.169293e-01 4.361676e+03 4.672524e+03 
1.219697e-01 4.219399e+03 4.378900e+03 
1.270101e-01 4.093045e+03 4.110289e+03 
1.320505e-01 3.950331e+03 3.864046e+03 
1.370909e-01 3.771549e+03 3.637859e+03 
1.421313e-01 3.554068e+03 3.429695e+03 
1.471717e-01 3.309095e+03 3.237766e+03 
1.522121e-01 3.054864e+03 3.060493e+03 
1.572525e-01 2.811546e+03 2.896478e+03 
1.622929e-01 2.597166e+03 2.744482e+03 
1.673333e-01 2.423411e+03 2.603404e+03 
1.723737e-01 2.292554e+03 2.472261e+03 
1.774141e-01 2.198270e+03 2.350176e+03 
1.824545e-01 2.129949e+03 2.236363e+03 
1.874949e-01 2.075874e+03 2.130120e+03 
1.925354e-01 2.024466e+03 2.030813e+03 
1.975758e-01 1.965887e+03 1.937873e+03 
2.026162e-01 1.894198e+03 1.850786e+03 
2.076566e-01 1.808975e+03 1.769088e+03 
2.126970e-01 1.714401e+03 1.692358e+03 
2.177374e-01 1.616939e+03 1.620216e+03 
2.227778e-01 1.523146e+03 1.552316e+03 
2.278182e-01 1.438547e+03 1.488342e+03 
2.328586e-01 1.366684e+03 1.428007e+03 
2.378990e-01 1.308680e+03 1.371051e+03 
2.429394e-01 1.263285e+03 1.317234e+03 
2.479798e-01 1.227463e+03 1.266337e+03 
2.530202e-01 1.197164e+03 1.218159e+03 
2.580606e-01 1.168236e+03 1.172517e+03 
2.631010e-01 1.137358e+03 1.129241e+03 
2.681414e-01 1.102670e+03 1.088177e+03 
2.731818e-01 1.063899e+03 1.049180e+03 
2.782222e-01 1.022043e+03 1.012120e+03 
2.832626e-01 9.789109e+02 9.768726e+02 
2.883030e-01 9.366649e+02 9.433270e+02 
2.933434e-01 8.973064e+02 9.113784e+02 
2.983838e-01 8.622332e+02 8.809303e+02 
3.034242e-01 8.319982e+02 8.518931e+02 
3.084646e-01 8.063583e+02 8.241838e+02 
3.135051e-01 7.844303e+02 7.977252e+02 
3.185455e-01 7.649680e+02 7.724456e+02 
3.235859e-01 7.466142e+02 7.482781e+02 
3.286263e-01 7.282010e+02 7.251606e+02 
3.336667e-01 7.089557e+02 7.030349e+02 
3.387071e-01 6.886045e+02 6.818469e+02 
3.437475e-01 6.673053e+02 6.615462e+02 
3.487879e-01 6.455707e+02 6.420852e+02 
3.538283e-01 6.240996e+02 6.234199e+02 
3.588687e-01 6.035812e+02 6.055087e+02 
3.639091e-01 5.845260e+02 5.883129e+02 
3.689495e-01 5.671823e+02 5.717961e+02 
3.739899e-01 5.515575e+02 5.559241e+02 
3.790303e-01 5.374683e+02 5.406648e+02 
3.840707e-01 5.245718e+02 5.259880e+02 
3.891111e-01 5.124254e+02 5.118654e+02 
3.941515e-01 5.005899e+02 4.982704e+02 
3.991919e-01 4.887304e+02 4.851777e+02 
4.042323e-01 4.766948e+02 4.725637e+02 
4.092727e-01 4.645010e+02 4.604061e+02 
4.143131e-01 4.522499e+02 4.486838e+02 
4.193535e-01 4.401113e+02 4.373769e+02 
4.243939e-01 4.282989e+02 4.264666e+02 
4.294343e-01 4.170133e+02 4.159351e+02 
4.344747e-01 4.063946e+02 4.057658e+02 
4.395152e-01 3.964788e+02 3.959425e+02 
4.445556e-01 3.872140e+02 3.864504e+02 
4.495960e-01 3.785060e+02 3.772752e+02 
4.546364e-01 3.702397e+02 3.684033e+02 
4.596768e-01 3.622771e+02 3.598219e+02 
4.647172e-01 3.544774e+02 3.515190e+02 
4.697576e-01 3.467493e+02 3.434828e+02 
4.747980e-01 3.390629e+02 3.357025e+02 
4.798384e-01 3.314380e+02 3.281678e+02 
4.848788e-01 3.239203e+02 3.208685e+02 
4.899192e-01 3.165585e+02 3.137955e+02 
4.949596e-01 3.094191e+02 3.069396e+02 
5.000000e-01 3.025520e+02 3.002924e+02 
