1.000000e-03 2.795970e+03 2.795967e+03 
6.040404e-03 1.281632e+04 1.291203e+04 
1.108081e-02 1.778859e+04 1.787324e+04 
1.612121e-02 1.957903e+04 1.960828e+04 
2.116162e-02 1.940721e+04 1.930332e+04 
2.620202e-02 1.814908e+04 1.803020e+04 
3.124242e-02 1.644763e+04 1.654785e+04 
3.628283e-02 1.473235e+04 1.514660e+04 
4.132323e-02 1.323984e+04 1.388223e+04 
4.636364e-02 1.204827e+04 1.274818e+04 
5.140404e-02 1.114664e+04 1.172910e+04 
5.644444e-02 1.045739e+04 1.081121e+04 
6.148485e-02 9.874971e+03 9.982991e+03 
6.652525e-02 9.327230e+03 9.234607e+03 
7.156566e-02 8.750704e+03 8.557455e+03 
7.660606e-02 8.121818e+03 7.943908e+03 
8.164646e-02 7.458690e+03 7.387172e+03 
8.668687e-02 6.804266e+03 6.881197e+03 
9.172727e-02 6.199278e+03 6.420601e+03 
9.676768e-02 5.671577e+03 6.000603e+03 
1.018081e-01 5.237286e+03 5.616964e+03 
1.068485e-01 4.899455e+03 5.265927e+03 
1.118889e-01 4.644270e+03 4.944163e+03 
1.169293e-01 4.444160e+03 4.648722e+03 
1.219697e-01 4.268357e+03 4.376989e+03 
1.270101e-01 4.092550e+03 4.126644e+03 
1.320505e-01 3.902994e+03 3.895627e+03 
1.370909e-01 3.695538e+03 3.682105e+03 
1.421313e-01 3.474421e+03 3.484447e+03 
1.471717e-01 3.249824e+03 3.301197e+03 
1.522121e-01 3.034140e+03 3.131055e+03 
1.572525e-01 2.838612e+03 2.972859e+03 
1.622929e-01 2.670938e+03 2.825566e+03 
1.673333e-01 2.533669e+03 2.688241e+03 
1.723737e-01 2.423758e+03 2.560043e+03 
1.774141e-01 2.333960e+03 2.440215e+03 
1.824545e-01 2.255677e+03 2.328073e+03 
1.874949e-01 2.181344e+03 2.223001e+03 
1.925354e-01 2.105198e+03 2.124440e+03 
1.975758e-01 2.023576e+03 2.031884e+03 
2.026162e-01 1.935822e+03 1.944874e+03 
2.076566e-01 1.844502e+03 1.862992e+03 
2.126970e-01 1.753887e+03 1.785857e+03 
2.177374e-01 1.668062e+03 1.713125e+03 
2.227778e-01 1.589841e+03 1.644477e+03 
2.278182e-01 1.520791e+03 1.579625e+03 
2.328586e-01 1.461374e+03 1.518304e+03 
2.378990e-01 1.410514e+03 1.460271e+03 
2.429394e-01 1.365962e+03 1.405304e+03 
2.479798e-01 1.324995e+03 1.353198e+03 
2.530202e-01 1.285341e+03 1.303765e+03 
2.580606e-01 1.245378e+03 1.256831e+03 
2.631010e-01 1.204199e+03 1.212237e+03 
2.681414e-01 1.161698e+03 1.169834e+03 
2.731818e-01 1.118638e+03 1.129487e+03 
2.782222e-01 1.076353e+03 1.091068e+03 
2.832626e-01 1.036130e+03 1.054462e+03 
2.883030e-01 9.987946e+02 1.019559e+03 
2.933434e-01 9.646851e+02 9.862589e+02 
2.983838e-01 9.338202e+02 9.544687e+02 
3.034242e-01 9.058993e+02 9.241012e+02 
3.084646e-01 8.803118e+02 8.950755e+02 
3.135051e-01 8.562378e+02 8.673163e+02 
3.185455e-01 8.328747e+02 8.407533e+02 
3.235859e-01 8.097085e+02 8.153210e+02 
3.286263e-01 7.865427e+02 7.909581e+02 
3.336667e-01 7.634079e+02 7.676076e+02 
3.387071e-01 7.404960e+02 7.452158e+02 
3.437475e-01 7.180838e+02 7.237326e+02 
3.487879e-01 6.965000e+02 7.031112e+02 
3.538283e-01 6.760461e+02 6.833074e+02 
3.588687e-01 6.569104e+02 6.642800e+02 
3.639091e-01 6.390585e+02 6.459902e+02 
3.689495e-01 6.223281e+02 6.284015e+02 
3.739899e-01 6.064953e+02 6.114798e+02 
3.790303e-01 5.913589e+02 5.951927e+02 
3.840707e-01 5.767450e+02 5.795100e+02 
3.891111e-01 5.624777e+02 5.644029e+02 
3.941515e-01 5.484320e+02 5.498446e+02 
3.991919e-01 5.345852e+02 5.358096e+02 
4.042323e-01 5.209964e+02 5.222740e+02 
4.092727e-01 5.077655e+02 5.092149e+02 
4.143131e-01 4.949824e+02 4.966111e+02 
4.193535e-01 4.827034e+02 4.844422e+02 
4.243939e-01 4.709583e+02 4.726892e+02 
4.294343e-01 4.597487e+02 4.613337e+02 
4.344747e-01 4.490550e+02 4.503588e+02 
4.395152e-01 4.388186e+02 4.397480e+02 
4.445556e-01 4.289519e+02 4.294859e+02 
4.495960e-01 4.193847e+02 4.195579e+02 
4.546364e-01 4.100688e+02 4.099501e+02 
4.596768e-01 4.009770e+02 4.006493e+02 
4.647172e-01 3.920994e+02 3.916429e+02 
4.697576e-01 3.834315e+02 3.829190e+02 
4.747980e-01 3.749759e+02 3.744664e+02 
4.798384e-01 3.667577e+02 3.662742e+02 
4.848788e-01 3.588102e+02 3.583321e+02 
4.899192e-01 3.511415e+02 3.506304e+02 
4.949596e-01 3.437375e+02 3.431597e+02 
5.000000e-01 3.365826e+02 3.359113e+02 
