1.000000e-03 3.177031e+03 3.177028e+03 
6.040404e-03 1.442158e+04 1.453174e+04 
1.108081e-02 1.983945e+04 1.994747e+04 
1.612121e-02 2.164193e+04 2.170229e+04 
2.116162e-02 2.124193e+04 2.114726e+04 
2.620202e-02 1.964695e+04 1.951545e+04 
3.124242e-02 1.759229e+04 1.770164e+04 
3.628283e-02 1.556603e+04 1.604155e+04 
4.132323e-02 1.383285e+04 1.458372e+04 
4.636364e-02 1.247494e+04 1.330420e+04 
5.140404e-02 1.147503e+04 1.217362e+04 
5.644444e-02 1.073830e+04 1.116860e+04 
6.148485e-02 1.014425e+04 1.027118e+04 
6.652525e-02 9.593966e+03 9.467155e+03 
7.156566e-02 9.012276e+03 8.744819e+03 
7.660606e-02 8.367841e+03 8.094297e+03 
8.164646e-02 7.674112e+03 7.507119e+03 
8.668687e-02 6.974333e+03 6.975959e+03 
9.172727e-02 6.315528e+03 6.494443e+03 
9.676768e-02 5.735402e+03 6.057013e+03 
1.018081e-01 5.258238e+03 5.658813e+03 
1.068485e-01 4.891292e+03 5.295587e+03 
1.118889e-01 4.621292e+03 4.963607e+03 
1.169293e-01 4.419411e+03 4.659597e+03 
1.219697e-01 4.252327e+03 4.380674e+03 
1.270101e-01 4.091487e+03 4.124298e+03 
1.320505e-01 3.917368e+03 3.888227e+03 
1.370909e-01 3.720251e+03 3.670476e+03 
1.421313e-01 3.501422e+03 3.469289e+03 
1.471717e-01 3.271271e+03 3.283102e+03 
1.522121e-01 3.044290e+03 3.110529e+03 
1.572525e-01 2.834160e+03 2.950331e+03 
1.622929e-01 2.651229e+03 2.801403e+03 
1.673333e-01 2.501039e+03 2.662755e+03 
1.723737e-01 2.383046e+03 2.533502e+03 
1.774141e-01 2.291001e+03 2.412848e+03 
1.824545e-01 2.215613e+03 2.300075e+03 
1.874949e-01 2.147583e+03 2.194539e+03 
1.925354e-01 2.079270e+03 2.095657e+03 
1.975758e-01 2.005273e+03 2.002902e+03 
2.026162e-01 1.923293e+03 1.915797e+03 
2.076566e-01 1.834523e+03 1.833909e+03 
2.126970e-01 1.742936e+03 1.756844e+03 
2.177374e-01 1.653314e+03 1.684245e+03 
2.227778e-01 1.569936e+03 1.615786e+03 
2.278182e-01 1.495783e+03 1.551168e+03 
2.328586e-01 1.432165e+03 1.490119e+03 
2.378990e-01 1.378692e+03 1.432391e+03 
2.429394e-01 1.333491e+03 1.377755e+03 
2.479798e-01 1.293968e+03 1.326002e+03 
2.530202e-01 1.257332e+03 1.276939e+03 
2.580606e-01 1.221066e+03 1.230390e+03 
2.631010e-01 1.183313e+03 1.186190e+03 
2.681414e-01 1.143330e+03 1.144191e+03 
2.731818e-01 1.101650e+03 1.104252e+03 
2.782222e-01 1.059567e+03 1.066247e+03 
2.832626e-01 1.018473e+03 1.030056e+03 
2.883030e-01 9.795188e+02 9.955685e+02 
2.933434e-01 9.436021e+02 9.626839e+02 
2.983838e-01 9.113038e+02 9.313073e+02 
3.034242e-01 8.826456e+02 9.013506e+02 
3.084646e-01 8.570654e+02 8.727324e+02 
3.135051e-01 8.336415e+02 8.453765e+02 
3.185455e-01 8.114750e+02 8.192122e+02 
3.235859e-01 7.898404e+02 7.941735e+02 
3.286263e-01 7.682315e+02 7.701988e+02 
3.336667e-01 7.463513e+02 7.472305e+02 
3.387071e-01 7.242008e+02 7.252148e+02 
3.437475e-01 7.020719e+02 7.041015e+02 
3.487879e-01 6.804156e+02 6.838434e+02 
3.538283e-01 6.596616e+02 6.643965e+02 
3.588687e-01 6.400884e+02 6.457193e+02 
3.639091e-01 6.218378e+02 6.277730e+02 
3.689495e-01 6.049093e+02 6.105212e+02 
3.739899e-01 5.891837e+02 5.939296e+02 
3.790303e-01 5.744378e+02 5.779659e+02 
3.840707e-01 5.603785e+02 5.625999e+02 
3.891111e-01 5.467481e+02 5.478031e+02 
3.941515e-01 5.333677e+02 5.335484e+02 
3.991919e-01 5.201400e+02 5.198106e+02 
4.042323e-01 5.070383e+02 5.065658e+02 
4.092727e-01 4.941014e+02 4.937914e+02 
4.143131e-01 4.814355e+02 4.814660e+02 
4.193535e-01 4.691787e+02 4.695695e+02 
4.243939e-01 4.574355e+02 4.580828e+02 
4.294343e-01 4.462370e+02 4.469879e+02 
4.344747e-01 4.355889e+02 4.362677e+02 
4.395152e-01 4.254539e+02 4.259061e+02 
4.445556e-01 4.157904e+02 4.158877e+02 
4.495960e-01 4.065214e+02 4.061980e+02 
4.546364e-01 3.975515e+02 3.968232e+02 
4.596768e-01 3.887987e+02 3.877502e+02 
4.647172e-01 3.802230e+02 3.789667e+02 
4.697576e-01 3.718280e+02 3.704607e+02 
4.747980e-01 3.636129e+02 3.622212e+02 
4.798384e-01 3.555771e+02 3.542373e+02 
4.848788e-01 3.477520e+02 3.464990e+02 
4.899192e-01 3.401647e+02 3.389966e+02 
4.949596e-01 3.328555e+02 3.317209e+02 
5.000000e-01 3.258182e+02 3.246632e+02 
