1.000000e-03 6.290927e+03 6.290921e+03 
6.040404e-03 2.800219e+04 2.823097e+04 
1.108081e-02 3.758417e+04 3.798999e+04 
1.612121e-02 3.963198e+04 4.019006e+04 
2.116162e-02 3.710817e+04 3.723733e+04 
2.620202e-02 3.224691e+04 3.187193e+04 
3.124242e-02 2.674406e+04 2.660875e+04 
3.628283e-02 2.171135e+04 2.240030e+04 
4.132323e-02 1.770123e+04 1.919273e+04 
4.636364e-02 1.482009e+04 1.671329e+04 
5.140404e-02 1.298012e+04 1.473916e+04 
5.644444e-02 1.190259e+04 1.312322e+04 
6.148485e-02 1.130440e+04 1.177130e+04 
6.652525e-02 1.092026e+04 1.062156e+04 
7.156566e-02 1.053684e+04 9.631615e+03 
7.660606e-02 1.000027e+04 8.771073e+03 
8.164646e-02 9.245688e+03 8.017301e+03 
8.668687e-02 8.306962e+03 7.352887e+03 
9.172727e-02 7.283821e+03 6.764099e+03 
9.676768e-02 6.294792e+03 6.239891e+03 
1.018081e-01 5.438868e+03 5.771242e+03 
1.068485e-01 4.774207e+03 5.350689e+03 
1.118889e-01 4.314533e+03 4.971999e+03 
1.169293e-01 4.038862e+03 4.629924e+03 
1.219697e-01 3.904679e+03 4.320010e+03 
1.270101e-01 3.857125e+03 4.038458e+03 
1.320505e-01 3.837665e+03 3.782008e+03 
1.370909e-01 3.794393e+03 3.547850e+03 
1.421313e-01 3.691466e+03 3.333551e+03 
1.471717e-01 3.513586e+03 3.136994e+03 
1.522121e-01 3.266482e+03 2.956336e+03 
1.572525e-01 2.974987e+03 2.789958e+03 
1.622929e-01 2.675582e+03 2.636442e+03 
1.673333e-01 2.403143e+03 2.494537e+03 
1.723737e-01 2.180348e+03 2.363137e+03 
1.774141e-01 2.015946e+03 2.241263e+03 
1.824545e-01 1.908715e+03 2.128044e+03 
1.874949e-01 1.850681e+03 2.022706e+03 
1.925354e-01 1.827693e+03 1.924557e+03 
1.975758e-01 1.821034e+03 1.832977e+03 
2.026162e-01 1.811776e+03 1.747411e+03 
2.076566e-01 1.785433e+03 1.667360e+03 
2.126970e-01 1.734170e+03 1.592375e+03 
2.177374e-01 1.656796e+03 1.522051e+03 
2.227778e-01 1.558349e+03 1.456021e+03 
2.278182e-01 1.448800e+03 1.393953e+03 
2.328586e-01 1.340094e+03 1.335546e+03 
2.378990e-01 1.242559e+03 1.280527e+03 
2.429394e-01 1.162809e+03 1.228646e+03 
2.479798e-01 1.103585e+03 1.179676e+03 
2.530202e-01 1.064200e+03 1.133412e+03 
2.580606e-01 1.041031e+03 1.089662e+03 
2.631010e-01 1.028237e+03 1.048253e+03 
2.681414e-01 1.019132e+03 1.009027e+03 
2.731818e-01 1.007728e+03 9.718365e+02 
2.782222e-01 9.896335e+02 9.365484e+02 
2.832626e-01 9.624906e+02 9.030387e+02 
2.883030e-01 9.262043e+02 8.711933e+02 
2.933434e-01 8.829248e+02 8.409073e+02 
2.983838e-01 8.364149e+02 8.120835e+02 
3.034242e-01 7.908518e+02 7.846322e+02 
3.084646e-01 7.496632e+02 7.584700e+02 
3.135051e-01 7.150364e+02 7.335201e+02 
3.185455e-01 6.879088e+02 7.097108e+02 
3.235859e-01 6.680190e+02 6.869758e+02 
3.286263e-01 6.540195e+02 6.652534e+02 
3.336667e-01 6.437529e+02 6.444860e+02 
3.387071e-01 6.347871e+02 6.246202e+02 
3.437475e-01 6.249574e+02 6.056061e+02 
3.487879e-01 6.127472e+02 5.873972e+02 
3.538283e-01 5.974133e+02 5.699499e+02 
3.588687e-01 5.789693e+02 5.532237e+02 
3.639091e-01 5.581690e+02 5.371806e+02 
3.689495e-01 5.363005e+02 5.217849e+02 
3.739899e-01 5.148003e+02 5.070033e+02 
3.790303e-01 4.949187e+02 4.928046e+02 
3.840707e-01 4.774997e+02 4.791595e+02 
3.891111e-01 4.629379e+02 4.660403e+02 
3.941515e-01 4.511616e+02 4.534212e+02 
3.991919e-01 4.416748e+02 4.412779e+02 
4.042323e-01 4.336944e+02 4.295875e+02 
4.092727e-01 4.263549e+02 4.183283e+02 
4.143131e-01 4.188892e+02 4.074801e+02 
4.193535e-01 4.107265e+02 3.970237e+02 
4.243939e-01 4.015367e+02 3.869411e+02 
4.294343e-01 3.912698e+02 3.772151e+02 
4.344747e-01 3.801875e+02 3.678296e+02 
4.395152e-01 3.687564e+02 3.587695e+02 
4.445556e-01 3.574773e+02 3.500202e+02 
4.495960e-01 3.467902e+02 3.415682e+02 
4.546364e-01 3.370201e+02 3.334005e+02 
4.596768e-01 3.283598e+02 3.255049e+02 
4.647172e-01 3.208308e+02 3.178698e+02 
4.697576e-01 3.142653e+02 3.104843e+02 
4.747980e-01 3.083729e+02 3.033379e+02 
4.798384e-01 3.028319e+02 2.964206e+02 
4.848788e-01 2.973809e+02 2.897232e+02 
4.899192e-01 2.917848e+02 2.832366e+02 
4.949596e-01 2.858918e+02 2.769524e+02 
5.000000e-01 2.796573e+02 2.708625e+02 
