1.000000e-03 3.891249e+03 3.891246e+03 
6.040404e-03 1.702063e+04 1.714797e+04 
1.108081e-02 2.294674e+04 2.307866e+04 
1.612121e-02 2.459191e+04 2.467064e+04 
2.116162e-02 2.371856e+04 2.360591e+04 
2.620202e-02 2.155893e+04 2.142342e+04 
3.124242e-02 1.899114e+04 1.917098e+04 
3.628283e-02 1.657263e+04 1.718770e+04 
4.132323e-02 1.458097e+04 1.548947e+04 
4.636364e-02 1.307006e+04 1.402630e+04 
5.140404e-02 1.200371e+04 1.275217e+04 
5.644444e-02 1.122614e+04 1.163309e+04 
6.148485e-02 1.060173e+04 1.064398e+04 
6.652525e-02 1.000129e+04 9.765592e+03 
7.156566e-02 9.347522e+03 8.982549e+03 
7.660606e-02 8.615555e+03 8.282208e+03 
8.164646e-02 7.833237e+03 7.653973e+03 
8.668687e-02 7.056695e+03 7.088858e+03 
9.172727e-02 6.342260e+03 6.579182e+03 
9.676768e-02 5.732878e+03 6.118347e+03 
1.018081e-01 5.252056e+03 5.700658e+03 
1.068485e-01 4.898270e+03 5.321187e+03 
1.118889e-01 4.646259e+03 4.975657e+03 
1.169293e-01 4.457964e+03 4.660344e+03 
1.219697e-01 4.295592e+03 4.371999e+03 
1.270101e-01 4.128511e+03 4.107777e+03 
1.320505e-01 3.936799e+03 3.865187e+03 
1.370909e-01 3.714793e+03 3.642036e+03 
1.421313e-01 3.470475e+03 3.436392e+03 
1.471717e-01 3.219655e+03 3.246549e+03 
1.522121e-01 2.979823e+03 3.070997e+03 
1.572525e-01 2.766058e+03 2.908395e+03 
1.622929e-01 2.588442e+03 2.757552e+03 
1.673333e-01 2.449803e+03 2.617405e+03 
1.723737e-01 2.344970e+03 2.487006e+03 
1.774141e-01 2.263618e+03 2.365506e+03 
1.824545e-01 2.194523e+03 2.252144e+03 
1.874949e-01 2.127735e+03 2.146236e+03 
1.925354e-01 2.055485e+03 2.047168e+03 
1.975758e-01 1.973443e+03 1.954383e+03 
2.026162e-01 1.881614e+03 1.867380e+03 
2.076566e-01 1.784213e+03 1.785707e+03 
2.126970e-01 1.687072e+03 1.708953e+03 
2.177374e-01 1.595707e+03 1.636743e+03 
2.227778e-01 1.514208e+03 1.568738e+03 
2.278182e-01 1.444683e+03 1.504631e+03 
2.328586e-01 1.387184e+03 1.444138e+03 
2.378990e-01 1.339899e+03 1.387002e+03 
2.429394e-01 1.299773e+03 1.332988e+03 
2.479798e-01 1.263325e+03 1.281881e+03 
2.530202e-01 1.227248e+03 1.233482e+03 
2.580606e-01 1.189171e+03 1.187609e+03 
2.631010e-01 1.148236e+03 1.144096e+03 
2.681414e-01 1.104977e+03 1.102790e+03 
2.731818e-01 1.060772e+03 1.063547e+03 
2.782222e-01 1.017267e+03 1.026238e+03 
2.832626e-01 9.760263e+02 9.907422e+02 
2.883030e-01 9.383485e+02 9.569471e+02 
2.933434e-01 9.049150e+02 9.247495e+02 
2.983838e-01 8.756439e+02 8.940537e+02 
3.034242e-01 8.498164e+02 8.647706e+02 
3.084646e-01 8.264090e+02 8.368178e+02 
3.135051e-01 8.043703e+02 8.101184e+02 
3.185455e-01 7.827523e+02 7.846010e+02 
3.235859e-01 7.608608e+02 7.601991e+02 
3.286263e-01 7.384157e+02 7.368507e+02 
3.336667e-01 7.155407e+02 7.144979e+02 
3.387071e-01 6.926635e+02 6.930868e+02 
3.437475e-01 6.703124e+02 6.725668e+02 
3.487879e-01 6.489597e+02 6.528908e+02 
3.538283e-01 6.289799e+02 6.340145e+02 
3.588687e-01 6.105565e+02 6.158967e+02 
3.639091e-01 5.936438e+02 5.984983e+02 
3.689495e-01 5.780352e+02 5.817832e+02 
3.739899e-01 5.634025e+02 5.657171e+02 
3.790303e-01 5.494336e+02 5.502678e+02 
3.840707e-01 5.358488e+02 5.354052e+02 
3.891111e-01 5.224045e+02 5.211009e+02 
3.941515e-01 5.089992e+02 5.073282e+02 
3.991919e-01 4.956511e+02 4.940618e+02 
4.042323e-01 4.824792e+02 4.812781e+02 
4.092727e-01 4.696573e+02 4.689546e+02 
4.143131e-01 4.573033e+02 4.570702e+02 
4.193535e-01 4.455064e+02 4.456048e+02 
4.243939e-01 4.343306e+02 4.345398e+02 
4.294343e-01 4.237810e+02 4.238572e+02 
4.344747e-01 4.138057e+02 4.135401e+02 
4.395152e-01 4.042905e+02 4.035726e+02 
4.445556e-01 3.951136e+02 3.939396e+02 
4.495960e-01 3.862025e+02 3.846267e+02 
4.546364e-01 3.774977e+02 3.756204e+02 
4.596768e-01 3.689514e+02 3.669077e+02 
4.647172e-01 3.605388e+02 3.584764e+02 
4.697576e-01 3.522855e+02 3.503150e+02 
4.747980e-01 3.442383e+02 3.424123e+02 
4.798384e-01 3.364524e+02 3.347579e+02 
4.848788e-01 3.289437e+02 3.273418e+02 
4.899192e-01 3.217146e+02 3.201546e+02 
4.949596e-01 3.147719e+02 3.131872e+02 
5.000000e-01 3.081030e+02 3.064310e+02 
