1.000000e-03 3.191183e+03 3.191180e+03 
6.040404e-03 1.427434e+04 1.437907e+04 
1.108081e-02 1.949590e+04 1.957889e+04 
1.612121e-02 2.117791e+04 2.118526e+04 
2.116162e-02 2.075792e+04 2.062264e+04 
2.620202e-02 1.923257e+04 1.911826e+04 
3.124242e-02 1.730848e+04 1.746190e+04 
3.628283e-02 1.543675e+04 1.592342e+04 
4.132323e-02 1.384767e+04 1.454456e+04 
4.636364e-02 1.259961e+04 1.331307e+04 
5.140404e-02 1.166148e+04 1.221092e+04 
5.644444e-02 1.092819e+04 1.122232e+04 
6.148485e-02 1.029449e+04 1.033402e+04 
6.652525e-02 9.674552e+03 9.534613e+03 
7.156566e-02 9.015217e+03 8.814095e+03 
7.660606e-02 8.308390e+03 8.163640e+03 
8.164646e-02 7.585987e+03 7.575435e+03 
8.668687e-02 6.895144e+03 7.042570e+03 
9.172727e-02 6.274746e+03 6.558944e+03 
9.676768e-02 5.749713e+03 6.119177e+03 
1.018081e-01 5.331343e+03 5.718527e+03 
1.068485e-01 5.012667e+03 5.352821e+03 
1.118889e-01 4.768262e+03 5.018378e+03 
1.169293e-01 4.564238e+03 4.711956e+03 
1.219697e-01 4.370868e+03 4.430696e+03 
1.270101e-01 4.168701e+03 4.172069e+03 
1.320505e-01 3.949023e+03 3.933841e+03 
1.370909e-01 3.713409e+03 3.714030e+03 
1.421313e-01 3.471330e+03 3.510880e+03 
1.471717e-01 3.236562e+03 3.322829e+03 
1.522121e-01 3.021505e+03 3.148485e+03 
1.572525e-01 2.834809e+03 2.986607e+03 
1.622929e-01 2.680301e+03 2.836087e+03 
1.673333e-01 2.556056e+03 2.695931e+03 
1.723737e-01 2.454985e+03 2.565249e+03 
1.774141e-01 2.367602e+03 2.443241e+03 
1.824545e-01 2.285275e+03 2.329186e+03 
1.874949e-01 2.201734e+03 2.222435e+03 
1.925354e-01 2.113234e+03 2.122402e+03 
1.975758e-01 2.019038e+03 2.028555e+03 
2.026162e-01 1.921651e+03 1.940415e+03 
2.076566e-01 1.825382e+03 1.857545e+03 
2.126970e-01 1.734458e+03 1.779549e+03 
2.177374e-01 1.651932e+03 1.706065e+03 
2.227778e-01 1.579343e+03 1.636765e+03 
2.278182e-01 1.516776e+03 1.571348e+03 
2.328586e-01 1.462758e+03 1.509541e+03 
2.378990e-01 1.414804e+03 1.451090e+03 
2.429394e-01 1.370322e+03 1.395767e+03 
2.479798e-01 1.327109e+03 1.343359e+03 
2.530202e-01 1.283531e+03 1.293672e+03 
2.580606e-01 1.238750e+03 1.246528e+03 
2.631010e-01 1.192968e+03 1.201762e+03 
2.681414e-01 1.147333e+03 1.159222e+03 
2.731818e-01 1.103260e+03 1.118767e+03 
2.782222e-01 1.061766e+03 1.080269e+03 
2.832626e-01 1.023407e+03 1.043607e+03 
2.883030e-01 9.884220e+02 1.008670e+03 
2.933434e-01 9.567629e+02 9.753549e+02 
2.983838e-01 9.279493e+02 9.435665e+02 
3.034242e-01 9.011380e+02 9.132157e+02 
3.084646e-01 8.754570e+02 8.842201e+02 
3.135051e-01 8.503073e+02 8.565027e+02 
3.185455e-01 8.254134e+02 8.299919e+02 
3.235859e-01 8.006831e+02 8.046210e+02 
3.286263e-01 7.761727e+02 7.803276e+02 
3.336667e-01 7.521276e+02 7.570534e+02 
3.387071e-01 7.289179e+02 7.347442e+02 
3.437475e-01 7.068885e+02 7.133489e+02 
3.487879e-01 6.861928e+02 6.928200e+02 
3.538283e-01 6.667986e+02 6.731127e+02 
3.588687e-01 6.485884e+02 6.541852e+02 
3.639091e-01 6.313986e+02 6.359981e+02 
3.689495e-01 6.150226e+02 6.185146e+02 
3.739899e-01 5.992397e+02 6.016999e+02 
3.790303e-01 5.838579e+02 5.855215e+02 
3.840707e-01 5.687733e+02 5.699487e+02 
3.891111e-01 5.539952e+02 5.549525e+02 
3.941515e-01 5.395584e+02 5.405057e+02 
3.991919e-01 5.255175e+02 5.265827e+02 
4.042323e-01 5.119366e+02 5.131592e+02 
4.092727e-01 4.989011e+02 5.002124e+02 
4.143131e-01 4.864555e+02 4.877205e+02 
4.193535e-01 4.745824e+02 4.756634e+02 
4.243939e-01 4.632183e+02 4.640215e+02 
4.294343e-01 4.523004e+02 4.527767e+02 
4.344747e-01 4.417853e+02 4.419117e+02 
4.395152e-01 4.316153e+02 4.314101e+02 
4.445556e-01 4.217242e+02 4.212563e+02 
4.495960e-01 4.120784e+02 4.114356e+02 
4.546364e-01 4.026657e+02 4.019342e+02 
4.596768e-01 3.935074e+02 3.927386e+02 
4.647172e-01 3.846200e+02 3.838364e+02 
4.697576e-01 3.760003e+02 3.752155e+02 
4.747980e-01 3.676586e+02 3.668647e+02 
4.798384e-01 3.596047e+02 3.587730e+02 
4.848788e-01 3.518400e+02 3.509303e+02 
4.899192e-01 3.443444e+02 3.433266e+02 
4.949596e-01 3.370867e+02 3.359528e+02 
5.000000e-01 3.300431e+02 3.287998e+02 
