1.000000e-03 5.142771e+03 5.142767e+03 
6.040404e-03 2.284578e+04 2.303212e+04 
1.108081e-02 3.120019e+04 3.150670e+04 
1.612121e-02 3.362519e+04 3.405927e+04 
2.116162e-02 3.230549e+04 3.246124e+04 
2.620202e-02 2.890206e+04 2.861981e+04 
3.124242e-02 2.471069e+04 2.448384e+04 
3.628283e-02 2.064028e+04 2.098593e+04 
4.132323e-02 1.720791e+04 1.822392e+04 
4.636364e-02 1.458646e+04 1.603835e+04 
5.140404e-02 1.277812e+04 1.426842e+04 
5.644444e-02 1.161947e+04 1.279996e+04 
6.148485e-02 1.090662e+04 1.155737e+04 
6.652525e-02 1.044833e+04 1.049002e+04 
7.156566e-02 1.005848e+04 9.562792e+03 
7.660606e-02 9.599246e+03 8.750266e+03 
8.164646e-02 8.995823e+03 8.033333e+03 
8.668687e-02 8.245024e+03 7.397158e+03 
9.172727e-02 7.397360e+03 6.829931e+03 
9.676768e-02 6.530132e+03 6.322066e+03 
1.018081e-01 5.724164e+03 5.865657e+03 
1.068485e-01 5.044411e+03 5.454108e+03 
1.118889e-01 4.525045e+03 5.081864e+03 
1.169293e-01 4.166503e+03 4.744208e+03 
1.219697e-01 3.944783e+03 4.437106e+03 
1.270101e-01 3.823455e+03 4.157093e+03 
1.320505e-01 3.760548e+03 3.901177e+03 
1.370909e-01 3.713065e+03 3.666758e+03 
1.421313e-01 3.642811e+03 3.451576e+03 
1.471717e-01 3.524129e+03 3.253652e+03 
1.522121e-01 3.348376e+03 3.071251e+03 
1.572525e-01 3.123165e+03 2.902846e+03 
1.622929e-01 2.868226e+03 2.747090e+03 
1.673333e-01 2.609202e+03 2.602789e+03 
1.723737e-01 2.371372e+03 2.468886e+03 
1.774141e-01 2.172753e+03 2.344439e+03 
1.824545e-01 2.021451e+03 2.228608e+03 
1.874949e-01 1.916936e+03 2.120642e+03 
1.925354e-01 1.852636e+03 2.019870e+03 
1.975758e-01 1.817785e+03 1.925686e+03 
2.026162e-01 1.798785e+03 1.837549e+03 
2.076566e-01 1.781345e+03 1.754969e+03 
2.126970e-01 1.753317e+03 1.677503e+03 
2.177374e-01 1.707021e+03 1.604752e+03 
2.227778e-01 1.640263e+03 1.536353e+03 
2.278182e-01 1.555969e+03 1.471978e+03 
2.328586e-01 1.460838e+03 1.411326e+03 
2.378990e-01 1.363469e+03 1.354127e+03 
2.429394e-01 1.272187e+03 1.300131e+03 
2.479798e-01 1.193276e+03 1.249111e+03 
2.530202e-01 1.130291e+03 1.200859e+03 
2.580606e-01 1.084071e+03 1.155185e+03 
2.631010e-01 1.052820e+03 1.111915e+03 
2.681414e-01 1.032702e+03 1.070888e+03 
2.731818e-01 1.018695e+03 1.031957e+03 
2.782222e-01 1.005783e+03 9.949862e+02 
2.832626e-01 9.897708e+02 9.598498e+02 
2.883030e-01 9.678476e+02 9.264327e+02 
2.933434e-01 9.387459e+02 8.946280e+02 
2.983838e-01 9.029400e+02 8.643368e+02 
3.034242e-01 8.624999e+02 8.354677e+02 
3.084646e-01 8.204615e+02 8.079358e+02 
3.135051e-01 7.799242e+02 7.816625e+02 
3.185455e-01 7.433555e+02 7.565745e+02 
3.235859e-01 7.123231e+02 7.326039e+02 
3.286263e-01 6.874415e+02 7.096873e+02 
3.336667e-01 6.684090e+02 6.877658e+02 
3.387071e-01 6.541063e+02 6.667845e+02 
3.437475e-01 6.428402e+02 6.466919e+02 
3.487879e-01 6.327249e+02 6.274401e+02 
3.538283e-01 6.220711e+02 6.089845e+02 
3.588687e-01 6.096649e+02 5.912829e+02 
3.639091e-01 5.948752e+02 5.742962e+02 
3.689495e-01 5.776537e+02 5.579876e+02 
3.739899e-01 5.585400e+02 5.423226e+02 
3.790303e-01 5.384667e+02 5.272688e+02 
3.840707e-01 5.185327e+02 5.127959e+02 
3.891111e-01 4.997555e+02 4.988752e+02 
3.941515e-01 4.828752e+02 4.854799e+02 
3.991919e-01 4.682910e+02 4.725846e+02 
4.042323e-01 4.560529e+02 4.601657e+02 
4.092727e-01 4.458896e+02 4.482006e+02 
4.143131e-01 4.372673e+02 4.366682e+02 
4.193535e-01 4.294931e+02 4.255485e+02 
4.243939e-01 4.219049e+02 4.148226e+02 
4.294343e-01 4.139831e+02 4.044728e+02 
4.344747e-01 4.053865e+02 3.944823e+02 
4.395152e-01 3.959826e+02 3.848350e+02 
4.445556e-01 3.858412e+02 3.755160e+02 
4.495960e-01 3.752147e+02 3.665110e+02 
4.546364e-01 3.644856e+02 3.578064e+02 
4.596768e-01 3.540738e+02 3.493895e+02 
4.647172e-01 3.442900e+02 3.412482e+02 
4.697576e-01 3.353427e+02 3.333708e+02 
4.747980e-01 3.273215e+02 3.257465e+02 
4.798384e-01 3.202103e+02 3.183649e+02 
4.848788e-01 3.138730e+02 3.112161e+02 
4.899192e-01 3.080782e+02 3.042907e+02 
4.949596e-01 3.025667e+02 2.975798e+02 
5.000000e-01 2.970958e+02 2.910750e+02 
