1.000000e-03 8.536894e+03 8.536887e+03 
6.040404e-03 3.710554e+04 3.742248e+04 
1.108081e-02 4.965265e+04 5.028701e+04 
1.612121e-02 5.226309e+04 5.330274e+04 
2.116162e-02 4.871890e+04 4.928522e+04 
2.620202e-02 4.190891e+04 4.143114e+04 
3.124242e-02 3.409275e+04 3.338646e+04 
3.628283e-02 2.682417e+04 2.696666e+04 
4.132323e-02 2.092716e+04 2.225481e+04 
4.636364e-02 1.661304e+04 1.880061e+04 
5.140404e-02 1.378322e+04 1.619270e+04 
5.644444e-02 1.211324e+04 1.415467e+04 
6.148485e-02 1.125184e+04 1.251323e+04 
6.652525e-02 1.087016e+04 1.115917e+04 
7.156566e-02 1.068565e+04 1.002135e+04 
7.660606e-02 1.046044e+04 9.051505e+03 
8.164646e-02 1.002155e+04 8.215525e+03 
8.668687e-02 9.299043e+03 7.488413e+03 
9.172727e-02 8.330598e+03 6.851278e+03 
9.676768e-02 7.230001e+03 6.289473e+03 
1.018081e-01 6.136666e+03 5.791406e+03 
1.068485e-01 5.171710e+03 5.347740e+03 
1.118889e-01 4.409245e+03 4.950852e+03 
1.169293e-01 3.873295e+03 4.594445e+03 
1.219697e-01 3.549786e+03 4.273268e+03 
1.270101e-01 3.401773e+03 3.982903e+03 
1.320505e-01 3.378853e+03 3.719606e+03 
1.370909e-01 3.423251e+03 3.480189e+03 
1.421313e-01 3.476664e+03 3.261916e+03 
1.471717e-01 3.487733e+03 3.062431e+03 
1.522121e-01 3.419526e+03 2.879692e+03 
1.572525e-01 3.256138e+03 2.711927e+03 
1.622929e-01 3.007600e+03 2.557589e+03 
1.673333e-01 2.706611e+03 2.415322e+03 
1.723737e-01 2.395441e+03 2.283936e+03 
1.774141e-01 2.110933e+03 2.162380e+03 
1.824545e-01 1.876914e+03 2.049726e+03 
1.874949e-01 1.704928e+03 1.945152e+03 
1.925354e-01 1.596700e+03 1.847926e+03 
1.975758e-01 1.545649e+03 1.757395e+03 
2.026162e-01 1.538166e+03 1.672978e+03 
2.076566e-01 1.556127e+03 1.594152e+03 
2.126970e-01 1.580240e+03 1.520449e+03 
2.177374e-01 1.593019e+03 1.451448e+03 
2.227778e-01 1.580886e+03 1.386770e+03 
2.278182e-01 1.536284e+03 1.326071e+03 
2.328586e-01 1.459609e+03 1.269043e+03 
2.378990e-01 1.358934e+03 1.215403e+03 
2.429394e-01 1.246916e+03 1.164896e+03 
2.479798e-01 1.136638e+03 1.117292e+03 
2.530202e-01 1.038886e+03 1.072378e+03 
2.580606e-01 9.608266e+02 1.029961e+03 
2.631010e-01 9.056134e+02 9.898655e+02 
2.681414e-01 8.725904e+02 9.519304e+02 
2.731818e-01 8.580609e+02 9.160077e+02 
2.782222e-01 8.563256e+02 8.819619e+02 
2.832626e-01 8.607880e+02 8.496685e+02 
2.883030e-01 8.647673e+02 8.190130e+02 
2.933434e-01 8.622849e+02 7.898898e+02 
2.983838e-01 8.490872e+02 7.622015e+02 
3.034242e-01 8.236118e+02 7.358584e+02 
3.084646e-01 7.872452e+02 7.107773e+02 
3.135051e-01 7.435352e+02 6.868813e+02 
3.185455e-01 6.970471e+02 6.640992e+02 
3.235859e-01 6.522308e+02 6.423649e+02 
3.286263e-01 6.127433e+02 6.216172e+02 
3.336667e-01 5.810036e+02 6.017990e+02 
3.387071e-01 5.580034e+02 5.828573e+02 
3.437475e-01 5.432826e+02 5.647429e+02 
3.487879e-01 5.352166e+02 5.474095e+02 
3.538283e-01 5.315194e+02 5.308145e+02 
3.588687e-01 5.296160e+02 5.149176e+02 
3.639091e-01 5.270104e+02 4.996816e+02 
3.689495e-01 5.216098e+02 4.850713e+02 
3.739899e-01 5.120606e+02 4.710540e+02 
3.790303e-01 4.980219e+02 4.575992e+02 
3.840707e-01 4.801298e+02 4.446779e+02 
3.891111e-01 4.597361e+02 4.322632e+02 
3.941515e-01 4.385235e+02 4.203298e+02 
3.991919e-01 4.181308e+02 4.088539e+02 
4.042323e-01 3.999311e+02 3.978131e+02 
4.092727e-01 3.848461e+02 3.871864e+02 
4.143131e-01 3.731902e+02 3.769540e+02 
4.193535e-01 3.647387e+02 3.670972e+02 
4.243939e-01 3.588705e+02 3.575983e+02 
4.294343e-01 3.547080e+02 3.484409e+02 
4.344747e-01 3.512580e+02 3.396093e+02 
4.395152e-01 3.475276e+02 3.310886e+02 
4.445556e-01 3.426929e+02 3.228650e+02 
4.495960e-01 3.363036e+02 3.149250e+02 
4.546364e-01 3.282757e+02 3.072564e+02 
4.596768e-01 3.188590e+02 2.998472e+02 
4.647172e-01 3.085207e+02 2.926863e+02 
4.697576e-01 2.978859e+02 2.857629e+02 
4.747980e-01 2.875946e+02 2.790671e+02 
4.798384e-01 2.782143e+02 2.725893e+02 
4.848788e-01 2.700882e+02 2.663204e+02 
4.899192e-01 2.633384e+02 2.602518e+02 
4.949596e-01 2.578814e+02 2.543754e+02 
5.000000e-01 2.535030e+02 2.486833e+02 
