1.000000e-03 2.612489e+03 2.612486e+03 
6.040404e-03 1.185002e+04 1.193460e+04 
1.108081e-02 1.632679e+04 1.636656e+04 
1.612121e-02 1.792888e+04 1.787314e+04 
2.116162e-02 1.782950e+04 1.767099e+04 
2.620202e-02 1.682272e+04 1.671193e+04 
3.124242e-02 1.545635e+04 1.555528e+04 
3.628283e-02 1.407591e+04 1.440461e+04 
4.132323e-02 1.285859e+04 1.331671e+04 
4.636364e-02 1.184470e+04 1.230630e+04 
5.140404e-02 1.103936e+04 1.137600e+04 
5.644444e-02 1.034525e+04 1.052388e+04 
6.148485e-02 9.705890e+03 9.745826e+03 
6.652525e-02 9.077416e+03 9.036677e+03 
7.156566e-02 8.431537e+03 8.390839e+03 
7.660606e-02 7.775063e+03 7.802697e+03 
8.164646e-02 7.139188e+03 7.266848e+03 
8.668687e-02 6.557178e+03 6.778230e+03 
9.172727e-02 6.047997e+03 6.332187e+03 
9.676768e-02 5.617973e+03 5.924481e+03 
1.018081e-01 5.265876e+03 5.551291e+03 
1.068485e-01 4.979883e+03 5.209182e+03 
1.118889e-01 4.736747e+03 4.895082e+03 
1.169293e-01 4.511031e+03 4.606249e+03 
1.219697e-01 4.285670e+03 4.340232e+03 
1.270101e-01 4.054544e+03 4.094850e+03 
1.320505e-01 3.819543e+03 3.868152e+03 
1.370909e-01 3.587112e+03 3.658399e+03 
1.421313e-01 3.365599e+03 3.464038e+03 
1.471717e-01 3.162773e+03 3.283679e+03 
1.522121e-01 2.983434e+03 3.116075e+03 
1.572525e-01 2.829007e+03 2.960112e+03 
1.622929e-01 2.697604e+03 2.814787e+03 
1.673333e-01 2.583891e+03 2.679197e+03 
1.723737e-01 2.480847e+03 2.552533e+03 
1.774141e-01 2.382350e+03 2.434060e+03 
1.824545e-01 2.284721e+03 2.323118e+03 
1.874949e-01 2.186665e+03 2.219108e+03 
1.925354e-01 2.088220e+03 2.121488e+03 
1.975758e-01 1.991044e+03 2.029767e+03 
2.026162e-01 1.898019e+03 1.943496e+03 
2.076566e-01 1.811696e+03 1.862270e+03 
2.126970e-01 1.733313e+03 1.785717e+03 
2.177374e-01 1.662752e+03 1.713499e+03 
2.227778e-01 1.599183e+03 1.645308e+03 
2.278182e-01 1.541433e+03 1.580861e+03 
2.328586e-01 1.487731e+03 1.519897e+03 
2.378990e-01 1.436375e+03 1.462181e+03 
2.429394e-01 1.386216e+03 1.407492e+03 
2.479798e-01 1.336915e+03 1.355632e+03 
2.530202e-01 1.288507e+03 1.306414e+03 
2.580606e-01 1.241216e+03 1.259669e+03 
2.631010e-01 1.195594e+03 1.215239e+03 
2.681414e-01 1.152387e+03 1.172980e+03 
2.731818e-01 1.112079e+03 1.132756e+03 
2.782222e-01 1.074670e+03 1.094444e+03 
2.832626e-01 1.039768e+03 1.057929e+03 
2.883030e-01 1.006980e+03 1.023104e+03 
2.933434e-01 9.759616e+02 9.898687e+02 
2.983838e-01 9.463509e+02 9.581320e+02 
3.034242e-01 9.177618e+02 9.278079e+02 
3.084646e-01 8.899050e+02 8.988165e+02 
3.135051e-01 8.627418e+02 8.710834e+02 
3.185455e-01 8.364323e+02 8.445393e+02 
3.235859e-01 8.111048e+02 8.191193e+02 
3.286263e-01 7.868447e+02 7.947628e+02 
3.336667e-01 7.636716e+02 7.714134e+02 
3.387071e-01 7.416277e+02 7.490180e+02 
3.437475e-01 7.207122e+02 7.275269e+02 
3.487879e-01 7.008273e+02 7.068938e+02 
3.538283e-01 6.818092e+02 6.870750e+02 
3.588687e-01 6.634864e+02 6.680296e+02 
3.639091e-01 6.457695e+02 6.497191e+02 
3.689495e-01 6.286459e+02 6.321074e+02 
3.739899e-01 6.120754e+02 6.151605e+02 
3.790303e-01 5.960314e+02 5.988464e+02 
3.840707e-01 5.804961e+02 5.831351e+02 
3.891111e-01 5.655022e+02 5.679980e+02 
3.941515e-01 5.510885e+02 5.534084e+02 
3.991919e-01 5.372360e+02 5.393411e+02 
4.042323e-01 5.239170e+02 5.257721e+02 
4.092727e-01 5.110962e+02 5.126791e+02 
4.143131e-01 4.987349e+02 5.000406e+02 
4.193535e-01 4.868084e+02 4.878365e+02 
4.243939e-01 4.752778e+02 4.760477e+02 
4.294343e-01 4.641041e+02 4.646562e+02 
4.344747e-01 4.532647e+02 4.536450e+02 
4.395152e-01 4.427581e+02 4.429977e+02 
4.445556e-01 4.325890e+02 4.326990e+02 
4.495960e-01 4.227421e+02 4.227344e+02 
4.546364e-01 4.132059e+02 4.130899e+02 
4.596768e-01 4.039690e+02 4.037525e+02 
4.647172e-01 3.950352e+02 3.947096e+02 
4.697576e-01 3.863965e+02 3.859493e+02 
4.747980e-01 3.780274e+02 3.774604e+02 
4.798384e-01 3.699088e+02 3.692321e+02 
4.848788e-01 3.620329e+02 3.612542e+02 
4.899192e-01 3.543888e+02 3.535170e+02 
4.949596e-01 3.469698e+02 3.460111e+02 
5.000000e-01 3.397608e+02 3.387276e+02 
