1.000000e-03 4.452964e+03 4.452960e+03 
6.040404e-03 1.970421e+04 1.985697e+04 
1.108081e-02 2.665173e+04 2.685793e+04 
1.612121e-02 2.851384e+04 2.872513e+04 
2.116162e-02 2.730803e+04 2.726275e+04 
2.620202e-02 2.450461e+04 2.430318e+04 
3.124242e-02 2.119125e+04 2.128901e+04 
3.628283e-02 1.807902e+04 1.872998e+04 
4.132323e-02 1.553339e+04 1.663182e+04 
4.636364e-02 1.363475e+04 1.489239e+04 
5.140404e-02 1.235205e+04 1.342291e+04 
5.644444e-02 1.149833e+04 1.216149e+04 
6.148485e-02 1.089651e+04 1.106571e+04 
6.652525e-02 1.037682e+04 1.010546e+04 
7.156566e-02 9.811075e+03 9.258378e+03 
7.660606e-02 9.133245e+03 8.507147e+03 
8.164646e-02 8.344870e+03 7.837962e+03 
8.668687e-02 7.499679e+03 7.239560e+03 
9.172727e-02 6.670819e+03 6.702599e+03 
9.676768e-02 5.926991e+03 6.219243e+03 
1.018081e-01 5.317814e+03 5.782860e+03 
1.068485e-01 4.863210e+03 5.387795e+03 
1.118889e-01 4.551474e+03 5.029204e+03 
1.169293e-01 4.349052e+03 4.702915e+03 
1.219697e-01 4.213579e+03 4.405319e+03 
1.270101e-01 4.102199e+03 4.133283e+03 
1.320505e-01 3.977625e+03 3.884080e+03 
1.370909e-01 3.815128e+03 3.655324e+03 
1.421313e-01 3.607511e+03 3.444926e+03 
1.471717e-01 3.363645e+03 3.251049e+03 
1.522121e-01 3.102443e+03 3.072072e+03 
1.572525e-01 2.846333e+03 2.906566e+03 
1.622929e-01 2.616702e+03 2.753261e+03 
1.673333e-01 2.428450e+03 2.611031e+03 
1.723737e-01 2.286249e+03 2.478873e+03 
1.774141e-01 2.185524e+03 2.355893e+03 
1.824545e-01 2.116149e+03 2.241290e+03 
1.874949e-01 2.065825e+03 2.134347e+03 
1.925354e-01 2.021556e+03 2.034421e+03 
1.975758e-01 1.971469e+03 1.940932e+03 
2.026162e-01 1.907481e+03 1.853357e+03 
2.076566e-01 1.827419e+03 1.771227e+03 
2.126970e-01 1.734452e+03 1.694112e+03 
2.177374e-01 1.635001e+03 1.621629e+03 
2.227778e-01 1.536521e+03 1.553424e+03 
2.278182e-01 1.445798e+03 1.489179e+03 
2.328586e-01 1.367806e+03 1.428604e+03 
2.378990e-01 1.304799e+03 1.371434e+03 
2.429394e-01 1.256300e+03 1.317426e+03 
2.479798e-01 1.219673e+03 1.266360e+03 
2.530202e-01 1.190720e+03 1.218031e+03 
2.580606e-01 1.164725e+03 1.172255e+03 
2.631010e-01 1.137499e+03 1.128861e+03 
2.681414e-01 1.106301e+03 1.087691e+03 
2.731818e-01 1.070139e+03 1.048602e+03 
2.782222e-01 1.029502e+03 1.011459e+03 
2.832626e-01 9.860636e+02 9.761391e+02 
2.883030e-01 9.422286e+02 9.425296e+02 
2.933434e-01 9.004888e+02 9.105249e+02 
2.983838e-01 8.628387e+02 8.800278e+02 
3.034242e-01 8.303662e+02 8.509480e+02 
3.084646e-01 8.031602e+02 8.232018e+02 
3.135051e-01 7.805725e+02 7.967114e+02 
3.185455e-01 7.613818e+02 7.714046e+02 
3.235859e-01 7.440610e+02 7.472141e+02 
3.286263e-01 7.271097e+02 7.240773e+02 
3.336667e-01 7.093784e+02 7.019357e+02 
3.387071e-01 6.902665e+02 6.807349e+02 
3.437475e-01 6.697183e+02 6.604240e+02 
3.487879e-01 6.481366e+02 6.409554e+02 
3.538283e-01 6.262530e+02 6.222846e+02 
3.588687e-01 6.049079e+02 6.043700e+02 
3.639091e-01 5.848286e+02 5.871725e+02 
3.689495e-01 5.665070e+02 5.706556e+02 
3.739899e-01 5.501264e+02 5.547849e+02 
3.790303e-01 5.356086e+02 5.395282e+02 
3.840707e-01 5.226564e+02 5.248552e+02 
3.891111e-01 5.107925e+02 5.107375e+02 
3.941515e-01 4.994697e+02 4.971482e+02 
3.991919e-01 4.882281e+02 4.840620e+02 
4.042323e-01 4.767560e+02 4.714553e+02 
4.092727e-01 4.649652e+02 4.593056e+02 
4.143131e-01 4.529002e+02 4.475917e+02 
4.193535e-01 4.407252e+02 4.362938e+02 
4.243939e-01 4.286803e+02 4.253929e+02 
4.294343e-01 4.170314e+02 4.148712e+02 
4.344747e-01 4.060145e+02 4.047119e+02 
4.395152e-01 3.957533e+02 3.948990e+02 
4.445556e-01 3.862555e+02 3.854175e+02 
4.495960e-01 3.774498e+02 3.762531e+02 
4.546364e-01 3.692187e+02 3.673922e+02 
4.596768e-01 3.614053e+02 3.588219e+02 
4.647172e-01 3.538316e+02 3.505301e+02 
4.697576e-01 3.463436e+02 3.425053e+02 
4.747980e-01 3.388521e+02 3.347364e+02 
4.798384e-01 3.313522e+02 3.272129e+02 
4.848788e-01 3.238769e+02 3.199251e+02 
4.899192e-01 3.164805e+02 3.128634e+02 
4.949596e-01 3.092395e+02 3.060189e+02 
5.000000e-01 3.022273e+02 2.993830e+02 
