1.000000e-03 3.606730e+03 3.606727e+03 
6.040404e-03 1.611162e+04 1.623236e+04 
1.108081e-02 2.190418e+04 2.202578e+04 
1.612121e-02 2.362394e+04 2.369091e+04 
2.116162e-02 2.291781e+04 2.280546e+04 
2.620202e-02 2.095022e+04 2.081912e+04 
3.124242e-02 1.855788e+04 1.872676e+04 
3.628283e-02 1.627777e+04 1.686116e+04 
4.132323e-02 1.438312e+04 1.524833e+04 
4.636364e-02 1.293433e+04 1.384823e+04 
5.140404e-02 1.190094e+04 1.262167e+04 
5.644444e-02 1.114105e+04 1.153909e+04 
6.148485e-02 1.052612e+04 1.057837e+04 
6.652525e-02 9.934663e+03 9.722256e+03 
7.156566e-02 9.292643e+03 8.956815e+03 
7.660606e-02 8.576290e+03 8.270441e+03 
8.164646e-02 7.812473e+03 7.653316e+03 
8.668687e-02 7.054821e+03 7.097044e+03 
9.172727e-02 6.357071e+03 6.594402e+03 
9.676768e-02 5.760026e+03 6.139146e+03 
1.018081e-01 5.286173e+03 5.725862e+03 
1.068485e-01 4.935175e+03 5.349844e+03 
1.118889e-01 4.682637e+03 5.006992e+03 
1.169293e-01 4.491799e+03 4.693726e+03 
1.219697e-01 4.326189e+03 4.406910e+03 
1.270101e-01 4.156454e+03 4.143797e+03 
1.320505e-01 3.963747e+03 3.901969e+03 
1.370909e-01 3.742477e+03 3.679296e+03 
1.421313e-01 3.500104e+03 3.473899e+03 
1.471717e-01 3.252037e+03 3.284113e+03 
1.522121e-01 3.015051e+03 3.108463e+03 
1.572525e-01 2.803389e+03 2.945638e+03 
1.622929e-01 2.626705e+03 2.794470e+03 
1.673333e-01 2.487782e+03 2.653916e+03 
1.723737e-01 2.381819e+03 2.523044e+03 
1.774141e-01 2.298761e+03 2.401020e+03 
1.824545e-01 2.227617e+03 2.287094e+03 
1.874949e-01 2.158881e+03 2.180591e+03 
1.925354e-01 2.085144e+03 2.080905e+03 
1.975758e-01 2.002210e+03 1.987487e+03 
2.026162e-01 1.910187e+03 1.899841e+03 
2.076566e-01 1.812980e+03 1.817519e+03 
2.126970e-01 1.716192e+03 1.740113e+03 
2.177374e-01 1.625129e+03 1.667252e+03 
2.227778e-01 1.543699e+03 1.598602e+03 
2.278182e-01 1.473924e+03 1.533853e+03 
2.328586e-01 1.415812e+03 1.472727e+03 
2.378990e-01 1.367589e+03 1.414967e+03 
2.429394e-01 1.326353e+03 1.360339e+03 
2.479798e-01 1.288769e+03 1.308628e+03 
2.530202e-01 1.251704e+03 1.259637e+03 
2.580606e-01 1.212857e+03 1.213185e+03 
2.631010e-01 1.171344e+03 1.169105e+03 
2.681414e-01 1.127698e+03 1.127243e+03 
2.731818e-01 1.083279e+03 1.087459e+03 
2.782222e-01 1.039652e+03 1.049621e+03 
2.832626e-01 9.982782e+02 1.013609e+03 
2.883030e-01 9.603497e+02 9.793107e+02 
2.933434e-01 9.265366e+02 9.466225e+02 
2.983838e-01 8.967852e+02 9.154487e+02 
3.034242e-01 8.703975e+02 8.856999e+02 
3.084646e-01 8.463706e+02 8.572935e+02 
3.135051e-01 8.237040e+02 8.301525e+02 
3.185455e-01 8.015075e+02 8.042052e+02 
3.235859e-01 7.791463e+02 7.793847e+02 
3.286263e-01 7.563160e+02 7.556290e+02 
3.336667e-01 7.331215e+02 7.328797e+02 
3.387071e-01 7.099814e+02 7.110828e+02 
3.437475e-01 6.874002e+02 6.901873e+02 
3.487879e-01 6.658324e+02 6.701458e+02 
3.538283e-01 6.456009e+02 6.509139e+02 
3.588687e-01 6.268796e+02 6.324499e+02 
3.639091e-01 6.096422e+02 6.147148e+02 
3.689495e-01 5.936725e+02 5.976718e+02 
3.739899e-01 5.786710e+02 5.812865e+02 
3.790303e-01 5.643316e+02 5.655265e+02 
3.840707e-01 5.503876e+02 5.503615e+02 
3.891111e-01 5.366367e+02 5.357628e+02 
3.941515e-01 5.229570e+02 5.217033e+02 
3.991919e-01 5.093636e+02 5.081578e+02 
4.042323e-01 4.959658e+02 4.951021e+02 
4.092727e-01 4.829285e+02 4.825137e+02 
4.143131e-01 4.703748e+02 4.703713e+02 
4.193535e-01 4.583790e+02 4.586546e+02 
4.243939e-01 4.469846e+02 4.473446e+02 
4.294343e-01 4.361974e+02 4.364233e+02 
4.344747e-01 4.259794e+02 4.258736e+02 
4.395152e-01 4.162285e+02 4.156794e+02 
4.445556e-01 4.068245e+02 4.058253e+02 
4.495960e-01 3.976817e+02 3.962969e+02 
4.546364e-01 3.887474e+02 3.870804e+02 
4.596768e-01 3.800019e+02 3.781627e+02 
4.647172e-01 3.714101e+02 3.695315e+02 
4.697576e-01 3.629796e+02 3.611750e+02 
4.747980e-01 3.547622e+02 3.530820e+02 
4.798384e-01 3.468083e+02 3.452419e+02 
4.848788e-01 3.391401e+02 3.376446e+02 
4.899192e-01 3.317514e+02 3.302805e+02 
4.949596e-01 3.246400e+02 3.231404e+02 
5.000000e-01 3.178005e+02 3.162155e+02 
