1.000000e-03 2.358551e+03 2.358549e+03 
6.040404e-03 1.044319e+04 1.052051e+04 
1.108081e-02 1.428024e+04 1.427822e+04 
1.612121e-02 1.573984e+04 1.560797e+04 
2.116162e-02 1.587040e+04 1.565316e+04 
2.620202e-02 1.529660e+04 1.510195e+04 
3.124242e-02 1.440498e+04 1.430630e+04 
3.628283e-02 1.342235e+04 1.342455e+04 
4.132323e-02 1.246538e+04 1.253175e+04 
4.636364e-02 1.156929e+04 1.166584e+04 
5.140404e-02 1.076135e+04 1.084579e+04 
5.644444e-02 1.000180e+04 1.008007e+04 
6.148485e-02 9.291218e+03 9.371189e+03 
6.652525e-02 8.625053e+03 8.718349e+03 
7.156566e-02 7.999433e+03 8.118938e+03 
7.660606e-02 7.421351e+03 7.569461e+03 
8.164646e-02 6.900067e+03 7.066074e+03 
8.668687e-02 6.436723e+03 6.604895e+03 
9.172727e-02 6.022688e+03 6.182176e+03 
9.676768e-02 5.649612e+03 5.794393e+03 
1.018081e-01 5.312944e+03 5.438293e+03 
1.068485e-01 5.005726e+03 5.110900e+03 
1.118889e-01 4.718612e+03 4.809515e+03 
1.169293e-01 4.445914e+03 4.531701e+03 
1.219697e-01 4.187964e+03 4.275262e+03 
1.270101e-01 3.947549e+03 4.038224e+03 
1.320505e-01 3.726378e+03 3.818814e+03 
1.370909e-01 3.524181e+03 3.615440e+03 
1.421313e-01 3.339699e+03 3.426673e+03 
1.471717e-01 3.170919e+03 3.251228e+03 
1.522121e-01 3.015211e+03 3.087949e+03 
1.572525e-01 2.870618e+03 2.935798e+03 
1.622929e-01 2.735445e+03 2.793837e+03 
1.673333e-01 2.608073e+03 2.661221e+03 
1.723737e-01 2.487470e+03 2.537186e+03 
1.774141e-01 2.373532e+03 2.421043e+03 
1.824545e-01 2.266522e+03 2.312166e+03 
1.874949e-01 2.166299e+03 2.209987e+03 
1.925354e-01 2.072482e+03 2.113993e+03 
1.975758e-01 1.984734e+03 2.023716e+03 
2.026162e-01 1.902738e+03 1.938728e+03 
2.076566e-01 1.825765e+03 1.858641e+03 
2.126970e-01 1.753080e+03 1.783101e+03 
2.177374e-01 1.684197e+03 1.711784e+03 
2.227778e-01 1.618979e+03 1.644393e+03 
2.278182e-01 1.557120e+03 1.580655e+03 
2.328586e-01 1.498338e+03 1.520323e+03 
2.378990e-01 1.442531e+03 1.463165e+03 
2.429394e-01 1.389764e+03 1.408973e+03 
2.479798e-01 1.339838e+03 1.357551e+03 
2.530202e-01 1.292402e+03 1.308721e+03 
2.580606e-01 1.247240e+03 1.262318e+03 
2.631010e-01 1.204333e+03 1.218189e+03 
2.681414e-01 1.163590e+03 1.176194e+03 
2.731818e-01 1.124767e+03 1.136202e+03 
2.782222e-01 1.087638e+03 1.098092e+03 
2.832626e-01 1.052141e+03 1.061752e+03 
2.883030e-01 1.018284e+03 1.027078e+03 
2.933434e-01 9.860018e+02 9.939724e+02 
2.983838e-01 9.551311e+02 9.623462e+02 
3.034242e-01 9.255604e+02 9.321152e+02 
3.084646e-01 8.972717e+02 9.032014e+02 
3.135051e-01 8.702355e+02 8.755318e+02 
3.185455e-01 8.443546e+02 8.490386e+02 
3.235859e-01 8.195161e+02 8.236581e+02 
3.286263e-01 7.956630e+02 7.993311e+02 
3.336667e-01 7.727804e+02 7.760019e+02 
3.387071e-01 7.508394e+02 7.536185e+02 
3.437475e-01 7.297752e+02 7.321322e+02 
3.487879e-01 7.095081e+02 7.114972e+02 
3.538283e-01 6.900070e+02 6.916707e+02 
3.588687e-01 6.712649e+02 6.726123e+02 
3.639091e-01 6.532537e+02 6.542841e+02 
3.689495e-01 6.359156e+02 6.366505e+02 
3.739899e-01 6.192022e+02 6.196781e+02 
3.790303e-01 6.030920e+02 6.033351e+02 
3.840707e-01 5.875811e+02 5.875919e+02 
3.891111e-01 5.726343e+02 5.724205e+02 
3.941515e-01 5.582066e+02 5.577943e+02 
3.991919e-01 5.442763e+02 5.436884e+02 
4.042323e-01 5.308355e+02 5.300792e+02 
4.092727e-01 5.178669e+02 5.169444e+02 
4.143131e-01 5.053404e+02 5.042629e+02 
4.193535e-01 4.932322e+02 4.920147e+02 
4.243939e-01 4.815241e+02 4.801810e+02 
4.294343e-01 4.702057e+02 4.687438e+02 
4.344747e-01 4.592703e+02 4.576861e+02 
4.395152e-01 4.486873e+02 4.469920e+02 
4.445556e-01 4.384354e+02 4.366462e+02 
4.495960e-01 4.285114e+02 4.266341e+02 
4.546364e-01 4.189071e+02 4.169420e+02 
4.596768e-01 4.096085e+02 4.075568e+02 
4.647172e-01 4.005951e+02 3.984662e+02 
4.697576e-01 3.918457e+02 3.896584e+02 
4.747980e-01 3.833662e+02 3.811220e+02 
4.798384e-01 3.751537e+02 3.728464e+02 
4.848788e-01 3.671875e+02 3.648214e+02 
4.899192e-01 3.594496e+02 3.570373e+02 
4.949596e-01 3.519357e+02 3.494849e+02 
5.000000e-01 3.446452e+02 3.421553e+02 
