1.000000e-03 3.061672e+03 3.061669e+03 
6.040404e-03 1.362810e+04 1.373001e+04 
1.108081e-02 1.871108e+04 1.880098e+04 
1.612121e-02 2.044455e+04 2.047665e+04 
2.116162e-02 2.014741e+04 2.004013e+04 
2.620202e-02 1.874752e+04 1.862550e+04 
3.124242e-02 1.691555e+04 1.702304e+04 
3.628283e-02 1.509379e+04 1.552714e+04 
4.132323e-02 1.352120e+04 1.418868e+04 
4.636364e-02 1.227236e+04 1.299591e+04 
5.140404e-02 1.133155e+04 1.192970e+04 
5.644444e-02 1.061353e+04 1.097358e+04 
6.148485e-02 1.000930e+04 1.011410e+04 
6.652525e-02 9.441797e+03 9.339993e+03 
7.156566e-02 8.845549e+03 8.641570e+03 
7.660606e-02 8.196956e+03 8.010358e+03 
8.164646e-02 7.515434e+03 7.438902e+03 
8.668687e-02 6.844660e+03 6.920625e+03 
9.172727e-02 6.225843e+03 6.449725e+03 
9.676768e-02 5.687404e+03 6.021079e+03 
1.018081e-01 5.245646e+03 5.630173e+03 
1.068485e-01 4.903169e+03 5.273021e+03 
1.118889e-01 4.645191e+03 4.946111e+03 
1.169293e-01 4.442982e+03 4.646338e+03 
1.219697e-01 4.264998e+03 4.370961e+03 
1.270101e-01 4.086961e+03 4.117555e+03 
1.320505e-01 3.894953e+03 3.883971e+03 
1.370909e-01 3.684954e+03 3.668302e+03 
1.421313e-01 3.461039e+03 3.468855e+03 
1.471717e-01 3.233833e+03 3.284121e+03 
1.522121e-01 3.016129e+03 3.112757e+03 
1.572525e-01 2.819192e+03 2.953562e+03 
1.622929e-01 2.650729e+03 2.805462e+03 
1.673333e-01 2.513254e+03 2.667494e+03 
1.723737e-01 2.403427e+03 2.538795e+03 
1.774141e-01 2.313727e+03 2.418586e+03 
1.824545e-01 2.235542e+03 2.306168e+03 
1.874949e-01 2.161265e+03 2.200909e+03 
1.925354e-01 2.084978e+03 2.102237e+03 
1.975758e-01 2.003001e+03 2.009636e+03 
2.026162e-01 1.914850e+03 1.922637e+03 
2.076566e-01 1.823261e+03 1.840815e+03 
2.126970e-01 1.732541e+03 1.763781e+03 
2.177374e-01 1.646683e+03 1.691184e+03 
2.227778e-01 1.568537e+03 1.622701e+03 
2.278182e-01 1.499766e+03 1.558039e+03 
2.328586e-01 1.440733e+03 1.496930e+03 
2.378990e-01 1.390300e+03 1.439126e+03 
2.429394e-01 1.346101e+03 1.384403e+03 
2.479798e-01 1.305428e+03 1.332552e+03 
2.530202e-01 1.266025e+03 1.283384e+03 
2.580606e-01 1.226288e+03 1.236723e+03 
2.631010e-01 1.185248e+03 1.192407e+03 
2.681414e-01 1.142831e+03 1.150287e+03 
2.731818e-01 1.099913e+03 1.110225e+03 
2.782222e-01 1.057854e+03 1.072094e+03 
2.832626e-01 1.017897e+03 1.035777e+03 
2.883030e-01 9.808377e+02 1.001163e+03 
2.933434e-01 9.470230e+02 9.681510e+02 
2.983838e-01 9.164819e+02 9.366477e+02 
3.034242e-01 8.889039e+02 9.065653e+02 
3.084646e-01 8.636427e+02 8.778224e+02 
3.135051e-01 8.398481e+02 8.503434e+02 
3.185455e-01 8.167235e+02 8.240575e+02 
3.235859e-01 7.937708e+02 7.988991e+02 
3.286263e-01 7.708267e+02 7.748066e+02 
3.336667e-01 7.479170e+02 7.517227e+02 
3.387071e-01 7.252062e+02 7.295936e+02 
3.437475e-01 7.030016e+02 7.083692e+02 
3.487879e-01 6.816524e+02 6.880023e+02 
3.538283e-01 6.614568e+02 6.684490e+02 
3.588687e-01 6.425876e+02 6.496678e+02 
3.639091e-01 6.249835e+02 6.316200e+02 
3.689495e-01 6.084832e+02 6.142690e+02 
3.739899e-01 5.928782e+02 5.975806e+02 
3.790303e-01 5.779758e+02 5.815226e+02 
3.840707e-01 5.635828e+02 5.660646e+02 
3.891111e-01 5.495134e+02 5.511781e+02 
3.941515e-01 5.356491e+02 5.368362e+02 
3.991919e-01 5.219825e+02 5.230134e+02 
4.042323e-01 5.085853e+02 5.096857e+02 
4.092727e-01 4.955453e+02 4.968307e+02 
4.143131e-01 4.829553e+02 4.844268e+02 
4.193535e-01 4.708592e+02 4.724540e+02 
4.243939e-01 4.593012e+02 4.608930e+02 
4.294343e-01 4.482818e+02 4.497258e+02 
4.344747e-01 4.377791e+02 4.389354e+02 
4.395152e-01 4.277224e+02 4.285054e+02 
4.445556e-01 4.180214e+02 4.184205e+02 
4.495960e-01 4.086145e+02 4.086661e+02 
4.546364e-01 3.994610e+02 3.992284e+02 
4.596768e-01 3.905317e+02 3.900943e+02 
4.647172e-01 3.818099e+02 3.812512e+02 
4.697576e-01 3.732818e+02 3.726874e+02 
4.747980e-01 3.649760e+02 3.643916e+02 
4.798384e-01 3.569061e+02 3.563530e+02 
4.848788e-01 3.491071e+02 3.485615e+02 
4.899192e-01 3.415849e+02 3.410074e+02 
4.949596e-01 3.343192e+02 3.336814e+02 
5.000000e-01 3.273015e+02 3.265747e+02 
