1.000000e-03 5.790603e+03 5.790598e+03 
6.040404e-03 2.561171e+04 2.582200e+04 
1.108081e-02 3.468504e+04 3.504940e+04 
1.612121e-02 3.701435e+04 3.753999e+04 
2.116162e-02 3.514699e+04 3.533317e+04 
2.620202e-02 3.101292e+04 3.068143e+04 
3.124242e-02 2.610831e+04 2.585439e+04 
3.628283e-02 2.145898e+04 2.187636e+04 
4.132323e-02 1.762346e+04 1.880143e+04 
4.636364e-02 1.476057e+04 1.641094e+04 
5.140404e-02 1.284262e+04 1.450307e+04 
5.644444e-02 1.165646e+04 1.293900e+04 
6.148485e-02 1.096707e+04 1.162849e+04 
6.652525e-02 1.054473e+04 1.051207e+04 
7.156566e-02 1.018424e+04 9.548975e+03 
7.660606e-02 9.733335e+03 8.710096e+03 
8.164646e-02 9.109767e+03 7.973798e+03 
8.668687e-02 8.312261e+03 7.323474e+03 
9.172727e-02 7.402316e+03 6.746037e+03 
9.676768e-02 6.473760e+03 6.230962e+03 
1.018081e-01 5.621347e+03 5.769645e+03 
1.068485e-01 4.915494e+03 5.354962e+03 
1.118889e-01 4.388559e+03 4.980952e+03 
1.169293e-01 4.036710e+03 4.642587e+03 
1.219697e-01 3.832147e+03 4.335591e+03 
1.270101e-01 3.734329e+03 4.056310e+03 
1.320505e-01 3.695767e+03 3.801604e+03 
1.370909e-01 3.667453e+03 3.568756e+03 
1.421313e-01 3.607598e+03 3.355414e+03 
1.471717e-01 3.489915e+03 3.159525e+03 
1.522121e-01 3.306891e+03 2.979298e+03 
1.572525e-01 3.068402e+03 2.813159e+03 
1.622929e-01 2.797953e+03 2.659725e+03 
1.673333e-01 2.526145e+03 2.517775e+03 
1.723737e-01 2.281331e+03 2.386227e+03 
1.774141e-01 2.081982e+03 2.264122e+03 
1.824545e-01 1.934783e+03 2.150608e+03 
1.874949e-01 1.837845e+03 2.044922e+03 
1.925354e-01 1.783462e+03 1.946384e+03 
1.975758e-01 1.759417e+03 1.854385e+03 
2.026162e-01 1.750123e+03 1.768378e+03 
2.076566e-01 1.739458e+03 1.687869e+03 
2.126970e-01 1.714418e+03 1.612416e+03 
2.177374e-01 1.667576e+03 1.541616e+03 
2.227778e-01 1.597641e+03 1.475108e+03 
2.278182e-01 1.508711e+03 1.412562e+03 
2.328586e-01 1.408819e+03 1.353679e+03 
2.378990e-01 1.307822e+03 1.298189e+03 
2.429394e-01 1.214929e+03 1.245844e+03 
2.479798e-01 1.136813e+03 1.196417e+03 
2.530202e-01 1.076797e+03 1.149704e+03 
2.580606e-01 1.034925e+03 1.105514e+03 
2.631010e-01 1.008561e+03 1.063676e+03 
2.681414e-01 9.931636e+02 1.024030e+03 
2.731818e-01 9.832160e+02 9.864311e+02 
2.782222e-01 9.732735e+02 9.507447e+02 
2.832626e-01 9.588009e+02 9.168474e+02 
2.883030e-01 9.368446e+02 8.846253e+02 
2.933434e-01 9.065192e+02 8.539733e+02 
2.983838e-01 8.689734e+02 8.247941e+02 
3.034242e-01 8.268927e+02 7.969978e+02 
3.084646e-01 7.837344e+02 7.705011e+02 
3.135051e-01 7.428276e+02 7.452268e+02 
3.185455e-01 7.068175e+02 7.211030e+02 
3.235859e-01 6.772488e+02 6.980632e+02 
3.286263e-01 6.544848e+02 6.760455e+02 
3.336667e-01 6.378488e+02 6.549920e+02 
3.387071e-01 6.258513e+02 6.348490e+02 
3.437475e-01 6.165747e+02 6.155664e+02 
3.487879e-01 6.079741e+02 5.970974e+02 
3.538283e-01 5.982334e+02 5.793983e+02 
3.588687e-01 5.860873e+02 5.624282e+02 
3.639091e-01 5.710347e+02 5.461487e+02 
3.689495e-01 5.533049e+02 5.305242e+02 
3.739899e-01 5.336712e+02 5.155209e+02 
3.790303e-01 5.132430e+02 5.011075e+02 
3.840707e-01 4.932410e+02 4.872543e+02 
3.891111e-01 4.747610e+02 4.739336e+02 
3.941515e-01 4.585769e+02 4.611193e+02 
3.991919e-01 4.450241e+02 4.487867e+02 
4.042323e-01 4.339739e+02 4.369129e+02 
4.092727e-01 4.249804e+02 4.254760e+02 
4.143131e-01 4.173916e+02 4.144555e+02 
4.193535e-01 4.104738e+02 4.038320e+02 
4.243939e-01 4.035219e+02 3.935874e+02 
4.294343e-01 3.959558e+02 3.837043e+02 
4.344747e-01 3.874565e+02 3.741664e+02 
4.395152e-01 3.779805e+02 3.649585e+02 
4.445556e-01 3.677224e+02 3.560658e+02 
4.495960e-01 3.570496e+02 3.474746e+02 
4.546364e-01 3.463870e+02 3.391719e+02 
4.596768e-01 3.361513e+02 3.311452e+02 
4.647172e-01 3.266943e+02 3.233829e+02 
4.697576e-01 3.182387e+02 3.158738e+02 
4.747980e-01 3.108293e+02 3.086074e+02 
4.798384e-01 3.043526e+02 3.015736e+02 
4.848788e-01 2.985961e+02 2.947629e+02 
4.899192e-01 2.933028e+02 2.881663e+02 
4.949596e-01 2.882021e+02 2.817752e+02 
5.000000e-01 2.830494e+02 2.755814e+02 
