1.000000e-03 2.905157e+03 2.905154e+03 
6.040404e-03 1.292232e+04 1.301599e+04 
1.108081e-02 1.769032e+04 1.775176e+04 
1.612121e-02 1.931345e+04 1.929140e+04 
2.116162e-02 1.907075e+04 1.892873e+04 
2.620202e-02 1.783680e+04 1.772637e+04 
3.124242e-02 1.622434e+04 1.634592e+04 
3.628283e-02 1.462346e+04 1.502214e+04 
4.132323e-02 1.323506e+04 1.380538e+04 
4.636364e-02 1.211129e+04 1.269804e+04 
5.140404e-02 1.124990e+04 1.169318e+04 
5.644444e-02 1.054042e+04 1.078248e+04 
6.148485e-02 9.909271e+03 9.957595e+03 
6.652525e-02 9.293704e+03 9.210491e+03 
7.156566e-02 8.650690e+03 8.533566e+03 
7.660606e-02 7.977677e+03 7.919747e+03 
8.164646e-02 7.305161e+03 7.362546e+03 
8.668687e-02 6.673681e+03 6.856077e+03 
9.172727e-02 6.112516e+03 6.395041e+03 
9.676768e-02 5.636998e+03 5.974697e+03 
1.018081e-01 5.252089e+03 5.590818e+03 
1.068485e-01 4.949991e+03 5.239647e+03 
1.118889e-01 4.708107e+03 4.917848e+03 
1.169293e-01 4.496629e+03 4.622461e+03 
1.219697e-01 4.291052e+03 4.350861e+03 
1.270101e-01 4.077755e+03 4.100715e+03 
1.320505e-01 3.853271e+03 3.869953e+03 
1.370909e-01 3.621308e+03 3.656733e+03 
1.421313e-01 3.390874e+03 3.459414e+03 
1.471717e-01 3.172623e+03 3.276534e+03 
1.522121e-01 2.975485e+03 3.106786e+03 
1.572525e-01 2.804977e+03 2.949002e+03 
1.622929e-01 2.662340e+03 2.802135e+03 
1.673333e-01 2.544335e+03 2.665245e+03 
1.723737e-01 2.443753e+03 2.537489e+03 
1.774141e-01 2.352526e+03 2.418105e+03 
1.824545e-01 2.264300e+03 2.306409e+03 
1.874949e-01 2.174972e+03 2.201781e+03 
1.925354e-01 2.082573e+03 2.103661e+03 
1.975758e-01 1.987473e+03 2.011542e+03 
2.026162e-01 1.892360e+03 1.924964e+03 
2.076566e-01 1.800982e+03 1.843507e+03 
2.126970e-01 1.716365e+03 1.766792e+03 
2.177374e-01 1.640071e+03 1.694470e+03 
2.227778e-01 1.572430e+03 1.626226e+03 
2.278182e-01 1.512916e+03 1.561769e+03 
2.328586e-01 1.459930e+03 1.500835e+03 
2.378990e-01 1.411268e+03 1.443181e+03 
2.429394e-01 1.364801e+03 1.388583e+03 
2.479798e-01 1.319109e+03 1.336838e+03 
2.530202e-01 1.273482e+03 1.287757e+03 
2.580606e-01 1.227704e+03 1.241166e+03 
2.631010e-01 1.182155e+03 1.196907e+03 
2.681414e-01 1.137722e+03 1.154830e+03 
2.731818e-01 1.095526e+03 1.114800e+03 
2.782222e-01 1.056235e+03 1.076692e+03 
2.832626e-01 1.019991e+03 1.040387e+03 
2.883030e-01 9.865876e+02 1.005778e+03 
2.933434e-01 9.557159e+02 9.727639e+02 
2.983838e-01 9.269440e+02 9.412521e+02 
3.034242e-01 8.996702e+02 9.111557e+02 
3.084646e-01 8.732871e+02 8.823940e+02 
3.135051e-01 8.473849e+02 8.548917e+02 
3.185455e-01 8.218796e+02 8.285789e+02 
3.235859e-01 7.969009e+02 8.033901e+02 
3.286263e-01 7.725893e+02 7.792644e+02 
3.336667e-01 7.491114e+02 7.561448e+02 
3.387071e-01 7.266366e+02 7.339778e+02 
3.437475e-01 7.053339e+02 7.127135e+02 
3.487879e-01 6.852690e+02 6.923052e+02 
3.538283e-01 6.663506e+02 6.727091e+02 
3.588687e-01 6.483921e+02 6.538839e+02 
3.639091e-01 6.311879e+02 6.357911e+02 
3.689495e-01 6.146210e+02 6.183944e+02 
3.739899e-01 5.985894e+02 6.016597e+02 
3.790303e-01 5.830059e+02 5.855548e+02 
3.840707e-01 5.678063e+02 5.700497e+02 
3.891111e-01 5.529989e+02 5.551157e+02 
3.941515e-01 5.386401e+02 5.407262e+02 
3.991919e-01 5.247927e+02 5.268557e+02 
4.042323e-01 5.114854e+02 5.134805e+02 
4.092727e-01 4.987097e+02 5.005779e+02 
4.143131e-01 4.864603e+02 4.881267e+02 
4.193535e-01 4.747033e+02 4.761067e+02 
4.243939e-01 4.634120e+02 4.644988e+02 
4.294343e-01 4.525170e+02 4.532851e+02 
4.344747e-01 4.419566e+02 4.424484e+02 
4.395152e-01 4.317058e+02 4.319726e+02 
4.445556e-01 4.217507e+02 4.218423e+02 
4.495960e-01 4.120824e+02 4.120430e+02 
4.546364e-01 4.026956e+02 4.025608e+02 
4.596768e-01 3.935818e+02 3.933826e+02 
4.647172e-01 3.847504e+02 3.844961e+02 
4.697576e-01 3.762070e+02 3.758893e+02 
4.747980e-01 3.679555e+02 3.675510e+02 
4.798384e-01 3.599776e+02 3.594705e+02 
4.848788e-01 3.522514e+02 3.516376e+02 
4.899192e-01 3.447627e+02 3.440426e+02 
4.949596e-01 3.375076e+02 3.366763e+02 
5.000000e-01 3.304668e+02 3.295299e+02 
