1.000000e-03 3.458219e+03 3.458216e+03 
6.040404e-03 1.544724e+04 1.556201e+04 
1.108081e-02 2.093556e+04 2.102929e+04 
1.612121e-02 2.255595e+04 2.257039e+04 
2.116162e-02 2.191976e+04 2.177739e+04 
2.620202e-02 2.012921e+04 2.001242e+04 
3.124242e-02 1.795695e+04 1.813876e+04 
3.628283e-02 1.588707e+04 1.643610e+04 
4.132323e-02 1.415927e+04 1.493465e+04 
4.636364e-02 1.282564e+04 1.361035e+04 
5.140404e-02 1.184052e+04 1.243673e+04 
5.644444e-02 1.108961e+04 1.139238e+04 
6.148485e-02 1.044245e+04 1.046013e+04 
6.652525e-02 9.805980e+03 9.625829e+03 
7.156566e-02 9.126661e+03 8.877462e+03 
7.660606e-02 8.395401e+03 8.204703e+03 
8.164646e-02 7.643290e+03 7.598596e+03 
8.668687e-02 6.920121e+03 7.051349e+03 
9.172727e-02 6.271569e+03 6.556172e+03 
9.676768e-02 5.727635e+03 6.107141e+03 
1.018081e-01 5.299741e+03 5.699084e+03 
1.068485e-01 4.978076e+03 5.327481e+03 
1.118889e-01 4.734842e+03 4.988377e+03 
1.169293e-01 4.535218e+03 4.678304e+03 
1.219697e-01 4.347667e+03 4.394221e+03 
1.270101e-01 4.149581e+03 4.133452e+03 
1.320505e-01 3.930149e+03 3.893641e+03 
1.370909e-01 3.691312e+03 3.672708e+03 
1.421313e-01 3.444840e+03 3.468814e+03 
1.471717e-01 3.205284e+03 3.280330e+03 
1.522121e-01 2.985326e+03 3.105807e+03 
1.572525e-01 2.794477e+03 2.943960e+03 
1.622929e-01 2.637930e+03 2.793640e+03 
1.673333e-01 2.514199e+03 2.653823e+03 
1.723737e-01 2.415255e+03 2.523592e+03 
1.774141e-01 2.330462e+03 2.402123e+03 
1.824545e-01 2.250709e+03 2.288679e+03 
1.874949e-01 2.169632e+03 2.182594e+03 
1.925354e-01 2.083148e+03 2.083269e+03 
1.975758e-01 1.989922e+03 1.990163e+03 
2.026162e-01 1.892285e+03 1.902786e+03 
2.076566e-01 1.795176e+03 1.820694e+03 
2.126970e-01 1.703522e+03 1.743485e+03 
2.177374e-01 1.620538e+03 1.670793e+03 
2.227778e-01 1.547762e+03 1.602284e+03 
2.278182e-01 1.485295e+03 1.537655e+03 
2.328586e-01 1.431893e+03 1.476627e+03 
2.378990e-01 1.385146e+03 1.418948e+03 
2.429394e-01 1.342133e+03 1.364386e+03 
2.479798e-01 1.300246e+03 1.312726e+03 
2.530202e-01 1.257701e+03 1.263774e+03 
2.580606e-01 1.213739e+03 1.217350e+03 
2.631010e-01 1.168636e+03 1.173288e+03 
2.681414e-01 1.123455e+03 1.131437e+03 
2.731818e-01 1.079535e+03 1.091655e+03 
2.782222e-01 1.038084e+03 1.053813e+03 
2.832626e-01 9.998986e+02 1.017791e+03 
2.883030e-01 9.652770e+02 9.834779e+02 
2.933434e-01 9.340715e+02 9.507704e+02 
2.983838e-01 9.057454e+02 9.195732e+02 
3.034242e-01 8.795170e+02 8.897977e+02 
3.084646e-01 8.545462e+02 8.613616e+02 
3.135051e-01 8.301225e+02 8.341883e+02 
3.185455e-01 8.058238e+02 8.082064e+02 
3.235859e-01 7.815530e+02 7.833496e+02 
3.286263e-01 7.574551e+02 7.595557e+02 
3.336667e-01 7.337979e+02 7.367670e+02 
3.387071e-01 7.109206e+02 7.149294e+02 
3.437475e-01 6.891372e+02 6.939924e+02 
3.487879e-01 6.686910e+02 6.739086e+02 
3.538283e-01 6.496196e+02 6.546337e+02 
3.588687e-01 6.317775e+02 6.361262e+02 
3.639091e-01 6.149510e+02 6.183472e+02 
3.689495e-01 5.989309e+02 6.012602e+02 
3.739899e-01 5.835281e+02 5.848307e+02 
3.790303e-01 5.685548e+02 5.690265e+02 
3.840707e-01 5.538583e+02 5.538173e+02 
3.891111e-01 5.394015e+02 5.391744e+02 
3.941515e-01 5.252394e+02 5.250710e+02 
3.991919e-01 5.114708e+02 5.114817e+02 
4.042323e-01 4.981697e+02 4.983825e+02 
4.092727e-01 4.853892e+02 4.857510e+02 
4.143131e-01 4.731679e+02 4.735657e+02 
4.193535e-01 4.615191e+02 4.618066e+02 
4.243939e-01 4.504100e+02 4.504546e+02 
4.294343e-01 4.397633e+02 4.394917e+02 
4.344747e-01 4.295018e+02 4.289008e+02 
4.395152e-01 4.195703e+02 4.186659e+02 
4.445556e-01 4.099217e+02 4.087716e+02 
4.495960e-01 4.005209e+02 3.992035e+02 
4.546364e-01 3.913476e+02 3.899478e+02 
4.596768e-01 3.824025e+02 3.809914e+02 
4.647172e-01 3.737058e+02 3.723220e+02 
4.697576e-01 3.652810e+02 3.639279e+02 
4.747980e-01 3.571387e+02 3.557978e+02 
4.798384e-01 3.492727e+02 3.479211e+02 
4.848788e-01 3.416805e+02 3.402878e+02 
4.899192e-01 3.343618e+02 3.328881e+02 
4.949596e-01 3.272884e+02 3.257130e+02 
5.000000e-01 3.204281e+02 3.187537e+02 
