1.000000e-03 6.734824e+03 6.734818e+03 
6.040404e-03 2.888687e+04 2.912384e+04 
1.108081e-02 3.846800e+04 3.888006e+04 
1.612121e-02 4.047323e+04 4.104935e+04 
2.116162e-02 3.791376e+04 3.807948e+04 
2.620202e-02 3.301363e+04 3.263912e+04 
3.124242e-02 2.744560e+04 2.724272e+04 
3.628283e-02 2.231649e+04 2.289999e+04 
4.132323e-02 1.818820e+04 1.958518e+04 
4.636364e-02 1.518057e+04 1.702613e+04 
5.140404e-02 1.322100e+04 1.499318e+04 
5.644444e-02 1.204290e+04 1.333289e+04 
6.148485e-02 1.137421e+04 1.194669e+04 
6.652525e-02 1.095311e+04 1.076981e+04 
7.156566e-02 1.056374e+04 9.757925e+03 
7.660606e-02 1.004901e+04 8.879361e+03 
8.164646e-02 9.333502e+03 8.110582e+03 
8.668687e-02 8.434308e+03 7.433536e+03 
9.172727e-02 7.435310e+03 6.834021e+03 
9.676768e-02 6.447590e+03 6.300636e+03 
1.018081e-01 5.571542e+03 5.824088e+03 
1.068485e-01 4.872228e+03 5.396699e+03 
1.118889e-01 4.371229e+03 5.012068e+03 
1.169293e-01 4.054283e+03 4.664807e+03 
1.219697e-01 3.885193e+03 4.350352e+03 
1.270101e-01 3.814940e+03 4.064812e+03 
1.320505e-01 3.788382e+03 3.804849e+03 
1.370909e-01 3.753246e+03 3.567589e+03 
1.421313e-01 3.670038e+03 3.350545e+03 
1.471717e-01 3.518181e+03 3.151555e+03 
1.522121e-01 3.297282e+03 2.968734e+03 
1.572525e-01 3.025063e+03 2.800433e+03 
1.622929e-01 2.732768e+03 2.645203e+03 
1.673333e-01 2.455053e+03 2.501769e+03 
1.723737e-01 2.218266e+03 2.369004e+03 
1.774141e-01 2.035594e+03 2.245909e+03 
1.824545e-01 1.908968e+03 2.131599e+03 
1.874949e-01 1.832910e+03 2.025283e+03 
1.925354e-01 1.796466e+03 1.926258e+03 
1.975758e-01 1.783767e+03 1.833893e+03 
2.026162e-01 1.776608e+03 1.747624e+03 
2.076566e-01 1.758899e+03 1.666942e+03 
2.126970e-01 1.720179e+03 1.591392e+03 
2.177374e-01 1.656530e+03 1.520561e+03 
2.227778e-01 1.570111e+03 1.454077e+03 
2.278182e-01 1.468180e+03 1.391602e+03 
2.328586e-01 1.361254e+03 1.332831e+03 
2.378990e-01 1.260164e+03 1.277486e+03 
2.429394e-01 1.173148e+03 1.225315e+03 
2.479798e-01 1.104759e+03 1.176087e+03 
2.530202e-01 1.055998e+03 1.129591e+03 
2.580606e-01 1.024817e+03 1.085636e+03 
2.631010e-01 1.006872e+03 1.044046e+03 
2.681414e-01 9.962653e+02 1.004659e+03 
2.731818e-01 9.868436e+02 9.673280e+02 
2.782222e-01 9.734345e+02 9.319160e+02 
2.832626e-01 9.525598e+02 8.982983e+02 
2.883030e-01 9.228404e+02 8.663593e+02 
2.933434e-01 8.850619e+02 8.359927e+02 
2.983838e-01 8.418236e+02 8.071002e+02 
3.034242e-01 7.968185e+02 7.795909e+02 
3.084646e-01 7.538520e+02 7.533806e+02 
3.135051e-01 7.158609e+02 7.283915e+02 
3.185455e-01 6.845621e+02 7.045511e+02 
3.235859e-01 6.604193e+02 6.817924e+02 
3.286263e-01 6.428332e+02 6.600529e+02 
3.336667e-01 6.303493e+02 6.392746e+02 
3.387071e-01 6.208809e+02 6.194034e+02 
3.437475e-01 6.121426e+02 6.003889e+02 
3.487879e-01 6.021796e+02 5.821841e+02 
3.538283e-01 5.897086e+02 5.647452e+02 
3.588687e-01 5.742249e+02 5.480310e+02 
3.639091e-01 5.559346e+02 5.320033e+02 
3.689495e-01 5.356210e+02 5.166261e+02 
3.739899e-01 5.145029e+02 5.018659e+02 
3.790303e-01 4.939537e+02 4.876910e+02 
3.840707e-01 4.751209e+02 4.740719e+02 
3.891111e-01 4.587354e+02 4.609808e+02 
3.941515e-01 4.450752e+02 4.483916e+02 
3.991919e-01 4.339962e+02 4.362799e+02 
4.042323e-01 4.250301e+02 4.246224e+02 
4.092727e-01 4.174458e+02 4.133976e+02 
4.143131e-01 4.104162e+02 4.025848e+02 
4.193535e-01 4.032001e+02 3.921649e+02 
4.243939e-01 3.952686e+02 3.821195e+02 
4.294343e-01 3.863641e+02 3.724316e+02 
4.344747e-01 3.764742e+02 3.630849e+02 
4.395152e-01 3.658113e+02 3.540641e+02 
4.445556e-01 3.548015e+02 3.453547e+02 
4.495960e-01 3.439464e+02 3.369429e+02 
4.546364e-01 3.336732e+02 3.288157e+02 
4.596768e-01 3.242808e+02 3.209610e+02 
4.647172e-01 3.159440e+02 3.133669e+02 
4.697576e-01 3.086664e+02 3.060225e+02 
4.747980e-01 3.023224e+02 2.989174e+02 
4.798384e-01 2.966492e+02 2.920414e+02 
4.848788e-01 2.913423e+02 2.853853e+02 
4.899192e-01 2.861196e+02 2.789400e+02 
4.949596e-01 2.807653e+02 2.726969e+02 
5.000000e-01 2.751465e+02 2.666481e+02 
