1.000000e-03 3.182670e+03 3.182667e+03 
6.040404e-03 1.407037e+04 1.417513e+04 
1.108081e-02 1.923404e+04 1.932486e+04 
1.612121e-02 2.094018e+04 2.096871e+04 
2.116162e-02 2.057035e+04 2.045569e+04 
2.620202e-02 1.908799e+04 1.896623e+04 
3.124242e-02 1.718388e+04 1.730506e+04 
3.628283e-02 1.530841e+04 1.576330e+04 
4.132323e-02 1.370055e+04 1.438770e+04 
4.636364e-02 1.242988e+04 1.316420e+04 
5.140404e-02 1.147617e+04 1.207232e+04 
5.644444e-02 1.074563e+04 1.109467e+04 
6.148485e-02 1.012888e+04 1.021709e+04 
6.652525e-02 9.544192e+03 9.427731e+03 
7.156566e-02 8.927366e+03 8.716413e+03 
7.660606e-02 8.258213e+03 8.074275e+03 
8.164646e-02 7.559646e+03 7.493535e+03 
8.668687e-02 6.876768e+03 6.967349e+03 
9.172727e-02 6.250862e+03 6.489690e+03 
9.676768e-02 5.709946e+03 6.055256e+03 
1.018081e-01 5.269776e+03 5.659376e+03 
1.068485e-01 4.930961e+03 5.297944e+03 
1.118889e-01 4.675740e+03 4.967339e+03 
1.169293e-01 4.473419e+03 4.664372e+03 
1.219697e-01 4.292288e+03 4.386227e+03 
1.270101e-01 4.108914e+03 4.130417e+03 
1.320505e-01 3.910304e+03 3.894743e+03 
1.370909e-01 3.693256e+03 3.677254e+03 
1.421313e-01 3.463532e+03 3.476219e+03 
1.471717e-01 3.232655e+03 3.290099e+03 
1.522121e-01 3.013697e+03 3.117523e+03 
1.572525e-01 2.817768e+03 2.957268e+03 
1.622929e-01 2.651768e+03 2.808240e+03 
1.673333e-01 2.517113e+03 2.669460e+03 
1.723737e-01 2.409516e+03 2.540048e+03 
1.774141e-01 2.320941e+03 2.419216e+03 
1.824545e-01 2.242547e+03 2.306251e+03 
1.874949e-01 2.166712e+03 2.200513e+03 
1.925354e-01 2.087884e+03 2.101422e+03 
1.975758e-01 2.002963e+03 2.008455e+03 
2.026162e-01 1.912227e+03 1.921136e+03 
2.076566e-01 1.818972e+03 1.839034e+03 
2.126970e-01 1.727631e+03 1.761758e+03 
2.177374e-01 1.642030e+03 1.688950e+03 
2.227778e-01 1.564835e+03 1.620285e+03 
2.278182e-01 1.497442e+03 1.555466e+03 
2.328586e-01 1.439799e+03 1.494221e+03 
2.378990e-01 1.390324e+03 1.436302e+03 
2.429394e-01 1.346442e+03 1.381481e+03 
2.479798e-01 1.305527e+03 1.329548e+03 
2.530202e-01 1.265455e+03 1.280312e+03 
2.580606e-01 1.224730e+03 1.233595e+03 
2.631010e-01 1.182584e+03 1.189234e+03 
2.681414e-01 1.139226e+03 1.147079e+03 
2.731818e-01 1.095794e+03 1.106991e+03 
2.782222e-01 1.053691e+03 1.068841e+03 
2.832626e-01 1.014034e+03 1.032511e+03 
2.883030e-01 9.774416e+02 9.978915e+02 
2.933434e-01 9.441638e+02 9.648794e+02 
2.983838e-01 9.141543e+02 9.333803e+02 
3.034242e-01 8.869935e+02 9.033063e+02 
3.084646e-01 8.619080e+02 8.745755e+02 
3.135051e-01 8.380026e+02 8.471119e+02 
3.185455e-01 8.145789e+02 8.208443e+02 
3.235859e-01 7.912722e+02 7.957067e+02 
3.286263e-01 7.679978e+02 7.716373e+02 
3.336667e-01 7.448162e+02 7.485783e+02 
3.387071e-01 7.219426e+02 7.264759e+02 
3.437475e-01 6.997081e+02 7.052795e+02 
3.487879e-01 6.784859e+02 6.849420e+02 
3.538283e-01 6.585383e+02 6.654190e+02 
3.588687e-01 6.399204e+02 6.466691e+02 
3.639091e-01 6.225204e+02 6.286533e+02 
3.689495e-01 6.061515e+02 6.113349e+02 
3.739899e-01 5.906202e+02 5.946797e+02 
3.790303e-01 5.757322e+02 5.786552e+02 
3.840707e-01 5.612760e+02 5.632310e+02 
3.891111e-01 5.470892e+02 5.483785e+02 
3.941515e-01 5.331053e+02 5.340707e+02 
3.991919e-01 5.193654e+02 5.202820e+02 
4.042323e-01 5.059455e+02 5.069886e+02 
4.092727e-01 4.929365e+02 4.941677e+02 
4.143131e-01 4.803980e+02 4.817978e+02 
4.193535e-01 4.683794e+02 4.698588e+02 
4.243939e-01 4.569248e+02 4.583316e+02 
4.294343e-01 4.460124e+02 4.471979e+02 
4.344747e-01 4.355823e+02 4.364406e+02 
4.395152e-01 4.255584e+02 4.260436e+02 
4.445556e-01 4.158711e+02 4.159913e+02 
4.495960e-01 4.064686e+02 4.062693e+02 
4.546364e-01 3.973080e+02 3.968636e+02 
4.596768e-01 3.883631e+02 3.877611e+02 
4.647172e-01 3.796244e+02 3.789494e+02 
4.697576e-01 3.710968e+02 3.704165e+02 
4.747980e-01 3.628093e+02 3.621512e+02 
4.798384e-01 3.547864e+02 3.541428e+02 
4.848788e-01 3.470339e+02 3.463811e+02 
4.899192e-01 3.395502e+02 3.388563e+02 
4.949596e-01 3.323227e+02 3.315592e+02 
5.000000e-01 3.253522e+02 3.244811e+02 
