1.000000e-03 3.456914e+03 3.456911e+03 
6.040404e-03 1.528680e+04 1.540109e+04 
1.108081e-02 2.072990e+04 2.082815e+04 
1.612121e-02 2.237378e+04 2.240163e+04 
2.116162e-02 2.178355e+04 2.165466e+04 
2.620202e-02 2.003512e+04 1.991283e+04 
3.124242e-02 1.788764e+04 1.804644e+04 
3.628283e-02 1.582389e+04 1.634873e+04 
4.132323e-02 1.408904e+04 1.485386e+04 
4.636364e-02 1.274296e+04 1.353737e+04 
5.140404e-02 1.174879e+04 1.237182e+04 
5.644444e-02 1.099559e+04 1.133513e+04 
6.148485e-02 1.036024e+04 1.040984e+04 
6.652525e-02 9.745708e+03 9.581688e+03 
7.156566e-02 9.091209e+03 8.838682e+03 
7.660606e-02 8.381740e+03 8.170555e+03 
8.164646e-02 7.644216e+03 7.568435e+03 
8.668687e-02 6.926847e+03 7.024613e+03 
9.172727e-02 6.274662e+03 6.532378e+03 
9.676768e-02 5.719518e+03 6.085877e+03 
1.018081e-01 5.277149e+03 5.679999e+03 
1.068485e-01 4.943078e+03 5.310277e+03 
1.118889e-01 4.693247e+03 4.972801e+03 
1.169293e-01 4.493700e+03 4.664141e+03 
1.219697e-01 4.312235e+03 4.381286e+03 
1.270101e-01 4.124970e+03 4.121590e+03 
1.320505e-01 3.918397e+03 3.882718e+03 
1.370909e-01 3.690652e+03 3.662609e+03 
1.421313e-01 3.450536e+03 3.459441e+03 
1.471717e-01 3.212253e+03 3.271597e+03 
1.522121e-01 2.989543e+03 3.097643e+03 
1.572525e-01 2.792988e+03 2.936300e+03 
1.622929e-01 2.629079e+03 2.786431e+03 
1.673333e-01 2.498432e+03 2.647016e+03 
1.723737e-01 2.395274e+03 2.517146e+03 
1.774141e-01 2.309924e+03 2.396002e+03 
1.824545e-01 2.232652e+03 2.282851e+03 
1.874949e-01 2.155955e+03 2.177032e+03 
1.925354e-01 2.074770e+03 2.077948e+03 
1.975758e-01 1.986744e+03 1.985062e+03 
2.026162e-01 1.892954e+03 1.897885e+03 
2.076566e-01 1.797303e+03 1.815978e+03 
2.126970e-01 1.704750e+03 1.738938e+03 
2.177374e-01 1.619381e+03 1.666401e+03 
2.227778e-01 1.543625e+03 1.598036e+03 
2.278182e-01 1.478321e+03 1.533540e+03 
2.328586e-01 1.422736e+03 1.472636e+03 
2.378990e-01 1.374886e+03 1.415073e+03 
2.429394e-01 1.332122e+03 1.360618e+03 
2.479798e-01 1.291712e+03 1.309059e+03 
2.530202e-01 1.251361e+03 1.260202e+03 
2.580606e-01 1.209648e+03 1.213867e+03 
2.631010e-01 1.166312e+03 1.169889e+03 
2.681414e-01 1.122164e+03 1.128117e+03 
2.731818e-01 1.078495e+03 1.088411e+03 
2.782222e-01 1.036560e+03 1.050640e+03 
2.832626e-01 9.973439e+02 1.014686e+03 
2.883030e-01 9.615096e+02 9.804372e+02 
2.933434e-01 9.292827e+02 9.477912e+02 
2.983838e-01 9.003419e+02 9.166529e+02 
3.034242e-01 8.739493e+02 8.869338e+02 
3.084646e-01 8.492435e+02 8.585518e+02 
3.135051e-01 8.254617e+02 8.314304e+02 
3.185455e-01 8.020271e+02 8.054984e+02 
3.235859e-01 7.785971e+02 7.806896e+02 
3.286263e-01 7.551072e+02 7.569420e+02 
3.336667e-01 7.317481e+02 7.341980e+02 
3.387071e-01 7.089038e+02 7.124036e+02 
3.437475e-01 6.869399e+02 6.915083e+02 
3.487879e-01 6.661366e+02 6.714649e+02 
3.538283e-01 6.466411e+02 6.522291e+02 
3.588687e-01 6.284727e+02 6.337596e+02 
3.639091e-01 6.115118e+02 6.160175e+02 
3.689495e-01 5.955251e+02 5.989662e+02 
3.739899e-01 5.802606e+02 5.825716e+02 
3.790303e-01 5.655120e+02 5.668012e+02 
3.840707e-01 5.511225e+02 5.516249e+02 
3.891111e-01 5.369868e+02 5.370142e+02 
3.941515e-01 5.230589e+02 5.229420e+02 
3.991919e-01 5.093915e+02 5.093832e+02 
4.042323e-01 4.960836e+02 4.963138e+02 
4.092727e-01 4.832522e+02 4.837113e+02 
4.143131e-01 4.709529e+02 4.715544e+02 
4.193535e-01 4.592017e+02 4.598230e+02 
4.243939e-01 4.479924e+02 4.484981e+02 
4.294343e-01 4.373056e+02 4.375617e+02 
4.344747e-01 4.270864e+02 4.269967e+02 
4.395152e-01 4.172433e+02 4.167872e+02 
4.445556e-01 4.076933e+02 4.069177e+02 
4.495960e-01 3.983904e+02 3.973738e+02 
4.546364e-01 3.893252e+02 3.881419e+02 
4.596768e-01 3.804804e+02 3.792089e+02 
4.647172e-01 3.718459e+02 3.705623e+02 
4.697576e-01 3.634370e+02 3.621906e+02 
4.747980e-01 3.552765e+02 3.540824e+02 
4.798384e-01 3.474004e+02 3.462273e+02 
4.848788e-01 3.398060e+02 3.386150e+02 
4.899192e-01 3.324758e+02 3.312361e+02 
4.949596e-01 3.253968e+02 3.240813e+02 
5.000000e-01 3.185571e+02 3.171420e+02 
