1.000000e-03 5.515239e+03 5.515234e+03 
6.040404e-03 2.475490e+04 2.495866e+04 
1.108081e-02 3.361580e+04 3.395972e+04 
1.612121e-02 3.591983e+04 3.640236e+04 
2.116162e-02 3.414902e+04 3.430253e+04 
2.620202e-02 3.018362e+04 2.987519e+04 
3.124242e-02 2.547513e+04 2.529180e+04 
3.628283e-02 2.101612e+04 2.150631e+04 
4.132323e-02 1.734359e+04 1.856329e+04 
4.636364e-02 1.460650e+04 1.625932e+04 
5.140404e-02 1.277888e+04 1.440835e+04 
5.644444e-02 1.165109e+04 1.288245e+04 
6.148485e-02 1.099183e+04 1.159814e+04 
6.652525e-02 1.057297e+04 1.050008e+04 
7.156566e-02 1.019958e+04 9.550072e+03 
7.660606e-02 9.727906e+03 8.720635e+03 
8.164646e-02 9.082657e+03 7.991193e+03 
8.668687e-02 8.269063e+03 7.345855e+03 
9.172727e-02 7.354382e+03 6.772029e+03 
9.676768e-02 6.434310e+03 6.259536e+03 
1.018081e-01 5.600502e+03 5.800025e+03 
1.068485e-01 4.918148e+03 5.386555e+03 
1.118889e-01 4.414405e+03 5.013306e+03 
1.169293e-01 4.082215e+03 4.675351e+03 
1.219697e-01 3.891954e+03 4.368496e+03 
1.270101e-01 3.801294e+03 4.089147e+03 
1.320505e-01 3.761391e+03 3.834212e+03 
1.370909e-01 3.723593e+03 3.601012e+03 
1.421313e-01 3.648775e+03 3.387223e+03 
1.471717e-01 3.514689e+03 3.190817e+03 
1.522121e-01 3.317345e+03 3.010019e+03 
1.572525e-01 3.069121e+03 2.843273e+03 
1.622929e-01 2.794985e+03 2.689204e+03 
1.673333e-01 2.525818e+03 2.546603e+03 
1.723737e-01 2.288558e+03 2.414394e+03 
1.774141e-01 2.099063e+03 2.291626e+03 
1.824545e-01 1.961709e+03 2.177448e+03 
1.874949e-01 1.872921e+03 2.071104e+03 
1.925354e-01 1.824005e+03 1.971915e+03 
1.975758e-01 1.801947e+03 1.879276e+03 
2.026162e-01 1.790704e+03 1.792639e+03 
2.076566e-01 1.774466e+03 1.711514e+03 
2.126970e-01 1.741560e+03 1.635458e+03 
2.177374e-01 1.686464e+03 1.564071e+03 
2.227778e-01 1.609554e+03 1.496989e+03 
2.278182e-01 1.515986e+03 1.433885e+03 
2.328586e-01 1.414289e+03 1.374461e+03 
2.378990e-01 1.314314e+03 1.318444e+03 
2.429394e-01 1.224696e+03 1.265586e+03 
2.479798e-01 1.151079e+03 1.215663e+03 
2.530202e-01 1.095646e+03 1.168468e+03 
2.580606e-01 1.057571e+03 1.123811e+03 
2.631010e-01 1.033627e+03 1.081519e+03 
2.681414e-01 1.018967e+03 1.041434e+03 
2.731818e-01 1.007956e+03 1.003410e+03 
2.782222e-01 9.953082e+02 9.673108e+02 
2.832626e-01 9.770830e+02 9.330138e+02 
2.883030e-01 9.511693e+02 9.004045e+02 
2.933434e-01 9.174303e+02 8.693772e+02 
2.983838e-01 8.775187e+02 8.398344e+02 
3.034242e-01 8.343525e+02 8.116858e+02 
3.084646e-01 7.913916e+02 7.848476e+02 
3.135051e-01 7.517794e+02 7.592423e+02 
3.185455e-01 7.177261e+02 7.347978e+02 
3.235859e-01 6.902422e+02 7.114470e+02 
3.286263e-01 6.692290e+02 6.891277e+02 
3.336667e-01 6.537284e+02 6.677819e+02 
3.387071e-01 6.421219e+02 6.473554e+02 
3.437475e-01 6.324194e+02 6.277978e+02 
3.487879e-01 6.226357e+02 6.090621e+02 
3.538283e-01 6.111745e+02 5.911041e+02 
3.588687e-01 5.971443e+02 5.738827e+02 
3.639091e-01 5.804165e+02 5.573595e+02 
3.689495e-01 5.614348e+02 5.414982e+02 
3.739899e-01 5.410922e+02 5.262651e+02 
3.790303e-01 5.205217e+02 5.116285e+02 
3.840707e-01 5.008912e+02 4.975585e+02 
3.891111e-01 4.831705e+02 4.840271e+02 
3.941515e-01 4.678796e+02 4.710081e+02 
3.991919e-01 4.551094e+02 4.584766e+02 
4.042323e-01 4.445978e+02 4.464094e+02 
4.092727e-01 4.358267e+02 4.347844e+02 
4.143131e-01 4.281103e+02 4.235811e+02 
4.193535e-01 4.207137e+02 4.127798e+02 
4.243939e-01 4.130033e+02 4.023621e+02 
4.294343e-01 4.045590e+02 3.923107e+02 
4.344747e-01 3.952256e+02 3.826090e+02 
4.395152e-01 3.850764e+02 3.732416e+02 
4.445556e-01 3.743596e+02 3.641937e+02 
4.495960e-01 3.634643e+02 3.554513e+02 
4.546364e-01 3.528276e+02 3.470013e+02 
4.596768e-01 3.428218e+02 3.388312e+02 
4.647172e-01 3.336980e+02 3.309292e+02 
4.697576e-01 3.255663e+02 3.232839e+02 
4.747980e-01 3.183903e+02 3.158847e+02 
4.798384e-01 3.120264e+02 3.087216e+02 
4.848788e-01 3.062451e+02 3.017847e+02 
4.899192e-01 3.007707e+02 2.950651e+02 
4.949596e-01 2.953498e+02 2.885541e+02 
5.000000e-01 2.897869e+02 2.822432e+02 
