1.000000e-03 3.166009e+03 3.166007e+03 
6.040404e-03 1.432971e+04 1.443509e+04 
1.108081e-02 1.964447e+04 1.973630e+04 
1.612121e-02 2.136456e+04 2.138969e+04 
2.116162e-02 2.092657e+04 2.080191e+04 
2.620202e-02 1.934731e+04 1.923197e+04 
3.124242e-02 1.735622e+04 1.751389e+04 
3.628283e-02 1.542362e+04 1.593297e+04 
4.132323e-02 1.379149e+04 1.452826e+04 
4.636364e-02 1.251925e+04 1.328185e+04 
5.140404e-02 1.158071e+04 1.217142e+04 
5.644444e-02 1.085955e+04 1.117856e+04 
6.148485e-02 1.024759e+04 1.028842e+04 
6.652525e-02 9.649962e+03 9.488646e+03 
7.156566e-02 9.007323e+03 8.768680e+03 
7.660606e-02 8.307403e+03 8.119333e+03 
8.164646e-02 7.581808e+03 7.532569e+03 
8.668687e-02 6.879985e+03 7.001332e+03 
9.172727e-02 6.245160e+03 6.519427e+03 
9.676768e-02 5.706373e+03 6.081411e+03 
1.018081e-01 5.278341e+03 5.682504e+03 
1.068485e-01 4.956019e+03 5.318504e+03 
1.118889e-01 4.714621e+03 4.985715e+03 
1.169293e-01 4.518943e+03 4.680884e+03 
1.219697e-01 4.336992e+03 4.401145e+03 
1.270101e-01 4.146436e+03 4.143968e+03 
1.320505e-01 3.936064e+03 3.907118e+03 
1.370909e-01 3.705648e+03 3.688615e+03 
1.421313e-01 3.464247e+03 3.486702e+03 
1.471717e-01 3.226294e+03 3.299821e+03 
1.522121e-01 3.005852e+03 3.126584e+03 
1.572525e-01 2.813329e+03 2.965751e+03 
1.622929e-01 2.654299e+03 2.816218e+03 
1.673333e-01 2.527845e+03 2.676995e+03 
1.723737e-01 2.427257e+03 2.547193e+03 
1.774141e-01 2.342891e+03 2.426016e+03 
1.824545e-01 2.265243e+03 2.312746e+03 
1.874949e-01 2.186862e+03 2.206737e+03 
1.925354e-01 2.102912e+03 2.107405e+03 
1.975758e-01 2.011811e+03 2.014221e+03 
2.026162e-01 1.915633e+03 1.926708e+03 
2.076566e-01 1.818807e+03 1.844432e+03 
2.126970e-01 1.726094e+03 1.766997e+03 
2.177374e-01 1.641278e+03 1.694045e+03 
2.227778e-01 1.566567e+03 1.625250e+03 
2.278182e-01 1.502623e+03 1.560311e+03 
2.328586e-01 1.448322e+03 1.498956e+03 
2.378990e-01 1.401156e+03 1.440936e+03 
2.429394e-01 1.358290e+03 1.386021e+03 
2.479798e-01 1.317138e+03 1.334001e+03 
2.530202e-01 1.275628e+03 1.284683e+03 
2.580606e-01 1.232525e+03 1.237890e+03 
2.631010e-01 1.187754e+03 1.193457e+03 
2.681414e-01 1.142388e+03 1.151234e+03 
2.731818e-01 1.097968e+03 1.111082e+03 
2.782222e-01 1.055760e+03 1.072872e+03 
2.832626e-01 1.016593e+03 1.036484e+03 
2.883030e-01 9.809566e+02 1.001808e+03 
2.933434e-01 9.489625e+02 9.687430e+02 
2.983838e-01 9.202379e+02 9.371928e+02 
3.034242e-01 8.939054e+02 9.070695e+02 
3.084646e-01 8.689640e+02 8.782912e+02 
3.135051e-01 8.446579e+02 8.507814e+02 
3.185455e-01 8.205448e+02 8.244692e+02 
3.235859e-01 7.964191e+02 7.992882e+02 
3.286263e-01 7.722693e+02 7.751764e+02 
3.336667e-01 7.483229e+02 7.520763e+02 
3.387071e-01 7.250053e+02 7.299336e+02 
3.437475e-01 7.027458e+02 7.086980e+02 
3.487879e-01 6.818155e+02 6.883220e+02 
3.538283e-01 6.622777e+02 6.687613e+02 
3.588687e-01 6.440389e+02 6.499745e+02 
3.639091e-01 6.269507e+02 6.319224e+02 
3.689495e-01 6.108081e+02 6.145684e+02 
3.739899e-01 5.953415e+02 5.978781e+02 
3.790303e-01 5.803036e+02 5.818192e+02 
3.840707e-01 5.655325e+02 5.663612e+02 
3.891111e-01 5.509863e+02 5.514754e+02 
3.941515e-01 5.366953e+02 5.371347e+02 
3.991919e-01 5.227208e+02 5.233138e+02 
4.042323e-01 5.091398e+02 5.099885e+02 
4.092727e-01 4.960650e+02 4.971361e+02 
4.143131e-01 4.835775e+02 4.847353e+02 
4.193535e-01 4.716882e+02 4.727658e+02 
4.243939e-01 4.603607e+02 4.612084e+02 
4.294343e-01 4.495236e+02 4.500449e+02 
4.344747e-01 4.391178e+02 4.392584e+02 
4.395152e-01 4.290820e+02 4.288323e+02 
4.445556e-01 4.193403e+02 4.187515e+02 
4.495960e-01 4.098265e+02 4.090012e+02 
4.546364e-01 4.005202e+02 3.995677e+02 
4.596768e-01 3.914384e+02 3.904377e+02 
4.647172e-01 3.825933e+02 3.815988e+02 
4.697576e-01 3.740038e+02 3.730390e+02 
4.747980e-01 3.656819e+02 3.647473e+02 
4.798384e-01 3.576407e+02 3.567127e+02 
4.848788e-01 3.498929e+02 3.489251e+02 
4.899192e-01 3.424320e+02 3.413748e+02 
4.949596e-01 3.352274e+02 3.340525e+02 
5.000000e-01 3.282442e+02 3.269494e+02 
