1.000000e-03 3.231233e+03 3.231230e+03 
6.040404e-03 1.445055e+04 1.455757e+04 
1.108081e-02 1.975731e+04 1.985325e+04 
1.612121e-02 2.146302e+04 2.149667e+04 
2.116162e-02 2.100943e+04 2.089159e+04 
2.620202e-02 1.941100e+04 1.929112e+04 
3.124242e-02 1.739643e+04 1.754084e+04 
3.628283e-02 1.543700e+04 1.593513e+04 
4.132323e-02 1.377792e+04 1.451376e+04 
4.636364e-02 1.248263e+04 1.325669e+04 
5.140404e-02 1.152702e+04 1.213960e+04 
5.644444e-02 1.079958e+04 1.114268e+04 
6.148485e-02 1.018890e+04 1.025018e+04 
6.652525e-02 9.601245e+03 9.449188e+03 
7.156566e-02 8.972392e+03 8.728759e+03 
7.660606e-02 8.285441e+03 8.079466e+03 
8.164646e-02 7.567572e+03 7.493107e+03 
8.668687e-02 6.867282e+03 6.962516e+03 
9.172727e-02 6.228377e+03 6.481418e+03 
9.676768e-02 5.681334e+03 6.044315e+03 
1.018081e-01 5.242874e+03 5.646386e+03 
1.068485e-01 4.911082e+03 5.283402e+03 
1.118889e-01 4.664094e+03 4.951645e+03 
1.169293e-01 4.468269e+03 4.647848e+03 
1.219697e-01 4.290854e+03 4.369134e+03 
1.270101e-01 4.108116e+03 4.112965e+03 
1.320505e-01 3.906846e+03 3.877100e+03 
1.370909e-01 3.684549e+03 3.659557e+03 
1.421313e-01 3.448749e+03 3.458576e+03 
1.471717e-01 3.212771e+03 3.272596e+03 
1.522121e-01 2.991055e+03 3.100229e+03 
1.572525e-01 2.794887e+03 2.940237e+03 
1.622929e-01 2.630911e+03 2.791512e+03 
1.673333e-01 2.499892e+03 2.653067e+03 
1.723737e-01 2.396413e+03 2.524014e+03 
1.774141e-01 2.311424e+03 2.403556e+03 
1.824545e-01 2.235426e+03 2.290978e+03 
1.874949e-01 2.160426e+03 2.185633e+03 
1.925354e-01 2.080836e+03 2.086939e+03 
1.975758e-01 1.994112e+03 1.994369e+03 
2.026162e-01 1.901251e+03 1.907445e+03 
2.076566e-01 1.806173e+03 1.825734e+03 
2.126970e-01 1.713669e+03 1.748842e+03 
2.177374e-01 1.627743e+03 1.676413e+03 
2.227778e-01 1.551243e+03 1.608119e+03 
2.278182e-01 1.485361e+03 1.543662e+03 
2.328586e-01 1.429550e+03 1.482772e+03 
2.378990e-01 1.381750e+03 1.425198e+03 
2.429394e-01 1.339155e+03 1.370712e+03 
2.479798e-01 1.299091e+03 1.319105e+03 
2.530202e-01 1.259312e+03 1.270185e+03 
2.580606e-01 1.218215e+03 1.223774e+03 
2.631010e-01 1.175266e+03 1.179711e+03 
2.681414e-01 1.131136e+03 1.137843e+03 
2.731818e-01 1.087245e+03 1.098034e+03 
2.782222e-01 1.045039e+03 1.060153e+03 
2.832626e-01 1.005512e+03 1.024084e+03 
2.883030e-01 9.692756e+02 9.897162e+02 
2.933434e-01 9.366489e+02 9.569475e+02 
2.983838e-01 9.074760e+02 9.256837e+02 
3.034242e-01 8.810889e+02 8.958371e+02 
3.084646e-01 8.565086e+02 8.673260e+02 
3.135051e-01 8.328331e+02 8.400745e+02 
3.185455e-01 8.094831e+02 8.140119e+02 
3.235859e-01 7.861529e+02 7.890722e+02 
3.286263e-01 7.627317e+02 7.651940e+02 
3.336667e-01 7.393356e+02 7.423198e+02 
3.387071e-01 7.163003e+02 7.203958e+02 
3.437475e-01 6.940725e+02 6.993718e+02 
3.487879e-01 6.730425e+02 6.792009e+02 
3.538283e-01 6.533627e+02 6.598388e+02 
3.588687e-01 6.350224e+02 6.412444e+02 
3.639091e-01 6.179038e+02 6.233789e+02 
3.689495e-01 6.018263e+02 6.062058e+02 
3.739899e-01 5.865644e+02 5.896909e+02 
3.790303e-01 5.718468e+02 5.738021e+02 
3.840707e-01 5.574449e+02 5.585092e+02 
3.891111e-01 5.432529e+02 5.437837e+02 
3.941515e-01 5.292677e+02 5.295986e+02 
3.991919e-01 5.155354e+02 5.159287e+02 
4.042323e-01 5.021314e+02 5.027502e+02 
4.092727e-01 4.891486e+02 4.900404e+02 
4.143131e-01 4.766826e+02 4.777782e+02 
4.193535e-01 4.648113e+02 4.659433e+02 
4.243939e-01 4.535118e+02 4.545169e+02 
4.294343e-01 4.427431e+02 4.434808e+02 
4.344747e-01 4.324352e+02 4.328181e+02 
4.395152e-01 4.225197e+02 4.225127e+02 
4.445556e-01 4.129337e+02 4.125492e+02 
4.495960e-01 4.036059e+02 4.029131e+02 
4.546364e-01 3.944832e+02 3.935907e+02 
4.596768e-01 3.855587e+02 3.845690e+02 
4.647172e-01 3.768473e+02 3.758355e+02 
4.697576e-01 3.683652e+02 3.673786e+02 
4.747980e-01 3.601334e+02 3.591869e+02 
4.798384e-01 3.521617e+02 3.512499e+02 
4.848788e-01 3.444680e+02 3.435574e+02 
4.899192e-01 3.370601e+02 3.360999e+02 
4.949596e-01 3.299244e+02 3.288681e+02 
5.000000e-01 3.230269e+02 3.218532e+02 
