1.000000e-03 2.024357e+03 2.024356e+03 
6.040404e-03 9.141490e+03 9.211193e+03 
1.108081e-02 1.267696e+04 1.267948e+04 
1.612121e-02 1.414633e+04 1.403279e+04 
2.116162e-02 1.443012e+04 1.423554e+04 
2.620202e-02 1.406069e+04 1.387200e+04 
3.124242e-02 1.337109e+04 1.325139e+04 
3.628283e-02 1.256156e+04 1.252243e+04 
4.132323e-02 1.173943e+04 1.176045e+04 
4.636364e-02 1.094685e+04 1.100588e+04 
5.140404e-02 1.022225e+04 1.028039e+04 
5.644444e-02 9.530797e+03 9.594988e+03 
6.148485e-02 8.878311e+03 8.954410e+03 
6.652525e-02 8.271343e+03 8.359744e+03 
7.156566e-02 7.701748e+03 7.809987e+03 
7.660606e-02 7.171626e+03 7.302992e+03 
8.164646e-02 6.689825e+03 6.836041e+03 
8.668687e-02 6.259049e+03 6.406189e+03 
9.172727e-02 5.871950e+03 6.010470e+03 
9.676768e-02 5.518557e+03 5.646015e+03 
1.018081e-01 5.194850e+03 5.310116e+03 
1.068485e-01 4.898320e+03 5.000256e+03 
1.118889e-01 4.623182e+03 4.714120e+03 
1.169293e-01 4.363794e+03 4.449595e+03 
1.219697e-01 4.118527e+03 4.204757e+03 
1.270101e-01 3.889406e+03 3.977866e+03 
1.320505e-01 3.678401e+03 3.767344e+03 
1.370909e-01 3.485244e+03 3.571768e+03 
1.421313e-01 3.308136e+03 3.389851e+03 
1.471717e-01 3.144518e+03 3.220430e+03 
1.522121e-01 2.992545e+03 3.062456e+03 
1.572525e-01 2.850951e+03 2.914979e+03 
1.622929e-01 2.718704e+03 2.777141e+03 
1.673333e-01 2.594311e+03 2.648164e+03 
1.723737e-01 2.476705e+03 2.527342e+03 
1.774141e-01 2.365547e+03 2.414037e+03 
1.824545e-01 2.261322e+03 2.307667e+03 
1.874949e-01 2.163855e+03 2.207705e+03 
1.925354e-01 2.072359e+03 2.113667e+03 
1.975758e-01 1.986259e+03 2.025118e+03 
2.026162e-01 1.905354e+03 1.941655e+03 
2.076566e-01 1.829472e+03 1.862913e+03 
2.126970e-01 1.757854e+03 1.788557e+03 
2.177374e-01 1.689897e+03 1.718282e+03 
2.227778e-01 1.625307e+03 1.651806e+03 
2.278182e-01 1.564109e+03 1.588870e+03 
2.328586e-01 1.506167e+03 1.529238e+03 
2.378990e-01 1.451206e+03 1.472691e+03 
2.429394e-01 1.398978e+03 1.419028e+03 
2.479798e-01 1.349396e+03 1.368064e+03 
2.530202e-01 1.302385e+03 1.319628e+03 
2.580606e-01 1.257676e+03 1.273560e+03 
2.631010e-01 1.215076e+03 1.229716e+03 
2.681414e-01 1.174462e+03 1.187959e+03 
2.731818e-01 1.135739e+03 1.148164e+03 
2.782222e-01 1.098803e+03 1.110214e+03 
2.832626e-01 1.063538e+03 1.074001e+03 
2.883030e-01 1.029820e+03 1.039424e+03 
2.933434e-01 9.975702e+02 1.006389e+03 
2.983838e-01 9.667346e+02 9.748099e+02 
3.034242e-01 9.372578e+02 9.446048e+02 
3.084646e-01 9.090492e+02 9.156979e+02 
3.135051e-01 8.820115e+02 8.880183e+02 
3.185455e-01 8.560710e+02 8.615001e+02 
3.235859e-01 8.311919e+02 8.360812e+02 
3.286263e-01 8.073386e+02 8.117039e+02 
3.336667e-01 7.844471e+02 7.883138e+02 
3.387071e-01 7.624447e+02 7.658602e+02 
3.437475e-01 7.412820e+02 7.442954e+02 
3.487879e-01 7.209464e+02 7.235747e+02 
3.538283e-01 7.014062e+02 7.036560e+02 
3.588687e-01 6.826102e+02 6.844999e+02 
3.639091e-01 6.644972e+02 6.660691e+02 
3.689495e-01 6.470420e+02 6.483288e+02 
3.739899e-01 6.302336e+02 6.312459e+02 
3.790303e-01 6.140544e+02 6.147895e+02 
3.840707e-01 5.984515e+02 5.989303e+02 
3.891111e-01 5.833833e+02 5.836407e+02 
3.941515e-01 5.688398e+02 5.688945e+02 
3.991919e-01 5.548137e+02 5.546673e+02 
4.042323e-01 5.412826e+02 5.409356e+02 
4.092727e-01 5.282084e+02 5.276775e+02 
4.143131e-01 5.155652e+02 5.148722e+02 
4.193535e-01 5.033406e+02 5.024999e+02 
4.243939e-01 4.915296e+02 4.905419e+02 
4.294343e-01 4.801137e+02 4.789806e+02 
4.344747e-01 4.690671e+02 4.677991e+02 
4.395152e-01 4.583653e+02 4.569815e+02 
4.445556e-01 4.480035e+02 4.465127e+02 
4.495960e-01 4.379766e+02 4.363783e+02 
4.546364e-01 4.282708e+02 4.265647e+02 
4.596768e-01 4.188596e+02 4.170590e+02 
4.647172e-01 4.097284e+02 4.078487e+02 
4.697576e-01 4.008764e+02 3.989221e+02 
4.747980e-01 3.922996e+02 3.902682e+02 
4.798384e-01 3.839833e+02 3.818761e+02 
4.848788e-01 3.759076e+02 3.737359e+02 
4.899192e-01 3.680648e+02 3.658378e+02 
4.949596e-01 3.604517e+02 3.581727e+02 
5.000000e-01 3.530635e+02 3.507317e+02 
