1.000000e-03 4.206178e+03 4.206174e+03 
6.040404e-03 1.857427e+04 1.872033e+04 
1.108081e-02 2.513425e+04 2.532129e+04 
1.612121e-02 2.694873e+04 2.713518e+04 
2.116162e-02 2.590589e+04 2.586649e+04 
2.620202e-02 2.336032e+04 2.317893e+04 
3.124242e-02 2.030976e+04 2.039376e+04 
3.628283e-02 1.741113e+04 1.800101e+04 
4.132323e-02 1.501133e+04 1.602308e+04 
4.636364e-02 1.319777e+04 1.437390e+04 
5.140404e-02 1.194740e+04 1.297486e+04 
5.644444e-02 1.110478e+04 1.177010e+04 
6.148485e-02 1.050766e+04 1.072093e+04 
6.652525e-02 9.997426e+03 9.799672e+03 
7.156566e-02 9.458811e+03 8.985594e+03 
7.660606e-02 8.826284e+03 8.262582e+03 
8.164646e-02 8.093351e+03 7.617715e+03 
8.668687e-02 7.302938e+03 7.040410e+03 
9.172727e-02 6.520314e+03 6.521859e+03 
9.676768e-02 5.808690e+03 6.054650e+03 
1.018081e-01 5.215277e+03 5.632495e+03 
1.068485e-01 4.761843e+03 5.250023e+03 
1.118889e-01 4.442209e+03 4.902620e+03 
1.169293e-01 4.229243e+03 4.586306e+03 
1.219697e-01 4.085231e+03 4.297636e+03 
1.270101e-01 3.970920e+03 4.033612e+03 
1.320505e-01 3.851252e+03 3.791622e+03 
1.370909e-01 3.701368e+03 3.569379e+03 
1.421313e-01 3.511726e+03 3.364878e+03 
1.471717e-01 3.287930e+03 3.176353e+03 
1.522121e-01 3.045124e+03 3.002246e+03 
1.572525e-01 2.802406e+03 2.841181e+03 
1.622929e-01 2.579236e+03 2.691936e+03 
1.673333e-01 2.390994e+03 2.553425e+03 
1.723737e-01 2.244533e+03 2.424681e+03 
1.774141e-01 2.137628e+03 2.304839e+03 
1.824545e-01 2.062030e+03 2.193128e+03 
1.874949e-01 2.006950e+03 2.088855e+03 
1.925354e-01 1.961141e+03 1.991396e+03 
1.975758e-01 1.913675e+03 1.900193e+03 
2.026162e-01 1.855941e+03 1.814738e+03 
2.076566e-01 1.784072e+03 1.734577e+03 
2.126970e-01 1.699613e+03 1.659295e+03 
2.177374e-01 1.607643e+03 1.588518e+03 
2.227778e-01 1.514518e+03 1.521905e+03 
2.278182e-01 1.426433e+03 1.459148e+03 
2.328586e-01 1.348360e+03 1.399964e+03 
2.378990e-01 1.283243e+03 1.344096e+03 
2.429394e-01 1.231627e+03 1.291310e+03 
2.479798e-01 1.191799e+03 1.241390e+03 
2.530202e-01 1.160457e+03 1.194139e+03 
2.580606e-01 1.133596e+03 1.149376e+03 
2.631010e-01 1.107322e+03 1.106936e+03 
2.681414e-01 1.078607e+03 1.066665e+03 
2.731818e-01 1.045831e+03 1.028424e+03 
2.782222e-01 1.008917e+03 9.920823e+02 
2.832626e-01 9.689481e+02 9.575201e+02 
2.883030e-01 9.277945e+02 9.246271e+02 
2.933434e-01 8.875791e+02 8.933009e+02 
2.983838e-01 8.502389e+02 8.634467e+02 
3.034242e-01 8.171070e+02 8.349766e+02 
3.084646e-01 7.887100e+02 8.078091e+02 
3.135051e-01 7.648119e+02 7.818685e+02 
3.185455e-01 7.445509e+02 7.570843e+02 
3.235859e-01 7.266723e+02 7.333909e+02 
3.286263e-01 7.098560e+02 7.107273e+02 
3.336667e-01 6.929716e+02 6.890365e+02 
3.387071e-01 6.752345e+02 6.682654e+02 
3.437475e-01 6.563167e+02 6.483643e+02 
3.487879e-01 6.363320e+02 6.292869e+02 
3.538283e-01 6.157643e+02 6.109897e+02 
3.588687e-01 5.953154e+02 5.934321e+02 
3.639091e-01 5.756874e+02 5.765760e+02 
3.689495e-01 5.573972e+02 5.603856e+02 
3.739899e-01 5.407205e+02 5.448276e+02 
3.790303e-01 5.257443e+02 5.298703e+02 
3.840707e-01 5.123452e+02 5.154842e+02 
3.891111e-01 5.002032e+02 5.016415e+02 
3.941515e-01 4.888682e+02 4.883161e+02 
3.991919e-01 4.778847e+02 4.754832e+02 
4.042323e-01 4.669175e+02 4.631196e+02 
4.092727e-01 4.557819e+02 4.512034e+02 
4.143131e-01 4.444300e+02 4.397141e+02 
4.193535e-01 4.329234e+02 4.286319e+02 
4.243939e-01 4.214128e+02 4.179387e+02 
4.294343e-01 4.101298e+02 4.076168e+02 
4.344747e-01 3.992859e+02 3.976498e+02 
4.395152e-01 3.890428e+02 3.880222e+02 
4.445556e-01 3.794662e+02 3.787193e+02 
4.495960e-01 3.705472e+02 3.697269e+02 
4.546364e-01 3.622220e+02 3.610319e+02 
4.596768e-01 3.543812e+02 3.526217e+02 
4.647172e-01 3.468835e+02 3.444843e+02 
4.697576e-01 3.395814e+02 3.366086e+02 
4.747980e-01 3.323651e+02 3.289836e+02 
4.798384e-01 3.251830e+02 3.215993e+02 
4.848788e-01 3.180248e+02 3.144459e+02 
4.899192e-01 3.109192e+02 3.075141e+02 
4.949596e-01 3.039162e+02 3.007953e+02 
5.000000e-01 2.970776e+02 2.942810e+02 
