1.000000e-03 3.355439e+03 3.355436e+03 
6.040404e-03 1.485205e+04 1.496263e+04 
1.108081e-02 2.020207e+04 2.029930e+04 
1.612121e-02 2.186577e+04 2.189700e+04 
2.116162e-02 2.134260e+04 2.122025e+04 
2.620202e-02 1.967346e+04 1.955267e+04 
3.124242e-02 1.759856e+04 1.774852e+04 
3.628283e-02 1.559280e+04 1.610055e+04 
4.132323e-02 1.390004e+04 1.464565e+04 
4.636364e-02 1.258163e+04 1.336169e+04 
5.140404e-02 1.160785e+04 1.222288e+04 
5.644444e-02 1.086666e+04 1.120833e+04 
6.148485e-02 1.024454e+04 1.030147e+04 
6.652525e-02 9.644253e+03 9.488735e+03 
7.156566e-02 9.004026e+03 8.758691e+03 
7.660606e-02 8.307621e+03 8.101506e+03 
8.164646e-02 7.582284e+03 7.508659e+03 
8.668687e-02 6.876148e+03 6.972725e+03 
9.172727e-02 6.232861e+03 6.487226e+03 
9.676768e-02 5.683311e+03 6.046497e+03 
1.018081e-01 5.243836e+03 5.645581e+03 
1.068485e-01 4.911435e+03 5.280138e+03 
1.118889e-01 4.663306e+03 4.946363e+03 
1.169293e-01 4.465673e+03 4.640913e+03 
1.219697e-01 4.286274e+03 4.360852e+03 
1.270101e-01 4.101548e+03 4.103591e+03 
1.320505e-01 3.898260e+03 3.866847e+03 
1.370909e-01 3.674202e+03 3.648604e+03 
1.421313e-01 3.437168e+03 3.447073e+03 
1.471717e-01 3.200916e+03 3.260671e+03 
1.522121e-01 2.979517e+03 3.087987e+03 
1.572525e-01 2.783848e+03 2.927767e+03 
1.622929e-01 2.620408e+03 2.778890e+03 
1.673333e-01 2.489830e+03 2.640356e+03 
1.723737e-01 2.386609e+03 2.511266e+03 
1.774141e-01 2.301550e+03 2.390817e+03 
1.824545e-01 2.225113e+03 2.278284e+03 
1.874949e-01 2.149478e+03 2.173015e+03 
1.925354e-01 2.069299e+03 2.074423e+03 
1.975758e-01 1.982221e+03 1.981975e+03 
2.026162e-01 1.889293e+03 1.895191e+03 
2.076566e-01 1.794332e+03 1.813634e+03 
2.126970e-01 1.702159e+03 1.736909e+03 
2.177374e-01 1.616797e+03 1.664654e+03 
2.227778e-01 1.540918e+03 1.596542e+03 
2.278182e-01 1.475547e+03 1.532272e+03 
2.328586e-01 1.420021e+03 1.471573e+03 
2.378990e-01 1.372304e+03 1.414192e+03 
2.429394e-01 1.329711e+03 1.359901e+03 
2.479798e-01 1.289598e+03 1.308490e+03 
2.530202e-01 1.249706e+03 1.259765e+03 
2.580606e-01 1.208478e+03 1.213549e+03 
2.631010e-01 1.165491e+03 1.169679e+03 
2.681414e-01 1.121508e+03 1.128003e+03 
2.731818e-01 1.077913e+03 1.088383e+03 
2.782222e-01 1.036029e+03 1.050690e+03 
2.832626e-01 9.968034e+02 1.014806e+03 
2.883030e-01 9.608806e+02 9.806193e+02 
2.933434e-01 9.285527e+02 9.480293e+02 
2.983838e-01 8.996082e+02 9.169409e+02 
3.034242e-01 8.733296e+02 8.872664e+02 
3.084646e-01 8.487688e+02 8.589242e+02 
3.135051e-01 8.251120e+02 8.318382e+02 
3.185455e-01 8.018165e+02 8.059376e+02 
3.235859e-01 7.785498e+02 7.811566e+02 
3.286263e-01 7.551982e+02 7.574337e+02 
3.336667e-01 7.319082e+02 7.347113e+02 
3.387071e-01 7.090437e+02 7.129358e+02 
3.437475e-01 6.870464e+02 6.920569e+02 
3.487879e-01 6.662265e+02 6.720278e+02 
3.538283e-01 6.467206e+02 6.528043e+02 
3.588687e-01 6.285273e+02 6.343453e+02 
3.639091e-01 6.115448e+02 6.166119e+02 
3.689495e-01 5.955859e+02 5.995679e+02 
3.739899e-01 5.803977e+02 5.831791e+02 
3.790303e-01 5.657254e+02 5.674135e+02 
3.840707e-01 5.513788e+02 5.522407e+02 
3.891111e-01 5.372741e+02 5.376325e+02 
3.941515e-01 5.233943e+02 5.235619e+02 
3.991919e-01 5.097582e+02 5.100039e+02 
4.042323e-01 4.964552e+02 4.969345e+02 
4.092727e-01 4.835913e+02 4.843313e+02 
4.143131e-01 4.712638e+02 4.721731e+02 
4.193535e-01 4.595116e+02 4.604399e+02 
4.243939e-01 4.483151e+02 4.491126e+02 
4.294343e-01 4.376274e+02 4.381733e+02 
4.344747e-01 4.273962e+02 4.276052e+02 
4.395152e-01 4.175698e+02 4.173920e+02 
4.445556e-01 4.080570e+02 4.075187e+02 
4.495960e-01 3.987826e+02 3.979706e+02 
4.546364e-01 3.897175e+02 3.887343e+02 
4.596768e-01 3.808710e+02 3.797965e+02 
4.647172e-01 3.722464e+02 3.711451e+02 
4.697576e-01 3.638456e+02 3.627683e+02 
4.747980e-01 3.556836e+02 3.546550e+02 
4.798384e-01 3.477884e+02 3.467945e+02 
4.848788e-01 3.401786e+02 3.391768e+02 
4.899192e-01 3.328522e+02 3.317923e+02 
4.949596e-01 3.257847e+02 3.246319e+02 
5.000000e-01 3.189427e+02 3.176869e+02 
