1.000000e-03 5.184673e+03 5.184668e+03 
6.040404e-03 2.271024e+04 2.288894e+04 
1.108081e-02 3.043490e+04 3.069348e+04 
1.612121e-02 3.224672e+04 3.253173e+04 
2.116162e-02 3.054085e+04 3.051449e+04 
2.620202e-02 2.705339e+04 2.681528e+04 
3.124242e-02 2.305949e+04 2.315791e+04 
3.628283e-02 1.938006e+04 2.012833e+04 
4.132323e-02 1.642119e+04 1.770014e+04 
4.636364e-02 1.425687e+04 1.572606e+04 
5.140404e-02 1.283250e+04 1.408478e+04 
5.644444e-02 1.192224e+04 1.269388e+04 
6.148485e-02 1.131322e+04 1.149813e+04 
6.652525e-02 1.080114e+04 1.045922e+04 
7.156566e-02 1.023910e+04 9.549298e+03 
7.660606e-02 9.543542e+03 8.747274e+03 
8.164646e-02 8.708166e+03 8.036640e+03 
8.668687e-02 7.791637e+03 7.404145e+03 
9.172727e-02 6.881588e+03 6.838958e+03 
9.676768e-02 6.062266e+03 6.332103e+03 
1.018081e-01 5.392614e+03 5.876062e+03 
1.068485e-01 4.896448e+03 5.464487e+03 
1.118889e-01 4.562755e+03 5.091978e+03 
1.169293e-01 4.356652e+03 4.753920e+03 
1.219697e-01 4.231821e+03 4.446347e+03 
1.270101e-01 4.138643e+03 4.165833e+03 
1.320505e-01 4.032368e+03 3.909411e+03 
1.370909e-01 3.882737e+03 3.674500e+03 
1.421313e-01 3.679595e+03 3.458847e+03 
1.471717e-01 3.430390e+03 3.260479e+03 
1.522121e-01 3.154655e+03 3.077664e+03 
1.572525e-01 2.878654e+03 2.908874e+03 
1.622929e-01 2.628742e+03 2.752763e+03 
1.673333e-01 2.423671e+03 2.608135e+03 
1.723737e-01 2.269911e+03 2.473931e+03 
1.774141e-01 2.163173e+03 2.349207e+03 
1.824545e-01 2.093484e+03 2.233121e+03 
1.874949e-01 2.048135e+03 2.124922e+03 
1.925354e-01 2.012154e+03 2.023935e+03 
1.975758e-01 1.970884e+03 1.929554e+03 
2.026162e-01 1.913904e+03 1.841235e+03 
2.076566e-01 1.837738e+03 1.758487e+03 
2.126970e-01 1.745134e+03 1.680867e+03 
2.177374e-01 1.642655e+03 1.607973e+03 
2.227778e-01 1.538463e+03 1.539442e+03 
2.278182e-01 1.440829e+03 1.474944e+03 
2.328586e-01 1.356395e+03 1.414179e+03 
2.378990e-01 1.288611e+03 1.356874e+03 
2.429394e-01 1.237480e+03 1.302779e+03 
2.479798e-01 1.200378e+03 1.251667e+03 
2.530202e-01 1.172946e+03 1.203329e+03 
2.580606e-01 1.150001e+03 1.157575e+03 
2.631010e-01 1.126566e+03 1.114230e+03 
2.681414e-01 1.098906e+03 1.073132e+03 
2.731818e-01 1.065205e+03 1.034135e+03 
2.782222e-01 1.025656e+03 9.971010e+02 
2.832626e-01 9.819544e+02 9.619055e+02 
2.883030e-01 9.366617e+02 9.284325e+02 
2.933434e-01 8.926789e+02 8.965748e+02 
2.983838e-01 8.525692e+02 8.662335e+02 
3.034242e-01 8.179881e+02 8.373168e+02 
3.084646e-01 7.894492e+02 8.097398e+02 
3.135051e-01 7.664059e+02 7.834234e+02 
3.185455e-01 7.475447e+02 7.582944e+02 
3.235859e-01 7.312357e+02 7.342846e+02 
3.286263e-01 7.157860e+02 7.113307e+02 
3.336667e-01 6.996913e+02 6.893734e+02 
3.387071e-01 6.819402e+02 6.683578e+02 
3.437475e-01 6.622386e+02 6.482324e+02 
3.487879e-01 6.409727e+02 6.289492e+02 
3.538283e-01 6.189187e+02 6.104632e+02 
3.588687e-01 5.970159e+02 5.927325e+02 
3.639091e-01 5.761176e+02 5.757178e+02 
3.689495e-01 5.569345e+02 5.593823e+02 
3.739899e-01 5.399108e+02 5.436912e+02 
3.790303e-01 5.251066e+02 5.286124e+02 
3.840707e-01 5.121866e+02 5.141152e+02 
3.891111e-01 5.006294e+02 5.001710e+02 
3.941515e-01 4.898431e+02 4.867530e+02 
3.991919e-01 4.792868e+02 4.738358e+02 
4.042323e-01 4.685197e+02 4.613956e+02 
4.092727e-01 4.572788e+02 4.494099e+02 
4.143131e-01 4.455474e+02 4.378575e+02 
4.193535e-01 4.334998e+02 4.267184e+02 
4.243939e-01 4.214143e+02 4.159737e+02 
4.294343e-01 4.095914e+02 4.056056e+02 
4.344747e-01 3.983128e+02 3.955972e+02 
4.395152e-01 3.878003e+02 3.859326e+02 
4.445556e-01 3.781534e+02 3.765967e+02 
4.495960e-01 3.693380e+02 3.675753e+02 
4.546364e-01 3.612123e+02 3.588548e+02 
4.596768e-01 3.535970e+02 3.504223e+02 
4.647172e-01 3.463015e+02 3.422658e+02 
4.697576e-01 3.391421e+02 3.343736e+02 
4.747980e-01 3.319655e+02 3.267348e+02 
4.798384e-01 3.247096e+02 3.193391e+02 
4.848788e-01 3.173920e+02 3.121765e+02 
4.899192e-01 3.100792e+02 3.052377e+02 
4.949596e-01 3.028613e+02 2.985136e+02 
5.000000e-01 2.958400e+02 2.919959e+02 
