1.000000e-03 4.178414e+03 4.178411e+03 
6.040404e-03 1.846530e+04 1.860885e+04 
1.108081e-02 2.504705e+04 2.522769e+04 
1.612121e-02 2.692540e+04 2.709833e+04 
2.116162e-02 2.595988e+04 2.590860e+04 
2.620202e-02 2.349117e+04 2.331074e+04 
3.124242e-02 2.050807e+04 2.060103e+04 
3.628283e-02 1.766286e+04 1.825688e+04 
4.132323e-02 1.530061e+04 1.630423e+04 
4.636364e-02 1.350888e+04 1.466460e+04 
5.140404e-02 1.226747e+04 1.326549e+04 
5.644444e-02 1.141936e+04 1.205499e+04 
6.148485e-02 1.080400e+04 1.099685e+04 
6.652525e-02 1.027044e+04 1.006486e+04 
7.156566e-02 9.702182e+03 9.239217e+03 
7.660606e-02 9.038460e+03 8.504366e+03 
8.164646e-02 8.279431e+03 7.847738e+03 
8.668687e-02 7.472309e+03 7.258963e+03 
9.172727e-02 6.682038e+03 6.729360e+03 
9.676768e-02 5.969055e+03 6.251590e+03 
1.018081e-01 5.378224e+03 5.819401e+03 
1.068485e-01 4.929308e+03 5.427430e+03 
1.118889e-01 4.613473e+03 5.071062e+03 
1.169293e-01 4.400586e+03 4.746302e+03 
1.219697e-01 4.251270e+03 4.449684e+03 
1.270101e-01 4.126444e+03 4.178188e+03 
1.320505e-01 3.992534e+03 3.929175e+03 
1.370909e-01 3.826838e+03 3.700333e+03 
1.421313e-01 3.621889e+03 3.489631e+03 
1.471717e-01 3.385272e+03 3.295277e+03 
1.522121e-01 3.133599e+03 3.115691e+03 
1.572525e-01 2.886759e+03 2.949471e+03 
1.622929e-01 2.663540e+03 2.795375e+03 
1.673333e-01 2.477521e+03 2.652296e+03 
1.723737e-01 2.333936e+03 2.519249e+03 
1.774141e-01 2.229209e+03 2.395351e+03 
1.824545e-01 2.154158e+03 2.279813e+03 
1.874949e-01 2.097383e+03 2.171927e+03 
1.925354e-01 2.047254e+03 2.071057e+03 
1.975758e-01 1.993258e+03 1.976628e+03 
2.026162e-01 1.927849e+03 1.888123e+03 
2.076566e-01 1.848566e+03 1.805074e+03 
2.126970e-01 1.757880e+03 1.727057e+03 
2.177374e-01 1.661424e+03 1.653687e+03 
2.227778e-01 1.565761e+03 1.584616e+03 
2.278182e-01 1.477017e+03 1.519526e+03 
2.328586e-01 1.399655e+03 1.458126e+03 
2.378990e-01 1.335817e+03 1.400153e+03 
2.429394e-01 1.285271e+03 1.345364e+03 
2.479798e-01 1.245808e+03 1.293538e+03 
2.530202e-01 1.213878e+03 1.244473e+03 
2.580606e-01 1.185306e+03 1.197982e+03 
2.631010e-01 1.156249e+03 1.153895e+03 
2.681414e-01 1.124043e+03 1.112053e+03 
2.731818e-01 1.087712e+03 1.072312e+03 
2.782222e-01 1.047646e+03 1.034539e+03 
2.832626e-01 1.005215e+03 9.986088e+02 
2.883030e-01 9.623939e+02 9.644082e+02 
2.933434e-01 9.213055e+02 9.318313e+02 
2.983838e-01 8.838085e+02 9.007803e+02 
3.034242e-01 8.509561e+02 8.711645e+02 
3.084646e-01 8.229070e+02 8.428995e+02 
3.135051e-01 7.991014e+02 8.159070e+02 
3.185455e-01 7.785308e+02 7.901142e+02 
3.235859e-01 7.599181e+02 7.654534e+02 
3.286263e-01 7.419492e+02 7.418613e+02 
3.336667e-01 7.235548e+02 7.192790e+02 
3.387071e-01 7.041157e+02 6.976515e+02 
3.437475e-01 6.835490e+02 6.769275e+02 
3.487879e-01 6.621710e+02 6.570589e+02 
3.538283e-01 6.405607e+02 6.380007e+02 
3.588687e-01 6.194053e+02 6.197108e+02 
3.639091e-01 5.993461e+02 6.021498e+02 
3.689495e-01 5.808547e+02 5.852807e+02 
3.739899e-01 5.641217e+02 5.690687e+02 
3.790303e-01 5.490853e+02 5.534812e+02 
3.840707e-01 5.354862e+02 5.384876e+02 
3.891111e-01 5.229581e+02 5.240589e+02 
3.941515e-01 5.110669e+02 5.101681e+02 
3.991919e-01 4.993908e+02 4.967896e+02 
4.042323e-01 4.876293e+02 4.838992e+02 
4.092727e-01 4.756581e+02 4.714743e+02 
4.143131e-01 4.635120e+02 4.594934e+02 
4.193535e-01 4.513330e+02 4.479363e+02 
4.243939e-01 4.393079e+02 4.367837e+02 
4.294343e-01 4.276282e+02 4.260178e+02 
4.344747e-01 4.164906e+02 4.156212e+02 
4.395152e-01 4.060283e+02 4.055779e+02 
4.445556e-01 3.962863e+02 3.958725e+02 
4.495960e-01 3.871909e+02 3.864905e+02 
4.546364e-01 3.786311e+02 3.774181e+02 
4.596768e-01 3.704759e+02 3.686424e+02 
4.647172e-01 3.626102e+02 3.601508e+02 
4.697576e-01 3.549062e+02 3.519316e+02 
4.747980e-01 3.472560e+02 3.439737e+02 
4.798384e-01 3.396265e+02 3.362665e+02 
4.848788e-01 3.320478e+02 3.287998e+02 
4.899192e-01 3.245798e+02 3.215640e+02 
4.949596e-01 3.172771e+02 3.145501e+02 
5.000000e-01 3.101877e+02 3.077494e+02 
