1.000000e-03 3.665840e+03 3.665837e+03 
6.040404e-03 1.660828e+04 1.673692e+04 
1.108081e-02 2.283385e+04 2.299386e+04 
1.612121e-02 2.481801e+04 2.497090e+04 
2.116162e-02 2.417419e+04 2.412761e+04 
2.620202e-02 2.209353e+04 2.192336e+04 
3.124242e-02 1.947188e+04 1.953865e+04 
3.628283e-02 1.691508e+04 1.743521e+04 
4.132323e-02 1.475594e+04 1.565922e+04 
4.636364e-02 1.309332e+04 1.415219e+04 
5.140404e-02 1.192242e+04 1.285508e+04 
5.644444e-02 1.111237e+04 1.172466e+04 
6.148485e-02 1.051589e+04 1.073032e+04 
6.652525e-02 1.000482e+04 9.849757e+03 
7.156566e-02 9.465908e+03 9.065918e+03 
7.660606e-02 8.839946e+03 8.365285e+03 
8.164646e-02 8.124813e+03 7.736819e+03 
8.668687e-02 7.363297e+03 7.171326e+03 
9.172727e-02 6.614644e+03 6.661042e+03 
9.676768e-02 5.933264e+03 6.199354e+03 
1.018081e-01 5.360979e+03 5.780583e+03 
1.068485e-01 4.919218e+03 5.399831e+03 
1.118889e-01 4.603798e+03 5.052856e+03 
1.169293e-01 4.387897e+03 4.735968e+03 
1.219697e-01 4.234598e+03 4.445951e+03 
1.270101e-01 4.106957e+03 4.179987e+03 
1.320505e-01 3.973741e+03 3.935609e+03 
1.370909e-01 3.813440e+03 3.710645e+03 
1.421313e-01 3.617464e+03 3.503179e+03 
1.471717e-01 3.390728e+03 3.311518e+03 
1.522121e-01 3.148240e+03 3.134164e+03 
1.572525e-01 2.908786e+03 2.969784e+03 
1.622929e-01 2.689990e+03 2.817193e+03 
1.673333e-01 2.505046e+03 2.675335e+03 
1.723737e-01 2.359708e+03 2.543264e+03 
1.774141e-01 2.251759e+03 2.420135e+03 
1.824545e-01 2.173345e+03 2.305188e+03 
1.874949e-01 2.113888e+03 2.197741e+03 
1.925354e-01 2.062254e+03 2.097179e+03 
1.975758e-01 2.008194e+03 2.002948e+03 
2.026162e-01 1.944279e+03 1.914546e+03 
2.076566e-01 1.867619e+03 1.831519e+03 
2.126970e-01 1.779915e+03 1.753455e+03 
2.177374e-01 1.686005e+03 1.679980e+03 
2.227778e-01 1.591934e+03 1.610754e+03 
2.278182e-01 1.503604e+03 1.545467e+03 
2.328586e-01 1.425690e+03 1.483835e+03 
2.378990e-01 1.360620e+03 1.425601e+03 
2.429394e-01 1.308350e+03 1.370526e+03 
2.479798e-01 1.266972e+03 1.318395e+03 
2.530202e-01 1.233408e+03 1.269008e+03 
2.580606e-01 1.203924e+03 1.222182e+03 
2.631010e-01 1.174761e+03 1.177749e+03 
2.681414e-01 1.142997e+03 1.135554e+03 
2.731818e-01 1.107302e+03 1.095454e+03 
2.782222e-01 1.067945e+03 1.057317e+03 
2.832626e-01 1.026215e+03 1.021021e+03 
2.883030e-01 9.838767e+02 9.864541e+02 
2.933434e-01 9.428024e+02 9.535107e+02 
2.983838e-01 9.047707e+02 9.220944e+02 
3.034242e-01 8.710660e+02 8.921151e+02 
3.084646e-01 8.421078e+02 8.634893e+02 
3.135051e-01 8.174302e+02 8.361394e+02 
3.185455e-01 7.960454e+02 8.099930e+02 
3.235859e-01 7.767790e+02 7.849828e+02 
3.286263e-01 7.584464e+02 7.610459e+02 
3.336667e-01 7.400078e+02 7.381238e+02 
3.387071e-01 7.207250e+02 7.161616e+02 
3.437475e-01 7.003160e+02 6.951081e+02 
3.487879e-01 6.790149e+02 6.749156e+02 
3.538283e-01 6.574120e+02 6.555391e+02 
3.588687e-01 6.361625e+02 6.369367e+02 
3.639091e-01 6.158414e+02 6.190688e+02 
3.689495e-01 5.969162e+02 6.018986e+02 
3.739899e-01 5.796552e+02 5.853914e+02 
3.790303e-01 5.641017e+02 5.695144e+02 
3.840707e-01 5.500623e+02 5.542370e+02 
3.891111e-01 5.371542e+02 5.395303e+02 
3.941515e-01 5.249444e+02 5.253670e+02 
3.991919e-01 5.130579e+02 5.117217e+02 
4.042323e-01 5.012062e+02 4.985701e+02 
4.092727e-01 4.892032e+02 4.858894e+02 
4.143131e-01 4.770046e+02 4.736580e+02 
4.193535e-01 4.647170e+02 4.618557e+02 
4.243939e-01 4.525392e+02 4.504632e+02 
4.294343e-01 4.406885e+02 4.394624e+02 
4.344747e-01 4.293384e+02 4.288360e+02 
4.395152e-01 4.185951e+02 4.185678e+02 
4.445556e-01 4.085272e+02 4.086424e+02 
4.495960e-01 3.991331e+02 3.990450e+02 
4.546364e-01 3.903323e+02 3.897619e+02 
4.596768e-01 3.819702e+02 3.807800e+02 
4.647172e-01 3.739094e+02 3.720866e+02 
4.697576e-01 3.660327e+02 3.636700e+02 
4.747980e-01 3.582596e+02 3.555189e+02 
4.798384e-01 3.505421e+02 3.476226e+02 
4.848788e-01 3.428676e+02 3.399709e+02 
4.899192e-01 3.352683e+02 3.325541e+02 
4.949596e-01 3.278074e+02 3.253630e+02 
5.000000e-01 3.205588e+02 3.183888e+02 
