1.000000e-03 3.514282e+03 3.514279e+03 
6.040404e-03 1.580476e+04 1.592397e+04 
1.108081e-02 2.156381e+04 2.168770e+04 
1.612121e-02 2.331766e+04 2.339398e+04 
2.116162e-02 2.266445e+04 2.256237e+04 
2.620202e-02 2.074390e+04 2.060921e+04 
3.124242e-02 1.838327e+04 1.853427e+04 
3.628283e-02 1.611880e+04 1.668270e+04 
4.132323e-02 1.422851e+04 1.508451e+04 
4.636364e-02 1.277948e+04 1.369943e+04 
5.140404e-02 1.174636e+04 1.248746e+04 
5.644444e-02 1.099417e+04 1.141846e+04 
6.148485e-02 1.039389e+04 1.047007e+04 
6.652525e-02 9.824857e+03 9.624999e+03 
7.156566e-02 9.208710e+03 8.869366e+03 
7.660606e-02 8.516735e+03 8.191672e+03 
8.164646e-02 7.770925e+03 7.582217e+03 
8.668687e-02 7.022979e+03 7.032726e+03 
9.172727e-02 6.326725e+03 6.536082e+03 
9.676768e-02 5.724676e+03 6.086143e+03 
1.018081e-01 5.242344e+03 5.677580e+03 
1.068485e-01 4.882584e+03 5.305765e+03 
1.118889e-01 4.625016e+03 4.966663e+03 
1.169293e-01 4.434407e+03 4.656749e+03 
1.219697e-01 4.274304e+03 4.372939e+03 
1.270101e-01 4.114099e+03 4.112526e+03 
1.320505e-01 3.933143e+03 3.873129e+03 
1.370909e-01 3.723202e+03 3.652652e+03 
1.421313e-01 3.489333e+03 3.449240e+03 
1.471717e-01 3.245647e+03 3.261254e+03 
1.522121e-01 3.008887e+03 3.087240e+03 
1.572525e-01 2.794204e+03 2.925903e+03 
1.622929e-01 2.612433e+03 2.776092e+03 
1.673333e-01 2.468059e+03 2.636777e+03 
1.723737e-01 2.358010e+03 2.507041e+03 
1.774141e-01 2.273359e+03 2.386057e+03 
1.824545e-01 2.203303e+03 2.273086e+03 
1.874949e-01 2.137815e+03 2.167463e+03 
1.925354e-01 2.068866e+03 2.068586e+03 
1.975758e-01 1.991310e+03 1.975915e+03 
2.026162e-01 1.903911e+03 1.888959e+03 
2.076566e-01 1.809674e+03 1.807276e+03 
2.126970e-01 1.713903e+03 1.730461e+03 
2.177374e-01 1.622138e+03 1.658150e+03 
2.227778e-01 1.538797e+03 1.590009e+03 
2.278182e-01 1.466582e+03 1.525734e+03 
2.328586e-01 1.406212e+03 1.465050e+03 
2.378990e-01 1.356440e+03 1.407701e+03 
2.429394e-01 1.314678e+03 1.353457e+03 
2.479798e-01 1.277716e+03 1.302105e+03 
2.530202e-01 1.242252e+03 1.253449e+03 
2.580606e-01 1.205615e+03 1.207311e+03 
2.631010e-01 1.166319e+03 1.163525e+03 
2.681414e-01 1.124439e+03 1.121939e+03 
2.731818e-01 1.081064e+03 1.082414e+03 
2.782222e-01 1.037770e+03 1.044819e+03 
2.832626e-01 9.960933e+02 1.009035e+03 
2.883030e-01 9.573589e+02 9.749522e+02 
2.933434e-01 9.225326e+02 9.424667e+02 
2.983838e-01 8.918805e+02 9.114839e+02 
3.034242e-01 8.649480e+02 8.819153e+02 
3.084646e-01 8.408192e+02 8.536791e+02 
3.135051e-01 8.184544e+02 8.266987e+02 
3.185455e-01 7.969148e+02 8.009033e+02 
3.235859e-01 7.754155e+02 7.762266e+02 
3.286263e-01 7.534680e+02 7.526069e+02 
3.336667e-01 7.310016e+02 7.299865e+02 
3.387071e-01 7.082854e+02 7.083116e+02 
3.437475e-01 6.858483e+02 6.875320e+02 
3.487879e-01 6.641722e+02 6.676005e+02 
3.538283e-01 6.436608e+02 6.484730e+02 
3.588687e-01 6.245928e+02 6.301082e+02 
3.639091e-01 6.070356e+02 6.124673e+02 
3.689495e-01 5.908858e+02 5.955140e+02 
3.739899e-01 5.758630e+02 5.792140e+02 
3.790303e-01 5.616592e+02 5.635353e+02 
3.840707e-01 5.479643e+02 5.484477e+02 
3.891111e-01 5.345321e+02 5.339228e+02 
3.941515e-01 5.212050e+02 5.199337e+02 
3.991919e-01 5.079071e+02 5.064552e+02 
4.042323e-01 4.947038e+02 4.934636e+02 
4.092727e-01 4.817365e+02 4.809364e+02 
4.143131e-01 4.691696e+02 4.688524e+02 
4.193535e-01 4.571136e+02 4.571916e+02 
4.243939e-01 4.456215e+02 4.459351e+02 
4.294343e-01 4.347321e+02 4.350649e+02 
4.344747e-01 4.244443e+02 4.245641e+02 
4.395152e-01 4.146910e+02 4.144167e+02 
4.445556e-01 4.053514e+02 4.046074e+02 
4.495960e-01 3.963117e+02 3.951219e+02 
4.546364e-01 3.875008e+02 3.859466e+02 
4.596768e-01 3.788777e+02 3.770684e+02 
4.647172e-01 3.704112e+02 3.684750e+02 
4.697576e-01 3.620830e+02 3.601548e+02 
4.747980e-01 3.539155e+02 3.520967e+02 
4.798384e-01 3.459685e+02 3.442900e+02 
4.848788e-01 3.382864e+02 3.367248e+02 
4.899192e-01 3.308815e+02 3.293916e+02 
4.949596e-01 3.237587e+02 3.222811e+02 
5.000000e-01 3.169082e+02 3.153848e+02 
