1.000000e-03 6.250848e+03 6.250842e+03 
6.040404e-03 2.737685e+04 2.760152e+04 
1.108081e-02 3.676565e+04 3.715696e+04 
1.612121e-02 3.891870e+04 3.947077e+04 
2.116162e-02 3.664977e+04 3.681654e+04 
2.620202e-02 3.206698e+04 3.170936e+04 
3.124242e-02 2.677723e+04 2.656814e+04 
3.628283e-02 2.185767e+04 2.239867e+04 
4.132323e-02 1.786850e+04 1.920161e+04 
4.636364e-02 1.494254e+04 1.672596e+04 
5.140404e-02 1.302369e+04 1.475462e+04 
5.644444e-02 1.186331e+04 1.314135e+04 
6.148485e-02 1.120297e+04 1.179186e+04 
6.652525e-02 1.079049e+04 1.064413e+04 
7.156566e-02 1.041547e+04 9.655685e+03 
7.660606e-02 9.923266e+03 8.796155e+03 
8.164646e-02 9.237520e+03 8.042949e+03 
8.668687e-02 8.370026e+03 7.378727e+03 
9.172727e-02 7.399427e+03 6.789827e+03 
9.676768e-02 6.432146e+03 6.265269e+03 
1.018081e-01 5.567067e+03 5.796089e+03 
1.068485e-01 4.870509e+03 5.374870e+03 
1.118889e-01 4.366701e+03 4.995421e+03 
1.169293e-01 4.043988e+03 4.652522e+03 
1.219697e-01 3.868392e+03 4.341745e+03 
1.270101e-01 3.793169e+03 4.059310e+03 
1.320505e-01 3.765168e+03 3.801972e+03 
1.370909e-01 3.732754e+03 3.566932e+03 
1.421313e-01 3.655732e+03 3.351765e+03 
1.471717e-01 3.512558e+03 3.154362e+03 
1.522121e-01 3.301173e+03 2.972882e+03 
1.572525e-01 3.037289e+03 2.805710e+03 
1.622929e-01 2.750277e+03 2.651430e+03 
1.673333e-01 2.473925e+03 2.508792e+03 
1.723737e-01 2.235458e+03 2.376691e+03 
1.774141e-01 2.049277e+03 2.254147e+03 
1.824545e-01 1.918304e+03 2.140290e+03 
1.874949e-01 1.837823e+03 2.034344e+03 
1.925354e-01 1.797651e+03 1.935616e+03 
1.975758e-01 1.782886e+03 1.843486e+03 
2.026162e-01 1.775846e+03 1.757398e+03 
2.076566e-01 1.760215e+03 1.676852e+03 
2.126970e-01 1.724832e+03 1.601397e+03 
2.177374e-01 1.665038e+03 1.530627e+03 
2.227778e-01 1.582290e+03 1.464173e+03 
2.278182e-01 1.483076e+03 1.401704e+03 
2.328586e-01 1.377376e+03 1.342916e+03 
2.378990e-01 1.275888e+03 1.287536e+03 
2.429394e-01 1.187266e+03 1.235313e+03 
2.479798e-01 1.116545e+03 1.186019e+03 
2.530202e-01 1.065215e+03 1.139447e+03 
2.580606e-01 1.031715e+03 1.095405e+03 
2.631010e-01 1.012030e+03 1.053719e+03 
2.681414e-01 1.000601e+03 1.014230e+03 
2.731818e-01 9.913554e+02 9.767899e+02 
2.782222e-01 9.789287e+02 9.412648e+02 
2.832626e-01 9.595660e+02 9.075299e+02 
2.883030e-01 9.315492e+02 8.754708e+02 
2.933434e-01 8.953153e+02 8.449816e+02 
2.983838e-01 8.531318e+02 8.159648e+02 
3.034242e-01 8.084846e+02 7.883298e+02 
3.084646e-01 7.651475e+02 7.619932e+02 
3.135051e-01 7.262544e+02 7.368772e+02 
3.185455e-01 6.937526e+02 7.129100e+02 
3.235859e-01 6.683273e+02 6.900247e+02 
3.286263e-01 6.495829e+02 6.681591e+02 
3.336667e-01 6.362178e+02 6.472555e+02 
3.387071e-01 6.262863e+02 6.272599e+02 
3.437475e-01 6.175655e+02 6.081221e+02 
3.487879e-01 6.080055e+02 5.897953e+02 
3.538283e-01 5.961642e+02 5.722357e+02 
3.588687e-01 5.813713e+02 5.554024e+02 
3.639091e-01 5.637041e+02 5.392570e+02 
3.689495e-01 5.438405e+02 5.237639e+02 
3.739899e-01 5.228754e+02 5.088893e+02 
3.790303e-01 5.021392e+02 4.946018e+02 
3.840707e-01 4.828602e+02 4.808718e+02 
3.891111e-01 4.658987e+02 4.676717e+02 
3.941515e-01 4.516144e+02 4.549752e+02 
3.991919e-01 4.399493e+02 4.427580e+02 
4.042323e-01 4.305201e+02 4.309970e+02 
4.092727e-01 4.226486e+02 4.196703e+02 
4.143131e-01 4.155469e+02 4.087575e+02 
4.193535e-01 4.084360e+02 3.982394e+02 
4.243939e-01 4.007197e+02 3.880977e+02 
4.294343e-01 3.920731e+02 3.783152e+02 
4.344747e-01 3.824274e+02 3.688756e+02 
4.395152e-01 3.719575e+02 3.597637e+02 
4.445556e-01 3.610117e+02 3.509649e+02 
4.495960e-01 3.500681e+02 3.424654e+02 
4.546364e-01 3.395966e+02 3.342523e+02 
4.596768e-01 3.299392e+02 3.263132e+02 
4.647172e-01 3.212913e+02 3.186364e+02 
4.697576e-01 3.137084e+02 3.112109e+02 
4.747980e-01 3.070982e+02 3.040262e+02 
4.798384e-01 3.012471e+02 2.970722e+02 
4.848788e-01 2.958546e+02 2.903396e+02 
4.899192e-01 2.906212e+02 2.838193e+02 
4.949596e-01 2.853100e+02 2.775027e+02 
5.000000e-01 2.797681e+02 2.713817e+02 
