1.000000e-03 6.009146e+03 6.009140e+03 
6.040404e-03 2.666506e+04 2.720558e+04 
1.108081e-02 3.596824e+04 3.742429e+04 
1.612121e-02 3.817864e+04 4.159377e+04 
2.116162e-02 3.602412e+04 4.254268e+04 
2.620202e-02 3.156862e+04 4.179810e+04 
3.124242e-02 2.639486e+04 4.018551e+04 
3.628283e-02 2.156902e+04 3.815818e+04 
4.132323e-02 1.764923e+04 3.596973e+04 
4.636364e-02 1.477155e+04 3.376275e+04 
5.140404e-02 1.288433e+04 3.161621e+04 
5.644444e-02 1.174436e+04 2.957193e+04 
6.148485e-02 1.109754e+04 2.764990e+04 
6.652525e-02 1.069507e+04 2.585724e+04 
7.156566e-02 1.032886e+04 2.419362e+04 
7.660606e-02 9.845628e+03 2.265444e+04 
8.164646e-02 9.169500e+03 2.123290e+04 
8.668687e-02 8.312017e+03 1.992111e+04 
9.172727e-02 7.351167e+03 1.871087e+04 
9.676768e-02 6.392684e+03 1.759407e+04 
1.018081e-01 5.534958e+03 1.656295e+04 
1.068485e-01 4.844120e+03 1.561022e+04 
1.118889e-01 4.344500e+03 1.472913e+04 
1.169293e-01 4.024718e+03 1.391346e+04 
1.219697e-01 3.851142e+03 1.315754e+04 
1.270101e-01 3.777367e+03 1.245618e+04 
1.320505e-01 3.750545e+03 1.180470e+04 
1.370909e-01 3.719271e+03 1.119883e+04 
1.421313e-01 3.643485e+03 1.063472e+04 
1.471717e-01 3.501679e+03 1.010887e+04 
1.522121e-01 3.291754e+03 9.618112e+03 
1.572525e-01 3.029342e+03 9.159585e+03 
1.622929e-01 2.743711e+03 8.730687e+03 
1.673333e-01 2.468569e+03 8.329058e+03 
1.723737e-01 2.231099e+03 7.952556e+03 
1.774141e-01 2.045710e+03 7.599235e+03 
1.824545e-01 1.915356e+03 7.267324e+03 
1.874949e-01 1.835363e+03 6.955211e+03 
1.925354e-01 1.795591e+03 6.661424e+03 
1.975758e-01 1.781178e+03 6.384623e+03 
2.026162e-01 1.774471e+03 6.123581e+03 
2.076566e-01 1.759166e+03 5.877176e+03 
2.126970e-01 1.724105e+03 5.644380e+03 
2.177374e-01 1.664620e+03 5.424251e+03 
2.227778e-01 1.582156e+03 5.215925e+03 
2.278182e-01 1.483192e+03 5.018607e+03 
2.328586e-01 1.377703e+03 4.831566e+03 
2.378990e-01 1.276390e+03 4.654128e+03 
2.429394e-01 1.187914e+03 4.485673e+03 
2.479798e-01 1.117322e+03 4.325628e+03 
2.530202e-01 1.066112e+03 4.173464e+03 
2.580606e-01 1.032733e+03 4.028691e+03 
2.631010e-01 1.013170e+03 3.890855e+03 
2.681414e-01 1.001867e+03 3.759538e+03 
2.731818e-01 9.927443e+02 3.634349e+03 
2.782222e-01 9.804306e+02 3.514926e+03 
2.832626e-01 9.611638e+02 3.400935e+03 
2.883030e-01 9.332202e+02 3.292062e+03 
2.933434e-01 8.970344e+02 3.188016e+03 
2.983838e-01 8.548759e+02 3.088526e+03 
3.034242e-01 8.102362e+02 2.993339e+03 
3.084646e-01 7.668972e+02 2.902219e+03 
3.135051e-01 7.280011e+02 2.814947e+03 
3.185455e-01 6.955018e+02 2.731315e+03 
3.235859e-01 6.700890e+02 2.651131e+03 
3.286263e-01 6.513685e+02 2.574215e+03 
3.336667e-01 6.380373e+02 2.500397e+03 
3.387071e-01 6.281460e+02 2.429520e+03 
3.437475e-01 6.194659e+02 2.361433e+03 
3.487879e-01 6.099410e+02 2.295997e+03 
3.538283e-01 5.981245e+02 2.233082e+03 
3.588687e-01 5.833430e+02 2.172563e+03 
3.639091e-01 5.656733e+02 2.114325e+03 
3.689495e-01 5.457950e+02 2.058258e+03 
3.739899e-01 5.248064e+02 2.004258e+03 
3.790303e-01 5.040427e+02 1.952230e+03 
3.840707e-01 4.847372e+02 1.902081e+03 
3.891111e-01 4.677542e+02 1.853726e+03 
3.941515e-01 4.534555e+02 1.807081e+03 
3.991919e-01 4.417837e+02 1.762070e+03 
4.042323e-01 4.323547e+02 1.718621e+03 
4.092727e-01 4.244879e+02 1.676663e+03 
4.143131e-01 4.173924e+02 1.636132e+03 
4.193535e-01 4.102861e+02 1.596966e+03 
4.243939e-01 4.025698e+02 1.559107e+03 
4.294343e-01 3.939172e+02 1.522498e+03 
4.344747e-01 3.842587e+02 1.487086e+03 
4.395152e-01 3.737701e+02 1.452823e+03 
4.445556e-01 3.628010e+02 1.419660e+03 
4.495960e-01 3.518321e+02 1.387553e+03 
4.546364e-01 3.413355e+02 1.356458e+03 
4.596768e-01 3.316553e+02 1.326334e+03 
4.647172e-01 3.229880e+02 1.297144e+03 
4.697576e-01 3.153899e+02 1.268849e+03 
4.747980e-01 3.087683e+02 1.241415e+03 
4.798384e-01 3.029086e+02 1.214809e+03 
4.848788e-01 2.975090e+02 1.188998e+03 
4.899192e-01 2.922683e+02 1.163952e+03 
4.949596e-01 2.869484e+02 1.139642e+03 
5.000000e-01 2.813954e+02 1.116041e+03 
