1.000000e-03 4.576414e+03 4.576410e+03 
6.040404e-03 2.063366e+04 2.079656e+04 
1.108081e-02 2.791059e+04 2.813800e+04 
1.612121e-02 2.976579e+04 3.000688e+04 
2.116162e-02 2.836040e+04 2.832511e+04 
2.620202e-02 2.527789e+04 2.506965e+04 
3.124242e-02 2.168741e+04 2.180247e+04 
3.628283e-02 1.834943e+04 1.906466e+04 
4.132323e-02 1.564730e+04 1.684714e+04 
4.636364e-02 1.365764e+04 1.502782e+04 
5.140404e-02 1.233903e+04 1.350376e+04 
5.644444e-02 1.148822e+04 1.220422e+04 
6.148485e-02 1.090870e+04 1.108135e+04 
6.652525e-02 1.041261e+04 1.010164e+04 
7.156566e-02 9.868707e+03 9.240511e+03 
7.660606e-02 9.200873e+03 8.479153e+03 
8.164646e-02 8.403861e+03 7.802729e+03 
8.668687e-02 7.533707e+03 7.199236e+03 
9.172727e-02 6.673403e+03 6.658801e+03 
9.676768e-02 5.900481e+03 6.173193e+03 
1.018081e-01 5.268799e+03 5.735485e+03 
1.068485e-01 4.799483e+03 5.339801e+03 
1.118889e-01 4.481895e+03 4.981125e+03 
1.169293e-01 4.283222e+03 4.655154e+03 
1.219697e-01 4.159288e+03 4.358179e+03 
1.270101e-01 4.062935e+03 4.086990e+03 
1.320505e-01 3.952578e+03 3.838797e+03 
1.370909e-01 3.801043e+03 3.611169e+03 
1.421313e-01 3.600110e+03 3.401978e+03 
1.471717e-01 3.357715e+03 3.209358e+03 
1.522121e-01 3.092277e+03 3.031668e+03 
1.572525e-01 2.828133e+03 2.867459e+03 
1.622929e-01 2.589991e+03 2.715448e+03 
1.673333e-01 2.395026e+03 2.574500e+03 
1.723737e-01 2.248599e+03 2.443604e+03 
1.774141e-01 2.146081e+03 2.321859e+03 
1.824545e-01 2.077784e+03 2.208460e+03 
1.874949e-01 2.031468e+03 2.102688e+03 
1.925354e-01 1.993274e+03 2.003896e+03 
1.975758e-01 1.949535e+03 1.911505e+03 
2.026162e-01 1.890770e+03 1.824991e+03 
2.076566e-01 1.814269e+03 1.743882e+03 
2.126970e-01 1.723100e+03 1.667752e+03 
2.177374e-01 1.623529e+03 1.596216e+03 
2.227778e-01 1.523153e+03 1.528922e+03 
2.278182e-01 1.429602e+03 1.465552e+03 
2.328586e-01 1.348867e+03 1.405818e+03 
2.378990e-01 1.283948e+03 1.349454e+03 
2.429394e-01 1.234548e+03 1.296221e+03 
2.479798e-01 1.197985e+03 1.245897e+03 
2.530202e-01 1.170175e+03 1.198282e+03 
2.580606e-01 1.146310e+03 1.153189e+03 
2.631010e-01 1.121722e+03 1.110451e+03 
2.681414e-01 1.093033e+03 1.069910e+03 
2.731818e-01 1.058784e+03 1.031424e+03 
2.782222e-01 1.019389e+03 9.948598e+02 
2.832626e-01 9.765229e+02 9.600958e+02 
2.883030e-01 9.325296e+02 9.270192e+02 
2.933434e-01 8.900539e+02 8.955261e+02 
2.983838e-01 8.514159e+02 8.655199e+02 
3.034242e-01 8.180927e+02 8.369114e+02 
3.084646e-01 7.904205e+02 8.096178e+02 
3.135051e-01 7.677487e+02 7.835620e+02 
3.185455e-01 7.488340e+02 7.586728e+02 
3.235859e-01 7.321835e+02 7.348834e+02 
3.286263e-01 7.162448e+02 7.121322e+02 
3.336667e-01 6.996515e+02 6.903612e+02 
3.387071e-01 6.815444e+02 6.695168e+02 
3.437475e-01 6.617271e+02 6.495486e+02 
3.487879e-01 6.406185e+02 6.304096e+02 
3.538283e-01 6.189731e+02 6.120561e+02 
3.588687e-01 5.976081e+02 5.944468e+02 
3.639091e-01 5.772981e+02 5.775433e+02 
3.689495e-01 5.586641e+02 5.613094e+02 
3.739899e-01 5.420664e+02 5.457114e+02 
3.790303e-01 5.274992e+02 5.307174e+02 
3.840707e-01 5.146388e+02 5.162976e+02 
3.891111e-01 5.029802e+02 5.024238e+02 
3.941515e-01 4.920168e+02 4.890698e+02 
3.991919e-01 4.812484e+02 4.762106e+02 
4.042323e-01 4.702783e+02 4.638228e+02 
4.092727e-01 4.589071e+02 4.518843e+02 
4.143131e-01 4.471529e+02 4.403743e+02 
4.193535e-01 4.352007e+02 4.292732e+02 
4.243939e-01 4.232897e+02 4.185624e+02 
4.294343e-01 4.116757e+02 4.082243e+02 
4.344747e-01 4.006127e+02 3.982424e+02 
4.395152e-01 3.902902e+02 3.886009e+02 
4.445556e-01 3.807817e+02 3.792851e+02 
4.495960e-01 3.720255e+02 3.702809e+02 
4.546364e-01 3.638805e+02 3.615748e+02 
4.596768e-01 3.562011e+02 3.531544e+02 
4.647172e-01 3.488211e+02 3.450076e+02 
4.697576e-01 3.415658e+02 3.371230e+02 
4.747980e-01 3.343090e+02 3.294899e+02 
4.798384e-01 3.269964e+02 3.220979e+02 
4.848788e-01 3.196721e+02 3.149374e+02 
4.899192e-01 3.123966e+02 3.079990e+02 
4.949596e-01 3.052439e+02 3.012740e+02 
5.000000e-01 2.982879e+02 2.947539e+02 
