1.000000e-03 3.063622e+03 3.063619e+03 
6.040404e-03 1.345870e+04 1.355417e+04 
1.108081e-02 1.822301e+04 1.826364e+04 
1.612121e-02 1.974190e+04 1.967178e+04 
2.116162e-02 1.940722e+04 1.922649e+04 
2.620202e-02 1.812925e+04 1.801547e+04 
3.124242e-02 1.651694e+04 1.664384e+04 
3.628283e-02 1.494058e+04 1.531615e+04 
4.132323e-02 1.357896e+04 1.408230e+04 
4.636364e-02 1.246171e+04 1.295097e+04 
5.140404e-02 1.157938e+04 1.192005e+04 
5.644444e-02 1.081910e+04 1.098391e+04 
6.148485e-02 1.011884e+04 1.013547e+04 
6.652525e-02 9.424156e+03 9.367162e+03 
7.156566e-02 8.715182e+03 8.671442e+03 
7.660606e-02 8.003858e+03 8.041106e+03 
8.164646e-02 7.324056e+03 7.469455e+03 
8.668687e-02 6.708382e+03 6.950369e+03 
9.172727e-02 6.175523e+03 6.478322e+03 
9.676768e-02 5.731686e+03 6.048364e+03 
1.018081e-01 5.372611e+03 5.656082e+03 
1.068485e-01 5.080724e+03 5.297555e+03 
1.118889e-01 4.827890e+03 4.969306e+03 
1.169293e-01 4.588745e+03 4.668253e+03 
1.219697e-01 4.348389e+03 4.391664e+03 
1.270101e-01 4.102293e+03 4.137120e+03 
1.320505e-01 3.853277e+03 3.902471e+03 
1.370909e-01 3.609353e+03 3.685810e+03 
1.421313e-01 3.380544e+03 3.485439e+03 
1.471717e-01 3.174306e+03 3.299846e+03 
1.522121e-01 2.994186e+03 3.127683e+03 
1.572525e-01 2.840120e+03 2.967745e+03 
1.622929e-01 2.709113e+03 2.818955e+03 
1.673333e-01 2.594823e+03 2.680344e+03 
1.723737e-01 2.489548e+03 2.551046e+03 
1.774141e-01 2.387224e+03 2.430279e+03 
1.824545e-01 2.284938e+03 2.317339e+03 
1.874949e-01 2.182222e+03 2.211593e+03 
1.925354e-01 2.079911e+03 2.112466e+03 
1.975758e-01 1.980296e+03 2.019438e+03 
2.026162e-01 1.886144e+03 1.932039e+03 
2.076566e-01 1.799782e+03 1.849841e+03 
2.126970e-01 1.722005e+03 1.772454e+03 
2.177374e-01 1.652303e+03 1.699524e+03 
2.227778e-01 1.589420e+03 1.630729e+03 
2.278182e-01 1.531661e+03 1.565772e+03 
2.328586e-01 1.477244e+03 1.504384e+03 
2.378990e-01 1.424773e+03 1.446317e+03 
2.429394e-01 1.373478e+03 1.391344e+03 
2.479798e-01 1.323012e+03 1.339258e+03 
2.530202e-01 1.273475e+03 1.289866e+03 
2.580606e-01 1.225446e+03 1.242992e+03 
2.631010e-01 1.179759e+03 1.198474e+03 
2.681414e-01 1.136986e+03 1.156163e+03 
2.731818e-01 1.097188e+03 1.115919e+03 
2.782222e-01 1.060117e+03 1.077614e+03 
2.832626e-01 1.025470e+03 1.041131e+03 
2.883030e-01 9.929239e+02 1.006359e+03 
2.933434e-01 9.619895e+02 9.731962e+02 
2.983838e-01 9.321871e+02 9.415488e+02 
3.034242e-01 9.032276e+02 9.113286e+02 
3.084646e-01 8.750868e+02 8.824538e+02 
3.135051e-01 8.478416e+02 8.548485e+02 
3.185455e-01 8.215458e+02 8.284417e+02 
3.235859e-01 7.962807e+02 8.031672e+02 
3.286263e-01 7.721641e+02 7.789634e+02 
3.336667e-01 7.492596e+02 7.557726e+02 
3.387071e-01 7.275575e+02 7.335409e+02 
3.437475e-01 7.069149e+02 7.122178e+02 
3.487879e-01 6.871806e+02 6.917560e+02 
3.538283e-01 6.682407e+02 6.721114e+02 
3.588687e-01 6.500020e+02 6.532422e+02 
3.639091e-01 6.323754e+02 6.351097e+02 
3.689495e-01 6.153002e+02 6.176770e+02 
3.739899e-01 5.987761e+02 6.009099e+02 
3.790303e-01 5.828185e+02 5.847759e+02 
3.840707e-01 5.674441e+02 5.692447e+02 
3.891111e-01 5.526379e+02 5.542873e+02 
3.941515e-01 5.383995e+02 5.398770e+02 
3.991919e-01 5.247218e+02 5.259880e+02 
4.042323e-01 5.115870e+02 5.125965e+02 
4.092727e-01 4.989475e+02 4.996795e+02 
4.143131e-01 4.867368e+02 4.872158e+02 
4.193535e-01 4.749312e+02 4.751850e+02 
4.243939e-01 4.635078e+02 4.635679e+02 
4.294343e-01 4.524661e+02 4.523463e+02 
4.344747e-01 4.417624e+02 4.415032e+02 
4.395152e-01 4.313820e+02 4.310220e+02 
4.445556e-01 4.213386e+02 4.208876e+02 
4.495960e-01 4.116366e+02 4.110851e+02 
4.546364e-01 4.022554e+02 4.016007e+02 
4.596768e-01 3.931717e+02 3.924212e+02 
4.647172e-01 3.843813e+02 3.835342e+02 
4.697576e-01 3.758708e+02 3.749276e+02 
4.747980e-01 3.676401e+02 3.665902e+02 
4.798384e-01 3.596574e+02 3.585112e+02 
4.848788e-01 3.519029e+02 3.506804e+02 
4.899192e-01 3.443762e+02 3.430881e+02 
4.949596e-01 3.370750e+02 3.357249e+02 
5.000000e-01 3.299903e+02 3.285820e+02 
