1.000000e-03 5.783985e+03 5.783980e+03 
6.040404e-03 2.511886e+04 2.532127e+04 
1.108081e-02 3.353086e+04 3.384451e+04 
1.612121e-02 3.538781e+04 3.577351e+04 
2.116162e-02 3.334165e+04 3.338049e+04 
2.620202e-02 2.931459e+04 2.903255e+04 
3.124242e-02 2.472760e+04 2.473765e+04 
3.628283e-02 2.050454e+04 2.122623e+04 
4.132323e-02 1.710794e+04 1.846863e+04 
4.636364e-02 1.462662e+04 1.627302e+04 
5.140404e-02 1.300346e+04 1.448013e+04 
5.644444e-02 1.199824e+04 1.298257e+04 
6.148485e-02 1.137444e+04 1.170974e+04 
6.652525e-02 1.090240e+04 1.061379e+04 
7.156566e-02 1.041079e+04 9.660860e+03 
7.660606e-02 9.784748e+03 8.825912e+03 
8.164646e-02 8.989052e+03 8.089780e+03 
8.668687e-02 8.067965e+03 7.437363e+03 
9.172727e-02 7.111842e+03 6.856512e+03 
9.676768e-02 6.217637e+03 6.337288e+03 
1.018081e-01 5.460814e+03 5.871457e+03 
1.068485e-01 4.881281e+03 5.452127e+03 
1.118889e-01 4.481514e+03 5.073485e+03 
1.169293e-01 4.235480e+03 4.730594e+03 
1.219697e-01 4.100112e+03 4.419233e+03 
1.270101e-01 4.024132e+03 4.135778e+03 
1.320505e-01 3.956520e+03 3.877104e+03 
1.370909e-01 3.856386e+03 3.640501e+03 
1.421313e-01 3.700841e+03 3.423612e+03 
1.471717e-01 3.486354e+03 3.224382e+03 
1.522121e-01 3.225308e+03 3.041009e+03 
1.572525e-01 2.942374e+03 2.871913e+03 
1.622929e-01 2.668202e+03 2.715697e+03 
1.673333e-01 2.429129e+03 2.571132e+03 
1.723737e-01 2.240132e+03 2.437125e+03 
1.774141e-01 2.103611e+03 2.312708e+03 
1.824545e-01 2.013990e+03 2.197017e+03 
1.874949e-01 1.961062e+03 2.089282e+03 
1.925354e-01 1.930794e+03 1.988815e+03 
1.975758e-01 1.906566e+03 1.894997e+03 
2.026162e-01 1.873288e+03 1.807275e+03 
2.076566e-01 1.821529e+03 1.725147e+03 
2.126970e-01 1.748776e+03 1.648165e+03 
2.177374e-01 1.657942e+03 1.575921e+03 
2.227778e-01 1.555781e+03 1.508046e+03 
2.278182e-01 1.451427e+03 1.444207e+03 
2.328586e-01 1.354134e+03 1.384100e+03 
2.378990e-01 1.270877e+03 1.327450e+03 
2.429394e-01 1.205063e+03 1.274004e+03 
2.479798e-01 1.156716e+03 1.223533e+03 
2.530202e-01 1.123350e+03 1.175828e+03 
2.580606e-01 1.100613e+03 1.130696e+03 
2.631010e-01 1.082962e+03 1.087961e+03 
2.681414e-01 1.064913e+03 1.047463e+03 
2.731818e-01 1.042347e+03 1.009052e+03 
2.782222e-01 1.013124e+03 9.725920e+02 
2.832626e-01 9.770329e+02 9.379574e+02 
2.883030e-01 9.354471e+02 9.050321e+02 
2.933434e-01 8.910081e+02 8.737089e+02 
2.983838e-01 8.469608e+02 8.438889e+02 
3.034242e-01 8.063546e+02 8.154802e+02 
3.084646e-01 7.712605e+02 7.883981e+02 
3.135051e-01 7.424619e+02 7.625638e+02 
3.185455e-01 7.197065e+02 7.379041e+02 
3.235859e-01 7.019703e+02 7.143512e+02 
3.286263e-01 6.876657e+02 6.918419e+02 
3.336667e-01 6.748514e+02 6.703172e+02 
3.387071e-01 6.616884e+02 6.497224e+02 
3.437475e-01 6.468542e+02 6.300063e+02 
3.487879e-01 6.297804e+02 6.111212e+02 
3.538283e-01 6.105752e+02 5.930225e+02 
3.588687e-01 5.898316e+02 5.756685e+02 
3.639091e-01 5.684590e+02 5.590201e+02 
3.689495e-01 5.475176e+02 5.430408e+02 
3.739899e-01 5.280090e+02 5.276962e+02 
3.790303e-01 5.106069e+02 5.129544e+02 
3.840707e-01 4.955495e+02 4.987849e+02 
3.891111e-01 4.827214e+02 4.851597e+02 
3.941515e-01 4.717316e+02 4.720519e+02 
3.991919e-01 4.619869e+02 4.594365e+02 
4.042323e-01 4.528107e+02 4.472899e+02 
4.092727e-01 4.435880e+02 4.355899e+02 
4.143131e-01 4.338961e+02 4.243155e+02 
4.193535e-01 4.235648e+02 4.134470e+02 
4.243939e-01 4.126292e+02 4.029658e+02 
4.294343e-01 4.012646e+02 3.928541e+02 
4.344747e-01 3.897889e+02 3.830954e+02 
4.395152e-01 3.785868e+02 3.736739e+02 
4.445556e-01 3.680128e+02 3.645748e+02 
4.495960e-01 3.582628e+02 3.557840e+02 
4.546364e-01 3.494072e+02 3.472881e+02 
4.596768e-01 3.414140e+02 3.390745e+02 
4.647172e-01 3.341620e+02 3.311312e+02 
4.697576e-01 3.274453e+02 3.234468e+02 
4.747980e-01 3.210123e+02 3.160106e+02 
4.798384e-01 3.146373e+02 3.088123e+02 
4.848788e-01 3.081886e+02 3.018422e+02 
4.899192e-01 3.016038e+02 2.950911e+02 
4.949596e-01 2.948914e+02 2.885501e+02 
5.000000e-01 2.880983e+02 2.822108e+02 
