1.000000e-03 5.976603e+03 5.976598e+03 
6.040404e-03 2.613810e+04 2.634994e+04 
1.108081e-02 3.500800e+04 3.535790e+04 
1.612121e-02 3.699204e+04 3.745204e+04 
2.116162e-02 3.482380e+04 3.491024e+04 
2.620202e-02 3.052235e+04 3.019994e+04 
3.124242e-02 2.560350e+04 2.552653e+04 
3.628283e-02 2.106459e+04 2.173046e+04 
4.132323e-02 1.741038e+04 1.878543e+04 
4.636364e-02 1.474582e+04 1.647078e+04 
5.140404e-02 1.300978e+04 1.460181e+04 
5.644444e-02 1.195361e+04 1.305463e+04 
6.148485e-02 1.132726e+04 1.174867e+04 
6.652525e-02 1.088943e+04 1.063015e+04 
7.156566e-02 1.044843e+04 9.661603e+03 
7.660606e-02 9.872104e+03 8.815740e+03 
8.164646e-02 9.109946e+03 8.071946e+03 
8.668687e-02 8.196568e+03 7.414168e+03 
9.172727e-02 7.221133e+03 6.829608e+03 
9.676768e-02 6.287609e+03 6.307878e+03 
1.018081e-01 5.482956e+03 5.840425e+03 
1.068485e-01 4.857306e+03 5.420130e+03 
1.118889e-01 4.420448e+03 5.041012e+03 
1.169293e-01 4.150793e+03 4.698009e+03 
1.219697e-01 4.007570e+03 4.386808e+03 
1.270101e-01 3.939873e+03 4.103716e+03 
1.320505e-01 3.894068e+03 3.845552e+03 
1.370909e-01 3.823520e+03 3.609567e+03 
1.421313e-01 3.697904e+03 3.393374e+03 
1.471717e-01 3.506924e+03 3.194892e+03 
1.522121e-01 3.258649e+03 3.012301e+03 
1.572525e-01 2.976134e+03 2.844005e+03 
1.622929e-01 2.691213e+03 2.688599e+03 
1.673333e-01 2.434369e+03 2.544843e+03 
1.723737e-01 2.225545e+03 2.411639e+03 
1.774141e-01 2.071341e+03 2.288013e+03 
1.824545e-01 1.968917e+03 2.173099e+03 
1.874949e-01 1.909639e+03 2.066123e+03 
1.925354e-01 1.880243e+03 1.966395e+03 
1.975758e-01 1.863822e+03 1.873295e+03 
2.026162e-01 1.843330e+03 1.786268e+03 
2.076566e-01 1.806153e+03 1.704815e+03 
2.126970e-01 1.746433e+03 1.628483e+03 
2.177374e-01 1.664682e+03 1.556868e+03 
2.227778e-01 1.566300e+03 1.489600e+03 
2.278182e-01 1.460336e+03 1.426345e+03 
2.328586e-01 1.357111e+03 1.366802e+03 
2.378990e-01 1.265486e+03 1.310694e+03 
2.429394e-01 1.190941e+03 1.257770e+03 
2.479798e-01 1.135240e+03 1.207802e+03 
2.530202e-01 1.097071e+03 1.160580e+03 
2.580606e-01 1.072719e+03 1.115914e+03 
2.631010e-01 1.056788e+03 1.073627e+03 
2.681414e-01 1.043290e+03 1.033559e+03 
2.731818e-01 1.026964e+03 9.955628e+02 
2.782222e-01 1.004253e+03 9.595017e+02 
2.832626e-01 9.736436e+02 9.252510e+02 
2.883030e-01 9.356226e+02 8.926950e+02 
2.933434e-01 8.923783e+02 8.617274e+02 
2.983838e-01 8.472369e+02 8.322496e+02 
3.034242e-01 8.037726e+02 8.041706e+02 
3.084646e-01 7.649112e+02 7.774059e+02 
3.135051e-01 7.323723e+02 7.518774e+02 
3.185455e-01 7.066161e+02 7.275124e+02 
3.235859e-01 6.870767e+02 7.042435e+02 
3.286263e-01 6.723966e+02 6.820078e+02 
3.336667e-01 6.606633e+02 6.607471e+02 
3.387071e-01 6.497365e+02 6.404068e+02 
3.437475e-01 6.377566e+02 6.209363e+02 
3.487879e-01 6.235166e+02 6.022882e+02 
3.538283e-01 6.066162e+02 5.844182e+02 
3.588687e-01 5.873330e+02 5.672850e+02 
3.639091e-01 5.664321e+02 5.508498e+02 
3.689495e-01 5.450024e+02 5.350764e+02 
3.739899e-01 5.242678e+02 5.199309e+02 
3.790303e-01 5.052841e+02 5.053813e+02 
3.840707e-01 4.886839e+02 4.913978e+02 
3.891111e-01 4.746434e+02 4.779523e+02 
3.941515e-01 4.629585e+02 4.650183e+02 
3.991919e-01 4.531436e+02 4.525711e+02 
4.042323e-01 4.445137e+02 4.405873e+02 
4.092727e-01 4.363010e+02 4.290449e+02 
4.143131e-01 4.278504e+02 4.179230e+02 
4.193535e-01 4.187412e+02 4.072022e+02 
4.243939e-01 4.088071e+02 3.968640e+02 
4.294343e-01 3.981056e+02 3.868910e+02 
4.344747e-01 3.868780e+02 3.772666e+02 
4.395152e-01 3.755192e+02 3.679754e+02 
4.445556e-01 3.644669e+02 3.590026e+02 
4.495960e-01 3.541008e+02 3.503342e+02 
4.546364e-01 3.446419e+02 3.419571e+02 
4.596768e-01 3.361696e+02 3.338587e+02 
4.647172e-01 3.286457e+02 3.260273e+02 
4.697576e-01 3.219147e+02 3.184515e+02 
4.747980e-01 3.157278e+02 3.111207e+02 
4.798384e-01 3.097986e+02 3.040248e+02 
4.848788e-01 3.038835e+02 2.971542e+02 
4.899192e-01 2.978283e+02 2.904997e+02 
4.949596e-01 2.915637e+02 2.840526e+02 
5.000000e-01 2.850851e+02 2.778046e+02 
