1.000000e-03 3.314116e+03 3.314113e+03 
6.040404e-03 1.492968e+04 1.504391e+04 
1.108081e-02 2.051195e+04 2.063256e+04 
1.612121e-02 2.234977e+04 2.243385e+04 
2.116162e-02 2.189674e+04 2.181607e+04 
2.620202e-02 2.019582e+04 2.005603e+04 
3.124242e-02 1.801530e+04 1.811235e+04 
3.628283e-02 1.586844e+04 1.635078e+04 
4.132323e-02 1.403596e+04 1.482003e+04 
4.636364e-02 1.260452e+04 1.348844e+04 
5.140404e-02 1.156257e+04 1.231986e+04 
5.644444e-02 1.080753e+04 1.128631e+04 
6.148485e-02 1.021249e+04 1.036694e+04 
6.652525e-02 9.673870e+03 9.545636e+03 
7.156566e-02 9.105943e+03 8.809469e+03 
7.660606e-02 8.469122e+03 8.147720e+03 
8.164646e-02 7.772769e+03 7.551326e+03 
8.668687e-02 7.059604e+03 7.012531e+03 
9.172727e-02 6.379709e+03 6.524645e+03 
9.676768e-02 5.774578e+03 6.081868e+03 
1.018081e-01 5.272797e+03 5.679154e+03 
1.068485e-01 4.885855e+03 5.312104e+03 
1.118889e-01 4.603640e+03 4.976871e+03 
1.169293e-01 4.398404e+03 4.670085e+03 
1.219697e-01 4.235709e+03 4.388788e+03 
1.270101e-01 4.084631e+03 4.130377e+03 
1.320505e-01 3.922378e+03 3.892559e+03 
1.370909e-01 3.736019e+03 3.673306e+03 
1.421313e-01 3.524135e+03 3.470825e+03 
1.471717e-01 3.295329e+03 3.283526e+03 
1.522121e-01 3.064231e+03 3.109994e+03 
1.572525e-01 2.846118e+03 2.948970e+03 
1.622929e-01 2.653479e+03 2.799331e+03 
1.673333e-01 2.493968e+03 2.660072e+03 
1.723737e-01 2.368799e+03 2.530295e+03 
1.774141e-01 2.272805e+03 2.409191e+03 
1.824545e-01 2.197191e+03 2.296035e+03 
1.874949e-01 2.132268e+03 2.190172e+03 
1.925354e-01 2.069197e+03 2.091013e+03 
1.975758e-01 2.001156e+03 1.998025e+03 
2.026162e-01 1.924274e+03 1.910725e+03 
2.076566e-01 1.838728e+03 1.828676e+03 
2.126970e-01 1.747976e+03 1.751479e+03 
2.177374e-01 1.656934e+03 1.678774e+03 
2.227778e-01 1.570378e+03 1.610231e+03 
2.278182e-01 1.492206e+03 1.545549e+03 
2.328586e-01 1.424760e+03 1.484453e+03 
2.378990e-01 1.368416e+03 1.426694e+03 
2.429394e-01 1.321756e+03 1.372040e+03 
2.479798e-01 1.282227e+03 1.320280e+03 
2.530202e-01 1.246895e+03 1.271221e+03 
2.580606e-01 1.212882e+03 1.224684e+03 
2.631010e-01 1.177742e+03 1.180506e+03 
2.681414e-01 1.140097e+03 1.138534e+03 
2.731818e-01 1.099928e+03 1.098628e+03 
2.782222e-01 1.058317e+03 1.060661e+03 
2.832626e-01 1.016809e+03 1.024513e+03 
2.883030e-01 9.767741e+02 9.900729e+02 
2.933434e-01 9.394058e+02 9.572383e+02 
2.983838e-01 9.055970e+02 9.259145e+02 
3.034242e-01 8.757187e+02 8.960130e+02 
3.084646e-01 8.494886e+02 8.674519e+02 
3.135051e-01 8.260694e+02 8.401547e+02 
3.185455e-01 8.044311e+02 8.140505e+02 
3.235859e-01 7.836642e+02 7.890729e+02 
3.286263e-01 7.630659e+02 7.651601e+02 
3.336667e-01 7.421702e+02 7.422543e+02 
3.387071e-01 7.207590e+02 7.203016e+02 
3.437475e-01 6.989843e+02 6.992515e+02 
3.487879e-01 6.772884e+02 6.790568e+02 
3.538283e-01 6.561900e+02 6.596731e+02 
3.588687e-01 6.361334e+02 6.410591e+02 
3.639091e-01 6.173689e+02 6.231757e+02 
3.689495e-01 5.999945e+02 6.059865e+02 
3.739899e-01 5.839908e+02 5.894570e+02 
3.790303e-01 5.691926e+02 5.735551e+02 
3.840707e-01 5.553150e+02 5.582503e+02 
3.891111e-01 5.420291e+02 5.435140e+02 
3.941515e-01 5.290496e+02 5.293194e+02 
3.991919e-01 5.162156e+02 5.156410e+02 
4.042323e-01 5.034401e+02 5.024548e+02 
4.092727e-01 4.907286e+02 4.897383e+02 
4.143131e-01 4.781476e+02 4.774701e+02 
4.193535e-01 4.658335e+02 4.656300e+02 
4.243939e-01 4.539440e+02 4.541990e+02 
4.294343e-01 4.425864e+02 4.431590e+02 
4.344747e-01 4.318045e+02 4.324930e+02 
4.395152e-01 4.215855e+02 4.221846e+02 
4.445556e-01 4.118941e+02 4.122188e+02 
4.495960e-01 4.026767e+02 4.025808e+02 
4.546364e-01 3.938301e+02 3.932569e+02 
4.596768e-01 3.852512e+02 3.842340e+02 
4.647172e-01 3.768580e+02 3.754998e+02 
4.697576e-01 3.686082e+02 3.670423e+02 
4.747980e-01 3.605048e+02 3.588505e+02 
4.798384e-01 3.525469e+02 3.509136e+02 
4.848788e-01 3.447554e+02 3.432215e+02 
4.899192e-01 3.371663e+02 3.357645e+02 
4.949596e-01 3.298185e+02 3.285334e+02 
5.000000e-01 3.227455e+02 3.215195e+02 
