1.000000e-03 2.426264e+03 2.426262e+03 
6.040404e-03 1.076753e+04 1.084549e+04 
1.108081e-02 1.475295e+04 1.475867e+04 
1.612121e-02 1.625201e+04 1.613542e+04 
2.116162e-02 1.633650e+04 1.613378e+04 
2.620202e-02 1.566915e+04 1.550247e+04 
3.124242e-02 1.467435e+04 1.463631e+04 
3.628283e-02 1.360710e+04 1.370138e+04 
4.132323e-02 1.259839e+04 1.276882e+04 
4.636364e-02 1.168423e+04 1.187223e+04 
5.140404e-02 1.088109e+04 1.102765e+04 
5.644444e-02 1.013933e+04 1.024177e+04 
6.148485e-02 9.442331e+03 9.515960e+03 
6.652525e-02 8.778243e+03 8.848675e+03 
7.156566e-02 8.139727e+03 8.236798e+03 
7.660606e-02 7.535724e+03 7.676467e+03 
8.164646e-02 6.983059e+03 7.163564e+03 
8.668687e-02 6.492015e+03 6.693992e+03 
9.172727e-02 6.059946e+03 6.263835e+03 
9.676768e-02 5.679390e+03 5.869433e+03 
1.018081e-01 5.344000e+03 5.507419e+03 
1.068485e-01 5.044646e+03 5.174725e+03 
1.118889e-01 4.767653e+03 4.868574e+03 
1.169293e-01 4.502266e+03 4.586460e+03 
1.219697e-01 4.245197e+03 4.326133e+03 
1.270101e-01 3.999493e+03 4.085569e+03 
1.320505e-01 3.768995e+03 3.862955e+03 
1.370909e-01 3.556389e+03 3.656662e+03 
1.421313e-01 3.362830e+03 3.465230e+03 
1.471717e-01 3.187954e+03 3.287347e+03 
1.522121e-01 3.029776e+03 3.121834e+03 
1.572525e-01 2.885796e+03 2.967631e+03 
1.622929e-01 2.753203e+03 2.823782e+03 
1.673333e-01 2.628984e+03 2.689426e+03 
1.723737e-01 2.510516e+03 2.563785e+03 
1.774141e-01 2.396915e+03 2.446156e+03 
1.824545e-01 2.288494e+03 2.335903e+03 
1.874949e-01 2.185774e+03 2.232449e+03 
1.925354e-01 2.088956e+03 2.135271e+03 
1.975758e-01 1.998349e+03 2.043891e+03 
2.026162e-01 1.914208e+03 1.957877e+03 
2.076566e-01 1.836212e+03 1.876833e+03 
2.126970e-01 1.763442e+03 1.800400e+03 
2.177374e-01 1.694930e+03 1.728248e+03 
2.227778e-01 1.630090e+03 1.660075e+03 
2.278182e-01 1.568476e+03 1.595606e+03 
2.328586e-01 1.509685e+03 1.534586e+03 
2.378990e-01 1.453459e+03 1.476784e+03 
2.429394e-01 1.399878e+03 1.421986e+03 
2.479798e-01 1.349031e+03 1.369994e+03 
2.530202e-01 1.300822e+03 1.320627e+03 
2.580606e-01 1.255048e+03 1.273718e+03 
2.631010e-01 1.211624e+03 1.229113e+03 
2.681414e-01 1.170542e+03 1.186667e+03 
2.731818e-01 1.131596e+03 1.146249e+03 
2.782222e-01 1.094457e+03 1.107737e+03 
2.832626e-01 1.058878e+03 1.071016e+03 
2.883030e-01 1.024809e+03 1.035980e+03 
2.933434e-01 9.922599e+02 1.002533e+03 
2.983838e-01 9.611445e+02 9.705822e+02 
3.034242e-01 9.313269e+02 9.400430e+02 
3.084646e-01 9.027444e+02 9.108364e+02 
3.135051e-01 8.754076e+02 8.828886e+02 
3.185455e-01 8.492928e+02 8.561306e+02 
3.235859e-01 8.243101e+02 8.304982e+02 
3.286263e-01 8.003422e+02 8.059311e+02 
3.336667e-01 7.773194e+02 7.823732e+02 
3.387071e-01 7.552262e+02 7.597717e+02 
3.437475e-01 7.340299e+02 7.380773e+02 
3.487879e-01 7.136606e+02 7.172436e+02 
3.538283e-01 6.940419e+02 6.972272e+02 
3.588687e-01 6.751446e+02 6.779874e+02 
3.639091e-01 6.569732e+02 6.594857e+02 
3.689495e-01 6.395096e+02 6.416861e+02 
3.739899e-01 6.226996e+02 6.245548e+02 
3.790303e-01 6.064950e+02 6.080596e+02 
3.840707e-01 5.908712e+02 5.921706e+02 
3.891111e-01 5.758179e+02 5.768594e+02 
3.941515e-01 5.613117e+02 5.620991e+02 
3.991919e-01 5.473086e+02 5.478646e+02 
4.042323e-01 5.337799e+02 5.341319e+02 
4.092727e-01 5.207160e+02 5.208784e+02 
4.143131e-01 5.081050e+02 5.080829e+02 
4.193535e-01 4.959233e+02 4.957252e+02 
4.243939e-01 4.841452e+02 4.837861e+02 
4.294343e-01 4.727498e+02 4.722476e+02 
4.344747e-01 4.617309e+02 4.610924e+02 
4.395152e-01 4.510799e+02 4.503045e+02 
4.445556e-01 4.407736e+02 4.398682e+02 
4.495960e-01 4.307899e+02 4.297690e+02 
4.546364e-01 4.211147e+02 4.199929e+02 
4.596768e-01 4.117473e+02 4.105268e+02 
4.647172e-01 4.026826e+02 4.013582e+02 
4.697576e-01 3.938921e+02 3.924750e+02 
4.747980e-01 3.853599e+02 3.838659e+02 
4.798384e-01 3.770823e+02 3.755201e+02 
4.848788e-01 3.690604e+02 3.674274e+02 
4.899192e-01 3.612857e+02 3.595778e+02 
4.949596e-01 3.537308e+02 3.519621e+02 
5.000000e-01 3.463893e+02 3.445714e+02 
