1.000000e-03 2.291312e+03 2.291310e+03 
6.040404e-03 1.011526e+04 1.019687e+04 
1.108081e-02 1.381119e+04 1.381558e+04 
1.612121e-02 1.524514e+04 1.511776e+04 
2.116162e-02 1.543511e+04 1.521724e+04 
2.620202e-02 1.496343e+04 1.474092e+04 
3.124242e-02 1.417586e+04 1.400835e+04 
3.628283e-02 1.327252e+04 1.317454e+04 
4.132323e-02 1.235968e+04 1.231841e+04 
4.636364e-02 1.147595e+04 1.148140e+04 
5.140404e-02 1.066520e+04 1.068478e+04 
5.644444e-02 9.895881e+03 9.938457e+03 
6.148485e-02 9.183054e+03 9.245898e+03 
6.652525e-02 8.524489e+03 8.606941e+03 
7.156566e-02 7.917477e+03 8.019444e+03 
7.660606e-02 7.363701e+03 7.480265e+03 
8.164646e-02 6.864453e+03 6.985832e+03 
8.668687e-02 6.415639e+03 6.532476e+03 
9.172727e-02 6.006953e+03 6.116621e+03 
9.676768e-02 5.632030e+03 5.734887e+03 
1.018081e-01 5.289068e+03 5.384135e+03 
1.068485e-01 4.974700e+03 5.061488e+03 
1.118889e-01 4.683009e+03 4.764328e+03 
1.169293e-01 4.410490e+03 4.490286e+03 
1.219697e-01 4.157403e+03 4.237222e+03 
1.270101e-01 3.924452e+03 4.003214e+03 
1.320505e-01 3.710574e+03 3.786531e+03 
1.370909e-01 3.513914e+03 3.585617e+03 
1.421313e-01 3.332625e+03 3.399074e+03 
1.471717e-01 3.164485e+03 3.225644e+03 
1.522121e-01 3.007804e+03 3.064195e+03 
1.572525e-01 2.861386e+03 2.913708e+03 
1.622929e-01 2.724503e+03 2.773265e+03 
1.673333e-01 2.596439e+03 2.642035e+03 
1.723737e-01 2.476367e+03 2.519268e+03 
1.774141e-01 2.363841e+03 2.404287e+03 
1.824545e-01 2.258585e+03 2.296476e+03 
1.874949e-01 2.159983e+03 2.195279e+03 
1.925354e-01 2.067432e+03 2.100188e+03 
1.975758e-01 1.980486e+03 2.010743e+03 
2.026162e-01 1.898673e+03 1.926525e+03 
2.076566e-01 1.821517e+03 1.847150e+03 
2.126970e-01 1.748628e+03 1.772269e+03 
2.177374e-01 1.679720e+03 1.701563e+03 
2.227778e-01 1.614632e+03 1.634739e+03 
2.278182e-01 1.553060e+03 1.571529e+03 
2.328586e-01 1.494648e+03 1.511687e+03 
2.378990e-01 1.439319e+03 1.454987e+03 
2.429394e-01 1.386969e+03 1.401221e+03 
2.479798e-01 1.337290e+03 1.350198e+03 
2.530202e-01 1.290029e+03 1.301740e+03 
2.580606e-01 1.245022e+03 1.255685e+03 
2.631010e-01 1.202229e+03 1.211883e+03 
2.681414e-01 1.161567e+03 1.170194e+03 
2.731818e-01 1.122784e+03 1.130489e+03 
2.782222e-01 1.085741e+03 1.092648e+03 
2.832626e-01 1.050404e+03 1.056562e+03 
2.883030e-01 1.016704e+03 1.022126e+03 
2.933434e-01 9.845362e+02 9.892450e+02 
2.983838e-01 9.537473e+02 9.578304e+02 
3.034242e-01 9.242616e+02 9.277990e+02 
3.084646e-01 8.960691e+02 8.990734e+02 
3.135051e-01 8.691002e+02 8.715817e+02 
3.185455e-01 8.432610e+02 8.452566e+02 
3.235859e-01 8.184583e+02 8.200352e+02 
3.286263e-01 7.946500e+02 7.958587e+02 
3.336667e-01 7.718337e+02 7.726721e+02 
3.387071e-01 7.499454e+02 7.504239e+02 
3.437475e-01 7.289079e+02 7.290658e+02 
3.487879e-01 7.086754e+02 7.085525e+02 
3.538283e-01 6.892219e+02 6.888415e+02 
3.588687e-01 6.705312e+02 6.698928e+02 
3.639091e-01 6.525493e+02 6.516690e+02 
3.689495e-01 6.352206e+02 6.341347e+02 
3.739899e-01 6.185281e+02 6.172567e+02 
3.790303e-01 6.024549e+02 6.010038e+02 
3.840707e-01 5.869748e+02 5.853463e+02 
3.891111e-01 5.720470e+02 5.702566e+02 
3.941515e-01 5.576339e+02 5.557084e+02 
3.991919e-01 5.437275e+02 5.416770e+02 
4.042323e-01 5.303153e+02 5.281388e+02 
4.092727e-01 5.173722e+02 5.150718e+02 
4.143131e-01 5.048668e+02 5.024552e+02 
4.193535e-01 4.927723e+02 4.902690e+02 
4.243939e-01 4.810861e+02 4.784946e+02 
4.294343e-01 4.697966e+02 4.671141e+02 
4.344747e-01 4.588762e+02 4.561109e+02 
4.395152e-01 4.483053e+02 4.454688e+02 
4.445556e-01 4.380715e+02 4.351728e+02 
4.495960e-01 4.281695e+02 4.252085e+02 
4.546364e-01 4.185867e+02 4.155623e+02 
4.596768e-01 4.092994e+02 4.062212e+02 
4.647172e-01 4.002955e+02 3.971728e+02 
4.697576e-01 3.915696e+02 3.884054e+02 
4.747980e-01 3.831135e+02 3.799080e+02 
4.798384e-01 3.749143e+02 3.716698e+02 
4.848788e-01 3.669541e+02 3.636808e+02 
4.899192e-01 3.592257e+02 3.559313e+02 
4.949596e-01 3.517271e+02 3.484121e+02 
5.000000e-01 3.444524e+02 3.411145e+02 
