1.000000e-03 2.479800e+03 2.479798e+03 
6.040404e-03 1.127321e+04 1.135634e+04 
1.108081e-02 1.566556e+04 1.571580e+04 
1.612121e-02 1.734516e+04 1.731667e+04 
2.116162e-02 1.737487e+04 1.724204e+04 
2.620202e-02 1.648809e+04 1.637197e+04 
3.124242e-02 1.520559e+04 1.527377e+04 
3.628283e-02 1.386952e+04 1.417052e+04 
4.132323e-02 1.266868e+04 1.312519e+04 
4.636364e-02 1.165879e+04 1.215291e+04 
5.140404e-02 1.086060e+04 1.125592e+04 
5.644444e-02 1.019325e+04 1.043229e+04 
6.148485e-02 9.591111e+03 9.678243e+03 
6.652525e-02 9.014820e+03 8.989116e+03 
7.156566e-02 8.424425e+03 8.359861e+03 
7.660606e-02 7.811133e+03 7.785384e+03 
8.164646e-02 7.195731e+03 7.260746e+03 
8.668687e-02 6.613173e+03 6.781290e+03 
9.172727e-02 6.090271e+03 6.342702e+03 
9.676768e-02 5.639116e+03 5.941034e+03 
1.018081e-01 5.263078e+03 5.572703e+03 
1.068485e-01 4.958068e+03 5.234478e+03 
1.118889e-01 4.709584e+03 4.923451e+03 
1.169293e-01 4.494590e+03 4.637018e+03 
1.219697e-01 4.290295e+03 4.372843e+03 
1.270101e-01 4.082504e+03 4.128839e+03 
1.320505e-01 3.867216e+03 3.903135e+03 
1.370909e-01 3.647231e+03 3.694059e+03 
1.421313e-01 3.429154e+03 3.500111e+03 
1.471717e-01 3.221072e+03 3.319946e+03 
1.522121e-01 3.030053e+03 3.152358e+03 
1.572525e-01 2.860927e+03 2.996263e+03 
1.622929e-01 2.715764e+03 2.850686e+03 
1.673333e-01 2.593131e+03 2.714746e+03 
1.723737e-01 2.487928e+03 2.587652e+03 
1.774141e-01 2.393150e+03 2.468686e+03 
1.824545e-01 2.302841e+03 2.357201e+03 
1.874949e-01 2.213396e+03 2.252609e+03 
1.925354e-01 2.123051e+03 2.154377e+03 
1.975758e-01 2.031384e+03 2.062022e+03 
2.026162e-01 1.939520e+03 1.975102e+03 
2.076566e-01 1.850103e+03 1.893217e+03 
2.126970e-01 1.766167e+03 1.816000e+03 
2.177374e-01 1.689591e+03 1.743117e+03 
2.227778e-01 1.620652e+03 1.674262e+03 
2.278182e-01 1.558769e+03 1.609155e+03 
2.328586e-01 1.503055e+03 1.547538e+03 
2.378990e-01 1.452114e+03 1.489176e+03 
2.429394e-01 1.404201e+03 1.433853e+03 
2.479798e-01 1.357762e+03 1.381368e+03 
2.530202e-01 1.311885e+03 1.331537e+03 
2.580606e-01 1.266366e+03 1.284191e+03 
2.631010e-01 1.221402e+03 1.239173e+03 
2.681414e-01 1.177481e+03 1.196339e+03 
2.731818e-01 1.135226e+03 1.155554e+03 
2.782222e-01 1.095302e+03 1.116694e+03 
2.832626e-01 1.058099e+03 1.079644e+03 
2.883030e-01 1.023625e+03 1.044298e+03 
2.933434e-01 9.915913e+02 1.010556e+03 
2.983838e-01 9.615618e+02 9.783248e+02 
3.034242e-01 9.331364e+02 9.475199e+02 
3.084646e-01 9.059072e+02 9.180608e+02 
3.135051e-01 8.795127e+02 8.898727e+02 
3.185455e-01 8.537359e+02 8.628861e+02 
3.235859e-01 8.285102e+02 8.370358e+02 
3.286263e-01 8.039150e+02 8.122612e+02 
3.336667e-01 7.801112e+02 7.885052e+02 
3.387071e-01 7.572520e+02 7.657147e+02 
3.437475e-01 7.354475e+02 7.438397e+02 
3.487879e-01 7.147100e+02 7.228334e+02 
3.538283e-01 6.950263e+02 7.026520e+02 
3.588687e-01 6.763307e+02 6.832542e+02 
3.639091e-01 6.585003e+02 6.646012e+02 
3.689495e-01 6.413777e+02 6.466567e+02 
3.739899e-01 6.248249e+02 6.293864e+02 
3.790303e-01 6.087620e+02 6.127580e+02 
3.840707e-01 5.931600e+02 5.967411e+02 
3.891111e-01 5.780254e+02 5.813071e+02 
3.941515e-01 5.633488e+02 5.664288e+02 
3.991919e-01 5.491379e+02 5.520808e+02 
4.042323e-01 5.354058e+02 5.382391e+02 
4.092727e-01 5.221849e+02 5.248807e+02 
4.143131e-01 5.094931e+02 5.119841e+02 
4.193535e-01 4.973034e+02 4.995291e+02 
4.243939e-01 4.855690e+02 4.874963e+02 
4.294343e-01 4.742340e+02 4.758674e+02 
4.344747e-01 4.632688e+02 4.646251e+02 
4.395152e-01 4.526583e+02 4.537531e+02 
4.445556e-01 4.423726e+02 4.432356e+02 
4.495960e-01 4.323807e+02 4.330581e+02 
4.546364e-01 4.226648e+02 4.232064e+02 
4.596768e-01 4.132304e+02 4.136672e+02 
4.647172e-01 4.040967e+02 4.044278e+02 
4.697576e-01 3.952561e+02 3.954763e+02 
4.747980e-01 3.866845e+02 3.868011e+02 
4.798384e-01 3.783770e+02 3.783913e+02 
4.848788e-01 3.703315e+02 3.702366e+02 
4.899192e-01 3.625407e+02 3.623271e+02 
4.949596e-01 3.549935e+02 3.546533e+02 
5.000000e-01 3.476653e+02 3.472063e+02 
