1.000000e-03 7.032964e+03 7.032958e+03 
6.040404e-03 3.179375e+04 3.206182e+04 
1.108081e-02 4.317888e+04 4.370742e+04 
1.612121e-02 4.592794e+04 4.677783e+04 
2.116162e-02 4.321868e+04 4.364271e+04 
2.620202e-02 3.754722e+04 3.710789e+04 
3.124242e-02 3.089530e+04 3.033229e+04 
3.628283e-02 2.463918e+04 2.486602e+04 
4.132323e-02 1.952561e+04 2.079541e+04 
4.636364e-02 1.576179e+04 1.776220e+04 
5.140404e-02 1.328334e+04 1.543555e+04 
5.644444e-02 1.181185e+04 1.359144e+04 
6.148485e-02 1.104187e+04 1.208812e+04 
6.652525e-02 1.067798e+04 1.083531e+04 
7.156566e-02 1.046216e+04 9.773523e+03 
7.660606e-02 1.018208e+04 8.861882e+03 
8.164646e-02 9.693155e+03 8.071156e+03 
8.668687e-02 8.948234e+03 7.379666e+03 
9.172727e-02 7.995516e+03 6.770848e+03 
9.676768e-02 6.945545e+03 6.231731e+03 
1.018081e-01 5.926554e+03 5.751950e+03 
1.068485e-01 5.044497e+03 5.323092e+03 
1.118889e-01 4.360506e+03 4.938237e+03 
1.169293e-01 3.889283e+03 4.591630e+03 
1.219697e-01 3.612315e+03 4.278443e+03 
1.270101e-01 3.491301e+03 3.994593e+03 
1.320505e-01 3.475977e+03 3.736603e+03 
1.370909e-01 3.509511e+03 3.501497e+03 
1.421313e-01 3.536365e+03 3.286712e+03 
1.471717e-01 3.511283e+03 3.090033e+03 
1.522121e-01 3.405927e+03 2.909534e+03 
1.572525e-01 3.213342e+03 2.743536e+03 
1.622929e-01 2.949810e+03 2.590570e+03 
1.673333e-01 2.649791e+03 2.449344e+03 
1.723737e-01 2.353079e+03 2.318723e+03 
1.774141e-01 2.091660e+03 2.197701e+03 
1.824545e-01 1.884169e+03 2.085388e+03 
1.874949e-01 1.737583e+03 1.980992e+03 
1.925354e-01 1.650330e+03 1.883807e+03 
1.975758e-01 1.613639e+03 1.793205e+03 
2.026162e-01 1.612518e+03 1.708621e+03 
2.076566e-01 1.628251e+03 1.629551e+03 
2.126970e-01 1.642147e+03 1.555538e+03 
2.177374e-01 1.638776e+03 1.486175e+03 
2.227778e-01 1.607947e+03 1.421090e+03 
2.278182e-01 1.546109e+03 1.359949e+03 
2.328586e-01 1.457043e+03 1.302451e+03 
2.378990e-01 1.350676e+03 1.248319e+03 
2.429394e-01 1.239783e+03 1.197303e+03 
2.479798e-01 1.136293e+03 1.149177e+03 
2.530202e-01 1.048888e+03 1.103732e+03 
2.580606e-01 9.824478e+02 1.060779e+03 
2.631010e-01 9.380925e+02 1.020144e+03 
2.681414e-01 9.136197e+02 9.816683e+02 
2.731818e-01 9.042887e+02 9.452062e+02 
2.782222e-01 9.038282e+02 9.106238e+02 
2.832626e-01 9.055335e+02 8.777979e+02 
2.883030e-01 9.032754e+02 8.466149e+02 
2.933434e-01 8.923251e+02 8.169704e+02 
2.983838e-01 8.701551e+02 7.887677e+02 
3.034242e-01 8.369174e+02 7.619176e+02 
3.084646e-01 7.952354e+02 7.363375e+02 
3.135051e-01 7.493162e+02 7.119509e+02 
3.185455e-01 7.036553e+02 6.886870e+02 
3.235859e-01 6.621240e+02 6.664799e+02 
3.286263e-01 6.274192e+02 6.452684e+02 
3.336667e-01 6.009315e+02 6.249956e+02 
3.387071e-01 5.827133e+02 6.056087e+02 
3.437475e-01 5.715839e+02 5.870582e+02 
3.487879e-01 5.654375e+02 5.692981e+02 
3.538283e-01 5.617277e+02 5.522856e+02 
3.588687e-01 5.579527e+02 5.359804e+02 
3.639091e-01 5.520109e+02 5.203451e+02 
3.689495e-01 5.424688e+02 5.053445e+02 
3.739899e-01 5.287254e+02 4.909458e+02 
3.790303e-01 5.111250e+02 4.771181e+02 
3.840707e-01 4.908313e+02 4.638325e+02 
3.891111e-01 4.694567e+02 4.510620e+02 
3.941515e-01 4.486320e+02 4.387809e+02 
3.991919e-01 4.297215e+02 4.269654e+02 
4.042323e-01 4.136687e+02 4.155929e+02 
4.092727e-01 4.008898e+02 4.046422e+02 
4.143131e-01 3.913121e+02 3.940933e+02 
4.193535e-01 3.843651e+02 3.839274e+02 
4.243939e-01 3.791940e+02 3.741267e+02 
4.294343e-01 3.748231e+02 3.646745e+02 
4.344747e-01 3.703227e+02 3.555548e+02 
4.395152e-01 3.649206e+02 3.467528e+02 
4.445556e-01 3.580998e+02 3.382543e+02 
4.495960e-01 3.497263e+02 3.300460e+02 
4.546364e-01 3.400153e+02 3.221151e+02 
4.596768e-01 3.294404e+02 3.144497e+02 
4.647172e-01 3.185893e+02 3.070384e+02 
4.697576e-01 3.080590e+02 2.998704e+02 
4.747980e-01 2.983674e+02 2.929356e+02 
4.798384e-01 2.898712e+02 2.862242e+02 
4.848788e-01 2.827244e+02 2.797270e+02 
4.899192e-01 2.768515e+02 2.734353e+02 
4.949596e-01 2.720116e+02 2.673407e+02 
5.000000e-01 2.678652e+02 2.614354e+02 
