1.000000e-03 5.090464e+03 5.090459e+03 
6.040404e-03 2.335694e+04 2.354787e+04 
1.108081e-02 3.200893e+04 3.233018e+04 
1.612121e-02 3.443197e+04 3.487960e+04 
2.116162e-02 3.292665e+04 3.306108e+04 
2.620202e-02 2.927013e+04 2.897160e+04 
3.124242e-02 2.485056e+04 2.467976e+04 
3.628283e-02 2.062643e+04 2.110463e+04 
4.132323e-02 1.712557e+04 1.830373e+04 
4.636364e-02 1.450308e+04 1.609543e+04 
5.140404e-02 1.274396e+04 1.431013e+04 
5.644444e-02 1.165063e+04 1.283037e+04 
6.148485e-02 1.100341e+04 1.157913e+04 
6.652525e-02 1.058539e+04 1.050511e+04 
7.156566e-02 1.020543e+04 9.572734e+03 
7.660606e-02 9.725450e+03 8.756258e+03 
8.164646e-02 9.076341e+03 8.036324e+03 
8.668687e-02 8.266727e+03 7.397899e+03 
9.172727e-02 7.362936e+03 6.829017e+03 
9.676768e-02 6.457325e+03 6.319960e+03 
1.018081e-01 5.638856e+03 5.862726e+03 
1.068485e-01 4.970774e+03 5.450636e+03 
1.118889e-01 4.478885e+03 5.078073e+03 
1.169293e-01 4.154737e+03 4.740266e+03 
1.219697e-01 3.967993e+03 4.433145e+03 
1.270101e-01 3.876495e+03 4.153211e+03 
1.320505e-01 3.832158e+03 3.897447e+03 
1.370909e-01 3.787565e+03 3.663234e+03 
1.421313e-01 3.704581e+03 3.448295e+03 
1.471717e-01 3.562318e+03 3.250640e+03 
1.522121e-01 3.358423e+03 3.068524e+03 
1.572525e-01 3.106527e+03 2.900413e+03 
1.622929e-01 2.831909e+03 2.744953e+03 
1.673333e-01 2.564494e+03 2.600948e+03 
1.723737e-01 2.330261e+03 2.467335e+03 
1.774141e-01 2.144257e+03 2.343171e+03 
1.824545e-01 2.010217e+03 2.227614e+03 
1.874949e-01 1.923894e+03 2.119912e+03 
1.925354e-01 1.875978e+03 2.019391e+03 
1.975758e-01 1.853210e+03 1.925448e+03 
2.026162e-01 1.839609e+03 1.837539e+03 
2.076566e-01 1.819803e+03 1.755174e+03 
2.126970e-01 1.782651e+03 1.677913e+03 
2.177374e-01 1.723246e+03 1.605354e+03 
2.227778e-01 1.642646e+03 1.537136e+03 
2.278182e-01 1.546548e+03 1.472930e+03 
2.328586e-01 1.443714e+03 1.412437e+03 
2.378990e-01 1.343769e+03 1.355386e+03 
2.429394e-01 1.254958e+03 1.301528e+03 
2.479798e-01 1.182549e+03 1.250636e+03 
2.530202e-01 1.128395e+03 1.202504e+03 
2.580606e-01 1.091352e+03 1.156942e+03 
2.631010e-01 1.067834e+03 1.113775e+03 
2.681414e-01 1.052770e+03 1.072843e+03 
2.731818e-01 1.040600e+03 1.034000e+03 
2.782222e-01 1.026233e+03 9.971104e+02 
2.832626e-01 1.005948e+03 9.620488e+02 
2.883030e-01 9.778502e+02 9.287002e+02 
2.933434e-01 9.421272e+02 8.969582e+02 
2.983838e-01 9.007053e+02 8.667244e+02 
3.034242e-01 8.566442e+02 8.379076e+02 
3.084646e-01 8.133726e+02 8.104233e+02 
3.135051e-01 7.738484e+02 7.841930e+02 
3.185455e-01 7.401274e+02 7.591438e+02 
3.235859e-01 7.130797e+02 7.352081e+02 
3.286263e-01 6.924599e+02 7.123227e+02 
3.336667e-01 6.771047e+02 6.904289e+02 
3.387071e-01 6.652911e+02 6.694720e+02 
3.437475e-01 6.550261e+02 6.494008e+02 
3.487879e-01 6.443904e+02 6.301676e+02 
3.538283e-01 6.319139e+02 6.117278e+02 
3.588687e-01 6.167935e+02 5.940397e+02 
3.639091e-01 5.990060e+02 5.770640e+02 
3.689495e-01 5.791437e+02 5.607643e+02 
3.739899e-01 5.581811e+02 5.451062e+02 
3.790303e-01 5.372684e+02 5.300573e+02 
3.840707e-01 5.174951e+02 5.155876e+02 
3.891111e-01 4.997546e+02 5.016684e+02 
3.941515e-01 4.845392e+02 4.882730e+02 
3.991919e-01 4.718518e+02 4.753763e+02 
4.042323e-01 4.613564e+02 4.629546e+02 
4.092727e-01 4.524427e+02 4.509854e+02 
4.143131e-01 4.444233e+02 4.394478e+02 
4.193535e-01 4.365983e+02 4.283218e+02 
4.243939e-01 4.283814e+02 4.175887e+02 
4.294343e-01 4.193751e+02 4.072307e+02 
4.344747e-01 4.094632e+02 3.972310e+02 
4.395152e-01 3.987913e+02 3.875739e+02 
4.445556e-01 3.876665e+02 3.782443e+02 
4.495960e-01 3.764840e+02 3.692280e+02 
4.546364e-01 3.656568e+02 3.605115e+02 
4.596768e-01 3.555228e+02 3.520821e+02 
4.647172e-01 3.463330e+02 3.439277e+02 
4.697576e-01 3.381630e+02 3.360368e+02 
4.747980e-01 3.309285e+02 3.283986e+02 
4.798384e-01 3.244547e+02 3.210026e+02 
4.848788e-01 3.184926e+02 3.138390e+02 
4.899192e-01 3.127819e+02 3.068985e+02 
4.949596e-01 3.070847e+02 3.001722e+02 
5.000000e-01 3.012164e+02 2.936516e+02 
