1.000000e-03 5.238457e+03 5.238453e+03 
6.040404e-03 2.352248e+04 2.376587e+04 
1.108081e-02 3.200178e+04 3.265454e+04 
1.612121e-02 3.426965e+04 3.624113e+04 
2.116162e-02 3.266455e+04 3.701592e+04 
2.620202e-02 2.896274e+04 3.632212e+04 
3.124242e-02 2.453769e+04 3.488239e+04 
3.628283e-02 2.033019e+04 3.309081e+04 
4.132323e-02 1.685327e+04 3.116660e+04 
4.636364e-02 1.425277e+04 2.923228e+04 
5.140404e-02 1.250850e+04 2.735525e+04 
5.644444e-02 1.142253e+04 2.557081e+04 
6.148485e-02 1.077691e+04 2.389552e+04 
6.652525e-02 1.035768e+04 2.233491e+04 
7.156566e-02 9.977147e+03 2.088814e+04 
7.660606e-02 9.500137e+03 1.955085e+04 
8.164646e-02 8.859285e+03 1.831678e+04 
8.668687e-02 8.063231e+03 1.717882e+04 
9.172727e-02 7.176816e+03 1.612966e+04 
9.676768e-02 6.290056e+03 1.516210e+04 
1.018081e-01 5.489439e+03 1.426927e+04 
1.068485e-01 4.836253e+03 1.344475e+04 
1.118889e-01 4.355264e+03 1.268259e+04 
1.169293e-01 4.037926e+03 1.197733e+04 
1.219697e-01 3.854479e+03 1.132400e+04 
1.270101e-01 3.763767e+03 1.071807e+04 
1.320505e-01 3.718981e+03 1.015543e+04 
1.370909e-01 3.674053e+03 9.632360e+03 
1.421313e-01 3.591998e+03 9.145500e+03 
1.471717e-01 3.452613e+03 8.691800e+03 
1.522121e-01 3.253682e+03 8.268501e+03 
1.572525e-01 3.008464e+03 7.873108e+03 
1.622929e-01 2.741476e+03 7.503359e+03 
1.673333e-01 2.481689e+03 7.157202e+03 
1.723737e-01 2.254216e+03 6.832777e+03 
1.774141e-01 2.073564e+03 6.528394e+03 
1.824545e-01 1.943290e+03 6.242515e+03 
1.874949e-01 1.859232e+03 5.973742e+03 
1.925354e-01 1.812349e+03 5.720799e+03 
1.975758e-01 1.789798e+03 5.482523e+03 
2.026162e-01 1.776125e+03 5.257852e+03 
2.076566e-01 1.756484e+03 5.045813e+03 
2.126970e-01 1.720129e+03 4.845518e+03 
2.177374e-01 1.662340e+03 4.656150e+03 
2.227778e-01 1.584153e+03 4.476961e+03 
2.278182e-01 1.491076e+03 4.307265e+03 
2.328586e-01 1.391566e+03 4.146428e+03 
2.378990e-01 1.294898e+03 3.993869e+03 
2.429394e-01 1.209012e+03 3.849051e+03 
2.479798e-01 1.138973e+03 3.711479e+03 
2.530202e-01 1.086553e+03 3.580697e+03 
2.580606e-01 1.050634e+03 3.456280e+03 
2.631010e-01 1.027755e+03 3.337838e+03 
2.681414e-01 1.013026e+03 3.225009e+03 
2.731818e-01 1.001091e+03 3.117455e+03 
2.782222e-01 9.870522e+02 3.014866e+03 
2.832626e-01 9.673337e+02 2.916951e+03 
2.883030e-01 9.401150e+02 2.823440e+03 
2.933434e-01 9.055821e+02 2.734083e+03 
2.983838e-01 8.655898e+02 2.648646e+03 
3.034242e-01 8.230810e+02 2.566911e+03 
3.084646e-01 7.813502e+02 2.488674e+03 
3.135051e-01 7.432373e+02 2.413746e+03 
3.185455e-01 7.107141e+02 2.341948e+03 
3.235859e-01 6.846122e+02 2.273116e+03 
3.286263e-01 6.646923e+02 2.207092e+03 
3.336667e-01 6.498340e+02 2.143733e+03 
3.387071e-01 6.383812e+02 2.082900e+03 
3.437475e-01 6.284200e+02 2.024467e+03 
3.487879e-01 6.181083e+02 1.968312e+03 
3.538283e-01 6.060361e+02 1.914322e+03 
3.588687e-01 5.914345e+02 1.862393e+03 
3.639091e-01 5.742821e+02 1.812422e+03 
3.689495e-01 5.551480e+02 1.764317e+03 
3.739899e-01 5.349667e+02 1.717989e+03 
3.790303e-01 5.148410e+02 1.673354e+03 
3.840707e-01 4.958144e+02 1.630333e+03 
3.891111e-01 4.787423e+02 1.588852e+03 
3.941515e-01 4.640949e+02 1.548840e+03 
3.991919e-01 4.518738e+02 1.510232e+03 
4.042323e-01 4.417562e+02 1.472965e+03 
4.092727e-01 4.331568e+02 1.436978e+03 
4.143131e-01 4.254167e+02 1.402217e+03 
4.193535e-01 4.178656e+02 1.368628e+03 
4.243939e-01 4.099425e+02 1.336159e+03 
4.294343e-01 4.012669e+02 1.304765e+03 
4.344747e-01 3.917281e+02 1.274399e+03 
4.395152e-01 3.814657e+02 1.245018e+03 
4.445556e-01 3.707734e+02 1.216582e+03 
4.495960e-01 3.600294e+02 1.189051e+03 
4.546364e-01 3.496286e+02 1.162389e+03 
4.596768e-01 3.398939e+02 1.136562e+03 
4.647172e-01 3.310647e+02 1.111534e+03 
4.697576e-01 3.232130e+02 1.087276e+03 
4.747980e-01 3.162578e+02 1.063756e+03 
4.798384e-01 3.100316e+02 1.040947e+03 
4.848788e-01 3.042964e+02 1.018819e+03 
4.899192e-01 2.988031e+02 9.973485e+02 
4.949596e-01 2.933245e+02 9.765091e+02 
5.000000e-01 2.876842e+02 9.562776e+02 
