1.000000e-03 1.021761e+04 1.021761e+04 
6.040404e-03 4.617081e+04 4.657531e+04 
1.108081e-02 6.275176e+04 6.366501e+04 
1.612121e-02 6.659515e+04 6.829151e+04 
2.116162e-02 6.219779e+04 6.347035e+04 
2.620202e-02 5.319703e+04 5.276766e+04 
3.124242e-02 4.259392e+04 4.118303e+04 
3.628283e-02 3.255676e+04 3.183408e+04 
4.132323e-02 2.430749e+04 2.514955e+04 
4.636364e-02 1.822650e+04 2.047518e+04 
5.140404e-02 1.418397e+04 1.712851e+04 
5.644444e-02 1.177832e+04 1.464035e+04 
6.148485e-02 1.054818e+04 1.272044e+04 
6.652525e-02 1.008675e+04 1.119152e+04 
7.156566e-02 1.005449e+04 9.942815e+03 
7.660606e-02 1.015466e+04 8.902545e+03 
8.164646e-02 1.012666e+04 8.022296e+03 
8.668687e-02 9.789009e+03 7.268149e+03 
9.172727e-02 9.079469e+03 6.615509e+03 
9.676768e-02 8.058239e+03 6.045998e+03 
1.018081e-01 6.868752e+03 5.545533e+03 
1.068485e-01 5.681034e+03 5.103088e+03 
1.118889e-01 4.637173e+03 4.709877e+03 
1.169293e-01 3.820779e+03 4.358791e+03 
1.219697e-01 3.255904e+03 4.044007e+03 
1.270101e-01 2.926182e+03 3.760702e+03 
1.320505e-01 2.793448e+03 3.504847e+03 
1.370909e-01 2.809155e+03 3.273045e+03 
1.421313e-01 2.918552e+03 3.062416e+03 
1.471717e-01 3.062562e+03 2.870499e+03 
1.522121e-01 3.181141e+03 2.695182e+03 
1.572525e-01 3.220758e+03 2.534644e+03 
1.622929e-01 3.146845e+03 2.387303e+03 
1.673333e-01 2.955254e+03 2.251785e+03 
1.723737e-01 2.673129e+03 2.126887e+03 
1.774141e-01 2.345950e+03 2.011554e+03 
1.824545e-01 2.020243e+03 1.904858e+03 
1.874949e-01 1.732654e+03 1.805981e+03 
1.925354e-01 1.506237e+03 1.714195e+03 
1.975758e-01 1.350871e+03 1.628857e+03 
2.026162e-01 1.265317e+03 1.549393e+03 
2.076566e-01 1.240027e+03 1.475289e+03 
2.126970e-01 1.260425e+03 1.406088e+03 
2.177374e-01 1.309056e+03 1.341379e+03 
2.227778e-01 1.366600e+03 1.280791e+03 
2.278182e-01 1.413043e+03 1.223991e+03 
2.328586e-01 1.430725e+03 1.170679e+03 
2.378990e-01 1.408663e+03 1.120584e+03 
2.429394e-01 1.345523e+03 1.073458e+03 
2.479798e-01 1.249191e+03 1.029078e+03 
2.530202e-01 1.133423e+03 9.872417e+02 
2.580606e-01 1.013774e+03 9.477629e+02 
2.631010e-01 9.041504e+02 9.104730e+02 
2.681414e-01 8.144536e+02 8.752178e+02 
2.731818e-01 7.497603e+02 8.418561e+02 
2.782222e-01 7.107119e+02 8.102587e+02 
2.832626e-01 6.948016e+02 7.803068e+02 
2.883030e-01 6.974236e+02 7.518914e+02 
2.933434e-01 7.124414e+02 7.249122e+02 
2.983838e-01 7.325198e+02 6.992769e+02 
3.034242e-01 7.498487e+02 6.749002e+02 
3.084646e-01 7.575044e+02 6.517035e+02 
3.135051e-01 7.509585e+02 6.296139e+02 
3.185455e-01 7.289208e+02 6.085642e+02 
3.235859e-01 6.932255e+02 5.884921e+02 
3.286263e-01 6.480848e+02 5.693397e+02 
3.336667e-01 5.989102e+02 5.510532e+02 
3.387071e-01 5.512451e+02 5.335828e+02 
3.437475e-01 5.096235e+02 5.168821e+02 
3.487879e-01 4.769489e+02 5.009077e+02 
3.538283e-01 4.543855e+02 4.856195e+02 
3.588687e-01 4.416042e+02 4.709799e+02 
3.639091e-01 4.371818e+02 4.569537e+02 
3.689495e-01 4.388981e+02 4.435082e+02 
3.739899e-01 4.439352e+02 4.306126e+02 
3.790303e-01 4.491907e+02 4.182383e+02 
3.840707e-01 4.517696e+02 4.063584e+02 
3.891111e-01 4.495093e+02 3.949477e+02 
3.941515e-01 4.413437e+02 3.839826e+02 
3.991919e-01 4.273741e+02 3.734407e+02 
4.042323e-01 4.087359e+02 3.633013e+02 
4.092727e-01 3.872990e+02 3.535447e+02 
4.143131e-01 3.652361e+02 3.441525e+02 
4.193535e-01 3.445856e+02 3.351073e+02 
4.243939e-01 3.268862e+02 3.263927e+02 
4.294343e-01 3.130421e+02 3.179933e+02 
4.344747e-01 3.033474e+02 3.098946e+02 
4.395152e-01 2.975469e+02 3.020827e+02 
4.445556e-01 2.949446e+02 2.945447e+02 
4.495960e-01 2.944385e+02 2.872683e+02 
4.546364e-01 2.947656e+02 2.802419e+02 
4.596768e-01 2.946905e+02 2.734546e+02 
4.647172e-01 2.931905e+02 2.668959e+02 
4.697576e-01 2.895900e+02 2.605560e+02 
4.747980e-01 2.836049e+02 2.544256e+02 
4.798384e-01 2.754149e+02 2.484958e+02 
4.848788e-01 2.655803e+02 2.427583e+02 
4.899192e-01 2.549337e+02 2.372050e+02 
4.949596e-01 2.443328e+02 2.318284e+02 
5.000000e-01 2.345098e+02 2.266213e+02 
