1.000000e-03 3.643525e+03 3.643522e+03 
6.040404e-03 1.638675e+04 1.650865e+04 
1.108081e-02 2.228709e+04 2.241012e+04 
1.612121e-02 2.401540e+04 2.408049e+04 
2.116162e-02 2.326227e+04 2.314272e+04 
2.620202e-02 2.122858e+04 2.110028e+04 
3.124242e-02 1.877614e+04 1.896700e+04 
3.628283e-02 1.645481e+04 1.707136e+04 
4.132323e-02 1.453908e+04 1.543444e+04 
4.636364e-02 1.308371e+04 1.401400e+04 
5.140404e-02 1.205315e+04 1.276992e+04 
5.644444e-02 1.129443e+04 1.167215e+04 
6.148485e-02 1.067466e+04 1.069819e+04 
6.652525e-02 1.006941e+04 9.830542e+03 
7.156566e-02 9.406313e+03 9.055011e+03 
7.660606e-02 8.665971e+03 8.359788e+03 
8.164646e-02 7.880073e+03 7.734878e+03 
8.668687e-02 7.106044e+03 7.171737e+03 
9.172727e-02 6.399606e+03 6.663013e+03 
9.676768e-02 5.801726e+03 6.202353e+03 
1.018081e-01 5.333232e+03 5.784253e+03 
1.068485e-01 4.989705e+03 5.403929e+03 
1.118889e-01 4.743477e+03 5.057215e+03 
1.169293e-01 4.555420e+03 4.740474e+03 
1.219697e-01 4.387970e+03 4.450523e+03 
1.270101e-01 4.211857e+03 4.184572e+03 
1.320505e-01 4.009361e+03 3.940169e+03 
1.370909e-01 3.777298e+03 3.715154e+03 
1.421313e-01 3.525690e+03 3.507620e+03 
1.471717e-01 3.271470e+03 3.315881e+03 
1.522121e-01 3.031856e+03 3.138441e+03 
1.572525e-01 2.820979e+03 2.973972e+03 
1.622929e-01 2.647754e+03 2.821290e+03 
1.673333e-01 2.513421e+03 2.679340e+03 
1.723737e-01 2.411309e+03 2.547178e+03 
1.774141e-01 2.330286e+03 2.423959e+03 
1.824545e-01 2.259051e+03 2.308925e+03 
1.874949e-01 2.188116e+03 2.201393e+03 
1.925354e-01 2.110444e+03 2.100748e+03 
1.975758e-01 2.022716e+03 2.006436e+03 
2.026162e-01 1.926096e+03 1.917956e+03 
2.076566e-01 1.825506e+03 1.834853e+03 
2.126970e-01 1.726998e+03 1.756716e+03 
2.177374e-01 1.635809e+03 1.683171e+03 
2.227778e-01 1.555459e+03 1.613877e+03 
2.278182e-01 1.487439e+03 1.548523e+03 
2.328586e-01 1.431176e+03 1.486827e+03 
2.378990e-01 1.384372e+03 1.428531e+03 
2.429394e-01 1.343735e+03 1.373396e+03 
2.479798e-01 1.305740e+03 1.321207e+03 
2.530202e-01 1.267304e+03 1.271763e+03 
2.580606e-01 1.226495e+03 1.224882e+03 
2.631010e-01 1.182936e+03 1.180396e+03 
2.681414e-01 1.137554e+03 1.138150e+03 
2.731818e-01 1.091913e+03 1.098000e+03 
2.782222e-01 1.047662e+03 1.059815e+03 
2.832626e-01 1.006277e+03 1.023473e+03 
2.883030e-01 9.688354e+02 9.888597e+02 
2.933434e-01 9.357373e+02 9.558720e+02 
2.983838e-01 9.066410e+02 9.244125e+02 
3.034242e-01 8.806452e+02 8.943913e+02 
3.084646e-01 8.566761e+02 8.657247e+02 
3.135051e-01 8.337090e+02 8.383350e+02 
3.185455e-01 8.108936e+02 8.121499e+02 
3.235859e-01 7.876861e+02 7.871020e+02 
3.286263e-01 7.639929e+02 7.631284e+02 
3.336667e-01 7.400845e+02 7.401705e+02 
3.387071e-01 7.164474e+02 7.181735e+02 
3.437475e-01 6.936130e+02 6.970861e+02 
3.487879e-01 6.720050e+02 6.768604e+02 
3.538283e-01 6.519012e+02 6.574516e+02 
3.588687e-01 6.333839e+02 6.388176e+02 
3.639091e-01 6.163182e+02 6.209189e+02 
3.689495e-01 6.004239e+02 6.037187e+02 
3.739899e-01 5.853703e+02 5.871821e+02 
3.790303e-01 5.708583e+02 5.712764e+02 
3.840707e-01 5.566364e+02 5.559710e+02 
3.891111e-01 5.425260e+02 5.412369e+02 
3.941515e-01 5.284735e+02 5.270470e+02 
3.991919e-01 5.145623e+02 5.133755e+02 
4.042323e-01 5.009469e+02 5.001984e+02 
4.092727e-01 4.877767e+02 4.874927e+02 
4.143131e-01 4.751501e+02 4.752369e+02 
4.193535e-01 4.631345e+02 4.634108e+02 
4.243939e-01 4.517565e+02 4.519949e+02 
4.294343e-01 4.410002e+02 4.409712e+02 
4.344747e-01 4.307722e+02 4.303225e+02 
4.395152e-01 4.209531e+02 4.200324e+02 
4.445556e-01 4.114367e+02 4.100855e+02 
4.495960e-01 4.021572e+02 4.004672e+02 
4.546364e-01 3.930779e+02 3.911635e+02 
4.596768e-01 3.841632e+02 3.821614e+02 
4.647172e-01 3.754087e+02 3.734484e+02 
4.697576e-01 3.668549e+02 3.650125e+02 
4.747980e-01 3.585562e+02 3.568425e+02 
4.798384e-01 3.505460e+02 3.489276e+02 
4.848788e-01 3.428283e+02 3.412578e+02 
4.899192e-01 3.354025e+02 3.338232e+02 
4.949596e-01 3.282637e+02 3.266146e+02 
5.000000e-01 3.213915e+02 3.196233e+02 
