1.000000e-03 3.591889e+03 3.591886e+03 
6.040404e-03 1.658400e+04 1.671384e+04 
1.108081e-02 2.298917e+04 2.316441e+04 
1.612121e-02 2.511403e+04 2.530508e+04 
2.116162e-02 2.452891e+04 2.451651e+04 
2.620202e-02 2.242674e+04 2.224183e+04 
3.124242e-02 1.972636e+04 1.973858e+04 
3.628283e-02 1.706290e+04 1.753537e+04 
4.132323e-02 1.479651e+04 1.569362e+04 
4.636364e-02 1.304481e+04 1.414759e+04 
5.140404e-02 1.181427e+04 1.282869e+04 
5.644444e-02 1.098036e+04 1.168680e+04 
6.148485e-02 1.039195e+04 1.068706e+04 
6.652525e-02 9.917850e+03 9.804613e+03 
7.156566e-02 9.431956e+03 9.020923e+03 
7.660606e-02 8.859793e+03 8.321585e+03 
8.164646e-02 8.184422e+03 7.695034e+03 
8.668687e-02 7.440188e+03 7.131761e+03 
9.172727e-02 6.685151e+03 6.623814e+03 
9.676768e-02 5.978485e+03 6.164464e+03 
1.018081e-01 5.369069e+03 5.747969e+03 
1.068485e-01 4.887547e+03 5.369394e+03 
1.118889e-01 4.538936e+03 5.024476e+03 
1.169293e-01 4.303440e+03 4.709518e+03 
1.219697e-01 4.146664e+03 4.421302e+03 
1.270101e-01 4.030842e+03 4.157016e+03 
1.320505e-01 3.921572e+03 3.914195e+03 
1.370909e-01 3.791564e+03 3.690674e+03 
1.421313e-01 3.625006e+03 3.484545e+03 
1.471717e-01 3.420293e+03 3.294124e+03 
1.522121e-01 3.188188e+03 3.117917e+03 
1.572525e-01 2.946739e+03 2.954601e+03 
1.622929e-01 2.715965e+03 2.802995e+03 
1.673333e-01 2.512848e+03 2.662050e+03 
1.723737e-01 2.347686e+03 2.530827e+03 
1.774141e-01 2.222828e+03 2.408485e+03 
1.824545e-01 2.133563e+03 2.294269e+03 
1.874949e-01 2.070804e+03 2.187502e+03 
1.925354e-01 2.023483e+03 2.087572e+03 
1.975758e-01 1.980040e+03 1.993930e+03 
2.026162e-01 1.930446e+03 1.906076e+03 
2.076566e-01 1.868222e+03 1.823560e+03 
2.126970e-01 1.792017e+03 1.745974e+03 
2.177374e-01 1.704632e+03 1.672945e+03 
2.227778e-01 1.611428e+03 1.604135e+03 
2.278182e-01 1.518888e+03 1.539238e+03 
2.328586e-01 1.433257e+03 1.477970e+03 
2.378990e-01 1.359060e+03 1.420077e+03 
2.429394e-01 1.298347e+03 1.365322e+03 
2.479798e-01 1.250759e+03 1.313491e+03 
2.530202e-01 1.214131e+03 1.264385e+03 
2.580606e-01 1.185121e+03 1.217824e+03 
2.631010e-01 1.159695e+03 1.173639e+03 
2.681414e-01 1.133898e+03 1.131678e+03 
2.731818e-01 1.104817e+03 1.091797e+03 
2.782222e-01 1.071194e+03 1.053867e+03 
2.832626e-01 1.033367e+03 1.017766e+03 
2.883030e-01 9.926763e+02 9.833827e+02 
2.933434e-01 9.509521e+02 9.506124e+02 
2.983838e-01 9.103345e+02 9.193592e+02 
3.034242e-01 8.728417e+02 8.895339e+02 
3.084646e-01 8.398815e+02 8.610535e+02 
3.135051e-01 8.119013e+02 8.338409e+02 
3.185455e-01 7.884732e+02 8.078243e+02 
3.235859e-01 7.686172e+02 7.829368e+02 
3.286263e-01 7.511027e+02 7.591160e+02 
3.336667e-01 7.346285e+02 7.363037e+02 
3.387071e-01 7.179988e+02 7.144455e+02 
3.437475e-01 7.003253e+02 6.934906e+02 
3.487879e-01 6.812308e+02 6.733914e+02 
3.538283e-01 6.609181e+02 6.541034e+02 
3.588687e-01 6.399557e+02 6.355848e+02 
3.639091e-01 6.190647e+02 6.177965e+02 
3.689495e-01 5.989156e+02 6.007017e+02 
3.739899e-01 5.800753e+02 5.842661e+02 
3.790303e-01 5.629479e+02 5.684571e+02 
3.840707e-01 5.476683e+02 5.532443e+02 
3.891111e-01 5.340893e+02 5.385989e+02 
3.941515e-01 5.218431e+02 5.244940e+02 
3.991919e-01 5.104587e+02 5.109041e+02 
4.042323e-01 4.994822e+02 4.978052e+02 
4.092727e-01 4.885600e+02 4.851745e+02 
4.143131e-01 4.774185e+02 4.729909e+02 
4.193535e-01 4.659419e+02 4.612339e+02 
4.243939e-01 4.542027e+02 4.498846e+02 
4.294343e-01 4.423863e+02 4.389248e+02 
4.344747e-01 4.307389e+02 4.283376e+02 
4.395152e-01 4.194882e+02 4.181066e+02 
4.445556e-01 4.088109e+02 4.082166e+02 
4.495960e-01 3.988222e+02 3.986531e+02 
4.546364e-01 3.895617e+02 3.894022e+02 
4.596768e-01 3.809844e+02 3.804509e+02 
4.647172e-01 3.729562e+02 3.717868e+02 
4.697576e-01 3.653079e+02 3.633980e+02 
4.747980e-01 3.578936e+02 3.552735e+02 
4.798384e-01 3.505885e+02 3.474025e+02 
4.848788e-01 3.433082e+02 3.397750e+02 
4.899192e-01 3.360124e+02 3.323812e+02 
4.949596e-01 3.287090e+02 3.252121e+02 
5.000000e-01 3.214600e+02 3.182588e+02 
