1.000000e-03 3.424533e+03 3.424530e+03 
6.040404e-03 1.549112e+04 1.560427e+04 
1.108081e-02 2.106247e+04 2.115532e+04 
1.612121e-02 2.271406e+04 2.272477e+04 
2.116162e-02 2.206822e+04 2.192037e+04 
2.620202e-02 2.025259e+04 2.014418e+04 
3.124242e-02 1.805927e+04 1.826778e+04 
3.628283e-02 1.598240e+04 1.656413e+04 
4.132323e-02 1.426167e+04 1.506028e+04 
4.636364e-02 1.294181e+04 1.373202e+04 
5.140404e-02 1.197533e+04 1.255343e+04 
5.644444e-02 1.123047e+04 1.150360e+04 
6.148485e-02 1.058115e+04 1.056572e+04 
6.652525e-02 9.930483e+03 9.725849e+03 
7.156566e-02 9.228018e+03 8.972101e+03 
7.660606e-02 8.471296e+03 8.294214e+03 
8.164646e-02 7.698990e+03 7.683262e+03 
8.668687e-02 6.964892e+03 7.131463e+03 
9.172727e-02 6.314684e+03 6.632025e+03 
9.676768e-02 5.776920e+03 6.179014e+03 
1.018081e-01 5.360331e+03 5.767242e+03 
1.068485e-01 5.050344e+03 5.392174e+03 
1.118889e-01 4.814529e+03 5.049838e+03 
1.169293e-01 4.615481e+03 4.736750e+03 
1.219697e-01 4.421900e+03 4.449851e+03 
1.270101e-01 4.212851e+03 4.186452e+03 
1.320505e-01 3.980289e+03 3.944183e+03 
1.370909e-01 3.729404e+03 3.720949e+03 
1.421313e-01 3.474175e+03 3.514899e+03 
1.471717e-01 3.230332e+03 3.324394e+03 
1.522121e-01 3.010636e+03 3.147975e+03 
1.572525e-01 2.823941e+03 2.984346e+03 
1.622929e-01 2.673650e+03 2.832351e+03 
1.673333e-01 2.555713e+03 2.690956e+03 
1.723737e-01 2.460048e+03 2.559239e+03 
1.774141e-01 2.375582e+03 2.436368e+03 
1.824545e-01 2.293471e+03 2.321600e+03 
1.874949e-01 2.207759e+03 2.214265e+03 
1.925354e-01 2.115094e+03 2.113757e+03 
1.975758e-01 2.015785e+03 2.019531e+03 
2.026162e-01 1.913687e+03 1.931093e+03 
2.076566e-01 1.814305e+03 1.847996e+03 
2.126970e-01 1.722361e+03 1.769832e+03 
2.177374e-01 1.640545e+03 1.696232e+03 
2.227778e-01 1.569871e+03 1.626861e+03 
2.278182e-01 1.509704e+03 1.561412e+03 
2.328586e-01 1.458007e+03 1.499603e+03 
2.378990e-01 1.411848e+03 1.441180e+03 
2.429394e-01 1.368185e+03 1.385908e+03 
2.479798e-01 1.324564e+03 1.333571e+03 
2.530202e-01 1.279543e+03 1.283973e+03 
2.580606e-01 1.232929e+03 1.236931e+03 
2.631010e-01 1.185607e+03 1.192279e+03 
2.681414e-01 1.138974e+03 1.149863e+03 
2.731818e-01 1.094408e+03 1.109541e+03 
2.782222e-01 1.052960e+03 1.071181e+03 
2.832626e-01 1.015237e+03 1.034663e+03 
2.883030e-01 9.813296e+02 9.998742e+02 
2.933434e-01 9.507742e+02 9.667103e+02 
2.983838e-01 9.227614e+02 9.350751e+02 
3.034242e-01 8.963763e+02 9.048789e+02 
3.084646e-01 8.708082e+02 8.760386e+02 
3.135051e-01 8.454846e+02 8.484767e+02 
3.185455e-01 8.201434e+02 8.221211e+02 
3.235859e-01 7.948449e+02 7.969046e+02 
3.286263e-01 7.698917e+02 7.727645e+02 
3.336667e-01 7.456542e+02 7.496423e+02 
3.387071e-01 7.224940e+02 7.274834e+02 
3.437475e-01 7.006820e+02 7.062365e+02 
3.487879e-01 6.803291e+02 6.858540e+02 
3.538283e-01 6.613686e+02 6.662909e+02 
3.588687e-01 6.435704e+02 6.475052e+02 
3.639091e-01 6.266726e+02 6.294576e+02 
3.689495e-01 6.104476e+02 6.121111e+02 
3.739899e-01 5.947120e+02 5.954309e+02 
3.790303e-01 5.792960e+02 5.793843e+02 
3.840707e-01 5.641276e+02 5.639407e+02 
3.891111e-01 5.492282e+02 5.490712e+02 
3.941515e-01 5.347050e+02 5.347484e+02 
3.991919e-01 5.206771e+02 5.209467e+02 
4.042323e-01 5.072022e+02 5.076419e+02 
4.092727e-01 4.943129e+02 4.948111e+02 
4.143131e-01 4.820270e+02 4.824328e+02 
4.193535e-01 4.703183e+02 4.704866e+02 
4.243939e-01 4.591265e+02 4.589532e+02 
4.294343e-01 4.483613e+02 4.478144e+02 
4.344747e-01 4.379332e+02 4.370528e+02 
4.395152e-01 4.277979e+02 4.266523e+02 
4.445556e-01 4.179270e+02 4.165972e+02 
4.495960e-01 4.083042e+02 4.068730e+02 
4.546364e-01 3.989125e+02 3.974657e+02 
4.596768e-01 3.897748e+02 3.883620e+02 
4.647172e-01 3.809222e+02 3.795495e+02 
4.697576e-01 3.723747e+02 3.710162e+02 
4.747980e-01 3.641239e+02 3.627509e+02 
4.798384e-01 3.561630e+02 3.547427e+02 
4.848788e-01 3.484839e+02 3.469813e+02 
4.899192e-01 3.410665e+02 3.394572e+02 
4.949596e-01 3.338889e+02 3.321609e+02 
5.000000e-01 3.269048e+02 3.250837e+02 
