1.000000e-03 4.258594e+03 4.258590e+03 
6.040404e-03 1.907731e+04 1.922560e+04 
1.108081e-02 2.592180e+04 2.612055e+04 
1.612121e-02 2.782461e+04 2.802795e+04 
2.116162e-02 2.672560e+04 2.668245e+04 
2.620202e-02 2.404754e+04 2.385202e+04 
3.124242e-02 2.084875e+04 2.094154e+04 
3.628283e-02 1.782618e+04 1.845786e+04 
4.132323e-02 1.534238e+04 1.641458e+04 
4.636364e-02 1.348231e+04 1.471634e+04 
5.140404e-02 1.222065e+04 1.327872e+04 
5.644444e-02 1.137954e+04 1.204248e+04 
6.148485e-02 1.078658e+04 1.096695e+04 
6.652525e-02 1.027619e+04 1.002319e+04 
7.156566e-02 9.723110e+03 9.189661e+03 
7.660606e-02 9.061465e+03 8.449657e+03 
8.164646e-02 8.290497e+03 7.789834e+03 
8.668687e-02 7.461228e+03 7.199279e+03 
9.172727e-02 6.645162e+03 6.668927e+03 
9.676768e-02 5.910074e+03 6.191161e+03 
1.018081e-01 5.304981e+03 5.759521e+03 
1.068485e-01 4.850780e+03 5.368497e+03 
1.118889e-01 4.537574e+03 5.013357e+03 
1.169293e-01 4.333360e+03 4.690022e+03 
1.219697e-01 4.196808e+03 4.394962e+03 
1.270101e-01 4.085716e+03 4.125106e+03 
1.320505e-01 3.963365e+03 3.877780e+03 
1.370909e-01 3.804571e+03 3.650644e+03 
1.421313e-01 3.601555e+03 3.441644e+03 
1.471717e-01 3.362355e+03 3.248975e+03 
1.522121e-01 3.105039e+03 3.071043e+03 
1.572525e-01 2.851414e+03 2.906441e+03 
1.622929e-01 2.622457e+03 2.753917e+03 
1.673333e-01 2.433394e+03 2.612363e+03 
1.723737e-01 2.289554e+03 2.480789e+03 
1.774141e-01 2.187119e+03 2.358312e+03 
1.824545e-01 2.116209e+03 2.244143e+03 
1.874949e-01 2.064897e+03 2.137573e+03 
1.925354e-01 2.020526e+03 2.037967e+03 
1.975758e-01 1.971297e+03 1.944751e+03 
2.026162e-01 1.908953e+03 1.857408e+03 
2.076566e-01 1.830754e+03 1.775474e+03 
2.126970e-01 1.739482e+03 1.698524e+03 
2.177374e-01 1.641317e+03 1.626177e+03 
2.227778e-01 1.543513e+03 1.558085e+03 
2.278182e-01 1.452819e+03 1.493932e+03 
2.328586e-01 1.374228e+03 1.433430e+03 
2.378990e-01 1.310276e+03 1.376315e+03 
2.429394e-01 1.260742e+03 1.322349e+03 
2.479798e-01 1.223200e+03 1.271311e+03 
2.530202e-01 1.193647e+03 1.223000e+03 
2.580606e-01 1.167478e+03 1.177231e+03 
2.631010e-01 1.140528e+03 1.133835e+03 
2.681414e-01 1.109902e+03 1.092656e+03 
2.731818e-01 1.074430e+03 1.053551e+03 
2.782222e-01 1.034474e+03 1.016386e+03 
2.832626e-01 9.915915e+02 9.810399e+02 
2.883030e-01 9.480472e+02 9.473991e+02 
2.933434e-01 9.063067e+02 9.153594e+02 
2.983838e-01 8.683957e+02 8.848238e+02 
3.034242e-01 8.354585e+02 8.557027e+02 
3.084646e-01 8.077421e+02 8.279127e+02 
3.135051e-01 7.846853e+02 8.013765e+02 
3.185455e-01 7.651404e+02 7.760221e+02 
3.235859e-01 7.476297e+02 7.517825e+02 
3.286263e-01 7.306671e+02 7.285953e+02 
3.336667e-01 7.130898e+02 7.064024e+02 
3.387071e-01 6.942215e+02 6.851495e+02 
3.437475e-01 6.739434e+02 6.647859e+02 
3.487879e-01 6.525835e+02 6.452642e+02 
3.538283e-01 6.308189e+02 6.265399e+02 
3.588687e-01 6.094818e+02 6.085717e+02 
3.639091e-01 5.893024e+02 5.913206e+02 
3.689495e-01 5.707992e+02 5.747501e+02 
3.739899e-01 5.541827e+02 5.588260e+02 
3.790303e-01 5.394286e+02 5.435160e+02 
3.840707e-01 5.262625e+02 5.287901e+02 
3.891111e-01 5.142522e+02 5.146197e+02 
3.941515e-01 5.028667e+02 5.009782e+02 
3.991919e-01 4.916182e+02 4.878402e+02 
4.042323e-01 4.801987e+02 4.751822e+02 
4.092727e-01 4.684786e+02 4.629817e+02 
4.143131e-01 4.564913e+02 4.512176e+02 
4.193535e-01 4.443636e+02 4.398700e+02 
4.243939e-01 4.323216e+02 4.289200e+02 
4.294343e-01 4.206370e+02 4.183498e+02 
4.344747e-01 4.095381e+02 4.081427e+02 
4.395152e-01 3.991656e+02 3.982826e+02 
4.445556e-01 3.895498e+02 3.887545e+02 
4.495960e-01 3.806335e+02 3.795442e+02 
4.546364e-01 3.723018e+02 3.706380e+02 
4.596768e-01 3.644171e+02 3.620231e+02 
4.647172e-01 3.568010e+02 3.536874e+02 
4.697576e-01 3.492986e+02 3.456192e+02 
4.747980e-01 3.418108e+02 3.378077e+02 
4.798384e-01 3.343188e+02 3.302423e+02 
4.848788e-01 3.268444e+02 3.229132e+02 
4.899192e-01 3.194424e+02 3.158108e+02 
4.949596e-01 3.121758e+02 3.089263e+02 
5.000000e-01 3.051298e+02 3.022511e+02 
