1.000000e-03 4.700365e+03 4.700361e+03 
6.040404e-03 2.081437e+04 2.097925e+04 
1.108081e-02 2.824392e+04 2.849331e+04 
1.612121e-02 3.027003e+04 3.057523e+04 
2.116162e-02 2.897227e+04 2.899949e+04 
2.620202e-02 2.589872e+04 2.565166e+04 
3.124242e-02 2.222388e+04 2.219402e+04 
3.628283e-02 1.873712e+04 1.928687e+04 
4.132323e-02 1.585991e+04 1.695427e+04 
4.636364e-02 1.370426e+04 1.506446e+04 
5.140404e-02 1.224939e+04 1.349899e+04 
5.644444e-02 1.131203e+04 1.217564e+04 
6.148485e-02 1.070315e+04 1.103941e+04 
6.652525e-02 1.024038e+04 1.005253e+04 
7.156566e-02 9.767316e+03 9.187919e+03 
7.660606e-02 9.186296e+03 8.425289e+03 
8.164646e-02 8.469477e+03 7.748912e+03 
8.668687e-02 7.651917e+03 7.146250e+03 
9.172727e-02 6.803591e+03 6.607097e+03 
9.676768e-02 6.001945e+03 6.123020e+03 
1.018081e-01 5.312702e+03 5.686964e+03 
1.068485e-01 4.775068e+03 5.292974e+03 
1.118889e-01 4.394824e+03 4.935985e+03 
1.169293e-01 4.149935e+03 4.611666e+03 
1.219697e-01 4.002922e+03 4.316290e+03 
1.270101e-01 3.911027e+03 4.046637e+03 
1.320505e-01 3.831814e+03 3.799913e+03 
1.370909e-01 3.729021e+03 3.573685e+03 
1.421313e-01 3.580267e+03 3.365827e+03 
1.471717e-01 3.381129e+03 3.174475e+03 
1.522121e-01 3.142429e+03 2.997989e+03 
1.572525e-01 2.884904e+03 2.834924e+03 
1.622929e-01 2.633235e+03 2.684001e+03 
1.673333e-01 2.409695e+03 2.544087e+03 
1.723737e-01 2.228857e+03 2.414174e+03 
1.774141e-01 2.094966e+03 2.293364e+03 
1.824545e-01 2.003745e+03 2.180857e+03 
1.874949e-01 1.945764e+03 2.075935e+03 
1.925354e-01 1.908703e+03 1.977954e+03 
1.975758e-01 1.878785e+03 1.886336e+03 
2.026162e-01 1.843065e+03 1.800561e+03 
2.076566e-01 1.792489e+03 1.720158e+03 
2.126970e-01 1.723694e+03 1.644705e+03 
2.177374e-01 1.638760e+03 1.573815e+03 
2.227778e-01 1.543626e+03 1.507141e+03 
2.278182e-01 1.446215e+03 1.444365e+03 
2.328586e-01 1.354402e+03 1.385201e+03 
2.378990e-01 1.274306e+03 1.329384e+03 
2.429394e-01 1.209383e+03 1.276676e+03 
2.479798e-01 1.160254e+03 1.226857e+03 
2.530202e-01 1.125064e+03 1.179727e+03 
2.580606e-01 1.099998e+03 1.135102e+03 
2.631010e-01 1.080133e+03 1.092813e+03 
2.681414e-01 1.060626e+03 1.052705e+03 
2.731818e-01 1.037741e+03 1.014636e+03 
2.782222e-01 1.009347e+03 9.784739e+02 
2.832626e-01 9.749400e+02 9.440979e+02 
2.883030e-01 9.355296e+02 9.113957e+02 
2.933434e-01 8.933504e+02 8.802640e+02 
2.983838e-01 8.512799e+02 8.506070e+02 
3.034242e-01 8.120347e+02 8.223359e+02 
3.084646e-01 7.774918e+02 7.953684e+02 
3.135051e-01 7.485604e+02 7.696281e+02 
3.185455e-01 7.252170e+02 7.450439e+02 
3.235859e-01 7.066554e+02 7.215499e+02 
3.286263e-01 6.914624e+02 6.990846e+02 
3.336667e-01 6.779121e+02 6.775906e+02 
3.387071e-01 6.643514e+02 6.570144e+02 
3.437475e-01 6.495616e+02 6.373063e+02 
3.487879e-01 6.328997e+02 6.184195e+02 
3.538283e-01 6.143201e+02 6.003105e+02 
3.588687e-01 5.942746e+02 5.829385e+02 
3.639091e-01 5.735808e+02 5.662652e+02 
3.689495e-01 5.532043e+02 5.502549e+02 
3.739899e-01 5.340304e+02 5.348739e+02 
3.790303e-01 5.166827e+02 5.200908e+02 
3.840707e-01 5.014485e+02 5.058758e+02 
3.891111e-01 4.883065e+02 4.922012e+02 
3.941515e-01 4.769541e+02 4.790407e+02 
3.991919e-01 4.668750e+02 4.663697e+02 
4.042323e-01 4.574475e+02 4.541650e+02 
4.092727e-01 4.480936e+02 4.424046e+02 
4.143131e-01 4.384117e+02 4.310680e+02 
4.193535e-01 4.282070e+02 4.201356e+02 
4.243939e-01 4.174684e+02 4.095891e+02 
4.294343e-01 4.063277e+02 3.994110e+02 
4.344747e-01 3.950545e+02 3.895849e+02 
4.395152e-01 3.839896e+02 3.800953e+02 
4.445556e-01 3.734510e+02 3.709274e+02 
4.495960e-01 3.636641e+02 3.620674e+02 
4.546364e-01 3.547047e+02 3.535020e+02 
4.596768e-01 3.465591e+02 3.452187e+02 
4.647172e-01 3.391262e+02 3.372057e+02 
4.697576e-01 3.322522e+02 3.294516e+02 
4.747980e-01 3.257083e+02 3.219458e+02 
4.798384e-01 3.192748e+02 3.146781e+02 
4.848788e-01 3.128074e+02 3.076388e+02 
4.899192e-01 3.062386e+02 3.008188e+02 
4.949596e-01 2.995604e+02 2.942094e+02 
5.000000e-01 2.928192e+02 2.878023e+02 
