1.000000e-03 3.495182e+03 3.495179e+03 
6.040404e-03 1.556425e+04 1.568112e+04 
1.108081e-02 2.118438e+04 2.130062e+04 
1.612121e-02 2.289293e+04 2.295636e+04 
2.116162e-02 2.226469e+04 2.215681e+04 
2.620202e-02 2.040987e+04 2.028001e+04 
3.124242e-02 1.812930e+04 1.828092e+04 
3.628283e-02 1.593950e+04 1.648721e+04 
4.132323e-02 1.410732e+04 1.493001e+04 
4.636364e-02 1.269698e+04 1.357406e+04 
5.140404e-02 1.168159e+04 1.238339e+04 
5.644444e-02 1.093245e+04 1.133048e+04 
6.148485e-02 1.032527e+04 1.039461e+04 
6.652525e-02 9.746498e+03 9.559519e+03 
7.156566e-02 9.122716e+03 8.812000e+03 
7.660606e-02 8.429109e+03 8.141003e+03 
8.164646e-02 7.689619e+03 7.537149e+03 
8.668687e-02 6.954722e+03 6.992390e+03 
9.172727e-02 6.275440e+03 6.499782e+03 
9.676768e-02 5.690359e+03 6.053308e+03 
1.018081e-01 5.222215e+03 5.647744e+03 
1.068485e-01 4.871917e+03 5.278537e+03 
1.118889e-01 4.618370e+03 4.941717e+03 
1.169293e-01 4.426656e+03 4.633810e+03 
1.219697e-01 4.261390e+03 4.351773e+03 
1.270101e-01 4.094237e+03 4.092932e+03 
1.320505e-01 3.906776e+03 3.854936e+03 
1.370909e-01 3.692670e+03 3.635710e+03 
1.421313e-01 3.457917e+03 3.433421e+03 
1.471717e-01 3.216686e+03 3.246447e+03 
1.522121e-01 2.984958e+03 3.073345e+03 
1.572525e-01 2.776561e+03 2.912835e+03 
1.622929e-01 2.601060e+03 2.763775e+03 
1.673333e-01 2.461700e+03 2.625145e+03 
1.723737e-01 2.354493e+03 2.496034e+03 
1.774141e-01 2.270436e+03 2.375623e+03 
1.824545e-01 2.199068e+03 2.263178e+03 
1.874949e-01 2.130955e+03 2.158038e+03 
1.925354e-01 2.058857e+03 2.059607e+03 
1.975758e-01 1.978491e+03 1.967349e+03 
2.026162e-01 1.889435e+03 1.880775e+03 
2.076566e-01 1.795001e+03 1.799446e+03 
2.126970e-01 1.700419e+03 1.722961e+03 
2.177374e-01 1.610773e+03 1.650957e+03 
2.227778e-01 1.529979e+03 1.583102e+03 
2.278182e-01 1.460268e+03 1.519096e+03 
2.328586e-01 1.401850e+03 1.458662e+03 
2.378990e-01 1.353172e+03 1.401549e+03 
2.429394e-01 1.311591e+03 1.347526e+03 
2.479798e-01 1.274015e+03 1.296382e+03 
2.530202e-01 1.237445e+03 1.247923e+03 
2.580606e-01 1.199554e+03 1.201969e+03 
2.631010e-01 1.159211e+03 1.158358e+03 
2.681414e-01 1.116697e+03 1.116938e+03 
2.731818e-01 1.073278e+03 1.077569e+03 
2.782222e-01 1.030483e+03 1.040123e+03 
2.832626e-01 9.896760e+02 1.004481e+03 
2.883030e-01 9.519769e+02 9.705317e+02 
2.933434e-01 9.181383e+02 9.381738e+02 
2.983838e-01 8.882695e+02 9.073124e+02 
3.034242e-01 8.618060e+02 8.778597e+02 
3.084646e-01 8.377926e+02 8.497340e+02 
3.135051e-01 8.152350e+02 8.228593e+02 
3.185455e-01 7.932934e+02 7.971648e+02 
3.235859e-01 7.713483e+02 7.725847e+02 
3.286263e-01 7.490413e+02 7.490575e+02 
3.336667e-01 7.263549e+02 7.265258e+02 
3.387071e-01 7.036353e+02 7.049360e+02 
3.437475e-01 6.813866e+02 6.842381e+02 
3.487879e-01 6.600545e+02 6.643850e+02 
3.538283e-01 6.399672e+02 6.453329e+02 
3.588687e-01 6.213024e+02 6.270406e+02 
3.639091e-01 6.040675e+02 6.094695e+02 
3.689495e-01 5.881153e+02 5.925835e+02 
3.739899e-01 5.731918e+02 5.763483e+02 
3.790303e-01 5.589590e+02 5.607322e+02 
3.840707e-01 5.451553e+02 5.457049e+02 
3.891111e-01 5.315882e+02 5.312381e+02 
3.941515e-01 5.181444e+02 5.173053e+02 
3.991919e-01 5.047892e+02 5.038812e+02 
4.042323e-01 4.915983e+02 4.909422e+02 
4.092727e-01 4.787117e+02 4.784658e+02 
4.143131e-01 4.662739e+02 4.664311e+02 
4.193535e-01 4.543843e+02 4.548179e+02 
4.243939e-01 4.430695e+02 4.436075e+02 
4.294343e-01 4.323288e+02 4.327821e+02 
4.344747e-01 4.221392e+02 4.223247e+02 
4.395152e-01 4.124477e+02 4.122193e+02 
4.445556e-01 4.031300e+02 4.024509e+02 
4.495960e-01 3.940848e+02 3.930051e+02 
4.546364e-01 3.852465e+02 3.838682e+02 
4.596768e-01 3.765973e+02 3.750274e+02 
4.647172e-01 3.681202e+02 3.664704e+02 
4.697576e-01 3.598108e+02 3.581856e+02 
4.747980e-01 3.516904e+02 3.501618e+02 
4.798384e-01 3.438025e+02 3.423886e+02 
4.848788e-01 3.361901e+02 3.348559e+02 
4.899192e-01 3.288639e+02 3.275543e+02 
4.949596e-01 3.218102e+02 3.204747e+02 
5.000000e-01 3.150145e+02 3.136084e+02 
