1.000000e-03 3.012566e+03 3.012563e+03 
6.040404e-03 1.345958e+04 1.355796e+04 
1.108081e-02 1.842133e+04 1.848968e+04 
1.612121e-02 2.008389e+04 2.006996e+04 
2.116162e-02 1.978833e+04 1.964674e+04 
2.620202e-02 1.845582e+04 1.834263e+04 
3.124242e-02 1.673312e+04 1.686489e+04 
3.628283e-02 1.503289e+04 1.546204e+04 
4.132323e-02 1.356696e+04 1.418288e+04 
4.636364e-02 1.239054e+04 1.302565e+04 
5.140404e-02 1.149836e+04 1.198010e+04 
5.644444e-02 1.077364e+04 1.103561e+04 
6.148485e-02 1.013496e+04 1.018228e+04 
6.652525e-02 9.511540e+03 9.410967e+03 
7.156566e-02 8.857157e+03 8.713267e+03 
7.660606e-02 8.167458e+03 8.081496e+03 
8.164646e-02 7.473070e+03 7.508692e+03 
8.668687e-02 6.816608e+03 6.988589e+03 
9.172727e-02 6.230780e+03 6.515586e+03 
9.676768e-02 5.734336e+03 6.084694e+03 
1.018081e-01 5.334308e+03 5.691481e+03 
1.068485e-01 5.023258e+03 5.332020e+03 
1.118889e-01 4.777748e+03 5.002835e+03 
1.169293e-01 4.566437e+03 4.700844e+03 
1.219697e-01 4.362692e+03 4.423322e+03 
1.270101e-01 4.150928e+03 4.167851e+03 
1.320505e-01 3.925974e+03 3.932287e+03 
1.370909e-01 3.690645e+03 3.714725e+03 
1.421313e-01 3.454130e+03 3.513470e+03 
1.471717e-01 3.228314e+03 3.327014e+03 
1.522121e-01 3.023407e+03 3.154010e+03 
1.572525e-01 2.845793e+03 2.993253e+03 
1.622929e-01 2.697558e+03 2.843668e+03 
1.673333e-01 2.576015e+03 2.704287e+03 
1.723737e-01 2.474130e+03 2.574243e+03 
1.774141e-01 2.383213e+03 2.452755e+03 
1.824545e-01 2.295966e+03 2.339119e+03 
1.874949e-01 2.207577e+03 2.232701e+03 
1.925354e-01 2.115526e+03 2.132925e+03 
1.975758e-01 2.019837e+03 2.039273e+03 
2.026162e-01 1.923092e+03 1.951271e+03 
2.076566e-01 1.829194e+03 1.868493e+03 
2.126970e-01 1.741609e+03 1.790548e+03 
2.177374e-01 1.662428e+03 1.717080e+03 
2.227778e-01 1.592427e+03 1.647767e+03 
2.278182e-01 1.531242e+03 1.582311e+03 
2.328586e-01 1.477337e+03 1.520443e+03 
2.378990e-01 1.428331e+03 1.461913e+03 
2.429394e-01 1.381968e+03 1.406496e+03 
2.479798e-01 1.336591e+03 1.353980e+03 
2.530202e-01 1.291153e+03 1.304176e+03 
2.580606e-01 1.245229e+03 1.256904e+03 
2.631010e-01 1.199125e+03 1.212003e+03 
2.681414e-01 1.153834e+03 1.169322e+03 
2.731818e-01 1.110570e+03 1.128722e+03 
2.782222e-01 1.070146e+03 1.090075e+03 
2.832626e-01 1.032830e+03 1.053261e+03 
2.883030e-01 9.985372e+02 1.018170e+03 
2.933434e-01 9.670560e+02 9.846997e+02 
2.983838e-01 9.379516e+02 9.527554e+02 
3.034242e-01 9.105329e+02 9.222487e+02 
3.084646e-01 8.840735e+02 8.930973e+02 
3.135051e-01 8.581154e+02 8.652249e+02 
3.185455e-01 8.325252e+02 8.385601e+02 
3.235859e-01 8.073536e+02 8.130364e+02 
3.286263e-01 7.827199e+02 7.885917e+02 
3.336667e-01 7.587949e+02 7.651681e+02 
3.387071e-01 7.358265e+02 7.427113e+02 
3.437475e-01 7.140587e+02 7.211704e+02 
3.487879e-01 6.935744e+02 7.004981e+02 
3.538283e-01 6.743047e+02 6.806496e+02 
3.588687e-01 6.560600e+02 6.615832e+02 
3.639091e-01 6.386651e+02 6.432597e+02 
3.689495e-01 6.219716e+02 6.256421e+02 
3.739899e-01 6.058381e+02 6.086959e+02 
3.790303e-01 5.901411e+02 5.923883e+02 
3.840707e-01 5.748009e+02 5.766888e+02 
3.891111e-01 5.598266e+02 5.615685e+02 
3.941515e-01 5.452851e+02 5.470000e+02 
3.991919e-01 5.312292e+02 5.329577e+02 
4.042323e-01 5.176808e+02 5.194174e+02 
4.092727e-01 5.046759e+02 5.063562e+02 
4.143131e-01 4.922257e+02 4.937523e+02 
4.193535e-01 4.803093e+02 4.815855e+02 
4.243939e-01 4.688693e+02 4.698364e+02 
4.294343e-01 4.578378e+02 4.584866e+02 
4.344747e-01 4.471691e+02 4.475188e+02 
4.395152e-01 4.368276e+02 4.369166e+02 
4.445556e-01 4.267815e+02 4.266645e+02 
4.495960e-01 4.170124e+02 4.167477e+02 
4.546364e-01 4.075023e+02 4.071521e+02 
4.596768e-01 3.982608e+02 3.978645e+02 
4.647172e-01 3.893130e+02 3.888722e+02 
4.697576e-01 3.806570e+02 3.801633e+02 
4.747980e-01 3.722855e+02 3.717262e+02 
4.798384e-01 3.641871e+02 3.635503e+02 
4.848788e-01 3.563543e+02 3.556251e+02 
4.899192e-01 3.487841e+02 3.479409e+02 
4.949596e-01 3.414488e+02 3.404882e+02 
5.000000e-01 3.343238e+02 3.332581e+02 
