1.000000e-03 6.403383e+03 6.403378e+03 
6.040404e-03 2.841356e+04 2.865033e+04 
1.108081e-02 3.832151e+04 3.874897e+04 
1.612121e-02 4.065481e+04 4.128833e+04 
2.116162e-02 3.830523e+04 3.855300e+04 
2.620202e-02 3.346649e+04 3.309824e+04 
3.124242e-02 2.783437e+04 2.752942e+04 
3.628283e-02 2.256243e+04 2.301153e+04 
4.132323e-02 1.826427e+04 1.957805e+04 
4.636364e-02 1.509755e+04 1.695219e+04 
5.140404e-02 1.301179e+04 1.488646e+04 
5.644444e-02 1.175792e+04 1.321326e+04 
6.148485e-02 1.106679e+04 1.182507e+04 
6.652525e-02 1.067615e+04 1.065198e+04 
7.156566e-02 1.036338e+04 9.646720e+03 
7.660606e-02 9.954915e+03 8.775998e+03 
8.164646e-02 9.348682e+03 8.015377e+03 
8.668687e-02 8.533930e+03 7.346323e+03 
9.172727e-02 7.577736e+03 6.754386e+03 
9.676768e-02 6.587872e+03 6.228052e+03 
1.018081e-01 5.672542e+03 5.757989e+03 
1.068485e-01 4.911662e+03 5.336523e+03 
1.118889e-01 4.343104e+03 4.957279e+03 
1.169293e-01 3.966239e+03 4.614904e+03 
1.219697e-01 3.753924e+03 4.304876e+03 
1.270101e-01 3.663352e+03 4.023344e+03 
1.320505e-01 3.642701e+03 3.767011e+03 
1.370909e-01 3.638150e+03 3.533040e+03 
1.421313e-01 3.603289e+03 3.318976e+03 
1.471717e-01 3.506856e+03 3.122691e+03 
1.522121e-01 3.336406e+03 2.942327e+03 
1.572525e-01 3.098992e+03 2.776260e+03 
1.622929e-01 2.819345e+03 2.623063e+03 
1.673333e-01 2.532284e+03 2.481482e+03 
1.723737e-01 2.270424e+03 2.350407e+03 
1.774141e-01 2.055027e+03 2.228856e+03 
1.824545e-01 1.894874e+03 2.115957e+03 
1.874949e-01 1.789700e+03 2.010933e+03 
1.925354e-01 1.732889e+03 1.913092e+03 
1.975758e-01 1.712020e+03 1.821814e+03 
2.026162e-01 1.710191e+03 1.736542e+03 
2.076566e-01 1.709514e+03 1.656777e+03 
2.126970e-01 1.695245e+03 1.582070e+03 
2.177374e-01 1.658128e+03 1.512016e+03 
2.227778e-01 1.594962e+03 1.446248e+03 
2.278182e-01 1.508540e+03 1.384433e+03 
2.328586e-01 1.406980e+03 1.326272e+03 
2.378990e-01 1.301373e+03 1.271490e+03 
2.429394e-01 1.202421e+03 1.219840e+03 
2.479798e-01 1.118032e+03 1.171093e+03 
2.530202e-01 1.052509e+03 1.125044e+03 
2.580606e-01 1.006777e+03 1.081503e+03 
2.631010e-01 9.788121e+02 1.040296e+03 
2.681414e-01 9.641866e+02 1.001265e+03 
2.731818e-01 9.570158e+02 9.642634e+02 
2.782222e-01 9.511795e+02 9.291579e+02 
2.832626e-01 9.414210e+02 8.958249e+02 
2.883030e-01 9.240471e+02 8.641506e+02 
2.933434e-01 8.973468e+02 8.340301e+02 
2.983838e-01 8.618294e+02 8.053665e+02 
3.034242e-01 8.200026e+02 7.780703e+02 
3.084646e-01 7.756314e+02 7.520583e+02 
3.135051e-01 7.326460e+02 7.272539e+02 
3.185455e-01 6.941543e+02 7.035855e+02 
3.235859e-01 6.621532e+02 6.809871e+02 
3.286263e-01 6.374489e+02 6.593969e+02 
3.336667e-01 6.197411e+02 6.387578e+02 
3.387071e-01 6.077371e+02 6.190164e+02 
3.437475e-01 5.993989e+02 6.001229e+02 
3.487879e-01 5.924105e+02 5.820309e+02 
3.538283e-01 5.846735e+02 5.646971e+02 
3.588687e-01 5.746512e+02 5.480810e+02 
3.639091e-01 5.615074e+02 5.321447e+02 
3.689495e-01 5.451167e+02 5.168528e+02 
3.739899e-01 5.260829e+02 5.021720e+02 
3.790303e-01 5.055629e+02 4.880711e+02 
3.840707e-01 4.849694e+02 4.745210e+02 
3.891111e-01 4.656159e+02 4.614942e+02 
3.941515e-01 4.484411e+02 4.489649e+02 
3.991919e-01 4.339640e+02 4.369089e+02 
4.042323e-01 4.222988e+02 4.253033e+02 
4.092727e-01 4.131271e+02 4.141266e+02 
4.143131e-01 4.057948e+02 4.033587e+02 
4.193535e-01 3.994701e+02 3.929804e+02 
4.243939e-01 3.933431e+02 3.829738e+02 
4.294343e-01 3.867467e+02 3.733217e+02 
4.344747e-01 3.792127e+02 3.640083e+02 
4.395152e-01 3.705278e+02 3.550183e+02 
4.445556e-01 3.607743e+02 3.463373e+02 
4.495960e-01 3.502984e+02 3.379518e+02 
4.546364e-01 3.395859e+02 3.298489e+02 
4.596768e-01 3.291247e+02 3.220165e+02 
4.647172e-01 3.193249e+02 3.144430e+02 
4.697576e-01 3.104888e+02 3.071175e+02 
4.747980e-01 3.027730e+02 3.000296e+02 
4.798384e-01 2.961573e+02 2.931695e+02 
4.848788e-01 2.904516e+02 2.865277e+02 
4.899192e-01 2.853643e+02 2.800954e+02 
4.949596e-01 2.805938e+02 2.738642e+02 
5.000000e-01 2.758614e+02 2.678261e+02 
