1.000000e-03 4.120122e+03 4.120119e+03 
6.040404e-03 1.814937e+04 1.829045e+04 
1.108081e-02 2.462712e+04 2.480386e+04 
1.612121e-02 2.650099e+04 2.667086e+04 
2.116162e-02 2.558685e+04 2.553857e+04 
2.620202e-02 2.319059e+04 2.301197e+04 
3.124242e-02 2.027798e+04 2.036000e+04 
3.628283e-02 1.748845e+04 1.805802e+04 
4.132323e-02 1.516260e+04 1.613671e+04 
4.636364e-02 1.339084e+04 1.452134e+04 
5.140404e-02 1.215663e+04 1.314163e+04 
5.644444e-02 1.131076e+04 1.194700e+04 
6.148485e-02 1.069576e+04 1.090204e+04 
6.652525e-02 1.016651e+04 9.981134e+03 
7.156566e-02 9.607075e+03 9.164882e+03 
7.660606e-02 8.956578e+03 8.438051e+03 
8.164646e-02 8.212878e+03 7.788313e+03 
8.668687e-02 7.420841e+03 7.205491e+03 
9.172727e-02 6.642961e+03 6.681057e+03 
9.676768e-02 5.938170e+03 6.207798e+03 
1.018081e-01 5.350547e+03 5.779560e+03 
1.068485e-01 4.900890e+03 5.391066e+03 
1.118889e-01 4.582521e+03 5.037770e+03 
1.169293e-01 4.366713e+03 4.715733e+03 
1.219697e-01 4.215372e+03 4.421537e+03 
1.270101e-01 4.090115e+03 4.152203e+03 
1.320505e-01 3.958119e+03 3.905127e+03 
1.370909e-01 3.796588e+03 3.678024e+03 
1.421313e-01 3.597143e+03 3.468888e+03 
1.471717e-01 3.366031e+03 3.275949e+03 
1.522121e-01 3.119005e+03 3.097644e+03 
1.572525e-01 2.875407e+03 2.932588e+03 
1.622929e-01 2.653601e+03 2.779551e+03 
1.673333e-01 2.467164e+03 2.637438e+03 
1.723737e-01 2.321977e+03 2.505274e+03 
1.774141e-01 2.215355e+03 2.382185e+03 
1.824545e-01 2.138637e+03 2.267391e+03 
1.874949e-01 2.080929e+03 2.160189e+03 
1.925354e-01 2.030741e+03 2.059949e+03 
1.975758e-01 1.977732e+03 1.966102e+03 
2.026162e-01 1.914294e+03 1.878135e+03 
2.076566e-01 1.837415e+03 1.795585e+03 
2.126970e-01 1.749083e+03 1.718032e+03 
2.177374e-01 1.654444e+03 1.645093e+03 
2.227778e-01 1.559931e+03 1.576423e+03 
2.278182e-01 1.471586e+03 1.511707e+03 
2.328586e-01 1.393958e+03 1.450656e+03 
2.378990e-01 1.329433e+03 1.393009e+03 
2.429394e-01 1.277997e+03 1.338526e+03 
2.479798e-01 1.237698e+03 1.286987e+03 
2.530202e-01 1.205261e+03 1.238192e+03 
2.580606e-01 1.176678e+03 1.191954e+03 
2.631010e-01 1.148109e+03 1.148105e+03 
2.681414e-01 1.116727e+03 1.106487e+03 
2.731818e-01 1.081353e+03 1.066958e+03 
2.782222e-01 1.042271e+03 1.029384e+03 
2.832626e-01 1.000696e+03 9.936432e+02 
2.883030e-01 9.584739e+02 9.596212e+02 
2.933434e-01 9.176375e+02 9.272135e+02 
2.983838e-01 8.800638e+02 8.963229e+02 
3.034242e-01 8.469419e+02 8.668591e+02 
3.084646e-01 8.185515e+02 8.387386e+02 
3.135051e-01 7.944325e+02 8.118834e+02 
3.185455e-01 7.736325e+02 7.862212e+02 
3.235859e-01 7.549560e+02 7.616847e+02 
3.286263e-01 7.371428e+02 7.382110e+02 
3.336667e-01 7.190719e+02 7.157416e+02 
3.387071e-01 7.000613e+02 6.942219e+02 
3.437475e-01 6.799233e+02 6.736007e+02 
3.487879e-01 6.589302e+02 6.538303e+02 
3.538283e-01 6.376270e+02 6.348661e+02 
3.588687e-01 6.166489e+02 6.166661e+02 
3.639091e-01 5.966392e+02 5.991912e+02 
3.689495e-01 5.780869e+02 5.824045e+02 
3.739899e-01 5.612391e+02 5.662716e+02 
3.790303e-01 5.460914e+02 5.507599e+02 
3.840707e-01 5.324116e+02 5.358390e+02 
3.891111e-01 5.198452e+02 5.214802e+02 
3.941515e-01 5.079874e+02 5.076565e+02 
3.991919e-01 4.964305e+02 4.943425e+02 
4.042323e-01 4.848516e+02 4.815142e+02 
4.092727e-01 4.730759e+02 4.691490e+02 
4.143131e-01 4.611042e+02 4.572256e+02 
4.193535e-01 4.490752e+02 4.457238e+02 
4.243939e-01 4.371668e+02 4.346247e+02 
4.294343e-01 4.255646e+02 4.239101e+02 
4.344747e-01 4.144515e+02 4.135632e+02 
4.395152e-01 4.039675e+02 4.035678e+02 
4.445556e-01 3.941891e+02 3.939086e+02 
4.495960e-01 3.850759e+02 3.845712e+02 
4.546364e-01 3.765139e+02 3.755420e+02 
4.596768e-01 3.683768e+02 3.668079e+02 
4.647172e-01 3.605451e+02 3.583567e+02 
4.697576e-01 3.529044e+02 3.501765e+02 
4.747980e-01 3.453473e+02 3.422564e+02 
4.798384e-01 3.378128e+02 3.345856e+02 
4.848788e-01 3.303142e+02 3.271543e+02 
4.899192e-01 3.229061e+02 3.199529e+02 
4.949596e-01 3.156529e+02 3.129722e+02 
5.000000e-01 3.086038e+02 3.062036e+02 
