1.000000e-03 3.268887e+03 3.268885e+03 
6.040404e-03 1.445513e+04 1.456411e+04 
1.108081e-02 1.980063e+04 1.990856e+04 
1.612121e-02 2.157756e+04 2.164051e+04 
2.116162e-02 2.118362e+04 2.109224e+04 
2.620202e-02 1.960910e+04 1.947681e+04 
3.124242e-02 1.757796e+04 1.767779e+04 
3.628283e-02 1.557053e+04 1.602842e+04 
4.132323e-02 1.384869e+04 1.457794e+04 
4.636364e-02 1.249262e+04 1.330341e+04 
5.140404e-02 1.149125e+04 1.217620e+04 
5.644444e-02 1.074799e+04 1.117341e+04 
6.148485e-02 1.014300e+04 1.027742e+04 
6.652525e-02 9.588273e+03 9.474239e+03 
7.156566e-02 9.005012e+03 8.752322e+03 
7.660606e-02 8.360025e+03 8.101912e+03 
8.164646e-02 7.666946e+03 7.514626e+03 
8.668687e-02 6.970124e+03 6.983200e+03 
9.172727e-02 6.316076e+03 6.501310e+03 
9.676768e-02 5.739880e+03 6.063434e+03 
1.018081e-01 5.264003e+03 5.664741e+03 
1.068485e-01 4.896015e+03 5.300997e+03 
1.118889e-01 4.624100e+03 4.968490e+03 
1.169293e-01 4.420341e+03 4.663952e+03 
1.219697e-01 4.251117e+03 4.384511e+03 
1.270101e-01 4.087798e+03 4.127631e+03 
1.320505e-01 3.911534e+03 3.891075e+03 
1.370909e-01 3.713620e+03 3.672861e+03 
1.421313e-01 3.495364e+03 3.471232e+03 
1.471717e-01 3.266219e+03 3.284629e+03 
1.522121e-01 3.040019e+03 3.111662e+03 
1.572525e-01 2.830500e+03 2.951095e+03 
1.622929e-01 2.648305e+03 2.801821e+03 
1.673333e-01 2.498814e+03 2.662851e+03 
1.723737e-01 2.380905e+03 2.533296e+03 
1.774141e-01 2.288268e+03 2.412361e+03 
1.824545e-01 2.212084e+03 2.299328e+03 
1.874949e-01 2.143473e+03 2.193551e+03 
1.925354e-01 2.074806e+03 2.094446e+03 
1.975758e-01 2.000450e+03 2.001485e+03 
2.026162e-01 1.918032e+03 1.914189e+03 
2.076566e-01 1.829041e+03 1.832126e+03 
2.126970e-01 1.737530e+03 1.754900e+03 
2.177374e-01 1.648266e+03 1.682153e+03 
2.227778e-01 1.565132e+03 1.613557e+03 
2.278182e-01 1.491030e+03 1.548815e+03 
2.328586e-01 1.427449e+03 1.487653e+03 
2.378990e-01 1.374143e+03 1.429821e+03 
2.429394e-01 1.329148e+03 1.375091e+03 
2.479798e-01 1.289650e+03 1.323253e+03 
2.530202e-01 1.252863e+03 1.274112e+03 
2.580606e-01 1.216421e+03 1.227493e+03 
2.631010e-01 1.178615e+03 1.183231e+03 
2.681414e-01 1.138674e+03 1.141175e+03 
2.731818e-01 1.096956e+03 1.101187e+03 
2.782222e-01 1.054737e+03 1.063137e+03 
2.832626e-01 1.013564e+03 1.026906e+03 
2.883030e-01 9.746903e+02 9.923850e+02 
2.933434e-01 9.389162e+02 9.594707e+02 
2.983838e-01 9.067045e+02 9.280685e+02 
3.034242e-01 8.780680e+02 8.980903e+02 
3.084646e-01 8.525427e+02 8.694541e+02 
3.135051e-01 8.292575e+02 8.420837e+02 
3.185455e-01 8.072122e+02 8.159080e+02 
3.235859e-01 7.856070e+02 7.908607e+02 
3.286263e-01 7.639595e+02 7.668801e+02 
3.336667e-01 7.420629e+02 7.439084e+02 
3.387071e-01 7.199446e+02 7.218916e+02 
3.437475e-01 6.978461e+02 7.007794e+02 
3.487879e-01 6.761709e+02 6.805243e+02 
3.538283e-01 6.553750e+02 6.610822e+02 
3.588687e-01 6.358279e+02 6.424115e+02 
3.639091e-01 6.176616e+02 6.244733e+02 
3.689495e-01 6.008233e+02 6.072310e+02 
3.739899e-01 5.851557e+02 5.906501e+02 
3.790303e-01 5.704444e+02 5.746985e+02 
3.840707e-01 5.564491e+02 5.593456e+02 
3.891111e-01 5.429076e+02 5.445629e+02 
3.941515e-01 5.295902e+02 5.303233e+02 
3.991919e-01 5.163749e+02 5.166015e+02 
4.042323e-01 5.032671e+02 5.033733e+02 
4.092727e-01 4.903499e+02 4.906163e+02 
4.143131e-01 4.777241e+02 4.783089e+02 
4.193535e-01 4.654960e+02 4.664311e+02 
4.243939e-01 4.537607e+02 4.549635e+02 
4.294343e-01 4.425823e+02 4.438883e+02 
4.344747e-01 4.319775e+02 4.331882e+02 
4.395152e-01 4.219127e+02 4.228470e+02 
4.445556e-01 4.123084e+02 4.128494e+02 
4.495960e-01 4.030787e+02 4.031808e+02 
4.546364e-01 3.941405e+02 3.938274e+02 
4.596768e-01 3.854352e+02 3.847760e+02 
4.647172e-01 3.769160e+02 3.760142e+02 
4.697576e-01 3.685536e+02 3.675302e+02 
4.747980e-01 3.603501e+02 3.593128e+02 
4.798384e-01 3.523285e+02 3.513511e+02 
4.848788e-01 3.445340e+02 3.436351e+02 
4.899192e-01 3.369903e+02 3.361551e+02 
4.949596e-01 3.297130e+02 3.289018e+02 
5.000000e-01 3.226915e+02 3.218665e+02 
