1.000000e-03 2.093515e+03 2.093513e+03 
6.040404e-03 9.461116e+03 9.529611e+03 
1.108081e-02 1.318365e+04 1.319716e+04 
1.612121e-02 1.472426e+04 1.463692e+04 
2.116162e-02 1.496685e+04 1.479971e+04 
2.620202e-02 1.448535e+04 1.434312e+04 
3.124242e-02 1.366319e+04 1.363882e+04 
3.628283e-02 1.274268e+04 1.284881e+04 
4.132323e-02 1.185627e+04 1.204334e+04 
4.636364e-02 1.104406e+04 1.125658e+04 
5.140404e-02 1.033753e+04 1.050604e+04 
5.644444e-02 9.685064e+03 9.800246e+03 
6.148485e-02 9.063141e+03 9.142498e+03 
6.652525e-02 8.471739e+03 8.533010e+03 
7.156566e-02 7.895730e+03 7.970234e+03 
7.660606e-02 7.336332e+03 7.451662e+03 
8.164646e-02 6.810190e+03 6.974324e+03 
8.668687e-02 6.336089e+03 6.535092e+03 
9.172727e-02 5.919440e+03 6.130861e+03 
9.676768e-02 5.553980e+03 5.758651e+03 
1.018081e-01 5.231935e+03 5.415664e+03 
1.068485e-01 4.946525e+03 5.099308e+03 
1.118889e-01 4.687766e+03 4.807205e+03 
1.169293e-01 4.443501e+03 4.537187e+03 
1.219697e-01 4.205723e+03 4.287283e+03 
1.270101e-01 3.973265e+03 4.055712e+03 
1.320505e-01 3.750089e+03 3.840859e+03 
1.370909e-01 3.541001e+03 3.641269e+03 
1.421313e-01 3.349094e+03 3.455626e+03 
1.471717e-01 3.174948e+03 3.282742e+03 
1.522121e-01 3.017383e+03 3.121545e+03 
1.572525e-01 2.874668e+03 2.971065e+03 
1.622929e-01 2.745105e+03 2.830425e+03 
1.673333e-01 2.625901e+03 2.698829e+03 
1.723737e-01 2.513453e+03 2.575560e+03 
1.774141e-01 2.405034e+03 2.459963e+03 
1.824545e-01 2.299982e+03 2.351444e+03 
1.874949e-01 2.199285e+03 2.249466e+03 
1.925354e-01 2.103703e+03 2.153536e+03 
1.975758e-01 2.013364e+03 2.063206e+03 
2.026162e-01 1.928473e+03 1.978069e+03 
2.076566e-01 1.849530e+03 1.897750e+03 
2.126970e-01 1.776615e+03 1.821907e+03 
2.177374e-01 1.708874e+03 1.750229e+03 
2.227778e-01 1.645182e+03 1.682428e+03 
2.278182e-01 1.584685e+03 1.618240e+03 
2.328586e-01 1.526935e+03 1.557424e+03 
2.378990e-01 1.471701e+03 1.499756e+03 
2.429394e-01 1.418813e+03 1.445031e+03 
2.479798e-01 1.368140e+03 1.393061e+03 
2.530202e-01 1.319703e+03 1.343669e+03 
2.580606e-01 1.273621e+03 1.296695e+03 
2.631010e-01 1.229912e+03 1.251990e+03 
2.681414e-01 1.188551e+03 1.209414e+03 
2.731818e-01 1.149409e+03 1.168840e+03 
2.782222e-01 1.112239e+03 1.130149e+03 
2.832626e-01 1.076779e+03 1.093229e+03 
2.883030e-01 1.042870e+03 1.057980e+03 
2.933434e-01 1.010401e+03 1.024303e+03 
2.983838e-01 9.792596e+02 9.921122e+02 
3.034242e-01 9.493449e+02 9.613227e+02 
3.084646e-01 9.206012e+02 9.318576e+02 
3.135051e-01 8.930355e+02 9.036446e+02 
3.185455e-01 8.666602e+02 8.766164e+02 
3.235859e-01 8.414246e+02 8.507096e+02 
3.286263e-01 8.172384e+02 8.258652e+02 
3.336667e-01 7.940299e+02 8.020280e+02 
3.387071e-01 7.717707e+02 7.791460e+02 
3.437475e-01 7.504126e+02 7.571705e+02 
3.487879e-01 7.298864e+02 7.360560e+02 
3.538283e-01 7.101176e+02 7.157595e+02 
3.588687e-01 6.910539e+02 6.962408e+02 
3.639091e-01 6.726880e+02 6.774619e+02 
3.689495e-01 6.550096e+02 6.593871e+02 
3.739899e-01 6.379821e+02 6.419828e+02 
3.790303e-01 6.215631e+02 6.252174e+02 
3.840707e-01 6.057280e+02 6.090610e+02 
3.891111e-01 5.904678e+02 5.934855e+02 
3.941515e-01 5.757659e+02 5.784641e+02 
3.991919e-01 5.615836e+02 5.639719e+02 
4.042323e-01 5.478766e+02 5.499850e+02 
4.092727e-01 5.346196e+02 5.364810e+02 
4.143131e-01 5.218135e+02 5.234386e+02 
4.193535e-01 5.094465e+02 5.108377e+02 
4.243939e-01 4.974890e+02 4.986592e+02 
4.294343e-01 4.859123e+02 4.868852e+02 
4.344747e-01 4.747032e+02 4.754984e+02 
4.395152e-01 4.638561e+02 4.644826e+02 
4.445556e-01 4.533694e+02 4.538223e+02 
4.495960e-01 4.432180e+02 4.435030e+02 
4.546364e-01 4.333769e+02 4.335106e+02 
4.596768e-01 4.238405e+02 4.238321e+02 
4.647172e-01 4.145952e+02 4.144547e+02 
4.697576e-01 4.056337e+02 4.053666e+02 
4.747980e-01 3.969466e+02 3.965562e+02 
4.798384e-01 3.885170e+02 3.880129e+02 
4.848788e-01 3.803287e+02 3.797262e+02 
4.899192e-01 3.723838e+02 3.716862e+02 
4.949596e-01 3.646748e+02 3.638837e+02 
5.000000e-01 3.571913e+02 3.563096e+02 
