1.000000e-03 3.188814e+03 3.188811e+03 
6.040404e-03 1.413776e+04 1.424180e+04 
1.108081e-02 1.921004e+04 1.927877e+04 
1.612121e-02 2.081851e+04 2.079687e+04 
2.116162e-02 2.040854e+04 2.025482e+04 
2.620202e-02 1.895161e+04 1.883453e+04 
3.124242e-02 1.711982e+04 1.726115e+04 
3.628283e-02 1.533525e+04 1.578174e+04 
4.132323e-02 1.380954e+04 1.444092e+04 
4.636364e-02 1.259832e+04 1.323370e+04 
5.140404e-02 1.166249e+04 1.214743e+04 
5.644444e-02 1.091629e+04 1.116967e+04 
6.148485e-02 1.025389e+04 1.028909e+04 
6.652525e-02 9.604711e+03 9.495410e+03 
7.156566e-02 8.926965e+03 8.779308e+03 
7.660606e-02 8.218514e+03 8.132369e+03 
8.164646e-02 7.509245e+03 7.547040e+03 
8.668687e-02 6.840877e+03 7.016582e+03 
9.172727e-02 6.246620e+03 6.535008e+03 
9.676768e-02 5.746092e+03 6.097017e+03 
1.018081e-01 5.345150e+03 5.697924e+03 
1.068485e-01 5.033710e+03 5.333595e+03 
1.118889e-01 4.785931e+03 5.000381e+03 
1.169293e-01 4.570824e+03 4.695065e+03 
1.219697e-01 4.362910e+03 4.414803e+03 
1.270101e-01 4.146989e+03 4.157084e+03 
1.320505e-01 3.917435e+03 3.919685e+03 
1.370909e-01 3.677936e+03 3.700633e+03 
1.421313e-01 3.438994e+03 3.498181e+03 
1.471717e-01 3.212736e+03 3.310774e+03 
1.522121e-01 3.008548e+03 3.137024e+03 
1.572525e-01 2.831887e+03 2.975698e+03 
1.622929e-01 2.684607e+03 2.825690e+03 
1.673333e-01 2.563961e+03 2.686011e+03 
1.723737e-01 2.462431e+03 2.555774e+03 
1.774141e-01 2.371014e+03 2.434181e+03 
1.824545e-01 2.282480e+03 2.320514e+03 
1.874949e-01 2.192554e+03 2.214128e+03 
1.925354e-01 2.099339e+03 2.114436e+03 
1.975758e-01 2.003032e+03 2.020911e+03 
2.026162e-01 1.906105e+03 1.933073e+03 
2.076566e-01 1.812431e+03 1.850488e+03 
2.126970e-01 1.725561e+03 1.772761e+03 
2.177374e-01 1.647410e+03 1.699531e+03 
2.227778e-01 1.578451e+03 1.630471e+03 
2.278182e-01 1.517967e+03 1.565281e+03 
2.328586e-01 1.464267e+03 1.503689e+03 
2.378990e-01 1.415209e+03 1.445443e+03 
2.429394e-01 1.368713e+03 1.390313e+03 
2.479798e-01 1.323108e+03 1.338089e+03 
2.530202e-01 1.277359e+03 1.288578e+03 
2.580606e-01 1.231158e+03 1.241601e+03 
2.631010e-01 1.185083e+03 1.196993e+03 
2.681414e-01 1.140188e+03 1.154604e+03 
2.731818e-01 1.097487e+03 1.114294e+03 
2.782222e-01 1.057568e+03 1.075934e+03 
2.832626e-01 1.020688e+03 1.039403e+03 
2.883030e-01 9.868537e+02 1.004592e+03 
2.933434e-01 9.557755e+02 9.713974e+02 
2.983838e-01 9.268864e+02 9.397242e+02 
3.034242e-01 8.994758e+02 9.094838e+02 
3.084646e-01 8.729708e+02 8.805939e+02 
3.135051e-01 8.470543e+02 8.529780e+02 
3.185455e-01 8.215644e+02 8.265645e+02 
3.235859e-01 7.964987e+02 8.012869e+02 
3.286263e-01 7.719976e+02 7.770832e+02 
3.336667e-01 7.483137e+02 7.538953e+02 
3.387071e-01 7.256912e+02 7.316690e+02 
3.437475e-01 7.042617e+02 7.103535e+02 
3.487879e-01 6.840462e+02 6.899013e+02 
3.538283e-01 6.649708e+02 6.702679e+02 
3.588687e-01 6.469141e+02 6.514116e+02 
3.639091e-01 6.296894e+02 6.332931e+02 
3.689495e-01 6.131146e+02 6.158757e+02 
3.739899e-01 5.970527e+02 5.991249e+02 
3.790303e-01 5.814284e+02 5.830081e+02 
3.840707e-01 5.662106e+02 5.674947e+02 
3.891111e-01 5.513999e+02 5.525559e+02 
3.941515e-01 5.370208e+02 5.381646e+02 
3.991919e-01 5.231126e+02 5.242952e+02 
4.042323e-01 5.097426e+02 5.109235e+02 
4.092727e-01 4.969351e+02 4.980268e+02 
4.143131e-01 4.846686e+02 4.855835e+02 
4.193535e-01 4.728884e+02 4.735733e+02 
4.243939e-01 4.615564e+02 4.619769e+02 
4.294343e-01 4.506426e+02 4.507761e+02 
4.344747e-01 4.400968e+02 4.399538e+02 
4.395152e-01 4.298628e+02 4.294935e+02 
4.445556e-01 4.199061e+02 4.193798e+02 
4.495960e-01 4.102233e+02 4.095980e+02 
4.546364e-01 4.008367e+02 4.001342e+02 
4.596768e-01 3.917377e+02 3.909753e+02 
4.647172e-01 3.829063e+02 3.821086e+02 
4.697576e-01 3.743530e+02 3.735222e+02 
4.747980e-01 3.660882e+02 3.652048e+02 
4.798384e-01 3.581113e+02 3.571457e+02 
4.848788e-01 3.504018e+02 3.493346e+02 
4.899192e-01 3.429230e+02 3.417616e+02 
4.949596e-01 3.356641e+02 3.344177e+02 
5.000000e-01 3.286232e+02 3.272938e+02 
