1.000000e-03 2.831761e+03 2.831759e+03 
6.040404e-03 1.274584e+04 1.283792e+04 
1.108081e-02 1.745086e+04 1.750036e+04 
1.612121e-02 1.904586e+04 1.899966e+04 
2.116162e-02 1.881628e+04 1.865694e+04 
2.620202e-02 1.762886e+04 1.751674e+04 
3.124242e-02 1.608003e+04 1.619875e+04 
3.628283e-02 1.454368e+04 1.492054e+04 
4.132323e-02 1.320921e+04 1.373386e+04 
4.636364e-02 1.211730e+04 1.264615e+04 
5.140404e-02 1.126807e+04 1.165442e+04 
5.644444e-02 1.055238e+04 1.075281e+04 
6.148485e-02 9.902287e+03 9.934467e+03 
6.652525e-02 9.261138e+03 9.192241e+03 
7.156566e-02 8.598339e+03 8.519066e+03 
7.660606e-02 7.918773e+03 7.908209e+03 
8.164646e-02 7.253624e+03 7.353399e+03 
8.668687e-02 6.639143e+03 6.848893e+03 
9.172727e-02 6.099371e+03 6.389493e+03 
9.676768e-02 5.645544e+03 5.970527e+03 
1.018081e-01 5.278592e+03 5.587820e+03 
1.068485e-01 4.986211e+03 5.237653e+03 
1.118889e-01 4.743150e+03 4.916719e+03 
1.169293e-01 4.521633e+03 4.622081e+03 
1.219697e-01 4.301957e+03 4.351130e+03 
1.270101e-01 4.075110e+03 4.101551e+03 
1.320505e-01 3.840545e+03 3.871282e+03 
1.370909e-01 3.604014e+03 3.658493e+03 
1.421313e-01 3.375313e+03 3.461550e+03 
1.471717e-01 3.164207e+03 3.278999e+03 
1.522121e-01 2.976849e+03 3.109538e+03 
1.572525e-01 2.815911e+03 2.952004e+03 
1.622929e-01 2.680459e+03 2.805355e+03 
1.673333e-01 2.565767e+03 2.668654e+03 
1.723737e-01 2.464445e+03 2.541061e+03 
1.774141e-01 2.369103e+03 2.421819e+03 
1.824545e-01 2.274734e+03 2.310244e+03 
1.874949e-01 2.179071e+03 2.205719e+03 
1.925354e-01 2.081820e+03 2.107687e+03 
1.975758e-01 1.984459e+03 2.015641e+03 
2.026162e-01 1.889818e+03 1.929124e+03 
2.076566e-01 1.800954e+03 1.847716e+03 
2.126970e-01 1.719965e+03 1.771040e+03 
2.177374e-01 1.647407e+03 1.698748e+03 
2.227778e-01 1.582813e+03 1.630525e+03 
2.278182e-01 1.524925e+03 1.566083e+03 
2.328586e-01 1.471828e+03 1.505157e+03 
2.378990e-01 1.421614e+03 1.447505e+03 
2.429394e-01 1.372919e+03 1.392904e+03 
2.479798e-01 1.324918e+03 1.341152e+03 
2.530202e-01 1.277288e+03 1.292059e+03 
2.580606e-01 1.230168e+03 1.245453e+03 
2.631010e-01 1.184277e+03 1.201175e+03 
2.681414e-01 1.140568e+03 1.159076e+03 
2.731818e-01 1.099666e+03 1.119023e+03 
2.782222e-01 1.061690e+03 1.080887e+03 
2.832626e-01 1.026454e+03 1.044554e+03 
2.883030e-01 9.936618e+02 1.009915e+03 
2.933434e-01 9.630007e+02 9.768691e+02 
2.983838e-01 9.339296e+02 9.453243e+02 
3.034242e-01 9.058806e+02 9.151935e+02 
3.084646e-01 8.785300e+02 8.863965e+02 
3.135051e-01 8.518134e+02 8.588580e+02 
3.185455e-01 8.258109e+02 8.325083e+02 
3.235859e-01 8.006094e+02 8.072820e+02 
3.286263e-01 7.762942e+02 7.831183e+02 
3.336667e-01 7.530307e+02 7.599602e+02 
3.387071e-01 7.309491e+02 7.377544e+02 
3.437475e-01 7.100655e+02 7.164512e+02 
3.487879e-01 6.902696e+02 6.960038e+02 
3.538283e-01 6.713909e+02 6.763684e+02 
3.588687e-01 6.532991e+02 6.575039e+02 
3.639091e-01 6.358911e+02 6.393719e+02 
3.689495e-01 6.190585e+02 6.219360e+02 
3.739899e-01 6.027182e+02 6.051622e+02 
3.790303e-01 5.868427e+02 5.890184e+02 
3.840707e-01 5.714562e+02 5.734745e+02 
3.891111e-01 5.566029e+02 5.585020e+02 
3.941515e-01 5.422812e+02 5.440742e+02 
3.991919e-01 5.284885e+02 5.301657e+02 
4.042323e-01 5.152384e+02 5.167527e+02 
4.092727e-01 5.025250e+02 5.038127e+02 
4.143131e-01 4.903118e+02 4.913243e+02 
4.193535e-01 4.785384e+02 4.792675e+02 
4.243939e-01 4.671466e+02 4.676233e+02 
4.294343e-01 4.561266e+02 4.563735e+02 
4.344747e-01 4.454555e+02 4.455011e+02 
4.395152e-01 4.351038e+02 4.349900e+02 
4.445556e-01 4.250556e+02 4.248247e+02 
4.495960e-01 4.153061e+02 4.149909e+02 
4.546364e-01 4.058676e+02 4.054746e+02 
4.596768e-01 3.967457e+02 3.962627e+02 
4.647172e-01 3.879191e+02 3.873428e+02 
4.697576e-01 3.793682e+02 3.787031e+02 
4.747980e-01 3.710904e+02 3.703323e+02 
4.798384e-01 3.630797e+02 3.622197e+02 
4.848788e-01 3.553246e+02 3.543551e+02 
4.899192e-01 3.477962e+02 3.467288e+02 
4.949596e-01 3.404760e+02 3.393317e+02 
5.000000e-01 3.333640e+02 3.321548e+02 
