1.000000e-03 2.489166e+03 2.489164e+03 
6.040404e-03 1.099680e+04 1.107607e+04 
1.108081e-02 1.496205e+04 1.495406e+04 
1.612121e-02 1.640880e+04 1.626339e+04 
2.116162e-02 1.646521e+04 1.623556e+04 
2.620202e-02 1.580014e+04 1.560458e+04 
3.124242e-02 1.482374e+04 1.473612e+04 
3.628283e-02 1.377199e+04 1.379073e+04 
4.132323e-02 1.276141e+04 1.284326e+04 
4.636364e-02 1.182449e+04 1.193078e+04 
5.140404e-02 1.098391e+04 1.107125e+04 
5.644444e-02 1.019186e+04 1.027213e+04 
6.148485e-02 9.453209e+03 9.534987e+03 
6.652525e-02 8.758985e+03 8.858208e+03 
7.156566e-02 8.109229e+03 8.238486e+03 
7.660606e-02 7.513072e+03 7.671741e+03 
8.164646e-02 6.979265e+03 7.153639e+03 
8.668687e-02 6.505846e+03 6.679891e+03 
9.172727e-02 6.083304e+03 6.246410e+03 
9.676768e-02 5.704149e+03 5.849391e+03 
1.018081e-01 5.362671e+03 5.485346e+03 
1.068485e-01 5.049466e+03 5.151104e+03 
1.118889e-01 4.754524e+03 4.843804e+03 
1.169293e-01 4.474083e+03 4.560869e+03 
1.219697e-01 4.210433e+03 4.299991e+03 
1.270101e-01 3.965991e+03 4.059098e+03 
1.320505e-01 3.741857e+03 3.836334e+03 
1.370909e-01 3.537740e+03 3.630041e+03 
1.421313e-01 3.352007e+03 3.438727e+03 
1.471717e-01 3.181980e+03 3.261060e+03 
1.522121e-01 3.024988e+03 3.095840e+03 
1.572525e-01 2.878932e+03 2.941992e+03 
1.622929e-01 2.742109e+03 2.798546e+03 
1.673333e-01 2.612954e+03 2.664631e+03 
1.723737e-01 2.490618e+03 2.539461e+03 
1.774141e-01 2.375401e+03 2.422323e+03 
1.824545e-01 2.267472e+03 2.312576e+03 
1.874949e-01 2.166589e+03 2.209637e+03 
1.925354e-01 2.072306e+03 2.112979e+03 
1.975758e-01 1.984378e+03 2.022121e+03 
2.026162e-01 1.902113e+03 1.936629e+03 
2.076566e-01 1.824700e+03 1.856103e+03 
2.126970e-01 1.751555e+03 1.780182e+03 
2.177374e-01 1.682328e+03 1.708535e+03 
2.227778e-01 1.616685e+03 1.640860e+03 
2.278182e-01 1.554360e+03 1.576878e+03 
2.328586e-01 1.495276e+03 1.516337e+03 
2.378990e-01 1.439418e+03 1.459003e+03 
2.429394e-01 1.386596e+03 1.404661e+03 
2.479798e-01 1.336458e+03 1.353115e+03 
2.530202e-01 1.288812e+03 1.304183e+03 
2.580606e-01 1.243616e+03 1.257698e+03 
2.631010e-01 1.200759e+03 1.213504e+03 
2.681414e-01 1.159933e+03 1.171458e+03 
2.731818e-01 1.120927e+03 1.131430e+03 
2.782222e-01 1.083677e+03 1.093295e+03 
2.832626e-01 1.048185e+03 1.056942e+03 
2.883030e-01 1.014358e+03 1.022263e+03 
2.933434e-01 9.820308e+02 9.891616e+02 
2.983838e-01 9.510914e+02 9.575466e+02 
3.034242e-01 9.215268e+02 9.273333e+02 
3.084646e-01 8.933015e+02 8.984428e+02 
3.135051e-01 8.662882e+02 8.708016e+02 
3.185455e-01 8.403636e+02 8.443409e+02 
3.235859e-01 8.155060e+02 8.189969e+02 
3.286263e-01 7.916929e+02 7.947096e+02 
3.336667e-01 7.688666e+02 7.714229e+02 
3.387071e-01 7.469454e+02 7.490846e+02 
3.437475e-01 7.258674e+02 7.276453e+02 
3.487879e-01 7.056169e+02 7.070592e+02 
3.538283e-01 6.861762e+02 6.872829e+02 
3.588687e-01 6.674926e+02 6.682760e+02 
3.639091e-01 6.494971e+02 6.500003e+02 
3.689495e-01 6.321667e+02 6.324200e+02 
3.739899e-01 6.154976e+02 6.155014e+02 
3.790303e-01 5.994513e+02 5.992127e+02 
3.840707e-01 5.839804e+02 5.835241e+02 
3.891111e-01 5.690521e+02 5.684074e+02 
3.941515e-01 5.546539e+02 5.538360e+02 
3.991919e-01 5.407790e+02 5.397849e+02 
4.042323e-01 5.273952e+02 5.262303e+02 
4.092727e-01 5.144633e+02 5.131498e+02 
4.143131e-01 5.019621e+02 5.005223e+02 
4.193535e-01 4.898942e+02 4.883278e+02 
4.243939e-01 4.782433e+02 4.765473e+02 
4.294343e-01 4.669754e+02 4.651629e+02 
4.344747e-01 4.560669e+02 4.541576e+02 
4.395152e-01 4.455143e+02 4.435153e+02 
4.445556e-01 4.353115e+02 4.332206e+02 
4.495960e-01 4.254385e+02 4.232591e+02 
4.546364e-01 4.158713e+02 4.136170e+02 
4.596768e-01 4.065999e+02 4.042812e+02 
4.647172e-01 3.976212e+02 3.952392e+02 
4.697576e-01 3.889258e+02 3.864794e+02 
4.747980e-01 3.804946e+02 3.779903e+02 
4.798384e-01 3.723121e+02 3.697613e+02 
4.848788e-01 3.643722e+02 3.617823e+02 
4.899192e-01 3.566753e+02 3.540435e+02 
4.949596e-01 3.492087e+02 3.465356e+02 
5.000000e-01 3.419547e+02 3.392499e+02 
