1.000000e-03 3.860367e+03 3.860363e+03 
6.040404e-03 1.715450e+04 1.728766e+04 
1.108081e-02 2.337523e+04 2.354066e+04 
1.612121e-02 2.523629e+04 2.539354e+04 
2.116162e-02 2.443863e+04 2.439020e+04 
2.620202e-02 2.221568e+04 2.204539e+04 
3.124242e-02 1.948311e+04 1.956096e+04 
3.628283e-02 1.685122e+04 1.739192e+04 
4.132323e-02 1.464808e+04 1.557306e+04 
4.636364e-02 1.296376e+04 1.403780e+04 
5.140404e-02 1.178577e+04 1.272224e+04 
5.644444e-02 1.097424e+04 1.158007e+04 
6.148485e-02 1.037981e+04 1.057873e+04 
6.652525e-02 9.867330e+03 9.694571e+03 
7.156566e-02 9.325131e+03 8.909586e+03 
7.660606e-02 8.695376e+03 8.209578e+03 
8.164646e-02 7.977127e+03 7.583011e+03 
8.668687e-02 7.214223e+03 7.020321e+03 
9.172727e-02 6.466280e+03 6.513472e+03 
9.676768e-02 5.788722e+03 6.055644e+03 
1.018081e-01 5.223313e+03 5.641005e+03 
1.068485e-01 4.790106e+03 5.264545e+03 
1.118889e-01 4.482642e+03 4.921932e+03 
1.169293e-01 4.273275e+03 4.609416e+03 
1.219697e-01 4.124912e+03 4.323731e+03 
1.270101e-01 4.000794e+03 4.062027e+03 
1.320505e-01 3.869888e+03 3.821811e+03 
1.370909e-01 3.710660e+03 3.600894e+03 
1.421313e-01 3.515390e+03 3.397350e+03 
1.471717e-01 3.290140e+03 3.209477e+03 
1.522121e-01 3.050230e+03 3.035774e+03 
1.572525e-01 2.814308e+03 2.874906e+03 
1.622929e-01 2.599901e+03 2.725689e+03 
1.673333e-01 2.419893e+03 2.587069e+03 
1.723737e-01 2.279520e+03 2.458103e+03 
1.774141e-01 2.176026e+03 2.337949e+03 
1.824545e-01 2.101185e+03 2.225851e+03 
1.874949e-01 2.044335e+03 2.121133e+03 
1.925354e-01 1.994464e+03 2.023183e+03 
1.975758e-01 1.941557e+03 1.931451e+03 
2.026162e-01 1.878471e+03 1.845442e+03 
2.076566e-01 1.802620e+03 1.764705e+03 
2.126970e-01 1.716038e+03 1.688833e+03 
2.177374e-01 1.623649e+03 1.617457e+03 
2.227778e-01 1.531637e+03 1.550241e+03 
2.278182e-01 1.445837e+03 1.486879e+03 
2.328586e-01 1.370602e+03 1.427091e+03 
2.378990e-01 1.308070e+03 1.370624e+03 
2.429394e-01 1.258104e+03 1.317243e+03 
2.479798e-01 1.218748e+03 1.266736e+03 
2.530202e-01 1.186821e+03 1.218906e+03 
2.580606e-01 1.158504e+03 1.173575e+03 
2.631010e-01 1.130095e+03 1.130576e+03 
2.681414e-01 1.098917e+03 1.089758e+03 
2.731818e-01 1.063865e+03 1.050981e+03 
2.782222e-01 1.025317e+03 1.014115e+03 
2.832626e-01 9.845266e+02 9.790403e+02 
2.883030e-01 9.432545e+02 9.456472e+02 
2.933434e-01 9.034288e+02 9.138331e+02 
2.983838e-01 8.668271e+02 8.835032e+02 
3.034242e-01 8.345800e+02 8.545696e+02 
3.084646e-01 8.069486e+02 8.269505e+02 
3.135051e-01 7.834041e+02 8.005702e+02 
3.185455e-01 7.629837e+02 7.753579e+02 
3.235859e-01 7.445406e+02 7.512480e+02 
3.286263e-01 7.268893e+02 7.281790e+02 
3.336667e-01 7.089875e+02 7.060940e+02 
3.387071e-01 6.901612e+02 6.849394e+02 
3.437475e-01 6.702450e+02 6.646654e+02 
3.487879e-01 6.495447e+02 6.452252e+02 
3.538283e-01 6.286224e+02 6.265753e+02 
3.588687e-01 6.080864e+02 6.086748e+02 
3.639091e-01 5.885196e+02 5.914852e+02 
3.689495e-01 5.703759e+02 5.749706e+02 
3.739899e-01 5.539039e+02 5.590973e+02 
3.790303e-01 5.390794e+02 5.438334e+02 
3.840707e-01 5.256739e+02 5.291492e+02 
3.891111e-01 5.133062e+02 5.150166e+02 
3.941515e-01 5.015920e+02 5.014091e+02 
3.991919e-01 4.901540e+02 4.883019e+02 
4.042323e-01 4.787030e+02 4.756716e+02 
4.092727e-01 4.670660e+02 4.634959e+02 
4.143131e-01 4.552474e+02 4.517540e+02 
4.193535e-01 4.433830e+02 4.404262e+02 
4.243939e-01 4.316644e+02 4.294938e+02 
4.294343e-01 4.202789e+02 4.189392e+02 
4.344747e-01 4.093829e+02 4.087458e+02 
4.395152e-01 3.991034e+02 3.988978e+02 
4.445556e-01 3.894990e+02 3.893801e+02 
4.495960e-01 3.805427e+02 3.801788e+02 
4.546364e-01 3.721309e+02 3.712802e+02 
4.596768e-01 3.641138e+02 3.626718e+02 
4.647172e-01 3.563789e+02 3.543414e+02 
4.697576e-01 3.488181e+02 3.462775e+02 
4.747980e-01 3.413503e+02 3.384693e+02 
4.798384e-01 3.339159e+02 3.309064e+02 
4.848788e-01 3.265177e+02 3.235789e+02 
4.899192e-01 3.192059e+02 3.164775e+02 
4.949596e-01 3.120584e+02 3.095932e+02 
5.000000e-01 3.051247e+02 3.029176e+02 
