1.000000e-03 2.369485e+03 2.369483e+03 
6.040404e-03 1.075997e+04 1.083683e+04 
1.108081e-02 1.489935e+04 1.492941e+04 
1.612121e-02 1.646463e+04 1.640078e+04 
2.116162e-02 1.649731e+04 1.634173e+04 
2.620202e-02 1.569726e+04 1.558225e+04 
3.124242e-02 1.454634e+04 1.460803e+04 
3.628283e-02 1.335031e+04 1.360604e+04 
4.132323e-02 1.226996e+04 1.263751e+04 
4.636364e-02 1.134690e+04 1.172402e+04 
5.140404e-02 1.059108e+04 1.087353e+04 
5.644444e-02 9.927923e+03 1.008790e+04 
6.148485e-02 9.309855e+03 9.365769e+03 
6.652525e-02 8.708596e+03 8.703984e+03 
7.156566e-02 8.099504e+03 8.098508e+03 
7.660606e-02 7.487167e+03 7.544939e+03 
8.164646e-02 6.898169e+03 7.038842e+03 
8.668687e-02 6.361691e+03 6.575934e+03 
9.172727e-02 5.891942e+03 6.152193e+03 
9.676768e-02 5.490884e+03 5.763904e+03 
1.018081e-01 5.155362e+03 5.407675e+03 
1.068485e-01 4.875684e+03 5.080430e+03 
1.118889e-01 4.633508e+03 4.779397e+03 
1.169293e-01 4.407468e+03 4.502081e+03 
1.219697e-01 4.182885e+03 4.246247e+03 
1.270101e-01 3.955499e+03 4.009887e+03 
1.320505e-01 3.728187e+03 3.791207e+03 
1.370909e-01 3.507098e+03 3.588594e+03 
1.421313e-01 3.298794e+03 3.400607e+03 
1.471717e-01 3.108482e+03 3.225948e+03 
1.522121e-01 2.939206e+03 3.063456e+03 
1.572525e-01 2.791611e+03 2.912083e+03 
1.622929e-01 2.663757e+03 2.770889e+03 
1.673333e-01 2.551054e+03 2.639025e+03 
1.723737e-01 2.447283e+03 2.515724e+03 
1.774141e-01 2.347517e+03 2.400295e+03 
1.824545e-01 2.249312e+03 2.292111e+03 
1.874949e-01 2.152072e+03 2.190604e+03 
1.925354e-01 2.056129e+03 2.095260e+03 
1.975758e-01 1.962604e+03 2.005610e+03 
2.026162e-01 1.873541e+03 1.921227e+03 
2.076566e-01 1.791088e+03 1.841724e+03 
2.126970e-01 1.716082e+03 1.766747e+03 
2.177374e-01 1.647981e+03 1.695971e+03 
2.227778e-01 1.585719e+03 1.629101e+03 
2.278182e-01 1.528226e+03 1.565864e+03 
2.328586e-01 1.474329e+03 1.506014e+03 
2.378990e-01 1.422741e+03 1.449320e+03 
2.429394e-01 1.372547e+03 1.395573e+03 
2.479798e-01 1.323478e+03 1.344579e+03 
2.530202e-01 1.275715e+03 1.296161e+03 
2.580606e-01 1.229591e+03 1.250154e+03 
2.631010e-01 1.185441e+03 1.206405e+03 
2.681414e-01 1.143622e+03 1.164776e+03 
2.731818e-01 1.104427e+03 1.125136e+03 
2.782222e-01 1.067837e+03 1.087364e+03 
2.832626e-01 1.033524e+03 1.051350e+03 
2.883030e-01 1.001091e+03 1.016988e+03 
2.933434e-01 9.701684e+02 9.841844e+02 
2.983838e-01 9.405087e+02 9.528481e+02 
3.034242e-01 9.119200e+02 9.228961e+02 
3.084646e-01 8.842424e+02 8.942509e+02 
3.135051e-01 8.574236e+02 8.668401e+02 
3.185455e-01 8.315171e+02 8.405960e+02 
3.235859e-01 8.066198e+02 8.154556e+02 
3.286263e-01 7.828157e+02 7.913599e+02 
3.336667e-01 7.601176e+02 7.682537e+02 
3.387071e-01 7.384719e+02 7.460853e+02 
3.437475e-01 7.178069e+02 7.248063e+02 
3.487879e-01 6.980559e+02 7.043713e+02 
3.538283e-01 6.791294e+02 6.847377e+02 
3.588687e-01 6.609056e+02 6.658654e+02 
3.639091e-01 6.432982e+02 6.477170e+02 
3.689495e-01 6.262573e+02 6.302570e+02 
3.739899e-01 6.097816e+02 6.134521e+02 
3.790303e-01 5.938844e+02 5.972710e+02 
3.840707e-01 5.785532e+02 5.816843e+02 
3.891111e-01 5.637634e+02 5.666641e+02 
3.941515e-01 5.495107e+02 5.521840e+02 
3.991919e-01 5.357884e+02 5.382195e+02 
4.042323e-01 5.225913e+02 5.247470e+02 
4.092727e-01 5.098841e+02 5.117444e+02 
4.143131e-01 4.976123e+02 4.991908e+02 
4.193535e-01 4.857359e+02 4.870665e+02 
4.243939e-01 4.742451e+02 4.753527e+02 
4.294343e-01 4.631351e+02 4.640316e+02 
4.344747e-01 4.523757e+02 4.530864e+02 
4.395152e-01 4.419464e+02 4.425012e+02 
4.445556e-01 4.318406e+02 4.322609e+02 
4.495960e-01 4.220559e+02 4.223512e+02 
4.546364e-01 4.125975e+02 4.127583e+02 
4.596768e-01 4.034479e+02 4.034693e+02 
4.647172e-01 3.945749e+02 3.944720e+02 
4.697576e-01 3.859758e+02 3.857546e+02 
4.747980e-01 3.776439e+02 3.773060e+02 
4.798384e-01 3.695718e+02 3.691156e+02 
4.848788e-01 3.617433e+02 3.611733e+02 
4.899192e-01 3.541337e+02 3.534696e+02 
4.949596e-01 3.467373e+02 3.459951e+02 
5.000000e-01 3.395593e+02 3.387413e+02 
