1.000000e-03 3.187173e+03 3.187171e+03 
6.040404e-03 1.441197e+04 1.451940e+04 
1.108081e-02 1.978055e+04 1.987929e+04 
1.612121e-02 2.153851e+04 2.157806e+04 
2.116162e-02 2.111520e+04 2.100153e+04 
2.620202e-02 1.952571e+04 1.940319e+04 
3.124242e-02 1.750470e+04 1.764412e+04 
3.628283e-02 1.553043e+04 1.602928e+04 
4.132323e-02 1.385509e+04 1.460094e+04 
4.636364e-02 1.254658e+04 1.333868e+04 
5.140404e-02 1.158324e+04 1.221746e+04 
5.644444e-02 1.085546e+04 1.121701e+04 
6.148485e-02 1.024919e+04 1.032131e+04 
6.652525e-02 9.668831e+03 9.517314e+03 
7.156566e-02 9.047533e+03 8.794017e+03 
7.660606e-02 8.365109e+03 8.141969e+03 
8.164646e-02 7.646903e+03 7.552960e+03 
8.668687e-02 6.941337e+03 7.019824e+03 
9.172727e-02 6.293508e+03 6.536285e+03 
9.676768e-02 5.736136e+03 6.096847e+03 
1.018081e-01 5.287591e+03 5.696689e+03 
1.068485e-01 4.947828e+03 5.331579e+03 
1.118889e-01 4.696278e+03 4.997800e+03 
1.169293e-01 4.499604e+03 4.692080e+03 
1.219697e-01 4.324422e+03 4.411539e+03 
1.270101e-01 4.145544e+03 4.153636e+03 
1.320505e-01 3.948263e+03 3.916126e+03 
1.370909e-01 3.728777e+03 3.697021e+03 
1.421313e-01 3.493549e+03 3.494558e+03 
1.471717e-01 3.255839e+03 3.307173e+03 
1.522121e-01 3.030436e+03 3.133473e+03 
1.572525e-01 2.829365e+03 2.972215e+03 
1.622929e-01 2.660290e+03 2.822289e+03 
1.673333e-01 2.524857e+03 2.682702e+03 
1.723737e-01 2.418410e+03 2.552565e+03 
1.774141e-01 2.332187e+03 2.431076e+03 
1.824545e-01 2.256440e+03 2.317518e+03 
1.874949e-01 2.182724e+03 2.211241e+03 
1.925354e-01 2.104892e+03 2.111659e+03 
1.975758e-01 2.019756e+03 2.018243e+03 
2.026162e-01 1.927735e+03 1.930514e+03 
2.076566e-01 1.832397e+03 1.848035e+03 
2.126970e-01 1.738632e+03 1.770411e+03 
2.177374e-01 1.650796e+03 1.697282e+03 
2.227778e-01 1.572016e+03 1.628320e+03 
2.278182e-01 1.503919e+03 1.563226e+03 
2.328586e-01 1.446289e+03 1.501726e+03 
2.378990e-01 1.397303e+03 1.443569e+03 
2.429394e-01 1.354222e+03 1.388525e+03 
2.479798e-01 1.314223e+03 1.336384e+03 
2.530202e-01 1.274889e+03 1.286952e+03 
2.580606e-01 1.234409e+03 1.240051e+03 
2.631010e-01 1.191934e+03 1.195517e+03 
2.681414e-01 1.147911e+03 1.153199e+03 
2.731818e-01 1.103713e+03 1.112956e+03 
2.782222e-01 1.060821e+03 1.074660e+03 
2.832626e-01 1.020394e+03 1.038192e+03 
2.883030e-01 9.831700e+02 1.003440e+03 
2.933434e-01 9.495749e+02 9.703026e+02 
2.983838e-01 9.196007e+02 9.386840e+02 
3.034242e-01 8.926725e+02 9.084958e+02 
3.084646e-01 8.678177e+02 8.796559e+02 
3.135051e-01 8.440936e+02 8.520877e+02 
3.185455e-01 8.208158e+02 8.257200e+02 
3.235859e-01 7.975754e+02 8.004862e+02 
3.286263e-01 7.742013e+02 7.763244e+02 
3.336667e-01 7.507414e+02 7.531765e+02 
3.387071e-01 7.274936e+02 7.309885e+02 
3.437475e-01 7.049100e+02 7.097097e+02 
3.487879e-01 6.834344e+02 6.892926e+02 
3.538283e-01 6.632844e+02 6.696928e+02 
3.588687e-01 6.445133e+02 6.508685e+02 
3.639091e-01 6.270248e+02 6.327808e+02 
3.689495e-01 6.106676e+02 6.153928e+02 
3.739899e-01 5.952125e+02 5.986701e+02 
3.790303e-01 5.803811e+02 5.825802e+02 
3.840707e-01 5.659199e+02 5.670926e+02 
3.891111e-01 5.516778e+02 5.521784e+02 
3.941515e-01 5.376258e+02 5.378107e+02 
3.991919e-01 5.237897e+02 5.239639e+02 
4.042323e-01 5.102319e+02 5.106138e+02 
4.092727e-01 4.970543e+02 4.977378e+02 
4.143131e-01 4.843610e+02 4.853142e+02 
4.193535e-01 4.722509e+02 4.733230e+02 
4.243939e-01 4.607366e+02 4.617447e+02 
4.294343e-01 4.497671e+02 4.505613e+02 
4.344747e-01 4.392857e+02 4.397556e+02 
4.395152e-01 4.292401e+02 4.293112e+02 
4.445556e-01 4.195477e+02 4.192127e+02 
4.495960e-01 4.101282e+02 4.094456e+02 
4.546364e-01 4.009290e+02 3.999958e+02 
4.596768e-01 3.919200e+02 3.908502e+02 
4.647172e-01 3.831116e+02 3.819963e+02 
4.697576e-01 3.745234e+02 3.734222e+02 
4.747980e-01 3.661665e+02 3.651166e+02 
4.798384e-01 3.580675e+02 3.570687e+02 
4.848788e-01 3.502417e+02 3.492683e+02 
4.899192e-01 3.427026e+02 3.417057e+02 
4.949596e-01 3.354455e+02 3.343716e+02 
5.000000e-01 3.284423e+02 3.272571e+02 
