1.000000e-03 7.684172e+03 7.684165e+03 
6.040404e-03 3.384981e+04 3.413268e+04 
1.108081e-02 4.519465e+04 4.574021e+04 
1.612121e-02 4.737053e+04 4.818622e+04 
2.116162e-02 4.397533e+04 4.426928e+04 
2.620202e-02 3.774305e+04 3.725898e+04 
3.124242e-02 3.076338e+04 3.039917e+04 
3.628283e-02 2.441608e+04 2.500651e+04 
4.132323e-02 1.938323e+04 2.101009e+04 
4.636364e-02 1.579207e+04 1.801477e+04 
5.140404e-02 1.351560e+04 1.569635e+04 
5.644444e-02 1.222051e+04 1.384304e+04 
6.148485e-02 1.156282e+04 1.232201e+04 
6.652525e-02 1.122860e+04 1.104823e+04 
7.156566e-02 1.095684e+04 9.965050e+03 
7.660606e-02 1.054011e+04 9.033034e+03 
8.164646e-02 9.862743e+03 8.223571e+03 
8.668687e-02 8.927551e+03 7.515194e+03 
9.172727e-02 7.832740e+03 6.891330e+03 
9.676768e-02 6.716734e+03 6.338891e+03 
1.018081e-01 5.708002e+03 5.847358e+03 
1.068485e-01 4.894175e+03 5.408148e+03 
1.118889e-01 4.310073e+03 5.014177e+03 
1.169293e-01 3.947287e+03 4.659537e+03 
1.219697e-01 3.767869e+03 4.339265e+03 
1.270101e-01 3.717297e+03 4.049155e+03 
1.320505e-01 3.732944e+03 3.785627e+03 
1.370909e-01 3.752746e+03 3.545612e+03 
1.421313e-01 3.725100e+03 3.326467e+03 
1.471717e-01 3.615831e+03 3.125908e+03 
1.522121e-01 3.414200e+03 2.941950e+03 
1.572525e-01 3.135755e+03 2.772862e+03 
1.622929e-01 2.817266e+03 2.617131e+03 
1.673333e-01 2.502421e+03 2.473426e+03 
1.723737e-01 2.225815e+03 2.340578e+03 
1.774141e-01 2.007434e+03 2.217553e+03 
1.824545e-01 1.854507e+03 2.103433e+03 
1.874949e-01 1.764646e+03 1.997406e+03 
1.925354e-01 1.727322e+03 1.898747e+03 
1.975758e-01 1.724965e+03 1.806810e+03 
2.026162e-01 1.736654e+03 1.721016e+03 
2.076566e-01 1.742635e+03 1.640846e+03 
2.126970e-01 1.727535e+03 1.565834e+03 
2.177374e-01 1.682153e+03 1.495559e+03 
2.227778e-01 1.604896e+03 1.429645e+03 
2.278182e-01 1.502355e+03 1.367747e+03 
2.328586e-01 1.386809e+03 1.309556e+03 
2.378990e-01 1.271907e+03 1.254790e+03 
2.429394e-01 1.169097e+03 1.203195e+03 
2.479798e-01 1.085972e+03 1.154537e+03 
2.530202e-01 1.026047e+03 1.108604e+03 
2.580606e-01 9.887675e+02 1.065203e+03 
2.631010e-01 9.700459e+02 1.024157e+03 
2.681414e-01 9.635328e+02 9.853026e+02 
2.731818e-01 9.621024e+02 9.484919e+02 
2.782222e-01 9.589924e+02 9.135884e+02 
2.832626e-01 9.485793e+02 8.804664e+02 
2.883030e-01 9.272563e+02 8.490103e+02 
2.933434e-01 8.942873e+02 8.191137e+02 
2.983838e-01 8.518885e+02 7.906782e+02 
3.034242e-01 8.042649e+02 7.636129e+02 
3.084646e-01 7.561086e+02 7.378339e+02 
3.135051e-01 7.115820e+02 7.132634e+02 
3.185455e-01 6.737943e+02 6.898292e+02 
3.235859e-01 6.444606e+02 6.674645e+02 
3.286263e-01 6.237680e+02 6.461070e+02 
3.336667e-01 6.104672e+02 6.256991e+02 
3.387071e-01 6.023587e+02 6.061869e+02 
3.437475e-01 5.968057e+02 5.875203e+02 
3.487879e-01 5.912175e+02 5.696527e+02 
3.538283e-01 5.834104e+02 5.525404e+02 
3.588687e-01 5.719091e+02 5.361427e+02 
3.639091e-01 5.562406e+02 5.204216e+02 
3.689495e-01 5.369453e+02 5.053415e+02 
3.739899e-01 5.152972e+02 4.908690e+02 
3.790303e-01 4.929322e+02 4.769730e+02 
3.840707e-01 4.714807e+02 4.636240e+02 
3.891111e-01 4.522837e+02 4.507947e+02 
3.941515e-01 4.362201e+02 4.384592e+02 
3.991919e-01 4.235173e+02 4.265933e+02 
4.042323e-01 4.138708e+02 4.151741e+02 
4.092727e-01 4.065756e+02 4.041801e+02 
4.143131e-01 4.007226e+02 3.935913e+02 
4.193535e-01 3.953237e+02 3.833884e+02 
4.243939e-01 3.894490e+02 3.735535e+02 
4.294343e-01 3.824222e+02 3.640697e+02 
4.344747e-01 3.739237e+02 3.549209e+02 
4.395152e-01 3.640515e+02 3.460921e+02 
4.445556e-01 3.531645e+02 3.375689e+02 
4.495960e-01 3.417920e+02 3.293378e+02 
4.546364e-01 3.305444e+02 3.213861e+02 
4.596768e-01 3.200018e+02 3.137016e+02 
4.647172e-01 3.105932e+02 3.062728e+02 
4.697576e-01 3.024950e+02 2.990888e+02 
4.747980e-01 2.956891e+02 2.921394e+02 
4.798384e-01 2.899753e+02 2.854148e+02 
4.848788e-01 2.850505e+02 2.789056e+02 
4.899192e-01 2.805374e+02 2.726030e+02 
4.949596e-01 2.760571e+02 2.664987e+02 
5.000000e-01 2.713067e+02 2.605846e+02 
