1.000000e-03 7.540961e+03 7.540955e+03 
6.040404e-03 3.352573e+04 3.433686e+04 
1.108081e-02 4.490099e+04 4.711662e+04 
1.612121e-02 4.715301e+04 5.213040e+04 
2.116162e-02 4.383431e+04 5.303127e+04 
2.620202e-02 3.766313e+04 5.184770e+04 
3.124242e-02 3.072586e+04 4.964727e+04 
3.628283e-02 2.440495e+04 4.698720e+04 
4.132323e-02 1.938728e+04 4.416926e+04 
4.636364e-02 1.580467e+04 4.135953e+04 
5.140404e-02 1.353352e+04 3.864799e+04 
5.644444e-02 1.224256e+04 3.608071e+04 
6.148485e-02 1.158875e+04 3.367814e+04 
6.652525e-02 1.125832e+04 3.144588e+04 
7.156566e-02 1.098993e+04 2.938105e+04 
7.660606e-02 1.057562e+04 2.747610e+04 
8.164646e-02 9.899201e+03 2.572113e+04 
8.668687e-02 8.963296e+03 2.410528e+04 
9.172727e-02 7.866374e+03 2.261753e+04 
9.676768e-02 6.747421e+03 2.124716e+04 
1.018081e-01 5.735568e+03 1.998406e+04 
1.068485e-01 4.919026e+03 1.881879e+04 
1.118889e-01 4.332979e+03 1.774268e+04 
1.169293e-01 3.969158e+03 1.674779e+04 
1.219697e-01 3.789564e+03 1.582691e+04 
1.270101e-01 3.739475e+03 1.497350e+04 
1.320505e-01 3.755962e+03 1.418164e+04 
1.370909e-01 3.776609e+03 1.344597e+04 
1.421313e-01 3.749479e+03 1.276166e+04 
1.471717e-01 3.640144e+03 1.212434e+04 
1.522121e-01 3.437748e+03 1.153006e+04 
1.572525e-01 3.157909e+03 1.097526e+04 
1.622929e-01 2.837627e+03 1.045670e+04 
1.673333e-01 2.520901e+03 9.971467e+03 
1.723737e-01 2.242592e+03 9.516906e+03 
1.774141e-01 2.022863e+03 9.090613e+03 
1.824545e-01 1.869029e+03 8.690402e+03 
1.874949e-01 1.778711e+03 8.314288e+03 
1.925354e-01 1.741326e+03 7.960461e+03 
1.975758e-01 1.739180e+03 7.627271e+03 
2.026162e-01 1.751191e+03 7.313214e+03 
2.076566e-01 1.757443e+03 7.016915e+03 
2.126970e-01 1.742428e+03 6.737114e+03 
2.177374e-01 1.696857e+03 6.472659e+03 
2.227778e-01 1.619115e+03 6.222493e+03 
2.278182e-01 1.515839e+03 5.985645e+03 
2.328586e-01 1.399412e+03 5.761224e+03 
2.378990e-01 1.283606e+03 5.548408e+03 
2.429394e-01 1.179977e+03 5.346442e+03 
2.479798e-01 1.096194e+03 5.154627e+03 
2.530202e-01 1.035811e+03 4.972320e+03 
2.580606e-01 9.982774e+02 4.798926e+03 
2.631010e-01 9.794726e+02 4.633894e+03 
2.681414e-01 9.729906e+02 4.476715e+03 
2.731818e-01 9.716387e+02 4.326916e+03 
2.782222e-01 9.685883e+02 4.184058e+03 
2.832626e-01 9.581590e+02 4.047735e+03 
2.883030e-01 9.367051e+02 3.917567e+03 
2.933434e-01 9.034801e+02 3.793203e+03 
2.983838e-01 8.607204e+02 3.674314e+03 
3.034242e-01 8.126727e+02 3.560596e+03 
3.084646e-01 7.640773e+02 3.451761e+03 
3.135051e-01 7.191410e+02 3.347545e+03 
3.185455e-01 6.810074e+02 3.247698e+03 
3.235859e-01 6.514119e+02 3.151989e+03 
3.286263e-01 6.305460e+02 3.060198e+03 
3.336667e-01 6.171487e+02 2.972122e+03 
3.387071e-01 6.089981e+02 2.887570e+03 
3.437475e-01 6.034294e+02 2.806363e+03 
3.487879e-01 5.978237e+02 2.728332e+03 
3.538283e-01 5.899726e+02 2.653319e+03 
3.588687e-01 5.783838e+02 2.581176e+03 
3.639091e-01 5.625780e+02 2.511763e+03 
3.689495e-01 5.431011e+02 2.444948e+03 
3.739899e-01 5.212409e+02 2.380608e+03 
3.790303e-01 4.986521e+02 2.318625e+03 
3.840707e-01 4.769838e+02 2.258890e+03 
3.891111e-01 4.575933e+02 2.201299e+03 
3.941515e-01 4.413702e+02 2.145753e+03 
3.991919e-01 4.285452e+02 2.092161e+03 
4.042323e-01 4.188110e+02 2.040433e+03 
4.092727e-01 4.114549e+02 1.990489e+03 
4.143131e-01 4.055569e+02 1.942249e+03 
4.193535e-01 4.001177e+02 1.895638e+03 
4.243939e-01 3.941958e+02 1.850588e+03 
4.294343e-01 3.871067e+02 1.807030e+03 
4.344747e-01 3.785267e+02 1.764903e+03 
4.395152e-01 3.685547e+02 1.724145e+03 
4.445556e-01 3.575539e+02 1.684700e+03 
4.495960e-01 3.460599e+02 1.646515e+03 
4.546364e-01 3.346910e+02 1.609537e+03 
4.596768e-01 3.240344e+02 1.573718e+03 
4.647172e-01 3.145248e+02 1.539012e+03 
4.697576e-01 3.063409e+02 1.505374e+03 
4.747980e-01 2.994649e+02 1.472762e+03 
4.798384e-01 2.936939e+02 1.441136e+03 
4.848788e-01 2.887214e+02 1.410459e+03 
4.899192e-01 2.841652e+02 1.380693e+03 
4.949596e-01 2.796416e+02 1.351805e+03 
5.000000e-01 2.748438e+02 1.323760e+03 
