1.000000e-03 4.008213e+03 4.008210e+03 
6.040404e-03 1.775017e+04 1.789020e+04 
1.108081e-02 2.423116e+04 2.441440e+04 
1.612121e-02 2.621558e+04 2.641136e+04 
2.116162e-02 2.542811e+04 2.541448e+04 
2.620202e-02 2.312631e+04 2.294040e+04 
3.124242e-02 2.025589e+04 2.027603e+04 
3.628283e-02 1.745955e+04 1.795006e+04 
4.132323e-02 1.509404e+04 1.601501e+04 
4.636364e-02 1.327069e+04 1.439701e+04 
5.140404e-02 1.198673e+04 1.302174e+04 
5.644444e-02 1.111423e+04 1.183513e+04 
6.148485e-02 1.049659e+04 1.079959e+04 
6.652525e-02 9.997034e+03 9.888301e+03 
7.156566e-02 9.490029e+03 9.081246e+03 
7.660606e-02 8.901242e+03 8.362911e+03 
8.164646e-02 8.212881e+03 7.720871e+03 
8.668687e-02 7.457982e+03 7.144945e+03 
9.172727e-02 6.693606e+03 6.626653e+03 
9.676768e-02 5.978958e+03 6.158843e+03 
1.018081e-01 5.362900e+03 5.735434e+03 
1.068485e-01 4.875505e+03 5.351219e+03 
1.118889e-01 4.521109e+03 5.001714e+03 
1.169293e-01 4.279786e+03 4.683043e+03 
1.219697e-01 4.117737e+03 4.391838e+03 
1.270101e-01 3.997785e+03 4.125167e+03 
1.320505e-01 3.885655e+03 3.880465e+03 
1.370909e-01 3.754060e+03 3.655485e+03 
1.421313e-01 3.587063e+03 3.448249e+03 
1.471717e-01 3.382979e+03 3.257015e+03 
1.522121e-01 3.152373e+03 3.080243e+03 
1.572525e-01 2.912691e+03 2.916567e+03 
1.622929e-01 2.683191e+03 2.764776e+03 
1.673333e-01 2.480502e+03 2.623791e+03 
1.723737e-01 2.315071e+03 2.492647e+03 
1.774141e-01 2.189490e+03 2.370485e+03 
1.824545e-01 2.099056e+03 2.256533e+03 
1.874949e-01 2.034918e+03 2.150098e+03 
1.925354e-01 1.986310e+03 2.050558e+03 
1.975758e-01 1.942099e+03 1.957351e+03 
2.026162e-01 1.892500e+03 1.869970e+03 
2.076566e-01 1.831115e+03 1.787956e+03 
2.126970e-01 1.756253e+03 1.710895e+03 
2.177374e-01 1.670468e+03 1.638409e+03 
2.227778e-01 1.578971e+03 1.570157e+03 
2.278182e-01 1.488043e+03 1.505824e+03 
2.328586e-01 1.403634e+03 1.445129e+03 
2.378990e-01 1.330121e+03 1.387810e+03 
2.429394e-01 1.269582e+03 1.333631e+03 
2.479798e-01 1.221815e+03 1.282373e+03 
2.530202e-01 1.184869e+03 1.233839e+03 
2.580606e-01 1.155532e+03 1.187843e+03 
2.631010e-01 1.129916e+03 1.144219e+03 
2.681414e-01 1.104173e+03 1.102812e+03 
2.731818e-01 1.075501e+03 1.063478e+03 
2.782222e-01 1.042662e+03 1.026087e+03 
2.832626e-01 1.005861e+03 9.905162e+02 
2.883030e-01 9.662540e+02 9.566534e+02 
2.933434e-01 9.255786e+02 9.243947e+02 
2.983838e-01 8.858841e+02 8.936435e+02 
3.034242e-01 8.491178e+02 8.643106e+02 
3.084646e-01 8.166378e+02 8.363126e+02 
3.135051e-01 7.888953e+02 8.095726e+02 
3.185455e-01 7.655331e+02 7.840187e+02 
3.235859e-01 7.456850e+02 7.595839e+02 
3.286263e-01 7.282165e+02 7.362060e+02 
3.336667e-01 7.118846e+02 7.138269e+02 
3.387071e-01 6.954984e+02 6.923922e+02 
3.437475e-01 6.781949e+02 6.718513e+02 
3.487879e-01 6.596251e+02 6.521567e+02 
3.538283e-01 6.399445e+02 6.332641e+02 
3.588687e-01 6.196430e+02 6.151318e+02 
3.639091e-01 5.993464e+02 5.977209e+02 
3.689495e-01 5.797100e+02 5.809949e+02 
3.739899e-01 5.613070e+02 5.649193e+02 
3.790303e-01 5.445219e+02 5.494621e+02 
3.840707e-01 5.294913e+02 5.345928e+02 
3.891111e-01 5.160728e+02 5.202831e+02 
3.941515e-01 5.039454e+02 5.065059e+02 
3.991919e-01 4.927054e+02 4.932361e+02 
4.042323e-01 4.819337e+02 4.804499e+02 
4.092727e-01 4.712520e+02 4.681247e+02 
4.143131e-01 4.603998e+02 4.562393e+02 
4.193535e-01 4.492614e+02 4.447738e+02 
4.243939e-01 4.378936e+02 4.337091e+02 
4.294343e-01 4.264715e+02 4.230275e+02 
4.344747e-01 4.151988e+02 4.127120e+02 
4.395152e-01 4.042718e+02 4.027465e+02 
4.445556e-01 3.938694e+02 3.931160e+02 
4.495960e-01 3.841216e+02 3.838060e+02 
4.546364e-01 3.750730e+02 3.748029e+02 
4.596768e-01 3.666724e+02 3.660938e+02 
4.647172e-01 3.587986e+02 3.576664e+02 
4.697576e-01 3.513039e+02 3.495091e+02 
4.747980e-01 3.440604e+02 3.416108e+02 
4.798384e-01 3.369580e+02 3.339610e+02 
4.848788e-01 3.298987e+02 3.265498e+02 
4.899192e-01 3.228276e+02 3.193676e+02 
4.949596e-01 3.157589e+02 3.124054e+02 
5.000000e-01 3.087558e+02 3.056545e+02 
