1.000000e-03 3.182739e+03 3.182736e+03 
6.040404e-03 1.416989e+04 1.427333e+04 
1.108081e-02 1.930285e+04 1.937589e+04 
1.612121e-02 2.094590e+04 2.093305e+04 
2.116162e-02 2.053778e+04 2.038980e+04 
2.620202e-02 1.906102e+04 1.894811e+04 
3.124242e-02 1.720171e+04 1.735405e+04 
3.628283e-02 1.539286e+04 1.586022e+04 
4.132323e-02 1.385238e+04 1.450997e+04 
4.636364e-02 1.263504e+04 1.329634e+04 
5.140404e-02 1.170398e+04 1.220535e+04 
5.644444e-02 1.096395e+04 1.122384e+04 
6.148485e-02 1.031009e+04 1.034008e+04 
6.652525e-02 9.667281e+03 9.543576e+03 
7.156566e-02 8.989647e+03 8.824908e+03 
7.660606e-02 8.275123e+03 8.175597e+03 
8.164646e-02 7.556609e+03 7.588056e+03 
8.668687e-02 6.878567e+03 7.055526e+03 
9.172727e-02 6.275673e+03 6.572006e+03 
9.676768e-02 5.768711e+03 6.132185e+03 
1.018081e-01 5.364692e+03 5.731370e+03 
1.068485e-01 5.053504e+03 5.365421e+03 
1.118889e-01 4.808427e+03 5.030683e+03 
1.169293e-01 4.596673e+03 4.723933e+03 
1.219697e-01 4.391418e+03 4.442322e+03 
1.270101e-01 4.176630e+03 4.183332e+03 
1.320505e-01 3.946583e+03 3.944736e+03 
1.370909e-01 3.705012e+03 3.724558e+03 
1.421313e-01 3.462740e+03 3.521044e+03 
1.471717e-01 3.232470e+03 3.332636e+03 
1.522121e-01 3.024658e+03 3.157943e+03 
1.572525e-01 2.845773e+03 2.995727e+03 
1.622929e-01 2.697639e+03 2.844878e+03 
1.673333e-01 2.577030e+03 2.704405e+03 
1.723737e-01 2.476304e+03 2.573417e+03 
1.774141e-01 2.386080e+03 2.451115e+03 
1.824545e-01 2.298746e+03 2.336777e+03 
1.874949e-01 2.209440e+03 2.229754e+03 
1.925354e-01 2.115919e+03 2.129460e+03 
1.975758e-01 2.018541e+03 2.035364e+03 
2.026162e-01 1.920185e+03 1.946985e+03 
2.076566e-01 1.825010e+03 1.863885e+03 
2.126970e-01 1.736656e+03 1.785669e+03 
2.177374e-01 1.657297e+03 1.711975e+03 
2.227778e-01 1.587623e+03 1.642473e+03 
2.278182e-01 1.526955e+03 1.576864e+03 
2.328586e-01 1.473510e+03 1.514871e+03 
2.378990e-01 1.424836e+03 1.456244e+03 
2.429394e-01 1.378670e+03 1.400751e+03 
2.479798e-01 1.333275e+03 1.348180e+03 
2.530202e-01 1.287498e+03 1.298338e+03 
2.580606e-01 1.240978e+03 1.251045e+03 
2.631010e-01 1.194314e+03 1.206135e+03 
2.681414e-01 1.148724e+03 1.163458e+03 
2.731818e-01 1.105359e+03 1.122872e+03 
2.782222e-01 1.064895e+03 1.084247e+03 
2.832626e-01 1.027611e+03 1.047464e+03 
2.883030e-01 9.935145e+02 1.012410e+03 
2.933434e-01 9.623503e+02 9.789833e+02 
2.983838e-01 9.335201e+02 9.470874e+02 
3.034242e-01 9.061941e+02 9.166334e+02 
3.084646e-01 8.797237e+02 8.875385e+02 
3.135051e-01 8.537478e+02 8.597256e+02 
3.185455e-01 8.281196e+02 8.331230e+02 
3.235859e-01 8.028539e+02 8.076637e+02 
3.286263e-01 7.780896e+02 7.832852e+02 
3.336667e-01 7.540883e+02 7.599292e+02 
3.387071e-01 7.311542e+02 7.375411e+02 
3.437475e-01 7.094979e+02 7.160698e+02 
3.487879e-01 6.891296e+02 6.954676e+02 
3.538283e-01 6.699426e+02 6.756897e+02 
3.588687e-01 6.517981e+02 6.566941e+02 
3.639091e-01 6.345269e+02 6.384413e+02 
3.689495e-01 6.179297e+02 6.208944e+02 
3.739899e-01 6.018316e+02 6.040186e+02 
3.790303e-01 5.861304e+02 5.877811e+02 
3.840707e-01 5.707974e+02 5.721512e+02 
3.891111e-01 5.558566e+02 5.570999e+02 
3.941515e-01 5.413410e+02 5.425999e+02 
3.991919e-01 5.273017e+02 5.286254e+02 
4.042323e-01 5.137841e+02 5.151521e+02 
4.092727e-01 5.008501e+02 5.021571e+02 
4.143131e-01 4.884930e+02 4.896187e+02 
4.193535e-01 4.766489e+02 4.775164e+02 
4.243939e-01 4.652574e+02 4.658309e+02 
4.294343e-01 4.542796e+02 4.545439e+02 
4.344747e-01 4.436790e+02 4.436380e+02 
4.395152e-01 4.333914e+02 4.330967e+02 
4.445556e-01 4.233795e+02 4.229045e+02 
4.495960e-01 4.136261e+02 4.130466e+02 
4.546364e-01 4.041489e+02 4.035091e+02 
4.596768e-01 3.949671e+02 3.942785e+02 
4.647172e-01 3.860665e+02 3.853424e+02 
4.697576e-01 3.774430e+02 3.766886e+02 
4.747980e-01 3.691072e+02 3.683058e+02 
4.798384e-01 3.610609e+02 3.601831e+02 
4.848788e-01 3.532929e+02 3.523102e+02 
4.899192e-01 3.457719e+02 3.446774e+02 
4.949596e-01 3.384728e+02 3.372751e+02 
5.000000e-01 3.313823e+02 3.300946e+02 
