1.000000e-03 2.832302e+03 2.832300e+03 
6.040404e-03 1.212544e+04 1.220926e+04 
1.108081e-02 1.633965e+04 1.633593e+04 
1.612121e-02 1.777862e+04 1.763694e+04 
2.116162e-02 1.768996e+04 1.746357e+04 
2.620202e-02 1.682534e+04 1.665648e+04 
3.124242e-02 1.565223e+04 1.563267e+04 
3.628283e-02 1.444098e+04 1.455973e+04 
4.132323e-02 1.332002e+04 1.350769e+04 
4.636364e-02 1.231605e+04 1.250846e+04 
5.140404e-02 1.143705e+04 1.157609e+04 
5.644444e-02 1.061852e+04 1.071526e+04 
6.148485e-02 9.853037e+03 9.925464e+03 
6.652525e-02 9.122628e+03 9.203488e+03 
7.156566e-02 8.425892e+03 8.544777e+03 
7.660606e-02 7.776871e+03 7.944247e+03 
8.164646e-02 7.193703e+03 7.396753e+03 
8.668687e-02 6.681243e+03 6.897337e+03 
9.172727e-02 6.232036e+03 6.441361e+03 
9.676768e-02 5.837700e+03 6.024565e+03 
1.018081e-01 5.490104e+03 5.643076e+03 
1.068485e-01 5.175558e+03 5.293405e+03 
1.118889e-01 4.878764e+03 4.972418e+03 
1.169293e-01 4.592486e+03 4.677311e+03 
1.219697e-01 4.317872e+03 4.405579e+03 
1.270101e-01 4.059236e+03 4.154985e+03 
1.320505e-01 3.820065e+03 3.923532e+03 
1.370909e-01 3.602328e+03 3.709436e+03 
1.421313e-01 3.405980e+03 3.511103e+03 
1.471717e-01 3.229031e+03 3.327109e+03 
1.522121e-01 3.068582e+03 3.156175e+03 
1.572525e-01 2.921549e+03 2.997157e+03 
1.622929e-01 2.784615e+03 2.849026e+03 
1.673333e-01 2.654651e+03 2.710857e+03 
1.723737e-01 2.530273e+03 2.581819e+03 
1.774141e-01 2.411685e+03 2.461159e+03 
1.824545e-01 2.299555e+03 2.348200e+03 
1.874949e-01 2.194131e+03 2.242329e+03 
1.925354e-01 2.095680e+03 2.142989e+03 
1.975758e-01 2.004445e+03 2.049677e+03 
2.026162e-01 1.920056e+03 1.961934e+03 
2.076566e-01 1.841409e+03 1.879343e+03 
2.126970e-01 1.767467e+03 1.801525e+03 
2.177374e-01 1.697584e+03 1.728134e+03 
2.227778e-01 1.631250e+03 1.658852e+03 
2.278182e-01 1.568028e+03 1.593391e+03 
2.328586e-01 1.507696e+03 1.531485e+03 
2.378990e-01 1.450357e+03 1.472891e+03 
2.429394e-01 1.396091e+03 1.417385e+03 
2.479798e-01 1.344720e+03 1.364763e+03 
2.530202e-01 1.296017e+03 1.314835e+03 
2.580606e-01 1.249933e+03 1.267427e+03 
2.631010e-01 1.206399e+03 1.222378e+03 
2.681414e-01 1.165115e+03 1.179541e+03 
2.731818e-01 1.125720e+03 1.138777e+03 
2.782222e-01 1.088018e+03 1.099960e+03 
2.832626e-01 1.052013e+03 1.062972e+03 
2.883030e-01 1.017662e+03 1.027704e+03 
2.933434e-01 9.848382e+02 9.940553e+02 
2.983838e-01 9.534231e+02 9.619306e+02 
3.034242e-01 9.233782e+02 9.312430e+02 
3.084646e-01 8.947159e+02 9.019109e+02 
3.135051e-01 8.673659e+02 8.738583e+02 
3.185455e-01 8.411799e+02 8.470145e+02 
3.235859e-01 8.160619e+02 8.213132e+02 
3.286263e-01 7.919868e+02 7.966929e+02 
3.336667e-01 7.689226e+02 7.730958e+02 
3.387071e-01 7.467973e+02 7.504678e+02 
3.437475e-01 7.255231e+02 7.287584e+02 
3.487879e-01 7.050554e+02 7.079201e+02 
3.538283e-01 6.853930e+02 6.879086e+02 
3.588687e-01 6.665233e+02 6.686821e+02 
3.639091e-01 6.483865e+02 6.502016e+02 
3.689495e-01 6.309190e+02 6.324300e+02 
3.739899e-01 6.140989e+02 6.153329e+02 
3.790303e-01 5.979228e+02 5.988777e+02 
3.840707e-01 5.823491e+02 5.830337e+02 
3.891111e-01 5.673288e+02 5.677719e+02 
3.941515e-01 5.528315e+02 5.530652e+02 
3.991919e-01 5.388490e+02 5.388878e+02 
4.042323e-01 5.253723e+02 5.252155e+02 
4.092727e-01 5.123667e+02 5.120253e+02 
4.143131e-01 4.997991e+02 4.992956e+02 
4.193535e-01 4.876532e+02 4.870058e+02 
4.243939e-01 4.759247e+02 4.751367e+02 
4.294343e-01 4.646020e+02 4.636698e+02 
4.344747e-01 4.536542e+02 4.525877e+02 
4.395152e-01 4.430572e+02 4.418741e+02 
4.445556e-01 4.328009e+02 4.315132e+02 
4.495960e-01 4.228803e+02 4.214902e+02 
4.546364e-01 4.132832e+02 4.117911e+02 
4.596768e-01 4.039866e+02 4.024026e+02 
4.647172e-01 3.949717e+02 3.933119e+02 
4.697576e-01 3.862378e+02 3.845070e+02 
4.747980e-01 3.777818e+02 3.759763e+02 
4.798384e-01 3.695841e+02 3.677091e+02 
4.848788e-01 3.616266e+02 3.596949e+02 
4.899192e-01 3.539057e+02 3.519239e+02 
4.949596e-01 3.464194e+02 3.443865e+02 
5.000000e-01 3.391573e+02 3.370738e+02 
