1.000000e-03 5.712905e+03 5.712900e+03 
6.040404e-03 2.518054e+04 2.538417e+04 
1.108081e-02 3.393533e+04 3.427289e+04 
1.612121e-02 3.606100e+04 3.651216e+04 
2.116162e-02 3.413266e+04 3.423090e+04 
2.620202e-02 3.007678e+04 2.975793e+04 
3.124242e-02 2.535531e+04 2.523935e+04 
3.628283e-02 2.094630e+04 2.153594e+04 
4.132323e-02 1.735944e+04 1.864998e+04 
4.636364e-02 1.471712e+04 1.637631e+04 
5.140404e-02 1.297454e+04 1.453746e+04 
5.644444e-02 1.190121e+04 1.301307e+04 
6.148485e-02 1.126050e+04 1.172459e+04 
6.652525e-02 1.082095e+04 1.061957e+04 
7.156566e-02 1.039042e+04 9.661456e+03 
7.660606e-02 9.837088e+03 8.823643e+03 
8.164646e-02 9.106432e+03 8.086035e+03 
8.668687e-02 8.225117e+03 7.432978e+03 
9.172727e-02 7.273585e+03 6.851984e+03 
9.676768e-02 6.351002e+03 6.332906e+03 
1.018081e-01 5.544276e+03 5.867382e+03 
1.068485e-01 4.907861e+03 5.448442e+03 
1.118889e-01 4.455719e+03 5.070225e+03 
1.169293e-01 4.169718e+03 4.727762e+03 
1.219697e-01 4.012267e+03 4.416818e+03 
1.270101e-01 3.935725e+03 4.133757e+03 
1.320505e-01 3.888698e+03 3.875448e+03 
1.370909e-01 3.824115e+03 3.639180e+03 
1.421313e-01 3.709211e+03 3.422597e+03 
1.471717e-01 3.530847e+03 3.223644e+03 
1.522121e-01 3.294563e+03 3.040520e+03 
1.572525e-01 3.020589e+03 2.871646e+03 
1.622929e-01 2.738406e+03 2.715630e+03 
1.673333e-01 2.478275e+03 2.571242e+03 
1.723737e-01 2.262033e+03 2.437393e+03 
1.774141e-01 2.098958e+03 2.313116e+03 
1.824545e-01 1.987736e+03 2.197549e+03 
1.874949e-01 1.920787e+03 2.089924e+03 
1.925354e-01 1.885976e+03 1.989554e+03 
1.975758e-01 1.867676e+03 1.895821e+03 
2.026162e-01 1.849172e+03 1.808172e+03 
2.076566e-01 1.816752e+03 1.726110e+03 
2.126970e-01 1.762914e+03 1.649184e+03 
2.177374e-01 1.686728e+03 1.576989e+03 
2.227778e-01 1.592688e+03 1.509156e+03 
2.278182e-01 1.488858e+03 1.445353e+03 
2.328586e-01 1.385154e+03 1.385277e+03 
2.378990e-01 1.290667e+03 1.328652e+03 
2.429394e-01 1.211843e+03 1.275227e+03 
2.479798e-01 1.151441e+03 1.224774e+03 
2.530202e-01 1.108985e+03 1.177083e+03 
2.580606e-01 1.081331e+03 1.131962e+03 
2.631010e-01 1.063533e+03 1.089235e+03 
2.681414e-01 1.049884e+03 1.048742e+03 
2.731818e-01 1.034940e+03 1.010335e+03 
2.782222e-01 1.014599e+03 9.738765e+02 
2.832626e-01 9.866485e+02 9.392416e+02 
2.883030e-01 9.509868e+02 9.063143e+02 
2.933434e-01 9.093507e+02 8.749878e+02 
2.983838e-01 8.647510e+02 8.451631e+02 
3.034242e-01 8.206400e+02 8.167488e+02 
3.084646e-01 7.801483e+02 7.896600e+02 
3.135051e-01 7.454536e+02 7.638181e+02 
3.185455e-01 7.174711e+02 7.391502e+02 
3.235859e-01 6.959834e+02 7.155883e+02 
3.286263e-01 6.798566e+02 6.930693e+02 
3.336667e-01 6.673300e+02 6.715346e+02 
3.387071e-01 6.563868e+02 6.509293e+02 
3.437475e-01 6.450813e+02 6.312024e+02 
3.487879e-01 6.319128e+02 6.123061e+02 
3.538283e-01 6.161273e+02 5.941959e+02 
3.588687e-01 5.977524e+02 5.768302e+02 
3.639091e-01 5.774249e+02 5.601699e+02 
3.689495e-01 5.561440e+02 5.441785e+02 
3.739899e-01 5.350605e+02 5.288218e+02 
3.790303e-01 5.152729e+02 5.140677e+02 
3.840707e-01 4.976400e+02 4.998859e+02 
3.891111e-01 4.825553e+02 4.862483e+02 
3.941515e-01 4.699731e+02 4.731281e+02 
3.991919e-01 4.594766e+02 4.605004e+02 
4.042323e-01 4.504532e+02 4.483414e+02 
4.092727e-01 4.421803e+02 4.366291e+02 
4.143131e-01 4.339769e+02 4.253425e+02 
4.193535e-01 4.252781e+02 4.144618e+02 
4.243939e-01 4.157672e+02 4.039684e+02 
4.294343e-01 4.054125e+02 3.938446e+02 
4.344747e-01 3.943987e+02 3.840740e+02 
4.395152e-01 3.830705e+02 3.746407e+02 
4.445556e-01 3.718310e+02 3.655298e+02 
4.495960e-01 3.610902e+02 3.567273e+02 
4.546364e-01 3.511483e+02 3.482199e+02 
4.596768e-01 3.421963e+02 3.399948e+02 
4.647172e-01 3.342392e+02 3.320402e+02 
4.697576e-01 3.271551e+02 3.243447e+02 
4.747980e-01 3.207380e+02 3.168974e+02 
4.798384e-01 3.147288e+02 3.096882e+02 
4.848788e-01 3.088714e+02 3.027074e+02 
4.899192e-01 3.029458e+02 2.959455e+02 
4.949596e-01 2.968163e+02 2.893940e+02 
5.000000e-01 2.904503e+02 2.830444e+02 
