1.000000e-03 6.052559e+03 6.052554e+03 
6.040404e-03 2.673593e+04 2.695585e+04 
1.108081e-02 3.630961e+04 3.670406e+04 
1.612121e-02 3.884779e+04 3.944213e+04 
2.116162e-02 3.695393e+04 3.720323e+04 
2.620202e-02 3.262702e+04 3.226806e+04 
3.124242e-02 2.743666e+04 2.706618e+04 
3.628283e-02 2.247622e+04 2.276651e+04 
4.132323e-02 1.835289e+04 1.946072e+04 
4.636364e-02 1.525578e+04 1.691324e+04 
5.140404e-02 1.316164e+04 1.489814e+04 
5.644444e-02 1.186021e+04 1.325875e+04 
6.148485e-02 1.110935e+04 1.189348e+04 
6.652525e-02 1.067376e+04 1.073588e+04 
7.156566e-02 1.033481e+04 9.740895e+03 
7.660606e-02 9.923891e+03 8.876673e+03 
8.164646e-02 9.342185e+03 8.119810e+03 
8.668687e-02 8.573233e+03 7.452504e+03 
9.172727e-02 7.668279e+03 6.860841e+03 
9.676768e-02 6.717931e+03 6.333705e+03 
1.018081e-01 5.821561e+03 5.862059e+03 
1.068485e-01 5.060120e+03 5.438453e+03 
1.118889e-01 4.477196e+03 5.056679e+03 
1.169293e-01 4.077162e+03 4.711514e+03 
1.219697e-01 3.836906e+03 4.398531e+03 
1.270101e-01 3.718554e+03 4.113951e+03 
1.320505e-01 3.676344e+03 3.854532e+03 
1.370909e-01 3.660932e+03 3.617480e+03 
1.421313e-01 3.626211e+03 3.400369e+03 
1.471717e-01 3.538573e+03 3.201093e+03 
1.522121e-01 3.382921e+03 3.017812e+03 
1.572525e-01 3.163074e+03 2.848911e+03 
1.622929e-01 2.898828e+03 2.692972e+03 
1.673333e-01 2.620026e+03 2.548744e+03 
1.723737e-01 2.357499e+03 2.415121e+03 
1.774141e-01 2.134519e+03 2.291122e+03 
1.824545e-01 1.963090e+03 2.175873e+03 
1.874949e-01 1.845011e+03 2.068596e+03 
1.925354e-01 1.774967e+03 1.968598e+03 
1.975758e-01 1.742364e+03 1.875254e+03 
2.026162e-01 1.732667e+03 1.788006e+03 
2.076566e-01 1.729410e+03 1.706353e+03 
2.126970e-01 1.717461e+03 1.629840e+03 
2.177374e-01 1.685959e+03 1.558060e+03 
2.227778e-01 1.630005e+03 1.490641e+03 
2.278182e-01 1.550839e+03 1.427250e+03 
2.328586e-01 1.454901e+03 1.367581e+03 
2.378990e-01 1.351834e+03 1.311358e+03 
2.429394e-01 1.251754e+03 1.258330e+03 
2.479798e-01 1.163175e+03 1.208266e+03 
2.530202e-01 1.091616e+03 1.160957e+03 
2.580606e-01 1.039223e+03 1.116209e+03 
2.631010e-01 1.004910e+03 1.073849e+03 
2.681414e-01 9.850717e+02 1.033713e+03 
2.731818e-01 9.745069e+02 9.956547e+02 
2.782222e-01 9.675327e+02 9.595365e+02 
2.832626e-01 9.587944e+02 9.252332e+02 
2.883030e-01 9.440036e+02 8.926290e+02 
2.933434e-01 9.206321e+02 8.616170e+02 
2.983838e-01 8.883471e+02 8.320984e+02 
3.034242e-01 8.489636e+02 8.039820e+02 
3.084646e-01 8.056874e+02 7.771829e+02 
3.135051e-01 7.621764e+02 7.516228e+02 
3.185455e-01 7.217512e+02 7.272288e+02 
3.235859e-01 6.868861e+02 7.039333e+02 
3.286263e-01 6.589515e+02 6.816732e+02 
3.336667e-01 6.381239e+02 6.603901e+02 
3.387071e-01 6.234761e+02 6.400294e+02 
3.437475e-01 6.133050e+02 6.205402e+02 
3.487879e-01 6.055284e+02 6.018750e+02 
3.538283e-01 5.980277e+02 5.839894e+02 
3.588687e-01 5.890046e+02 5.668419e+02 
3.639091e-01 5.772287e+02 5.503938e+02 
3.689495e-01 5.622268e+02 5.346087e+02 
3.739899e-01 5.443079e+02 5.194526e+02 
3.790303e-01 5.243878e+02 5.048934e+02 
3.840707e-01 5.037151e+02 4.909013e+02 
3.891111e-01 4.835777e+02 4.774480e+02 
3.941515e-01 4.651078e+02 4.645072e+02 
3.991919e-01 4.490921e+02 4.520538e+02 
4.042323e-01 4.358788e+02 4.400646e+02 
4.092727e-01 4.253271e+02 4.285173e+02 
4.143131e-01 4.169449e+02 4.173913e+02 
4.193535e-01 4.100107e+02 4.066670e+02 
4.243939e-01 4.037379e+02 3.963257e+02 
4.294343e-01 3.973805e+02 3.863501e+02 
4.344747e-01 3.903363e+02 3.767237e+02 
4.395152e-01 3.822226e+02 3.674308e+02 
4.445556e-01 3.729689e+02 3.584567e+02 
4.495960e-01 3.627931e+02 3.497874e+02 
4.546364e-01 3.521088e+02 3.414098e+02 
4.596768e-01 3.413755e+02 3.333112e+02 
4.647172e-01 3.310450e+02 3.254798e+02 
4.697576e-01 3.215016e+02 3.179044e+02 
4.747980e-01 3.130132e+02 3.105742e+02 
4.798384e-01 3.056536e+02 3.034791e+02 
4.848788e-01 2.993338e+02 2.966095e+02 
4.899192e-01 2.938180e+02 2.899563e+02 
4.949596e-01 2.888161e+02 2.835106e+02 
5.000000e-01 2.840397e+02 2.772643e+02 
