1.000000e-03 2.348659e+03 2.348657e+03 
6.040404e-03 1.052745e+04 1.060303e+04 
1.108081e-02 1.447600e+04 1.448071e+04 
1.612121e-02 1.598165e+04 1.586631e+04 
2.116162e-02 1.608888e+04 1.588963e+04 
2.620202e-02 1.544939e+04 1.528760e+04 
3.124242e-02 1.448275e+04 1.444945e+04 
3.628283e-02 1.344185e+04 1.353940e+04 
4.132323e-02 1.245681e+04 1.262839e+04 
4.636364e-02 1.156240e+04 1.175032e+04 
5.140404e-02 1.077709e+04 1.092161e+04 
5.644444e-02 1.004793e+04 1.014933e+04 
6.148485e-02 9.362639e+03 9.435204e+03 
6.652525e-02 8.707792e+03 8.777966e+03 
7.156566e-02 8.077047e+03 8.174755e+03 
7.660606e-02 7.479824e+03 7.621918e+03 
8.164646e-02 6.933590e+03 7.115515e+03 
8.668687e-02 6.448900e+03 6.651596e+03 
9.172727e-02 6.022544e+03 6.226369e+03 
9.676768e-02 5.647052e+03 5.836278e+03 
1.018081e-01 5.316017e+03 5.478045e+03 
1.068485e-01 5.020052e+03 5.148674e+03 
1.118889e-01 4.745528e+03 4.845451e+03 
1.169293e-01 4.482020e+03 4.565924e+03 
1.219697e-01 4.226540e+03 4.307886e+03 
1.270101e-01 3.982316e+03 4.069353e+03 
1.320505e-01 3.753395e+03 3.848544e+03 
1.370909e-01 3.542508e+03 3.643860e+03 
1.421313e-01 3.350734e+03 3.453862e+03 
1.471717e-01 3.177524e+03 3.277261e+03 
1.522121e-01 3.020813e+03 3.112896e+03 
1.572525e-01 2.878120e+03 2.959721e+03 
1.622929e-01 2.746586e+03 2.816795e+03 
1.673333e-01 2.623116e+03 2.683269e+03 
1.723737e-01 2.505129e+03 2.558376e+03 
1.774141e-01 2.391928e+03 2.441420e+03 
1.824545e-01 2.283948e+03 2.331775e+03 
1.874949e-01 2.181689e+03 2.228870e+03 
1.925354e-01 2.085366e+03 2.132186e+03 
1.975758e-01 1.995261e+03 2.041255e+03 
2.026162e-01 1.911663e+03 1.955647e+03 
2.076566e-01 1.834191e+03 1.874971e+03 
2.126970e-01 1.761856e+03 1.798871e+03 
2.177374e-01 1.693639e+03 1.727021e+03 
2.227778e-01 1.629030e+03 1.659122e+03 
2.278182e-01 1.567643e+03 1.594902e+03 
2.328586e-01 1.509057e+03 1.534108e+03 
2.378990e-01 1.452994e+03 1.476512e+03 
2.429394e-01 1.399552e+03 1.421899e+03 
2.479798e-01 1.348859e+03 1.370077e+03 
2.530202e-01 1.300816e+03 1.320864e+03 
2.580606e-01 1.255218e+03 1.274094e+03 
2.631010e-01 1.211959e+03 1.229615e+03 
2.681414e-01 1.171013e+03 1.187285e+03 
2.731818e-01 1.132187e+03 1.146971e+03 
2.782222e-01 1.095157e+03 1.108553e+03 
2.832626e-01 1.059662e+03 1.071917e+03 
2.883030e-01 1.025668e+03 1.036959e+03 
2.933434e-01 9.931768e+02 1.003582e+03 
2.983838e-01 9.621109e+02 9.716938e+02 
3.034242e-01 9.323526e+02 9.412114e+02 
3.084646e-01 9.038287e+02 9.120559e+02 
3.135051e-01 8.765501e+02 8.841538e+02 
3.185455e-01 8.504834e+02 8.574368e+02 
3.235859e-01 8.255413e+02 8.318409e+02 
3.286263e-01 8.016152e+02 8.073063e+02 
3.336667e-01 7.786246e+02 7.837772e+02 
3.387071e-01 7.565596e+02 7.612010e+02 
3.437475e-01 7.353858e+02 7.395288e+02 
3.487879e-01 7.150364e+02 7.187144e+02 
3.538283e-01 6.954417e+02 6.987148e+02 
3.588687e-01 6.765601e+02 6.794892e+02 
3.639091e-01 6.584050e+02 6.609995e+02 
3.689495e-01 6.409559e+02 6.432099e+02 
3.739899e-01 6.241563e+02 6.260865e+02 
3.790303e-01 6.079609e+02 6.095977e+02 
3.840707e-01 5.923412e+02 5.937135e+02 
3.891111e-01 5.772969e+02 5.784055e+02 
3.941515e-01 5.628009e+02 5.636472e+02 
3.991919e-01 5.488000e+02 5.494133e+02 
4.042323e-01 5.352735e+02 5.356801e+02 
4.092727e-01 5.222069e+02 5.224252e+02 
4.143131e-01 5.095911e+02 5.096273e+02 
4.193535e-01 4.974096e+02 4.972662e+02 
4.243939e-01 4.856320e+02 4.853230e+02 
4.294343e-01 4.742348e+02 4.737797e+02 
4.344747e-01 4.632115e+02 4.626190e+02 
4.395152e-01 4.525563e+02 4.518249e+02 
4.445556e-01 4.422497e+02 4.413820e+02 
4.495960e-01 4.322620e+02 4.312756e+02 
4.546364e-01 4.225820e+02 4.214919e+02 
4.596768e-01 4.132060e+02 4.120178e+02 
4.647172e-01 4.041281e+02 4.028407e+02 
4.697576e-01 3.953334e+02 3.939487e+02 
4.747980e-01 3.867971e+02 3.853306e+02 
4.798384e-01 3.785124e+02 3.769755e+02 
4.848788e-01 3.704813e+02 3.688731e+02 
4.899192e-01 3.626963e+02 3.610137e+02 
4.949596e-01 3.551354e+02 3.533881e+02 
5.000000e-01 3.477869e+02 3.459871e+02 
