1.000000e-03 5.133409e+03 5.133404e+03 
6.040404e-03 2.248209e+04 2.266184e+04 
1.108081e-02 3.024631e+04 3.051366e+04 
1.612121e-02 3.218034e+04 3.249924e+04 
2.116162e-02 3.059675e+04 3.061690e+04 
2.620202e-02 2.718356e+04 2.693400e+04 
3.124242e-02 2.319726e+04 2.320984e+04 
3.628283e-02 1.946790e+04 2.010883e+04 
4.132323e-02 1.642490e+04 1.763322e+04 
4.636364e-02 1.416729e+04 1.563400e+04 
5.140404e-02 1.266017e+04 1.398216e+04 
5.644444e-02 1.169902e+04 1.258911e+04 
6.148485e-02 1.107804e+04 1.139574e+04 
6.652525e-02 1.059568e+04 1.036148e+04 
7.156566e-02 1.009525e+04 9.457211e+03 
7.660606e-02 9.477743e+03 8.661142e+03 
8.164646e-02 8.715606e+03 7.956387e+03 
8.668687e-02 7.848988e+03 7.329502e+03 
9.172727e-02 6.956201e+03 6.769567e+03 
9.676768e-02 6.121670e+03 6.267572e+03 
1.018081e-01 5.412818e+03 5.816000e+03 
1.068485e-01 4.866417e+03 5.408518e+03 
1.118889e-01 4.484539e+03 5.039752e+03 
1.169293e-01 4.242001e+03 4.705114e+03 
1.219697e-01 4.099014e+03 4.400665e+03 
1.270101e-01 4.009436e+03 4.123009e+03 
1.320505e-01 3.927693e+03 3.869204e+03 
1.370909e-01 3.816513e+03 3.636691e+03 
1.421313e-01 3.655431e+03 3.423240e+03 
1.471717e-01 3.442654e+03 3.226897e+03 
1.522121e-01 3.190922e+03 3.045945e+03 
1.572525e-01 2.922209e+03 2.878876e+03 
1.622929e-01 2.662809e+03 2.724353e+03 
1.673333e-01 2.436145e+03 2.581195e+03 
1.723737e-01 2.256023e+03 2.448354e+03 
1.774141e-01 2.124715e+03 2.324895e+03 
1.824545e-01 2.036340e+03 2.209987e+03 
1.874949e-01 1.980700e+03 2.102883e+03 
1.925354e-01 1.944865e+03 2.002917e+03 
1.975758e-01 1.914348e+03 1.909490e+03 
2.026162e-01 1.875722e+03 1.822063e+03 
2.076566e-01 1.820310e+03 1.740151e+03 
2.126970e-01 1.745978e+03 1.663314e+03 
2.177374e-01 1.656050e+03 1.591155e+03 
2.227778e-01 1.557125e+03 1.523315e+03 
2.278182e-01 1.457245e+03 1.459468e+03 
2.328586e-01 1.364390e+03 1.399315e+03 
2.378990e-01 1.284667e+03 1.342588e+03 
2.429394e-01 1.221174e+03 1.289039e+03 
2.479798e-01 1.173810e+03 1.238442e+03 
2.530202e-01 1.140024e+03 1.190592e+03 
2.580606e-01 1.115588e+03 1.145300e+03 
2.631010e-01 1.095514e+03 1.102392e+03 
2.681414e-01 1.074981e+03 1.061709e+03 
2.731818e-01 1.050345e+03 1.023106e+03 
2.782222e-01 1.019705e+03 9.864464e+02 
2.832626e-01 9.830220e+02 9.516071e+02 
2.883030e-01 9.417814e+02 9.184730e+02 
2.933434e-01 8.984578e+02 8.869382e+02 
2.983838e-01 8.559121e+02 8.569046e+02 
3.034242e-01 8.167180e+02 8.282815e+02 
3.084646e-01 7.826835e+02 8.009846e+02 
3.135051e-01 7.545326e+02 7.749359e+02 
3.185455e-01 7.319536e+02 7.500627e+02 
3.235859e-01 7.138709e+02 7.262977e+02 
3.286263e-01 6.987284e+02 7.035779e+02 
3.336667e-01 6.848359e+02 6.818450e+02 
3.387071e-01 6.706414e+02 6.610443e+02 
3.437475e-01 6.549845e+02 6.411249e+02 
3.487879e-01 6.373291e+02 6.220394e+02 
3.538283e-01 6.178118e+02 6.037431e+02 
3.588687e-01 5.970893e+02 5.861947e+02 
3.639091e-01 5.760523e+02 5.693551e+02 
3.689495e-01 5.556067e+02 5.531878e+02 
3.739899e-01 5.365477e+02 5.376587e+02 
3.790303e-01 5.194406e+02 5.227356e+02 
3.840707e-01 5.045374e+02 5.083883e+02 
3.891111e-01 4.917056e+02 4.945886e+02 
3.941515e-01 4.805031e+02 4.813098e+02 
3.991919e-01 4.703597e+02 4.685268e+02 
4.042323e-01 4.606982e+02 4.562160e+02 
4.092727e-01 4.510183e+02 4.443552e+02 
4.143131e-01 4.409537e+02 4.329233e+02 
4.193535e-01 4.303322e+02 4.219006e+02 
4.243939e-01 4.192018e+02 4.112683e+02 
4.294343e-01 4.077834e+02 4.010088e+02 
4.344747e-01 3.963812e+02 3.911055e+02 
4.395152e-01 3.853098e+02 3.815424e+02 
4.445556e-01 3.748376e+02 3.723048e+02 
4.495960e-01 3.651421e+02 3.633785e+02 
4.546364e-01 3.562977e+02 3.547500e+02 
4.596768e-01 3.482578e+02 3.464067e+02 
4.647172e-01 3.408759e+02 3.383365e+02 
4.697576e-01 3.339522e+02 3.305280e+02 
4.747980e-01 3.272810e+02 3.229703e+02 
4.798384e-01 3.206937e+02 3.156533e+02 
4.848788e-01 3.140594e+02 3.085670e+02 
4.899192e-01 3.073087e+02 3.017021e+02 
4.949596e-01 3.004613e+02 2.950499e+02 
5.000000e-01 2.936004e+02 2.886019e+02 
