1.000000e-03 3.992763e+03 3.992760e+03 
6.040404e-03 1.743994e+04 1.757370e+04 
1.108081e-02 2.354124e+04 2.368858e+04 
1.612121e-02 2.526216e+04 2.537225e+04 
2.116162e-02 2.438409e+04 2.429599e+04 
2.620202e-02 2.215651e+04 2.200450e+04 
3.124242e-02 1.947872e+04 1.961722e+04 
3.628283e-02 1.693257e+04 1.752332e+04 
4.132323e-02 1.481809e+04 1.574605e+04 
4.636364e-02 1.320656e+04 1.422787e+04 
5.140404e-02 1.206924e+04 1.291480e+04 
5.644444e-02 1.126132e+04 1.176728e+04 
6.148485e-02 1.063935e+04 1.075670e+04 
6.652525e-02 1.006694e+04 9.861629e+03 
7.156566e-02 9.453617e+03 9.065309e+03 
7.660606e-02 8.758590e+03 8.354184e+03 
8.164646e-02 7.995432e+03 7.717043e+03 
8.668687e-02 7.214236e+03 7.144475e+03 
9.172727e-02 6.474186e+03 6.628493e+03 
9.676768e-02 5.824748e+03 6.162270e+03 
1.018081e-01 5.297943e+03 5.739944e+03 
1.068485e-01 4.902530e+03 5.356455e+03 
1.118889e-01 4.621632e+03 5.007422e+03 
1.169293e-01 4.421933e+03 4.689039e+03 
1.219697e-01 4.265399e+03 4.397991e+03 
1.270101e-01 4.117661e+03 4.131380e+03 
1.320505e-01 3.952639e+03 3.886670e+03 
1.370909e-01 3.756631e+03 3.661632e+03 
1.421313e-01 3.530583e+03 3.454302e+03 
1.471717e-01 3.286788e+03 3.262949e+03 
1.522121e-01 3.042303e+03 3.086041e+03 
1.572525e-01 2.814035e+03 2.922218e+03 
1.622929e-01 2.615878e+03 2.770272e+03 
1.673333e-01 2.455894e+03 2.629127e+03 
1.723737e-01 2.334034e+03 2.497824e+03 
1.774141e-01 2.243061e+03 2.375502e+03 
1.824545e-01 2.172239e+03 2.261392e+03 
1.874949e-01 2.110855e+03 2.154802e+03 
1.925354e-01 2.049466e+03 2.055110e+03 
1.975758e-01 1.980690e+03 1.961755e+03 
2.026162e-01 1.900904e+03 1.874230e+03 
2.076566e-01 1.811152e+03 1.792077e+03 
2.126970e-01 1.716113e+03 1.714882e+03 
2.177374e-01 1.621722e+03 1.642266e+03 
2.227778e-01 1.533348e+03 1.573888e+03 
2.278182e-01 1.454951e+03 1.509436e+03 
2.328586e-01 1.388606e+03 1.448624e+03 
2.378990e-01 1.334314e+03 1.391194e+03 
2.429394e-01 1.290243e+03 1.336907e+03 
2.479798e-01 1.253329e+03 1.285546e+03 
2.530202e-01 1.219969e+03 1.236912e+03 
2.580606e-01 1.186826e+03 1.190822e+03 
2.631010e-01 1.151499e+03 1.147106e+03 
2.681414e-01 1.113055e+03 1.105611e+03 
2.731818e-01 1.071900e+03 1.066192e+03 
2.782222e-01 1.029308e+03 1.028720e+03 
2.832626e-01 9.869463e+02 9.930704e+02 
2.883030e-01 9.465206e+02 9.591324e+02 
2.933434e-01 9.094461e+02 9.268013e+02 
2.983838e-01 8.765449e+02 8.959806e+02 
3.034242e-01 8.478937e+02 8.665807e+02 
3.084646e-01 8.229129e+02 8.385183e+02 
3.135051e-01 8.006477e+02 8.117163e+02 
3.185455e-01 7.800144e+02 7.861026e+02 
3.235859e-01 7.599530e+02 7.616104e+02 
3.286263e-01 7.396577e+02 7.381771e+02 
3.336667e-01 7.187051e+02 7.157446e+02 
3.387071e-01 6.971097e+02 6.942585e+02 
3.437475e-01 6.751975e+02 6.736680e+02 
3.487879e-01 6.534758e+02 6.539256e+02 
3.538283e-01 6.324864e+02 6.349868e+02 
3.588687e-01 6.127111e+02 6.168100e+02 
3.639091e-01 5.944311e+02 5.993561e+02 
3.689495e-01 5.777053e+02 5.825886e+02 
3.739899e-01 5.623955e+02 5.664730e+02 
3.790303e-01 5.482307e+02 5.509771e+02 
3.840707e-01 5.349015e+02 5.360704e+02 
3.891111e-01 5.220821e+02 5.217245e+02 
3.941515e-01 5.094581e+02 5.079124e+02 
3.991919e-01 4.968326e+02 4.946088e+02 
4.042323e-01 4.841733e+02 4.817899e+02 
4.092727e-01 4.715581e+02 4.694330e+02 
4.143131e-01 4.591274e+02 4.575171e+02 
4.193535e-01 4.470315e+02 4.460219e+02 
4.243939e-01 4.353974e+02 4.349286e+02 
4.294343e-01 4.243296e+02 4.242192e+02 
4.344747e-01 4.139003e+02 4.138767e+02 
4.395152e-01 4.040911e+02 4.038852e+02 
4.445556e-01 3.948102e+02 3.942293e+02 
4.495960e-01 3.859457e+02 3.848948e+02 
4.546364e-01 3.773980e+02 3.758679e+02 
4.596768e-01 3.690898e+02 3.671357e+02 
4.647172e-01 3.609462e+02 3.586859e+02 
4.697576e-01 3.529056e+02 3.505069e+02 
4.747980e-01 3.449659e+02 3.425875e+02 
4.798384e-01 3.371672e+02 3.349172e+02 
4.848788e-01 3.295673e+02 3.274861e+02 
4.899192e-01 3.221979e+02 3.202846e+02 
4.949596e-01 3.150805e+02 3.133036e+02 
5.000000e-01 3.082410e+02 3.065344e+02 
