1.000000e-03 4.409846e+03 4.409842e+03 
6.040404e-03 1.991830e+04 2.007709e+04 
1.108081e-02 2.723710e+04 2.746793e+04 
1.612121e-02 2.937783e+04 2.965272e+04 
2.116162e-02 2.830353e+04 2.832413e+04 
2.620202e-02 2.548327e+04 2.525784e+04 
3.124242e-02 2.203550e+04 2.202340e+04 
3.628283e-02 1.872130e+04 1.926414e+04 
4.132323e-02 1.595697e+04 1.702353e+04 
4.636364e-02 1.386307e+04 1.519018e+04 
5.140404e-02 1.243067e+04 1.365915e+04 
5.644444e-02 1.149587e+04 1.235639e+04 
6.148485e-02 1.087711e+04 1.123178e+04 
6.652525e-02 1.040159e+04 1.025059e+04 
7.156566e-02 9.919549e+03 9.387656e+03 
7.660606e-02 9.337402e+03 8.623990e+03 
8.164646e-02 8.625623e+03 7.944728e+03 
8.668687e-02 7.816626e+03 7.337934e+03 
9.172727e-02 6.976875e+03 6.793828e+03 
9.676768e-02 6.180849e+03 6.304277e+03 
1.018081e-01 5.491811e+03 5.862444e+03 
1.068485e-01 4.948963e+03 5.462529e+03 
1.118889e-01 4.559820e+03 5.099580e+03 
1.169293e-01 4.303992e+03 4.769346e+03 
1.219697e-01 4.145711e+03 4.468157e+03 
1.270101e-01 4.043315e+03 4.192831e+03 
1.320505e-01 3.955296e+03 3.940601e+03 
1.370909e-01 3.846267e+03 3.709053e+03 
1.421313e-01 3.694055e+03 3.496069e+03 
1.471717e-01 3.493771e+03 3.299791e+03 
1.522121e-01 3.255249e+03 3.118580e+03 
1.572525e-01 2.997898e+03 2.950990e+03 
1.622929e-01 2.745157e+03 2.795738e+03 
1.673333e-01 2.518685e+03 2.651685e+03 
1.723737e-01 2.333339e+03 2.517817e+03 
1.774141e-01 2.194083e+03 2.393232e+03 
1.824545e-01 2.097057e+03 2.277119e+03 
1.874949e-01 2.033166e+03 2.168755e+03 
1.925354e-01 1.990603e+03 2.067488e+03 
1.975758e-01 1.956232e+03 1.972733e+03 
2.026162e-01 1.917476e+03 1.883964e+03 
2.076566e-01 1.865086e+03 1.800702e+03 
2.126970e-01 1.795327e+03 1.722516e+03 
2.177374e-01 1.709963e+03 1.649017e+03 
2.227778e-01 1.614509e+03 1.579850e+03 
2.278182e-01 1.516416e+03 1.514691e+03 
2.328586e-01 1.423214e+03 1.453247e+03 
2.378990e-01 1.341004e+03 1.395250e+03 
2.429394e-01 1.273354e+03 1.340455e+03 
2.479798e-01 1.221130e+03 1.288639e+03 
2.530202e-01 1.182748e+03 1.239596e+03 
2.580606e-01 1.154661e+03 1.193138e+03 
2.631010e-01 1.132228e+03 1.149093e+03 
2.681414e-01 1.110749e+03 1.107302e+03 
2.731818e-01 1.086462e+03 1.067618e+03 
2.782222e-01 1.057141e+03 1.029906e+03 
2.832626e-01 1.022184e+03 9.940426e+02 
2.883030e-01 9.824331e+02 9.599120e+02 
2.933434e-01 9.398801e+02 9.274079e+02 
2.983838e-01 8.971822e+02 8.964320e+02 
3.034242e-01 8.569567e+02 8.668929e+02 
3.084646e-01 8.211279e+02 8.387058e+02 
3.135051e-01 7.906722e+02 8.117921e+02 
3.185455e-01 7.656623e+02 7.860785e+02 
3.235859e-01 7.454170e+02 7.614969e+02 
3.286263e-01 7.286532e+02 7.379840e+02 
3.336667e-01 7.137436e+02 7.154805e+02 
3.387071e-01 6.991041e+02 6.939313e+02 
3.437475e-01 6.835171e+02 6.732848e+02 
3.487879e-01 6.662806e+02 6.534929e+02 
3.538283e-01 6.472736e+02 6.345105e+02 
3.588687e-01 6.268621e+02 6.162953e+02 
3.639091e-01 6.057730e+02 5.988079e+02 
3.689495e-01 5.849101e+02 5.820112e+02 
3.739899e-01 5.651180e+02 5.658703e+02 
3.790303e-01 5.470152e+02 5.503527e+02 
3.840707e-01 5.309148e+02 5.354276e+02 
3.891111e-01 5.168397e+02 5.210661e+02 
3.941515e-01 5.045576e+02 5.072411e+02 
3.991919e-01 4.936115e+02 4.939271e+02 
4.042323e-01 4.834134e+02 4.810998e+02 
4.092727e-01 4.734114e+02 4.687366e+02 
4.143131e-01 4.632062e+02 4.568160e+02 
4.193535e-01 4.525692e+02 4.453179e+02 
4.243939e-01 4.414742e+02 4.342230e+02 
4.294343e-01 4.300188e+02 4.235133e+02 
4.344747e-01 4.184189e+02 4.131718e+02 
4.395152e-01 4.069854e+02 4.031822e+02 
4.445556e-01 3.960300e+02 3.935292e+02 
4.495960e-01 3.857722e+02 3.841984e+02 
4.546364e-01 3.762979e+02 3.751760e+02 
4.596768e-01 3.676128e+02 3.664490e+02 
4.647172e-01 3.596410e+02 3.580050e+02 
4.697576e-01 3.522413e+02 3.498322e+02 
4.747980e-01 3.452211e+02 3.419196e+02 
4.798384e-01 3.383780e+02 3.342566e+02 
4.848788e-01 3.315494e+02 3.268330e+02 
4.899192e-01 3.246576e+02 3.196393e+02 
4.949596e-01 3.176940e+02 3.126664e+02 
5.000000e-01 3.106900e+02 3.059056e+02 
