1.000000e-03 3.309156e+03 3.309153e+03 
6.040404e-03 1.462977e+04 1.473542e+04 
1.108081e-02 1.983648e+04 1.990876e+04 
1.612121e-02 2.143722e+04 2.141831e+04 
2.116162e-02 2.094152e+04 2.078509e+04 
2.620202e-02 1.937212e+04 1.926360e+04 
3.124242e-02 1.743707e+04 1.761013e+04 
3.628283e-02 1.557684e+04 1.607063e+04 
4.132323e-02 1.400708e+04 1.468355e+04 
4.636364e-02 1.277403e+04 1.343958e+04 
5.140404e-02 1.183454e+04 1.232347e+04 
5.644444e-02 1.108267e+04 1.132109e+04 
6.148485e-02 1.041279e+04 1.041999e+04 
6.652525e-02 9.747148e+03 9.609077e+03 
7.156566e-02 9.044143e+03 8.878397e+03 
7.660606e-02 8.306389e+03 8.219061e+03 
8.164646e-02 7.571153e+03 7.623138e+03 
8.668687e-02 6.884091e+03 7.083585e+03 
9.172727e-02 6.279175e+03 6.594172e+03 
9.676768e-02 5.776182e+03 6.149396e+03 
1.018081e-01 5.379515e+03 5.744411e+03 
1.068485e-01 5.074887e+03 5.374946e+03 
1.118889e-01 4.832248e+03 5.037244e+03 
1.169293e-01 4.617958e+03 4.727991e+03 
1.219697e-01 4.406269e+03 4.444268e+03 
1.270101e-01 4.182760e+03 4.183496e+03 
1.320505e-01 3.943580e+03 3.943397e+03 
1.370909e-01 3.694668e+03 3.721954e+03 
1.421313e-01 3.448299e+03 3.517377e+03 
1.471717e-01 3.217572e+03 3.328077e+03 
1.522121e-01 3.012133e+03 3.152639e+03 
1.572525e-01 2.837465e+03 2.989804e+03 
1.622929e-01 2.694249e+03 2.838444e+03 
1.673333e-01 2.577611e+03 2.697551e+03 
1.723737e-01 2.478578e+03 2.566223e+03 
1.774141e-01 2.387719e+03 2.443648e+03 
1.824545e-01 2.298008e+03 2.329096e+03 
1.874949e-01 2.205318e+03 2.221909e+03 
1.925354e-01 2.108191e+03 2.121493e+03 
1.975758e-01 2.007856e+03 2.027313e+03 
2.026162e-01 1.907960e+03 1.938880e+03 
2.076566e-01 1.812819e+03 1.855755e+03 
2.126970e-01 1.725722e+03 1.777537e+03 
2.177374e-01 1.648343e+03 1.703860e+03 
2.227778e-01 1.580833e+03 1.634393e+03 
2.278182e-01 1.521965e+03 1.568832e+03 
2.328586e-01 1.469535e+03 1.506900e+03 
2.378990e-01 1.421061e+03 1.448343e+03 
2.429394e-01 1.374378e+03 1.392930e+03 
2.479798e-01 1.327902e+03 1.340447e+03 
2.530202e-01 1.280761e+03 1.290698e+03 
2.580606e-01 1.233043e+03 1.243502e+03 
2.631010e-01 1.185744e+03 1.198695e+03 
2.681414e-01 1.140153e+03 1.156122e+03 
2.731818e-01 1.097231e+03 1.115643e+03 
2.782222e-01 1.057457e+03 1.077128e+03 
2.832626e-01 1.020985e+03 1.040454e+03 
2.883030e-01 9.877187e+02 1.005512e+03 
2.933434e-01 9.571973e+02 9.721966e+02 
2.983838e-01 9.286293e+02 9.404121e+02 
3.034242e-01 9.012317e+02 9.100692e+02 
3.084646e-01 8.744906e+02 8.810849e+02 
3.135051e-01 8.481782e+02 8.533819e+02 
3.185455e-01 8.222208e+02 8.268882e+02 
3.235859e-01 7.966911e+02 8.015367e+02 
3.286263e-01 7.718270e+02 7.772647e+02 
3.336667e-01 7.479482e+02 7.540139e+02 
3.387071e-01 7.253124e+02 7.317296e+02 
3.437475e-01 7.040045e+02 7.103606e+02 
3.487879e-01 6.839607e+02 6.898590e+02 
3.538283e-01 6.650537e+02 6.701801e+02 
3.588687e-01 6.471122e+02 6.512819e+02 
3.639091e-01 6.299472e+02 6.331248e+02 
3.689495e-01 6.133494e+02 6.156719e+02 
3.739899e-01 5.971899e+02 5.988883e+02 
3.790303e-01 5.814181e+02 5.827413e+02 
3.840707e-01 5.660491e+02 5.672002e+02 
3.891111e-01 5.511024e+02 5.522359e+02 
3.941515e-01 5.366178e+02 5.378212e+02 
3.991919e-01 5.226653e+02 5.239303e+02 
4.042323e-01 5.093047e+02 5.105390e+02 
4.092727e-01 4.965427e+02 4.976242e+02 
4.143131e-01 4.843209e+02 4.851645e+02 
4.193535e-01 4.725801e+02 4.731392e+02 
4.243939e-01 4.612795e+02 4.615291e+02 
4.294343e-01 4.503751e+02 4.503159e+02 
4.344747e-01 4.398139e+02 4.394823e+02 
4.395152e-01 4.295391e+02 4.290117e+02 
4.445556e-01 4.195343e+02 4.188888e+02 
4.495960e-01 4.098129e+02 4.090987e+02 
4.546364e-01 4.003906e+02 3.996276e+02 
4.596768e-01 3.912635e+02 3.904620e+02 
4.647172e-01 3.824175e+02 3.815894e+02 
4.697576e-01 3.738663e+02 3.729978e+02 
4.747980e-01 3.656211e+02 3.646759e+02 
4.798384e-01 3.576597e+02 3.566128e+02 
4.848788e-01 3.499575e+02 3.487983e+02 
4.899192e-01 3.424759e+02 3.412225e+02 
4.949596e-01 3.352191e+02 3.338762e+02 
5.000000e-01 3.281782e+02 3.267504e+02 
