1.000000e-03 5.920785e+03 5.920780e+03 
6.040404e-03 2.565910e+04 2.586257e+04 
1.108081e-02 3.416453e+04 3.448408e+04 
1.612121e-02 3.593829e+04 3.631920e+04 
2.116162e-02 3.372966e+04 3.373396e+04 
2.620202e-02 2.953907e+04 2.924436e+04 
3.124242e-02 2.483807e+04 2.489525e+04 
3.628283e-02 2.056601e+04 2.136915e+04 
4.132323e-02 1.717432e+04 1.860432e+04 
4.636364e-02 1.473373e+04 1.640015e+04 
5.140404e-02 1.316166e+04 1.459694e+04 
5.644444e-02 1.219693e+04 1.308842e+04 
6.148485e-02 1.158800e+04 1.180485e+04 
6.652525e-02 1.110192e+04 1.069889e+04 
7.156566e-02 1.056504e+04 9.736869e+03 
7.660606e-02 9.872351e+03 8.893807e+03 
8.164646e-02 9.007757e+03 8.150492e+03 
8.668687e-02 8.033309e+03 7.491747e+03 
9.172727e-02 7.049677e+03 6.905330e+03 
9.676768e-02 6.155651e+03 6.381213e+03 
1.018081e-01 5.422659e+03 5.911075e+03 
1.068485e-01 4.881040e+03 5.487951e+03 
1.118889e-01 4.521829e+03 5.105959e+03 
1.169293e-01 4.310047e+03 4.760103e+03 
1.219697e-01 4.195874e+03 4.446113e+03 
1.270101e-01 4.123960e+03 4.160321e+03 
1.320505e-01 4.042631e+03 3.899562e+03 
1.370909e-01 3.914827e+03 3.661097e+03 
1.421313e-01 3.724907e+03 3.442541e+03 
1.471717e-01 3.477004e+03 3.241813e+03 
1.522121e-01 3.191039e+03 3.057093e+03 
1.572525e-01 2.896956e+03 2.886780e+03 
1.622929e-01 2.626434e+03 2.729465e+03 
1.673333e-01 2.402520e+03 2.583904e+03 
1.723737e-01 2.234105e+03 2.448993e+03 
1.774141e-01 2.118786e+03 2.323753e+03 
1.824545e-01 2.047534e+03 2.207313e+03 
1.874949e-01 2.007025e+03 2.098894e+03 
1.925354e-01 1.980459e+03 1.997800e+03 
1.975758e-01 1.950499e+03 1.903409e+03 
2.026162e-01 1.904152e+03 1.815159e+03 
2.076566e-01 1.835791e+03 1.732547e+03 
2.126970e-01 1.746725e+03 1.655119e+03 
2.177374e-01 1.642997e+03 1.582463e+03 
2.227778e-01 1.533700e+03 1.514208e+03 
2.278182e-01 1.428911e+03 1.450017e+03 
2.328586e-01 1.337065e+03 1.389584e+03 
2.378990e-01 1.263057e+03 1.332632e+03 
2.429394e-01 1.207856e+03 1.278905e+03 
2.479798e-01 1.169390e+03 1.228173e+03 
2.530202e-01 1.143329e+03 1.180225e+03 
2.580606e-01 1.123980e+03 1.134866e+03 
2.631010e-01 1.105382e+03 1.091920e+03 
2.681414e-01 1.082717e+03 1.051224e+03 
2.731818e-01 1.053221e+03 1.012628e+03 
2.782222e-01 1.016330e+03 9.759953e+02 
2.832626e-01 9.733806e+02 9.411985e+02 
2.883030e-01 9.270313e+02 9.081210e+02 
2.933434e-01 8.807317e+02 8.766549e+02 
2.983838e-01 8.377776e+02 8.467004e+02 
3.034242e-01 8.005179e+02 8.181654e+02 
3.084646e-01 7.699641e+02 7.909643e+02 
3.135051e-01 7.458694e+02 7.650178e+02 
3.185455e-01 7.271310e+02 7.402523e+02 
3.235859e-01 7.120270e+02 7.165995e+02 
3.286263e-01 6.985271e+02 6.939958e+02 
3.336667e-01 6.846654e+02 6.723819e+02 
3.387071e-01 6.689923e+02 6.517027e+02 
3.437475e-01 6.509203e+02 6.319067e+02 
3.487879e-01 6.305959e+02 6.129459e+02 
3.538283e-01 6.087255e+02 5.947753e+02 
3.588687e-01 5.863047e+02 5.773532e+02 
3.639091e-01 5.644636e+02 5.606401e+02 
3.689495e-01 5.442297e+02 5.445993e+02 
3.739899e-01 5.263090e+02 5.291963e+02 
3.790303e-01 5.109107e+02 5.143988e+02 
3.840707e-01 4.978326e+02 5.001765e+02 
3.891111e-01 4.865883e+02 4.865008e+02 
3.941515e-01 4.765135e+02 4.733450e+02 
3.991919e-01 4.669131e+02 4.606838e+02 
4.042323e-01 4.571433e+02 4.484935e+02 
4.092727e-01 4.467965e+02 4.367518e+02 
4.143131e-01 4.357375e+02 4.254377e+02 
4.193535e-01 4.240758e+02 4.145311e+02 
4.243939e-01 4.120652e+02 4.040135e+02 
4.294343e-01 4.000635e+02 3.938670e+02 
4.344747e-01 3.884780e+02 3.840750e+02 
4.395152e-01 3.776392e+02 3.746217e+02 
4.445556e-01 3.677387e+02 3.654921e+02 
4.495960e-01 3.587964e+02 3.566720e+02 
4.546364e-01 3.507232e+02 3.481481e+02 
4.596768e-01 3.433581e+02 3.399076e+02 
4.647172e-01 3.364557e+02 3.319385e+02 
4.697576e-01 3.297517e+02 3.242293e+02 
4.747980e-01 3.230306e+02 3.167694e+02 
4.798384e-01 3.161834e+02 3.095482e+02 
4.848788e-01 3.091837e+02 3.025562e+02 
4.899192e-01 3.020692e+02 2.957839e+02 
4.949596e-01 2.949266e+02 2.892226e+02 
5.000000e-01 2.878772e+02 2.828639e+02 
