1.000000e-03 5.103234e+03 5.103229e+03 
6.040404e-03 2.259447e+04 2.277515e+04 
1.108081e-02 3.045345e+04 3.073113e+04 
1.612121e-02 3.238807e+04 3.272709e+04 
2.116162e-02 3.073572e+04 3.076315e+04 
2.620202e-02 2.722023e+04 2.696020e+04 
3.124242e-02 2.313276e+04 2.313764e+04 
3.628283e-02 1.932512e+04 1.997645e+04 
4.132323e-02 1.623437e+04 1.746991e+04 
4.636364e-02 1.395753e+04 1.545760e+04 
5.140404e-02 1.245370e+04 1.380278e+04 
5.644444e-02 1.150968e+04 1.241233e+04 
6.148485e-02 1.091290e+04 1.122458e+04 
6.652525e-02 1.045580e+04 1.019749e+04 
7.156566e-02 9.977619e+03 9.301107e+03 
7.660606e-02 9.375510e+03 8.513138e+03 
8.164646e-02 8.619939e+03 7.816409e+03 
8.668687e-02 7.752407e+03 7.197310e+03 
9.172727e-02 6.854788e+03 6.644826e+03 
9.676768e-02 6.015231e+03 6.149900e+03 
1.018081e-01 5.303968e+03 5.704996e+03 
1.068485e-01 4.758461e+03 5.303779e+03 
1.118889e-01 4.380497e+03 4.940883e+03 
1.169293e-01 4.144883e+03 4.611738e+03 
1.219697e-01 4.011121e+03 4.312422e+03 
1.270101e-01 3.931760e+03 4.039561e+03 
1.320505e-01 3.859624e+03 3.790233e+03 
1.370909e-01 3.756550e+03 3.561902e+03 
1.421313e-01 3.601363e+03 3.352357e+03 
1.471717e-01 3.391794e+03 3.159664e+03 
1.522121e-01 3.140625e+03 2.982125e+03 
1.572525e-01 2.870849e+03 2.818248e+03 
1.622929e-01 2.610233e+03 2.666714e+03 
1.673333e-01 2.383133e+03 2.526356e+03 
1.723737e-01 2.203584e+03 2.396139e+03 
1.774141e-01 2.073841e+03 2.275143e+03 
1.824545e-01 1.987976e+03 2.162546e+03 
1.874949e-01 1.935835e+03 2.057614e+03 
1.925354e-01 1.904134e+03 1.959691e+03 
1.975758e-01 1.877650e+03 1.868186e+03 
2.026162e-01 1.842387e+03 1.782569e+03 
2.076566e-01 1.789498e+03 1.702363e+03 
2.126970e-01 1.716826e+03 1.627135e+03 
2.177374e-01 1.627656e+03 1.556495e+03 
2.227778e-01 1.528712e+03 1.490091e+03 
2.278182e-01 1.428460e+03 1.427600e+03 
2.328586e-01 1.335327e+03 1.368731e+03 
2.378990e-01 1.255734e+03 1.313219e+03 
2.429394e-01 1.192823e+03 1.260821e+03 
2.479798e-01 1.146491e+03 1.211315e+03 
2.530202e-01 1.114125e+03 1.164501e+03 
2.580606e-01 1.091395e+03 1.120191e+03 
2.631010e-01 1.073118e+03 1.078217e+03 
2.681414e-01 1.054261e+03 1.038423e+03 
2.731818e-01 1.030991e+03 1.000663e+03 
2.782222e-01 1.001345e+03 9.648075e+02 
2.832626e-01 9.652778e+02 9.307333e+02 
2.883030e-01 9.243024e+02 8.983283e+02 
2.933434e-01 8.810144e+02 8.674886e+02 
2.983838e-01 8.384147e+02 8.381182e+02 
3.034242e-01 7.992571e+02 8.101280e+02 
3.084646e-01 7.654358e+02 7.834355e+02 
3.135051e-01 7.376994e+02 7.579643e+02 
3.185455e-01 7.157154e+02 7.336433e+02 
3.235859e-01 6.983525e+02 7.104064e+02 
3.286263e-01 6.840391e+02 6.881920e+02 
3.336667e-01 6.710045e+02 6.669429e+02 
3.387071e-01 6.575778e+02 6.466057e+02 
3.437475e-01 6.425266e+02 6.271305e+02 
3.487879e-01 6.253111e+02 6.084708e+02 
3.538283e-01 6.061053e+02 5.905831e+02 
3.588687e-01 5.855820e+02 5.734267e+02 
3.639091e-01 5.646460e+02 5.569634e+02 
3.689495e-01 5.442523e+02 5.411576e+02 
3.739899e-01 5.252790e+02 5.259758e+02 
3.790303e-01 5.083612e+02 5.113865e+02 
3.840707e-01 4.937379e+02 4.973604e+02 
3.891111e-01 4.812352e+02 4.838695e+02 
3.941515e-01 4.704134e+02 4.708880e+02 
3.991919e-01 4.606904e+02 4.583911e+02 
4.042323e-01 4.514602e+02 4.463560e+02 
4.092727e-01 4.421683e+02 4.347606e+02 
4.143131e-01 4.324102e+02 4.235847e+02 
4.193535e-01 4.220281e+02 4.128087e+02 
4.243939e-01 4.110857e+02 4.024144e+02 
4.294343e-01 3.998108e+02 3.923845e+02 
4.344747e-01 3.885135e+02 3.827028e+02 
4.395152e-01 3.775273e+02 3.733537e+02 
4.445556e-01 3.671503e+02 3.643228e+02 
4.495960e-01 3.575955e+02 3.555960e+02 
4.546364e-01 3.489258e+02 3.471604e+02 
4.596768e-01 3.410794e+02 3.390035e+02 
4.647172e-01 3.339095e+02 3.311136e+02 
4.697576e-01 3.272101e+02 3.234795e+02 
4.747980e-01 3.207692e+02 3.160906e+02 
4.798384e-01 3.143913e+02 3.089368e+02 
4.848788e-01 3.079295e+02 3.020086e+02 
4.899192e-01 3.013270e+02 2.952968e+02 
4.949596e-01 2.946075e+02 2.887928e+02 
5.000000e-01 2.878533e+02 2.824885e+02 
