1.000000e-03 4.477817e+03 4.477813e+03 
6.040404e-03 1.974110e+04 1.989576e+04 
1.108081e-02 2.670913e+04 2.691518e+04 
1.612121e-02 2.861387e+04 2.882899e+04 
2.116162e-02 2.746043e+04 2.742680e+04 
2.620202e-02 2.469870e+04 2.449760e+04 
3.124242e-02 2.140398e+04 2.147981e+04 
3.628283e-02 1.828437e+04 1.890428e+04 
4.132323e-02 1.571172e+04 1.678900e+04 
4.636364e-02 1.377653e+04 1.503494e+04 
5.140404e-02 1.245505e+04 1.355329e+04 
5.644444e-02 1.157270e+04 1.228157e+04 
6.148485e-02 1.095501e+04 1.117688e+04 
6.652525e-02 1.043370e+04 1.020875e+04 
7.156566e-02 9.879548e+03 9.354599e+03 
7.660606e-02 9.221107e+03 8.596968e+03 
8.164646e-02 8.451344e+03 7.921951e+03 
8.668687e-02 7.617219e+03 7.318208e+03 
9.172727e-02 6.788867e+03 6.776341e+03 
9.676768e-02 6.034777e+03 6.288470e+03 
1.018081e-01 5.406637e+03 5.847922e+03 
1.068485e-01 4.928911e+03 5.449011e+03 
1.118889e-01 4.595140e+03 5.086864e+03 
1.169293e-01 4.375747e+03 4.757282e+03 
1.219697e-01 4.230651e+03 4.456634e+03 
1.270101e-01 4.117606e+03 4.181766e+03 
1.320505e-01 3.998837e+03 3.929932e+03 
1.370909e-01 3.847237e+03 3.698730e+03 
1.421313e-01 3.651660e+03 3.486055e+03 
1.471717e-01 3.417670e+03 3.290056e+03 
1.522121e-01 3.161897e+03 3.109101e+03 
1.572525e-01 2.905369e+03 2.941746e+03 
1.622929e-01 2.669527e+03 2.786714e+03 
1.673333e-01 2.470926e+03 2.642868e+03 
1.723737e-01 2.317118e+03 2.509197e+03 
1.774141e-01 2.205917e+03 2.384798e+03 
1.824545e-01 2.128652e+03 2.268864e+03 
1.874949e-01 2.073843e+03 2.160672e+03 
1.925354e-01 2.029049e+03 2.059571e+03 
1.975758e-01 1.982225e+03 1.964976e+03 
2.026162e-01 1.924005e+03 1.876361e+03 
2.076566e-01 1.850212e+03 1.793249e+03 
2.126970e-01 1.762303e+03 1.715209e+03 
2.177374e-01 1.665645e+03 1.641852e+03 
2.227778e-01 1.567315e+03 1.572821e+03 
2.278182e-01 1.474176e+03 1.507796e+03 
2.328586e-01 1.391802e+03 1.446483e+03 
2.378990e-01 1.323494e+03 1.388613e+03 
2.429394e-01 1.269829e+03 1.333943e+03 
2.479798e-01 1.228999e+03 1.282247e+03 
2.530202e-01 1.197504e+03 1.233323e+03 
2.580606e-01 1.170895e+03 1.186980e+03 
2.631010e-01 1.144793e+03 1.143048e+03 
2.681414e-01 1.115876e+03 1.101366e+03 
2.731818e-01 1.082399e+03 1.061789e+03 
2.782222e-01 1.044205e+03 1.024182e+03 
2.832626e-01 1.002425e+03 9.884211e+02 
2.883030e-01 9.590987e+02 9.543904e+02 
2.933434e-01 9.166596e+02 9.219840e+02 
2.983838e-01 8.773134e+02 8.911035e+02 
3.034242e-01 8.425591e+02 8.616575e+02 
3.084646e-01 8.129884e+02 8.335614e+02 
3.135051e-01 7.883288e+02 8.067366e+02 
3.185455e-01 7.676642e+02 7.811100e+02 
3.235859e-01 7.496561e+02 7.566134e+02 
3.286263e-01 7.327926e+02 7.331835e+02 
3.336667e-01 7.157568e+02 7.107612e+02 
3.387071e-01 6.976864e+02 6.892913e+02 
3.437475e-01 6.782065e+02 6.687224e+02 
3.487879e-01 6.574481e+02 6.490064e+02 
3.538283e-01 6.359641e+02 6.300981e+02 
3.588687e-01 6.145158e+02 6.119555e+02 
3.639091e-01 5.938866e+02 5.945390e+02 
3.689495e-01 5.747060e+02 5.778116e+02 
3.739899e-01 5.573193e+02 5.617386e+02 
3.790303e-01 5.418075e+02 5.462873e+02 
3.840707e-01 5.280349e+02 5.314272e+02 
3.891111e-01 5.156452e+02 5.171292e+02 
3.941515e-01 5.041324e+02 5.033664e+02 
3.991919e-01 4.929913e+02 4.901131e+02 
4.042323e-01 4.818221e+02 4.773454e+02 
4.092727e-01 4.704000e+02 4.650404e+02 
4.143131e-01 4.586807e+02 4.531769e+02 
4.193535e-01 4.467359e+02 4.417346e+02 
4.243939e-01 4.347529e+02 4.306943e+02 
4.294343e-01 4.229619e+02 4.200382e+02 
4.344747e-01 4.116244e+02 4.097490e+02 
4.395152e-01 4.009487e+02 3.998107e+02 
4.445556e-01 3.910149e+02 3.902080e+02 
4.495960e-01 3.818045e+02 3.809264e+02 
4.546364e-01 3.732447e+02 3.719522e+02 
4.596768e-01 3.652156e+02 3.632724e+02 
4.647172e-01 3.575566e+02 3.548747e+02 
4.697576e-01 3.500987e+02 3.467473e+02 
4.747980e-01 3.427080e+02 3.388791e+02 
4.798384e-01 3.353140e+02 3.312596e+02 
4.848788e-01 3.279192e+02 3.238787e+02 
4.899192e-01 3.205630e+02 3.167269e+02 
4.949596e-01 3.132927e+02 3.097950e+02 
5.000000e-01 3.061818e+02 3.030744e+02 
