1.000000e-03 7.435550e+03 7.435544e+03 
6.040404e-03 3.241902e+04 3.269246e+04 
1.108081e-02 4.357342e+04 4.409502e+04 
1.612121e-02 4.611656e+04 4.694423e+04 
2.116162e-02 4.330705e+04 4.371851e+04 
2.620202e-02 3.762668e+04 3.720255e+04 
3.124242e-02 3.101434e+04 3.047307e+04 
3.628283e-02 2.480720e+04 2.503396e+04 
4.132323e-02 1.972674e+04 2.096854e+04 
4.636364e-02 1.597226e+04 1.792749e+04 
5.140404e-02 1.348131e+04 1.558719e+04 
5.644444e-02 1.198188e+04 1.372763e+04 
6.148485e-02 1.117430e+04 1.220905e+04 
6.652525e-02 1.077005e+04 1.094203e+04 
7.156566e-02 1.051471e+04 9.867373e+03 
7.660606e-02 1.020200e+04 8.944272e+03 
8.164646e-02 9.693319e+03 8.143421e+03 
8.668687e-02 8.943811e+03 7.443023e+03 
9.172727e-02 7.998555e+03 6.826381e+03 
9.676768e-02 6.962171e+03 6.280394e+03 
1.018081e-01 5.956748e+03 5.794579e+03 
1.068485e-01 5.084954e+03 5.360416e+03 
1.118889e-01 4.405729e+03 4.970891e+03 
1.169293e-01 3.933668e+03 4.620166e+03 
1.219697e-01 3.650719e+03 4.303343e+03 
1.270101e-01 3.519724e+03 4.016276e+03 
1.320505e-01 3.492326e+03 3.755438e+03 
1.370909e-01 3.513453e+03 3.517805e+03 
1.421313e-01 3.529371e+03 3.300775e+03 
1.471717e-01 3.496540e+03 3.102099e+03 
1.522121e-01 3.387921e+03 2.919821e+03 
1.572525e-01 3.197080e+03 2.752237e+03 
1.622929e-01 2.938981e+03 2.597855e+03 
1.673333e-01 2.645734e+03 2.455365e+03 
1.723737e-01 2.355236e+03 2.323613e+03 
1.774141e-01 2.098336e+03 2.201578e+03 
1.824545e-01 1.893353e+03 2.088358e+03 
1.874949e-01 1.746940e+03 1.983149e+03 
1.925354e-01 1.657577e+03 1.885236e+03 
1.975758e-01 1.617052e+03 1.793981e+03 
2.026162e-01 1.611219e+03 1.708811e+03 
2.076566e-01 1.622233e+03 1.629215e+03 
2.126970e-01 1.632069e+03 1.554732e+03 
2.177374e-01 1.625868e+03 1.484945e+03 
2.227778e-01 1.593965e+03 1.419482e+03 
2.278182e-01 1.532951e+03 1.358002e+03 
2.328586e-01 1.446251e+03 1.300200e+03 
2.378990e-01 1.342989e+03 1.245797e+03 
2.429394e-01 1.235084e+03 1.194539e+03 
2.479798e-01 1.133974e+03 1.146196e+03 
2.530202e-01 1.048057e+03 1.100559e+03 
2.580606e-01 9.820843e+02 1.057435e+03 
2.631010e-01 9.371682e+02 1.016648e+03 
2.681414e-01 9.113095e+02 9.780391e+02 
2.731818e-01 9.001137e+02 9.414593e+02 
2.782222e-01 8.976602e+02 9.067736e+02 
2.832626e-01 8.975769e+02 8.738577e+02 
2.883030e-01 8.939946e+02 8.425967e+02 
2.933434e-01 8.824177e+02 8.128850e+02 
2.983838e-01 8.604390e+02 7.846251e+02 
3.034242e-01 8.280989e+02 7.577268e+02 
3.084646e-01 7.877479e+02 7.321066e+02 
3.135051e-01 7.432468e+02 7.076875e+02 
3.185455e-01 6.988406e+02 6.843977e+02 
3.235859e-01 6.582457e+02 6.621709e+02 
3.286263e-01 6.240587e+02 6.409454e+02 
3.336667e-01 5.976034e+02 6.206636e+02 
3.387071e-01 5.789837e+02 6.012723e+02 
3.437475e-01 5.671466e+02 5.827216e+02 
3.487879e-01 5.601806e+02 5.649652e+02 
3.538283e-01 5.556873e+02 5.479597e+02 
3.588687e-01 5.512646e+02 5.316647e+02 
3.639091e-01 5.449234e+02 5.160424e+02 
3.689495e-01 5.353016e+02 5.010574e+02 
3.739899e-01 5.218287e+02 4.866766e+02 
3.790303e-01 5.047641e+02 4.728688e+02 
3.840707e-01 4.851095e+02 4.596051e+02 
3.891111e-01 4.643702e+02 4.468581e+02 
3.941515e-01 4.440921e+02 4.346021e+02 
3.991919e-01 4.255826e+02 4.228130e+02 
4.042323e-01 4.097207e+02 4.114682e+02 
4.092727e-01 3.969216e+02 4.005462e+02 
4.143131e-01 3.871448e+02 3.900269e+02 
4.193535e-01 3.799038e+02 3.798915e+02 
4.243939e-01 3.744076e+02 3.701220e+02 
4.294343e-01 3.697350e+02 3.607016e+02 
4.344747e-01 3.650010e+02 3.516144e+02 
4.395152e-01 3.594876e+02 3.428452e+02 
4.445556e-01 3.527205e+02 3.343800e+02 
4.495960e-01 3.445301e+02 3.262053e+02 
4.546364e-01 3.350873e+02 3.183083e+02 
4.596768e-01 3.248152e+02 3.106769e+02 
4.647172e-01 3.142698e+02 3.032999e+02 
4.697576e-01 3.040039e+02 2.961663e+02 
4.747980e-01 2.944995e+02 2.892659e+02 
4.798384e-01 2.860926e+02 2.825890e+02 
4.848788e-01 2.789379e+02 2.761262e+02 
4.899192e-01 2.729956e+02 2.698689e+02 
4.949596e-01 2.680496e+02 2.638087e+02 
5.000000e-01 2.637891e+02 2.579377e+02 
