1.000000e-03 4.764248e+03 4.764244e+03 
6.040404e-03 2.119663e+04 2.136590e+04 
1.108081e-02 2.872079e+04 2.896833e+04 
1.612121e-02 3.073652e+04 3.102885e+04 
2.116162e-02 2.939107e+04 2.940784e+04 
2.620202e-02 2.626629e+04 2.603227e+04 
3.124242e-02 2.254925e+04 2.255997e+04 
3.628283e-02 1.903316e+04 1.963741e+04 
4.132323e-02 1.613844e+04 1.728502e+04 
4.636364e-02 1.397205e+04 1.537272e+04 
5.140404e-02 1.251044e+04 1.378414e+04 
5.644444e-02 1.156866e+04 1.243843e+04 
6.148485e-02 1.095310e+04 1.128127e+04 
6.652525e-02 1.047398e+04 1.027516e+04 
7.156566e-02 9.981116e+03 9.393041e+03 
7.660606e-02 9.379249e+03 8.614563e+03 
8.164646e-02 8.640594e+03 7.923872e+03 
8.668687e-02 7.801576e+03 7.308288e+03 
9.172727e-02 6.935600e+03 6.757466e+03 
9.676768e-02 6.122433e+03 6.262836e+03 
1.018081e-01 5.427326e+03 5.817223e+03 
1.068485e-01 4.887072e+03 5.414560e+03 
1.118889e-01 4.505271e+03 5.049688e+03 
1.169293e-01 4.259055e+03 4.718186e+03 
1.219697e-01 4.110444e+03 4.416252e+03 
1.270101e-01 4.015445e+03 4.140599e+03 
1.320505e-01 3.930230e+03 3.888375e+03 
1.370909e-01 3.818837e+03 3.657095e+03 
1.421313e-01 3.660474e+03 3.444588e+03 
1.471717e-01 3.452550e+03 3.248948e+03 
1.522121e-01 3.206865e+03 3.068502e+03 
1.572525e-01 2.944152e+03 2.901772e+03 
1.622929e-01 2.688920e+03 2.747451e+03 
1.673333e-01 2.463922e+03 2.604383e+03 
1.723737e-01 2.283233e+03 2.471536e+03 
1.774141e-01 2.149946e+03 2.347995e+03 
1.824545e-01 2.058846e+03 2.232939e+03 
1.874949e-01 2.000028e+03 2.125636e+03 
1.925354e-01 1.961210e+03 2.025429e+03 
1.975758e-01 1.928731e+03 1.931725e+03 
2.026162e-01 1.889569e+03 1.843994e+03 
2.076566e-01 1.834883e+03 1.761755e+03 
2.126970e-01 1.762042e+03 1.684575e+03 
2.177374e-01 1.673927e+03 1.612061e+03 
2.227778e-01 1.576749e+03 1.543856e+03 
2.278182e-01 1.478156e+03 1.479637e+03 
2.328586e-01 1.385794e+03 1.419109e+03 
2.378990e-01 1.305669e+03 1.362004e+03 
2.429394e-01 1.241036e+03 1.308077e+03 
2.479798e-01 1.192119e+03 1.257104e+03 
2.530202e-01 1.156679e+03 1.208881e+03 
2.580606e-01 1.130751e+03 1.163218e+03 
2.631010e-01 1.109529e+03 1.119944e+03 
2.681414e-01 1.088371e+03 1.078901e+03 
2.731818e-01 1.063651e+03 1.039942e+03 
2.782222e-01 1.033350e+03 1.002933e+03 
2.832626e-01 9.972506e+02 9.677509e+02 
2.883030e-01 9.566358e+02 9.342803e+02 
2.933434e-01 9.137874e+02 9.024156e+02 
2.983838e-01 8.714366e+02 8.720591e+02 
3.034242e-01 8.321077e+02 8.431200e+02 
3.084646e-01 7.975791e+02 8.155141e+02 
3.135051e-01 7.686871e+02 7.891633e+02 
3.185455e-01 7.452980e+02 7.639952e+02 
3.235859e-01 7.264159e+02 7.399420e+02 
3.286263e-01 7.105794e+02 7.169410e+02 
3.336667e-01 6.961681e+02 6.949336e+02 
3.387071e-01 6.816846e+02 6.738651e+02 
3.437475e-01 6.659676e+02 6.536846e+02 
3.487879e-01 6.484232e+02 6.343443e+02 
3.538283e-01 6.290695e+02 6.157997e+02 
3.588687e-01 6.084727e+02 5.980090e+02 
3.639091e-01 5.874900e+02 5.809332e+02 
3.689495e-01 5.670065e+02 5.645358e+02 
3.739899e-01 5.477726e+02 5.487822e+02 
3.790303e-01 5.303522e+02 5.336403e+02 
3.840707e-01 5.150394e+02 5.190798e+02 
3.891111e-01 5.017652e+02 5.050722e+02 
3.941515e-01 4.901581e+02 4.915908e+02 
3.991919e-01 4.796821e+02 4.786102e+02 
4.042323e-01 4.697576e+02 4.661068e+02 
4.092727e-01 4.598926e+02 4.540581e+02 
4.143131e-01 4.497372e+02 4.424432e+02 
4.193535e-01 4.390950e+02 4.312419e+02 
4.243939e-01 4.279656e+02 4.204355e+02 
4.294343e-01 4.165258e+02 4.100063e+02 
4.344747e-01 4.050784e+02 3.999373e+02 
4.395152e-01 3.939181e+02 3.902128e+02 
4.445556e-01 3.833025e+02 3.808176e+02 
4.495960e-01 3.734147e+02 3.717376e+02 
4.546364e-01 3.643470e+02 3.629591e+02 
4.596768e-01 3.560700e+02 3.544694e+02 
4.647172e-01 3.484636e+02 3.462564e+02 
4.697576e-01 3.413506e+02 3.383086e+02 
4.747980e-01 3.345199e+02 3.306149e+02 
4.798384e-01 3.278007e+02 3.231650e+02 
4.848788e-01 3.210766e+02 3.159490e+02 
4.899192e-01 3.142676e+02 3.089575e+02 
4.949596e-01 3.073699e+02 3.021817e+02 
5.000000e-01 3.004478e+02 2.956129e+02 
