1.000000e-03 3.214231e+03 3.214229e+03 
6.040404e-03 1.450877e+04 1.461786e+04 
1.108081e-02 1.987143e+04 1.996923e+04 
1.612121e-02 2.160574e+04 2.164139e+04 
2.116162e-02 2.116167e+04 2.104541e+04 
2.620202e-02 1.955866e+04 1.943497e+04 
3.124242e-02 1.752893e+04 1.766625e+04 
3.628283e-02 1.554789e+04 1.604286e+04 
4.132323e-02 1.386541e+04 1.460713e+04 
4.636364e-02 1.255092e+04 1.333877e+04 
5.140404e-02 1.157827e+04 1.221267e+04 
5.644444e-02 1.084462e+04 1.120840e+04 
6.148485e-02 1.023357e+04 1.030978e+04 
6.652525e-02 9.649401e+03 9.503584e+03 
7.156566e-02 9.027191e+03 8.778679e+03 
7.660606e-02 8.347250e+03 8.125491e+03 
8.164646e-02 7.632590e+03 7.535714e+03 
8.668687e-02 6.929622e+03 7.002100e+03 
9.172727e-02 6.283109e+03 6.518313e+03 
9.676768e-02 5.726001e+03 6.078805e+03 
1.018081e-01 5.276771e+03 5.678715e+03 
1.068485e-01 4.935209e+03 5.313780e+03 
1.118889e-01 4.681235e+03 4.980255e+03 
1.169293e-01 4.482428e+03 4.674851e+03 
1.219697e-01 4.306217e+03 4.394671e+03 
1.270101e-01 4.127751e+03 4.137160e+03 
1.320505e-01 3.931723e+03 3.900064e+03 
1.370909e-01 3.713943e+03 3.681386e+03 
1.421313e-01 3.480704e+03 3.479359e+03 
1.471717e-01 3.245048e+03 3.292412e+03 
1.522121e-01 3.021150e+03 3.119148e+03 
1.572525e-01 2.820682e+03 2.958322e+03 
1.622929e-01 2.651264e+03 2.808822e+03 
1.673333e-01 2.514938e+03 2.669653e+03 
1.723737e-01 2.407576e+03 2.539923e+03 
1.774141e-01 2.320602e+03 2.418832e+03 
1.824545e-01 2.244307e+03 2.305660e+03 
1.874949e-01 2.170453e+03 2.199757e+03 
1.925354e-01 2.093070e+03 2.100539e+03 
1.975758e-01 2.008935e+03 2.007474e+03 
2.026162e-01 1.918156e+03 1.920083e+03 
2.076566e-01 1.824002e+03 1.837931e+03 
2.126970e-01 1.731092e+03 1.760624e+03 
2.177374e-01 1.643839e+03 1.687799e+03 
2.227778e-01 1.565362e+03 1.619131e+03 
2.278182e-01 1.497208e+03 1.554320e+03 
2.328586e-01 1.439232e+03 1.493092e+03 
2.378990e-01 1.389779e+03 1.435197e+03 
2.429394e-01 1.346363e+03 1.380405e+03 
2.479798e-01 1.306272e+03 1.328508e+03 
2.530202e-01 1.267069e+03 1.279310e+03 
2.580606e-01 1.226857e+03 1.232634e+03 
2.631010e-01 1.184829e+03 1.188317e+03 
2.681414e-01 1.141394e+03 1.146208e+03 
2.731818e-01 1.097782e+03 1.106166e+03 
2.782222e-01 1.055341e+03 1.068064e+03 
2.832626e-01 1.015171e+03 1.031782e+03 
2.883030e-01 9.780675e+02 9.972104e+02 
2.933434e-01 9.445018e+02 9.642461e+02 
2.983838e-01 9.144760e+02 9.327944e+02 
3.034242e-01 8.874278e+02 9.027671e+02 
3.084646e-01 8.624639e+02 8.740824e+02 
3.135051e-01 8.387250e+02 8.466639e+02 
3.185455e-01 8.155556e+02 8.204406e+02 
3.235859e-01 7.925011e+02 7.953461e+02 
3.286263e-01 7.693449e+02 7.713187e+02 
3.336667e-01 7.461147e+02 7.483007e+02 
3.387071e-01 7.231223e+02 7.262379e+02 
3.437475e-01 7.007899e+02 7.050801e+02 
3.487879e-01 6.794771e+02 6.847799e+02 
3.538283e-01 6.594085e+02 6.652930e+02 
3.588687e-01 6.406576e+02 6.465780e+02 
3.639091e-01 6.231936e+02 6.285958e+02 
3.689495e-01 6.068577e+02 6.113098e+02 
3.739899e-01 5.914145e+02 5.946858e+02 
3.790303e-01 5.765904e+02 5.786914e+02 
3.840707e-01 5.621786e+02 5.632962e+02 
3.891111e-01 5.480430e+02 5.484715e+02 
3.941515e-01 5.341210e+02 5.341904e+02 
3.991919e-01 5.204073e+02 5.204274e+02 
4.042323e-01 5.069595e+02 5.071586e+02 
4.092727e-01 4.938861e+02 4.943612e+02 
4.143131e-01 4.812988e+02 4.820140e+02 
4.193535e-01 4.692688e+02 4.700966e+02 
4.243939e-01 4.577972e+02 4.585901e+02 
4.294343e-01 4.468507e+02 4.474762e+02 
4.344747e-01 4.363993e+02 4.367379e+02 
4.395152e-01 4.263933e+02 4.263589e+02 
4.445556e-01 4.167435e+02 4.163240e+02 
4.495960e-01 4.073711e+02 4.066184e+02 
4.546364e-01 3.982148e+02 3.972285e+02 
4.596768e-01 3.892654e+02 3.881410e+02 
4.647172e-01 3.805343e+02 3.793436e+02 
4.697576e-01 3.720179e+02 3.708243e+02 
4.747980e-01 3.637224e+02 3.625720e+02 
4.798384e-01 3.556669e+02 3.545759e+02 
4.848788e-01 3.478919e+02 3.468259e+02 
4.899192e-01 3.404056e+02 3.393122e+02 
4.949596e-01 3.331866e+02 3.320257e+02 
5.000000e-01 3.262063e+02 3.249576e+02 
