1.000000e-03 5.558345e+03 5.558340e+03 
6.040404e-03 2.487621e+04 2.507741e+04 
1.108081e-02 3.371374e+04 3.405965e+04 
1.612121e-02 3.593163e+04 3.640681e+04 
2.116162e-02 3.405068e+04 3.416622e+04 
2.620202e-02 2.999453e+04 2.965921e+04 
3.124242e-02 2.524328e+04 2.508442e+04 
3.628283e-02 2.079458e+04 2.134186e+04 
4.132323e-02 1.717215e+04 1.843925e+04 
4.636364e-02 1.450773e+04 1.616440e+04 
5.140404e-02 1.275561e+04 1.433287e+04 
5.644444e-02 1.168503e+04 1.281987e+04 
6.148485e-02 1.106008e+04 1.154433e+04 
6.652525e-02 1.064663e+04 1.045246e+04 
7.156566e-02 1.024727e+04 9.507041e+03 
7.660606e-02 9.724173e+03 8.681156e+03 
8.164646e-02 9.018591e+03 7.954586e+03 
8.668687e-02 8.154168e+03 7.311653e+03 
9.172727e-02 7.209813e+03 6.739901e+03 
9.676768e-02 6.285832e+03 6.229239e+03 
1.018081e-01 5.472883e+03 5.771371e+03 
1.068485e-01 4.828885e+03 5.359396e+03 
1.118889e-01 4.370844e+03 4.987517e+03 
1.169293e-01 4.081818e+03 4.650829e+03 
1.219697e-01 3.925156e+03 4.345150e+03 
1.270101e-01 3.853872e+03 4.066898e+03 
1.320505e-01 3.816397e+03 3.812988e+03 
1.370909e-01 3.764410e+03 3.580748e+03 
1.421313e-01 3.662679e+03 3.367861e+03 
1.471717e-01 3.495672e+03 3.172303e+03 
1.522121e-01 3.267154e+03 2.992303e+03 
1.572525e-01 2.996777e+03 2.826308e+03 
1.622929e-01 2.714483e+03 2.672949e+03 
1.673333e-01 2.451438e+03 2.531017e+03 
1.723737e-01 2.230848e+03 2.399441e+03 
1.774141e-01 2.063489e+03 2.277270e+03 
1.824545e-01 1.949280e+03 2.163658e+03 
1.874949e-01 1.881173e+03 2.057849e+03 
1.925354e-01 1.847352e+03 1.959169e+03 
1.975758e-01 1.832115e+03 1.867011e+03 
2.026162e-01 1.818417e+03 1.780831e+03 
2.076566e-01 1.791786e+03 1.700139e+03 
2.126970e-01 1.743556e+03 1.624495e+03 
2.177374e-01 1.671810e+03 1.553499e+03 
2.227778e-01 1.580383e+03 1.486791e+03 
2.278182e-01 1.477369e+03 1.424042e+03 
2.328586e-01 1.372913e+03 1.364955e+03 
2.378990e-01 1.276595e+03 1.309259e+03 
2.429394e-01 1.195494e+03 1.256709e+03 
2.479798e-01 1.133088e+03 1.207079e+03 
2.530202e-01 1.089322e+03 1.160163e+03 
2.580606e-01 1.061354e+03 1.115773e+03 
2.631010e-01 1.044278e+03 1.073736e+03 
2.681414e-01 1.032270e+03 1.033895e+03 
2.731818e-01 1.019697e+03 9.961039e+02 
2.782222e-01 1.002015e+03 9.602284e+02 
2.832626e-01 9.765424e+02 9.261453e+02 
2.883030e-01 9.427296e+02 8.937408e+02 
2.933434e-01 9.021172e+02 8.629100e+02 
2.983838e-01 8.577556e+02 8.335556e+02 
3.034242e-01 8.132232e+02 8.055878e+02 
3.084646e-01 7.718497e+02 7.789231e+02 
3.135051e-01 7.360997e+02 7.534845e+02 
3.185455e-01 7.072112e+02 7.292001e+02 
3.235859e-01 6.851821e+02 7.060033e+02 
3.286263e-01 6.689815e+02 6.838320e+02 
3.336667e-01 6.568604e+02 6.626285e+02 
3.387071e-01 6.467353e+02 6.423391e+02 
3.437475e-01 6.365388e+02 6.229135e+02 
3.487879e-01 6.245946e+02 6.043048e+02 
3.538283e-01 6.099357e+02 5.864693e+02 
3.588687e-01 5.924041e+02 5.693660e+02 
3.639091e-01 5.725589e+02 5.529566e+02 
3.689495e-01 5.514114e+02 5.372052e+02 
3.739899e-01 5.301624e+02 5.220781e+02 
3.790303e-01 5.100178e+02 5.075438e+02 
3.840707e-01 4.919430e+02 4.935726e+02 
3.891111e-01 4.764691e+02 4.801367e+02 
3.941515e-01 4.636709e+02 4.672099e+02 
3.991919e-01 4.531636e+02 4.547676e+02 
4.042323e-01 4.443404e+02 4.427866e+02 
4.092727e-01 4.364527e+02 4.312451e+02 
4.143131e-01 4.287603e+02 4.201225e+02 
4.193535e-01 4.206257e+02 4.093994e+02 
4.243939e-01 4.116519e+02 3.990574e+02 
4.294343e-01 4.017021e+02 3.890792e+02 
4.344747e-01 3.909442e+02 3.794486e+02 
4.395152e-01 3.797200e+02 3.701499e+02 
4.445556e-01 3.684567e+02 3.611687e+02 
4.495960e-01 3.575916e+02 3.524910e+02 
4.546364e-01 3.474828e+02 3.441037e+02 
4.596768e-01 3.383781e+02 3.359945e+02 
4.647172e-01 3.303330e+02 3.281515e+02 
4.697576e-01 3.232606e+02 3.205635e+02 
4.747980e-01 3.169408e+02 3.132200e+02 
4.798384e-01 3.111082e+02 3.061109e+02 
4.848788e-01 3.054836e+02 2.992266e+02 
4.899192e-01 2.998220e+02 2.925581e+02 
4.949596e-01 2.939526e+02 2.860966e+02 
5.000000e-01 2.877935e+02 2.798339e+02 
