1.000000e-03 6.706101e+03 6.706095e+03 
6.040404e-03 3.007647e+04 3.033009e+04 
1.108081e-02 4.065866e+04 4.113343e+04 
1.612121e-02 4.313726e+04 4.386558e+04 
2.116162e-02 4.057117e+04 4.089292e+04 
2.620202e-02 3.531136e+04 3.491719e+04 
3.124242e-02 2.918911e+04 2.879760e+04 
3.628283e-02 2.346064e+04 2.385620e+04 
4.132323e-02 1.879523e+04 2.013942e+04 
4.636364e-02 1.536688e+04 1.733144e+04 
5.140404e-02 1.311732e+04 1.514778e+04 
5.644444e-02 1.178060e+04 1.339629e+04 
6.148485e-02 1.106760e+04 1.195461e+04 
6.652525e-02 1.069834e+04 1.074394e+04 
7.156566e-02 1.043513e+04 9.711684e+03 
7.660606e-02 1.008595e+04 8.821167e+03 
8.164646e-02 9.527735e+03 8.045811e+03 
8.668687e-02 8.734796e+03 7.365656e+03 
9.172727e-02 7.769490e+03 6.765279e+03 
9.676768e-02 6.744333e+03 6.232491e+03 
1.018081e-01 5.777448e+03 5.757473e+03 
1.068485e-01 4.960299e+03 5.332200e+03 
1.118889e-01 4.340602e+03 4.950035e+03 
1.169293e-01 3.924262e+03 4.605431e+03 
1.219697e-01 3.687482e+03 4.293716e+03 
1.270101e-01 3.588445e+03 4.010923e+03 
1.320505e-01 3.574891e+03 3.753667e+03 
1.370909e-01 3.590776e+03 3.519042e+03 
1.421313e-01 3.585146e+03 3.304539e+03 
1.471717e-01 3.520167e+03 3.107984e+03 
1.522121e-01 3.376085e+03 2.927486e+03 
1.572525e-01 3.154388e+03 2.761393e+03 
1.622929e-01 2.877337e+03 2.608256e+03 
1.673333e-01 2.580883e+03 2.466802e+03 
1.723737e-01 2.301523e+03 2.335907e+03 
1.774141e-01 2.065018e+03 2.214577e+03 
1.824545e-01 1.884340e+03 2.101930e+03 
1.874949e-01 1.762219e+03 1.997183e+03 
1.925354e-01 1.694090e+03 1.899635e+03 
1.975758e-01 1.668776e+03 1.808662e+03 
2.026162e-01 1.669674e+03 1.723704e+03 
2.076566e-01 1.678070e+03 1.644258e+03 
2.126970e-01 1.677226e+03 1.569871e+03 
2.177374e-01 1.654989e+03 1.500137e+03 
2.227778e-01 1.605004e+03 1.434686e+03 
2.278182e-01 1.527522e+03 1.373186e+03 
2.328586e-01 1.429266e+03 1.315334e+03 
2.378990e-01 1.321462e+03 1.260857e+03 
2.429394e-01 1.216053e+03 1.209504e+03 
2.479798e-01 1.122708e+03 1.161048e+03 
2.530202e-01 1.047618e+03 1.115283e+03 
2.580606e-01 9.933973e+02 1.072018e+03 
2.631010e-01 9.592924e+02 1.031080e+03 
2.681414e-01 9.416482e+02 9.923106e+02 
2.731818e-01 9.347983e+02 9.555633e+02 
2.782222e-01 9.323379e+02 9.207042e+02 
2.832626e-01 9.282654e+02 8.876100e+02 
2.883030e-01 9.177020e+02 8.561671e+02 
2.933434e-01 8.975490e+02 8.262708e+02 
2.983838e-01 8.670479e+02 7.978243e+02 
3.034242e-01 8.279191e+02 7.707381e+02 
3.084646e-01 7.837335e+02 7.449295e+02 
3.135051e-01 7.387047e+02 7.203217e+02 
3.185455e-01 6.966335e+02 6.968436e+02 
3.235859e-01 6.603324e+02 6.744292e+02 
3.286263e-01 6.314588e+02 6.530170e+02 
3.336667e-01 6.103963e+02 6.325500e+02 
3.387071e-01 5.963322e+02 6.129750e+02 
3.437475e-01 5.874556e+02 5.942425e+02 
3.487879e-01 5.814188e+02 5.763063e+02 
3.538283e-01 5.758680e+02 5.591231e+02 
3.588687e-01 5.687833e+02 5.426526e+02 
3.639091e-01 5.587301e+02 5.268573e+02 
3.689495e-01 5.450145e+02 5.117017e+02 
3.739899e-01 5.277968e+02 4.971527e+02 
3.790303e-01 5.080279e+02 4.831795e+02 
3.840707e-01 4.871193e+02 4.697530e+02 
3.891111e-01 4.665528e+02 4.568457e+02 
3.941515e-01 4.476177e+02 4.444322e+02 
3.991919e-01 4.312158e+02 4.324882e+02 
4.042323e-01 4.178211e+02 4.209911e+02 
4.092727e-01 4.073826e+02 4.099196e+02 
4.143131e-01 3.994174e+02 3.992535e+02 
4.193535e-01 3.931494e+02 3.889739e+02 
4.243939e-01 3.877081e+02 3.790628e+02 
4.294343e-01 3.822626e+02 3.695034e+02 
4.344747e-01 3.761022e+02 3.602798e+02 
4.395152e-01 3.687509e+02 3.513768e+02 
4.445556e-01 3.600721e+02 3.427803e+02 
4.495960e-01 3.502636e+02 3.344766e+02 
4.546364e-01 3.397462e+02 3.264532e+02 
4.596768e-01 3.290253e+02 3.186979e+02 
4.647172e-01 3.186190e+02 3.111992e+02 
4.697576e-01 3.089876e+02 3.039463e+02 
4.747980e-01 3.004496e+02 2.969288e+02 
4.798384e-01 2.931383e+02 2.901371e+02 
4.848788e-01 2.869682e+02 2.835618e+02 
4.899192e-01 2.817063e+02 2.771940e+02 
4.949596e-01 2.770613e+02 2.710255e+02 
5.000000e-01 2.727161e+02 2.650482e+02 
