1.000000e-03 6.496759e+03 6.496753e+03 
6.040404e-03 2.930834e+04 2.955257e+04 
1.108081e-02 3.987380e+04 4.034418e+04 
1.612121e-02 4.252848e+04 4.326776e+04 
2.116162e-02 4.017442e+04 4.051294e+04 
2.620202e-02 3.509104e+04 3.467240e+04 
3.124242e-02 2.908538e+04 2.860120e+04 
3.628283e-02 2.341365e+04 2.367297e+04 
4.132323e-02 1.875944e+04 1.996524e+04 
4.636364e-02 1.531967e+04 1.716950e+04 
5.140404e-02 1.304233e+04 1.500049e+04 
5.644444e-02 1.167420e+04 1.326424e+04 
6.148485e-02 1.093873e+04 1.183719e+04 
6.652525e-02 1.056269e+04 1.063996e+04 
7.156566e-02 1.030395e+04 9.619704e+03 
7.660606e-02 9.969214e+03 8.739775e+03 
8.164646e-02 9.436457e+03 7.973680e+03 
8.668687e-02 8.675126e+03 7.301597e+03 
9.172727e-02 7.738559e+03 6.708249e+03 
9.676768e-02 6.731119e+03 6.181581e+03 
1.018081e-01 5.770426e+03 5.711898e+03 
1.068485e-01 4.951135e+03 5.291287e+03 
1.118889e-01 4.324453e+03 4.913204e+03 
1.169293e-01 3.898339e+03 4.572183e+03 
1.219697e-01 3.650510e+03 4.263620e+03 
1.270101e-01 3.542254e+03 3.983611e+03 
1.320505e-01 3.524339e+03 3.728818e+03 
1.370909e-01 3.542040e+03 3.496378e+03 
1.421313e-01 3.543316e+03 3.283819e+03 
1.471717e-01 3.488492e+03 3.088999e+03 
1.522121e-01 3.356175e+03 2.910053e+03 
1.572525e-01 3.146012e+03 2.745351e+03 
1.622929e-01 2.877854e+03 2.593464e+03 
1.673333e-01 2.585367e+03 2.453136e+03 
1.723737e-01 2.305036e+03 2.323258e+03 
1.774141e-01 2.064497e+03 2.202848e+03 
1.824545e-01 1.878492e+03 2.091036e+03 
1.874949e-01 1.750799e+03 1.987047e+03 
1.925354e-01 1.677464e+03 1.890190e+03 
1.975758e-01 1.648298e+03 1.799846e+03 
2.026162e-01 1.647825e+03 1.715464e+03 
2.076566e-01 1.657802e+03 1.636544e+03 
2.126970e-01 1.660825e+03 1.562641e+03 
2.177374e-01 1.643651e+03 1.493350e+03 
2.227778e-01 1.599022e+03 1.428308e+03 
2.278182e-01 1.526393e+03 1.367184e+03 
2.328586e-01 1.431598e+03 1.309680e+03 
2.378990e-01 1.325074e+03 1.255524e+03 
2.429394e-01 1.218798e+03 1.204468e+03 
2.479798e-01 1.123157e+03 1.156288e+03 
2.530202e-01 1.045205e+03 1.110778e+03 
2.580606e-01 9.880882e+02 1.067751e+03 
2.631010e-01 9.514196e+02 1.027034e+03 
2.681414e-01 9.319920e+02 9.884709e+02 
2.731818e-01 9.245683e+02 9.519157e+02 
2.782222e-01 9.228937e+02 9.172360e+02 
2.832626e-01 9.206589e+02 8.843096e+02 
2.883030e-01 9.124817e+02 8.530238e+02 
2.933434e-01 8.948333e+02 8.232746e+02 
2.983838e-01 8.666129e+02 7.949661e+02 
3.034242e-01 8.291411e+02 7.680094e+02 
3.084646e-01 7.856266e+02 7.423224e+02 
3.135051e-01 7.402547e+02 7.178291e+02 
3.185455e-01 6.971081e+02 6.944588e+02 
3.235859e-01 6.594144e+02 6.721459e+02 
3.286263e-01 6.290912e+02 6.508295e+02 
3.336667e-01 6.067296e+02 6.304529e+02 
3.387071e-01 5.916848e+02 6.109633e+02 
3.437475e-01 5.823981e+02 5.923115e+02 
3.487879e-01 5.766305e+02 5.744516e+02 
3.538283e-01 5.718825e+02 5.573408e+02 
3.588687e-01 5.658961e+02 5.409389e+02 
3.639091e-01 5.570096e+02 5.252085e+02 
3.689495e-01 5.444120e+02 5.101145e+02 
3.739899e-01 5.280820e+02 4.956242e+02 
3.790303e-01 5.087982e+02 4.817066e+02 
3.840707e-01 4.878653e+02 4.683330e+02 
3.891111e-01 4.668861e+02 4.554761e+02 
3.941515e-01 4.473272e+02 4.431105e+02 
3.991919e-01 4.302386e+02 4.312122e+02 
4.042323e-01 4.161718e+02 4.197586e+02 
4.092727e-01 4.051891e+02 4.087286e+02 
4.143131e-01 3.969156e+02 3.981022e+02 
4.193535e-01 3.906623e+02 3.878604e+02 
4.243939e-01 3.855117e+02 3.779854e+02 
4.294343e-01 3.805248e+02 3.684606e+02 
4.344747e-01 3.748954e+02 3.592700e+02 
4.395152e-01 3.680991e+02 3.503987e+02 
4.445556e-01 3.599108e+02 3.418324e+02 
4.495960e-01 3.504264e+02 3.335578e+02 
4.546364e-01 3.400062e+02 3.255622e+02 
4.596768e-01 3.291809e+02 3.178335e+02 
4.647172e-01 3.185362e+02 3.103604e+02 
4.697576e-01 3.086011e+02 3.031320e+02 
4.747980e-01 2.997415e+02 2.961382e+02 
4.798384e-01 2.921265e+02 2.893691e+02 
4.848788e-01 2.857413e+02 2.828155e+02 
4.899192e-01 2.804125e+02 2.764687e+02 
4.949596e-01 2.758431e+02 2.703203e+02 
5.000000e-01 2.716641e+02 2.643623e+02 
