1.000000e-03 3.061285e+03 3.061282e+03 
6.040404e-03 1.381053e+04 1.391222e+04 
1.108081e-02 1.896516e+04 1.905070e+04 
1.612121e-02 2.068666e+04 2.070508e+04 
2.116162e-02 2.034033e+04 2.021751e+04 
2.620202e-02 1.888841e+04 1.877256e+04 
3.124242e-02 1.702148e+04 1.715951e+04 
3.628283e-02 1.518780e+04 1.565723e+04 
4.132323e-02 1.362221e+04 1.431082e+04 
4.636364e-02 1.238891e+04 1.310853e+04 
5.140404e-02 1.146472e+04 1.203224e+04 
5.644444e-02 1.074937e+04 1.106629e+04 
6.148485e-02 1.013804e+04 1.019766e+04 
6.652525e-02 9.546922e+03 9.415257e+03 
7.156566e-02 8.917358e+03 8.709432e+03 
7.660606e-02 8.235932e+03 8.071667e+03 
8.164646e-02 7.531001e+03 7.494436e+03 
8.668687e-02 6.849330e+03 6.971079e+03 
9.172727e-02 6.231210e+03 6.495708e+03 
9.676768e-02 5.703022e+03 6.063125e+03 
1.018081e-01 5.278552e+03 5.668744e+03 
1.068485e-01 4.954545e+03 5.308521e+03 
1.118889e-01 4.709125e+03 4.978887e+03 
1.169293e-01 4.509622e+03 4.676694e+03 
1.219697e-01 4.325005e+03 4.399160e+03 
1.270101e-01 4.133819e+03 4.143825e+03 
1.320505e-01 3.925454e+03 3.908512e+03 
1.370909e-01 3.699356e+03 3.691288e+03 
1.421313e-01 3.463492e+03 3.490439e+03 
1.471717e-01 3.230652e+03 3.304438e+03 
1.522121e-01 3.013925e+03 3.131925e+03 
1.572525e-01 2.823432e+03 2.971685e+03 
1.622929e-01 2.664476e+03 2.822632e+03 
1.673333e-01 2.536542e+03 2.683794e+03 
1.723737e-01 2.433755e+03 2.554297e+03 
1.774141e-01 2.347130e+03 2.433355e+03 
1.824545e-01 2.267788e+03 2.320262e+03 
1.874949e-01 2.188658e+03 2.214380e+03 
1.925354e-01 2.105022e+03 2.115132e+03 
1.975758e-01 2.015145e+03 2.021998e+03 
2.026162e-01 1.920528e+03 1.934503e+03 
2.076566e-01 1.825263e+03 1.852218e+03 
2.126970e-01 1.733854e+03 1.774754e+03 
2.177374e-01 1.649731e+03 1.701754e+03 
2.227778e-01 1.575046e+03 1.632895e+03 
2.278182e-01 1.510510e+03 1.567880e+03 
2.328586e-01 1.455302e+03 1.506438e+03 
2.378990e-01 1.407208e+03 1.448322e+03 
2.429394e-01 1.363461e+03 1.393304e+03 
2.479798e-01 1.321638e+03 1.341176e+03 
2.530202e-01 1.279901e+03 1.291745e+03 
2.580606e-01 1.237041e+03 1.244835e+03 
2.631010e-01 1.192779e+03 1.200283e+03 
2.681414e-01 1.147888e+03 1.157939e+03 
2.731818e-01 1.103809e+03 1.117665e+03 
2.782222e-01 1.061848e+03 1.079332e+03 
2.832626e-01 1.022800e+03 1.042821e+03 
2.883030e-01 9.870588e+02 1.008023e+03 
2.933434e-01 9.547156e+02 9.748360e+02 
2.983838e-01 9.254935e+02 9.431649e+02 
3.034242e-01 8.987282e+02 9.129219e+02 
3.084646e-01 8.735063e+02 8.840252e+02 
3.135051e-01 8.490181e+02 8.563988e+02 
3.185455e-01 8.247852e+02 8.299715e+02 
3.235859e-01 8.006383e+02 8.046773e+02 
3.286263e-01 7.766056e+02 7.804543e+02 
3.336667e-01 7.528249e+02 7.572449e+02 
3.387071e-01 7.295972e+02 7.349950e+02 
3.437475e-01 7.073239e+02 7.136542e+02 
3.487879e-01 6.863208e+02 6.931753e+02 
3.538283e-01 6.666703e+02 6.735138e+02 
3.588687e-01 6.482955e+02 6.546282e+02 
3.639091e-01 6.310234e+02 6.364795e+02 
3.689495e-01 6.146719e+02 6.190311e+02 
3.739899e-01 5.990391e+02 6.022486e+02 
3.790303e-01 5.839062e+02 5.860994e+02 
3.840707e-01 5.690928e+02 5.705533e+02 
3.891111e-01 5.545166e+02 5.555814e+02 
3.941515e-01 5.402018e+02 5.411566e+02 
3.991919e-01 5.262160e+02 5.272536e+02 
4.042323e-01 5.126420e+02 5.138481e+02 
4.092727e-01 4.995479e+02 5.009176e+02 
4.143131e-01 4.869850e+02 4.884404e+02 
4.193535e-01 4.750089e+02 4.763964e+02 
4.243939e-01 4.635958e+02 4.647662e+02 
4.294343e-01 4.526807e+02 4.535318e+02 
4.344747e-01 4.421881e+02 4.426760e+02 
4.395152e-01 4.320594e+02 4.321824e+02 
4.445556e-01 4.222435e+02 4.220357e+02 
4.495960e-01 4.126834e+02 4.122211e+02 
4.546364e-01 4.033476e+02 4.027248e+02 
4.596768e-01 3.942339e+02 3.935335e+02 
4.647172e-01 3.853498e+02 3.846348e+02 
4.697576e-01 3.767255e+02 3.760168e+02 
4.747980e-01 3.683684e+02 3.676681e+02 
4.798384e-01 3.602903e+02 3.595780e+02 
4.848788e-01 3.524905e+02 3.517362e+02 
4.899192e-01 3.449642e+02 3.441330e+02 
4.949596e-01 3.377022e+02 3.367591e+02 
5.000000e-01 3.306788e+02 3.296056e+02 
