1.000000e-03 4.159755e+03 4.159752e+03 
6.040404e-03 1.870653e+04 1.885201e+04 
1.108081e-02 2.557077e+04 2.577017e+04 
1.612121e-02 2.760501e+04 2.781915e+04 
2.116162e-02 2.665717e+04 2.663127e+04 
2.620202e-02 2.410309e+04 2.389895e+04 
3.124242e-02 2.098020e+04 2.102758e+04 
3.628283e-02 1.798577e+04 1.855720e+04 
4.132323e-02 1.549468e+04 1.651987e+04 
4.636364e-02 1.360844e+04 1.482556e+04 
5.140404e-02 1.231457e+04 1.339073e+04 
5.644444e-02 1.144841e+04 1.215617e+04 
6.148485e-02 1.084245e+04 1.108120e+04 
6.652525e-02 1.034017e+04 1.013699e+04 
7.156566e-02 9.807502e+03 9.302150e+03 
7.660606e-02 9.170566e+03 8.560157e+03 
8.164646e-02 8.422099e+03 7.897828e+03 
8.668687e-02 7.607473e+03 7.304393e+03 
9.172727e-02 6.794016e+03 6.770907e+03 
9.676768e-02 6.047785e+03 6.289845e+03 
1.018081e-01 5.421103e+03 5.854824e+03 
1.068485e-01 4.940995e+03 5.460390e+03 
1.118889e-01 4.604183e+03 5.101855e+03 
1.169293e-01 4.382748e+03 4.775174e+03 
1.219697e-01 4.236538e+03 4.476840e+03 
1.270101e-01 4.124359e+03 4.203800e+03 
1.320505e-01 4.009206e+03 3.953390e+03 
1.370909e-01 3.863372e+03 3.723279e+03 
1.421313e-01 3.674115e+03 3.511417e+03 
1.471717e-01 3.444983e+03 3.316000e+03 
1.522121e-01 3.191819e+03 3.135435e+03 
1.572525e-01 2.935981e+03 2.968313e+03 
1.622929e-01 2.699133e+03 2.813381e+03 
1.673333e-01 2.498003e+03 2.669526e+03 
1.723737e-01 2.340685e+03 2.535756e+03 
1.774141e-01 2.226192e+03 2.411184e+03 
1.824545e-01 2.146823e+03 2.295016e+03 
1.874949e-01 2.091341e+03 2.186540e+03 
1.925354e-01 2.047011e+03 2.085116e+03 
1.975758e-01 2.001497e+03 1.990166e+03 
2.026162e-01 1.945202e+03 1.901170e+03 
2.076566e-01 1.873525e+03 1.817659e+03 
2.126970e-01 1.787283e+03 1.739205e+03 
2.177374e-01 1.691239e+03 1.665422e+03 
2.227778e-01 1.592313e+03 1.595960e+03 
2.278182e-01 1.497799e+03 1.530499e+03 
2.328586e-01 1.413689e+03 1.468747e+03 
2.378990e-01 1.343527e+03 1.410438e+03 
2.429394e-01 1.288090e+03 1.355331e+03 
2.479798e-01 1.245875e+03 1.303202e+03 
2.530202e-01 1.213658e+03 1.253848e+03 
2.580606e-01 1.187101e+03 1.207082e+03 
2.631010e-01 1.161578e+03 1.162731e+03 
2.681414e-01 1.133397e+03 1.120638e+03 
2.731818e-01 1.100584e+03 1.080656e+03 
2.782222e-01 1.062898e+03 1.042652e+03 
2.832626e-01 1.021324e+03 1.006501e+03 
2.883030e-01 9.777371e+02 9.720892e+02 
2.933434e-01 9.345459e+02 9.393094e+02 
2.983838e-01 8.941587e+02 9.080636e+02 
3.034242e-01 8.583490e+02 8.782605e+02 
3.084646e-01 8.278474e+02 8.498156e+02 
3.135051e-01 8.024339e+02 8.226501e+02 
3.185455e-01 7.812255e+02 7.966909e+02 
3.235859e-01 7.629539e+02 7.718697e+02 
3.286263e-01 7.461497e+02 7.481232e+02 
3.336667e-01 7.293659e+02 7.253921e+02 
3.387071e-01 7.115350e+02 7.036211e+02 
3.437475e-01 6.921778e+02 6.827586e+02 
3.487879e-01 6.714203e+02 6.627563e+02 
3.538283e-01 6.497944e+02 6.435690e+02 
3.588687e-01 6.280300e+02 6.251544e+02 
3.639091e-01 6.069103e+02 6.074729e+02 
3.689495e-01 5.871403e+02 5.904872e+02 
3.739899e-01 5.691929e+02 5.741625e+02 
3.790303e-01 5.532411e+02 5.584659e+02 
3.840707e-01 5.391223e+02 5.433666e+02 
3.891111e-01 5.264715e+02 5.288357e+02 
3.941515e-01 5.148132e+02 5.148458e+02 
3.991919e-01 5.036429e+02 5.013712e+02 
4.042323e-01 4.925190e+02 4.883877e+02 
4.092727e-01 4.811223e+02 4.758724e+02 
4.143131e-01 4.693428e+02 4.638039e+02 
4.193535e-01 4.572731e+02 4.521617e+02 
4.243939e-01 4.451160e+02 4.409266e+02 
4.294343e-01 4.331081e+02 4.300804e+02 
4.344747e-01 4.214901e+02 4.196060e+02 
4.395152e-01 4.104856e+02 4.094870e+02 
4.445556e-01 4.002463e+02 3.997080e+02 
4.495960e-01 3.907989e+02 3.902545e+02 
4.546364e-01 3.820601e+02 3.811126e+02 
4.596768e-01 3.738845e+02 3.722691e+02 
4.647172e-01 3.661006e+02 3.637117e+02 
4.697576e-01 3.585706e+02 3.554285e+02 
4.747980e-01 3.511355e+02 3.474082e+02 
4.798384e-01 3.436991e+02 3.396402e+02 
4.848788e-01 3.362167e+02 3.321143e+02 
4.899192e-01 3.287253e+02 3.248209e+02 
4.949596e-01 3.213159e+02 3.177509e+02 
5.000000e-01 3.140626e+02 3.108953e+02 
