1.000000e-03 2.864492e+03 2.864489e+03 
6.040404e-03 1.301834e+04 1.311225e+04 
1.108081e-02 1.785806e+04 1.791314e+04 
1.612121e-02 1.948634e+04 1.944850e+04 
2.116162e-02 1.922097e+04 1.906451e+04 
2.620202e-02 1.796233e+04 1.785430e+04 
3.124242e-02 1.633536e+04 1.647294e+04 
3.628283e-02 1.473289e+04 1.514617e+04 
4.132323e-02 1.335181e+04 1.392307e+04 
4.636364e-02 1.223665e+04 1.280745e+04 
5.140404e-02 1.137954e+04 1.179371e+04 
5.644444e-02 1.066515e+04 1.087432e+04 
6.148485e-02 1.001901e+04 1.004132e+04 
6.652525e-02 9.378151e+03 9.286852e+03 
7.156566e-02 8.708656e+03 8.603327e+03 
7.660606e-02 8.015908e+03 7.983640e+03 
8.164646e-02 7.333389e+03 7.421243e+03 
8.668687e-02 6.700700e+03 6.910174e+03 
9.172727e-02 6.144758e+03 6.445066e+03 
9.676768e-02 5.679690e+03 6.021111e+03 
1.018081e-01 5.307186e+03 5.634023e+03 
1.068485e-01 5.014260e+03 5.279991e+03 
1.118889e-01 4.773943e+03 4.955636e+03 
1.169293e-01 4.556247e+03 4.657958e+03 
1.219697e-01 4.339790e+03 4.384296e+03 
1.270101e-01 4.114179e+03 4.132291e+03 
1.320505e-01 3.878105e+03 3.899845e+03 
1.370909e-01 3.637669e+03 3.685096e+03 
1.421313e-01 3.403652e+03 3.486384e+03 
1.471717e-01 3.186808e+03 3.302231e+03 
1.522121e-01 2.994502e+03 3.131316e+03 
1.572525e-01 2.830178e+03 2.972459e+03 
1.622929e-01 2.693286e+03 2.824604e+03 
1.673333e-01 2.578837e+03 2.686800e+03 
1.723737e-01 2.478739e+03 2.558196e+03 
1.774141e-01 2.384982e+03 2.438026e+03 
1.824545e-01 2.291975e+03 2.325597e+03 
1.874949e-01 2.196907e+03 2.220285e+03 
1.925354e-01 2.099282e+03 2.121525e+03 
1.975758e-01 2.000600e+03 2.028807e+03 
2.026162e-01 1.904015e+03 1.941665e+03 
2.076566e-01 1.813120e+03 1.859678e+03 
2.126970e-01 1.730319e+03 1.782462e+03 
2.177374e-01 1.656425e+03 1.709668e+03 
2.227778e-01 1.591147e+03 1.640977e+03 
2.278182e-01 1.533124e+03 1.576096e+03 
2.328586e-01 1.480317e+03 1.514760e+03 
2.378990e-01 1.430609e+03 1.456723e+03 
2.429394e-01 1.382386e+03 1.401762e+03 
2.479798e-01 1.334634e+03 1.349670e+03 
2.530202e-01 1.286865e+03 1.300258e+03 
2.580606e-01 1.239271e+03 1.253352e+03 
2.631010e-01 1.192715e+03 1.208790e+03 
2.681414e-01 1.148273e+03 1.166424e+03 
2.731818e-01 1.106676e+03 1.126117e+03 
2.782222e-01 1.068117e+03 1.087742e+03 
2.832626e-01 1.032478e+03 1.051182e+03 
2.883030e-01 9.995267e+02 1.016327e+03 
2.933434e-01 9.688722e+02 9.830772e+02 
2.983838e-01 9.398833e+02 9.513381e+02 
3.034242e-01 9.119078e+02 9.210226e+02 
3.084646e-01 8.845793e+02 8.920497e+02 
3.135051e-01 8.578189e+02 8.643436e+02 
3.185455e-01 8.316634e+02 8.378341e+02 
3.235859e-01 8.062025e+02 8.124553e+02 
3.286263e-01 7.815874e+02 7.881459e+02 
3.336667e-01 7.580275e+02 7.648485e+02 
3.387071e-01 7.356941e+02 7.425096e+02 
3.437475e-01 7.146190e+02 7.210788e+02 
3.487879e-01 6.946857e+02 7.005092e+02 
3.538283e-01 6.757215e+02 6.807567e+02 
3.588687e-01 6.575888e+02 6.617799e+02 
3.639091e-01 6.401652e+02 6.435400e+02 
3.689495e-01 6.232987e+02 6.260005e+02 
3.739899e-01 6.068964e+02 6.091272e+02 
3.790303e-01 5.909455e+02 5.928876e+02 
3.840707e-01 5.754567e+02 5.772516e+02 
3.891111e-01 5.604708e+02 5.621904e+02 
3.941515e-01 5.460130e+02 5.476771e+02 
3.991919e-01 5.320915e+02 5.336863e+02 
4.042323e-01 5.187308e+02 5.201939e+02 
4.092727e-01 5.059360e+02 5.071772e+02 
4.143131e-01 4.936577e+02 4.946149e+02 
4.193535e-01 4.818191e+02 4.824867e+02 
4.243939e-01 4.703757e+02 4.707735e+02 
4.294343e-01 4.593142e+02 4.594570e+02 
4.344747e-01 4.485968e+02 4.485201e+02 
4.395152e-01 4.381883e+02 4.379465e+02 
4.445556e-01 4.280756e+02 4.277209e+02 
4.495960e-01 4.182608e+02 4.178285e+02 
4.546364e-01 4.087568e+02 4.082556e+02 
4.596768e-01 3.995654e+02 3.989888e+02 
4.647172e-01 3.906680e+02 3.900157e+02 
4.697576e-01 3.820560e+02 3.813243e+02 
4.747980e-01 3.737258e+02 3.729034e+02 
4.798384e-01 3.656728e+02 3.647422e+02 
4.848788e-01 3.578744e+02 3.568305e+02 
4.899192e-01 3.502993e+02 3.491584e+02 
4.949596e-01 3.429365e+02 3.417167e+02 
5.000000e-01 3.357871e+02 3.344966e+02 
