1.000000e-03 3.180702e+03 3.180699e+03 
6.040404e-03 1.498071e+04 1.509731e+04 
1.108081e-02 2.098837e+04 2.114050e+04 
1.612121e-02 2.313774e+04 2.329699e+04 
2.116162e-02 2.280438e+04 2.278368e+04 
2.620202e-02 2.104863e+04 2.088082e+04 
3.124242e-02 1.869763e+04 1.871090e+04 
3.628283e-02 1.633177e+04 1.676048e+04 
4.132323e-02 1.428846e+04 1.510222e+04 
4.636364e-02 1.268794e+04 1.369050e+04 
5.140404e-02 1.154428e+04 1.247222e+04 
5.644444e-02 1.075498e+04 1.140744e+04 
6.148485e-02 1.018273e+04 1.046793e+04 
6.652525e-02 9.714676e+03 9.633216e+03 
7.156566e-02 9.237650e+03 8.887771e+03 
7.660606e-02 8.682013e+03 8.219339e+03 
8.164646e-02 8.032735e+03 7.617928e+03 
8.668687e-02 7.323379e+03 7.075206e+03 
9.172727e-02 6.608018e+03 6.584124e+03 
9.676768e-02 5.939641e+03 6.138654e+03 
1.018081e-01 5.361117e+03 5.733602e+03 
1.068485e-01 4.900082e+03 5.364471e+03 
1.118889e-01 4.562124e+03 5.027351e+03 
1.169293e-01 4.329682e+03 4.718828e+03 
1.219697e-01 4.170361e+03 4.435913e+03 
1.270101e-01 4.048130e+03 4.175982e+03 
1.320505e-01 3.930904e+03 3.936727e+03 
1.370909e-01 3.794653e+03 3.716110e+03 
1.421313e-01 3.625926e+03 3.512329e+03 
1.471717e-01 3.423393e+03 3.323788e+03 
1.522121e-01 3.196783e+03 3.149067e+03 
1.572525e-01 2.962806e+03 2.986903e+03 
1.622929e-01 2.739957e+03 2.836171e+03 
1.673333e-01 2.543888e+03 2.695862e+03 
1.723737e-01 2.383927e+03 2.565075e+03 
1.774141e-01 2.261563e+03 2.443000e+03 
1.824545e-01 2.172191e+03 2.328909e+03 
1.874949e-01 2.107256e+03 2.222148e+03 
1.925354e-01 2.056536e+03 2.122123e+03 
1.975758e-01 2.009318e+03 2.028301e+03 
2.026162e-01 1.956228e+03 1.940197e+03 
2.076566e-01 1.891451e+03 1.857373e+03 
2.126970e-01 1.814028e+03 1.779430e+03 
2.177374e-01 1.726958e+03 1.706005e+03 
2.227778e-01 1.635317e+03 1.636767e+03 
2.278182e-01 1.544903e+03 1.571414e+03 
2.328586e-01 1.461246e+03 1.509672e+03 
2.378990e-01 1.388555e+03 1.451288e+03 
2.429394e-01 1.328777e+03 1.396031e+03 
2.479798e-01 1.281365e+03 1.343689e+03 
2.530202e-01 1.244016e+03 1.294067e+03 
2.580606e-01 1.213505e+03 1.246986e+03 
2.631010e-01 1.186220e+03 1.202281e+03 
2.681414e-01 1.158638e+03 1.159800e+03 
2.731818e-01 1.128090e+03 1.119403e+03 
2.782222e-01 1.093371e+03 1.080960e+03 
2.832626e-01 1.054875e+03 1.044351e+03 
2.883030e-01 1.014007e+03 1.009465e+03 
2.933434e-01 9.726068e+02 9.761987e+02 
2.983838e-01 9.325559e+02 9.444565e+02 
3.034242e-01 8.955618e+02 9.141498e+02 
3.084646e-01 8.628464e+02 8.851959e+02 
3.135051e-01 8.348319e+02 8.575181e+02 
3.185455e-01 8.111376e+02 8.310447e+02 
3.235859e-01 7.907751e+02 8.057091e+02 
3.286263e-01 7.724978e+02 7.814489e+02 
3.336667e-01 7.550941e+02 7.582061e+02 
3.387071e-01 7.375320e+02 7.359263e+02 
3.437475e-01 7.191050e+02 7.145586e+02 
3.487879e-01 6.994851e+02 6.940554e+02 
3.538283e-01 6.788164e+02 6.743722e+02 
3.588687e-01 6.576223e+02 6.554671e+02 
3.639091e-01 6.366289e+02 6.373009e+02 
3.689495e-01 6.165019e+02 6.198368e+02 
3.739899e-01 5.977193e+02 6.030401e+02 
3.790303e-01 5.805553e+02 5.868783e+02 
3.840707e-01 5.650919e+02 5.713207e+02 
3.891111e-01 5.512147e+02 5.563385e+02 
3.941515e-01 5.386030e+02 5.419045e+02 
3.991919e-01 5.268072e+02 5.279931e+02 
4.042323e-01 5.153730e+02 5.145802e+02 
4.092727e-01 5.039616e+02 5.016429e+02 
4.143131e-01 4.923770e+02 4.891596e+02 
4.193535e-01 4.805612e+02 4.771100e+02 
4.243939e-01 4.685820e+02 4.654749e+02 
4.294343e-01 4.565784e+02 4.542360e+02 
4.344747e-01 4.447758e+02 4.433760e+02 
4.395152e-01 4.333949e+02 4.328786e+02 
4.445556e-01 4.226045e+02 4.227284e+02 
4.495960e-01 4.125041e+02 4.129107e+02 
4.546364e-01 4.030888e+02 4.034114e+02 
4.596768e-01 3.942854e+02 3.942175e+02 
4.647172e-01 3.859934e+02 3.853163e+02 
4.697576e-01 3.780825e+02 3.766959e+02 
4.747980e-01 3.704102e+02 3.683450e+02 
4.798384e-01 3.628375e+02 3.602528e+02 
4.848788e-01 3.552900e+02 3.524090e+02 
4.899192e-01 3.477535e+02 3.448039e+02 
4.949596e-01 3.402600e+02 3.374282e+02 
5.000000e-01 3.328643e+02 3.302729e+02 
