1.000000e-03 3.720388e+03 3.720385e+03 
6.040404e-03 1.662993e+04 1.675782e+04 
1.108081e-02 2.265267e+04 2.279560e+04 
1.612121e-02 2.446086e+04 2.457076e+04 
2.116162e-02 2.372791e+04 2.364654e+04 
2.620202e-02 2.164890e+04 2.149843e+04 
3.124242e-02 1.909691e+04 1.922131e+04 
3.628283e-02 1.664411e+04 1.720944e+04 
4.132323e-02 1.459316e+04 1.549486e+04 
4.636364e-02 1.302272e+04 1.402592e+04 
5.140404e-02 1.191063e+04 1.275218e+04 
5.644444e-02 1.112265e+04 1.163643e+04 
6.148485e-02 1.051852e+04 1.065171e+04 
6.652525e-02 9.967121e+03 9.777809e+03 
7.156566e-02 9.376502e+03 8.998889e+03 
7.660606e-02 8.704380e+03 8.302121e+03 
8.164646e-02 7.961777e+03 7.676866e+03 
8.668687e-02 7.196615e+03 7.114164e+03 
9.172727e-02 6.466829e+03 6.606388e+03 
9.676768e-02 5.822004e+03 6.147005e+03 
1.018081e-01 5.295356e+03 5.730386e+03 
1.068485e-01 4.897517e+03 5.351664e+03 
1.118889e-01 4.614320e+03 5.006614e+03 
1.169293e-01 4.413869e+03 4.691558e+03 
1.219697e-01 4.258791e+03 4.403287e+03 
1.270101e-01 4.114847e+03 4.138991e+03 
1.320505e-01 3.955565e+03 3.896205e+03 
1.370909e-01 3.766197e+03 3.672760e+03 
1.421313e-01 3.546103e+03 3.466745e+03 
1.471717e-01 3.306367e+03 3.276471e+03 
1.522121e-01 3.063748e+03 3.100439e+03 
1.572525e-01 2.835292e+03 2.937321e+03 
1.622929e-01 2.635152e+03 2.785935e+03 
1.673333e-01 2.472204e+03 2.645226e+03 
1.723737e-01 2.347317e+03 2.514251e+03 
1.774141e-01 2.254140e+03 2.392169e+03 
1.824545e-01 2.182400e+03 2.278221e+03 
1.874949e-01 2.121408e+03 2.171727e+03 
1.925354e-01 2.061432e+03 2.072075e+03 
1.975758e-01 1.994845e+03 1.978713e+03 
2.026162e-01 1.917471e+03 1.891141e+03 
2.076566e-01 1.829697e+03 1.808907e+03 
2.126970e-01 1.735741e+03 1.731600e+03 
2.177374e-01 1.641387e+03 1.658850e+03 
2.227778e-01 1.552160e+03 1.590316e+03 
2.278182e-01 1.472331e+03 1.525692e+03 
2.328586e-01 1.404321e+03 1.464694e+03 
2.378990e-01 1.348442e+03 1.407065e+03 
2.429394e-01 1.303139e+03 1.352572e+03 
2.479798e-01 1.265548e+03 1.300997e+03 
2.530202e-01 1.232156e+03 1.252142e+03 
2.580606e-01 1.199520e+03 1.205827e+03 
2.631010e-01 1.164993e+03 1.161884e+03 
2.681414e-01 1.127349e+03 1.120160e+03 
2.731818e-01 1.086796e+03 1.080511e+03 
2.782222e-01 1.044494e+03 1.042807e+03 
2.832626e-01 1.002041e+03 1.006928e+03 
2.883030e-01 9.611385e+02 9.727602e+02 
2.933434e-01 9.233049e+02 9.402011e+02 
2.983838e-01 8.895447e+02 9.091542e+02 
3.034242e-01 8.600898e+02 8.795303e+02 
3.084646e-01 8.344719e+02 8.512465e+02 
3.135051e-01 8.117880e+02 8.242258e+02 
3.185455e-01 7.909720e+02 7.983964e+02 
3.235859e-01 7.709606e+02 7.736915e+02 
3.286263e-01 7.508596e+02 7.500489e+02 
3.336667e-01 7.301344e+02 7.274104e+02 
3.387071e-01 7.086904e+02 7.057217e+02 
3.437475e-01 6.868113e+02 6.849322e+02 
3.487879e-01 6.649838e+02 6.649943e+02 
3.538283e-01 6.437497e+02 6.458636e+02 
3.588687e-01 6.236024e+02 6.274985e+02 
3.639091e-01 6.048931e+02 6.098599e+02 
3.689495e-01 5.877556e+02 5.929112e+02 
3.739899e-01 5.720947e+02 5.766181e+02 
3.790303e-01 5.576683e+02 5.609481e+02 
3.840707e-01 5.441605e+02 5.458709e+02 
3.891111e-01 5.312377e+02 5.313579e+02 
3.941515e-01 5.185897e+02 5.173821e+02 
3.991919e-01 5.059807e+02 5.039183e+02 
4.042323e-01 4.933167e+02 4.909423e+02 
4.092727e-01 4.806483e+02 4.784318e+02 
4.143131e-01 4.681131e+02 4.663653e+02 
4.193535e-01 4.558690e+02 4.547228e+02 
4.243939e-01 4.440516e+02 4.434852e+02 
4.294343e-01 4.327733e+02 4.326346e+02 
4.344747e-01 4.221117e+02 4.221539e+02 
4.395152e-01 4.120833e+02 4.120270e+02 
4.445556e-01 4.026288e+02 4.022387e+02 
4.495960e-01 3.936294e+02 3.927744e+02 
4.546364e-01 3.849765e+02 3.836206e+02 
4.596768e-01 3.765775e+02 3.747641e+02 
4.647172e-01 3.683593e+02 3.661926e+02 
4.697576e-01 3.602689e+02 3.578945e+02 
4.747980e-01 3.522643e+02 3.498585e+02 
4.798384e-01 3.443792e+02 3.420741e+02 
4.848788e-01 3.366685e+02 3.345311e+02 
4.899192e-01 3.291838e+02 3.272201e+02 
4.949596e-01 3.219447e+02 3.201319e+02 
5.000000e-01 3.149706e+02 3.132578e+02 
