1.000000e-03 3.492981e+03 3.492978e+03 
6.040404e-03 1.612818e+04 1.625101e+04 
1.108081e-02 2.214904e+04 2.228770e+04 
1.612121e-02 2.399920e+04 2.410188e+04 
2.116162e-02 2.330962e+04 2.321958e+04 
2.620202e-02 2.127235e+04 2.112870e+04 
3.124242e-02 1.876609e+04 1.891663e+04 
3.628283e-02 1.636654e+04 1.696276e+04 
4.132323e-02 1.437345e+04 1.529465e+04 
4.636364e-02 1.285946e+04 1.386202e+04 
5.140404e-02 1.180106e+04 1.261687e+04 
5.644444e-02 1.105127e+04 1.152394e+04 
6.148485e-02 1.047179e+04 1.055775e+04 
6.652525e-02 9.927553e+03 9.699077e+03 
7.156566e-02 9.331536e+03 8.932812e+03 
7.660606e-02 8.647381e+03 8.246654e+03 
8.164646e-02 7.893354e+03 7.630357e+03 
8.668687e-02 7.122800e+03 7.075264e+03 
9.172727e-02 6.396327e+03 6.573983e+03 
9.676768e-02 5.763930e+03 6.120169e+03 
1.018081e-01 5.256803e+03 5.708341e+03 
1.068485e-01 4.881076e+03 5.333754e+03 
1.118889e-01 4.617429e+03 4.992282e+03 
1.169293e-01 4.430547e+03 4.680329e+03 
1.219697e-01 4.281640e+03 4.394755e+03 
1.270101e-01 4.136293e+03 4.132806e+03 
1.320505e-01 3.969209e+03 3.892066e+03 
1.370909e-01 3.768526e+03 3.670407e+03 
1.421313e-01 3.537564e+03 3.465951e+03 
1.471717e-01 3.290415e+03 3.277039e+03 
1.522121e-01 3.045144e+03 3.102197e+03 
1.572525e-01 2.819065e+03 2.940119e+03 
1.622929e-01 2.625854e+03 2.789641e+03 
1.673333e-01 2.472531e+03 2.649724e+03 
1.723737e-01 2.357389e+03 2.519440e+03 
1.774141e-01 2.271736e+03 2.397959e+03 
1.824545e-01 2.204301e+03 2.284532e+03 
1.874949e-01 2.144141e+03 2.178491e+03 
1.925354e-01 2.081716e+03 2.079230e+03 
1.975758e-01 2.010083e+03 1.986203e+03 
2.026162e-01 1.926481e+03 1.898918e+03 
2.076566e-01 1.833199e+03 1.816927e+03 
2.126970e-01 1.735776e+03 1.739827e+03 
2.177374e-01 1.640422e+03 1.667248e+03 
2.227778e-01 1.552511e+03 1.598856e+03 
2.278182e-01 1.475699e+03 1.534346e+03 
2.328586e-01 1.411611e+03 1.473438e+03 
2.378990e-01 1.359701e+03 1.415880e+03 
2.429394e-01 1.317586e+03 1.361436e+03 
2.479798e-01 1.281781e+03 1.309895e+03 
2.530202e-01 1.248466e+03 1.261059e+03 
2.580606e-01 1.214354e+03 1.214750e+03 
2.631010e-01 1.177376e+03 1.170800e+03 
2.681414e-01 1.137045e+03 1.129058e+03 
2.731818e-01 1.094126e+03 1.089383e+03 
2.782222e-01 1.050186e+03 1.051645e+03 
2.832626e-01 1.007048e+03 1.015724e+03 
2.883030e-01 9.664845e+02 9.815078e+02 
2.933434e-01 9.298088e+02 9.488947e+02 
2.983838e-01 8.976164e+02 9.177888e+02 
3.034242e-01 8.697035e+02 8.881016e+02 
3.084646e-01 8.452969e+02 8.597507e+02 
3.135051e-01 8.233034e+02 8.326595e+02 
3.185455e-01 8.025325e+02 8.067569e+02 
3.235859e-01 7.819409e+02 7.819763e+02 
3.286263e-01 7.608326e+02 7.582559e+02 
3.336667e-01 7.389520e+02 7.355379e+02 
3.387071e-01 7.164587e+02 7.137683e+02 
3.437475e-01 6.938024e+02 6.928966e+02 
3.487879e-01 6.715580e+02 6.728757e+02 
3.538283e-01 6.503137e+02 6.536612e+02 
3.588687e-01 6.305017e+02 6.352118e+02 
3.639091e-01 6.123082e+02 6.174885e+02 
3.689495e-01 5.957053e+02 6.004550e+02 
3.739899e-01 5.804693e+02 5.840769e+02 
3.790303e-01 5.662927e+02 5.683220e+02 
3.840707e-01 5.528249e+02 5.531601e+02 
3.891111e-01 5.397022e+02 5.385627e+02 
3.941515e-01 5.266446e+02 5.245029e+02 
3.991919e-01 5.135354e+02 5.109554e+02 
4.042323e-01 5.004012e+02 4.978963e+02 
4.092727e-01 4.873678e+02 4.853033e+02 
4.143131e-01 4.745970e+02 4.731549e+02 
4.193535e-01 4.622388e+02 4.614312e+02 
4.243939e-01 4.504317e+02 4.501131e+02 
4.294343e-01 4.392632e+02 4.391827e+02 
4.344747e-01 4.287699e+02 4.286231e+02 
4.395152e-01 4.188795e+02 4.184181e+02 
4.445556e-01 4.094796e+02 4.085525e+02 
4.495960e-01 4.004580e+02 3.990118e+02 
4.546364e-01 3.917192e+02 3.897825e+02 
4.596768e-01 3.831762e+02 3.808514e+02 
4.647172e-01 3.747504e+02 3.722062e+02 
4.697576e-01 3.664222e+02 3.638352e+02 
4.747980e-01 3.582168e+02 3.557273e+02 
4.798384e-01 3.501879e+02 3.478719e+02 
4.848788e-01 3.423894e+02 3.402590e+02 
4.899192e-01 3.348459e+02 3.328789e+02 
4.949596e-01 3.275802e+02 3.257225e+02 
5.000000e-01 3.206181e+02 3.187811e+02 
