1.000000e-03 2.584619e+03 2.584617e+03 
6.040404e-03 1.159035e+04 1.167196e+04 
1.108081e-02 1.586728e+04 1.588478e+04 
1.612121e-02 1.738595e+04 1.728840e+04 
2.116162e-02 1.731969e+04 1.713106e+04 
2.620202e-02 1.642410e+04 1.629346e+04 
3.124242e-02 1.519896e+04 1.525033e+04 
3.628283e-02 1.394770e+04 1.418054e+04 
4.132323e-02 1.282065e+04 1.314645e+04 
4.636364e-02 1.185386e+04 1.217213e+04 
5.140404e-02 1.103767e+04 1.126689e+04 
5.644444e-02 1.030814e+04 1.043287e+04 
6.148485e-02 9.622304e+03 9.668415e+03 
6.652525e-02 8.952710e+03 8.969814e+03 
7.156566e-02 8.288017e+03 8.332384e+03 
7.660606e-02 7.641559e+03 7.751094e+03 
8.164646e-02 7.039920e+03 7.220928e+03 
8.668687e-02 6.503496e+03 6.737095e+03 
9.172727e-02 6.038158e+03 6.295127e+03 
9.676768e-02 5.641384e+03 5.890928e+03 
1.018081e-01 5.306681e+03 5.520779e+03 
1.068485e-01 5.019283e+03 5.181328e+03 
1.118889e-01 4.758007e+03 4.869565e+03 
1.169293e-01 4.505541e+03 4.582797e+03 
1.219697e-01 4.255039e+03 4.318615e+03 
1.270101e-01 4.007643e+03 4.074869e+03 
1.320505e-01 3.768184e+03 3.849637e+03 
1.370909e-01 3.542551e+03 3.641201e+03 
1.421313e-01 3.336077e+03 3.448028e+03 
1.471717e-01 3.151488e+03 3.268742e+03 
1.522121e-01 2.988572e+03 3.102113e+03 
1.572525e-01 2.845063e+03 2.947036e+03 
1.622929e-01 2.717114e+03 2.802518e+03 
1.673333e-01 2.599659e+03 2.667668e+03 
1.723737e-01 2.487752e+03 2.541679e+03 
1.774141e-01 2.378651e+03 2.423827e+03 
1.824545e-01 2.271945e+03 2.313456e+03 
1.874949e-01 2.168253e+03 2.209972e+03 
1.925354e-01 2.068659e+03 2.112839e+03 
1.975758e-01 1.974621e+03 2.021566e+03 
2.026162e-01 1.887521e+03 1.935712e+03 
2.076566e-01 1.807844e+03 1.854872e+03 
2.126970e-01 1.734915e+03 1.778679e+03 
2.177374e-01 1.667660e+03 1.706796e+03 
2.227778e-01 1.604985e+03 1.638916e+03 
2.278182e-01 1.545746e+03 1.574759e+03 
2.328586e-01 1.488936e+03 1.514068e+03 
2.378990e-01 1.434058e+03 1.456606e+03 
2.429394e-01 1.381103e+03 1.402156e+03 
2.479798e-01 1.330210e+03 1.350520e+03 
2.530202e-01 1.281461e+03 1.301513e+03 
2.580606e-01 1.235049e+03 1.254965e+03 
2.631010e-01 1.191278e+03 1.210722e+03 
2.681414e-01 1.150279e+03 1.168638e+03 
2.731818e-01 1.111772e+03 1.128580e+03 
2.782222e-01 1.075298e+03 1.090425e+03 
2.832626e-01 1.040539e+03 1.054058e+03 
2.883030e-01 1.007350e+03 1.019373e+03 
2.933434e-01 9.755723e+02 9.862702e+02 
2.983838e-01 9.449878e+02 9.546593e+02 
3.034242e-01 9.154678e+02 9.244545e+02 
3.084646e-01 8.870653e+02 8.955765e+02 
3.135051e-01 8.598787e+02 8.679512e+02 
3.185455e-01 8.339105e+02 8.415096e+02 
3.235859e-01 8.090887e+02 8.161871e+02 
3.286263e-01 7.853484e+02 7.919236e+02 
3.336667e-01 7.626618e+02 7.686628e+02 
3.387071e-01 7.409937e+02 7.463519e+02 
3.437475e-01 7.202351e+02 7.249416e+02 
3.487879e-01 7.002411e+02 7.043856e+02 
3.538283e-01 6.809478e+02 6.846406e+02 
3.588687e-01 6.623635e+02 6.656657e+02 
3.639091e-01 6.444790e+02 6.474227e+02 
3.689495e-01 6.272433e+02 6.298757e+02 
3.739899e-01 6.106233e+02 6.129908e+02 
3.790303e-01 5.946196e+02 5.967361e+02 
3.840707e-01 5.792286e+02 5.810818e+02 
3.891111e-01 5.644232e+02 5.659994e+02 
3.941515e-01 5.501561e+02 5.514624e+02 
3.991919e-01 5.363847e+02 5.374456e+02 
4.042323e-01 5.231025e+02 5.239253e+02 
4.092727e-01 5.102894e+02 5.108790e+02 
4.143131e-01 4.979046e+02 4.982854e+02 
4.193535e-01 4.859202e+02 4.861247e+02 
4.243939e-01 4.743272e+02 4.743777e+02 
4.294343e-01 4.631212e+02 4.630264e+02 
4.344747e-01 4.522970e+02 4.520540e+02 
4.395152e-01 4.418236e+02 4.414441e+02 
4.445556e-01 4.316821e+02 4.311815e+02 
4.495960e-01 4.218704e+02 4.212518e+02 
4.546364e-01 4.123816e+02 4.116410e+02 
4.596768e-01 4.031944e+02 4.023361e+02 
4.647172e-01 3.942872e+02 3.933246e+02 
4.697576e-01 3.856488e+02 3.845948e+02 
4.747980e-01 3.772761e+02 3.761353e+02 
4.798384e-01 3.691604e+02 3.679355e+02 
4.848788e-01 3.612889e+02 3.599852e+02 
4.899192e-01 3.536464e+02 3.522746e+02 
4.949596e-01 3.462214e+02 3.447946e+02 
5.000000e-01 3.390227e+02 3.375362e+02 
