1.000000e-03 5.297521e+03 5.297517e+03 
6.040404e-03 2.342910e+04 2.361893e+04 
1.108081e-02 3.173621e+04 3.204621e+04 
1.612121e-02 3.391351e+04 3.433182e+04 
2.116162e-02 3.230105e+04 3.240684e+04 
2.620202e-02 2.865606e+04 2.836359e+04 
3.124242e-02 2.432325e+04 2.418557e+04 
3.628283e-02 2.021771e+04 2.071658e+04 
4.132323e-02 1.683225e+04 1.799230e+04 
4.636364e-02 1.430254e+04 1.583543e+04 
5.140404e-02 1.260465e+04 1.408487e+04 
5.644444e-02 1.153940e+04 1.262955e+04 
6.148485e-02 1.089210e+04 1.139643e+04 
6.652525e-02 1.045351e+04 1.033656e+04 
7.156566e-02 1.004010e+04 9.415755e+03 
7.660606e-02 9.524561e+03 8.609093e+03 
8.164646e-02 8.849639e+03 7.897716e+03 
8.668687e-02 8.032512e+03 7.266905e+03 
9.172727e-02 7.140796e+03 6.704897e+03 
9.676768e-02 6.263131e+03 6.202114e+03 
1.018081e-01 5.481447e+03 5.750648e+03 
1.068485e-01 4.851571e+03 5.343894e+03 
1.118889e-01 4.393314e+03 4.976285e+03 
1.169293e-01 4.093901e+03 4.643095e+03 
1.219697e-01 3.920615e+03 4.340286e+03 
1.270101e-01 3.831062e+03 4.064389e+03 
1.320505e-01 3.778662e+03 3.812410e+03 
1.370909e-01 3.718916e+03 3.581754e+03 
1.421313e-01 3.617949e+03 3.370160e+03 
1.471717e-01 3.459524e+03 3.175654e+03 
1.522121e-01 3.245433e+03 2.996508e+03 
1.572525e-01 2.991890e+03 2.831200e+03 
1.622929e-01 2.724113e+03 2.678388e+03 
1.673333e-01 2.470216e+03 2.536887e+03 
1.723737e-01 2.252742e+03 2.405645e+03 
1.774141e-01 2.083483e+03 2.283727e+03 
1.824545e-01 1.963761e+03 2.170299e+03 
1.874949e-01 1.887752e+03 2.064618e+03 
1.925354e-01 1.845175e+03 1.966017e+03 
1.975758e-01 1.822425e+03 1.873899e+03 
2.026162e-01 1.804236e+03 1.787725e+03 
2.076566e-01 1.776842e+03 1.707013e+03 
2.126970e-01 1.731282e+03 1.631325e+03 
2.177374e-01 1.664686e+03 1.560267e+03 
2.227778e-01 1.579722e+03 1.493480e+03 
2.278182e-01 1.483077e+03 1.430640e+03 
2.328586e-01 1.383467e+03 1.371453e+03 
2.378990e-01 1.289652e+03 1.315649e+03 
2.429394e-01 1.208523e+03 1.262984e+03 
2.479798e-01 1.143960e+03 1.213234e+03 
2.530202e-01 1.096669e+03 1.166195e+03 
2.580606e-01 1.064616e+03 1.121679e+03 
2.631010e-01 1.043739e+03 1.079516e+03 
2.681414e-01 1.028856e+03 1.039548e+03 
2.731818e-01 1.014781e+03 1.001628e+03 
2.782222e-01 9.971814e+02 9.656257e+02 
2.832626e-01 9.732396e+02 9.314162e+02 
2.883030e-01 9.419668e+02 8.988866e+02 
2.933434e-01 9.042401e+02 8.679322e+02 
2.983838e-01 8.624542e+02 8.384561e+02 
3.034242e-01 8.197383e+02 8.103684e+02 
3.084646e-01 7.791822e+02 7.835862e+02 
3.135051e-01 7.431655e+02 7.580323e+02 
3.185455e-01 7.131221e+02 7.336350e+02 
3.235859e-01 6.893959e+02 7.103277e+02 
3.286263e-01 6.713383e+02 6.880485e+02 
3.336667e-01 6.575208e+02 6.667396e+02 
3.387071e-01 6.461322e+02 6.463473e+02 
3.437475e-01 6.353126e+02 6.268214e+02 
3.487879e-01 6.234734e+02 6.081150e+02 
3.538283e-01 6.095282e+02 5.901842e+02 
3.588687e-01 5.930822e+02 5.729882e+02 
3.639091e-01 5.744233e+02 5.564885e+02 
3.689495e-01 5.543462e+02 5.406493e+02 
3.739899e-01 5.338899e+02 5.254367e+02 
3.790303e-01 5.141118e+02 5.108193e+02 
3.840707e-01 4.959173e+02 4.967673e+02 
3.891111e-01 4.799149e+02 4.832528e+02 
3.941515e-01 4.663325e+02 4.702497e+02 
3.991919e-01 4.550020e+02 4.577331e+02 
4.042323e-01 4.454319e+02 4.456800e+02 
4.092727e-01 4.369665e+02 4.340684e+02 
4.143131e-01 4.289458e+02 4.228776e+02 
4.193535e-01 4.207934e+02 4.120882e+02 
4.243939e-01 4.120828e+02 4.016819e+02 
4.294343e-01 4.025829e+02 3.916411e+02 
4.344747e-01 3.923305e+02 3.819497e+02 
4.395152e-01 3.815541e+02 3.725920e+02 
4.445556e-01 3.706349e+02 3.635533e+02 
4.495960e-01 3.599451e+02 3.548198e+02 
4.546364e-01 3.498268e+02 3.463784e+02 
4.596768e-01 3.405080e+02 3.382164e+02 
4.647172e-01 3.321318e+02 3.303222e+02 
4.697576e-01 3.246880e+02 3.226844e+02 
4.747980e-01 3.180280e+02 3.152925e+02 
4.798384e-01 3.119169e+02 3.081363e+02 
4.848788e-01 3.061211e+02 3.012063e+02 
4.899192e-01 3.004123e+02 2.944932e+02 
4.949596e-01 2.946134e+02 2.879884e+02 
5.000000e-01 2.886214e+02 2.816836e+02 
