1.000000e-03 4.700743e+03 4.700739e+03 
6.040404e-03 2.084858e+04 2.101126e+04 
1.108081e-02 2.798038e+04 2.819057e+04 
1.612121e-02 2.969404e+04 2.989019e+04 
2.116162e-02 2.821893e+04 2.814656e+04 
2.620202e-02 2.514658e+04 2.496085e+04 
3.124242e-02 2.162518e+04 2.180605e+04 
3.628283e-02 1.838410e+04 1.915424e+04 
4.132323e-02 1.577893e+04 1.698561e+04 
4.636364e-02 1.386730e+04 1.518851e+04 
5.140404e-02 1.259536e+04 1.367083e+04 
5.644444e-02 1.175569e+04 1.236903e+04 
6.148485e-02 1.114812e+04 1.123950e+04 
6.652525e-02 1.059758e+04 1.025108e+04 
7.156566e-02 9.986138e+03 9.380490e+03 
7.660606e-02 9.253152e+03 8.609637e+03 
8.164646e-02 8.408624e+03 7.924050e+03 
8.668687e-02 7.518475e+03 7.311912e+03 
9.172727e-02 6.665983e+03 6.763424e+03 
9.676768e-02 5.921469e+03 6.270372e+03 
1.018081e-01 5.328002e+03 5.825814e+03 
1.068485e-01 4.895859e+03 5.423843e+03 
1.118889e-01 4.606137e+03 5.059404e+03 
1.169293e-01 4.420433e+03 4.728153e+03 
1.219697e-01 4.291752e+03 4.426339e+03 
1.270101e-01 4.174017e+03 4.150712e+03 
1.320505e-01 4.030864e+03 3.898445e+03 
1.370909e-01 3.843634e+03 3.667074e+03 
1.421313e-01 3.612285e+03 3.454439e+03 
1.471717e-01 3.350138e+03 3.258648e+03 
1.522121e-01 3.078139e+03 3.078034e+03 
1.572525e-01 2.820518e+03 2.911123e+03 
1.622929e-01 2.598620e+03 2.756616e+03 
1.673333e-01 2.423875e+03 2.613355e+03 
1.723737e-01 2.295873e+03 2.480315e+03 
1.774141e-01 2.206263e+03 2.356580e+03 
1.824545e-01 2.143595e+03 2.241332e+03 
1.874949e-01 2.094931e+03 2.133839e+03 
1.925354e-01 2.046655e+03 2.033444e+03 
1.975758e-01 1.987398e+03 1.939556e+03 
2.026162e-01 1.911794e+03 1.851645e+03 
2.076566e-01 1.821221e+03 1.769231e+03 
2.126970e-01 1.721170e+03 1.691879e+03 
2.177374e-01 1.618644e+03 1.619197e+03 
2.227778e-01 1.520912e+03 1.550829e+03 
2.278182e-01 1.434343e+03 1.486452e+03 
2.328586e-01 1.362730e+03 1.425770e+03 
2.378990e-01 1.306550e+03 1.368515e+03 
2.429394e-01 1.263589e+03 1.314442e+03 
2.479798e-01 1.230133e+03 1.263328e+03 
2.530202e-01 1.201701e+03 1.214967e+03 
2.580606e-01 1.173718e+03 1.169171e+03 
2.631010e-01 1.142574e+03 1.125768e+03 
2.681414e-01 1.106524e+03 1.084598e+03 
2.731818e-01 1.065819e+03 1.045517e+03 
2.782222e-01 1.021976e+03 1.008390e+03 
2.832626e-01 9.771205e+02 9.730923e+02 
2.883030e-01 9.336144e+02 9.395097e+02 
2.933434e-01 8.936689e+02 9.075363e+02 
2.983838e-01 8.587780e+02 8.770741e+02 
3.034242e-01 8.293314e+02 8.480324e+02 
3.084646e-01 8.047020e+02 8.203267e+02 
3.135051e-01 7.836963e+02 7.938790e+02 
3.185455e-01 7.649242e+02 7.686166e+02 
3.235859e-01 7.469583e+02 7.444718e+02 
3.286263e-01 7.285517e+02 7.213817e+02 
3.336667e-01 7.088911e+02 6.992876e+02 
3.387071e-01 6.878186e+02 6.781349e+02 
3.437475e-01 6.657675e+02 6.578723e+02 
3.487879e-01 6.434436e+02 6.384522e+02 
3.538283e-01 6.215845e+02 6.198299e+02 
3.588687e-01 6.008644e+02 6.019636e+02 
3.639091e-01 5.818247e+02 5.848142e+02 
3.689495e-01 5.647225e+02 5.683450e+02 
3.739899e-01 5.495104e+02 5.525217e+02 
3.790303e-01 5.358387e+02 5.373118e+02 
3.840707e-01 5.232423e+02 5.226850e+02 
3.891111e-01 5.112691e+02 5.086128e+02 
3.941515e-01 4.994676e+02 4.950684e+02 
3.991919e-01 4.875136e+02 4.820265e+02 
4.042323e-01 4.752780e+02 4.694632e+02 
4.092727e-01 4.628294e+02 4.573563e+02 
4.143131e-01 4.503544e+02 4.456844e+02 
4.193535e-01 4.380595e+02 4.344276e+02 
4.243939e-01 4.261682e+02 4.235670e+02 
4.294343e-01 4.148927e+02 4.130849e+02 
4.344747e-01 4.043622e+02 4.029644e+02 
4.395152e-01 3.945919e+02 3.931895e+02 
4.445556e-01 3.854921e+02 3.837452e+02 
4.495960e-01 3.769251e+02 3.746171e+02 
4.546364e-01 3.687604e+02 3.657917e+02 
4.596768e-01 3.608501e+02 3.572562e+02 
4.647172e-01 3.530468e+02 3.489985e+02 
4.697576e-01 3.452683e+02 3.410069e+02 
4.747980e-01 3.375039e+02 3.332704e+02 
4.798384e-01 3.298080e+02 3.257788e+02 
4.848788e-01 3.222399e+02 3.185220e+02 
4.899192e-01 3.148586e+02 3.114906e+02 
4.949596e-01 3.077190e+02 3.046757e+02 
5.000000e-01 3.008895e+02 2.980687e+02 
