1.000000e-03 2.319720e+03 2.319718e+03 
6.040404e-03 1.041309e+04 1.048810e+04 
1.108081e-02 1.437755e+04 1.438862e+04 
1.612121e-02 1.592354e+04 1.582168e+04 
2.116162e-02 1.606319e+04 1.587619e+04 
2.620202e-02 1.544036e+04 1.528839e+04 
3.124242e-02 1.447808e+04 1.446004e+04 
3.628283e-02 1.343669e+04 1.355987e+04 
4.132323e-02 1.245303e+04 1.265848e+04 
4.636364e-02 1.156367e+04 1.178893e+04 
5.140404e-02 1.079550e+04 1.096725e+04 
5.644444e-02 1.008665e+04 1.020045e+04 
6.148485e-02 9.417176e+03 9.490383e+03 
6.652525e-02 8.777117e+03 8.835997e+03 
7.156566e-02 8.154398e+03 8.234630e+03 
7.660606e-02 7.555299e+03 7.682824e+03 
8.164646e-02 6.999591e+03 7.176802e+03 
8.668687e-02 6.503520e+03 6.712753e+03 
9.172727e-02 6.068319e+03 6.287000e+03 
9.676768e-02 5.687170e+03 5.896079e+03 
1.018081e-01 5.353437e+03 5.536785e+03 
1.068485e-01 5.058807e+03 5.206185e+03 
1.118889e-01 4.789833e+03 4.901611e+03 
1.169293e-01 4.532861e+03 4.620649e+03 
1.219697e-01 4.281833e+03 4.361123e+03 
1.270101e-01 4.038097e+03 4.121072e+03 
1.320505e-01 3.806398e+03 3.898734e+03 
1.370909e-01 3.590761e+03 3.692523e+03 
1.421313e-01 3.393568e+03 3.501013e+03 
1.471717e-01 3.215204e+03 3.322923e+03 
1.522121e-01 3.054599e+03 3.157098e+03 
1.572525e-01 2.909772e+03 3.002497e+03 
1.622929e-01 2.777992e+03 2.858184e+03 
1.673333e-01 2.655693e+03 2.723310e+03 
1.723737e-01 2.539358e+03 2.597110e+03 
1.774141e-01 2.427107e+03 2.478890e+03 
1.824545e-01 2.319024e+03 2.368023e+03 
1.874949e-01 2.215860e+03 2.263938e+03 
1.925354e-01 2.117891e+03 2.166118e+03 
1.975758e-01 2.025554e+03 2.074091e+03 
2.026162e-01 1.939508e+03 1.987427e+03 
2.076566e-01 1.860066e+03 1.905736e+03 
2.126970e-01 1.786585e+03 1.828658e+03 
2.177374e-01 1.717848e+03 1.755867e+03 
2.227778e-01 1.652950e+03 1.687064e+03 
2.278182e-01 1.591372e+03 1.621973e+03 
2.328586e-01 1.532696e+03 1.560343e+03 
2.378990e-01 1.476477e+03 1.501942e+03 
2.429394e-01 1.422539e+03 1.446555e+03 
2.479798e-01 1.370980e+03 1.393988e+03 
2.530202e-01 1.321964e+03 1.344060e+03 
2.580606e-01 1.275509e+03 1.296601e+03 
2.631010e-01 1.231459e+03 1.251460e+03 
2.681414e-01 1.189740e+03 1.208491e+03 
2.731818e-01 1.150253e+03 1.167564e+03 
2.782222e-01 1.112785e+03 1.128555e+03 
2.832626e-01 1.077039e+03 1.091350e+03 
2.883030e-01 1.042777e+03 1.055845e+03 
2.933434e-01 1.009906e+03 1.021940e+03 
2.983838e-01 9.784057e+02 9.895435e+02 
3.034242e-01 9.482309e+02 9.585712e+02 
3.084646e-01 9.192963e+02 9.289434e+02 
3.135051e-01 8.915642e+02 9.005860e+02 
3.185455e-01 8.650094e+02 8.734299e+02 
3.235859e-01 8.396121e+02 8.474104e+02 
3.286263e-01 8.153204e+02 8.224671e+02 
3.336667e-01 7.920341e+02 7.985435e+02 
3.387071e-01 7.696700e+02 7.755865e+02 
3.437475e-01 7.481755e+02 7.535465e+02 
3.487879e-01 7.275192e+02 7.323769e+02 
3.538283e-01 7.076601e+02 7.120340e+02 
3.588687e-01 6.885322e+02 6.924767e+02 
3.639091e-01 6.700887e+02 6.736664e+02 
3.689495e-01 6.523209e+02 6.555668e+02 
3.739899e-01 6.352265e+02 6.381436e+02 
3.790303e-01 6.187815e+02 6.213647e+02 
3.840707e-01 6.029375e+02 6.051998e+02 
3.891111e-01 5.876462e+02 5.896201e+02 
3.941515e-01 5.728915e+02 5.745987e+02 
3.991919e-01 5.586659e+02 5.601102e+02 
4.042323e-01 5.449459e+02 5.461303e+02 
4.092727e-01 5.316912e+02 5.326363e+02 
4.143131e-01 5.188681e+02 5.196068e+02 
4.193535e-01 5.064654e+02 5.070212e+02 
4.243939e-01 4.944848e+02 4.948603e+02 
4.294343e-01 4.829144e+02 4.831058e+02 
4.344747e-01 4.717162e+02 4.717404e+02 
4.395152e-01 4.608745e+02 4.607476e+02 
4.445556e-01 4.503767e+02 4.501118e+02 
4.495960e-01 4.402192e+02 4.398183e+02 
4.546364e-01 4.303950e+02 4.298529e+02 
4.596768e-01 4.208711e+02 4.202023e+02 
4.647172e-01 4.116317e+02 4.108538e+02 
4.697576e-01 4.026725e+02 4.017954e+02 
4.747980e-01 3.939936e+02 3.930154e+02 
4.798384e-01 3.855838e+02 3.845030e+02 
4.848788e-01 3.774135e+02 3.762478e+02 
4.899192e-01 3.694797e+02 3.682398e+02 
4.949596e-01 3.617820e+02 3.604696e+02 
5.000000e-01 3.543145e+02 3.529280e+02 
