1.000000e-03 3.877206e+03 3.877203e+03 
6.040404e-03 1.732898e+04 1.746202e+04 
1.108081e-02 2.359846e+04 2.375910e+04 
1.612121e-02 2.544195e+04 2.558197e+04 
2.116162e-02 2.460229e+04 2.453266e+04 
2.620202e-02 2.234338e+04 2.217918e+04 
3.124242e-02 1.959626e+04 1.971349e+04 
3.628283e-02 1.697308e+04 1.756265e+04 
4.132323e-02 1.479500e+04 1.575203e+04 
4.636364e-02 1.314129e+04 1.421651e+04 
5.140404e-02 1.199159e+04 1.289545e+04 
5.644444e-02 1.119283e+04 1.174508e+04 
6.148485e-02 1.059499e+04 1.073440e+04 
6.652525e-02 1.005827e+04 9.840626e+03 
7.156566e-02 9.477813e+03 9.046246e+03 
7.660606e-02 8.804753e+03 8.337302e+03 
8.164646e-02 8.048895e+03 7.702366e+03 
8.668687e-02 7.261078e+03 7.131909e+03 
9.172727e-02 6.503799e+03 6.617889e+03 
9.676768e-02 5.831886e+03 6.153459e+03 
1.018081e-01 5.283506e+03 5.732751e+03 
1.068485e-01 4.872068e+03 5.350711e+03 
1.118889e-01 4.583990e+03 5.002970e+03 
1.169293e-01 4.386163e+03 4.685734e+03 
1.219697e-01 4.239199e+03 4.395701e+03 
1.270101e-01 4.106186e+03 4.129989e+03 
1.320505e-01 3.957571e+03 3.886071e+03 
1.370909e-01 3.775754e+03 3.661731e+03 
1.421313e-01 3.558373e+03 3.455016e+03 
1.471717e-01 3.316281e+03 3.264204e+03 
1.522121e-01 3.067299e+03 3.087771e+03 
1.572525e-01 2.830468e+03 2.924364e+03 
1.622929e-01 2.622217e+03 2.772782e+03 
1.673333e-01 2.452900e+03 2.631956e+03 
1.723737e-01 2.324296e+03 2.500930e+03 
1.774141e-01 2.230405e+03 2.378849e+03 
1.824545e-01 2.160870e+03 2.264948e+03 
1.874949e-01 2.104179e+03 2.158538e+03 
1.925354e-01 2.049450e+03 2.059001e+03 
1.975758e-01 1.987674e+03 1.965778e+03 
2.026162e-01 1.913687e+03 1.878365e+03 
2.076566e-01 1.827421e+03 1.796306e+03 
2.126970e-01 1.732987e+03 1.719188e+03 
2.177374e-01 1.636469e+03 1.646636e+03 
2.227778e-01 1.544168e+03 1.578309e+03 
2.278182e-01 1.461216e+03 1.513896e+03 
2.328586e-01 1.390736e+03 1.453113e+03 
2.378990e-01 1.333469e+03 1.395703e+03 
2.429394e-01 1.288003e+03 1.341429e+03 
2.479798e-01 1.251412e+03 1.290073e+03 
2.530202e-01 1.219911e+03 1.241438e+03 
2.580606e-01 1.189564e+03 1.195340e+03 
2.631010e-01 1.157205e+03 1.151613e+03 
2.681414e-01 1.121194e+03 1.110101e+03 
2.731818e-01 1.081513e+03 1.070663e+03 
2.782222e-01 1.039272e+03 1.033166e+03 
2.832626e-01 9.961762e+02 9.974904e+02 
2.883030e-01 9.541825e+02 9.635230e+02 
2.933434e-01 9.151383e+02 9.311602e+02 
2.983838e-01 8.803881e+02 9.003057e+02 
3.034242e-01 8.503596e+02 8.708702e+02 
3.084646e-01 8.246601e+02 8.427708e+02 
3.135051e-01 8.023597e+02 8.159304e+02 
3.185455e-01 7.823028e+02 7.902772e+02 
3.235859e-01 7.632612e+02 7.657444e+02 
3.286263e-01 7.441380e+02 7.422699e+02 
3.336667e-01 7.242143e+02 7.197955e+02 
3.387071e-01 7.032736e+02 6.982669e+02 
3.437475e-01 6.815678e+02 6.776336e+02 
3.487879e-01 6.596293e+02 6.578480e+02 
3.538283e-01 6.380863e+02 6.388658e+02 
3.588687e-01 6.175414e+02 6.206456e+02 
3.639091e-01 5.984562e+02 6.031482e+02 
3.689495e-01 5.810747e+02 5.863371e+02 
3.739899e-01 5.653652e+02 5.701781e+02 
3.790303e-01 5.510885e+02 5.546389e+02 
3.840707e-01 5.378851e+02 5.396891e+02 
3.891111e-01 5.253599e+02 5.253002e+02 
3.941515e-01 5.131421e+02 5.114455e+02 
3.991919e-01 5.009275e+02 4.980995e+02 
4.042323e-01 4.885582e+02 4.852385e+02 
4.092727e-01 4.760556e+02 4.728400e+02 
4.143131e-01 4.635627e+02 4.608827e+02 
4.193535e-01 4.512755e+02 4.493466e+02 
4.243939e-01 4.393604e+02 4.382128e+02 
4.294343e-01 4.279706e+02 4.274632e+02 
4.344747e-01 4.172310e+02 4.170811e+02 
4.395152e-01 4.071883e+02 4.070503e+02 
4.445556e-01 3.977974e+02 3.973557e+02 
4.495960e-01 3.889296e+02 3.879828e+02 
4.546364e-01 3.804499e+02 3.789181e+02 
4.596768e-01 3.722454e+02 3.701485e+02 
4.647172e-01 3.642192e+02 3.616618e+02 
4.697576e-01 3.562935e+02 3.534463e+02 
4.747980e-01 3.484114e+02 3.454910e+02 
4.798384e-01 3.406012e+02 3.377853e+02 
4.848788e-01 3.329226e+02 3.303192e+02 
4.899192e-01 3.254426e+02 3.230832e+02 
4.949596e-01 3.181990e+02 3.160681e+02 
5.000000e-01 3.112236e+02 3.092655e+02 
