1.000000e-03 2.810778e+03 2.810775e+03 
6.040404e-03 1.225231e+04 1.234001e+04 
1.108081e-02 1.666304e+04 1.669597e+04 
1.612121e-02 1.817801e+04 1.810516e+04 
2.116162e-02 1.802447e+04 1.785141e+04 
2.620202e-02 1.699801e+04 1.687480e+04 
3.124242e-02 1.563121e+04 1.570633e+04 
3.628283e-02 1.425303e+04 1.454018e+04 
4.132323e-02 1.302985e+04 1.343417e+04 
4.636364e-02 1.199754e+04 1.240539e+04 
5.140404e-02 1.115891e+04 1.145791e+04 
5.644444e-02 1.042698e+04 1.059039e+04 
6.148485e-02 9.751237e+03 9.798897e+03 
6.652525e-02 9.092228e+03 9.078162e+03 
7.156566e-02 8.428528e+03 8.422421e+03 
7.660606e-02 7.767086e+03 7.825852e+03 
8.164646e-02 7.136026e+03 7.282851e+03 
8.668687e-02 6.563973e+03 6.788174e+03 
9.172727e-02 6.064790e+03 6.337003e+03 
9.676768e-02 5.640986e+03 5.924962e+03 
1.018081e-01 5.289154e+03 5.548109e+03 
1.068485e-01 4.997048e+03 5.202910e+03 
1.118889e-01 4.743279e+03 4.886208e+03 
1.169293e-01 4.505110e+03 4.595187e+03 
1.219697e-01 4.268391e+03 4.327337e+03 
1.270101e-01 4.029593e+03 4.080424e+03 
1.320505e-01 3.791489e+03 3.852453e+03 
1.370909e-01 3.560385e+03 3.641650e+03 
1.421313e-01 3.343376e+03 3.446428e+03 
1.471717e-01 3.146253e+03 3.265371e+03 
1.522121e-01 2.972029e+03 3.097209e+03 
1.572525e-01 2.820666e+03 2.940809e+03 
1.622929e-01 2.689604e+03 2.795149e+03 
1.673333e-01 2.573825e+03 2.659315e+03 
1.723737e-01 2.467102e+03 2.532482e+03 
1.774141e-01 2.364408e+03 2.413907e+03 
1.824545e-01 2.263161e+03 2.302919e+03 
1.874949e-01 2.162756e+03 2.198912e+03 
1.925354e-01 2.063770e+03 2.101336e+03 
1.975758e-01 1.967726e+03 2.009695e+03 
2.026162e-01 1.876843e+03 1.923535e+03 
2.076566e-01 1.792981e+03 1.842445e+03 
2.126970e-01 1.716736e+03 1.766051e+03 
2.177374e-01 1.647560e+03 1.694011e+03 
2.227778e-01 1.584481e+03 1.626012e+03 
2.278182e-01 1.526297e+03 1.561770e+03 
2.328586e-01 1.471561e+03 1.501024e+03 
2.378990e-01 1.418967e+03 1.443532e+03 
2.429394e-01 1.367795e+03 1.389077e+03 
2.479798e-01 1.317914e+03 1.337454e+03 
2.530202e-01 1.269481e+03 1.288479e+03 
2.580606e-01 1.222705e+03 1.241979e+03 
2.631010e-01 1.177959e+03 1.197797e+03 
2.681414e-01 1.135752e+03 1.155786e+03 
2.731818e-01 1.096361e+03 1.115812e+03 
2.782222e-01 1.059611e+03 1.077750e+03 
2.832626e-01 1.025060e+03 1.041483e+03 
2.883030e-01 9.923351e+02 1.006905e+03 
2.933434e-01 9.611896e+02 9.739154e+02 
2.983838e-01 9.313719e+02 9.424225e+02 
3.034242e-01 9.025949e+02 9.123400e+02 
3.084646e-01 8.746728e+02 8.835877e+02 
3.135051e-01 8.476318e+02 8.560909e+02 
3.185455e-01 8.216014e+02 8.297801e+02 
3.235859e-01 7.966738e+02 8.045904e+02 
3.286263e-01 7.728441e+02 7.804611e+02 
3.336667e-01 7.500874e+02 7.573355e+02 
3.387071e-01 7.283971e+02 7.351605e+02 
3.437475e-01 7.077460e+02 7.138864e+02 
3.487879e-01 6.880356e+02 6.934668e+02 
3.538283e-01 6.691099e+02 6.738580e+02 
3.588687e-01 6.508502e+02 6.550190e+02 
3.639091e-01 6.332083e+02 6.369114e+02 
3.689495e-01 6.161851e+02 6.194991e+02 
3.739899e-01 5.997622e+02 6.027481e+02 
3.790303e-01 5.838992e+02 5.866263e+02 
3.840707e-01 5.685798e+02 5.711038e+02 
3.891111e-01 5.538223e+02 5.561521e+02 
3.941515e-01 5.396441e+02 5.417445e+02 
3.991919e-01 5.260107e+02 5.278558e+02 
4.042323e-01 5.128763e+02 5.144621e+02 
4.092727e-01 5.002089e+02 5.015411e+02 
4.143131e-01 4.879894e+02 4.890713e+02 
4.193535e-01 4.761919e+02 4.770327e+02 
4.243939e-01 4.647790e+02 4.654064e+02 
4.294343e-01 4.537264e+02 4.541742e+02 
4.344747e-01 4.430230e+02 4.433192e+02 
4.395152e-01 4.326643e+02 4.328252e+02 
4.445556e-01 4.226470e+02 4.226769e+02 
4.495960e-01 4.129533e+02 4.128597e+02 
4.546364e-01 4.035684e+02 4.033599e+02 
4.596768e-01 3.944852e+02 3.941644e+02 
4.647172e-01 3.856917e+02 3.852607e+02 
4.697576e-01 3.771886e+02 3.766369e+02 
4.747980e-01 3.689433e+02 3.682819e+02 
4.798384e-01 3.609402e+02 3.601850e+02 
4.848788e-01 3.531777e+02 3.523360e+02 
4.899192e-01 3.456522e+02 3.447251e+02 
4.949596e-01 3.383509e+02 3.373432e+02 
5.000000e-01 3.312565e+02 3.301815e+02 
