1.000000e-03 2.413402e+03 2.413399e+03 
6.040404e-03 1.065555e+04 1.073862e+04 
1.108081e-02 1.449201e+04 1.449052e+04 
1.612121e-02 1.592246e+04 1.578232e+04 
2.116162e-02 1.603845e+04 1.580731e+04 
2.620202e-02 1.546680e+04 1.524375e+04 
3.124242e-02 1.458149e+04 1.443206e+04 
3.628283e-02 1.359701e+04 1.353097e+04 
4.132323e-02 1.262360e+04 1.261845e+04 
4.636364e-02 1.170071e+04 1.173430e+04 
5.140404e-02 1.085414e+04 1.089824e+04 
5.644444e-02 1.006277e+04 1.011888e+04 
6.148485e-02 9.324444e+03 9.398567e+03 
6.652525e-02 8.641665e+03 8.736249e+03 
7.156566e-02 8.012552e+03 8.129037e+03 
7.660606e-02 7.439206e+03 7.573175e+03 
8.164646e-02 6.924261e+03 7.064589e+03 
8.668687e-02 6.462874e+03 6.599194e+03 
9.172727e-02 6.045727e+03 6.173076e+03 
9.676768e-02 5.666308e+03 5.782571e+03 
1.018081e-01 5.320966e+03 5.424307e+03 
1.068485e-01 5.003905e+03 5.095213e+03 
1.118889e-01 4.708151e+03 4.792510e+03 
1.169293e-01 4.431057e+03 4.513694e+03 
1.219697e-01 4.173323e+03 4.256513e+03 
1.270101e-01 3.935818e+03 4.018948e+03 
1.320505e-01 3.717774e+03 3.799190e+03 
1.370909e-01 3.518225e+03 3.595615e+03 
1.421313e-01 3.335192e+03 3.406766e+03 
1.471717e-01 3.166123e+03 3.231338e+03 
1.522121e-01 3.008629e+03 3.068157e+03 
1.572525e-01 2.861462e+03 2.916169e+03 
1.622929e-01 2.724118e+03 2.774424e+03 
1.673333e-01 2.595373e+03 2.642067e+03 
1.723737e-01 2.474342e+03 2.518325e+03 
1.774141e-01 2.360783e+03 2.402500e+03 
1.824545e-01 2.254572e+03 2.293961e+03 
1.874949e-01 2.155364e+03 2.192136e+03 
1.925354e-01 2.062412e+03 2.096506e+03 
1.975758e-01 1.975138e+03 2.006600e+03 
2.026162e-01 1.893081e+03 1.921987e+03 
2.076566e-01 1.815792e+03 1.842278e+03 
2.126970e-01 1.742853e+03 1.767115e+03 
2.177374e-01 1.673887e+03 1.696172e+03 
2.227778e-01 1.608583e+03 1.629152e+03 
2.278182e-01 1.546736e+03 1.565782e+03 
2.328586e-01 1.488227e+03 1.505810e+03 
2.378990e-01 1.432903e+03 1.449009e+03 
2.429394e-01 1.380524e+03 1.395165e+03 
2.479798e-01 1.330760e+03 1.344084e+03 
2.530202e-01 1.283443e+03 1.295589e+03 
2.580606e-01 1.238487e+03 1.249512e+03 
2.631010e-01 1.195793e+03 1.205703e+03 
2.681414e-01 1.155150e+03 1.164018e+03 
2.731818e-01 1.116335e+03 1.124329e+03 
2.782222e-01 1.079329e+03 1.086514e+03 
2.832626e-01 1.044077e+03 1.050461e+03 
2.883030e-01 1.010448e+03 1.016067e+03 
2.933434e-01 9.782988e+02 9.832331e+02 
2.983838e-01 9.475411e+02 9.518711e+02 
3.034242e-01 9.181599e+02 9.218968e+02 
3.084646e-01 8.900699e+02 8.932323e+02 
3.135051e-01 8.631647e+02 8.658051e+02 
3.185455e-01 8.373644e+02 8.395471e+02 
3.235859e-01 8.126327e+02 8.143952e+02 
3.286263e-01 7.889420e+02 7.902900e+02 
3.336667e-01 7.662191e+02 7.671763e+02 
3.387071e-01 7.443936e+02 7.450021e+02 
3.437475e-01 7.234155e+02 7.237189e+02 
3.487879e-01 7.032743e+02 7.032812e+02 
3.538283e-01 6.839327e+02 6.836461e+02 
3.588687e-01 6.653147e+02 6.647735e+02 
3.639091e-01 6.473901e+02 6.466258e+02 
3.689495e-01 6.301438e+02 6.291675e+02 
3.739899e-01 6.135518e+02 6.123652e+02 
3.790303e-01 5.975708e+02 5.961876e+02 
3.840707e-01 5.821566e+02 5.806049e+02 
3.891111e-01 5.672889e+02 5.655894e+02 
3.941515e-01 5.529563e+02 5.511147e+02 
3.991919e-01 5.391437e+02 5.371560e+02 
4.042323e-01 5.258090e+02 5.236898e+02 
4.092727e-01 5.129236e+02 5.106939e+02 
4.143131e-01 5.004805e+02 4.981474e+02 
4.193535e-01 4.884670e+02 4.860304e+02 
4.243939e-01 4.768604e+02 4.743243e+02 
4.294343e-01 4.656292e+02 4.630111e+02 
4.344747e-01 4.547646e+02 4.520741e+02 
4.395152e-01 4.442628e+02 4.414973e+02 
4.445556e-01 4.341033e+02 4.312655e+02 
4.495960e-01 4.242650e+02 4.213644e+02 
4.546364e-01 4.147320e+02 4.117803e+02 
4.596768e-01 4.055016e+02 4.025003e+02 
4.647172e-01 3.965636e+02 3.935119e+02 
4.697576e-01 3.878992e+02 3.848036e+02 
4.747980e-01 3.794947e+02 3.763640e+02 
4.798384e-01 3.713425e+02 3.681828e+02 
4.848788e-01 3.634391e+02 3.602496e+02 
4.899192e-01 3.557744e+02 3.525550e+02 
4.949596e-01 3.483341e+02 3.450897e+02 
5.000000e-01 3.411041e+02 3.378451e+02 
