1.000000e-03 3.774519e+03 3.774516e+03 
6.040404e-03 1.670745e+04 1.683634e+04 
1.108081e-02 2.279369e+04 2.294959e+04 
1.612121e-02 2.466413e+04 2.480687e+04 
2.116162e-02 2.395762e+04 2.390375e+04 
2.620202e-02 2.186073e+04 2.169526e+04 
3.124242e-02 1.925462e+04 1.933023e+04 
3.628283e-02 1.672812e+04 1.724767e+04 
4.132323e-02 1.460061e+04 1.548773e+04 
4.636364e-02 1.296323e+04 1.399251e+04 
5.140404e-02 1.180660e+04 1.270455e+04 
5.644444e-02 1.099951e+04 1.158171e+04 
6.148485e-02 1.039745e+04 1.059407e+04 
6.652525e-02 9.875915e+03 9.719641e+03 
7.156566e-02 9.326007e+03 8.941561e+03 
7.660606e-02 8.692831e+03 8.246389e+03 
8.164646e-02 7.977420e+03 7.623126e+03 
8.668687e-02 7.223435e+03 7.062595e+03 
9.172727e-02 6.488278e+03 6.557045e+03 
9.676768e-02 5.823594e+03 6.099865e+03 
1.018081e-01 5.268093e+03 5.685385e+03 
1.068485e-01 4.840772e+03 5.308711e+03 
1.118889e-01 4.535354e+03 4.965608e+03 
1.169293e-01 4.324456e+03 4.652395e+03 
1.219697e-01 4.171355e+03 4.365861e+03 
1.270101e-01 4.040263e+03 4.103201e+03 
1.320505e-01 3.901898e+03 3.861953e+03 
1.370909e-01 3.736758e+03 3.639956e+03 
1.421313e-01 3.537872e+03 3.435301e+03 
1.471717e-01 3.311424e+03 3.246306e+03 
1.522121e-01 3.072408e+03 3.071478e+03 
1.572525e-01 2.838884e+03 2.909495e+03 
1.622929e-01 2.627677e+03 2.759178e+03 
1.673333e-01 2.450577e+03 2.619477e+03 
1.723737e-01 2.311918e+03 2.489456e+03 
1.774141e-01 2.208733e+03 2.368274e+03 
1.824545e-01 2.132870e+03 2.255178e+03 
1.874949e-01 2.073927e+03 2.149491e+03 
1.925354e-01 2.021178e+03 2.050604e+03 
1.975758e-01 1.965002e+03 1.957967e+03 
2.026162e-01 1.898892e+03 1.871084e+03 
2.076566e-01 1.820847e+03 1.789505e+03 
2.126970e-01 1.733079e+03 1.712822e+03 
2.177374e-01 1.640501e+03 1.640664e+03 
2.227778e-01 1.548981e+03 1.572696e+03 
2.278182e-01 1.463981e+03 1.508610e+03 
2.328586e-01 1.389635e+03 1.448127e+03 
2.378990e-01 1.327846e+03 1.390990e+03 
2.429394e-01 1.278155e+03 1.336966e+03 
2.479798e-01 1.238449e+03 1.285840e+03 
2.530202e-01 1.205607e+03 1.237416e+03 
2.580606e-01 1.176037e+03 1.191513e+03 
2.631010e-01 1.146270e+03 1.147965e+03 
2.681414e-01 1.113739e+03 1.106619e+03 
2.731818e-01 1.077484e+03 1.067333e+03 
2.782222e-01 1.038054e+03 1.029978e+03 
2.832626e-01 9.968208e+02 9.944341e+02 
2.883030e-01 9.554968e+02 9.605888e+02 
2.933434e-01 9.158512e+02 9.283396e+02 
2.983838e-01 8.794626e+02 8.975909e+02 
3.034242e-01 8.473936e+02 8.682541e+02 
3.084646e-01 8.198365e+02 8.402468e+02 
3.135051e-01 7.962055e+02 8.134926e+02 
3.185455e-01 7.754718e+02 7.879202e+02 
3.235859e-01 7.564905e+02 7.634632e+02 
3.286263e-01 7.381806e+02 7.400599e+02 
3.336667e-01 7.196247e+02 7.176524e+02 
3.387071e-01 7.002213e+02 6.961869e+02 
3.437475e-01 6.798158e+02 6.756129e+02 
3.487879e-01 6.587417e+02 6.558835e+02 
3.538283e-01 6.375850e+02 6.369543e+02 
3.588687e-01 6.169690e+02 6.187842e+02 
3.639091e-01 5.974237e+02 6.013344e+02 
3.689495e-01 5.792902e+02 5.845685e+02 
3.739899e-01 5.627766e+02 5.684523e+02 
3.790303e-01 5.478689e+02 5.529538e+02 
3.840707e-01 5.343185e+02 5.380427e+02 
3.891111e-01 5.217415e+02 5.236908e+02 
3.941515e-01 5.097362e+02 5.098713e+02 
3.991919e-01 4.979581e+02 4.965590e+02 
4.042323e-01 4.861781e+02 4.837302e+02 
4.092727e-01 4.742721e+02 4.713624e+02 
4.143131e-01 4.622270e+02 4.594346e+02 
4.193535e-01 4.501727e+02 4.479268e+02 
4.243939e-01 4.383120e+02 4.368200e+02 
4.294343e-01 4.268381e+02 4.260966e+02 
4.344747e-01 4.158950e+02 4.157395e+02 
4.395152e-01 4.055640e+02 4.057328e+02 
4.445556e-01 3.958786e+02 3.960613e+02 
4.495960e-01 3.868194e+02 3.867108e+02 
4.546364e-01 3.782829e+02 3.776676e+02 
4.596768e-01 3.701395e+02 3.689189e+02 
4.647172e-01 3.622413e+02 3.604523e+02 
4.697576e-01 3.544973e+02 3.522563e+02 
4.747980e-01 3.468547e+02 3.443198e+02 
4.798384e-01 3.392700e+02 3.366323e+02 
4.848788e-01 3.317476e+02 3.291838e+02 
4.899192e-01 3.243338e+02 3.219649e+02 
4.949596e-01 3.170837e+02 3.149664e+02 
5.000000e-01 3.100648e+02 3.081799e+02 
