1.000000e-03 2.005138e+03 2.005136e+03 
6.040404e-03 9.110686e+03 9.182313e+03 
1.108081e-02 1.264964e+04 1.265317e+04 
1.612121e-02 1.413752e+04 1.402219e+04 
2.116162e-02 1.445529e+04 1.425682e+04 
2.620202e-02 1.412729e+04 1.392550e+04 
3.124242e-02 1.347601e+04 1.332739e+04 
3.628283e-02 1.269305e+04 1.261162e+04 
4.132323e-02 1.188058e+04 1.185647e+04 
4.636364e-02 1.108769e+04 1.110473e+04 
5.140404e-02 1.035140e+04 1.037960e+04 
5.644444e-02 9.645076e+03 9.693011e+03 
6.148485e-02 8.981889e+03 9.050301e+03 
6.652525e-02 8.368861e+03 8.452926e+03 
7.156566e-02 7.797690e+03 7.900128e+03 
7.660606e-02 7.269843e+03 7.389919e+03 
8.164646e-02 6.791452e+03 6.919688e+03 
8.668687e-02 6.361745e+03 6.486560e+03 
9.172727e-02 5.971266e+03 6.087618e+03 
9.676768e-02 5.611185e+03 5.720023e+03 
1.018081e-01 5.279524e+03 5.381087e+03 
1.068485e-01 4.974730e+03 5.068305e+03 
1.118889e-01 4.692522e+03 4.779369e+03 
1.169293e-01 4.427856e+03 4.512166e+03 
1.219697e-01 4.180076e+03 4.264774e+03 
1.270101e-01 3.950538e+03 4.035450e+03 
1.320505e-01 3.739870e+03 3.822613e+03 
1.370909e-01 3.546538e+03 3.624835e+03 
1.421313e-01 3.367967e+03 3.440825e+03 
1.471717e-01 3.201903e+03 3.269416e+03 
1.522121e-01 3.046742e+03 3.109553e+03 
1.572525e-01 2.901935e+03 2.960281e+03 
1.622929e-01 2.766628e+03 2.820737e+03 
1.673333e-01 2.639440e+03 2.690138e+03 
1.723737e-01 2.519711e+03 2.567775e+03 
1.774141e-01 2.407237e+03 2.453003e+03 
1.824545e-01 2.302094e+03 2.345238e+03 
1.874949e-01 2.203719e+03 2.243947e+03 
1.925354e-01 2.111068e+03 2.148645e+03 
1.975758e-01 2.023790e+03 2.058890e+03 
2.026162e-01 1.941680e+03 1.974279e+03 
2.076566e-01 1.864354e+03 1.894442e+03 
2.126970e-01 1.791275e+03 1.819041e+03 
2.177374e-01 1.721922e+03 1.747769e+03 
2.227778e-01 1.656222e+03 1.680339e+03 
2.278182e-01 1.594085e+03 1.616494e+03 
2.328586e-01 1.535251e+03 1.555991e+03 
2.378990e-01 1.479438e+03 1.498612e+03 
2.429394e-01 1.426410e+03 1.444153e+03 
2.479798e-01 1.376072e+03 1.392427e+03 
2.530202e-01 1.328268e+03 1.343260e+03 
2.580606e-01 1.282760e+03 1.296493e+03 
2.631010e-01 1.239383e+03 1.251978e+03 
2.681414e-01 1.198020e+03 1.209577e+03 
2.731818e-01 1.158602e+03 1.169165e+03 
2.782222e-01 1.121018e+03 1.130622e+03 
2.832626e-01 1.085128e+03 1.093839e+03 
2.883030e-01 1.050811e+03 1.058715e+03 
2.933434e-01 1.017983e+03 1.025154e+03 
2.983838e-01 9.866068e+02 9.930688e+02 
3.034242e-01 9.566045e+02 9.623769e+02 
3.084646e-01 9.278756e+02 9.330014e+02 
3.135051e-01 9.003210e+02 9.048707e+02 
3.185455e-01 8.738828e+02 8.779178e+02 
3.235859e-01 8.485462e+02 8.520800e+02 
3.286263e-01 8.242528e+02 8.272989e+02 
3.336667e-01 8.009253e+02 8.035194e+02 
3.387071e-01 7.784938e+02 7.806900e+02 
3.437475e-01 7.569265e+02 7.587626e+02 
3.487879e-01 7.362158e+02 7.376918e+02 
3.538283e-01 7.163048e+02 7.174349e+02 
3.588687e-01 6.971320e+02 6.979521e+02 
3.639091e-01 6.786605e+02 6.792056e+02 
3.689495e-01 6.608724e+02 6.611599e+02 
3.739899e-01 6.437528e+02 6.437818e+02 
3.790303e-01 6.272554e+02 6.270398e+02 
3.840707e-01 6.113375e+02 6.109041e+02 
3.891111e-01 5.959738e+02 5.953469e+02 
3.941515e-01 5.811534e+02 5.803416e+02 
3.991919e-01 5.668630e+02 5.658634e+02 
4.042323e-01 5.530630e+02 5.518885e+02 
4.092727e-01 5.397216e+02 5.383947e+02 
4.143131e-01 5.268222e+02 5.253608e+02 
4.193535e-01 5.143620e+02 5.127669e+02 
4.243939e-01 5.023302e+02 5.005939e+02 
4.294343e-01 4.906883e+02 4.888240e+02 
4.344747e-01 4.794122e+02 4.774401e+02 
4.395152e-01 4.684939e+02 4.664259e+02 
4.445556e-01 4.579329e+02 4.557663e+02 
4.495960e-01 4.477168e+02 4.454465e+02 
4.546364e-01 4.378117e+02 4.354529e+02 
4.596768e-01 4.282037e+02 4.257721e+02 
4.647172e-01 4.188917e+02 4.163917e+02 
4.697576e-01 4.098696e+02 4.072997e+02 
4.747980e-01 4.011237e+02 3.984849e+02 
4.798384e-01 3.926331e+02 3.899364e+02 
4.848788e-01 3.843891e+02 3.816439e+02 
4.899192e-01 3.763878e+02 3.735977e+02 
4.949596e-01 3.686237e+02 3.657883e+02 
5.000000e-01 3.610857e+02 3.582069e+02 
