1.000000e-03 2.954699e+03 2.954696e+03 
6.040404e-03 1.289006e+04 1.298258e+04 
1.108081e-02 1.755067e+04 1.760147e+04 
1.612121e-02 1.912568e+04 1.908331e+04 
2.116162e-02 1.889639e+04 1.874123e+04 
2.620202e-02 1.771717e+04 1.760452e+04 
3.124242e-02 1.617630e+04 1.628730e+04 
3.628283e-02 1.464227e+04 1.500754e+04 
4.132323e-02 1.330353e+04 1.381796e+04 
4.636364e-02 1.220346e+04 1.272664e+04 
5.140404e-02 1.134294e+04 1.173090e+04 
5.644444e-02 1.061588e+04 1.082512e+04 
6.148485e-02 9.956637e+03 1.000256e+04 
6.652525e-02 9.313958e+03 9.256176e+03 
7.156566e-02 8.651110e+03 8.578954e+03 
7.660606e-02 7.970738e+03 7.964203e+03 
8.164646e-02 7.303827e+03 7.405677e+03 
8.668687e-02 6.687897e+03 6.897649e+03 
9.172727e-02 6.146005e+03 6.434924e+03 
9.676768e-02 5.688045e+03 6.012833e+03 
1.018081e-01 5.314559e+03 5.627196e+03 
1.068485e-01 5.015589e+03 5.274288e+03 
1.118889e-01 4.768165e+03 4.950794e+03 
1.169293e-01 4.544294e+03 4.653767e+03 
1.219697e-01 4.323098e+03 4.380590e+03 
1.270101e-01 4.095205e+03 4.128936e+03 
1.320505e-01 3.860374e+03 3.896736e+03 
1.370909e-01 3.624204e+03 3.682149e+03 
1.421313e-01 3.395459e+03 3.483533e+03 
1.471717e-01 3.183084e+03 3.299424e+03 
1.522121e-01 2.993641e+03 3.128513e+03 
1.572525e-01 2.830455e+03 2.969629e+03 
1.622929e-01 2.692925e+03 2.821723e+03 
1.673333e-01 2.576377e+03 2.683851e+03 
1.723737e-01 2.473432e+03 2.555167e+03 
1.774141e-01 2.377006e+03 2.434908e+03 
1.824545e-01 2.282264e+03 2.322384e+03 
1.874949e-01 2.186683e+03 2.216975e+03 
1.925354e-01 2.089547e+03 2.118118e+03 
1.975758e-01 1.991961e+03 2.025301e+03 
2.026162e-01 1.896787e+03 1.938064e+03 
2.076566e-01 1.807354e+03 1.855985e+03 
2.126970e-01 1.725676e+03 1.778680e+03 
2.177374e-01 1.652272e+03 1.705801e+03 
2.227778e-01 1.586716e+03 1.637030e+03 
2.278182e-01 1.527989e+03 1.572074e+03 
2.328586e-01 1.474449e+03 1.510667e+03 
2.378990e-01 1.424065e+03 1.452565e+03 
2.429394e-01 1.375191e+03 1.397543e+03 
2.479798e-01 1.326994e+03 1.345395e+03 
2.530202e-01 1.279284e+03 1.295932e+03 
2.580606e-01 1.232186e+03 1.248979e+03 
2.631010e-01 1.186199e+03 1.204376e+03 
2.681414e-01 1.142146e+03 1.161973e+03 
2.731818e-01 1.100791e+03 1.121633e+03 
2.782222e-01 1.062457e+03 1.083229e+03 
2.832626e-01 1.026983e+03 1.046644e+03 
2.883030e-01 9.939759e+02 1.011768e+03 
2.933434e-01 9.630328e+02 9.785001e+02 
2.983838e-01 9.337492e+02 9.467467e+02 
3.034242e-01 9.056509e+02 9.164201e+02 
3.084646e-01 8.783241e+02 8.874390e+02 
3.135051e-01 8.515781e+02 8.597277e+02 
3.185455e-01 8.254592e+02 8.332156e+02 
3.235859e-01 8.001292e+02 8.078367e+02 
3.286263e-01 7.757410e+02 7.835297e+02 
3.336667e-01 7.523971e+02 7.602368e+02 
3.387071e-01 7.301658e+02 7.379045e+02 
3.437475e-01 7.091002e+02 7.164824e+02 
3.487879e-01 6.891698e+02 6.959232e+02 
3.538283e-01 6.702403e+02 6.761828e+02 
3.588687e-01 6.521223e+02 6.572198e+02 
3.639091e-01 6.346541e+02 6.389951e+02 
3.689495e-01 6.177524e+02 6.214722e+02 
3.739899e-01 6.013853e+02 6.046167e+02 
3.790303e-01 5.855159e+02 5.883962e+02 
3.840707e-01 5.701148e+02 5.727803e+02 
3.891111e-01 5.551876e+02 5.577403e+02 
3.941515e-01 5.407953e+02 5.432491e+02 
3.991919e-01 5.269637e+02 5.292812e+02 
4.042323e-01 5.136858e+02 5.158126e+02 
4.092727e-01 5.009328e+02 5.028204e+02 
4.143131e-01 4.886656e+02 4.902833e+02 
4.193535e-01 4.768523e+02 4.781808e+02 
4.243939e-01 4.654545e+02 4.664938e+02 
4.294343e-01 4.544385e+02 4.552041e+02 
4.344747e-01 4.437503e+02 4.442945e+02 
4.395152e-01 4.333747e+02 4.337486e+02 
4.445556e-01 4.233089e+02 4.235509e+02 
4.495960e-01 4.135582e+02 4.136869e+02 
4.546364e-01 4.041161e+02 4.041425e+02 
4.596768e-01 3.949673e+02 3.949045e+02 
4.647172e-01 3.861119e+02 3.859605e+02 
4.697576e-01 3.775494e+02 3.772983e+02 
4.747980e-01 3.692735e+02 3.689068e+02 
4.798384e-01 3.612623e+02 3.607751e+02 
4.848788e-01 3.534927e+02 3.528929e+02 
4.899192e-01 3.459502e+02 3.452505e+02 
4.949596e-01 3.386326e+02 3.378385e+02 
5.000000e-01 3.315307e+02 3.306480e+02 
