1.000000e-03 2.956598e+03 2.956595e+03 
6.040404e-03 1.292504e+04 1.301567e+04 
1.108081e-02 1.743949e+04 1.745855e+04 
1.612121e-02 1.888456e+04 1.877773e+04 
2.116162e-02 1.861444e+04 1.841043e+04 
2.620202e-02 1.748188e+04 1.735115e+04 
3.124242e-02 1.603933e+04 1.611780e+04 
3.628283e-02 1.461373e+04 1.489269e+04 
4.132323e-02 1.335838e+04 1.373239e+04 
4.636364e-02 1.230053e+04 1.265506e+04 
5.140404e-02 1.142126e+04 1.166531e+04 
5.644444e-02 1.064161e+04 1.076165e+04 
6.148485e-02 9.908646e+03 9.939557e+03 
6.652525e-02 9.190780e+03 9.193091e+03 
7.156566e-02 8.480384e+03 8.515775e+03 
7.660606e-02 7.792632e+03 7.901145e+03 
8.164646e-02 7.155192e+03 7.343032e+03 
8.668687e-02 6.589326e+03 6.835711e+03 
9.172727e-02 6.102291e+03 6.373957e+03 
9.676768e-02 5.692574e+03 5.953057e+03 
1.018081e-01 5.351038e+03 5.568785e+03 
1.068485e-01 5.058180e+03 5.217374e+03 
1.118889e-01 4.790536e+03 4.895471e+03 
1.169293e-01 4.531054e+03 4.600099e+03 
1.219697e-01 4.273156e+03 4.328612e+03 
1.270101e-01 4.017569e+03 4.078664e+03 
1.320505e-01 3.769665e+03 3.848167e+03 
1.370909e-01 3.536891e+03 3.635267e+03 
1.421313e-01 3.325385e+03 3.438311e+03 
1.471717e-01 3.137624e+03 3.255828e+03 
1.522121e-01 2.972786e+03 3.086503e+03 
1.572525e-01 2.828423e+03 2.929160e+03 
1.622929e-01 2.700388e+03 2.782747e+03 
1.673333e-01 2.582801e+03 2.646319e+03 
1.723737e-01 2.470147e+03 2.519027e+03 
1.774141e-01 2.359648e+03 2.400110e+03 
1.824545e-01 2.251350e+03 2.288878e+03 
1.874949e-01 2.146163e+03 2.184710e+03 
1.925354e-01 2.045254e+03 2.087044e+03 
1.975758e-01 1.950237e+03 1.995372e+03 
2.026162e-01 1.862576e+03 1.909232e+03 
2.076566e-01 1.782776e+03 1.828204e+03 
2.126970e-01 1.710141e+03 1.751908e+03 
2.177374e-01 1.643301e+03 1.679995e+03 
2.227778e-01 1.580915e+03 1.612149e+03 
2.278182e-01 1.521788e+03 1.548079e+03 
2.328586e-01 1.465072e+03 1.487522e+03 
2.378990e-01 1.410302e+03 1.430233e+03 
2.429394e-01 1.357350e+03 1.375990e+03 
2.479798e-01 1.306310e+03 1.324589e+03 
2.530202e-01 1.257448e+03 1.275842e+03 
2.580606e-01 1.211179e+03 1.229574e+03 
2.631010e-01 1.167782e+03 1.185628e+03 
2.681414e-01 1.127132e+03 1.143854e+03 
2.731818e-01 1.088884e+03 1.104118e+03 
2.782222e-01 1.052718e+03 1.066293e+03 
2.832626e-01 1.018383e+03 1.030263e+03 
2.883030e-01 9.855943e+02 9.959202e+02 
2.933434e-01 9.540557e+02 9.631639e+02 
2.983838e-01 9.236511e+02 9.319012e+02 
3.034242e-01 8.943889e+02 9.020459e+02 
3.084646e-01 8.663047e+02 8.735174e+02 
3.135051e-01 8.393963e+02 8.462408e+02 
3.185455e-01 8.136530e+02 8.201464e+02 
3.235859e-01 7.891045e+02 7.951691e+02 
3.286263e-01 7.657162e+02 7.712481e+02 
3.336667e-01 7.433984e+02 7.483265e+02 
3.387071e-01 7.220355e+02 7.263513e+02 
3.437475e-01 7.015324e+02 7.052728e+02 
3.487879e-01 6.818241e+02 6.850444e+02 
3.538283e-01 6.628499e+02 6.656224e+02 
3.588687e-01 6.445511e+02 6.469660e+02 
3.639091e-01 6.269061e+02 6.290367e+02 
3.689495e-01 6.099151e+02 6.117984e+02 
3.739899e-01 5.935801e+02 5.952173e+02 
3.790303e-01 5.778688e+02 5.792613e+02 
3.840707e-01 5.627348e+02 5.639004e+02 
3.891111e-01 5.481641e+02 5.491064e+02 
3.941515e-01 5.341545e+02 5.348526e+02 
3.991919e-01 5.206714e+02 5.211138e+02 
4.042323e-01 5.076468e+02 5.078663e+02 
4.092727e-01 4.950528e+02 4.950876e+02 
4.143131e-01 4.828927e+02 4.827567e+02 
4.193535e-01 4.711552e+02 4.708535e+02 
4.243939e-01 4.598077e+02 4.593590e+02 
4.294343e-01 4.488222e+02 4.482554e+02 
4.344747e-01 4.381980e+02 4.375257e+02 
4.395152e-01 4.279433e+02 4.271538e+02 
4.445556e-01 4.180349e+02 4.171244e+02 
4.495960e-01 4.084406e+02 4.074232e+02 
4.546364e-01 3.991474e+02 3.980364e+02 
4.596768e-01 3.901510e+02 3.889510e+02 
4.647172e-01 3.814495e+02 3.801546e+02 
4.697576e-01 3.730180e+02 3.716354e+02 
4.747980e-01 3.648355e+02 3.633824e+02 
4.798384e-01 3.568962e+02 3.553849e+02 
4.848788e-01 3.492030e+02 3.476328e+02 
4.899192e-01 3.417491e+02 3.401164e+02 
4.949596e-01 3.345110e+02 3.328266e+02 
5.000000e-01 3.274776e+02 3.257546e+02 
