1.000000e-03 3.810458e+03 3.810455e+03 
6.040404e-03 1.702483e+04 1.715716e+04 
1.108081e-02 2.334612e+04 2.351637e+04 
1.612121e-02 2.534801e+04 2.552174e+04 
2.116162e-02 2.466957e+04 2.463946e+04 
2.620202e-02 2.251917e+04 2.233903e+04 
3.124242e-02 1.980935e+04 1.984574e+04 
3.628283e-02 1.716039e+04 1.765381e+04 
4.132323e-02 1.491658e+04 1.581443e+04 
4.636364e-02 1.318404e+04 1.426339e+04 
5.140404e-02 1.196235e+04 1.293544e+04 
5.644444e-02 1.112215e+04 1.178289e+04 
6.148485e-02 1.051336e+04 1.077230e+04 
6.652525e-02 1.000820e+04 9.879506e+03 
7.156566e-02 9.485645e+03 9.086305e+03 
7.660606e-02 8.878243e+03 8.378396e+03 
8.164646e-02 8.176284e+03 7.744210e+03 
8.668687e-02 7.418762e+03 7.174180e+03 
9.172727e-02 6.664123e+03 6.660277e+03 
9.676768e-02 5.967840e+03 6.195688e+03 
1.018081e-01 5.374620e+03 5.774588e+03 
1.068485e-01 4.910386e+03 5.391966e+03 
1.118889e-01 4.575560e+03 5.043491e+03 
1.169293e-01 4.347503e+03 4.725404e+03 
1.219697e-01 4.190178e+03 4.434435e+03 
1.270101e-01 4.066120e+03 4.167723e+03 
1.320505e-01 3.942837e+03 3.922764e+03 
1.370909e-01 3.796150e+03 3.697357e+03 
1.421313e-01 3.614002e+03 3.489564e+03 
1.471717e-01 3.397785e+03 3.297672e+03 
1.522121e-01 3.160153e+03 3.120166e+03 
1.572525e-01 2.919484e+03 2.955702e+03 
1.622929e-01 2.694637e+03 2.803081e+03 
1.673333e-01 2.500627e+03 2.661239e+03 
1.723737e-01 2.345298e+03 2.529223e+03 
1.774141e-01 2.228662e+03 2.406181e+03 
1.824545e-01 2.144501e+03 2.291347e+03 
1.874949e-01 2.083099e+03 2.184034e+03 
1.925354e-01 2.033465e+03 2.083624e+03 
1.975758e-01 1.984551e+03 1.989559e+03 
2.026162e-01 1.927614e+03 1.901335e+03 
2.076566e-01 1.857977e+03 1.818495e+03 
2.126970e-01 1.775881e+03 1.740624e+03 
2.177374e-01 1.685215e+03 1.667349e+03 
2.227778e-01 1.591583e+03 1.598325e+03 
2.278182e-01 1.501195e+03 1.533243e+03 
2.328586e-01 1.419473e+03 1.471818e+03 
2.378990e-01 1.349977e+03 1.413790e+03 
2.429394e-01 1.293712e+03 1.358923e+03 
2.479798e-01 1.249438e+03 1.306997e+03 
2.530202e-01 1.214509e+03 1.257815e+03 
2.580606e-01 1.185406e+03 1.211192e+03 
2.631010e-01 1.158264e+03 1.166959e+03 
2.681414e-01 1.129631e+03 1.124963e+03 
2.731818e-01 1.097299e+03 1.085058e+03 
2.782222e-01 1.060788e+03 1.047114e+03 
2.832626e-01 1.020961e+03 1.011008e+03 
2.883030e-01 9.794189e+02 9.766264e+02 
2.933434e-01 9.380674e+02 9.438659e+02 
2.983838e-01 8.988158e+02 9.126289e+02 
3.034242e-01 8.633141e+02 8.828256e+02 
3.084646e-01 8.324932e+02 8.543722e+02 
3.135051e-01 8.063815e+02 8.271913e+02 
3.185455e-01 7.842235e+02 8.012103e+02 
3.235859e-01 7.648798e+02 7.763621e+02 
3.286263e-01 7.471386e+02 7.525837e+02 
3.336667e-01 7.298279e+02 7.298167e+02 
3.387071e-01 7.119855e+02 7.080062e+02 
3.437475e-01 6.930215e+02 6.871012e+02 
3.487879e-01 6.728542e+02 6.670538e+02 
3.538283e-01 6.518922e+02 6.478192e+02 
3.588687e-01 6.307832e+02 6.293554e+02 
3.639091e-01 6.102236e+02 6.116231e+02 
3.689495e-01 5.907753e+02 5.945854e+02 
3.739899e-01 5.728269e+02 5.782077e+02 
3.790303e-01 5.566157e+02 5.624572e+02 
3.840707e-01 5.421046e+02 5.473035e+02 
3.891111e-01 5.290372e+02 5.327177e+02 
3.941515e-01 5.169850e+02 5.186727e+02 
3.991919e-01 5.054846e+02 5.051428e+02 
4.042323e-01 4.941759e+02 4.921040e+02 
4.092727e-01 4.827930e+02 4.795336e+02 
4.143131e-01 4.711892e+02 4.674101e+02 
4.193535e-01 4.593531e+02 4.557131e+02 
4.243939e-01 4.474274e+02 4.444237e+02 
4.294343e-01 4.356251e+02 4.335235e+02 
4.344747e-01 4.241671e+02 4.229956e+02 
4.395152e-01 4.132464e+02 4.128237e+02 
4.445556e-01 4.029643e+02 4.029923e+02 
4.495960e-01 3.933735e+02 3.934870e+02 
4.546364e-01 3.844498e+02 3.842939e+02 
4.596768e-01 3.760915e+02 3.753999e+02 
4.647172e-01 3.681577e+02 3.667926e+02 
4.697576e-01 3.604977e+02 3.584602e+02 
4.747980e-01 3.529838e+02 3.503915e+02 
4.798384e-01 3.455336e+02 3.425758e+02 
4.848788e-01 3.381069e+02 3.350029e+02 
4.899192e-01 3.307072e+02 3.276632e+02 
4.949596e-01 3.233709e+02 3.205476e+02 
5.000000e-01 3.161643e+02 3.136473e+02 
