1.000000e-03 4.892810e+03 4.892806e+03 
6.040404e-03 2.203353e+04 2.221266e+04 
1.108081e-02 3.013107e+04 3.042561e+04 
1.612121e-02 3.244546e+04 3.285337e+04 
2.116162e-02 3.111656e+04 3.123975e+04 
2.620202e-02 2.777936e+04 2.750076e+04 
3.124242e-02 2.370817e+04 2.353369e+04 
3.628283e-02 1.978798e+04 2.020032e+04 
4.132323e-02 1.651203e+04 1.756997e+04 
4.636364e-02 1.403404e+04 1.548407e+04 
5.140404e-02 1.234791e+04 1.378997e+04 
5.644444e-02 1.127927e+04 1.238071e+04 
6.148485e-02 1.062730e+04 1.118564e+04 
6.652525e-02 1.019837e+04 1.015744e+04 
7.156566e-02 9.812191e+03 9.263117e+03 
7.660606e-02 9.340161e+03 8.478704e+03 
8.164646e-02 8.718596e+03 7.786091e+03 
8.668687e-02 7.954757e+03 7.171163e+03 
9.172727e-02 7.106728e+03 6.622649e+03 
9.676768e-02 6.255557e+03 6.131369e+03 
1.018081e-01 5.481483e+03 5.689741e+03 
1.068485e-01 4.843938e+03 5.291427e+03 
1.118889e-01 4.368995e+03 4.931081e+03 
1.169293e-01 4.050491e+03 4.604159e+03 
1.219697e-01 3.860314e+03 4.306773e+03 
1.270101e-01 3.759704e+03 4.035579e+03 
1.320505e-01 3.705485e+03 3.787690e+03 
1.370909e-01 3.654423e+03 3.560596e+03 
1.421313e-01 3.570945e+03 3.352112e+03 
1.471717e-01 3.434527e+03 3.160327e+03 
1.522121e-01 3.242103e+03 2.983564e+03 
1.572525e-01 3.005809e+03 2.820347e+03 
1.622929e-01 2.748141e+03 2.669373e+03 
1.673333e-01 2.495708e+03 2.529488e+03 
1.723737e-01 2.272140e+03 2.399670e+03 
1.774141e-01 2.092294e+03 2.279007e+03 
1.824545e-01 1.960534e+03 2.166687e+03 
1.874949e-01 1.873492e+03 2.061983e+03 
1.925354e-01 1.822629e+03 1.964245e+03 
1.975758e-01 1.795804e+03 1.872890e+03 
2.026162e-01 1.778718e+03 1.787390e+03 
2.076566e-01 1.757379e+03 1.707274e+03 
2.126970e-01 1.721238e+03 1.632112e+03 
2.177374e-01 1.665129e+03 1.561518e+03 
2.227778e-01 1.589463e+03 1.495141e+03 
2.278182e-01 1.499266e+03 1.432662e+03 
2.328586e-01 1.402451e+03 1.373793e+03 
2.378990e-01 1.307734e+03 1.318268e+03 
2.429394e-01 1.222637e+03 1.265848e+03 
2.479798e-01 1.152181e+03 1.216312e+03 
2.530202e-01 1.098489e+03 1.169460e+03 
2.580606e-01 1.060849e+03 1.125108e+03 
2.631010e-01 1.036182e+03 1.083085e+03 
2.681414e-01 1.019839e+03 1.043237e+03 
2.731818e-01 1.006665e+03 1.005422e+03 
2.782222e-01 9.920067e+02 9.695065e+02 
2.832626e-01 9.723893e+02 9.353706e+02 
2.883030e-01 9.458954e+02 9.029021e+02 
2.933434e-01 9.123661e+02 8.719974e+02 
2.983838e-01 8.733778e+02 8.425608e+02 
3.034242e-01 8.317264e+02 8.145037e+02 
3.084646e-01 7.905496e+02 7.877438e+02 
3.135051e-01 7.525840e+02 7.622049e+02 
3.185455e-01 7.197439e+02 7.378161e+02 
3.235859e-01 6.929639e+02 7.145115e+02 
3.286263e-01 6.722043e+02 6.922297e+02 
3.336667e-01 6.565435e+02 6.709136e+02 
3.387071e-01 6.443944e+02 6.505099e+02 
3.437475e-01 6.338899e+02 6.309689e+02 
3.487879e-01 6.232887e+02 6.122440e+02 
3.538283e-01 6.112234e+02 5.942919e+02 
3.588687e-01 5.968779e+02 5.770719e+02 
3.639091e-01 5.800928e+02 5.605459e+02 
3.689495e-01 5.612962e+02 5.446784e+02 
3.739899e-01 5.413737e+02 5.294357e+02 
3.790303e-01 5.214108e+02 5.147867e+02 
3.840707e-01 5.024146e+02 5.007016e+02 
3.891111e-01 4.851783e+02 4.871530e+02 
3.941515e-01 4.701925e+02 4.741146e+02 
3.991919e-01 4.575664e+02 4.615620e+02 
4.042323e-01 4.470558e+02 4.494721e+02 
4.092727e-01 4.381400e+02 4.378230e+02 
4.143131e-01 4.301481e+02 4.265943e+02 
4.193535e-01 4.224165e+02 4.157667e+02 
4.243939e-01 4.144192e+02 4.053217e+02 
4.294343e-01 4.057988e+02 3.952422e+02 
4.344747e-01 3.963882e+02 3.855118e+02 
4.395152e-01 3.862382e+02 3.761150e+02 
4.445556e-01 3.756103e+02 3.670372e+02 
4.495960e-01 3.648960e+02 3.582647e+02 
4.546364e-01 3.544788e+02 3.497843e+02 
4.596768e-01 3.446717e+02 3.415835e+02 
4.647172e-01 3.356871e+02 3.336505e+02 
4.697576e-01 3.276224e+02 3.259743e+02 
4.747980e-01 3.204675e+02 3.185441e+02 
4.798384e-01 3.140771e+02 3.113499e+02 
4.848788e-01 3.082075e+02 3.043820e+02 
4.899192e-01 3.025994e+02 2.976315e+02 
4.949596e-01 2.970415e+02 2.910896e+02 
5.000000e-01 2.913836e+02 2.847480e+02 
