1.000000e-03 3.122422e+03 3.122420e+03 
6.040404e-03 1.385778e+04 1.395890e+04 
1.108081e-02 1.889536e+04 1.896830e+04 
1.612121e-02 2.053207e+04 2.052349e+04 
2.116162e-02 2.016170e+04 2.002018e+04 
2.620202e-02 1.873751e+04 1.862433e+04 
3.124242e-02 1.692832e+04 1.706978e+04 
3.628283e-02 1.515874e+04 1.560930e+04 
4.132323e-02 1.364310e+04 1.428768e+04 
4.636364e-02 1.243729e+04 1.309884e+04 
5.140404e-02 1.152947e+04 1.202937e+04 
5.644444e-02 1.079845e+04 1.106655e+04 
6.148485e-02 1.015796e+04 1.019904e+04 
6.652525e-02 9.531670e+03 9.416694e+03 
7.156566e-02 8.872118e+03 8.710387e+03 
7.660606e-02 8.174761e+03 8.071897e+03 
8.164646e-02 7.470629e+03 7.493857e+03 
8.668687e-02 6.803606e+03 6.969694e+03 
9.172727e-02 6.208070e+03 6.493567e+03 
9.676768e-02 5.704625e+03 6.060298e+03 
1.018081e-01 5.301172e+03 5.665309e+03 
1.068485e-01 4.989725e+03 5.304555e+03 
1.118889e-01 4.745723e+03 4.974464e+03 
1.169293e-01 4.537010e+03 4.671883e+03 
1.219697e-01 4.336404e+03 4.394022e+03 
1.270101e-01 4.127511e+03 4.138415e+03 
1.320505e-01 3.903833e+03 3.902879e+03 
1.370909e-01 3.668428e+03 3.685475e+03 
1.421313e-01 3.430675e+03 3.484483e+03 
1.471717e-01 3.203149e+03 3.298372e+03 
1.522121e-01 2.996490e+03 3.125777e+03 
1.572525e-01 2.817614e+03 2.965480e+03 
1.622929e-01 2.668944e+03 2.816392e+03 
1.673333e-01 2.547772e+03 2.677536e+03 
1.723737e-01 2.447066e+03 2.548038e+03 
1.774141e-01 2.357870e+03 2.427108e+03 
1.824545e-01 2.272409e+03 2.314040e+03 
1.874949e-01 2.185627e+03 2.208192e+03 
1.925354e-01 2.094718e+03 2.108987e+03 
1.975758e-01 1.999736e+03 2.015902e+03 
2.026162e-01 1.903190e+03 1.928463e+03 
2.076566e-01 1.809136e+03 1.846239e+03 
2.126970e-01 1.721246e+03 1.768840e+03 
2.177374e-01 1.641858e+03 1.695910e+03 
2.227778e-01 1.571922e+03 1.627122e+03 
2.278182e-01 1.511052e+03 1.562181e+03 
2.328586e-01 1.457683e+03 1.500815e+03 
2.378990e-01 1.409447e+03 1.442776e+03 
2.429394e-01 1.363968e+03 1.387836e+03 
2.479798e-01 1.319493e+03 1.335787e+03 
2.530202e-01 1.274812e+03 1.286435e+03 
2.580606e-01 1.229420e+03 1.239604e+03 
2.631010e-01 1.183637e+03 1.195132e+03 
2.681414e-01 1.138577e+03 1.152867e+03 
2.731818e-01 1.095481e+03 1.112671e+03 
2.782222e-01 1.055160e+03 1.074416e+03 
2.832626e-01 1.017949e+03 1.037983e+03 
2.883030e-01 9.838622e+02 1.003261e+03 
2.933434e-01 9.527103e+02 9.701499e+02 
2.983838e-01 9.240305e+02 9.385536e+02 
3.034242e-01 8.970505e+02 9.083845e+02 
3.084646e-01 8.710270e+02 8.795606e+02 
3.135051e-01 8.454904e+02 8.520059e+02 
3.185455e-01 8.202942e+02 8.256493e+02 
3.235859e-01 7.954440e+02 8.004246e+02 
3.286263e-01 7.710415e+02 7.762701e+02 
3.336667e-01 7.472975e+02 7.531279e+02 
3.387071e-01 7.244985e+02 7.309442e+02 
3.437475e-01 7.029060e+02 7.096683e+02 
3.487879e-01 6.826170e+02 6.892532e+02 
3.538283e-01 6.635371e+02 6.696543e+02 
3.588687e-01 6.455138e+02 6.508302e+02 
3.639091e-01 6.283659e+02 6.327419e+02 
3.689495e-01 6.119515e+02 6.153527e+02 
3.739899e-01 5.960809e+02 5.986283e+02 
3.790303e-01 5.806150e+02 5.825362e+02 
3.840707e-01 5.654878e+02 5.670459e+02 
3.891111e-01 5.507128e+02 5.521288e+02 
3.941515e-01 5.363542e+02 5.377578e+02 
3.991919e-01 5.224568e+02 5.239075e+02 
4.042323e-01 5.090514e+02 5.105537e+02 
4.092727e-01 4.961888e+02 4.976738e+02 
4.143131e-01 4.838918e+02 4.852464e+02 
4.193535e-01 4.721332e+02 4.732510e+02 
4.243939e-01 4.608552e+02 4.616686e+02 
4.294343e-01 4.499848e+02 4.504811e+02 
4.344747e-01 4.394756e+02 4.396711e+02 
4.395152e-01 4.292983e+02 4.292225e+02 
4.445556e-01 4.194124e+02 4.191199e+02 
4.495960e-01 4.097798e+02 4.093485e+02 
4.546364e-01 4.004003e+02 3.998946e+02 
4.596768e-01 3.912954e+02 3.907449e+02 
4.647172e-01 3.824699e+02 3.818870e+02 
4.697576e-01 3.739306e+02 3.733089e+02 
4.747980e-01 3.656689e+02 3.649994e+02 
4.798384e-01 3.576801e+02 3.569477e+02 
4.848788e-01 3.499688e+02 3.491436e+02 
4.899192e-01 3.425144e+02 3.415773e+02 
4.949596e-01 3.352915e+02 3.342396e+02 
5.000000e-01 3.282742e+02 3.271217e+02 
