1.000000e-03 4.829896e+03 4.829891e+03 
6.040404e-03 2.168951e+04 2.186284e+04 
1.108081e-02 2.940259e+04 2.966797e+04 
1.612121e-02 3.140270e+04 3.172559e+04 
2.116162e-02 2.991122e+04 2.993536e+04 
2.620202e-02 2.658360e+04 2.633221e+04 
3.124242e-02 2.267042e+04 2.267505e+04 
3.628283e-02 1.900200e+04 1.963308e+04 
4.132323e-02 1.601072e+04 1.721024e+04 
4.636364e-02 1.379814e+04 1.525783e+04 
5.140404e-02 1.233114e+04 1.364717e+04 
5.644444e-02 1.140605e+04 1.229016e+04 
6.148485e-02 1.081827e+04 1.112830e+04 
6.652525e-02 1.036689e+04 1.012157e+04 
7.156566e-02 9.894543e+03 9.241407e+03 
7.660606e-02 9.300966e+03 8.466482e+03 
8.164646e-02 8.558096e+03 7.780326e+03 
8.668687e-02 7.706036e+03 7.169846e+03 
9.172727e-02 6.824089e+03 6.624424e+03 
9.676768e-02 5.998164e+03 6.135307e+03 
1.018081e-01 5.297209e+03 5.695192e+03 
1.068485e-01 4.758441e+03 5.297934e+03 
1.118889e-01 4.384050e+03 4.938316e+03 
1.169293e-01 4.149448e+03 4.611885e+03 
1.219697e-01 4.014873e+03 4.314818e+03 
1.270101e-01 3.933857e+03 4.043817e+03 
1.320505e-01 3.860241e+03 3.796026e+03 
1.370909e-01 3.756493e+03 3.568961e+03 
1.421313e-01 3.601617e+03 3.360454e+03 
1.471717e-01 3.393346e+03 3.168607e+03 
1.522121e-01 3.144440e+03 2.991754e+03 
1.572525e-01 2.877419e+03 2.828427e+03 
1.622929e-01 2.619238e+03 2.677327e+03 
1.673333e-01 2.393935e+03 2.537306e+03 
1.723737e-01 2.215382e+03 2.407344e+03 
1.774141e-01 2.086008e+03 2.286532e+03 
1.824545e-01 1.999994e+03 2.174060e+03 
1.874949e-01 1.947242e+03 2.069203e+03 
1.925354e-01 1.914624e+03 1.971312e+03 
1.975758e-01 1.887251e+03 1.879804e+03 
2.026162e-01 1.851383e+03 1.794154e+03 
2.076566e-01 1.798229e+03 1.713889e+03 
2.126970e-01 1.725564e+03 1.638580e+03 
2.177374e-01 1.636639e+03 1.567843e+03 
2.227778e-01 1.538155e+03 1.501325e+03 
2.278182e-01 1.438435e+03 1.438709e+03 
2.328586e-01 1.345723e+03 1.379705e+03 
2.378990e-01 1.266325e+03 1.324049e+03 
2.429394e-01 1.203387e+03 1.271501e+03 
2.479798e-01 1.156878e+03 1.221841e+03 
2.530202e-01 1.124208e+03 1.174868e+03 
2.580606e-01 1.101076e+03 1.130397e+03 
2.631010e-01 1.082353e+03 1.088259e+03 
2.681414e-01 1.063110e+03 1.048300e+03 
2.731818e-01 1.039562e+03 1.010376e+03 
2.782222e-01 1.009747e+03 9.743549e+02 
2.832626e-01 9.735875e+02 9.401163e+02 
2.883030e-01 9.326078e+02 9.075479e+02 
2.933434e-01 8.893625e+02 8.765460e+02 
2.983838e-01 8.468223e+02 8.470150e+02 
3.034242e-01 8.076748e+02 8.188660e+02 
3.084646e-01 7.737867e+02 7.920169e+02 
3.135051e-01 7.459162e+02 7.663912e+02 
3.185455e-01 7.237612e+02 7.419179e+02 
3.235859e-01 7.062130e+02 7.185312e+02 
3.286263e-01 6.916744e+02 6.961695e+02 
3.336667e-01 6.783991e+02 6.747757e+02 
3.387071e-01 6.647685e+02 6.542964e+02 
3.437475e-01 6.495648e+02 6.346818e+02 
3.487879e-01 6.322346e+02 6.158854e+02 
3.538283e-01 6.129326e+02 5.978636e+02 
3.588687e-01 5.923277e+02 5.805757e+02 
3.639091e-01 5.713355e+02 5.639837e+02 
3.689495e-01 5.509015e+02 5.480518e+02 
3.739899e-01 5.318719e+02 5.327466e+02 
3.790303e-01 5.148556e+02 5.180364e+02 
3.840707e-01 5.001127e+02 5.038920e+02 
3.891111e-01 4.874975e+02 4.902854e+02 
3.941515e-01 4.765514e+02 4.771906e+02 
3.991919e-01 4.666926e+02 4.645829e+02 
4.042323e-01 4.573171e+02 4.524394e+02 
4.092727e-01 4.478970e+02 4.407380e+02 
4.143131e-01 4.380460e+02 4.294583e+02 
4.193535e-01 4.275765e+02 4.185809e+02 
4.243939e-01 4.165487e+02 4.080874e+02 
4.294343e-01 4.051942e+02 3.979605e+02 
4.344747e-01 3.938311e+02 3.881839e+02 
4.395152e-01 3.827861e+02 3.787420e+02 
4.445556e-01 3.723429e+02 3.696203e+02 
4.495960e-01 3.627083e+02 3.608047e+02 
4.546364e-01 3.539560e+02 3.522823e+02 
4.596768e-01 3.460286e+02 3.440405e+02 
4.647172e-01 3.387726e+02 3.360676e+02 
4.697576e-01 3.319818e+02 3.283522e+02 
4.747980e-01 3.254522e+02 3.208838e+02 
4.798384e-01 3.189918e+02 3.136523e+02 
4.848788e-01 3.124571e+02 3.066479e+02 
4.899192e-01 3.057887e+02 2.998617e+02 
4.949596e-01 2.990031e+02 2.932850e+02 
5.000000e-01 2.921816e+02 2.869093e+02 
