1.000000e-03 3.182646e+03 3.182643e+03 
6.040404e-03 1.427743e+04 1.438620e+04 
1.108081e-02 1.962044e+04 1.972457e+04 
1.612121e-02 2.142376e+04 2.147854e+04 
2.116162e-02 2.107108e+04 2.097563e+04 
2.620202e-02 1.954264e+04 1.941102e+04 
3.124242e-02 1.755308e+04 1.765225e+04 
3.628283e-02 1.557768e+04 1.603012e+04 
4.132323e-02 1.387612e+04 1.459719e+04 
4.636364e-02 1.253304e+04 1.333389e+04 
5.140404e-02 1.153306e+04 1.221385e+04 
5.644444e-02 1.078987e+04 1.121557e+04 
6.148485e-02 1.018443e+04 1.032233e+04 
6.652525e-02 9.626974e+03 9.520676e+03 
7.156566e-02 9.042787e+03 8.799452e+03 
7.660606e-02 8.399652e+03 8.149143e+03 
8.164646e-02 7.710430e+03 7.561539e+03 
8.668687e-02 7.017218e+03 7.029500e+03 
9.172727e-02 6.365335e+03 6.546790e+03 
9.676768e-02 5.789794e+03 6.107951e+03 
1.018081e-01 5.313386e+03 5.708199e+03 
1.068485e-01 4.943537e+03 5.343337e+03 
1.118889e-01 4.668709e+03 5.009676e+03 
1.169293e-01 4.461469e+03 4.703971e+03 
1.219697e-01 4.288959e+03 4.423361e+03 
1.270101e-01 4.123406e+03 4.165323e+03 
1.320505e-01 3.945879e+03 3.927625e+03 
1.370909e-01 3.747444e+03 3.708293e+03 
1.421313e-01 3.529100e+03 3.505574e+03 
1.471717e-01 3.300250e+03 3.317911e+03 
1.522121e-01 3.074470e+03 3.143916e+03 
1.572525e-01 2.865008e+03 2.982354e+03 
1.622929e-01 2.682087e+03 2.832118e+03 
1.673333e-01 2.531017e+03 2.692219e+03 
1.723737e-01 2.411185e+03 2.561769e+03 
1.774141e-01 2.316746e+03 2.439971e+03 
1.824545e-01 2.238796e+03 2.326107e+03 
1.874949e-01 2.168561e+03 2.219530e+03 
1.925354e-01 2.098600e+03 2.119655e+03 
1.975758e-01 2.023505e+03 2.025952e+03 
2.026162e-01 1.940918e+03 1.937944e+03 
2.076566e-01 1.852046e+03 1.855195e+03 
2.126970e-01 1.760677e+03 1.777309e+03 
2.177374e-01 1.671300e+03 1.703927e+03 
2.227778e-01 1.587898e+03 1.634721e+03 
2.278182e-01 1.513370e+03 1.569390e+03 
2.328586e-01 1.449063e+03 1.507662e+03 
2.378990e-01 1.394758e+03 1.449285e+03 
2.429394e-01 1.348618e+03 1.394030e+03 
2.479798e-01 1.308043e+03 1.341686e+03 
2.530202e-01 1.270375e+03 1.292059e+03 
2.580606e-01 1.233310e+03 1.244970e+03 
2.631010e-01 1.195083e+03 1.200255e+03 
2.681414e-01 1.154861e+03 1.157763e+03 
2.731818e-01 1.113016e+03 1.117354e+03 
2.782222e-01 1.070773e+03 1.078898e+03 
2.832626e-01 1.029550e+03 1.042276e+03 
2.883030e-01 9.905070e+02 1.007376e+03 
2.933434e-01 9.544064e+02 9.740966e+02 
2.983838e-01 9.217501e+02 9.423416e+02 
3.034242e-01 8.926071e+02 9.120225e+02 
3.084646e-01 8.665362e+02 8.830568e+02 
3.135051e-01 8.426890e+02 8.553678e+02 
3.185455e-01 8.201185e+02 8.288840e+02 
3.235859e-01 7.980893e+02 8.035388e+02 
3.286263e-01 7.761472e+02 7.792698e+02 
3.336667e-01 7.540562e+02 7.560190e+02 
3.387071e-01 7.317874e+02 7.337320e+02 
3.437475e-01 7.095478e+02 7.123581e+02 
3.487879e-01 6.877501e+02 6.918495e+02 
3.538283e-01 6.668231e+02 6.721617e+02 
3.588687e-01 6.470964e+02 6.532529e+02 
3.639091e-01 6.286817e+02 6.350839e+02 
3.689495e-01 6.115351e+02 6.176176e+02 
3.739899e-01 5.955551e+02 6.008196e+02 
3.790303e-01 5.805579e+02 5.846573e+02 
3.840707e-01 5.662841e+02 5.690999e+02 
3.891111e-01 5.524730e+02 5.541186e+02 
3.941515e-01 5.389210e+02 5.396862e+02 
3.991919e-01 5.255274e+02 5.257771e+02 
4.042323e-01 5.122882e+02 5.123670e+02 
4.092727e-01 4.992586e+02 4.994332e+02 
4.143131e-01 4.865072e+02 4.869540e+02 
4.193535e-01 4.741404e+02 4.749090e+02 
4.243939e-01 4.622681e+02 4.632791e+02 
4.294343e-01 4.509486e+02 4.520458e+02 
4.344747e-01 4.401832e+02 4.411919e+02 
4.395152e-01 4.299314e+02 4.307012e+02 
4.445556e-01 4.201339e+02 4.205579e+02 
4.495960e-01 4.107246e+02 4.107476e+02 
4.546364e-01 4.016271e+02 4.012561e+02 
4.596768e-01 3.927806e+02 3.920703e+02 
4.647172e-01 3.841152e+02 3.831776e+02 
4.697576e-01 3.756238e+02 3.745659e+02 
4.747980e-01 3.673126e+02 3.662241e+02 
4.798384e-01 3.592036e+02 3.581413e+02 
4.848788e-01 3.513097e+02 3.503071e+02 
4.899192e-01 3.436508e+02 3.427118e+02 
4.949596e-01 3.362556e+02 3.353462e+02 
5.000000e-01 3.291321e+02 3.282012e+02 
