1.000000e-03 5.491255e+03 5.491250e+03 
6.040404e-03 2.481309e+04 2.501680e+04 
1.108081e-02 3.389049e+04 3.424758e+04 
1.612121e-02 3.637375e+04 3.689548e+04 
2.116162e-02 3.469056e+04 3.488182e+04 
2.620202e-02 3.071933e+04 3.038784e+04 
3.124242e-02 2.593538e+04 2.566231e+04 
3.628283e-02 2.136380e+04 2.174669e+04 
4.132323e-02 1.757099e+04 1.871317e+04 
4.636364e-02 1.472875e+04 1.635250e+04 
5.140404e-02 1.281771e+04 1.446715e+04 
5.644444e-02 1.163376e+04 1.292045e+04 
6.148485e-02 1.094741e+04 1.162343e+04 
6.652525e-02 1.053255e+04 1.051748e+04 
7.156566e-02 1.018343e+04 9.562516e+03 
7.660606e-02 9.746653e+03 8.729902e+03 
8.164646e-02 9.138089e+03 7.998397e+03 
8.668687e-02 8.353567e+03 7.351696e+03 
9.172727e-02 7.452247e+03 6.776955e+03 
9.676768e-02 6.526464e+03 6.263837e+03 
1.018081e-01 5.671235e+03 5.803890e+03 
1.068485e-01 4.959197e+03 5.390109e+03 
1.118889e-01 4.424894e+03 5.016630e+03 
1.169293e-01 4.066269e+03 4.678499e+03 
1.219697e-01 3.856616e+03 4.371505e+03 
1.270101e-01 3.755963e+03 4.092043e+03 
1.320505e-01 3.717434e+03 3.837009e+03 
1.370909e-01 3.692031e+03 3.603722e+03 
1.421313e-01 3.636948e+03 3.389854e+03 
1.471717e-01 3.524515e+03 3.193374e+03 
1.522121e-01 3.345955e+03 3.012507e+03 
1.572525e-01 3.110211e+03 2.845693e+03 
1.622929e-01 2.840208e+03 2.691560e+03 
1.673333e-01 2.566403e+03 2.548895e+03 
1.723737e-01 2.317629e+03 2.416625e+03 
1.774141e-01 2.113379e+03 2.293796e+03 
1.824545e-01 1.961552e+03 2.179560e+03 
1.874949e-01 1.860837e+03 2.073158e+03 
1.925354e-01 1.803800e+03 1.973914e+03 
1.975758e-01 1.778446e+03 1.881220e+03 
2.026162e-01 1.769354e+03 1.794530e+03 
2.076566e-01 1.760212e+03 1.713353e+03 
2.126970e-01 1.737458e+03 1.637246e+03 
2.177374e-01 1.692959e+03 1.565810e+03 
2.227778e-01 1.624791e+03 1.498680e+03 
2.278182e-01 1.536668e+03 1.435530e+03 
2.328586e-01 1.436477e+03 1.376060e+03 
2.378990e-01 1.334145e+03 1.319999e+03 
2.429394e-01 1.239115e+03 1.267100e+03 
2.479798e-01 1.158469e+03 1.217135e+03 
2.530202e-01 1.095965e+03 1.169900e+03 
2.580606e-01 1.052035e+03 1.125204e+03 
2.631010e-01 1.024267e+03 1.082875e+03 
2.681414e-01 1.008178e+03 1.042754e+03 
2.731818e-01 9.982266e+02 1.004694e+03 
2.782222e-01 9.888573e+02 9.685615e+02 
2.832626e-01 9.753197e+02 9.342316e+02 
2.883030e-01 9.543805e+02 9.015904e+02 
2.933434e-01 9.248384e+02 8.705323e+02 
2.983838e-01 8.876218e+02 8.409597e+02 
3.034242e-01 8.453631e+02 8.127822e+02 
3.084646e-01 8.015336e+02 7.859162e+02 
3.135051e-01 7.595854e+02 7.602838e+02 
3.185455e-01 7.223100e+02 7.358131e+02 
3.235859e-01 6.914514e+02 7.124371e+02 
3.286263e-01 6.675748e+02 6.900933e+02 
3.336667e-01 6.501254e+02 6.687237e+02 
3.387071e-01 6.376508e+02 6.482743e+02 
3.437475e-01 6.282191e+02 6.286945e+02 
3.487879e-01 6.197454e+02 6.099371e+02 
3.538283e-01 6.103345e+02 5.919583e+02 
3.588687e-01 5.985872e+02 5.747167e+02 
3.639091e-01 5.838570e+02 5.581739e+02 
3.689495e-01 5.662542e+02 5.422936e+02 
3.739899e-01 5.465288e+02 5.270422e+02 
3.790303e-01 5.258063e+02 5.123877e+02 
3.840707e-01 5.053197e+02 4.983004e+02 
3.891111e-01 4.862268e+02 4.847522e+02 
3.941515e-01 4.693796e+02 4.717169e+02 
3.991919e-01 4.552081e+02 4.591697e+02 
4.042323e-01 4.436722e+02 4.470872e+02 
4.092727e-01 4.343482e+02 4.354474e+02 
4.143131e-01 4.265705e+02 4.242296e+02 
4.193535e-01 4.195964e+02 4.134143e+02 
4.243939e-01 4.126934e+02 4.029831e+02 
4.294343e-01 4.052417e+02 3.929184e+02 
4.344747e-01 3.968531e+02 3.832040e+02 
4.395152e-01 3.874175e+02 3.738241e+02 
4.445556e-01 3.771072e+02 3.647640e+02 
4.495960e-01 3.662879e+02 3.560099e+02 
4.546364e-01 3.553941e+02 3.475485e+02 
4.596768e-01 3.448641e+02 3.393673e+02 
4.647172e-01 3.350713e+02 3.314544e+02 
4.697576e-01 3.262711e+02 3.237986e+02 
4.747980e-01 3.185597e+02 3.163892e+02 
4.798384e-01 3.118506e+02 3.092161e+02 
4.848788e-01 3.059358e+02 3.022696e+02 
4.899192e-01 3.005395e+02 2.955406e+02 
4.949596e-01 2.953899e+02 2.890203e+02 
5.000000e-01 2.902274e+02 2.827006e+02 
