1.000000e-03 4.488656e+03 4.488652e+03 
6.040404e-03 1.978305e+04 1.993403e+04 
1.108081e-02 2.650520e+04 2.668280e+04 
1.612121e-02 2.813439e+04 2.827144e+04 
2.116162e-02 2.679712e+04 2.669115e+04 
2.620202e-02 2.398984e+04 2.383247e+04 
3.124242e-02 2.077794e+04 2.099990e+04 
3.628283e-02 1.782818e+04 1.858914e+04 
4.132323e-02 1.545813e+04 1.658465e+04 
4.636364e-02 1.371306e+04 1.489810e+04 
5.140404e-02 1.253460e+04 1.345645e+04 
5.644444e-02 1.172462e+04 1.220845e+04 
6.148485e-02 1.109938e+04 1.111807e+04 
6.652525e-02 1.050288e+04 1.015883e+04 
7.156566e-02 9.837681e+03 9.310429e+03 
7.660606e-02 9.064755e+03 8.556711e+03 
8.164646e-02 8.209912e+03 7.884523e+03 
8.668687e-02 7.342128e+03 7.282964e+03 
9.172727e-02 6.536924e+03 6.742892e+03 
9.676768e-02 5.852412e+03 6.256575e+03 
1.018081e-01 5.319090e+03 5.817429e+03 
1.068485e-01 4.936074e+03 5.419819e+03 
1.118889e-01 4.676557e+03 5.058899e+03 
1.169293e-01 4.498693e+03 4.730488e+03 
1.219697e-01 4.356752e+03 4.430963e+03 
1.270101e-01 4.210128e+03 4.157177e+03 
1.320505e-01 4.031292e+03 3.906384e+03 
1.370909e-01 3.811480e+03 3.676185e+03 
1.421313e-01 3.558508e+03 3.464474e+03 
1.471717e-01 3.289627e+03 3.269402e+03 
1.522121e-01 3.025695e+03 3.089336e+03 
1.572525e-01 2.787891e+03 2.922834e+03 
1.622929e-01 2.591721e+03 2.768618e+03 
1.673333e-01 2.441881e+03 2.625553e+03 
1.723737e-01 2.332783e+03 2.492628e+03 
1.774141e-01 2.253290e+03 2.368942e+03 
1.824545e-01 2.191172e+03 2.253688e+03 
1.874949e-01 2.134191e+03 2.146145e+03 
1.925354e-01 2.071038e+03 2.045662e+03 
1.975758e-01 1.994504e+03 1.951657e+03 
2.026162e-01 1.903835e+03 1.863604e+03 
2.076566e-01 1.803663e+03 1.781028e+03 
2.126970e-01 1.700749e+03 1.703499e+03 
2.177374e-01 1.601758e+03 1.630627e+03 
2.227778e-01 1.512384e+03 1.562061e+03 
2.278182e-01 1.436581e+03 1.497477e+03 
2.328586e-01 1.375479e+03 1.436584e+03 
2.378990e-01 1.327379e+03 1.379115e+03 
2.429394e-01 1.288716e+03 1.324826e+03 
2.479798e-01 1.255292e+03 1.273495e+03 
2.530202e-01 1.223007e+03 1.224917e+03 
2.580606e-01 1.188504e+03 1.178906e+03 
2.631010e-01 1.149970e+03 1.135289e+03 
2.681414e-01 1.107453e+03 1.093909e+03 
2.731818e-01 1.062439e+03 1.054619e+03 
2.782222e-01 1.016995e+03 1.017287e+03 
2.832626e-01 9.731934e+02 9.817877e+02 
2.883030e-01 9.328376e+02 9.480072e+02 
2.933434e-01 8.971940e+02 9.158399e+02 
2.983838e-01 8.666472e+02 8.851879e+02 
3.034242e-01 8.405928e+02 8.559604e+02 
3.084646e-01 8.178235e+02 8.280732e+02 
3.135051e-01 7.969618e+02 8.014482e+02 
3.185455e-01 7.767858e+02 7.760128e+02 
3.235859e-01 7.563144e+02 7.516992e+02 
3.286263e-01 7.349112e+02 7.284445e+02 
3.336667e-01 7.124691e+02 7.061900e+02 
3.387071e-01 6.894178e+02 6.848809e+02 
3.437475e-01 6.664701e+02 6.644661e+02 
3.487879e-01 6.443129e+02 6.448977e+02 
3.538283e-01 6.234768e+02 6.261310e+02 
3.588687e-01 6.042892e+02 6.081242e+02 
3.639091e-01 5.868976e+02 5.908380e+02 
3.689495e-01 5.711930e+02 5.742357e+02 
3.739899e-01 5.568263e+02 5.582828e+02 
3.790303e-01 5.433354e+02 5.429469e+02 
3.840707e-01 5.303005e+02 5.281974e+02 
3.891111e-01 5.174082e+02 5.140059e+02 
3.941515e-01 5.044526e+02 5.003454e+02 
3.991919e-01 4.913703e+02 4.871905e+02 
4.042323e-01 4.782418e+02 4.745173e+02 
4.092727e-01 4.652799e+02 4.623033e+02 
4.143131e-01 4.526915e+02 4.505273e+02 
4.193535e-01 4.406395e+02 4.391692e+02 
4.243939e-01 4.292377e+02 4.282101e+02 
4.294343e-01 4.185414e+02 4.176320e+02 
4.344747e-01 4.085413e+02 4.074180e+02 
4.395152e-01 3.991315e+02 3.975522e+02 
4.445556e-01 3.901483e+02 3.880194e+02 
4.495960e-01 3.814696e+02 3.788051e+02 
4.546364e-01 3.730028e+02 3.698958e+02 
4.596768e-01 3.646647e+02 3.612786e+02 
4.647172e-01 3.563993e+02 3.529412e+02 
4.697576e-01 3.482170e+02 3.448721e+02 
4.747980e-01 3.401829e+02 3.370601e+02 
4.798384e-01 3.323634e+02 3.294949e+02 
4.848788e-01 3.248012e+02 3.221664e+02 
4.899192e-01 3.175257e+02 3.150651e+02 
4.949596e-01 3.105612e+02 3.081821e+02 
5.000000e-01 3.039090e+02 3.015088e+02 
