1.000000e-03 7.712962e+03 7.712955e+03 
6.040404e-03 3.345015e+04 3.373014e+04 
1.108081e-02 4.456823e+04 4.510116e+04 
1.612121e-02 4.674210e+04 4.754829e+04 
2.116162e-02 4.348235e+04 4.380048e+04 
2.620202e-02 3.743055e+04 3.696707e+04 
3.124242e-02 3.060711e+04 3.020154e+04 
3.628283e-02 2.435671e+04 2.484542e+04 
4.132323e-02 1.935913e+04 2.086469e+04 
4.636364e-02 1.575501e+04 1.787998e+04 
5.140404e-02 1.343731e+04 1.557126e+04 
5.644444e-02 1.209117e+04 1.372738e+04 
6.148485e-02 1.139093e+04 1.221533e+04 
6.652525e-02 1.103096e+04 1.094992e+04 
7.156566e-02 1.075617e+04 9.874407e+03 
7.660606e-02 1.036360e+04 8.949335e+03 
8.164646e-02 9.732899e+03 8.146130e+03 
8.668687e-02 8.853441e+03 7.443377e+03 
9.172727e-02 7.807225e+03 6.824566e+03 
9.676768e-02 6.722075e+03 6.276672e+03 
1.018081e-01 5.723762e+03 5.789234e+03 
1.068485e-01 4.902703e+03 5.353721e+03 
1.118889e-01 4.298921e+03 4.963097e+03 
1.169293e-01 3.909949e+03 4.611497e+03 
1.219697e-01 3.703924e+03 4.293991e+03 
1.270101e-01 3.631942e+03 4.006406e+03 
1.320505e-01 3.635655e+03 3.745189e+03 
1.370909e-01 3.655200e+03 3.507295e+03 
1.421313e-01 3.638777e+03 3.290101e+03 
1.471717e-01 3.550521e+03 3.091342e+03 
1.522121e-01 3.375215e+03 2.909047e+03 
1.572525e-01 3.121740e+03 2.741500e+03 
1.622929e-01 2.820679e+03 2.587200e+03 
1.673333e-01 2.512722e+03 2.444826e+03 
1.723737e-01 2.234028e+03 2.313219e+03 
1.774141e-01 2.007309e+03 2.191352e+03 
1.824545e-01 1.841978e+03 2.078316e+03 
1.874949e-01 1.737983e+03 1.973304e+03 
1.925354e-01 1.687606e+03 1.875599e+03 
1.975758e-01 1.676143e+03 1.784557e+03 
2.026162e-01 1.684367e+03 1.699606e+03 
2.076566e-01 1.692753e+03 1.620231e+03 
2.126970e-01 1.685183e+03 1.545969e+03 
2.177374e-01 1.651076e+03 1.476403e+03 
2.227778e-01 1.586544e+03 1.411159e+03 
2.278182e-01 1.495136e+03 1.349896e+03 
2.328586e-01 1.386880e+03 1.292308e+03 
2.378990e-01 1.274680e+03 1.238114e+03 
2.429394e-01 1.170414e+03 1.187062e+03 
2.479798e-01 1.082684e+03 1.138921e+03 
2.530202e-01 1.016168e+03 1.093480e+03 
2.580606e-01 9.717599e+02 1.050547e+03 
2.631010e-01 9.468999e+02 1.009948e+03 
2.681414e-01 9.363388e+02 9.715200e+02 
2.731818e-01 9.334612e+02 9.351168e+02 
2.782222e-01 9.315702e+02 9.006028e+02 
2.832626e-01 9.248313e+02 8.678533e+02 
2.883030e-01 9.089863e+02 8.367540e+02 
2.933434e-01 8.820876e+02 8.071990e+02 
2.983838e-01 8.449996e+02 7.790910e+02 
3.034242e-01 8.009180e+02 7.523400e+02 
3.084646e-01 7.542688e+02 7.268625e+02 
3.135051e-01 7.093533e+02 7.025816e+02 
3.185455e-01 6.695894e+02 6.794257e+02 
3.235859e-01 6.372321e+02 6.573285e+02 
3.286263e-01 6.131461e+02 6.362285e+02 
3.336667e-01 5.968592e+02 6.160683e+02 
3.387071e-01 5.867194e+02 5.967947e+02 
3.437475e-01 5.803315e+02 5.783580e+02 
3.487879e-01 5.751628e+02 5.607119e+02 
3.538283e-01 5.689272e+02 5.438133e+02 
3.588687e-01 5.598709e+02 5.276218e+02 
3.639091e-01 5.469875e+02 5.120997e+02 
3.689495e-01 5.302638e+02 4.972118e+02 
3.739899e-01 5.105208e+02 4.829250e+02 
3.790303e-01 4.891994e+02 4.692084e+02 
3.840707e-01 4.678845e+02 4.560329e+02 
3.891111e-01 4.480201e+02 4.433714e+02 
3.941515e-01 4.306919e+02 4.311983e+02 
3.991919e-01 4.164835e+02 4.194896e+02 
4.042323e-01 4.054364e+02 4.082226e+02 
4.092727e-01 3.971034e+02 3.973761e+02 
4.143131e-01 3.906934e+02 3.869301e+02 
4.193535e-01 3.852932e+02 3.768656e+02 
4.243939e-01 3.800032e+02 3.671650e+02 
4.294343e-01 3.740232e+02 3.578115e+02 
4.344747e-01 3.667989e+02 3.487891e+02 
4.395152e-01 3.581580e+02 3.400829e+02 
4.445556e-01 3.482841e+02 3.316788e+02 
4.495960e-01 3.376015e+02 3.235633e+02 
4.546364e-01 3.266554e+02 3.157239e+02 
4.596768e-01 3.159942e+02 3.081485e+02 
4.647172e-01 3.061300e+02 3.008258e+02 
4.697576e-01 2.974242e+02 2.937450e+02 
4.747980e-01 2.899960e+02 2.868958e+02 
4.798384e-01 2.837690e+02 2.802687e+02 
4.848788e-01 2.785062e+02 2.738545e+02 
4.899192e-01 2.738983e+02 2.676443e+02 
4.949596e-01 2.695982e+02 2.616299e+02 
5.000000e-01 2.652622e+02 2.558034e+02 
