1.000000e-03 6.229230e+03 6.229224e+03 
6.040404e-03 2.740027e+04 2.762257e+04 
1.108081e-02 3.656964e+04 3.693874e+04 
1.612121e-02 3.844821e+04 3.891987e+04 
2.116162e-02 3.598002e+04 3.604240e+04 
2.620202e-02 3.133523e+04 3.100484e+04 
3.124242e-02 2.612653e+04 2.611767e+04 
3.628283e-02 2.139272e+04 2.219293e+04 
4.132323e-02 1.763848e+04 1.916303e+04 
4.636364e-02 1.494596e+04 1.678609e+04 
5.140404e-02 1.322836e+04 1.486839e+04 
5.644444e-02 1.220678e+04 1.328183e+04 
6.148485e-02 1.160534e+04 1.194354e+04 
6.652525e-02 1.117052e+04 1.079823e+04 
7.156566e-02 1.070708e+04 9.807324e+03 
7.660606e-02 1.008153e+04 8.942708e+03 
8.164646e-02 9.252375e+03 8.183101e+03 
8.668687e-02 8.271888e+03 7.511925e+03 
9.172727e-02 7.245919e+03 6.915961e+03 
9.676768e-02 6.286682e+03 6.384479e+03 
1.018081e-01 5.479911e+03 5.908652e+03 
1.068485e-01 4.869564e+03 5.481135e+03 
1.118889e-01 4.458096e+03 5.095763e+03 
1.169293e-01 4.216904e+03 4.747322e+03 
1.219697e-01 4.097751e+03 4.431377e+03 
1.270101e-01 4.043022e+03 4.144129e+03 
1.320505e-01 3.995727e+03 3.882313e+03 
1.370909e-01 3.910395e+03 3.643108e+03 
1.421313e-01 3.760790e+03 3.424065e+03 
1.471717e-01 3.541357e+03 3.223053e+03 
1.522121e-01 3.266050e+03 3.038211e+03 
1.572525e-01 2.964483e+03 2.867905e+03 
1.622929e-01 2.672567e+03 2.710699e+03 
1.673333e-01 2.419961e+03 2.565327e+03 
1.723737e-01 2.222322e+03 2.430669e+03 
1.774141e-01 2.082438e+03 2.305731e+03 
1.824545e-01 1.994944e+03 2.189629e+03 
1.874949e-01 1.948676e+03 2.081577e+03 
1.925354e-01 1.927178e+03 1.980870e+03 
1.975758e-01 1.911329e+03 1.886880e+03 
2.026162e-01 1.884466e+03 1.799040e+03 
2.076566e-01 1.836326e+03 1.716842e+03 
2.126970e-01 1.763702e+03 1.639829e+03 
2.177374e-01 1.669428e+03 1.567588e+03 
2.227778e-01 1.561377e+03 1.499744e+03 
2.278182e-01 1.450567e+03 1.435959e+03 
2.328586e-01 1.347788e+03 1.375925e+03 
2.378990e-01 1.260689e+03 1.319363e+03 
2.429394e-01 1.192969e+03 1.266020e+03 
2.479798e-01 1.144858e+03 1.215662e+03 
2.530202e-01 1.113661e+03 1.168078e+03 
2.580606e-01 1.094214e+03 1.123074e+03 
2.631010e-01 1.080055e+03 1.080473e+03 
2.681414e-01 1.065052e+03 1.040112e+03 
2.731818e-01 1.044688e+03 1.001842e+03 
2.782222e-01 1.016452e+03 9.655237e+02 
2.832626e-01 9.798878e+02 9.310323e+02 
2.883030e-01 9.365746e+02 8.982504e+02 
2.933434e-01 8.897867e+02 8.670705e+02 
2.983838e-01 8.434737e+02 8.373929e+02 
3.034242e-01 8.010641e+02 8.091257e+02 
3.084646e-01 7.647652e+02 7.821836e+02 
3.135051e-01 7.355256e+02 7.564875e+02 
3.185455e-01 7.131800e+02 7.319641e+02 
3.235859e-01 6.965643e+02 7.085454e+02 
3.286263e-01 6.837094e+02 6.861678e+02 
3.336667e-01 6.723040e+02 6.647725e+02 
3.387071e-01 6.602869e+02 6.443045e+02 
3.437475e-01 6.462303e+02 6.247127e+02 
3.487879e-01 6.294505e+02 6.059493e+02 
3.538283e-01 6.099921e+02 5.879695e+02 
3.588687e-01 5.885488e+02 5.707318e+02 
3.639091e-01 5.662843e+02 5.541969e+02 
3.689495e-01 5.445144e+02 5.383285e+02 
3.739899e-01 5.243541e+02 5.230922e+02 
3.790303e-01 5.065443e+02 5.084558e+02 
3.840707e-01 4.914037e+02 4.943894e+02 
3.891111e-01 4.788350e+02 4.808645e+02 
3.941515e-01 4.683554e+02 4.678545e+02 
3.991919e-01 4.592091e+02 4.553345e+02 
4.042323e-01 4.505917e+02 4.432808e+02 
4.092727e-01 4.418466e+02 4.316713e+02 
4.143131e-01 4.324931e+02 4.204850e+02 
4.193535e-01 4.222817e+02 4.097024e+02 
4.243939e-01 4.112234e+02 3.993047e+02 
4.294343e-01 3.995813e+02 3.892745e+02 
4.344747e-01 3.877966e+02 3.795950e+02 
4.395152e-01 3.763221e+02 3.702508e+02 
4.445556e-01 3.655055e+02 3.612268e+02 
4.495960e-01 3.556003e+02 3.525091e+02 
4.546364e-01 3.467329e+02 3.440845e+02 
4.596768e-01 3.388838e+02 3.359402e+02 
4.647172e-01 3.318634e+02 3.280645e+02 
4.697576e-01 3.253876e+02 3.204459e+02 
4.747980e-01 3.191822e+02 3.130737e+02 
4.798384e-01 3.130233e+02 3.059378e+02 
4.848788e-01 3.067305e+02 2.990285e+02 
4.899192e-01 3.002074e+02 2.923365e+02 
4.949596e-01 2.934590e+02 2.858531e+02 
5.000000e-01 2.865773e+02 2.795700e+02 
