1.000000e-03 3.419173e+03 3.419170e+03 
6.040404e-03 1.530417e+04 1.542066e+04 
1.108081e-02 2.098854e+04 2.111826e+04 
1.612121e-02 2.282773e+04 2.292751e+04 
2.116162e-02 2.230960e+04 2.223575e+04 
2.620202e-02 2.051097e+04 2.036529e+04 
3.124242e-02 1.822844e+04 1.832239e+04 
3.628283e-02 1.599385e+04 1.648827e+04 
4.132323e-02 1.409695e+04 1.490773e+04 
4.636364e-02 1.262314e+04 1.354204e+04 
5.140404e-02 1.156345e+04 1.234967e+04 
5.644444e-02 1.080290e+04 1.129919e+04 
6.148485e-02 1.021069e+04 1.036754e+04 
6.652525e-02 9.680139e+03 9.537237e+03 
7.156566e-02 9.117764e+03 8.794427e+03 
7.660606e-02 8.480726e+03 8.127769e+03 
8.164646e-02 7.777949e+03 7.527764e+03 
8.668687e-02 7.054355e+03 6.986344e+03 
9.172727e-02 6.362339e+03 6.496586e+03 
9.676768e-02 5.745495e+03 6.052519e+03 
1.018081e-01 5.234574e+03 5.648969e+03 
1.068485e-01 4.842512e+03 5.281435e+03 
1.118889e-01 4.559524e+03 4.945992e+03 
1.169293e-01 4.357199e+03 4.639212e+03 
1.219697e-01 4.199725e+03 4.358088e+03 
1.270101e-01 4.054883e+03 4.099979e+03 
1.320505e-01 3.898379e+03 3.862562e+03 
1.370909e-01 3.716266e+03 3.643786e+03 
1.421313e-01 3.506377e+03 3.441840e+03 
1.471717e-01 3.277078e+03 3.255116e+03 
1.522121e-01 3.043453e+03 3.082189e+03 
1.572525e-01 2.821910e+03 2.921790e+03 
1.622929e-01 2.626125e+03 2.772787e+03 
1.673333e-01 2.464621e+03 2.634171e+03 
1.723737e-01 2.338655e+03 2.505036e+03 
1.774141e-01 2.243189e+03 2.384571e+03 
1.824545e-01 2.169416e+03 2.272047e+03 
1.874949e-01 2.107275e+03 2.166808e+03 
1.925354e-01 2.047431e+03 2.068261e+03 
1.975758e-01 1.982158e+03 1.975874e+03 
2.026162e-01 1.907148e+03 1.889161e+03 
2.076566e-01 1.822570e+03 1.807684e+03 
2.126970e-01 1.731906e+03 1.731045e+03 
2.177374e-01 1.640186e+03 1.658883e+03 
2.227778e-01 1.552548e+03 1.590868e+03 
2.278182e-01 1.473231e+03 1.526698e+03 
2.328586e-01 1.405036e+03 1.466101e+03 
2.378990e-01 1.348548e+03 1.408824e+03 
2.429394e-01 1.302367e+03 1.354638e+03 
2.479798e-01 1.263831e+03 1.303332e+03 
2.530202e-01 1.229812e+03 1.254712e+03 
2.580606e-01 1.197245e+03 1.208600e+03 
2.631010e-01 1.163442e+03 1.164833e+03 
2.681414e-01 1.126812e+03 1.123260e+03 
2.731818e-01 1.087250e+03 1.083741e+03 
2.782222e-01 1.045839e+03 1.046148e+03 
2.832626e-01 1.004186e+03 1.010361e+03 
2.883030e-01 9.638499e+02 9.762711e+02 
2.933434e-01 9.261493e+02 9.437755e+02 
2.983838e-01 8.921136e+02 9.127797e+02 
3.034242e-01 8.622229e+02 8.831959e+02 
3.084646e-01 8.362294e+02 8.549423e+02 
3.135051e-01 8.132922e+02 8.279431e+02 
3.185455e-01 7.922850e+02 8.021273e+02 
3.235859e-01 7.722087e+02 7.774291e+02 
3.286263e-01 7.522605e+02 7.537869e+02 
3.336667e-01 7.319035e+02 7.311434e+02 
3.387071e-01 7.108877e+02 7.094448e+02 
3.437475e-01 6.893329e+02 6.886410e+02 
3.487879e-01 6.677025e+02 6.686850e+02 
3.538283e-01 6.465799e+02 6.495329e+02 
3.588687e-01 6.264660e+02 6.311433e+02 
3.639091e-01 6.076869e+02 6.134777e+02 
3.689495e-01 5.903686e+02 5.964997e+02 
3.739899e-01 5.744933e+02 5.801752e+02 
3.790303e-01 5.599219e+02 5.644721e+02 
3.840707e-01 5.463479e+02 5.493604e+02 
3.891111e-01 5.334109e+02 5.348116e+02 
3.941515e-01 5.207787e+02 5.207990e+02 
3.991919e-01 5.082350e+02 5.072973e+02 
4.042323e-01 4.956988e+02 4.942829e+02 
4.092727e-01 4.831650e+02 4.817332e+02 
4.143131e-01 4.707081e+02 4.696272e+02 
4.193535e-01 4.584718e+02 4.579447e+02 
4.243939e-01 4.466259e+02 4.466669e+02 
4.294343e-01 4.353092e+02 4.357759e+02 
4.344747e-01 4.245894e+02 4.252548e+02 
4.395152e-01 4.144739e+02 4.150874e+02 
4.445556e-01 4.049244e+02 4.052587e+02 
4.495960e-01 3.958588e+02 3.957542e+02 
4.546364e-01 3.871857e+02 3.865602e+02 
4.596768e-01 3.787922e+02 3.776638e+02 
4.647172e-01 3.705793e+02 3.690527e+02 
4.697576e-01 3.624918e+02 3.607152e+02 
4.747980e-01 3.545097e+02 3.526401e+02 
4.798384e-01 3.466560e+02 3.448170e+02 
4.848788e-01 3.389520e+02 3.372358e+02 
4.899192e-01 3.314386e+02 3.298868e+02 
4.949596e-01 3.241594e+02 3.227611e+02 
5.000000e-01 3.171479e+02 3.158500e+02 
