1.000000e-03 4.009757e+03 4.009754e+03 
6.040404e-03 1.743001e+04 1.756028e+04 
1.108081e-02 2.344130e+04 2.357481e+04 
1.612121e-02 2.508193e+04 2.515901e+04 
2.116162e-02 2.416391e+04 2.404634e+04 
2.620202e-02 2.194649e+04 2.181024e+04 
3.124242e-02 1.932364e+04 1.951146e+04 
3.628283e-02 1.685997e+04 1.748922e+04 
4.132323e-02 1.483426e+04 1.575768e+04 
4.636364e-02 1.329883e+04 1.426572e+04 
5.140404e-02 1.221421e+04 1.296658e+04 
5.644444e-02 1.142111e+04 1.182571e+04 
6.148485e-02 1.078119e+04 1.081755e+04 
6.652525e-02 1.016415e+04 9.922473e+03 
7.156566e-02 9.492467e+03 9.124772e+03 
7.660606e-02 8.742783e+03 8.411516e+03 
8.164646e-02 7.944360e+03 7.771867e+03 
8.668687e-02 7.154595e+03 7.196634e+03 
9.172727e-02 6.430276e+03 6.677961e+03 
9.676768e-02 5.814298e+03 6.209102e+03 
1.018081e-01 5.329640e+03 5.784235e+03 
1.068485e-01 4.973335e+03 5.398327e+03 
1.118889e-01 4.718797e+03 5.047006e+03 
1.169293e-01 4.527450e+03 4.726471e+03 
1.219697e-01 4.360901e+03 4.433404e+03 
1.270101e-01 4.188537e+03 4.164903e+03 
1.320505e-01 3.990837e+03 3.918425e+03 
1.370909e-01 3.762699e+03 3.691734e+03 
1.421313e-01 3.512984e+03 3.482861e+03 
1.471717e-01 3.258067e+03 3.290065e+03 
1.522121e-01 3.015452e+03 3.111807e+03 
1.572525e-01 2.800081e+03 2.946722e+03 
1.622929e-01 2.621818e+03 2.793595e+03 
1.673333e-01 2.482972e+03 2.651344e+03 
1.723737e-01 2.377828e+03 2.519003e+03 
1.774141e-01 2.295732e+03 2.395708e+03 
1.824545e-01 2.225252e+03 2.280685e+03 
1.874949e-01 2.156511e+03 2.173237e+03 
1.925354e-01 2.081959e+03 2.072738e+03 
1.975758e-01 1.997344e+03 1.978623e+03 
2.026162e-01 1.903201e+03 1.890383e+03 
2.076566e-01 1.803921e+03 1.807556e+03 
2.126970e-01 1.705518e+03 1.729724e+03 
2.177374e-01 1.613438e+03 1.656507e+03 
2.227778e-01 1.531612e+03 1.587561e+03 
2.278182e-01 1.461983e+03 1.522571e+03 
2.328586e-01 1.404423e+03 1.461250e+03 
2.378990e-01 1.356943e+03 1.403338e+03 
2.429394e-01 1.316401e+03 1.348594e+03 
2.479798e-01 1.279247e+03 1.296800e+03 
2.530202e-01 1.242204e+03 1.247755e+03 
2.580606e-01 1.203040e+03 1.201273e+03 
2.631010e-01 1.161039e+03 1.157186e+03 
2.681414e-01 1.116850e+03 1.115337e+03 
2.731818e-01 1.071916e+03 1.075582e+03 
2.782222e-01 1.027903e+03 1.037788e+03 
2.832626e-01 9.863658e+02 1.001833e+03 
2.883030e-01 9.485288e+02 9.676037e+02 
2.933434e-01 9.150175e+02 9.349942e+02 
2.983838e-01 8.856567e+02 9.039077e+02 
3.034242e-01 8.596571e+02 8.742539e+02 
3.084646e-01 8.359832e+02 8.459487e+02 
3.135051e-01 8.135718e+02 8.189145e+02 
3.185455e-01 7.914933e+02 7.930785e+02 
3.235859e-01 7.691106e+02 7.683735e+02 
3.286263e-01 7.461795e+02 7.447363e+02 
3.336667e-01 7.228890e+02 7.221083e+02 
3.387071e-01 6.996812e+02 7.004348e+02 
3.437475e-01 6.770757e+02 6.796645e+02 
3.487879e-01 6.555555e+02 6.597494e+02 
3.538283e-01 6.354618e+02 6.406449e+02 
3.588687e-01 6.169437e+02 6.223088e+02 
3.639091e-01 5.999366e+02 6.047018e+02 
3.689495e-01 5.841948e+02 5.877871e+02 
3.739899e-01 5.693969e+02 5.715299e+02 
3.790303e-01 5.552268e+02 5.558976e+02 
3.840707e-01 5.414134e+02 5.408597e+02 
3.891111e-01 5.277369e+02 5.263874e+02 
3.941515e-01 5.140956e+02 5.124535e+02 
3.991919e-01 5.005317e+02 4.990325e+02 
4.042323e-01 4.871920e+02 4.861003e+02 
4.092727e-01 4.742316e+02 4.736342e+02 
4.143131e-01 4.617643e+02 4.616129e+02 
4.193535e-01 4.498745e+02 4.500159e+02 
4.243939e-01 4.386121e+02 4.388243e+02 
4.294343e-01 4.279875e+02 4.280200e+02 
4.344747e-01 4.179222e+02 4.175858e+02 
4.395152e-01 4.082980e+02 4.075056e+02 
4.445556e-01 3.990090e+02 3.977640e+02 
4.495960e-01 3.899759e+02 3.883465e+02 
4.546364e-01 3.811489e+02 3.792394e+02 
4.596768e-01 3.724795e+02 3.704295e+02 
4.647172e-01 3.639529e+02 3.619046e+02 
4.697576e-01 3.555949e+02 3.536527e+02 
4.747980e-01 3.474645e+02 3.456628e+02 
4.798384e-01 3.396038e+02 3.379242e+02 
4.848788e-01 3.320269e+02 3.304268e+02 
4.899192e-01 3.247329e+02 3.231611e+02 
4.949596e-01 3.177226e+02 3.161178e+02 
5.000000e-01 3.109962e+02 3.092882e+02 
