1.000000e-03 3.942016e+03 3.942013e+03 
6.040404e-03 1.675734e+04 1.688105e+04 
1.108081e-02 2.236008e+04 2.246684e+04 
1.612121e-02 2.384779e+04 2.387735e+04 
2.116162e-02 2.298160e+04 2.284159e+04 
2.620202e-02 2.094377e+04 2.082415e+04 
3.124242e-02 1.855024e+04 1.874519e+04 
3.628283e-02 1.630541e+04 1.688942e+04 
4.132323e-02 1.445216e+04 1.527470e+04 
4.636364e-02 1.303289e+04 1.386525e+04 
5.140404e-02 1.199919e+04 1.262642e+04 
5.644444e-02 1.121373e+04 1.153134e+04 
6.148485e-02 1.054760e+04 1.055917e+04 
6.652525e-02 9.894747e+03 9.693185e+03 
7.156566e-02 9.196254e+03 8.919514e+03 
7.660606e-02 8.442024e+03 8.226461e+03 
8.164646e-02 7.665754e+03 7.604031e+03 
8.668687e-02 6.919879e+03 7.043640e+03 
9.172727e-02 6.251214e+03 6.537876e+03 
9.676768e-02 5.691182e+03 6.080331e+03 
1.018081e-01 5.252869e+03 5.665448e+03 
1.068485e-01 4.926443e+03 5.288397e+03 
1.118889e-01 4.682547e+03 4.944975e+03 
1.169293e-01 4.484284e+03 4.631515e+03 
1.219697e-01 4.298904e+03 4.344811e+03 
1.270101e-01 4.102990e+03 4.082055e+03 
1.320505e-01 3.884756e+03 3.840781e+03 
1.370909e-01 3.645402e+03 3.618819e+03 
1.421313e-01 3.396524e+03 3.414256e+03 
1.471717e-01 3.153591e+03 3.225399e+03 
1.522121e-01 2.930446e+03 3.050751e+03 
1.572525e-01 2.737378e+03 2.888982e+03 
1.622929e-01 2.579802e+03 2.738907e+03 
1.673333e-01 2.456119e+03 2.599473e+03 
1.723737e-01 2.358302e+03 2.469737e+03 
1.774141e-01 2.275603e+03 2.348855e+03 
1.824545e-01 2.198478e+03 2.236072e+03 
1.874949e-01 2.119822e+03 2.130706e+03 
1.925354e-01 2.035029e+03 2.032147e+03 
1.975758e-01 1.942859e+03 1.939842e+03 
2.026162e-01 1.845763e+03 1.853293e+03 
2.076566e-01 1.748665e+03 1.772049e+03 
2.126970e-01 1.656643e+03 1.695700e+03 
2.177374e-01 1.573327e+03 1.623875e+03 
2.227778e-01 1.500634e+03 1.556237e+03 
2.278182e-01 1.438759e+03 1.492478e+03 
2.328586e-01 1.386340e+03 1.432317e+03 
2.378990e-01 1.340873e+03 1.375498e+03 
2.429394e-01 1.299391e+03 1.321787e+03 
2.479798e-01 1.259107e+03 1.270969e+03 
2.530202e-01 1.217953e+03 1.222847e+03 
2.580606e-01 1.175024e+03 1.177240e+03 
2.631010e-01 1.130660e+03 1.133982e+03 
2.681414e-01 1.086031e+03 1.092921e+03 
2.731818e-01 1.042521e+03 1.053913e+03 
2.782222e-01 1.001347e+03 1.016831e+03 
2.832626e-01 9.634330e+02 9.815526e+02 
2.883030e-01 9.292630e+02 9.479673e+02 
2.933434e-01 8.987373e+02 9.159720e+02 
2.983838e-01 8.712365e+02 8.854713e+02 
3.034242e-01 8.458829e+02 8.563765e+02 
3.084646e-01 8.218088e+02 8.286055e+02 
3.135051e-01 7.982895e+02 8.020819e+02 
3.185455e-01 7.748352e+02 7.767344e+02 
3.235859e-01 7.512550e+02 7.524968e+02 
3.286263e-01 7.276892e+02 7.293074e+02 
3.336667e-01 7.044762e+02 7.071087e+02 
3.387071e-01 6.820150e+02 6.858467e+02 
3.437475e-01 6.606497e+02 6.654713e+02 
3.487879e-01 6.406034e+02 6.459355e+02 
3.538283e-01 6.219544e+02 6.271952e+02 
3.588687e-01 6.046155e+02 6.092093e+02 
3.639091e-01 5.883646e+02 5.919391e+02 
3.689495e-01 5.729386e+02 5.753483e+02 
3.739899e-01 5.581015e+02 5.594030e+02 
3.790303e-01 5.436684e+02 5.440711e+02 
3.840707e-01 5.294939e+02 5.293227e+02 
3.891111e-01 5.155152e+02 5.151294e+02 
3.941515e-01 5.017658e+02 5.014646e+02 
3.991919e-01 4.883577e+02 4.883033e+02 
4.042323e-01 4.754062e+02 4.756217e+02 
4.092727e-01 4.629842e+02 4.633977e+02 
4.143131e-01 4.511202e+02 4.516102e+02 
4.193535e-01 4.398229e+02 4.402393e+02 
4.243939e-01 4.290791e+02 4.292663e+02 
4.294343e-01 4.188266e+02 4.186733e+02 
4.344747e-01 4.089683e+02 4.084436e+02 
4.395152e-01 3.994192e+02 3.985614e+02 
4.445556e-01 3.901303e+02 3.890115e+02 
4.495960e-01 3.810805e+02 3.797796e+02 
4.546364e-01 3.722463e+02 3.708524e+02 
4.596768e-01 3.636180e+02 3.622169e+02 
4.647172e-01 3.552130e+02 3.538610e+02 
4.697576e-01 3.470620e+02 3.457731e+02 
4.747980e-01 3.392001e+02 3.379423e+02 
4.798384e-01 3.316194e+02 3.303581e+02 
4.848788e-01 3.243058e+02 3.230106e+02 
4.899192e-01 3.172576e+02 3.158904e+02 
4.949596e-01 3.104576e+02 3.089885e+02 
5.000000e-01 3.038785e+02 3.022963e+02 
