1.000000e-03 3.794506e+03 3.794503e+03 
6.040404e-03 1.705066e+04 1.718427e+04 
1.108081e-02 2.347102e+04 2.365236e+04 
1.612121e-02 2.555134e+04 2.575394e+04 
2.116162e-02 2.490478e+04 2.490261e+04 
2.620202e-02 2.273664e+04 2.254638e+04 
3.124242e-02 1.997040e+04 1.996055e+04 
3.628283e-02 1.724420e+04 1.768983e+04 
4.132323e-02 1.492000e+04 1.579829e+04 
4.636364e-02 1.311812e+04 1.421652e+04 
5.140404e-02 1.184561e+04 1.287183e+04 
5.644444e-02 1.098082e+04 1.171104e+04 
6.148485e-02 1.037184e+04 1.069724e+04 
6.652525e-02 9.889554e+03 9.804175e+03 
7.156566e-02 9.406492e+03 9.012402e+03 
7.660606e-02 8.842939e+03 8.306874e+03 
8.164646e-02 8.177207e+03 7.675572e+03 
8.668687e-02 7.440202e+03 7.108659e+03 
9.172727e-02 6.688069e+03 6.597938e+03 
9.676768e-02 5.978770e+03 6.136497e+03 
1.018081e-01 5.360996e+03 5.718452e+03 
1.068485e-01 4.867213e+03 5.338757e+03 
1.118889e-01 4.505558e+03 4.993066e+03 
1.169293e-01 4.259231e+03 4.677613e+03 
1.219697e-01 4.095771e+03 4.389124e+03 
1.270101e-01 3.977695e+03 4.124745e+03 
1.320505e-01 3.870746e+03 3.881975e+03 
1.370909e-01 3.747163e+03 3.658623e+03 
1.421313e-01 3.589602e+03 3.452755e+03 
1.471717e-01 3.394039e+03 3.262669e+03 
1.522121e-01 3.169023e+03 3.086856e+03 
1.572525e-01 2.931342e+03 2.923979e+03 
1.622929e-01 2.700685e+03 2.772848e+03 
1.673333e-01 2.494654e+03 2.632405e+03 
1.723737e-01 2.324679e+03 2.501702e+03 
1.774141e-01 2.194254e+03 2.379894e+03 
1.824545e-01 2.099937e+03 2.266222e+03 
1.874949e-01 2.033761e+03 2.160003e+03 
1.925354e-01 1.985364e+03 2.060624e+03 
1.975758e-01 1.943351e+03 1.967530e+03 
2.026162e-01 1.897160e+03 1.880222e+03 
2.076566e-01 1.839603e+03 1.798247e+03 
2.126970e-01 1.768234e+03 1.721194e+03 
2.177374e-01 1.684991e+03 1.648692e+03 
2.227778e-01 1.594601e+03 1.580400e+03 
2.278182e-01 1.503108e+03 1.516011e+03 
2.328586e-01 1.416805e+03 1.455243e+03 
2.378990e-01 1.340764e+03 1.397838e+03 
2.429394e-01 1.277720e+03 1.343562e+03 
2.479798e-01 1.227885e+03 1.292198e+03 
2.530202e-01 1.189517e+03 1.243549e+03 
2.580606e-01 1.159615e+03 1.197433e+03 
2.631010e-01 1.134425e+03 1.153684e+03 
2.681414e-01 1.109994e+03 1.112147e+03 
2.731818e-01 1.083058e+03 1.072680e+03 
2.782222e-01 1.051845e+03 1.035154e+03 
2.832626e-01 1.016206e+03 9.994459e+02 
2.883030e-01 9.772040e+02 9.654451e+02 
2.933434e-01 9.365562e+02 9.330478e+02 
2.983838e-01 8.962972e+02 9.021580e+02 
3.034242e-01 8.584453e+02 8.726865e+02 
3.084646e-01 8.246259e+02 8.445506e+02 
3.135051e-01 7.956557e+02 8.176735e+02 
3.185455e-01 7.714149e+02 7.919836e+02 
3.235859e-01 7.510944e+02 7.674141e+02 
3.286263e-01 7.335218e+02 7.439030e+02 
3.336667e-01 7.174175e+02 7.213923e+02 
3.387071e-01 7.015672e+02 6.998278e+02 
3.437475e-01 6.849753e+02 6.791588e+02 
3.487879e-01 6.670579e+02 6.593381e+02 
3.538283e-01 6.477726e+02 6.403213e+02 
3.588687e-01 6.275507e+02 6.220669e+02 
3.639091e-01 6.070848e+02 6.045360e+02 
3.689495e-01 5.870923e+02 5.876920e+02 
3.739899e-01 5.681749e+02 5.715006e+02 
3.790303e-01 5.507864e+02 5.559297e+02 
3.840707e-01 5.351746e+02 5.409489e+02 
3.891111e-01 5.213425e+02 5.265296e+02 
3.941515e-01 5.090134e+02 5.126451e+02 
3.991919e-01 4.977540e+02 4.992701e+02 
4.042323e-01 4.870814e+02 4.863807e+02 
4.092727e-01 4.765763e+02 4.739544e+02 
4.143131e-01 4.659467e+02 4.619700e+02 
4.193535e-01 4.550253e+02 4.504074e+02 
4.243939e-01 4.437873e+02 4.392477e+02 
4.294343e-01 4.323510e+02 4.284730e+02 
4.344747e-01 4.209351e+02 4.180662e+02 
4.395152e-01 4.097938e+02 4.080115e+02 
4.445556e-01 3.991450e+02 3.982935e+02 
4.495960e-01 3.891344e+02 3.888978e+02 
4.546364e-01 3.798265e+02 3.798108e+02 
4.596768e-01 3.712124e+02 3.710196e+02 
4.647172e-01 3.632165e+02 3.625118e+02 
4.697576e-01 3.556919e+02 3.542758e+02 
4.747980e-01 3.484741e+02 3.463005e+02 
4.798384e-01 3.414107e+02 3.385753e+02 
4.848788e-01 3.343921e+02 3.310901e+02 
4.899192e-01 3.273685e+02 3.238356e+02 
4.949596e-01 3.203243e+02 3.168025e+02 
5.000000e-01 3.132952e+02 3.099823e+02 
