1.000000e-03 5.238444e+03 5.238440e+03 
6.040404e-03 2.252673e+04 2.270120e+04 
1.108081e-02 2.998934e+04 3.022895e+04 
1.612121e-02 3.165603e+04 3.189802e+04 
2.116162e-02 2.993000e+04 2.986981e+04 
2.620202e-02 2.652007e+04 2.630268e+04 
3.124242e-02 2.266111e+04 2.281328e+04 
3.628283e-02 1.913335e+04 1.991515e+04 
4.132323e-02 1.631176e+04 1.757280e+04 
4.636364e-02 1.425316e+04 1.565147e+04 
5.140404e-02 1.289383e+04 1.404224e+04 
5.644444e-02 1.200635e+04 1.267093e+04 
6.148485e-02 1.138283e+04 1.148728e+04 
6.652525e-02 1.082869e+04 1.045589e+04 
7.156566e-02 1.021095e+04 9.550641e+03 
7.660606e-02 9.463061e+03 8.751488e+03 
8.164646e-02 8.594141e+03 8.042562e+03 
8.668687e-02 7.670856e+03 7.411018e+03 
9.172727e-02 6.779532e+03 6.846285e+03 
9.676768e-02 5.996800e+03 6.339556e+03 
1.018081e-01 5.371580e+03 5.883426e+03 
1.068485e-01 4.917420e+03 5.471623e+03 
1.118889e-01 4.615225e+03 5.098798e+03 
1.169293e-01 4.425102e+03 4.760373e+03 
1.219697e-01 4.299002e+03 4.452403e+03 
1.270101e-01 4.188775e+03 4.171481e+03 
1.320505e-01 4.054594e+03 3.914652e+03 
1.370909e-01 3.873762e+03 3.679340e+03 
1.421313e-01 3.643846e+03 3.463300e+03 
1.471717e-01 3.378145e+03 3.264559e+03 
1.522121e-01 3.098724e+03 3.081389e+03 
1.572525e-01 2.831319e+03 2.912264e+03 
1.622929e-01 2.599020e+03 2.755835e+03 
1.673333e-01 2.415201e+03 2.610909e+03 
1.723737e-01 2.281092e+03 2.476425e+03 
1.774141e-01 2.188906e+03 2.351439e+03 
1.824545e-01 2.126680e+03 2.235109e+03 
1.874949e-01 2.080797e+03 2.126681e+03 
1.925354e-01 2.036806e+03 2.025481e+03 
1.975758e-01 1.982255e+03 1.930902e+03 
2.026162e-01 1.910320e+03 1.842398e+03 
2.076566e-01 1.821259e+03 1.759478e+03 
2.126970e-01 1.720495e+03 1.681698e+03 
2.177374e-01 1.615572e+03 1.608656e+03 
2.227778e-01 1.514431e+03 1.539988e+03 
2.278182e-01 1.424111e+03 1.475362e+03 
2.328586e-01 1.349135e+03 1.414479e+03 
2.378990e-01 1.290670e+03 1.357063e+03 
2.429394e-01 1.246924e+03 1.302867e+03 
2.479798e-01 1.214031e+03 1.251660e+03 
2.530202e-01 1.187101e+03 1.203235e+03 
2.580606e-01 1.161182e+03 1.157400e+03 
2.631010e-01 1.132271e+03 1.113980e+03 
2.681414e-01 1.098125e+03 1.072813e+03 
2.731818e-01 1.058445e+03 1.033751e+03 
2.782222e-01 1.014623e+03 9.966579e+02 
2.832626e-01 9.690127e+02 9.614077e+02 
2.883030e-01 9.242965e+02 9.278842e+02 
2.933434e-01 8.829585e+02 8.959800e+02 
2.983838e-01 8.467490e+02 8.655958e+02 
3.034242e-01 8.163545e+02 8.366396e+02 
3.084646e-01 7.913911e+02 8.090262e+02 
3.135051e-01 7.706768e+02 7.826765e+02 
3.185455e-01 7.526270e+02 7.575169e+02 
3.235859e-01 7.356128e+02 7.334792e+02 
3.286263e-01 7.182339e+02 7.104997e+02 
3.336667e-01 6.995217e+02 6.885191e+02 
3.387071e-01 6.790991e+02 6.674822e+02 
3.437475e-01 6.572662e+02 6.473375e+02 
3.487879e-01 6.347911e+02 6.280368e+02 
3.538283e-01 6.125608e+02 6.095351e+02 
3.588687e-01 5.913805e+02 5.917902e+02 
3.639091e-01 5.718632e+02 5.747628e+02 
3.689495e-01 5.543966e+02 5.584158e+02 
3.739899e-01 5.390284e+02 5.427147e+02 
3.790303e-01 5.254799e+02 5.276270e+02 
3.840707e-01 5.132262e+02 5.131220e+02 
3.891111e-01 5.016805e+02 4.991711e+02 
3.941515e-01 4.903576e+02 4.857474e+02 
3.991919e-01 4.788778e+02 4.728254e+02 
4.042323e-01 4.670378e+02 4.603812e+02 
4.092727e-01 4.548129e+02 4.483922e+02 
4.143131e-01 4.423894e+02 4.368374e+02 
4.193535e-01 4.300425e+02 4.256964e+02 
4.243939e-01 4.180488e+02 4.149506e+02 
4.294343e-01 4.066457e+02 4.045819e+02 
4.344747e-01 3.960044e+02 3.945735e+02 
4.395152e-01 3.861891e+02 3.849095e+02 
4.445556e-01 3.771455e+02 3.755746e+02 
4.495960e-01 3.687427e+02 3.665546e+02 
4.546364e-01 3.607965e+02 3.578359e+02 
4.596768e-01 3.531169e+02 3.494057e+02 
4.647172e-01 3.455552e+02 3.412517e+02 
4.697576e-01 3.380067e+02 3.333624e+02 
4.747980e-01 3.304270e+02 3.257269e+02 
4.798384e-01 3.228336e+02 3.183347e+02 
4.848788e-01 3.153040e+02 3.111759e+02 
4.899192e-01 3.079387e+02 3.042410e+02 
4.949596e-01 3.008110e+02 2.975212e+02 
5.000000e-01 2.939817e+02 2.910079e+02 
