1.000000e-03 3.722688e+03 3.722685e+03 
6.040404e-03 1.671419e+04 1.683941e+04 
1.108081e-02 2.268904e+04 2.281801e+04 
1.612121e-02 2.440174e+04 2.447579e+04 
2.116162e-02 2.358661e+04 2.347078e+04 
2.620202e-02 2.147206e+04 2.133989e+04 
3.124242e-02 1.893887e+04 1.912851e+04 
3.628283e-02 1.654793e+04 1.717531e+04 
4.132323e-02 1.457963e+04 1.549834e+04 
4.636364e-02 1.308947e+04 1.405007e+04 
5.140404e-02 1.203962e+04 1.278639e+04 
5.644444e-02 1.127652e+04 1.167461e+04 
6.148485e-02 1.065959e+04 1.069053e+04 
6.652525e-02 1.006137e+04 9.815528e+03 
7.156566e-02 9.406283e+03 9.034662e+03 
7.660606e-02 8.670959e+03 8.335596e+03 
8.164646e-02 7.884201e+03 7.707965e+03 
8.668687e-02 7.103405e+03 7.142949e+03 
9.172727e-02 6.386782e+03 6.632996e+03 
9.676768e-02 5.777998e+03 6.171602e+03 
1.018081e-01 5.300035e+03 5.753146e+03 
1.068485e-01 4.949644e+03 5.372757e+03 
1.118889e-01 4.700291e+03 5.026200e+03 
1.169293e-01 4.513589e+03 4.709784e+03 
1.219697e-01 4.351348e+03 4.420286e+03 
1.270101e-01 4.182473e+03 4.154883e+03 
1.320505e-01 3.987192e+03 3.911096e+03 
1.370909e-01 3.760761e+03 3.686747e+03 
1.421313e-01 3.512390e+03 3.479912e+03 
1.471717e-01 3.258587e+03 3.288892e+03 
1.522121e-01 3.016795e+03 3.112182e+03 
1.572525e-01 2.802147e+03 2.948446e+03 
1.622929e-01 2.624820e+03 2.796494e+03 
1.673333e-01 2.487211e+03 2.655267e+03 
1.723737e-01 2.383374e+03 2.523817e+03 
1.774141e-01 2.302355e+03 2.401296e+03 
1.824545e-01 2.232830e+03 2.286944e+03 
1.874949e-01 2.164913e+03 2.180077e+03 
1.925354e-01 2.090975e+03 2.080079e+03 
1.975758e-01 2.006721e+03 1.986395e+03 
2.026162e-01 1.912630e+03 1.898523e+03 
2.076566e-01 1.813297e+03 1.816010e+03 
2.126970e-01 1.714865e+03 1.738443e+03 
2.177374e-01 1.622819e+03 1.665448e+03 
2.227778e-01 1.541047e+03 1.596686e+03 
2.278182e-01 1.471499e+03 1.531846e+03 
2.328586e-01 1.414086e+03 1.470646e+03 
2.378990e-01 1.366852e+03 1.412827e+03 
2.429394e-01 1.326558e+03 1.358153e+03 
2.479798e-01 1.289545e+03 1.306408e+03 
2.530202e-01 1.252558e+03 1.257393e+03 
2.580606e-01 1.213407e+03 1.210925e+03 
2.631010e-01 1.171375e+03 1.166837e+03 
2.681414e-01 1.127088e+03 1.124975e+03 
2.731818e-01 1.081988e+03 1.085195e+03 
2.782222e-01 1.037807e+03 1.047366e+03 
2.832626e-01 9.961679e+02 1.011367e+03 
2.883030e-01 9.582816e+02 9.770861e+02 
2.933434e-01 9.247158e+02 9.444182e+02 
2.983838e-01 8.952798e+02 9.132671e+02 
3.034242e-01 8.692395e+02 8.835434e+02 
3.084646e-01 8.455484e+02 8.551640e+02 
3.135051e-01 8.230989e+02 8.280514e+02 
3.185455e-01 8.009375e+02 8.021338e+02 
3.235859e-01 7.784345e+02 7.773442e+02 
3.286263e-01 7.553976e+02 7.536201e+02 
3.336667e-01 7.320075e+02 7.309031e+02 
3.387071e-01 7.086720e+02 7.091388e+02 
3.437475e-01 6.859248e+02 6.882764e+02 
3.487879e-01 6.642787e+02 6.682681e+02 
3.538283e-01 6.440954e+02 6.490696e+02 
3.588687e-01 6.254987e+02 6.306389e+02 
3.639091e-01 6.083998e+02 6.129369e+02 
3.689495e-01 5.925449e+02 5.959269e+02 
3.739899e-01 5.776616e+02 5.795745e+02 
3.790303e-01 5.634203e+02 5.638471e+02 
3.840707e-01 5.495150e+02 5.487142e+02 
3.891111e-01 5.357209e+02 5.341473e+02 
3.941515e-01 5.219615e+02 5.201193e+02 
3.991919e-01 5.083008e+02 5.066048e+02 
4.042323e-01 4.948715e+02 4.935796e+02 
4.092727e-01 4.818089e+02 4.810213e+02 
4.143131e-01 4.692290e+02 4.689085e+02 
4.193535e-01 4.572373e+02 4.572209e+02 
4.243939e-01 4.458956e+02 4.459395e+02 
4.294343e-01 4.351863e+02 4.350463e+02 
4.344747e-01 4.250314e+02 4.245241e+02 
4.395152e-01 4.153114e+02 4.143569e+02 
4.445556e-01 4.059374e+02 4.045293e+02 
4.495960e-01 3.968249e+02 3.950269e+02 
4.546364e-01 3.879109e+02 3.858358e+02 
4.596768e-01 3.791465e+02 3.769431e+02 
4.647172e-01 3.705225e+02 3.683363e+02 
4.697576e-01 3.620875e+02 3.600036e+02 
4.747980e-01 3.538837e+02 3.519340e+02 
4.798384e-01 3.459351e+02 3.441168e+02 
4.848788e-01 3.382666e+02 3.365419e+02 
4.899192e-01 3.308944e+02 3.291997e+02 
4.949596e-01 3.238189e+02 3.220810e+02 
5.000000e-01 3.170181e+02 3.151772e+02 
