1.000000e-03 4.453896e+03 4.453892e+03 
6.040404e-03 1.989829e+04 2.005664e+04 
1.108081e-02 2.723973e+04 2.748022e+04 
1.612121e-02 2.944230e+04 2.974835e+04 
2.116162e-02 2.841886e+04 2.847210e+04 
2.620202e-02 2.561311e+04 2.537132e+04 
3.124242e-02 2.214035e+04 2.205274e+04 
3.628283e-02 1.877079e+04 1.921724e+04 
4.132323e-02 1.593585e+04 1.692699e+04 
4.636364e-02 1.377176e+04 1.506666e+04 
5.140404e-02 1.227904e+04 1.352344e+04 
5.644444e-02 1.130316e+04 1.221725e+04 
6.148485e-02 1.066631e+04 1.109415e+04 
6.652525e-02 1.020289e+04 1.011714e+04 
7.156566e-02 9.755602e+03 9.259732e+03 
7.660606e-02 9.219012e+03 8.502175e+03 
8.164646e-02 8.552683e+03 7.829169e+03 
8.668687e-02 7.779825e+03 7.228534e+03 
9.172727e-02 6.960497e+03 6.690354e+03 
9.676768e-02 6.165786e+03 6.206429e+03 
1.018081e-01 5.460973e+03 5.769892e+03 
1.068485e-01 4.891899e+03 5.374938e+03 
1.118889e-01 4.474673e+03 5.016623e+03 
1.169293e-01 4.196061e+03 4.690709e+03 
1.219697e-01 4.023942e+03 4.393543e+03 
1.270101e-01 3.918619e+03 4.121965e+03 
1.320505e-01 3.839820e+03 3.873227e+03 
1.370909e-01 3.751057e+03 3.644934e+03 
1.421313e-01 3.625492e+03 3.434987e+03 
1.471717e-01 3.451403e+03 3.241545e+03 
1.522121e-01 3.233160e+03 3.062984e+03 
1.572525e-01 2.987164e+03 2.897874e+03 
1.622929e-01 2.736214e+03 2.744944e+03 
1.673333e-01 2.503152e+03 2.603069e+03 
1.723737e-01 2.305410e+03 2.471246e+03 
1.774141e-01 2.151471e+03 2.348582e+03 
1.824545e-01 2.041307e+03 2.234277e+03 
1.874949e-01 1.968521e+03 2.127616e+03 
1.925354e-01 1.922713e+03 2.027954e+03 
1.975758e-01 1.891129e+03 1.934715e+03 
2.026162e-01 1.860541e+03 1.847376e+03 
2.076566e-01 1.820081e+03 1.765467e+03 
2.126970e-01 1.763456e+03 1.688563e+03 
2.177374e-01 1.689593e+03 1.616278e+03 
2.227778e-01 1.601892e+03 1.548261e+03 
2.278182e-01 1.506807e+03 1.484194e+03 
2.328586e-01 1.412214e+03 1.423788e+03 
2.378990e-01 1.325372e+03 1.366778e+03 
2.429394e-01 1.251325e+03 1.312922e+03 
2.479798e-01 1.192362e+03 1.261999e+03 
2.530202e-01 1.148314e+03 1.213808e+03 
2.580606e-01 1.116902e+03 1.168163e+03 
2.631010e-01 1.094195e+03 1.124893e+03 
2.681414e-01 1.075357e+03 1.083842e+03 
2.731818e-01 1.055815e+03 1.044865e+03 
2.782222e-01 1.032288e+03 1.007830e+03 
2.832626e-01 1.003147e+03 9.726138e+02 
2.883030e-01 9.682883e+02 9.391030e+02 
2.933434e-01 9.288790e+02 9.071928e+02 
2.983838e-01 8.871522e+02 8.767861e+02 
3.034242e-01 8.458832e+02 8.477929e+02 
3.084646e-01 8.076663e+02 8.201298e+02 
3.135051e-01 7.742836e+02 7.937192e+02 
3.185455e-01 7.464455e+02 7.684890e+02 
3.235859e-01 7.239864e+02 7.443721e+02 
3.286263e-01 7.060541e+02 7.213060e+02 
3.336667e-01 6.913230e+02 6.992324e+02 
3.387071e-01 6.781471e+02 6.780971e+02 
3.437475e-01 6.649142e+02 6.578492e+02 
3.487879e-01 6.503894e+02 6.384414e+02 
3.538283e-01 6.339589e+02 6.198292e+02 
3.588687e-01 6.156464e+02 6.019710e+02 
3.639091e-01 5.958935e+02 5.848281e+02 
3.689495e-01 5.754779e+02 5.683638e+02 
3.739899e-01 5.552821e+02 5.525439e+02 
3.790303e-01 5.361882e+02 5.373363e+02 
3.840707e-01 5.188800e+02 5.227108e+02 
3.891111e-01 5.036786e+02 5.086390e+02 
3.941515e-01 4.905545e+02 4.950941e+02 
3.991919e-01 4.792173e+02 4.820510e+02 
4.042323e-01 4.691891e+02 4.694859e+02 
4.092727e-01 4.598967e+02 4.573765e+02 
4.143131e-01 4.507792e+02 4.457018e+02 
4.193535e-01 4.413781e+02 4.344417e+02 
4.243939e-01 4.314338e+02 4.235776e+02 
4.294343e-01 4.209179e+02 4.130916e+02 
4.344747e-01 4.099665e+02 4.029669e+02 
4.395152e-01 3.988306e+02 3.931876e+02 
4.445556e-01 3.878026e+02 3.837387e+02 
4.495960e-01 3.771929e+02 3.746060e+02 
4.546364e-01 3.672730e+02 3.657758e+02 
4.596768e-01 3.581790e+02 3.572355e+02 
4.647172e-01 3.499299e+02 3.489728e+02 
4.697576e-01 3.424205e+02 3.409763e+02 
4.747980e-01 3.355041e+02 3.332349e+02 
4.798384e-01 3.289761e+02 3.257383e+02 
4.848788e-01 3.226441e+02 3.184765e+02 
4.899192e-01 3.163295e+02 3.114402e+02 
4.949596e-01 3.099086e+02 3.046205e+02 
5.000000e-01 3.033485e+02 2.980087e+02 
