1.000000e-03 2.621144e+03 2.621141e+03 
6.040404e-03 1.172356e+04 1.180639e+04 
1.108081e-02 1.602953e+04 1.604656e+04 
1.612121e-02 1.755121e+04 1.745082e+04 
2.116162e-02 1.747805e+04 1.728578e+04 
2.620202e-02 1.657230e+04 1.643800e+04 
3.124242e-02 1.533652e+04 1.538361e+04 
3.628283e-02 1.407422e+04 1.430230e+04 
4.132323e-02 1.293582e+04 1.325711e+04 
4.636364e-02 1.195842e+04 1.227248e+04 
5.140404e-02 1.113053e+04 1.135787e+04 
5.644444e-02 1.039121e+04 1.051542e+04 
6.148485e-02 9.695620e+03 9.743430e+03 
6.652525e-02 9.017895e+03 9.038110e+03 
7.156566e-02 8.346961e+03 8.394693e+03 
7.660606e-02 7.695905e+03 7.808066e+03 
8.164646e-02 7.090669e+03 7.273138e+03 
8.668687e-02 6.551295e+03 6.785046e+03 
9.172727e-02 6.083133e+03 6.339263e+03 
9.676768e-02 5.683604e+03 5.931638e+03 
1.018081e-01 5.345829e+03 5.558407e+03 
1.068485e-01 5.055210e+03 5.216176e+03 
1.118889e-01 4.790725e+03 4.901901e+03 
1.169293e-01 4.535248e+03 4.612856e+03 
1.219697e-01 4.282177e+03 4.346608e+03 
1.270101e-01 4.032740e+03 4.100981e+03 
1.320505e-01 3.791664e+03 3.874034e+03 
1.370909e-01 3.564814e+03 3.664033e+03 
1.421313e-01 3.357486e+03 3.469426e+03 
1.471717e-01 3.172116e+03 3.288825e+03 
1.522121e-01 3.008275e+03 3.120988e+03 
1.572525e-01 2.863673e+03 2.964799e+03 
1.622929e-01 2.734528e+03 2.819257e+03 
1.673333e-01 2.615860e+03 2.683459e+03 
1.723737e-01 2.502791e+03 2.556595e+03 
1.774141e-01 2.392616e+03 2.437932e+03 
1.824545e-01 2.284984e+03 2.326809e+03 
1.874949e-01 2.180602e+03 2.222626e+03 
1.925354e-01 2.080521e+03 2.124842e+03 
1.975758e-01 1.986075e+03 2.032965e+03 
2.026162e-01 1.898598e+03 1.946545e+03 
2.076566e-01 1.818524e+03 1.865178e+03 
2.126970e-01 1.745148e+03 1.788491e+03 
2.177374e-01 1.677450e+03 1.716147e+03 
2.227778e-01 1.614269e+03 1.647834e+03 
2.278182e-01 1.554482e+03 1.583272e+03 
2.328586e-01 1.497186e+03 1.522199e+03 
2.378990e-01 1.441844e+03 1.464379e+03 
2.429394e-01 1.388550e+03 1.409592e+03 
2.479798e-01 1.337364e+03 1.357638e+03 
2.530202e-01 1.288349e+03 1.308331e+03 
2.580606e-01 1.241709e+03 1.261502e+03 
2.631010e-01 1.197727e+03 1.216991e+03 
2.681414e-01 1.156514e+03 1.174655e+03 
2.731818e-01 1.117784e+03 1.134359e+03 
2.782222e-01 1.081061e+03 1.095978e+03 
2.832626e-01 1.046056e+03 1.059397e+03 
2.883030e-01 1.012632e+03 1.024508e+03 
2.933434e-01 9.806333e+02 9.912131e+02 
2.983838e-01 9.498482e+02 9.594193e+02 
3.034242e-01 9.201435e+02 9.290408e+02 
3.084646e-01 8.915837e+02 8.999974e+02 
3.135051e-01 8.642571e+02 8.722148e+02 
3.185455e-01 8.381514e+02 8.456234e+02 
3.235859e-01 8.131933e+02 8.201583e+02 
3.286263e-01 7.893237e+02 7.957587e+02 
3.336667e-01 7.665116e+02 7.723681e+02 
3.387071e-01 7.447164e+02 7.499334e+02 
3.437475e-01 7.238194e+02 7.284048e+02 
3.487879e-01 7.036979e+02 7.077357e+02 
3.538283e-01 6.842923e+02 6.878826e+02 
3.588687e-01 6.655997e+02 6.688043e+02 
3.639091e-01 6.476131e+02 6.504623e+02 
3.689495e-01 6.302811e+02 6.328206e+02 
3.739899e-01 6.135730e+02 6.158448e+02 
3.790303e-01 5.974845e+02 5.995032e+02 
3.840707e-01 5.820135e+02 5.837654e+02 
3.891111e-01 5.671291e+02 5.686029e+02 
3.941515e-01 5.527777e+02 5.539891e+02 
3.991919e-01 5.389261e+02 5.398985e+02 
4.042323e-01 5.255730e+02 5.263073e+02 
4.092727e-01 5.126908e+02 5.131928e+02 
4.143131e-01 5.002356e+02 5.005338e+02 
4.193535e-01 4.881814e+02 4.883100e+02 
4.243939e-01 4.765258e+02 4.765023e+02 
4.294343e-01 4.652666e+02 4.650927e+02 
4.344747e-01 4.543843e+02 4.540640e+02 
4.395152e-01 4.438530e+02 4.434000e+02 
4.445556e-01 4.336575e+02 4.330852e+02 
4.495960e-01 4.237943e+02 4.231051e+02 
4.546364e-01 4.142555e+02 4.134458e+02 
4.596768e-01 4.050202e+02 4.040941e+02 
4.647172e-01 3.960663e+02 3.950375e+02 
4.697576e-01 3.873812e+02 3.862640e+02 
4.747980e-01 3.789634e+02 3.777624e+02 
4.798384e-01 3.708082e+02 3.695219e+02 
4.848788e-01 3.628972e+02 3.615322e+02 
4.899192e-01 3.552115e+02 3.537837e+02 
4.949596e-01 3.477496e+02 3.462668e+02 
5.000000e-01 3.405124e+02 3.389729e+02 
