1.000000e-03 3.830524e+03 3.830521e+03 
6.040404e-03 1.687417e+04 1.700179e+04 
1.108081e-02 2.288931e+04 2.302893e+04 
1.612121e-02 2.465516e+04 2.475489e+04 
2.116162e-02 2.387753e+04 2.378347e+04 
2.620202e-02 2.176767e+04 2.162012e+04 
3.124242e-02 1.920455e+04 1.934790e+04 
3.628283e-02 1.675782e+04 1.734145e+04 
4.132323e-02 1.472221e+04 1.562681e+04 
4.636364e-02 1.316711e+04 1.415325e+04 
5.140404e-02 1.206787e+04 1.287234e+04 
5.644444e-02 1.127812e+04 1.174832e+04 
6.148485e-02 1.065866e+04 1.075511e+04 
6.652525e-02 1.008304e+04 9.872977e+03 
7.156566e-02 9.460320e+03 9.086301e+03 
7.660606e-02 8.755322e+03 8.382352e+03 
8.164646e-02 7.987516e+03 7.750512e+03 
8.668687e-02 7.210254e+03 7.181804e+03 
9.172727e-02 6.480524e+03 6.668569e+03 
9.676768e-02 5.844821e+03 6.204231e+03 
1.018081e-01 5.332732e+03 5.783115e+03 
1.068485e-01 4.950517e+03 5.400311e+03 
1.118889e-01 4.679161e+03 5.051553e+03 
1.169293e-01 4.483320e+03 4.733126e+03 
1.219697e-01 4.324389e+03 4.441785e+03 
1.270101e-01 4.169212e+03 4.174691e+03 
1.320505e-01 3.994308e+03 3.929351e+03 
1.370909e-01 3.788482e+03 3.703572e+03 
1.421313e-01 3.554570e+03 3.495420e+03 
1.471717e-01 3.306118e+03 3.303186e+03 
1.522121e-01 3.060771e+03 3.125356e+03 
1.572525e-01 2.835417e+03 2.960585e+03 
1.622929e-01 2.642838e+03 2.807677e+03 
1.673333e-01 2.489001e+03 2.665565e+03 
1.723737e-01 2.372119e+03 2.533296e+03 
1.774141e-01 2.284037e+03 2.410017e+03 
1.824545e-01 2.213772e+03 2.294962e+03 
1.874949e-01 2.150623e+03 2.187443e+03 
1.925354e-01 2.085136e+03 2.086840e+03 
1.975758e-01 2.010934e+03 1.992595e+03 
2.026162e-01 1.925827e+03 1.904202e+03 
2.076566e-01 1.831997e+03 1.821204e+03 
2.126970e-01 1.734658e+03 1.743187e+03 
2.177374e-01 1.639619e+03 1.669773e+03 
2.227778e-01 1.552077e+03 1.600621e+03 
2.278182e-01 1.475654e+03 1.535418e+03 
2.328586e-01 1.411732e+03 1.473880e+03 
2.378990e-01 1.359536e+03 1.415746e+03 
2.429394e-01 1.316641e+03 1.360779e+03 
2.479798e-01 1.279775e+03 1.308760e+03 
2.530202e-01 1.245438e+03 1.259489e+03 
2.580606e-01 1.210430e+03 1.212784e+03 
2.631010e-01 1.172677e+03 1.168474e+03 
2.681414e-01 1.131762e+03 1.126403e+03 
2.731818e-01 1.088599e+03 1.086430e+03 
2.782222e-01 1.044738e+03 1.048421e+03 
2.832626e-01 1.001869e+03 1.012253e+03 
2.883030e-01 9.615326e+02 9.778140e+02 
2.933434e-01 9.250046e+02 9.449988e+02 
2.983838e-01 8.929126e+02 9.137101e+02 
3.034242e-01 8.650190e+02 8.838578e+02 
3.084646e-01 8.404736e+02 8.553582e+02 
3.135051e-01 8.181615e+02 8.281335e+02 
3.185455e-01 7.970215e+02 8.021110e+02 
3.235859e-01 7.761380e+02 7.772234e+02 
3.286263e-01 7.548195e+02 7.534078e+02 
3.336667e-01 7.327823e+02 7.306053e+02 
3.387071e-01 7.101964e+02 7.087612e+02 
3.437475e-01 6.875473e+02 6.878243e+02 
3.487879e-01 6.654293e+02 6.677465e+02 
3.538283e-01 6.443432e+02 6.484830e+02 
3.588687e-01 6.246324e+02 6.299918e+02 
3.639091e-01 6.064989e+02 6.122334e+02 
3.689495e-01 5.899301e+02 5.951708e+02 
3.739899e-01 5.747171e+02 5.787694e+02 
3.790303e-01 5.605188e+02 5.629963e+02 
3.840707e-01 5.469542e+02 5.478211e+02 
3.891111e-01 5.337345e+02 5.332147e+02 
3.941515e-01 5.206280e+02 5.191501e+02 
3.991919e-01 5.075126e+02 5.056015e+02 
4.042323e-01 4.943870e+02 4.925448e+02 
4.092727e-01 4.813668e+02 4.799573e+02 
4.143131e-01 4.686390e+02 4.678174e+02 
4.193535e-01 4.563679e+02 4.561049e+02 
4.243939e-01 4.446522e+02 4.448005e+02 
4.294343e-01 4.335552e+02 4.338861e+02 
4.344747e-01 4.230962e+02 4.233444e+02 
4.395152e-01 4.132357e+02 4.131594e+02 
4.445556e-01 4.038794e+02 4.033155e+02 
4.495960e-01 3.948876e+02 3.937981e+02 
4.546364e-01 3.861477e+02 3.845935e+02 
4.596768e-01 3.775939e+02 3.756884e+02 
4.647172e-01 3.691890e+02 3.670706e+02 
4.697576e-01 3.609100e+02 3.587280e+02 
4.747980e-01 3.527471e+02 3.506495e+02 
4.798384e-01 3.447580e+02 3.428244e+02 
4.848788e-01 3.370004e+02 3.352425e+02 
4.899192e-01 3.295146e+02 3.278942e+02 
4.949596e-01 3.223218e+02 3.207703e+02 
5.000000e-01 3.154098e+02 3.138620e+02 
