1.000000e-03 9.227484e+03 9.227476e+03 
6.040404e-03 4.105631e+04 4.141253e+04 
1.108081e-02 5.551188e+04 5.626690e+04 
1.612121e-02 5.881685e+04 6.014635e+04 
2.116162e-02 5.502537e+04 5.591666e+04 
2.620202e-02 4.733083e+04 4.687818e+04 
3.124242e-02 3.831065e+04 3.726637e+04 
3.628283e-02 2.979364e+04 2.951104e+04 
4.132323e-02 2.279678e+04 2.387797e+04 
4.636364e-02 1.762553e+04 1.983921e+04 
5.140404e-02 1.418384e+04 1.686672e+04 
5.644444e-02 1.212851e+04 1.459855e+04 
6.148485e-02 1.106563e+04 1.280843e+04 
6.652525e-02 1.063474e+04 1.135585e+04 
7.156566e-02 1.052510e+04 1.015116e+04 
7.660606e-02 1.046719e+04 9.134970e+03 
8.164646e-02 1.023970e+04 8.266303e+03 
8.668687e-02 9.711690e+03 7.515817e+03 
9.172727e-02 8.867215e+03 6.861797e+03 
9.676768e-02 7.793598e+03 6.287715e+03 
1.018081e-01 6.633916e+03 5.780694e+03 
1.068485e-01 5.536477e+03 5.330508e+03 
1.118889e-01 4.612329e+03 4.928903e+03 
1.169293e-01 3.916721e+03 4.569127e+03 
1.219697e-01 3.456552e+03 4.245596e+03 
1.270101e-01 3.206933e+03 3.953647e+03 
1.320505e-01 3.125423e+03 3.689355e+03 
1.370909e-01 3.159771e+03 3.449390e+03 
1.421313e-01 3.251912e+03 3.230912e+03 
1.471717e-01 3.343422e+03 3.031482e+03 
1.522121e-01 3.381606e+03 2.848998e+03 
1.572525e-01 3.327807e+03 2.681637e+03 
1.622929e-01 3.167101e+03 2.527815e+03 
1.673333e-01 2.913338e+03 2.386147e+03 
1.723737e-01 2.603567e+03 2.255419e+03 
1.774141e-01 2.282644e+03 2.134561e+03 
1.824545e-01 1.988673e+03 2.022633e+03 
1.874949e-01 1.746959e+03 1.918799e+03 
1.925354e-01 1.570383e+03 1.822319e+03 
1.975758e-01 1.461254e+03 1.732535e+03 
2.026162e-01 1.413017e+03 1.648857e+03 
2.076566e-01 1.412386e+03 1.570762e+03 
2.126970e-01 1.441872e+03 1.497776e+03 
2.177374e-01 1.482397e+03 1.429477e+03 
2.227778e-01 1.515184e+03 1.365483e+03 
2.278182e-01 1.523933e+03 1.305451e+03 
2.328586e-01 1.497898e+03 1.249069e+03 
2.378990e-01 1.434734e+03 1.196057e+03 
2.429394e-01 1.340872e+03 1.146159e+03 
2.479798e-01 1.228743e+03 1.099142e+03 
2.530202e-01 1.112542e+03 1.054796e+03 
2.580606e-01 1.005147e+03 1.012927e+03 
2.631010e-01 9.159575e+02 9.733615e+02 
2.681414e-01 8.501524e+02 9.359370e+02 
2.731818e-01 8.086781e+02 9.005067e+02 
2.782222e-01 7.890923e+02 8.669357e+02 
2.832626e-01 7.866333e+02 8.350998e+02 
2.883030e-01 7.951384e+02 8.048851e+02 
2.933434e-01 8.076139e+02 7.761866e+02 
2.983838e-01 8.169667e+02 7.489075e+02 
3.034242e-01 8.170625e+02 7.229585e+02 
3.084646e-01 8.041150e+02 6.982572e+02 
3.135051e-01 7.774196e+02 6.747271e+02 
3.185455e-01 7.392117e+02 6.522975e+02 
3.235859e-01 6.936553e+02 6.309030e+02 
3.286263e-01 6.457479e+02 6.104827e+02 
3.336667e-01 6.002660e+02 5.909801e+02 
3.387071e-01 5.610581e+02 5.723427e+02 
3.437475e-01 5.305462e+02 5.545215e+02 
3.487879e-01 5.095013e+02 5.374711e+02 
3.538283e-01 4.972722e+02 5.211488e+02 
3.588687e-01 4.921654e+02 5.055152e+02 
3.639091e-01 4.918231e+02 4.905331e+02 
3.689495e-01 4.935272e+02 4.761679e+02 
3.739899e-01 4.944976e+02 4.623873e+02 
3.790303e-01 4.923135e+02 4.491609e+02 
3.840707e-01 4.853905e+02 4.364602e+02 
3.891111e-01 4.732367e+02 4.242586e+02 
3.941515e-01 4.564101e+02 4.125311e+02 
3.991919e-01 4.362848e+02 4.012542e+02 
4.042323e-01 4.146700e+02 3.904058e+02 
4.092727e-01 3.934659e+02 3.799650e+02 
4.143131e-01 3.743355e+02 3.699124e+02 
4.193535e-01 3.584137e+02 3.602296e+02 
4.243939e-01 3.462202e+02 3.508990e+02 
4.294343e-01 3.377074e+02 3.419045e+02 
4.344747e-01 3.323629e+02 3.332305e+02 
4.395152e-01 3.293514e+02 3.248625e+02 
4.445556e-01 3.275871e+02 3.167866e+02 
4.495960e-01 3.259010e+02 3.089898e+02 
4.546364e-01 3.232744e+02 3.014599e+02 
4.596768e-01 3.190043e+02 2.941851e+02 
4.647172e-01 3.127698e+02 2.871544e+02 
4.697576e-01 3.046295e+02 2.803574e+02 
4.747980e-01 2.949620e+02 2.737841e+02 
4.798384e-01 2.844104e+02 2.674250e+02 
4.848788e-01 2.737501e+02 2.612714e+02 
4.899192e-01 2.636974e+02 2.553146e+02 
4.949596e-01 2.547873e+02 2.495467e+02 
5.000000e-01 2.473288e+02 2.439600e+02 
