1.000000e-03 4.715034e+03 4.715030e+03 
6.040404e-03 2.072304e+04 2.088308e+04 
1.108081e-02 2.773546e+04 2.793816e+04 
1.612121e-02 2.938852e+04 2.956989e+04 
2.116162e-02 2.790768e+04 2.782310e+04 
2.620202e-02 2.486892e+04 2.468998e+04 
3.124242e-02 2.140505e+04 2.160198e+04 
3.628283e-02 1.822883e+04 1.900390e+04 
4.132323e-02 1.568261e+04 1.687233e+04 
4.636364e-02 1.381709e+04 1.509997e+04 
5.140404e-02 1.257415e+04 1.359909e+04 
5.644444e-02 1.174376e+04 1.230909e+04 
6.148485e-02 1.113115e+04 1.118818e+04 
6.652525e-02 1.056444e+04 1.020628e+04 
7.156566e-02 9.930926e+03 9.340788e+03 
7.660606e-02 9.178389e+03 8.574030e+03 
8.164646e-02 8.324020e+03 7.891805e+03 
8.668687e-02 7.436087e+03 7.282479e+03 
9.172727e-02 6.596019e+03 6.736381e+03 
9.676768e-02 5.870523e+03 6.245386e+03 
1.018081e-01 5.298552e+03 5.802618e+03 
1.068485e-01 4.885950e+03 5.402219e+03 
1.118889e-01 4.609951e+03 5.039173e+03 
1.169293e-01 4.430174e+03 4.709163e+03 
1.219697e-01 4.299537e+03 4.408463e+03 
1.270101e-01 4.173321e+03 4.133840e+03 
1.320505e-01 4.017966e+03 3.882485e+03 
1.370909e-01 3.818302e+03 3.651943e+03 
1.421313e-01 3.577503e+03 3.440067e+03 
1.471717e-01 3.310917e+03 3.244972e+03 
1.522121e-01 3.040190e+03 3.064998e+03 
1.572525e-01 2.788918e+03 2.898680e+03 
1.622929e-01 2.576508e+03 2.744720e+03 
1.673333e-01 2.411846e+03 2.601968e+03 
1.723737e-01 2.292326e+03 2.469402e+03 
1.774141e-01 2.208345e+03 2.346108e+03 
1.824545e-01 2.147820e+03 2.231273e+03 
1.874949e-01 2.097754e+03 2.124166e+03 
1.925354e-01 2.045039e+03 2.024134e+03 
1.975758e-01 1.979723e+03 1.930588e+03 
2.026162e-01 1.898206e+03 1.842998e+03 
2.076566e-01 1.803335e+03 1.760887e+03 
2.126970e-01 1.701381e+03 1.683821e+03 
2.177374e-01 1.599467e+03 1.611410e+03 
2.227778e-01 1.504508e+03 1.543299e+03 
2.278182e-01 1.422052e+03 1.479164e+03 
2.328586e-01 1.354913e+03 1.418713e+03 
2.378990e-01 1.302625e+03 1.361678e+03 
2.429394e-01 1.262353e+03 1.307814e+03 
2.479798e-01 1.230001e+03 1.256898e+03 
2.530202e-01 1.201016e+03 1.208727e+03 
2.580606e-01 1.171183e+03 1.163112e+03 
2.631010e-01 1.137501e+03 1.119881e+03 
2.681414e-01 1.098964e+03 1.078877e+03 
2.731818e-01 1.056360e+03 1.039954e+03 
2.782222e-01 1.011533e+03 1.002978e+03 
2.832626e-01 9.667543e+02 9.678257e+02 
2.883030e-01 9.242884e+02 9.343822e+02 
2.933434e-01 8.860451e+02 9.025423e+02 
2.983838e-01 8.530741e+02 8.722083e+02 
3.034242e-01 8.253603e+02 8.432897e+02 
3.084646e-01 8.019907e+02 8.157025e+02 
3.135051e-01 7.816081e+02 7.893687e+02 
3.185455e-01 7.627938e+02 7.642160e+02 
3.235859e-01 7.442330e+02 7.401768e+02 
3.286263e-01 7.248786e+02 7.171886e+02 
3.336667e-01 7.042012e+02 6.951927e+02 
3.387071e-01 6.823090e+02 6.741346e+02 
3.437475e-01 6.597932e+02 6.539634e+02 
3.487879e-01 6.374225e+02 6.346316e+02 
3.538283e-01 6.159047e+02 6.160946e+02 
3.588687e-01 5.958140e+02 5.983107e+02 
3.639091e-01 5.775426e+02 5.812410e+02 
3.689495e-01 5.611962e+02 5.648490e+02 
3.739899e-01 5.465874e+02 5.491002e+02 
3.790303e-01 5.332849e+02 5.339625e+02 
3.840707e-01 5.207904e+02 5.194057e+02 
3.891111e-01 5.086720e+02 5.054013e+02 
3.941515e-01 4.965688e+02 4.919226e+02 
3.991919e-01 4.842578e+02 4.789443e+02 
4.042323e-01 4.717029e+02 4.664429e+02 
4.092727e-01 4.590413e+02 4.543958e+02 
4.143131e-01 4.465045e+02 4.427821e+02 
4.193535e-01 4.343092e+02 4.315817e+02 
4.243939e-01 4.226445e+02 4.207760e+02 
4.294343e-01 4.116675e+02 4.103472e+02 
4.344747e-01 4.014579e+02 4.002785e+02 
4.395152e-01 3.919702e+02 3.905539e+02 
4.445556e-01 3.830695e+02 3.811585e+02 
4.495960e-01 3.746087e+02 3.720780e+02 
4.546364e-01 3.664548e+02 3.632989e+02 
4.596768e-01 3.584779e+02 3.548085e+02 
4.647172e-01 3.505684e+02 3.465946e+02 
4.697576e-01 3.426810e+02 3.386457e+02 
4.747980e-01 3.348405e+02 3.309508e+02 
4.798384e-01 3.271170e+02 3.234997e+02 
4.848788e-01 3.195748e+02 3.162823e+02 
4.899192e-01 3.122698e+02 3.092894e+02 
4.949596e-01 3.052526e+02 3.025120e+02 
5.000000e-01 2.985515e+02 2.959415e+02 
