1.000000e-03 2.466529e+03 2.466527e+03 
6.040404e-03 1.081080e+04 1.089050e+04 
1.108081e-02 1.474147e+04 1.473914e+04 
1.612121e-02 1.622343e+04 1.608740e+04 
2.116162e-02 1.634137e+04 1.611812e+04 
2.620202e-02 1.573899e+04 1.553961e+04 
3.124242e-02 1.481327e+04 1.471278e+04 
3.628283e-02 1.379666e+04 1.379959e+04 
4.132323e-02 1.280830e+04 1.287668e+04 
4.636364e-02 1.188344e+04 1.198267e+04 
5.140404e-02 1.105032e+04 1.113677e+04 
5.644444e-02 1.026650e+04 1.034748e+04 
6.148485e-02 9.534622e+03 9.617205e+03 
6.652525e-02 8.849023e+03 8.944987e+03 
7.156566e-02 8.205137e+03 8.328043e+03 
7.660606e-02 7.610244e+03 7.762702e+03 
8.164646e-02 7.074193e+03 7.244953e+03 
8.668687e-02 6.598143e+03 6.770757e+03 
9.172727e-02 6.172952e+03 6.336224e+03 
9.676768e-02 5.789503e+03 5.937704e+03 
1.018081e-01 5.443381e+03 5.571828e+03 
1.068485e-01 5.127583e+03 5.235521e+03 
1.118889e-01 4.832549e+03 4.925993e+03 
1.169293e-01 4.552376e+03 4.640728e+03 
1.219697e-01 4.287441e+03 4.377459e+03 
1.270101e-01 4.040655e+03 4.134149e+03 
1.320505e-01 3.813799e+03 3.908972e+03 
1.370909e-01 3.606554e+03 3.700286e+03 
1.421313e-01 3.417436e+03 3.506617e+03 
1.471717e-01 3.244251e+03 3.326643e+03 
1.522121e-01 3.084489e+03 3.159173e+03 
1.572525e-01 2.936224e+03 3.003138e+03 
1.622929e-01 2.797630e+03 2.857572e+03 
1.673333e-01 2.666963e+03 2.721606e+03 
1.723737e-01 2.543206e+03 2.594454e+03 
1.774141e-01 2.426394e+03 2.475407e+03 
1.824545e-01 2.316815e+03 2.363820e+03 
1.874949e-01 2.214167e+03 2.259111e+03 
1.925354e-01 2.118010e+03 2.160751e+03 
1.975758e-01 2.028076e+03 2.068257e+03 
2.026162e-01 1.944121e+03 1.981193e+03 
2.076566e-01 1.865335e+03 1.899159e+03 
2.126970e-01 1.790897e+03 1.821790e+03 
2.177374e-01 1.720314e+03 1.748753e+03 
2.227778e-01 1.653504e+03 1.679744e+03 
2.278182e-01 1.590163e+03 1.614483e+03 
2.328586e-01 1.530004e+03 1.552713e+03 
2.378990e-01 1.472910e+03 1.494200e+03 
2.429394e-01 1.418893e+03 1.438727e+03 
2.479798e-01 1.367779e+03 1.386096e+03 
2.530202e-01 1.319262e+03 1.336121e+03 
2.580606e-01 1.273067e+03 1.288635e+03 
2.631010e-01 1.229159e+03 1.243480e+03 
2.681414e-01 1.187458e+03 1.200511e+03 
2.731818e-01 1.147741e+03 1.159596e+03 
2.782222e-01 1.109772e+03 1.120609e+03 
2.832626e-01 1.073470e+03 1.083436e+03 
2.883030e-01 1.038832e+03 1.047970e+03 
2.933434e-01 1.005809e+03 1.014111e+03 
2.983838e-01 9.742525e+02 9.817676e+02 
3.034242e-01 9.440376e+02 9.508534e+02 
3.084646e-01 9.151119e+02 9.212883e+02 
3.135051e-01 8.874524e+02 8.929976e+02 
3.185455e-01 8.609862e+02 8.659117e+02 
3.235859e-01 8.356090e+02 8.399653e+02 
3.286263e-01 8.112334e+02 8.150976e+02 
3.336667e-01 7.878406e+02 7.912517e+02 
3.387071e-01 7.654110e+02 7.683741e+02 
3.437475e-01 7.438881e+02 7.464150e+02 
3.487879e-01 7.231857e+02 7.253273e+02 
3.538283e-01 7.032633e+02 7.050672e+02 
3.588687e-01 6.841117e+02 6.855934e+02 
3.639091e-01 6.657127e+02 6.668669e+02 
3.689495e-01 6.480060e+02 6.488513e+02 
3.739899e-01 6.309361e+02 6.315123e+02 
3.790303e-01 6.144775e+02 6.148174e+02 
3.840707e-01 5.986316e+02 5.987363e+02 
3.891111e-01 5.833683e+02 5.832401e+02 
3.941515e-01 5.686418e+02 5.683019e+02 
3.991919e-01 5.544200e+02 5.538959e+02 
4.042323e-01 5.406911e+02 5.399980e+02 
4.092727e-01 5.274460e+02 5.265853e+02 
4.143131e-01 5.146643e+02 5.136363e+02 
4.193535e-01 5.023051e+02 5.011305e+02 
4.243939e-01 4.903513e+02 4.890486e+02 
4.294343e-01 4.787983e+02 4.773723e+02 
4.344747e-01 4.676318e+02 4.660841e+02 
4.395152e-01 4.568316e+02 4.551676e+02 
4.445556e-01 4.463744e+02 4.446072e+02 
4.495960e-01 4.362429e+02 4.343881e+02 
4.546364e-01 4.264387e+02 4.244961e+02 
4.596768e-01 4.169489e+02 4.149179e+02 
4.647172e-01 4.077523e+02 4.056409e+02 
4.697576e-01 3.988335e+02 3.966528e+02 
4.747980e-01 3.901829e+02 3.879423e+02 
4.798384e-01 3.817978e+02 3.794983e+02 
4.848788e-01 3.736729e+02 3.713105e+02 
4.899192e-01 3.657834e+02 3.633689e+02 
4.949596e-01 3.581188e+02 3.556640e+02 
5.000000e-01 3.506791e+02 3.481869e+02 
