1.000000e-03 7.315687e+03 7.315680e+03 
6.040404e-03 3.207996e+04 3.234762e+04 
1.108081e-02 4.294335e+04 4.344686e+04 
1.612121e-02 4.520873e+04 4.596355e+04 
2.116162e-02 4.221583e+04 4.250486e+04 
2.620202e-02 3.649539e+04 3.605236e+04 
3.124242e-02 2.998967e+04 2.962089e+04 
3.628283e-02 2.399955e+04 2.449845e+04 
4.132323e-02 1.918951e+04 2.066651e+04 
4.636364e-02 1.570569e+04 1.777485e+04 
5.140404e-02 1.345578e+04 1.552516e+04 
5.644444e-02 1.213975e+04 1.371955e+04 
6.148485e-02 1.144539e+04 1.223278e+04 
6.652525e-02 1.107595e+04 1.098426e+04 
7.156566e-02 1.078320e+04 9.920043e+03 
7.660606e-02 1.037210e+04 9.002446e+03 
8.164646e-02 9.729282e+03 8.204051e+03 
8.668687e-02 8.847771e+03 7.504220e+03 
9.172727e-02 7.809153e+03 6.886978e+03 
9.676768e-02 6.737976e+03 6.339678e+03 
1.018081e-01 5.756410e+03 5.852128e+03 
1.068485e-01 4.950718e+03 5.415996e+03 
1.118889e-01 4.359547e+03 5.024388e+03 
1.169293e-01 3.978651e+03 4.671546e+03 
1.219697e-01 3.776019e+03 4.352620e+03 
1.270101e-01 3.703041e+03 4.063499e+03 
1.320505e-01 3.701699e+03 3.800672e+03 
1.370909e-01 3.712906e+03 3.561129e+03 
1.421313e-01 3.686178e+03 3.342274e+03 
1.471717e-01 3.587777e+03 3.141858e+03 
1.522121e-01 3.404666e+03 2.957926e+03 
1.572525e-01 3.146884e+03 2.788772e+03 
1.622929e-01 2.845126e+03 2.632901e+03 
1.673333e-01 2.539261e+03 2.489000e+03 
1.723737e-01 2.264384e+03 2.355911e+03 
1.774141e-01 2.042039e+03 2.232611e+03 
1.824545e-01 1.880680e+03 2.118191e+03 
1.874949e-01 1.779532e+03 2.011845e+03 
1.925354e-01 1.730391e+03 1.912854e+03 
1.975758e-01 1.718461e+03 1.820576e+03 
2.026162e-01 1.724495e+03 1.734437e+03 
2.076566e-01 1.729156e+03 1.653920e+03 
2.126970e-01 1.716930e+03 1.578561e+03 
2.177374e-01 1.678080e+03 1.507943e+03 
2.227778e-01 1.609598e+03 1.441688e+03 
2.278182e-01 1.515605e+03 1.379455e+03 
2.328586e-01 1.406241e+03 1.320936e+03 
2.378990e-01 1.294259e+03 1.265849e+03 
2.429394e-01 1.191182e+03 1.213940e+03 
2.479798e-01 1.105143e+03 1.164976e+03 
2.530202e-01 1.040306e+03 1.118745e+03 
2.580606e-01 9.972087e+02 1.075054e+03 
2.631010e-01 9.730093e+02 1.033726e+03 
2.681414e-01 9.623409e+02 9.945985e+02 
2.731818e-01 9.585602e+02 9.575230e+02 
2.782222e-01 9.550190e+02 9.223627e+02 
2.832626e-01 9.461401e+02 8.889921e+02 
2.883030e-01 9.280262e+02 8.572954e+02 
2.933434e-01 8.991258e+02 8.271658e+02 
2.983838e-01 8.605252e+02 7.985050e+02 
3.034242e-01 8.155705e+02 7.712218e+02 
3.084646e-01 7.686828e+02 7.452320e+02 
3.135051e-01 7.240383e+02 7.204577e+02 
3.185455e-01 6.848923e+02 6.968265e+02 
3.235859e-01 6.532241e+02 6.742713e+02 
3.286263e-01 6.297351e+02 6.527297e+02 
3.336667e-01 6.137811e+02 6.321438e+02 
3.387071e-01 6.036431e+02 6.124594e+02 
3.437475e-01 5.968918e+02 5.936265e+02 
3.487879e-01 5.909995e+02 5.755980e+02 
3.538283e-01 5.837778e+02 5.583301e+02 
3.588687e-01 5.736206e+02 5.417820e+02 
3.639091e-01 5.597155e+02 5.259154e+02 
3.689495e-01 5.421262e+02 5.106946e+02 
3.739899e-01 5.217769e+02 4.960860e+02 
3.790303e-01 5.001380e+02 4.820582e+02 
3.840707e-01 4.787725e+02 4.685818e+02 
3.891111e-01 4.590525e+02 4.556292e+02 
3.941515e-01 4.419521e+02 4.431743e+02 
3.991919e-01 4.279655e+02 4.311927e+02 
4.042323e-01 4.170650e+02 4.196616e+02 
4.092727e-01 4.087465e+02 4.085593e+02 
4.143131e-01 4.021930e+02 3.978654e+02 
4.193535e-01 3.964737e+02 3.875607e+02 
4.243939e-01 3.907186e+02 3.776273e+02 
4.294343e-01 3.842066e+02 3.680479e+02 
4.344747e-01 3.764490e+02 3.588066e+02 
4.395152e-01 3.673174e+02 3.498879e+02 
4.445556e-01 3.570465e+02 3.412777e+02 
4.495960e-01 3.460916e+02 3.329622e+02 
4.546364e-01 3.350059e+02 3.249285e+02 
4.596768e-01 3.243105e+02 3.171645e+02 
4.647172e-01 3.144778e+02 3.096585e+02 
4.697576e-01 3.058180e+02 3.023997e+02 
4.747980e-01 2.984320e+02 2.953776e+02 
4.798384e-01 2.922011e+02 2.885824e+02 
4.848788e-01 2.868637e+02 2.820046e+02 
4.899192e-01 2.821023e+02 2.756355e+02 
4.949596e-01 2.775823e+02 2.694665e+02 
5.000000e-01 2.729814e+02 2.634896e+02 
