1.000000e-03 3.302768e+03 3.302766e+03 
6.040404e-03 1.455331e+04 1.465878e+04 
1.108081e-02 1.967628e+04 1.974580e+04 
1.612121e-02 2.121826e+04 2.119406e+04 
2.116162e-02 2.069475e+04 2.053582e+04 
2.620202e-02 1.912258e+04 1.901505e+04 
3.124242e-02 1.720011e+04 1.737156e+04 
3.628283e-02 1.535832e+04 1.584352e+04 
4.132323e-02 1.380611e+04 1.446760e+04 
4.636364e-02 1.258752e+04 1.323440e+04 
5.140404e-02 1.165561e+04 1.212871e+04 
5.644444e-02 1.090959e+04 1.113645e+04 
6.148485e-02 1.024131e+04 1.024512e+04 
6.652525e-02 9.577372e+03 9.443568e+03 
7.156566e-02 8.879211e+03 8.721827e+03 
7.660606e-02 8.150410e+03 8.070976e+03 
8.164646e-02 7.426561e+03 7.483076e+03 
8.668687e-02 6.751756e+03 6.951086e+03 
9.172727e-02 6.159229e+03 6.468782e+03 
9.676768e-02 5.667710e+03 6.030680e+03 
1.018081e-01 5.280160e+03 5.631951e+03 
1.068485e-01 4.981500e+03 5.268348e+03 
1.118889e-01 4.742012e+03 4.936134e+03 
1.169293e-01 4.529257e+03 4.632020e+03 
1.219697e-01 4.318820e+03 4.353107e+03 
1.270101e-01 4.096828e+03 4.096841e+03 
1.320505e-01 3.859958e+03 3.860963e+03 
1.370909e-01 3.614542e+03 3.643476e+03 
1.421313e-01 3.373145e+03 3.442609e+03 
1.471717e-01 3.148110e+03 3.256791e+03 
1.522121e-01 2.948079e+03 3.084623e+03 
1.572525e-01 2.778076e+03 2.924859e+03 
1.622929e-01 2.638588e+03 2.776388e+03 
1.673333e-01 2.524642e+03 2.638213e+03 
1.723737e-01 2.427300e+03 2.509445e+03 
1.774141e-01 2.337311e+03 2.389282e+03 
1.824545e-01 2.248133e+03 2.277004e+03 
1.874949e-01 2.156180e+03 2.171965e+03 
1.925354e-01 2.060314e+03 2.073578e+03 
1.975758e-01 1.961743e+03 1.981314e+03 
2.026162e-01 1.863945e+03 1.894696e+03 
2.076566e-01 1.771197e+03 1.813287e+03 
2.126970e-01 1.686635e+03 1.736695e+03 
2.177374e-01 1.611586e+03 1.664561e+03 
2.227778e-01 1.545921e+03 1.596556e+03 
2.278182e-01 1.488394e+03 1.532384e+03 
2.328586e-01 1.436945e+03 1.471772e+03 
2.378990e-01 1.389214e+03 1.414470e+03 
2.429394e-01 1.343107e+03 1.360250e+03 
2.479798e-01 1.297159e+03 1.308902e+03 
2.530202e-01 1.250649e+03 1.260235e+03 
2.580606e-01 1.203796e+03 1.214070e+03 
2.631010e-01 1.157584e+03 1.170246e+03 
2.681414e-01 1.113170e+03 1.128611e+03 
2.731818e-01 1.071393e+03 1.089028e+03 
2.782222e-01 1.032714e+03 1.051368e+03 
2.832626e-01 9.972704e+02 1.015512e+03 
2.883030e-01 9.648741e+02 9.813520e+02 
2.933434e-01 9.350088e+02 9.487849e+02 
2.983838e-01 9.069382e+02 9.177168e+02 
3.034242e-01 8.799882e+02 8.880601e+02 
3.084646e-01 8.537060e+02 8.597334e+02 
3.135051e-01 8.278506e+02 8.326608e+02 
3.185455e-01 8.023748e+02 8.067719e+02 
3.235859e-01 7.773862e+02 7.820008e+02 
3.286263e-01 7.531274e+02 7.582862e+02 
3.336667e-01 7.298928e+02 7.355706e+02 
3.387071e-01 7.078642e+02 7.138007e+02 
3.437475e-01 6.870969e+02 6.929263e+02 
3.487879e-01 6.675515e+02 6.729005e+02 
3.538283e-01 6.490975e+02 6.536794e+02 
3.588687e-01 6.315595e+02 6.352217e+02 
3.639091e-01 6.147292e+02 6.174890e+02 
3.689495e-01 5.984402e+02 6.004448e+02 
3.739899e-01 5.825989e+02 5.840552e+02 
3.790303e-01 5.671783e+02 5.682881e+02 
3.840707e-01 5.521492e+02 5.531134e+02 
3.891111e-01 5.375354e+02 5.385026e+02 
3.941515e-01 5.234015e+02 5.244291e+02 
3.991919e-01 5.098098e+02 5.108676e+02 
4.042323e-01 4.967992e+02 4.977944e+02 
4.092727e-01 4.843511e+02 4.851871e+02 
4.143131e-01 4.724091e+02 4.730244e+02 
4.193535e-01 4.609415e+02 4.612864e+02 
4.243939e-01 4.499058e+02 4.499541e+02 
4.294343e-01 4.392524e+02 4.390097e+02 
4.344747e-01 4.289112e+02 4.284361e+02 
4.395152e-01 4.188517e+02 4.182173e+02 
4.445556e-01 4.090767e+02 4.083382e+02 
4.495960e-01 3.995966e+02 3.987842e+02 
4.546364e-01 3.904035e+02 3.895418e+02 
4.596768e-01 3.814841e+02 3.805979e+02 
4.647172e-01 3.728499e+02 3.719403e+02 
4.697576e-01 3.645213e+02 3.635571e+02 
4.747980e-01 3.564858e+02 3.554374e+02 
4.798384e-01 3.487100e+02 3.475704e+02 
4.848788e-01 3.411816e+02 3.399462e+02 
4.899192e-01 3.338798e+02 3.325552e+02 
4.949596e-01 3.268017e+02 3.253882e+02 
5.000000e-01 3.199275e+02 3.184366e+02 
