1.000000e-03 4.029096e+03 4.029092e+03 
6.040404e-03 1.763426e+04 1.776760e+04 
1.108081e-02 2.372782e+04 2.386829e+04 
1.612121e-02 2.537296e+04 2.546177e+04 
2.116162e-02 2.441173e+04 2.430082e+04 
2.620202e-02 2.212694e+04 2.198650e+04 
3.124242e-02 1.943077e+04 1.961503e+04 
3.628283e-02 1.690116e+04 1.754003e+04 
4.132323e-02 1.482450e+04 1.577361e+04 
4.636364e-02 1.325612e+04 1.425915e+04 
5.140404e-02 1.215482e+04 1.294554e+04 
5.644444e-02 1.136310e+04 1.179536e+04 
6.148485e-02 1.073251e+04 1.078132e+04 
6.652525e-02 1.013008e+04 9.882638e+03 
7.156566e-02 9.474636e+03 9.082896e+03 
7.660606e-02 8.737482e+03 8.368681e+03 
8.164646e-02 7.943118e+03 7.728828e+03 
8.668687e-02 7.148621e+03 7.153918e+03 
9.172727e-02 6.413866e+03 6.635937e+03 
9.676768e-02 5.785454e+03 6.168021e+03 
1.018081e-01 5.288857e+03 5.744269e+03 
1.068485e-01 4.923625e+03 5.359584e+03 
1.118889e-01 4.665097e+03 5.009551e+03 
1.169293e-01 4.475502e+03 4.690335e+03 
1.219697e-01 4.315961e+03 4.398596e+03 
1.270101e-01 4.153598e+03 4.131414e+03 
1.320505e-01 3.966176e+03 3.886233e+03 
1.370909e-01 3.746624e+03 3.660809e+03 
1.421313e-01 3.502306e+03 3.453165e+03 
1.471717e-01 3.248966e+03 3.261559e+03 
1.522121e-01 3.004245e+03 3.084448e+03 
1.572525e-01 2.784096e+03 2.920465e+03 
1.622929e-01 2.600186e+03 2.768396e+03 
1.673333e-01 2.456584e+03 2.627158e+03 
1.723737e-01 2.348636e+03 2.495786e+03 
1.774141e-01 2.265982e+03 2.373417e+03 
1.824545e-01 2.197197e+03 2.259278e+03 
1.874949e-01 2.132220e+03 2.152674e+03 
1.925354e-01 2.062591e+03 2.052980e+03 
1.975758e-01 1.982884e+03 1.959633e+03 
2.026162e-01 1.892452e+03 1.872125e+03 
2.076566e-01 1.795208e+03 1.789997e+03 
2.126970e-01 1.697168e+03 1.712831e+03 
2.177374e-01 1.604106e+03 1.640249e+03 
2.227778e-01 1.520314e+03 1.571908e+03 
2.278182e-01 1.448406e+03 1.507496e+03 
2.328586e-01 1.388969e+03 1.446727e+03 
2.378990e-01 1.340501e+03 1.389341e+03 
2.429394e-01 1.300008e+03 1.335099e+03 
2.479798e-01 1.263817e+03 1.283785e+03 
2.530202e-01 1.228487e+03 1.235197e+03 
2.580606e-01 1.191465e+03 1.189153e+03 
2.631010e-01 1.151538e+03 1.145484e+03 
2.681414e-01 1.108913e+03 1.104035e+03 
2.731818e-01 1.064824e+03 1.064662e+03 
2.782222e-01 1.020984e+03 1.027234e+03 
2.832626e-01 9.791251e+02 9.916296e+02 
2.883030e-01 9.406328e+02 9.577351e+02 
2.933434e-01 9.063154e+02 9.254467e+02 
2.983838e-01 8.762674e+02 8.946678e+02 
3.034242e-01 8.499478e+02 8.653086e+02 
3.084646e-01 8.263986e+02 8.372861e+02 
3.135051e-01 8.044819e+02 8.105228e+02 
3.185455e-01 7.831350e+02 7.849470e+02 
3.235859e-01 7.616005e+02 7.604915e+02 
3.286263e-01 7.395262e+02 7.370939e+02 
3.336667e-01 7.169385e+02 7.146961e+02 
3.387071e-01 6.941556e+02 6.932437e+02 
3.437475e-01 6.716781e+02 6.726859e+02 
3.487879e-01 6.500806e+02 6.529752e+02 
3.538283e-01 6.298078e+02 6.340672e+02 
3.588687e-01 6.110883e+02 6.159202e+02 
3.639091e-01 5.938896e+02 5.984952e+02 
3.689495e-01 5.780541e+02 5.817557e+02 
3.739899e-01 5.633340e+02 5.656672e+02 
3.790303e-01 5.494052e+02 5.501975e+02 
3.840707e-01 5.359218e+02 5.353162e+02 
3.891111e-01 5.225978e+02 5.209949e+02 
3.941515e-01 5.093057e+02 5.072066e+02 
3.991919e-01 4.960598e+02 4.939260e+02 
4.042323e-01 4.829484e+02 4.811294e+02 
4.092727e-01 4.701031e+02 4.687941e+02 
4.143131e-01 4.576582e+02 4.568990e+02 
4.193535e-01 4.457461e+02 4.454240e+02 
4.243939e-01 4.344659e+02 4.343502e+02 
4.294343e-01 4.238241e+02 4.236597e+02 
4.344747e-01 4.137621e+02 4.133355e+02 
4.395152e-01 4.041939e+02 4.033617e+02 
4.445556e-01 3.950135e+02 3.937229e+02 
4.495960e-01 3.861362e+02 3.844049e+02 
4.546364e-01 3.774776e+02 3.753941e+02 
4.596768e-01 3.689645e+02 3.666774e+02 
4.647172e-01 3.605794e+02 3.582426e+02 
4.697576e-01 3.523490e+02 3.500781e+02 
4.747980e-01 3.443096e+02 3.421727e+02 
4.798384e-01 3.364983e+02 3.345161e+02 
4.848788e-01 3.289443e+02 3.270981e+02 
4.899192e-01 3.216716e+02 3.199093e+02 
4.949596e-01 3.146999e+02 3.129407e+02 
5.000000e-01 3.080076e+02 3.061835e+02 
