1.000000e-03 5.318357e+03 5.318353e+03 
6.040404e-03 2.396984e+04 2.416523e+04 
1.108081e-02 3.259970e+04 3.292717e+04 
1.612121e-02 3.486699e+04 3.531745e+04 
2.116162e-02 3.317740e+04 3.329863e+04 
2.620202e-02 2.936085e+04 2.905405e+04 
3.124242e-02 2.482968e+04 2.467890e+04 
3.628283e-02 2.054641e+04 2.106479e+04 
4.132323e-02 1.702762e+04 1.824391e+04 
4.636364e-02 1.441279e+04 1.602353e+04 
5.140404e-02 1.267353e+04 1.423018e+04 
5.644444e-02 1.159897e+04 1.274500e+04 
6.148485e-02 1.096349e+04 1.149032e+04 
6.652525e-02 1.054489e+04 1.041439e+04 
7.156566e-02 1.015262e+04 9.481312e+03 
7.660606e-02 9.651263e+03 8.665064e+03 
8.164646e-02 8.977726e+03 7.946066e+03 
8.668687e-02 8.147461e+03 7.309104e+03 
9.172727e-02 7.232108e+03 6.742069e+03 
9.676768e-02 6.326906e+03 6.235131e+03 
1.018081e-01 5.519869e+03 5.780197e+03 
1.068485e-01 4.870421e+03 5.370524e+03 
1.118889e-01 4.399443e+03 5.000438e+03 
1.169293e-01 4.094599e+03 4.665132e+03 
1.219697e-01 3.922967e+03 4.360503e+03 
1.270101e-01 3.840452e+03 4.083032e+03 
1.320505e-01 3.797881e+03 3.829682e+03 
1.370909e-01 3.748020e+03 3.597825e+03 
1.421313e-01 3.654958e+03 3.385175e+03 
1.471717e-01 3.500837e+03 3.189736e+03 
1.522121e-01 3.286469e+03 3.009760e+03 
1.572525e-01 3.027988e+03 2.843712e+03 
1.622929e-01 2.752347e+03 2.690236e+03 
1.673333e-01 2.489821e+03 2.548138e+03 
1.723737e-01 2.264838e+03 2.416355e+03 
1.774141e-01 2.089917e+03 2.293947e+03 
1.824545e-01 1.966738e+03 2.180072e+03 
1.874949e-01 1.889692e+03 2.073983e+03 
1.925354e-01 1.848537e+03 1.975007e+03 
1.975758e-01 1.829058e+03 1.882543e+03 
2.026162e-01 1.814939e+03 1.796051e+03 
2.076566e-01 1.791358e+03 1.715044e+03 
2.126970e-01 1.748630e+03 1.639081e+03 
2.177374e-01 1.683464e+03 1.567767e+03 
2.227778e-01 1.598281e+03 1.500742e+03 
2.278182e-01 1.499754e+03 1.437678e+03 
2.328586e-01 1.397178e+03 1.378281e+03 
2.378990e-01 1.300072e+03 1.322279e+03 
2.429394e-01 1.215979e+03 1.269428e+03 
2.479798e-01 1.149171e+03 1.219502e+03 
2.530202e-01 1.100544e+03 1.172296e+03 
2.580606e-01 1.068118e+03 1.127623e+03 
2.631010e-01 1.047763e+03 1.085309e+03 
2.681414e-01 1.034131e+03 1.045197e+03 
2.731818e-01 1.021655e+03 1.007142e+03 
2.782222e-01 1.005589e+03 9.710084e+02 
2.832626e-01 9.827899e+02 9.366743e+02 
2.883030e-01 9.520878e+02 9.040254e+02 
2.933434e-01 9.142998e+02 8.729566e+02 
2.983838e-01 8.718274e+02 8.433706e+02 
3.034242e-01 8.279672e+02 8.151775e+02 
3.084646e-01 7.860544e+02 7.882938e+02 
3.135051e-01 7.487769e+02 7.626422e+02 
3.185455e-01 7.177418e+02 7.381507e+02 
3.235859e-01 6.933877e+02 7.147525e+02 
3.286263e-01 6.750562e+02 6.923856e+02 
3.336667e-01 6.613499e+02 6.709920e+02 
3.387071e-01 6.503964e+02 6.505178e+02 
3.437475e-01 6.401997e+02 6.309126e+02 
3.487879e-01 6.289641e+02 6.121294e+02 
3.538283e-01 6.154724e+02 5.941242e+02 
3.588687e-01 5.992648e+02 5.768561e+02 
3.639091e-01 5.806289e+02 5.602865e+02 
3.689495e-01 5.603251e+02 5.443793e+02 
3.739899e-01 5.394179e+02 5.291008e+02 
3.790303e-01 5.190631e+02 5.144193e+02 
3.840707e-01 5.002997e+02 5.003050e+02 
3.891111e-01 4.838408e+02 4.867300e+02 
3.941515e-01 4.699398e+02 4.736679e+02 
3.991919e-01 4.584201e+02 4.610940e+02 
4.042323e-01 4.488103e+02 4.489851e+02 
4.092727e-01 4.404588e+02 4.373190e+02 
4.143131e-01 4.326531e+02 4.260753e+02 
4.193535e-01 4.247354e+02 4.152342e+02 
4.243939e-01 4.162005e+02 4.047775e+02 
4.294343e-01 4.068000e+02 3.946877e+02 
4.344747e-01 3.965600e+02 3.849483e+02 
4.395152e-01 3.857117e+02 3.755438e+02 
4.445556e-01 3.746157e+02 3.664595e+02 
4.495960e-01 3.636817e+02 3.576814e+02 
4.546364e-01 3.532991e+02 3.491964e+02 
4.596768e-01 3.437614e+02 3.409919e+02 
4.647172e-01 3.352133e+02 3.330560e+02 
4.697576e-01 3.276457e+02 3.253776e+02 
4.747980e-01 3.209198e+02 3.179460e+02 
4.798384e-01 3.148152e+02 3.107509e+02 
4.848788e-01 3.090728e+02 3.037828e+02 
4.899192e-01 3.034355e+02 2.970326e+02 
4.949596e-01 2.976983e+02 2.904914e+02 
5.000000e-01 2.917369e+02 2.841510e+02 
