1.000000e-03 3.757680e+03 3.757677e+03 
6.040404e-03 1.661202e+04 1.673943e+04 
1.108081e-02 2.251397e+04 2.264743e+04 
1.612121e-02 2.423830e+04 2.432721e+04 
2.116162e-02 2.347863e+04 2.338262e+04 
2.620202e-02 2.142117e+04 2.127864e+04 
3.124242e-02 1.891987e+04 1.906149e+04 
3.628283e-02 1.652743e+04 1.709666e+04 
4.132323e-02 1.453040e+04 1.541288e+04 
4.636364e-02 1.300062e+04 1.396308e+04 
5.140404e-02 1.190853e+04 1.270129e+04 
5.644444e-02 1.112393e+04 1.159322e+04 
6.148485e-02 1.050735e+04 1.061367e+04 
6.652525e-02 9.933661e+03 9.743416e+03 
7.156566e-02 9.320109e+03 8.967217e+03 
7.660606e-02 8.631277e+03 8.272582e+03 
8.164646e-02 7.882516e+03 7.649074e+03 
8.668687e-02 7.122512e+03 7.087856e+03 
9.172727e-02 6.407064e+03 6.581380e+03 
9.676768e-02 5.782150e+03 6.123161e+03 
1.018081e-01 5.276236e+03 5.707601e+03 
1.068485e-01 4.895368e+03 5.329854e+03 
1.118889e-01 4.622160e+03 4.985710e+03 
1.169293e-01 4.423779e+03 4.671502e+03 
1.219697e-01 4.263666e+03 4.384026e+03 
1.270101e-01 4.109528e+03 4.120480e+03 
1.320505e-01 3.937668e+03 3.878402e+03 
1.370909e-01 3.736717e+03 3.655628e+03 
1.421313e-01 3.509176e+03 3.450248e+03 
1.471717e-01 3.267716e+03 3.260576e+03 
1.522121e-01 3.028632e+03 3.085117e+03 
1.572525e-01 2.807449e+03 2.922544e+03 
1.622929e-01 2.616588e+03 2.771675e+03 
1.673333e-01 2.462833e+03 2.631459e+03 
1.723737e-01 2.345155e+03 2.500955e+03 
1.774141e-01 2.255807e+03 2.379320e+03 
1.824545e-01 2.184195e+03 2.265799e+03 
1.874949e-01 2.120216e+03 2.159713e+03 
1.925354e-01 2.055328e+03 2.060450e+03 
1.975758e-01 1.983111e+03 1.967459e+03 
2.026162e-01 1.900760e+03 1.880242e+03 
2.076566e-01 1.809900e+03 1.798347e+03 
2.126970e-01 1.715331e+03 1.721366e+03 
2.177374e-01 1.622755e+03 1.648926e+03 
2.227778e-01 1.536952e+03 1.580690e+03 
2.278182e-01 1.461240e+03 1.516350e+03 
2.328586e-01 1.397160e+03 1.455626e+03 
2.378990e-01 1.344352e+03 1.398260e+03 
2.429394e-01 1.300784e+03 1.344017e+03 
2.479798e-01 1.263409e+03 1.292684e+03 
2.530202e-01 1.228838e+03 1.244061e+03 
2.580606e-01 1.194087e+03 1.197969e+03 
2.631010e-01 1.157203e+03 1.154240e+03 
2.681414e-01 1.117567e+03 1.112721e+03 
2.731818e-01 1.075781e+03 1.073270e+03 
2.782222e-01 1.033181e+03 1.035757e+03 
2.832626e-01 9.913473e+02 1.000060e+03 
2.883030e-01 9.518044e+02 9.660694e+02 
2.933434e-01 9.157261e+02 9.336804e+02 
2.983838e-01 8.836794e+02 9.027974e+02 
3.034242e-01 8.555797e+02 8.733316e+02 
3.084646e-01 8.307669e+02 8.452003e+02 
3.135051e-01 8.083089e+02 8.183267e+02 
3.185455e-01 7.871738e+02 7.926393e+02 
3.235859e-01 7.664352e+02 7.680716e+02 
3.286263e-01 7.454466e+02 7.445615e+02 
3.336667e-01 7.239305e+02 7.220511e+02 
3.387071e-01 7.019872e+02 7.004862e+02 
3.437475e-01 6.799680e+02 6.798164e+02 
3.487879e-01 6.583393e+02 6.599943e+02 
3.538283e-01 6.376037e+02 6.409756e+02 
3.588687e-01 6.181463e+02 6.227190e+02 
3.639091e-01 6.001692e+02 6.051854e+02 
3.689495e-01 5.836325e+02 5.883385e+02 
3.739899e-01 5.683663e+02 5.721439e+02 
3.790303e-01 5.541197e+02 5.565694e+02 
3.840707e-01 5.405912e+02 5.415848e+02 
3.891111e-01 5.274900e+02 5.271616e+02 
3.941515e-01 5.145598e+02 5.132730e+02 
3.991919e-01 5.016596e+02 4.998936e+02 
4.042323e-01 4.888005e+02 4.869997e+02 
4.092727e-01 4.760769e+02 4.745688e+02 
4.143131e-01 4.636221e+02 4.625796e+02 
4.193535e-01 4.515572e+02 4.510122e+02 
4.243939e-01 4.399890e+02 4.398476e+02 
4.294343e-01 4.290038e+02 4.290679e+02 
4.344747e-01 4.186244e+02 4.186561e+02 
4.395152e-01 4.088147e+02 4.085962e+02 
4.445556e-01 3.994825e+02 3.988730e+02 
4.495960e-01 3.905216e+02 3.894722e+02 
4.546364e-01 3.818503e+02 3.803800e+02 
4.596768e-01 3.734029e+02 3.715836e+02 
4.647172e-01 3.651178e+02 3.630706e+02 
4.697576e-01 3.569581e+02 3.548293e+02 
4.747980e-01 3.489316e+02 3.468488e+02 
4.798384e-01 3.410827e+02 3.391183e+02 
4.848788e-01 3.334588e+02 3.316280e+02 
4.899192e-01 3.260716e+02 3.243682e+02 
4.949596e-01 3.189511e+02 3.173299e+02 
5.000000e-01 3.121028e+02 3.105045e+02 
