1.000000e-03 3.833751e+03 3.833747e+03 
6.040404e-03 1.688209e+04 1.706150e+04 
1.108081e-02 2.284980e+04 2.323599e+04 
1.612121e-02 2.457977e+04 2.563726e+04 
2.116162e-02 2.379530e+04 2.607452e+04 
2.620202e-02 2.170000e+04 2.549840e+04 
3.124242e-02 1.915880e+04 2.441558e+04 
3.628283e-02 1.673070e+04 2.310138e+04 
4.132323e-02 1.470494e+04 2.170762e+04 
4.636364e-02 1.315349e+04 2.031797e+04 
5.140404e-02 1.204585e+04 1.897752e+04 
5.644444e-02 1.124991e+04 1.770916e+04 
6.148485e-02 1.062438e+04 1.652294e+04 
6.652525e-02 1.004257e+04 1.542150e+04 
7.156566e-02 9.420796e+03 1.440328e+04 
7.660606e-02 8.723230e+03 1.346441e+04 
8.164646e-02 7.965387e+03 1.259991e+04 
8.668687e-02 7.196454e+03 1.180432e+04 
9.172727e-02 6.472783e+03 1.107213e+04 
9.676768e-02 5.840778e+03 1.039799e+04 
1.018081e-01 5.329146e+03 9.776865e+03 
1.068485e-01 4.943938e+03 9.204061e+03 
1.118889e-01 4.667551e+03 8.675268e+03 
1.169293e-01 4.466793e+03 8.186552e+03 
1.219697e-01 4.304728e+03 7.734335e+03 
1.270101e-01 4.148740e+03 7.315376e+03 
1.320505e-01 3.974903e+03 6.926745e+03 
1.370909e-01 3.771745e+03 6.565794e+03 
1.421313e-01 3.541793e+03 6.230132e+03 
1.471717e-01 3.297838e+03 5.917601e+03 
1.522121e-01 3.056325e+03 5.626251e+03 
1.572525e-01 2.832919e+03 5.354320e+03 
1.622929e-01 2.640146e+03 5.100216e+03 
1.673333e-01 2.484841e+03 4.862494e+03 
1.723737e-01 2.365958e+03 4.639850e+03 
1.774141e-01 2.275675e+03 4.431096e+03 
1.824545e-01 2.203298e+03 4.235156e+03 
1.874949e-01 2.138633e+03 4.051052e+03 
1.925354e-01 2.073061e+03 3.877892e+03 
1.975758e-01 2.000109e+03 3.714864e+03 
2.026162e-01 1.916947e+03 3.561228e+03 
2.076566e-01 1.825215e+03 3.416306e+03 
2.126970e-01 1.729756e+03 3.279479e+03 
2.177374e-01 1.636318e+03 3.150180e+03 
2.227778e-01 1.549720e+03 3.027889e+03 
2.278182e-01 1.473308e+03 2.912129e+03 
2.328586e-01 1.408632e+03 2.802461e+03 
2.378990e-01 1.355326e+03 2.698482e+03 
2.429394e-01 1.311343e+03 2.599821e+03 
2.479798e-01 1.273608e+03 2.506134e+03 
2.530202e-01 1.238703e+03 2.417105e+03 
2.580606e-01 1.203622e+03 2.332442e+03 
2.631010e-01 1.166394e+03 2.251875e+03 
2.681414e-01 1.126396e+03 2.175154e+03 
2.731818e-01 1.084237e+03 2.102045e+03 
2.782222e-01 1.041261e+03 2.032336e+03 
2.832626e-01 9.990605e+02 1.965824e+03 
2.883030e-01 9.591732e+02 1.902325e+03 
2.933434e-01 9.227807e+02 1.841666e+03 
2.983838e-01 8.904541e+02 1.783686e+03 
3.034242e-01 8.621075e+02 1.728235e+03 
3.084646e-01 8.370754e+02 1.675173e+03 
3.135051e-01 8.144181e+02 1.624369e+03 
3.185455e-01 7.930957e+02 1.575702e+03 
3.235859e-01 7.721747e+02 1.529058e+03 
3.286263e-01 7.510036e+02 1.484330e+03 
3.336667e-01 7.293030e+02 1.441417e+03 
3.387071e-01 7.071738e+02 1.400227e+03 
3.437475e-01 6.849699e+02 1.360671e+03 
3.487879e-01 6.631610e+02 1.322667e+03 
3.538283e-01 6.422536e+02 1.286138e+03 
3.588687e-01 6.226351e+02 1.251011e+03 
3.639091e-01 6.045091e+02 1.217216e+03 
3.689495e-01 5.878351e+02 1.184691e+03 
3.739899e-01 5.724422e+02 1.153374e+03 
3.790303e-01 5.580771e+02 1.123209e+03 
3.840707e-01 5.444363e+02 1.094140e+03 
3.891111e-01 5.312269e+02 1.066118e+03 
3.941515e-01 5.181906e+02 1.039095e+03 
3.991919e-01 5.051854e+02 1.013025e+03 
4.042323e-01 4.922224e+02 9.878647e+02 
4.092727e-01 4.793968e+02 9.635744e+02 
4.143131e-01 4.668428e+02 9.401156e+02 
4.193535e-01 4.546821e+02 9.174520e+02 
4.243939e-01 4.430223e+02 8.955491e+02 
4.294343e-01 4.319503e+02 8.743745e+02 
4.344747e-01 4.214889e+02 8.538971e+02 
4.395152e-01 4.116017e+02 8.340878e+02 
4.445556e-01 4.021958e+02 8.149187e+02 
4.495960e-01 3.931645e+02 7.963633e+02 
4.546364e-01 3.844251e+02 7.783967e+02 
4.596768e-01 3.759118e+02 7.609950e+02 
4.647172e-01 3.675623e+02 7.441354e+02 
4.697576e-01 3.593395e+02 7.277964e+02 
4.747980e-01 3.512513e+02 7.119575e+02 
4.798384e-01 3.433423e+02 6.965992e+02 
4.848788e-01 3.356603e+02 6.817027e+02 
4.899192e-01 3.282170e+02 6.672504e+02 
4.949596e-01 3.210424e+02 6.532253e+02 
5.000000e-01 3.141423e+02 6.396113e+02 
