1.000000e-03 2.212570e+03 2.212568e+03 
6.040404e-03 1.011962e+04 1.019164e+04 
1.108081e-02 1.406484e+04 1.407886e+04 
1.612121e-02 1.562704e+04 1.553546e+04 
2.116162e-02 1.578168e+04 1.560671e+04 
2.620202e-02 1.516617e+04 1.503015e+04 
3.124242e-02 1.420884e+04 1.421609e+04 
3.628283e-02 1.317609e+04 1.333397e+04 
4.132323e-02 1.220633e+04 1.245221e+04 
4.636364e-02 1.134396e+04 1.160209e+04 
5.140404e-02 1.060610e+04 1.079870e+04 
5.644444e-02 9.927454e+03 1.004863e+04 
6.148485e-02 9.285901e+03 9.353655e+03 
6.652525e-02 8.668056e+03 8.712770e+03 
7.156566e-02 8.058663e+03 8.123435e+03 
7.660606e-02 7.465550e+03 7.582334e+03 
8.164646e-02 6.911153e+03 7.085836e+03 
8.668687e-02 6.414994e+03 6.630268e+03 
9.172727e-02 5.980968e+03 6.212074e+03 
9.676768e-02 5.603844e+03 5.827903e+03 
1.018081e-01 5.277344e+03 5.474648e+03 
1.068485e-01 4.992198e+03 5.149459e+03 
1.118889e-01 4.733365e+03 4.849744e+03 
1.169293e-01 4.486008e+03 4.573154e+03 
1.219697e-01 4.242168e+03 4.317569e+03 
1.270101e-01 4.002810e+03 4.081078e+03 
1.320505e-01 3.772923e+03 3.861961e+03 
1.370909e-01 3.557500e+03 3.658670e+03 
1.421313e-01 3.359835e+03 3.469812e+03 
1.471717e-01 3.181239e+03 3.294135e+03 
1.522121e-01 3.021341e+03 3.130508e+03 
1.572525e-01 2.878467e+03 2.977914e+03 
1.622929e-01 2.749835e+03 2.835435e+03 
1.673333e-01 2.631237e+03 2.702240e+03 
1.723737e-01 2.518447e+03 2.577579e+03 
1.774141e-01 2.409067e+03 2.460773e+03 
1.824545e-01 2.303022e+03 2.351204e+03 
1.874949e-01 2.201033e+03 2.248315e+03 
1.925354e-01 2.103513e+03 2.151597e+03 
1.975758e-01 2.011155e+03 2.060586e+03 
2.026162e-01 1.925027e+03 1.974861e+03 
2.076566e-01 1.845793e+03 1.894037e+03 
2.126970e-01 1.772941e+03 1.817763e+03 
2.177374e-01 1.705190e+03 1.745717e+03 
2.227778e-01 1.641477e+03 1.677605e+03 
2.278182e-01 1.581130e+03 1.613155e+03 
2.328586e-01 1.523601e+03 1.552120e+03 
2.378990e-01 1.468345e+03 1.494273e+03 
2.429394e-01 1.415073e+03 1.439403e+03 
2.479798e-01 1.363924e+03 1.387316e+03 
2.530202e-01 1.315136e+03 1.337835e+03 
2.580606e-01 1.268808e+03 1.290795e+03 
2.631010e-01 1.224922e+03 1.246043e+03 
2.681414e-01 1.183457e+03 1.203439e+03 
2.731818e-01 1.144312e+03 1.162853e+03 
2.782222e-01 1.107250e+03 1.124163e+03 
2.832626e-01 1.071956e+03 1.087257e+03 
2.883030e-01 1.038160e+03 1.052031e+03 
2.933434e-01 1.005710e+03 1.018388e+03 
2.983838e-01 9.745410e+02 9.862374e+02 
3.034242e-01 9.446140e+02 9.554958e+02 
3.084646e-01 9.158846e+02 9.260845e+02 
3.135051e-01 8.883204e+02 8.979305e+02 
3.185455e-01 8.619115e+02 8.709655e+02 
3.235859e-01 8.366522e+02 8.451256e+02 
3.286263e-01 8.125070e+02 8.203513e+02 
3.336667e-01 7.893993e+02 7.965867e+02 
3.387071e-01 7.672361e+02 7.737793e+02 
3.437475e-01 7.459389e+02 7.518803e+02 
3.487879e-01 7.254579e+02 7.308434e+02 
3.538283e-01 7.057563e+02 7.106256e+02 
3.588687e-01 6.867745e+02 6.911863e+02 
3.639091e-01 6.684680e+02 6.724871e+02 
3.689495e-01 6.508141e+02 6.544924e+02 
3.739899e-01 6.338095e+02 6.371682e+02 
3.790303e-01 6.174544e+02 6.204827e+02 
3.840707e-01 6.017016e+02 6.044059e+02 
3.891111e-01 5.865074e+02 5.889095e+02 
3.941515e-01 5.718469e+02 5.739667e+02 
3.991919e-01 5.577088e+02 5.595524e+02 
4.042323e-01 5.440768e+02 5.456426e+02 
4.092727e-01 5.309120e+02 5.322149e+02 
4.143131e-01 5.181714e+02 5.192480e+02 
4.193535e-01 5.058417e+02 5.067216e+02 
4.243939e-01 4.939226e+02 4.946167e+02 
4.294343e-01 4.824056e+02 4.829151e+02 
4.344747e-01 4.712698e+02 4.715997e+02 
4.395152e-01 4.604834e+02 4.606541e+02 
4.445556e-01 4.500326e+02 4.500631e+02 
4.495960e-01 4.399231e+02 4.398118e+02 
4.546364e-01 4.301482e+02 4.298864e+02 
4.596768e-01 4.206761e+02 4.202736e+02 
4.647172e-01 4.114804e+02 4.109609e+02 
4.697576e-01 4.025606e+02 4.019362e+02 
4.747980e-01 3.939203e+02 3.931881e+02 
4.798384e-01 3.855454e+02 3.847059e+02 
4.848788e-01 3.774146e+02 3.764792e+02 
4.899192e-01 3.695165e+02 3.684982e+02 
4.949596e-01 3.618456e+02 3.607534e+02 
5.000000e-01 3.544054e+02 3.532360e+02 
