1.000000e-03 8.008407e+03 8.008400e+03 
6.040404e-03 3.459494e+04 3.488611e+04 
1.108081e-02 4.592941e+04 4.648629e+04 
1.612121e-02 4.800143e+04 4.884014e+04 
2.116162e-02 4.448595e+04 4.481145e+04 
2.620202e-02 3.813670e+04 3.765944e+04 
3.124242e-02 3.104729e+04 3.064966e+04 
3.628283e-02 2.459800e+04 2.513680e+04 
4.132323e-02 1.947432e+04 2.105895e+04 
4.636364e-02 1.580426e+04 1.801225e+04 
5.140404e-02 1.346398e+04 1.566215e+04 
5.644444e-02 1.212128e+04 1.378950e+04 
6.148485e-02 1.143384e+04 1.225683e+04 
6.652525e-02 1.108792e+04 1.097630e+04 
7.156566e-02 1.082357e+04 9.889533e+03 
7.660606e-02 1.043115e+04 8.955995e+03 
8.164646e-02 9.787728e+03 8.146384e+03 
8.668687e-02 8.886066e+03 7.438773e+03 
9.172727e-02 7.815570e+03 6.816280e+03 
9.676768e-02 6.710152e+03 6.265610e+03 
1.018081e-01 5.698492e+03 5.776095e+03 
1.068485e-01 4.870882e+03 5.339053e+03 
1.118889e-01 4.267701e+03 4.947325e+03 
1.169293e-01 3.884359e+03 4.594957e+03 
1.219697e-01 3.686657e+03 4.276947e+03 
1.270101e-01 3.623403e+03 3.989066e+03 
1.320505e-01 3.634202e+03 3.727715e+03 
1.370909e-01 3.658213e+03 3.489816e+03 
1.421313e-01 3.643048e+03 3.272718e+03 
1.471717e-01 3.552266e+03 3.074132e+03 
1.522121e-01 3.371129e+03 2.892070e+03 
1.572525e-01 3.110407e+03 2.724803e+03 
1.622929e-01 2.802993e+03 2.570816e+03 
1.673333e-01 2.491394e+03 2.428782e+03 
1.723737e-01 2.211665e+03 2.297532e+03 
1.774141e-01 1.985772e+03 2.176033e+03 
1.824545e-01 1.823015e+03 2.063373e+03 
1.874949e-01 1.722928e+03 1.958741e+03 
1.925354e-01 1.676842e+03 1.861414e+03 
1.975758e-01 1.669051e+03 1.770750e+03 
2.026162e-01 1.679705e+03 1.686171e+03 
2.076566e-01 1.689145e+03 1.607163e+03 
2.126970e-01 1.681302e+03 1.533261e+03 
2.177374e-01 1.645583e+03 1.464049e+03 
2.227778e-01 1.578412e+03 1.399149e+03 
2.278182e-01 1.484252e+03 1.338222e+03 
2.328586e-01 1.373922e+03 1.280961e+03 
2.378990e-01 1.260700e+03 1.227085e+03 
2.429394e-01 1.156456e+03 1.176341e+03 
2.479798e-01 1.069601e+03 1.128499e+03 
2.530202e-01 1.004704e+03 1.083348e+03 
2.580606e-01 9.623478e+02 1.040697e+03 
2.631010e-01 9.394708e+02 1.000369e+03 
2.681414e-01 9.304700e+02 9.622046e+02 
2.731818e-01 9.286027e+02 9.260560e+02 
2.782222e-01 9.271536e+02 8.917882e+02 
2.832626e-01 9.202430e+02 8.592769e+02 
2.883030e-01 9.036068e+02 8.284078e+02 
2.933434e-01 8.755395e+02 7.990754e+02 
2.983838e-01 8.373027e+02 7.711825e+02 
3.034242e-01 7.924309e+02 7.446394e+02 
3.084646e-01 7.454121e+02 7.193630e+02 
3.135051e-01 7.005549e+02 6.952763e+02 
3.185455e-01 6.612450e+02 6.723083e+02 
3.235859e-01 6.296837e+02 6.503928e+02 
3.286263e-01 6.066086e+02 6.294683e+02 
3.336667e-01 5.912921e+02 6.094780e+02 
3.387071e-01 5.819083e+02 5.903686e+02 
3.437475e-01 5.760370e+02 5.720908e+02 
3.487879e-01 5.711250e+02 5.545984e+02 
3.538283e-01 5.648623e+02 5.378485e+02 
3.588687e-01 5.555047e+02 5.218009e+02 
3.639091e-01 5.421564e+02 5.064182e+02 
3.689495e-01 5.249565e+02 4.916651e+02 
3.739899e-01 5.048761e+02 4.775089e+02 
3.790303e-01 4.833674e+02 4.639188e+02 
3.840707e-01 4.620521e+02 4.508659e+02 
3.891111e-01 4.423869e+02 4.383231e+02 
3.941515e-01 4.254336e+02 4.262651e+02 
3.991919e-01 4.117108e+02 4.146678e+02 
4.042323e-01 4.011310e+02 4.035089e+02 
4.092727e-01 3.931855e+02 3.927672e+02 
4.143131e-01 3.870785e+02 3.824229e+02 
4.193535e-01 3.818795e+02 3.724571e+02 
4.243939e-01 3.766405e+02 3.628522e+02 
4.294343e-01 3.705656e+02 3.535915e+02 
4.344747e-01 3.631646e+02 3.446592e+02 
4.395152e-01 3.543496e+02 3.360406e+02 
4.445556e-01 3.443372e+02 3.277214e+02 
4.495960e-01 3.335626e+02 3.196885e+02 
4.546364e-01 3.225881e+02 3.119293e+02 
4.596768e-01 3.120082e+02 3.044318e+02 
4.647172e-01 3.023177e+02 2.971848e+02 
4.697576e-01 2.938381e+02 2.901776e+02 
4.747980e-01 2.866396e+02 2.834001e+02 
4.798384e-01 2.806174e+02 2.768426e+02 
4.848788e-01 2.755380e+02 2.704960e+02 
4.899192e-01 2.710700e+02 2.643516e+02 
4.949596e-01 2.668378e+02 2.584013e+02 
5.000000e-01 2.624962e+02 2.526372e+02 
