1.000000e-03 2.167051e+03 2.167050e+03 
6.040404e-03 9.693994e+03 9.771279e+03 
1.108081e-02 1.333449e+04 1.333872e+04 
1.612121e-02 1.479719e+04 1.467532e+04 
2.116162e-02 1.504154e+04 1.483191e+04 
2.620202e-02 1.462701e+04 1.441421e+04 
3.124242e-02 1.389198e+04 1.373587e+04 
3.628283e-02 1.303527e+04 1.294995e+04 
4.132323e-02 1.216318e+04 1.213496e+04 
4.636364e-02 1.132366e+04 1.133275e+04 
5.140404e-02 1.053508e+04 1.056531e+04 
5.644444e-02 9.796720e+03 9.843326e+03 
6.148485e-02 9.104384e+03 9.171037e+03 
6.652525e-02 8.464401e+03 8.548942e+03 
7.156566e-02 7.871232e+03 7.975472e+03 
7.660606e-02 7.326790e+03 7.447964e+03 
8.164646e-02 6.834953e+03 6.963244e+03 
8.668687e-02 6.393427e+03 6.517973e+03 
9.172727e-02 5.992128e+03 6.108847e+03 
9.676768e-02 5.623721e+03 5.732712e+03 
1.018081e-01 5.286037e+03 5.386613e+03 
1.068485e-01 4.976536e+03 5.067827e+03 
1.118889e-01 4.689400e+03 4.773864e+03 
1.169293e-01 4.420281e+03 4.502459e+03 
1.219697e-01 4.169067e+03 4.251564e+03 
1.270101e-01 3.936980e+03 4.019328e+03 
1.320505e-01 3.723953e+03 3.804082e+03 
1.370909e-01 3.528292e+03 3.604321e+03 
1.421313e-01 3.347865e+03 3.418692e+03 
1.471717e-01 3.180616e+03 3.245974e+03 
1.522121e-01 3.024761e+03 3.085065e+03 
1.572525e-01 2.879213e+03 2.934972e+03 
1.622929e-01 2.743086e+03 2.794799e+03 
1.673333e-01 2.615346e+03 2.663736e+03 
1.723737e-01 2.495357e+03 2.541048e+03 
1.774141e-01 2.382843e+03 2.426071e+03 
1.824545e-01 2.277495e+03 2.318202e+03 
1.874949e-01 2.178840e+03 2.216894e+03 
1.925354e-01 2.086152e+03 2.121648e+03 
1.975758e-01 1.999000e+03 2.032011e+03 
2.026162e-01 1.917130e+03 1.947570e+03 
2.076566e-01 1.839945e+03 1.867948e+03 
2.126970e-01 1.766914e+03 1.792800e+03 
2.177374e-01 1.697800e+03 1.721810e+03 
2.227778e-01 1.632436e+03 1.654688e+03 
2.278182e-01 1.570643e+03 1.591171e+03 
2.328586e-01 1.512055e+03 1.531014e+03 
2.378990e-01 1.456431e+03 1.473994e+03 
2.429394e-01 1.403754e+03 1.419904e+03 
2.479798e-01 1.353822e+03 1.368555e+03 
2.530202e-01 1.306346e+03 1.319771e+03 
2.580606e-01 1.261116e+03 1.273390e+03 
2.631010e-01 1.218024e+03 1.229263e+03 
2.681414e-01 1.177049e+03 1.187251e+03 
2.731818e-01 1.138030e+03 1.147226e+03 
2.782222e-01 1.100770e+03 1.109069e+03 
2.832626e-01 1.065164e+03 1.072670e+03 
2.883030e-01 1.031158e+03 1.037927e+03 
2.933434e-01 9.987210e+02 1.004743e+03 
2.983838e-01 9.677214e+02 9.730295e+02 
3.034242e-01 9.380221e+02 9.427048e+02 
3.084646e-01 9.095682e+02 9.136913e+02 
3.135051e-01 8.823226e+02 8.859170e+02 
3.185455e-01 8.562450e+02 8.593148e+02 
3.235859e-01 8.312414e+02 8.338218e+02 
3.286263e-01 8.072257e+02 8.093793e+02 
3.336667e-01 7.841646e+02 7.859322e+02 
3.387071e-01 7.620320e+02 7.634290e+02 
3.437475e-01 7.407932e+02 7.418214e+02 
3.487879e-01 7.203723e+02 7.210641e+02 
3.538283e-01 7.007105e+02 7.011145e+02 
3.588687e-01 6.817970e+02 6.819325e+02 
3.639091e-01 6.636083e+02 6.634806e+02 
3.689495e-01 6.461053e+02 6.457235e+02 
3.739899e-01 6.292363e+02 6.286277e+02 
3.790303e-01 6.129666e+02 6.121620e+02 
3.840707e-01 5.972891e+02 5.962966e+02 
3.891111e-01 5.821824e+02 5.810038e+02 
3.941515e-01 5.676137e+02 5.662572e+02 
3.991919e-01 5.535451e+02 5.520320e+02 
4.042323e-01 5.399540e+02 5.383045e+02 
4.092727e-01 5.268364e+02 5.250526e+02 
4.143131e-01 5.141729e+02 5.122553e+02 
4.193535e-01 5.019351e+02 4.998927e+02 
4.243939e-01 4.900943e+02 4.879459e+02 
4.294343e-01 4.786376e+02 4.763971e+02 
4.344747e-01 4.675666e+02 4.652294e+02 
4.395152e-01 4.568613e+02 4.544267e+02 
4.445556e-01 4.464951e+02 4.439738e+02 
4.495960e-01 4.364489e+02 4.338561e+02 
4.546364e-01 4.267163e+02 4.240601e+02 
4.596768e-01 4.172979e+02 4.145725e+02 
4.647172e-01 4.081729e+02 4.053811e+02 
4.697576e-01 3.993200e+02 3.964740e+02 
4.747980e-01 3.907323e+02 3.878399e+02 
4.798384e-01 3.824047e+02 3.794681e+02 
4.848788e-01 3.743303e+02 3.713485e+02 
4.899192e-01 3.664933e+02 3.634714e+02 
4.949596e-01 3.588801e+02 3.558275e+02 
5.000000e-01 3.514849e+02 3.484079e+02 
