1.000000e-03 7.151844e+03 7.151838e+03 
6.040404e-03 3.178488e+04 3.205043e+04 
1.108081e-02 4.281552e+04 4.332736e+04 
1.612121e-02 4.526559e+04 4.605513e+04 
2.116162e-02 4.239341e+04 4.272538e+04 
2.620202e-02 3.670941e+04 3.625654e+04 
3.124242e-02 3.017063e+04 2.972200e+04 
3.628283e-02 2.410497e+04 2.449962e+04 
4.132323e-02 1.920554e+04 2.060294e+04 
4.636364e-02 1.564056e+04 1.767735e+04 
5.140404e-02 1.332512e+04 1.541334e+04 
5.644444e-02 1.196619e+04 1.360447e+04 
6.148485e-02 1.125557e+04 1.212032e+04 
6.652525e-02 1.089641e+04 1.087730e+04 
7.156566e-02 1.063604e+04 9.819851e+03 
7.660606e-02 1.027287e+04 8.909382e+03 
8.164646e-02 9.683443e+03 8.118011e+03 
8.668687e-02 8.847796e+03 7.424863e+03 
9.172727e-02 7.836623e+03 6.813852e+03 
9.676768e-02 6.771313e+03 6.272297e+03 
1.018081e-01 5.777157e+03 5.790008e+03 
1.068485e-01 4.947797e+03 5.358673e+03 
1.118889e-01 4.328880e+03 4.971430e+03 
1.169293e-01 3.921832e+03 4.622559e+03 
1.219697e-01 3.698599e+03 4.307244e+03 
1.270101e-01 3.614118e+03 4.021407e+03 
1.320505e-01 3.612746e+03 3.761572e+03 
1.370909e-01 3.635435e+03 3.524756e+03 
1.421313e-01 3.629341e+03 3.308390e+03 
1.471717e-01 3.556299e+03 3.110249e+03 
1.522121e-01 3.398179e+03 2.928400e+03 
1.572525e-01 3.159803e+03 2.761156e+03 
1.622929e-01 2.867710e+03 2.607039e+03 
1.673333e-01 2.561317e+03 2.464750e+03 
1.723737e-01 2.277847e+03 2.333145e+03 
1.774141e-01 2.042441e+03 2.211214e+03 
1.824545e-01 1.866807e+03 2.098058e+03 
1.874949e-01 1.752385e+03 1.992881e+03 
1.925354e-01 1.693044e+03 1.894973e+03 
1.975758e-01 1.675770e+03 1.803699e+03 
2.026162e-01 1.682350e+03 1.718491e+03 
2.076566e-01 1.693160e+03 1.638840e+03 
2.126970e-01 1.691178e+03 1.564288e+03 
2.177374e-01 1.664528e+03 1.494421e+03 
2.227778e-01 1.607816e+03 1.428867e+03 
2.278182e-01 1.522833e+03 1.367289e+03 
2.328586e-01 1.418069e+03 1.309382e+03 
2.378990e-01 1.305982e+03 1.254868e+03 
2.429394e-01 1.198976e+03 1.203495e+03 
2.479798e-01 1.106602e+03 1.155034e+03 
2.530202e-01 1.034564e+03 1.109275e+03 
2.580606e-01 9.846491e+02 1.066028e+03 
2.631010e-01 9.551747e+02 1.025117e+03 
2.681414e-01 9.416614e+02 9.863823e+02 
2.731818e-01 9.378224e+02 9.496767e+02 
2.782222e-01 9.368658e+02 9.148652e+02 
2.832626e-01 9.325710e+02 8.818236e+02 
2.883030e-01 9.201377e+02 8.504376e+02 
2.933434e-01 8.969089e+02 8.206017e+02 
2.983838e-01 8.628842e+02 7.922185e+02 
3.034242e-01 8.205731e+02 7.651981e+02 
3.084646e-01 7.741339e+02 7.394572e+02 
3.135051e-01 7.280534e+02 7.149188e+02 
3.185455e-01 6.861778e+02 6.915112e+02 
3.235859e-01 6.511472e+02 6.691683e+02 
3.286263e-01 6.242576e+02 6.478282e+02 
3.336667e-01 6.055136e+02 6.274338e+02 
3.387071e-01 5.936549e+02 6.079315e+02 
3.437475e-01 5.865101e+02 5.892717e+02 
3.487879e-01 5.814999e+02 5.714080e+02 
3.538283e-01 5.761505e+02 5.542971e+02 
3.588687e-01 5.684940e+02 5.378986e+02 
3.639091e-01 5.572590e+02 5.221746e+02 
3.689495e-01 5.420044e+02 5.070898e+02 
3.739899e-01 5.232377e+02 4.926110e+02 
3.790303e-01 5.022089e+02 4.787071e+02 
3.840707e-01 4.805509e+02 4.653491e+02 
3.891111e-01 4.598234e+02 4.525096e+02 
3.941515e-01 4.412714e+02 4.401629e+02 
3.991919e-01 4.256785e+02 4.282849e+02 
4.042323e-01 4.133410e+02 4.168528e+02 
4.092727e-01 4.040060e+02 4.058453e+02 
4.143131e-01 3.970080e+02 3.952423e+02 
4.193535e-01 3.914444e+02 3.850247e+02 
4.243939e-01 3.863487e+02 3.751747e+02 
4.294343e-01 3.808653e+02 3.656754e+02 
4.344747e-01 3.743236e+02 3.565108e+02 
4.395152e-01 3.663639e+02 3.476659e+02 
4.445556e-01 3.569902e+02 3.391264e+02 
4.495960e-01 3.465412e+02 3.308788e+02 
4.546364e-01 3.355469e+02 3.229104e+02 
4.596768e-01 3.245946e+02 3.152092e+02 
4.647172e-01 3.142164e+02 3.077636e+02 
4.697576e-01 3.048505e+02 3.005628e+02 
4.747980e-01 2.967536e+02 2.935966e+02 
4.798384e-01 2.899616e+02 2.868551e+02 
4.848788e-01 2.842974e+02 2.803291e+02 
4.899192e-01 2.794589e+02 2.740098e+02 
4.949596e-01 2.751013e+02 2.678888e+02 
5.000000e-01 2.708734e+02 2.619582e+02 
