1.000000e-03 2.975886e+03 2.975883e+03 
6.040404e-03 1.350879e+04 1.360864e+04 
1.108081e-02 1.863681e+04 1.872949e+04 
1.612121e-02 2.039008e+04 2.042815e+04 
2.116162e-02 2.007957e+04 1.997338e+04 
2.620202e-02 1.864821e+04 1.853013e+04 
3.124242e-02 1.678563e+04 1.691023e+04 
3.628283e-02 1.494622e+04 1.540836e+04 
4.132323e-02 1.337317e+04 1.407068e+04 
4.636364e-02 1.213552e+04 1.288210e+04 
5.140404e-02 1.121967e+04 1.182163e+04 
5.644444e-02 1.052345e+04 1.087185e+04 
6.148485e-02 9.938634e+03 1.001881e+04 
6.652525e-02 9.383067e+03 9.250992e+03 
7.156566e-02 8.788695e+03 8.558567e+03 
7.660606e-02 8.134871e+03 7.933006e+03 
8.164646e-02 7.446000e+03 7.366833e+03 
8.668687e-02 6.769326e+03 6.853469e+03 
9.172727e-02 6.148188e+03 6.387124e+03 
9.676768e-02 5.612170e+03 5.962694e+03 
1.018081e-01 5.178167e+03 5.575685e+03 
1.068485e-01 4.847543e+03 5.222135e+03 
1.118889e-01 4.601752e+03 4.898552e+03 
1.169293e-01 4.409394e+03 4.601854e+03 
1.219697e-01 4.237825e+03 4.329320e+03 
1.270101e-01 4.062566e+03 4.078544e+03 
1.320505e-01 3.869989e+03 3.847394e+03 
1.370909e-01 3.656912e+03 3.633980e+03 
1.421313e-01 3.429256e+03 3.436623e+03 
1.471717e-01 3.198924e+03 3.253829e+03 
1.522121e-01 2.979966e+03 3.084266e+03 
1.572525e-01 2.784235e+03 2.926745e+03 
1.622929e-01 2.619518e+03 2.780202e+03 
1.673333e-01 2.487200e+03 2.643684e+03 
1.723737e-01 2.382736e+03 2.516336e+03 
1.774141e-01 2.297601e+03 2.397387e+03 
1.824545e-01 2.222745e+03 2.286145e+03 
1.874949e-01 2.150238e+03 2.181985e+03 
1.925354e-01 2.073975e+03 2.084341e+03 
1.975758e-01 1.990573e+03 1.992702e+03 
2.026162e-01 1.900433e+03 1.906603e+03 
2.076566e-01 1.807194e+03 1.825625e+03 
2.126970e-01 1.715596e+03 1.749383e+03 
2.177374e-01 1.629781e+03 1.677529e+03 
2.227778e-01 1.552571e+03 1.609745e+03 
2.278182e-01 1.485608e+03 1.545740e+03 
2.328586e-01 1.428879e+03 1.485248e+03 
2.378990e-01 1.380733e+03 1.428026e+03 
2.429394e-01 1.338341e+03 1.373850e+03 
2.479798e-01 1.298882e+03 1.322516e+03 
2.530202e-01 1.260025e+03 1.273835e+03 
2.580606e-01 1.220151e+03 1.227633e+03 
2.631010e-01 1.178471e+03 1.183751e+03 
2.681414e-01 1.135271e+03 1.142042e+03 
2.731818e-01 1.091773e+03 1.102368e+03 
2.782222e-01 1.049498e+03 1.064604e+03 
2.832626e-01 1.009707e+03 1.028634e+03 
2.883030e-01 9.731315e+02 9.943495e+02 
2.933434e-01 9.400626e+02 9.616499e+02 
2.983838e-01 9.104648e+02 9.304424e+02 
3.034242e-01 8.838370e+02 9.006406e+02 
3.084646e-01 8.593409e+02 8.721641e+02 
3.135051e-01 8.360028e+02 8.449380e+02 
3.185455e-01 8.130607e+02 8.188925e+02 
3.235859e-01 7.900933e+02 7.939625e+02 
3.286263e-01 7.669992e+02 7.700872e+02 
3.336667e-01 7.438747e+02 7.472099e+02 
3.387071e-01 7.209800e+02 7.252775e+02 
3.437475e-01 6.987051e+02 7.042403e+02 
3.487879e-01 6.774538e+02 6.840519e+02 
3.538283e-01 6.575275e+02 6.646685e+02 
3.588687e-01 6.389977e+02 6.460494e+02 
3.639091e-01 6.217637e+02 6.281561e+02 
3.689495e-01 6.056016e+02 6.109525e+02 
3.739899e-01 5.903069e+02 5.944049e+02 
3.790303e-01 5.756401e+02 5.784812e+02 
3.840707e-01 5.613782e+02 5.631516e+02 
3.891111e-01 5.473335e+02 5.483877e+02 
3.941515e-01 5.334375e+02 5.341629e+02 
3.991919e-01 5.197279e+02 5.204521e+02 
4.042323e-01 5.063114e+02 5.072316e+02 
4.092727e-01 4.932969e+02 4.944791e+02 
4.143131e-01 4.807586e+02 4.821733e+02 
4.193535e-01 4.687645e+02 4.702943e+02 
4.243939e-01 4.573430e+02 4.588233e+02 
4.294343e-01 4.464910e+02 4.477422e+02 
4.344747e-01 4.361446e+02 4.370342e+02 
4.395152e-01 4.262174e+02 4.266833e+02 
4.445556e-01 4.166150e+02 4.166742e+02 
4.495960e-01 4.072857e+02 4.069925e+02 
4.546364e-01 3.981800e+02 3.976245e+02 
4.596768e-01 3.892756e+02 3.885572e+02 
4.647172e-01 3.805619e+02 3.797783e+02 
4.697576e-01 3.720445e+02 3.712761e+02 
4.747980e-01 3.637557e+02 3.630394e+02 
4.798384e-01 3.557310e+02 3.550576e+02 
4.848788e-01 3.479894e+02 3.473206e+02 
4.899192e-01 3.405253e+02 3.398189e+02 
4.949596e-01 3.333249e+02 3.325432e+02 
5.000000e-01 3.263784e+02 3.254849e+02 
