1.000000e-03 3.572932e+03 3.572929e+03 
6.040404e-03 1.611634e+04 1.623835e+04 
1.108081e-02 2.198979e+04 2.211977e+04 
1.612121e-02 2.376165e+04 2.384759e+04 
2.116162e-02 2.306734e+04 2.296859e+04 
2.620202e-02 2.107547e+04 2.093694e+04 
3.124242e-02 1.863645e+04 1.878837e+04 
3.628283e-02 1.630197e+04 1.688047e+04 
4.132323e-02 1.435816e+04 1.524139e+04 
4.636364e-02 1.287317e+04 1.382639e+04 
5.140404e-02 1.182111e+04 1.259194e+04 
5.644444e-02 1.106192e+04 1.150560e+04 
6.148485e-02 1.046291e+04 1.054351e+04 
6.652525e-02 9.897159e+03 9.687423e+03 
7.156566e-02 9.283338e+03 8.922806e+03 
7.660606e-02 8.589739e+03 8.237696e+03 
8.164646e-02 7.837192e+03 7.622063e+03 
8.668687e-02 7.077804e+03 7.067382e+03 
9.172727e-02 6.367955e+03 6.566351e+03 
9.676768e-02 5.752645e+03 6.112679e+03 
1.018081e-01 5.259424e+03 5.700926e+03 
1.068485e-01 4.892378e+03 5.326369e+03 
1.118889e-01 4.631088e+03 4.984902e+03 
1.169293e-01 4.440532e+03 4.672939e+03 
1.219697e-01 4.283234e+03 4.387349e+03 
1.270101e-01 4.127417e+03 4.125383e+03 
1.320505e-01 3.950631e+03 3.884627e+03 
1.370909e-01 3.743220e+03 3.662957e+03 
1.421313e-01 3.509738e+03 3.458496e+03 
1.471717e-01 3.264301e+03 3.269585e+03 
1.522121e-01 3.024061e+03 3.094751e+03 
1.572525e-01 2.804906e+03 2.932688e+03 
1.622929e-01 2.618644e+03 2.782232e+03 
1.673333e-01 2.470702e+03 2.642343e+03 
1.723737e-01 2.358527e+03 2.512094e+03 
1.774141e-01 2.273156e+03 2.390652e+03 
1.824545e-01 2.203744e+03 2.277271e+03 
1.874949e-01 2.139938e+03 2.171279e+03 
1.925354e-01 2.073094e+03 2.072071e+03 
1.975758e-01 1.997420e+03 1.979102e+03 
2.026162e-01 1.911273e+03 1.891877e+03 
2.076566e-01 1.817270e+03 1.809951e+03 
2.126970e-01 1.720834e+03 1.732916e+03 
2.177374e-01 1.627728e+03 1.660406e+03 
2.227778e-01 1.542694e+03 1.592085e+03 
2.278182e-01 1.468803e+03 1.527646e+03 
2.328586e-01 1.407033e+03 1.466812e+03 
2.378990e-01 1.356414e+03 1.409328e+03 
2.429394e-01 1.314454e+03 1.354960e+03 
2.479798e-01 1.277814e+03 1.303495e+03 
2.530202e-01 1.243062e+03 1.254736e+03 
2.580606e-01 1.207261e+03 1.208503e+03 
2.631010e-01 1.168742e+03 1.164631e+03 
2.681414e-01 1.127383e+03 1.122966e+03 
2.731818e-01 1.084182e+03 1.083368e+03 
2.782222e-01 1.040651e+03 1.045707e+03 
2.832626e-01 9.984576e+02 1.009862e+03 
2.883030e-01 9.590778e+02 9.757221e+02 
2.933434e-01 9.236026e+02 9.431847e+02 
2.983838e-01 8.924110e+02 9.121540e+02 
3.034242e-01 8.651224e+02 8.825413e+02 
3.084646e-01 8.408807e+02 8.542642e+02 
3.135051e-01 8.186361e+02 8.272462e+02 
3.185455e-01 7.973561e+02 8.014160e+02 
3.235859e-01 7.761775e+02 7.767071e+02 
3.286263e-01 7.545260e+02 7.530575e+02 
3.336667e-01 7.322547e+02 7.304095e+02 
3.387071e-01 7.096349e+02 7.087091e+02 
3.437475e-01 6.871297e+02 6.879057e+02 
3.487879e-01 6.652723e+02 6.679521e+02 
3.538283e-01 6.445222e+02 6.488041e+02 
3.588687e-01 6.251989e+02 6.304203e+02 
3.639091e-01 6.074361e+02 6.127617e+02 
3.689495e-01 5.911425e+02 5.957919e+02 
3.739899e-01 5.760548e+02 5.794766e+02 
3.790303e-01 5.618648e+02 5.637836e+02 
3.840707e-01 5.482575e+02 5.486827e+02 
3.891111e-01 5.349445e+02 5.341453e+02 
3.941515e-01 5.217226e+02 5.201446e+02 
3.991919e-01 5.084999e+02 5.066553e+02 
4.042323e-01 4.953267e+02 4.936536e+02 
4.092727e-01 4.823543e+02 4.811169e+02 
4.143131e-01 4.697267e+02 4.690241e+02 
4.193535e-01 4.575827e+02 4.573550e+02 
4.243939e-01 4.459944e+02 4.460907e+02 
4.294343e-01 4.350262e+02 4.352132e+02 
4.344747e-01 4.246828e+02 4.247056e+02 
4.395152e-01 4.148996e+02 4.145518e+02 
4.445556e-01 4.055475e+02 4.047366e+02 
4.495960e-01 3.965244e+02 3.952455e+02 
4.546364e-01 3.877476e+02 3.860649e+02 
4.596768e-01 3.791653e+02 3.771818e+02 
4.647172e-01 3.707286e+02 3.685838e+02 
4.697576e-01 3.624096e+02 3.602592e+02 
4.747980e-01 3.542406e+02 3.521970e+02 
4.798384e-01 3.462781e+02 3.443865e+02 
4.848788e-01 3.385672e+02 3.368177e+02 
4.899192e-01 3.311309e+02 3.294810e+02 
4.949596e-01 3.239715e+02 3.223673e+02 
5.000000e-01 3.170908e+02 3.154680e+02 
