1.000000e-03 6.881532e+03 6.881526e+03 
6.040404e-03 3.121776e+04 3.148207e+04 
1.108081e-02 4.255795e+04 4.307471e+04 
1.612121e-02 4.545119e+04 4.629191e+04 
2.116162e-02 4.296214e+04 4.341141e+04 
2.620202e-02 3.750312e+04 3.709374e+04 
3.124242e-02 3.100538e+04 3.041891e+04 
3.628283e-02 2.482784e+04 2.497580e+04 
4.132323e-02 1.972616e+04 2.090140e+04 
4.636364e-02 1.593035e+04 1.785975e+04 
5.140404e-02 1.339659e+04 1.552585e+04 
5.644444e-02 1.186820e+04 1.367623e+04 
6.148485e-02 1.105033e+04 1.216864e+04 
6.652525e-02 1.065821e+04 1.091229e+04 
7.156566e-02 1.043599e+04 9.847348e+03 
7.660606e-02 1.017315e+04 8.932759e+03 
8.164646e-02 9.720718e+03 8.139200e+03 
8.668687e-02 9.020949e+03 7.444954e+03 
9.172727e-02 8.108223e+03 6.833447e+03 
9.676768e-02 7.082311e+03 6.291708e+03 
1.018081e-01 6.066468e+03 5.809378e+03 
1.068485e-01 5.169454e+03 5.378053e+03 
1.118889e-01 4.458636e+03 4.990818e+03 
1.169293e-01 3.955378e+03 4.641922e+03 
1.219697e-01 3.646544e+03 4.326541e+03 
1.270101e-01 3.498232e+03 4.040593e+03 
1.320505e-01 3.464122e+03 3.780600e+03 
1.370909e-01 3.490206e+03 3.543586e+03 
1.421313e-01 3.521541e+03 3.326986e+03 
1.471717e-01 3.511270e+03 3.128581e+03 
1.522121e-01 3.427685e+03 2.946442e+03 
1.572525e-01 3.258765e+03 2.778888e+03 
1.622929e-01 3.014697e+03 2.624444e+03 
1.673333e-01 2.724999e+03 2.481818e+03 
1.723737e-01 2.428058e+03 2.349867e+03 
1.774141e-01 2.157891e+03 2.227583e+03 
1.824545e-01 1.936418e+03 2.114072e+03 
1.874949e-01 1.773380e+03 2.008540e+03 
1.925354e-01 1.669479e+03 1.910277e+03 
1.975758e-01 1.618322e+03 1.818651e+03 
2.026162e-01 1.607215e+03 1.733094e+03 
2.076566e-01 1.618912e+03 1.653100e+03 
2.126970e-01 1.634847e+03 1.578209e+03 
2.177374e-01 1.638682e+03 1.508010e+03 
2.227778e-01 1.618547e+03 1.442130e+03 
2.278182e-01 1.568596e+03 1.380233e+03 
2.328586e-01 1.489918e+03 1.322014e+03 
2.378990e-01 1.390138e+03 1.267196e+03 
2.429394e-01 1.280965e+03 1.215526e+03 
2.479798e-01 1.174619e+03 1.166776e+03 
2.530202e-01 1.081002e+03 1.120736e+03 
2.580606e-01 1.006413e+03 1.077215e+03 
2.631010e-01 9.533717e+02 1.036038e+03 
2.681414e-01 9.210248e+02 9.970438e+02 
2.731818e-01 9.057541e+02 9.600864e+02 
2.782222e-01 9.020387e+02 9.250303e+02 
2.832626e-01 9.034579e+02 8.917511e+02 
2.883030e-01 9.036550e+02 8.601342e+02 
2.933434e-01 8.972741e+02 8.300742e+02 
2.983838e-01 8.807994e+02 8.014734e+02 
3.034242e-01 8.531182e+02 7.742416e+02 
3.084646e-01 8.156624e+02 7.482956e+02 
3.135051e-01 7.718534e+02 7.235580e+02 
3.185455e-01 7.260394e+02 6.999571e+02 
3.235859e-01 6.824262e+02 6.774263e+02 
3.286263e-01 6.442699e+02 6.559040e+02 
3.336667e-01 6.136059e+02 6.353325e+02 
3.387071e-01 5.911586e+02 6.156584e+02 
3.437475e-01 5.764107e+02 5.968317e+02 
3.487879e-01 5.678084e+02 5.788059e+02 
3.538283e-01 5.630559e+02 5.615375e+02 
3.588687e-01 5.596289e+02 5.449860e+02 
3.639091e-01 5.552126e+02 5.291134e+02 
3.689495e-01 5.480051e+02 5.138841e+02 
3.739899e-01 5.369335e+02 4.992649e+02 
3.790303e-01 5.217767e+02 4.852246e+02 
3.840707e-01 5.031915e+02 4.717340e+02 
3.891111e-01 4.824999e+02 4.587655e+02 
3.941515e-01 4.613507e+02 4.462934e+02 
3.991919e-01 4.412793e+02 4.342934e+02 
4.042323e-01 4.234652e+02 4.227427e+02 
4.092727e-01 4.086453e+02 4.116198e+02 
4.143131e-01 3.970665e+02 4.009044e+02 
4.193535e-01 3.884891e+02 3.905775e+02 
4.243939e-01 3.822593e+02 3.806211e+02 
4.294343e-01 3.774922e+02 3.710182e+02 
4.344747e-01 3.732246e+02 3.617528e+02 
4.395152e-01 3.685723e+02 3.528096e+02 
4.445556e-01 3.628594e+02 3.441745e+02 
4.495960e-01 3.556924e+02 3.358337e+02 
4.546364e-01 3.470225e+02 3.277745e+02 
4.596768e-01 3.371274e+02 3.199848e+02 
4.647172e-01 3.265198e+02 3.124529e+02 
4.697576e-01 3.157944e+02 3.051681e+02 
4.747980e-01 3.055163e+02 2.981199e+02 
4.798384e-01 2.961610e+02 2.912984e+02 
4.848788e-01 2.880232e+02 2.846945e+02 
4.899192e-01 2.812101e+02 2.782991e+02 
4.949596e-01 2.756207e+02 2.721039e+02 
5.000000e-01 2.709935e+02 2.661009e+02 
