1.000000e-03 2.754566e+03 2.754564e+03 
6.040404e-03 1.222692e+04 1.231360e+04 
1.108081e-02 1.664026e+04 1.665845e+04 
1.612121e-02 1.815135e+04 1.804804e+04 
2.116162e-02 1.801518e+04 1.781655e+04 
2.620202e-02 1.702904e+04 1.689160e+04 
3.124242e-02 1.571494e+04 1.576764e+04 
3.628283e-02 1.438615e+04 1.462783e+04 
4.132323e-02 1.319601e+04 1.353401e+04 
4.636364e-02 1.218032e+04 1.250891e+04 
5.140404e-02 1.132394e+04 1.156043e+04 
5.644444e-02 1.056383e+04 1.068955e+04 
6.148485e-02 9.848993e+03 9.893560e+03 
6.652525e-02 9.152433e+03 9.167919e+03 
7.156566e-02 8.463841e+03 8.507227e+03 
7.660606e-02 7.796440e+03 7.905859e+03 
8.164646e-02 7.175863e+03 7.358309e+03 
8.668687e-02 6.622589e+03 6.859373e+03 
9.172727e-02 6.142806e+03 6.404242e+03 
9.676768e-02 5.735057e+03 5.988536e+03 
1.018081e-01 5.391784e+03 5.608296e+03 
1.068485e-01 5.097012e+03 5.259971e+03 
1.118889e-01 4.828949e+03 4.940381e+03 
1.169293e-01 4.570461e+03 4.646691e+03 
1.219697e-01 4.314521e+03 4.376371e+03 
1.270101e-01 4.061876e+03 4.127169e+03 
1.320505e-01 3.817086e+03 3.897076e+03 
1.370909e-01 3.586320e+03 3.684299e+03 
1.421313e-01 3.375666e+03 3.487240e+03 
1.471717e-01 3.187559e+03 3.304469e+03 
1.522121e-01 3.021444e+03 3.134707e+03 
1.572525e-01 2.875040e+03 2.976809e+03 
1.622929e-01 2.744658e+03 2.829746e+03 
1.673333e-01 2.625244e+03 2.692594e+03 
1.723737e-01 2.511570e+03 2.564523e+03 
1.774141e-01 2.400690e+03 2.444783e+03 
1.824545e-01 2.292250e+03 2.332696e+03 
1.874949e-01 2.186999e+03 2.227652e+03 
1.925354e-01 2.086005e+03 2.129096e+03 
1.975758e-01 1.990645e+03 2.036527e+03 
2.026162e-01 1.902273e+03 1.949488e+03 
2.076566e-01 1.821376e+03 1.867565e+03 
2.126970e-01 1.747419e+03 1.790379e+03 
2.177374e-01 1.679300e+03 1.717586e+03 
2.227778e-01 1.615793e+03 1.648871e+03 
2.278182e-01 1.555732e+03 1.583947e+03 
2.328586e-01 1.498166e+03 1.522550e+03 
2.378990e-01 1.442664e+03 1.464437e+03 
2.429394e-01 1.389182e+03 1.409389e+03 
2.479798e-01 1.337724e+03 1.357199e+03 
2.530202e-01 1.288385e+03 1.307681e+03 
2.580606e-01 1.241463e+03 1.260662e+03 
2.631010e-01 1.197278e+03 1.215982e+03 
2.681414e-01 1.155889e+03 1.173494e+03 
2.731818e-01 1.116946e+03 1.133062e+03 
2.782222e-01 1.080050e+03 1.094559e+03 
2.832626e-01 1.044961e+03 1.057870e+03 
2.883030e-01 1.011507e+03 1.022885e+03 
2.933434e-01 9.794356e+02 9.895049e+02 
2.983838e-01 9.485350e+02 9.576357e+02 
3.034242e-01 9.187407e+02 9.271906e+02 
3.084646e-01 8.901335e+02 8.980889e+02 
3.135051e-01 8.627591e+02 8.702552e+02 
3.185455e-01 8.365675e+02 8.436195e+02 
3.235859e-01 8.115146e+02 8.181161e+02 
3.286263e-01 7.875944e+02 7.936839e+02 
3.336667e-01 7.647671e+02 7.702656e+02 
3.387071e-01 7.429408e+02 7.478077e+02 
3.437475e-01 7.219941e+02 7.262602e+02 
3.487879e-01 7.018363e+02 7.055760e+02 
3.538283e-01 6.824323e+02 6.857111e+02 
3.588687e-01 6.637445e+02 6.666242e+02 
3.639091e-01 6.457332e+02 6.482765e+02 
3.689495e-01 6.283686e+02 6.306316e+02 
3.739899e-01 6.116452e+02 6.136550e+02 
3.790303e-01 5.955624e+02 5.973146e+02 
3.840707e-01 5.800911e+02 5.815800e+02 
3.891111e-01 5.651819e+02 5.664225e+02 
3.941515e-01 5.508168e+02 5.518151e+02 
3.991919e-01 5.369775e+02 5.377324e+02 
4.042323e-01 5.236375e+02 5.241504e+02 
4.092727e-01 5.107577e+02 5.110463e+02 
4.143131e-01 4.982971e+02 4.983986e+02 
4.193535e-01 4.862442e+02 4.861872e+02 
4.243939e-01 4.746042e+02 4.743927e+02 
4.294343e-01 4.633569e+02 4.629970e+02 
4.344747e-01 4.524762e+02 4.519828e+02 
4.395152e-01 4.419439e+02 4.413339e+02 
4.445556e-01 4.317558e+02 4.310349e+02 
4.495960e-01 4.219167e+02 4.210709e+02 
4.546364e-01 4.123910e+02 4.114281e+02 
4.596768e-01 4.031578e+02 4.020932e+02 
4.647172e-01 3.942072e+02 3.930538e+02 
4.697576e-01 3.855373e+02 3.842977e+02 
4.747980e-01 3.771431e+02 3.758138e+02 
4.798384e-01 3.689993e+02 3.675911e+02 
4.848788e-01 3.610914e+02 3.596194e+02 
4.899192e-01 3.534185e+02 3.518888e+02 
4.949596e-01 3.459797e+02 3.443902e+02 
5.000000e-01 3.387631e+02 3.371145e+02 
