1.000000e-03 2.966123e+03 2.966121e+03 
6.040404e-03 1.306098e+04 1.315569e+04 
1.108081e-02 1.784302e+04 1.790476e+04 
1.612121e-02 1.946575e+04 1.944366e+04 
2.116162e-02 1.921821e+04 1.907592e+04 
2.620202e-02 1.797785e+04 1.786622e+04 
3.124242e-02 1.635750e+04 1.647708e+04 
3.628283e-02 1.474777e+04 1.514412e+04 
4.132323e-02 1.334980e+04 1.391828e+04 
4.636364e-02 1.221616e+04 1.280229e+04 
5.140404e-02 1.134504e+04 1.178935e+04 
5.644444e-02 1.062639e+04 1.087117e+04 
6.148485e-02 9.986920e+03 1.003942e+04 
6.652525e-02 9.364901e+03 9.286041e+03 
7.156566e-02 8.716791e+03 8.603384e+03 
7.660606e-02 8.039224e+03 7.984337e+03 
8.164646e-02 7.362228e+03 7.422369e+03 
8.668687e-02 6.726936e+03 6.911552e+03 
9.172727e-02 6.162476e+03 6.446547e+03 
9.676768e-02 5.683691e+03 6.022577e+03 
1.018081e-01 5.295224e+03 5.635382e+03 
1.068485e-01 4.989339e+03 5.281175e+03 
1.118889e-01 4.744134e+03 4.956594e+03 
1.169293e-01 4.530091e+03 4.658654e+03 
1.219697e-01 4.322187e+03 4.384707e+03 
1.270101e-01 4.106745e+03 4.132402e+03 
1.320505e-01 3.880372e+03 3.899651e+03 
1.370909e-01 3.646988e+03 3.684596e+03 
1.421313e-01 3.415369e+03 3.485582e+03 
1.471717e-01 3.195839e+03 3.301135e+03 
1.522121e-01 2.997344e+03 3.129935e+03 
1.572525e-01 2.825520e+03 2.970805e+03 
1.622929e-01 2.681621e+03 2.822689e+03 
1.673333e-01 2.562350e+03 2.684639e+03 
1.723737e-01 2.460651e+03 2.555803e+03 
1.774141e-01 2.368359e+03 2.435414e+03 
1.824545e-01 2.279162e+03 2.322780e+03 
1.874949e-01 2.189012e+03 2.217278e+03 
1.925354e-01 2.095969e+03 2.118341e+03 
1.975758e-01 2.000278e+03 2.025459e+03 
2.026162e-01 1.904564e+03 1.938165e+03 
2.076566e-01 1.812602e+03 1.856039e+03 
2.126970e-01 1.727441e+03 1.778695e+03 
2.177374e-01 1.650643e+03 1.705784e+03 
2.227778e-01 1.582453e+03 1.636986e+03 
2.278182e-01 1.522340e+03 1.572009e+03 
2.328586e-01 1.468853e+03 1.510586e+03 
2.378990e-01 1.419755e+03 1.452470e+03 
2.429394e-01 1.372897e+03 1.397438e+03 
2.479798e-01 1.326816e+03 1.345284e+03 
2.530202e-01 1.280811e+03 1.295816e+03 
2.580606e-01 1.234738e+03 1.248861e+03 
2.631010e-01 1.188933e+03 1.204256e+03 
2.681414e-01 1.144252e+03 1.161853e+03 
2.731818e-01 1.101748e+03 1.121515e+03 
2.782222e-01 1.062155e+03 1.083114e+03 
2.832626e-01 1.025651e+03 1.046533e+03 
2.883030e-01 9.920153e+02 1.011661e+03 
2.933434e-01 9.609096e+02 9.783985e+02 
2.983838e-01 9.318864e+02 9.466506e+02 
3.034242e-01 9.043821e+02 9.163299e+02 
3.084646e-01 8.778147e+02 8.873550e+02 
3.135051e-01 8.517613e+02 8.596502e+02 
3.185455e-01 8.260965e+02 8.331446e+02 
3.235859e-01 8.009384e+02 8.077725e+02 
3.286263e-01 7.764637e+02 7.834722e+02 
3.336667e-01 7.528380e+02 7.601862e+02 
3.387071e-01 7.302341e+02 7.378607e+02 
3.437475e-01 7.087925e+02 7.164453e+02 
3.487879e-01 6.885714e+02 6.958929e+02 
3.538283e-01 6.695138e+02 6.761592e+02 
3.588687e-01 6.514428e+02 6.572026e+02 
3.639091e-01 6.341405e+02 6.389844e+02 
3.689495e-01 6.174560e+02 6.214678e+02 
3.739899e-01 6.013074e+02 6.046184e+02 
3.790303e-01 5.856168e+02 5.884040e+02 
3.840707e-01 5.703352e+02 5.727940e+02 
3.891111e-01 5.554486e+02 5.577597e+02 
3.941515e-01 5.409972e+02 5.432740e+02 
3.991919e-01 5.270566e+02 5.293115e+02 
4.042323e-01 5.136682e+02 5.158481e+02 
4.092727e-01 5.008236e+02 5.028610e+02 
4.143131e-01 4.885007e+02 4.903288e+02 
4.193535e-01 4.766727e+02 4.782310e+02 
4.243939e-01 4.652990e+02 4.665486e+02 
4.294343e-01 4.543354e+02 4.552633e+02 
4.344747e-01 4.437236e+02 4.443579e+02 
4.395152e-01 4.334184e+02 4.338161e+02 
4.445556e-01 4.234005e+02 4.236224e+02 
4.495960e-01 4.136695e+02 4.137621e+02 
4.546364e-01 4.042296e+02 4.042214e+02 
4.596768e-01 3.950732e+02 3.949869e+02 
4.647172e-01 3.861916e+02 3.860462e+02 
4.697576e-01 3.775939e+02 3.773873e+02 
4.747980e-01 3.692909e+02 3.689988e+02 
4.798384e-01 3.612691e+02 3.608701e+02 
4.848788e-01 3.535056e+02 3.529907e+02 
4.899192e-01 3.459839e+02 3.453510e+02 
4.949596e-01 3.386819e+02 3.379416e+02 
5.000000e-01 3.315976e+02 3.307536e+02 
