1.000000e-03 2.504216e+03 2.504214e+03 
6.040404e-03 1.105801e+04 1.113577e+04 
1.108081e-02 1.510668e+04 1.511245e+04 
1.612121e-02 1.658423e+04 1.646891e+04 
2.116162e-02 1.660114e+04 1.640184e+04 
2.620202e-02 1.585099e+04 1.570127e+04 
3.124242e-02 1.478166e+04 1.477951e+04 
3.628283e-02 1.366028e+04 1.380280e+04 
4.132323e-02 1.261957e+04 1.283884e+04 
4.636364e-02 1.169205e+04 1.191834e+04 
5.140404e-02 1.089173e+04 1.105535e+04 
5.644444e-02 1.015050e+04 1.025517e+04 
6.148485e-02 9.453000e+03 9.518211e+03 
6.652525e-02 8.783002e+03 8.842217e+03 
7.156566e-02 8.133098e+03 8.223543e+03 
7.660606e-02 7.515289e+03 7.657926e+03 
8.164646e-02 6.950633e+03 7.140936e+03 
8.668687e-02 6.451511e+03 6.668236e+03 
9.172727e-02 6.015394e+03 6.235718e+03 
9.676768e-02 5.635285e+03 5.839571e+03 
1.018081e-01 5.304137e+03 5.476309e+03 
1.068485e-01 5.009943e+03 5.142765e+03 
1.118889e-01 4.736668e+03 4.836086e+03 
1.169293e-01 4.472509e+03 4.553703e+03 
1.219697e-01 4.214858e+03 4.293315e+03 
1.270101e-01 3.967376e+03 4.052857e+03 
1.320505e-01 3.734640e+03 3.830481e+03 
1.370909e-01 3.520109e+03 3.624532e+03 
1.421313e-01 3.325671e+03 3.433528e+03 
1.471717e-01 3.150866e+03 3.256136e+03 
1.522121e-01 2.994009e+03 3.091164e+03 
1.572525e-01 2.852370e+03 2.937539e+03 
1.622929e-01 2.722390e+03 2.794294e+03 
1.673333e-01 2.600248e+03 2.660561e+03 
1.723737e-01 2.482980e+03 2.535556e+03 
1.774141e-01 2.370045e+03 2.418568e+03 
1.824545e-01 2.261929e+03 2.308958e+03 
1.874949e-01 2.159120e+03 2.206145e+03 
1.925354e-01 2.062070e+03 2.109603e+03 
1.975758e-01 1.971518e+03 2.018852e+03 
2.026162e-01 1.887954e+03 1.933457e+03 
2.076566e-01 1.810831e+03 1.853023e+03 
2.126970e-01 1.739001e+03 1.777186e+03 
2.177374e-01 1.671462e+03 1.705619e+03 
2.227778e-01 1.607626e+03 1.638017e+03 
2.278182e-01 1.546904e+03 1.574105e+03 
2.328586e-01 1.488730e+03 1.513629e+03 
2.378990e-01 1.432953e+03 1.456356e+03 
2.429394e-01 1.379751e+03 1.402073e+03 
2.479798e-01 1.329248e+03 1.350582e+03 
2.530202e-01 1.281326e+03 1.301702e+03 
2.580606e-01 1.235899e+03 1.255266e+03 
2.631010e-01 1.192968e+03 1.211119e+03 
2.681414e-01 1.152451e+03 1.169119e+03 
2.731818e-01 1.114057e+03 1.129134e+03 
2.782222e-01 1.077402e+03 1.091041e+03 
2.832626e-01 1.042297e+03 1.054727e+03 
2.883030e-01 1.008695e+03 1.020087e+03 
2.933434e-01 9.765523e+02 9.870222e+02 
2.983838e-01 9.457731e+02 9.554428e+02 
3.034242e-01 9.162609e+02 9.252639e+02 
3.084646e-01 8.879960e+02 8.964067e+02 
3.135051e-01 8.609845e+02 8.687976e+02 
3.185455e-01 8.351976e+02 8.423682e+02 
3.235859e-01 8.105397e+02 8.170545e+02 
3.286263e-01 7.868861e+02 7.927966e+02 
3.336667e-01 7.641926e+02 7.695385e+02 
3.387071e-01 7.424290e+02 7.472280e+02 
3.437475e-01 7.215378e+02 7.258158e+02 
3.487879e-01 7.014409e+02 7.052560e+02 
3.538283e-01 6.820771e+02 6.855055e+02 
3.588687e-01 6.634352e+02 6.665236e+02 
3.639091e-01 6.455228e+02 6.482724e+02 
3.689495e-01 6.283061e+02 6.307160e+02 
3.739899e-01 6.117271e+02 6.138208e+02 
3.790303e-01 5.957470e+02 5.975550e+02 
3.840707e-01 5.803515e+02 5.818887e+02 
3.891111e-01 5.655303e+02 5.667939e+02 
3.941515e-01 5.512463e+02 5.522439e+02 
3.991919e-01 5.374514e+02 5.382137e+02 
4.042323e-01 5.241189e+02 5.246796e+02 
4.092727e-01 5.112515e+02 5.116192e+02 
4.143131e-01 4.988371e+02 4.990114e+02 
4.193535e-01 4.868407e+02 4.868362e+02 
4.243939e-01 4.752346e+02 4.750747e+02 
4.294343e-01 4.640120e+02 4.637089e+02 
4.344747e-01 4.531691e+02 4.527218e+02 
4.395152e-01 4.426851e+02 4.420973e+02 
4.445556e-01 4.325423e+02 4.318202e+02 
4.495960e-01 4.227168e+02 4.218759e+02 
4.546364e-01 4.131949e+02 4.122507e+02 
4.596768e-01 4.039837e+02 4.029315e+02 
4.647172e-01 3.950622e+02 3.939059e+02 
4.697576e-01 3.864071e+02 3.851621e+02 
4.747980e-01 3.780126e+02 3.766888e+02 
4.798384e-01 3.698745e+02 3.684753e+02 
4.848788e-01 3.619811e+02 3.605115e+02 
4.899192e-01 3.543306e+02 3.527876e+02 
4.949596e-01 3.468999e+02 3.452944e+02 
5.000000e-01 3.396801e+02 3.380232e+02 
