1.000000e-03 4.336292e+03 4.336288e+03 
6.040404e-03 1.947296e+04 1.962656e+04 
1.108081e-02 2.658979e+04 2.681021e+04 
1.612121e-02 2.866070e+04 2.891676e+04 
2.116162e-02 2.761013e+04 2.761456e+04 
2.620202e-02 2.487115e+04 2.465085e+04 
3.124242e-02 2.153330e+04 2.153838e+04 
3.628283e-02 1.833285e+04 1.888141e+04 
4.132323e-02 1.566939e+04 1.671632e+04 
4.636364e-02 1.365478e+04 1.493743e+04 
5.140404e-02 1.227802e+04 1.344641e+04 
5.644444e-02 1.137330e+04 1.217395e+04 
6.148485e-02 1.076448e+04 1.107303e+04 
6.652525e-02 1.028486e+04 1.011085e+04 
7.156566e-02 9.789779e+03 9.263523e+03 
7.660606e-02 9.192371e+03 8.512880e+03 
8.164646e-02 8.471408e+03 7.844645e+03 
8.668687e-02 7.664185e+03 7.247294e+03 
9.172727e-02 6.837743e+03 6.711352e+03 
9.676768e-02 6.063312e+03 6.228915e+03 
1.018081e-01 5.400433e+03 5.793324e+03 
1.068485e-01 4.883895e+03 5.398918e+03 
1.118889e-01 4.517184e+03 5.040857e+03 
1.169293e-01 4.277336e+03 4.714979e+03 
1.219697e-01 4.126740e+03 4.417689e+03 
1.270101e-01 4.023958e+03 4.145867e+03 
1.320505e-01 3.929158e+03 3.896798e+03 
1.370909e-01 3.809447e+03 3.668108e+03 
1.421313e-01 3.645919e+03 3.457719e+03 
1.471717e-01 3.436645e+03 3.263803e+03 
1.522121e-01 3.193805e+03 3.084748e+03 
1.572525e-01 2.937860e+03 2.919129e+03 
1.622929e-01 2.691812e+03 2.765685e+03 
1.673333e-01 2.475705e+03 2.623294e+03 
1.723737e-01 2.301904e+03 2.490957e+03 
1.774141e-01 2.173179e+03 2.367785e+03 
1.824545e-01 2.084308e+03 2.252979e+03 
1.874949e-01 2.025347e+03 2.145826e+03 
1.925354e-01 1.984054e+03 2.045683e+03 
1.975758e-01 1.947380e+03 1.951973e+03 
2.026162e-01 1.903661e+03 1.864177e+03 
2.076566e-01 1.845280e+03 1.781822e+03 
2.126970e-01 1.770151e+03 1.704485e+03 
2.177374e-01 1.681200e+03 1.631779e+03 
2.227778e-01 1.584595e+03 1.563354e+03 
2.278182e-01 1.487928e+03 1.498892e+03 
2.328586e-01 1.398310e+03 1.438102e+03 
2.378990e-01 1.320960e+03 1.380721e+03 
2.429394e-01 1.258465e+03 1.326505e+03 
2.479798e-01 1.210800e+03 1.275235e+03 
2.530202e-01 1.175721e+03 1.226707e+03 
2.580606e-01 1.149320e+03 1.180736e+03 
2.631010e-01 1.126847e+03 1.137151e+03 
2.681414e-01 1.103830e+03 1.095795e+03 
2.731818e-01 1.077097e+03 1.056523e+03 
2.782222e-01 1.045139e+03 1.019203e+03 
2.832626e-01 1.007971e+03 9.837101e+02 
2.883030e-01 9.668640e+02 9.499319e+02 
2.933434e-01 9.240519e+02 9.177629e+02 
2.983838e-01 8.822126e+02 8.871058e+02 
3.034242e-01 8.437325e+02 8.578702e+02 
3.084646e-01 8.101420e+02 8.299723e+02 
3.135051e-01 7.819653e+02 8.033343e+02 
3.185455e-01 7.588964e+02 7.778838e+02 
3.235859e-01 7.399978e+02 7.535536e+02 
3.286263e-01 7.238492e+02 7.302808e+02 
3.336667e-01 7.088474e+02 7.080069e+02 
3.387071e-01 6.935253e+02 6.866774e+02 
3.437475e-01 6.768910e+02 6.662413e+02 
3.487879e-01 6.585637e+02 6.466509e+02 
3.538283e-01 6.386877e+02 6.278616e+02 
3.588687e-01 6.178101e+02 6.098317e+02 
3.639091e-01 5.967155e+02 5.925220e+02 
3.689495e-01 5.762929e+02 5.758960e+02 
3.739899e-01 5.572837e+02 5.599191e+02 
3.790303e-01 5.401553e+02 5.445591e+02 
3.840707e-01 5.250479e+02 5.297855e+02 
3.891111e-01 5.118223e+02 5.155699e+02 
3.941515e-01 5.001273e+02 5.018852e+02 
3.991919e-01 4.894510e+02 4.887063e+02 
4.042323e-01 4.792363e+02 4.760092e+02 
4.092727e-01 4.689879e+02 4.637716e+02 
4.143131e-01 4.583886e+02 4.519720e+02 
4.193535e-01 4.473490e+02 4.405906e+02 
4.243939e-01 4.359364e+02 4.296084e+02 
4.294343e-01 4.243201e+02 4.190076e+02 
4.344747e-01 4.127523e+02 4.087711e+02 
4.395152e-01 4.015342e+02 3.988831e+02 
4.445556e-01 3.909232e+02 3.893283e+02 
4.495960e-01 3.810906e+02 3.800924e+02 
4.546364e-01 3.720571e+02 3.711618e+02 
4.596768e-01 3.637458e+02 3.625236e+02 
4.647172e-01 3.560484e+02 3.541656e+02 
4.697576e-01 3.487984e+02 3.460761e+02 
4.747980e-01 3.418111e+02 3.382442e+02 
4.798384e-01 3.349021e+02 3.306592e+02 
4.848788e-01 3.279481e+02 3.233114e+02 
4.899192e-01 3.209236e+02 3.161912e+02 
4.949596e-01 3.138580e+02 3.092895e+02 
5.000000e-01 3.068144e+02 3.025979e+02 
