1.000000e-03 4.738224e+03 4.738220e+03 
6.040404e-03 2.126082e+04 2.142991e+04 
1.108081e-02 2.886739e+04 2.912153e+04 
1.612121e-02 3.089895e+04 3.120385e+04 
2.116162e-02 2.951484e+04 2.953148e+04 
2.620202e-02 2.632323e+04 2.607856e+04 
3.124242e-02 2.253948e+04 2.254719e+04 
3.628283e-02 1.897408e+04 1.959068e+04 
4.132323e-02 1.605284e+04 1.722128e+04 
4.636364e-02 1.388040e+04 1.530151e+04 
5.140404e-02 1.242914e+04 1.371062e+04 
5.644444e-02 1.150290e+04 1.236538e+04 
6.148485e-02 1.090412e+04 1.121020e+04 
6.652525e-02 1.043919e+04 1.020685e+04 
7.156566e-02 9.953040e+03 9.327886e+03 
7.660606e-02 9.349197e+03 8.552705e+03 
8.164646e-02 8.602675e+03 7.865320e+03 
8.668687e-02 7.753861e+03 7.252967e+03 
9.172727e-02 6.879215e+03 6.705254e+03 
9.676768e-02 6.061153e+03 6.213587e+03 
1.018081e-01 5.366733e+03 5.770777e+03 
1.068485e-01 4.832120e+03 5.370755e+03 
1.118889e-01 4.459104e+03 5.008361e+03 
1.169293e-01 4.222746e+03 4.679182e+03 
1.219697e-01 4.083304e+03 4.379422e+03 
1.270101e-01 3.995480e+03 4.105802e+03 
1.320505e-01 3.914497e+03 3.855478e+03 
1.370909e-01 3.803846e+03 3.625973e+03 
1.421313e-01 3.643232e+03 3.415124e+03 
1.471717e-01 3.431126e+03 3.221035e+03 
1.522121e-01 3.180708e+03 3.042038e+03 
1.572525e-01 2.914183e+03 2.876664e+03 
1.622929e-01 2.657613e+03 2.723614e+03 
1.673333e-01 2.433829e+03 2.581734e+03 
1.723737e-01 2.256340e+03 2.450002e+03 
1.774141e-01 2.127343e+03 2.327506e+03 
1.824545e-01 2.040877e+03 2.213431e+03 
1.874949e-01 1.986553e+03 2.107049e+03 
1.925354e-01 1.951392e+03 2.007707e+03 
1.975758e-01 1.920878e+03 1.914818e+03 
2.026162e-01 1.881838e+03 1.827853e+03 
2.076566e-01 1.825880e+03 1.746336e+03 
2.126970e-01 1.750998e+03 1.669837e+03 
2.177374e-01 1.660611e+03 1.597964e+03 
2.227778e-01 1.561527e+03 1.530365e+03 
2.278182e-01 1.461905e+03 1.466718e+03 
2.328586e-01 1.369622e+03 1.406731e+03 
2.378990e-01 1.290636e+03 1.350138e+03 
2.429394e-01 1.227890e+03 1.296696e+03 
2.479798e-01 1.181274e+03 1.246182e+03 
2.530202e-01 1.148132e+03 1.198393e+03 
2.580606e-01 1.124100e+03 1.153143e+03 
2.631010e-01 1.104107e+03 1.110261e+03 
2.681414e-01 1.083389e+03 1.069589e+03 
2.731818e-01 1.058416e+03 1.030983e+03 
2.782222e-01 1.027374e+03 9.943105e+02 
2.832626e-01 9.902634e+02 9.594475e+02 
2.883030e-01 9.486211e+02 9.262809e+02 
2.933434e-01 9.050446e+02 8.947059e+02 
2.983838e-01 8.624460e+02 8.646254e+02 
3.034242e-01 8.233669e+02 8.359494e+02 
3.084646e-01 7.895363e+02 8.085946e+02 
3.135051e-01 7.616102e+02 7.824835e+02 
3.185455e-01 7.392677e+02 7.575441e+02 
3.235859e-01 7.213893e+02 7.337095e+02 
3.286263e-01 7.063567e+02 7.109175e+02 
3.336667e-01 6.924257e+02 6.891099e+02 
3.387071e-01 6.780808e+02 6.682327e+02 
3.437475e-01 6.621990e+02 6.482352e+02 
3.487879e-01 6.442959e+02 6.290701e+02 
3.538283e-01 6.245202e+02 6.106935e+02 
3.588687e-01 6.035555e+02 5.930638e+02 
3.639091e-01 5.823409e+02 5.761424e+02 
3.689495e-01 5.618080e+02 5.598930e+02 
3.739899e-01 5.427291e+02 5.442815e+02 
3.790303e-01 5.256483e+02 5.292761e+02 
3.840707e-01 5.107932e+02 5.148467e+02 
3.891111e-01 4.980063e+02 5.009650e+02 
3.941515e-01 4.868467e+02 4.876046e+02 
3.991919e-01 4.767090e+02 4.747404e+02 
4.042323e-01 4.669846e+02 4.623490e+02 
4.092727e-01 4.571942e+02 4.504081e+02 
4.143131e-01 4.469933e+02 4.388968e+02 
4.193535e-01 4.362246e+02 4.277954e+02 
4.243939e-01 4.249407e+02 4.170853e+02 
4.294343e-01 4.133796e+02 4.067487e+02 
4.344747e-01 4.018566e+02 3.967692e+02 
4.395152e-01 3.907047e+02 3.871308e+02 
4.445556e-01 3.801809e+02 3.778188e+02 
4.495960e-01 3.704595e+02 3.688189e+02 
4.546364e-01 3.615967e+02 3.601179e+02 
4.596768e-01 3.535382e+02 3.517030e+02 
4.647172e-01 3.461415e+02 3.435622e+02 
4.697576e-01 3.391836e+02 3.356840e+02 
4.747980e-01 3.324603e+02 3.280577e+02 
4.798384e-01 3.257900e+02 3.206729e+02 
4.848788e-01 3.190651e+02 3.135199e+02 
4.899192e-01 3.122270e+02 3.065894e+02 
4.949596e-01 3.052887e+02 2.998724e+02 
5.000000e-01 2.983306e+02 2.933606e+02 
