1.000000e-03 5.342324e+03 5.342319e+03 
6.040404e-03 2.286157e+04 2.304186e+04 
1.108081e-02 3.044626e+04 3.069469e+04 
1.612121e-02 3.218659e+04 3.245087e+04 
2.116162e-02 3.049033e+04 3.045766e+04 
2.620202e-02 2.706339e+04 2.683646e+04 
3.124242e-02 2.314311e+04 2.324643e+04 
3.628283e-02 1.952328e+04 2.025503e+04 
4.132323e-02 1.659836e+04 1.784273e+04 
4.636364e-02 1.444128e+04 1.587159e+04 
5.140404e-02 1.300240e+04 1.422654e+04 
5.644444e-02 1.206507e+04 1.282863e+04 
6.148485e-02 1.142463e+04 1.162453e+04 
6.652525e-02 1.088197e+04 1.057689e+04 
7.156566e-02 1.029753e+04 9.658380e+03 
7.660606e-02 9.591033e+03 8.848172e+03 
8.164646e-02 8.755596e+03 8.129873e+03 
8.668687e-02 7.846455e+03 7.490271e+03 
9.172727e-02 6.946809e+03 6.918537e+03 
9.676768e-02 6.135880e+03 6.405672e+03 
1.018081e-01 5.469881e+03 5.944125e+03 
1.068485e-01 4.971768e+03 5.527509e+03 
1.118889e-01 4.631466e+03 5.150389e+03 
1.169293e-01 4.415462e+03 4.808111e+03 
1.219697e-01 4.278836e+03 4.496673e+03 
1.270101e-01 4.174153e+03 4.212618e+03 
1.320505e-01 4.058609e+03 3.952949e+03 
1.370909e-01 3.903127e+03 3.715057e+03 
1.421313e-01 3.697858e+03 3.496665e+03 
1.471717e-01 3.450034e+03 3.295777e+03 
1.522121e-01 3.178099e+03 3.110641e+03 
1.572525e-01 2.906196e+03 2.939712e+03 
1.622929e-01 2.659014e+03 2.781625e+03 
1.673333e-01 2.454779e+03 2.635171e+03 
1.723737e-01 2.299920e+03 2.499278e+03 
1.774141e-01 2.190472e+03 2.372991e+03 
1.824545e-01 2.116811e+03 2.255455e+03 
1.874949e-01 2.066629e+03 2.145910e+03 
1.925354e-01 2.026070e+03 2.043673e+03 
1.975758e-01 1.981386e+03 1.948129e+03 
2.026162e-01 1.922473e+03 1.858728e+03 
2.076566e-01 1.845758e+03 1.774971e+03 
2.126970e-01 1.753816e+03 1.696410e+03 
2.177374e-01 1.652823e+03 1.622638e+03 
2.227778e-01 1.550372e+03 1.553287e+03 
2.278182e-01 1.454102e+03 1.488022e+03 
2.328586e-01 1.370217e+03 1.426540e+03 
2.378990e-01 1.302092e+03 1.368562e+03 
2.429394e-01 1.249863e+03 1.313837e+03 
2.479798e-01 1.211083e+03 1.262133e+03 
2.530202e-01 1.181677e+03 1.213241e+03 
2.580606e-01 1.156837e+03 1.166965e+03 
2.631010e-01 1.131878e+03 1.123129e+03 
2.681414e-01 1.103237e+03 1.081570e+03 
2.731818e-01 1.069156e+03 1.042139e+03 
2.782222e-01 1.029762e+03 1.004696e+03 
2.832626e-01 9.866052e+02 9.691144e+02 
2.883030e-01 9.420416e+02 9.352775e+02 
2.933434e-01 8.986949e+02 9.030765e+02 
2.983838e-01 8.589235e+02 8.724109e+02 
3.034242e-01 8.243182e+02 8.431878e+02 
3.084646e-01 7.954164e+02 8.153210e+02 
3.135051e-01 7.717363e+02 7.887306e+02 
3.185455e-01 7.520801e+02 7.633422e+02 
3.235859e-01 7.349275e+02 7.390868e+02 
3.286263e-01 7.187233e+02 7.159001e+02 
3.336667e-01 7.020906e+02 6.937223e+02 
3.387071e-01 6.840742e+02 6.724975e+02 
3.437475e-01 6.643408e+02 6.521736e+02 
3.487879e-01 6.432028e+02 6.327020e+02 
3.538283e-01 6.213836e+02 6.140371e+02 
3.588687e-01 5.997407e+02 5.961365e+02 
3.639091e-01 5.790405e+02 5.789602e+02 
3.689495e-01 5.599367e+02 5.624711e+02 
3.739899e-01 5.428165e+02 5.466339e+02 
3.790303e-01 5.277723e+02 5.314160e+02 
3.840707e-01 5.145450e+02 5.167864e+02 
3.891111e-01 5.026406e+02 5.027162e+02 
3.941515e-01 4.915111e+02 4.891782e+02 
3.991919e-01 4.806610e+02 4.761465e+02 
4.042323e-01 4.696953e+02 4.635972e+02 
4.092727e-01 4.583671e+02 4.515075e+02 
4.143131e-01 4.466337e+02 4.398558e+02 
4.193535e-01 4.346402e+02 4.286220e+02 
4.243939e-01 4.226380e+02 4.177869e+02 
4.294343e-01 4.109022e+02 4.073325e+02 
4.344747e-01 3.996757e+02 3.972417e+02 
4.395152e-01 3.891509e+02 3.874984e+02 
4.445556e-01 3.794322e+02 3.780873e+02 
4.495960e-01 3.704985e+02 3.689939e+02 
4.546364e-01 3.622324e+02 3.602046e+02 
4.596768e-01 3.544663e+02 3.517064e+02 
4.647172e-01 3.470210e+02 3.434869e+02 
4.697576e-01 3.397414e+02 3.355345e+02 
4.747980e-01 3.324925e+02 3.278381e+02 
4.798384e-01 3.252051e+02 3.203872e+02 
4.848788e-01 3.178775e+02 3.131718e+02 
4.899192e-01 3.105760e+02 3.061824e+02 
4.949596e-01 3.033843e+02 2.994099e+02 
5.000000e-01 2.963820e+02 2.928457e+02 
