1.000000e-03 4.419679e+03 4.419675e+03 
6.040404e-03 1.936325e+04 1.950941e+04 
1.108081e-02 2.585259e+04 2.601326e+04 
1.612121e-02 2.738306e+04 2.748774e+04 
2.116162e-02 2.606070e+04 2.593639e+04 
2.620202e-02 2.334692e+04 2.320819e+04 
3.124242e-02 2.026805e+04 2.051860e+04 
3.628283e-02 1.745632e+04 1.821867e+04 
4.132323e-02 1.520529e+04 1.629150e+04 
4.636364e-02 1.354881e+04 1.465856e+04 
5.140404e-02 1.242148e+04 1.325521e+04 
5.644444e-02 1.162905e+04 1.203570e+04 
6.148485e-02 1.099180e+04 1.096731e+04 
6.652525e-02 1.036863e+04 1.002561e+04 
7.156566e-02 9.674350e+03 9.191543e+03 
7.660606e-02 8.882023e+03 8.449792e+03 
8.164646e-02 8.025494e+03 7.787753e+03 
8.668687e-02 7.175552e+03 7.194914e+03 
9.172727e-02 6.403103e+03 6.662412e+03 
9.676768e-02 5.758363e+03 6.182723e+03 
1.018081e-01 5.263298e+03 5.749420e+03 
1.068485e-01 4.910242e+03 5.356995e+03 
1.118889e-01 4.668162e+03 5.000699e+03 
1.169293e-01 4.493453e+03 4.676431e+03 
1.219697e-01 4.342088e+03 4.380635e+03 
1.270101e-01 4.177452e+03 4.110215e+03 
1.320505e-01 3.978502e+03 3.862473e+03 
1.370909e-01 3.742815e+03 3.635046e+03 
1.421313e-01 3.482000e+03 3.425863e+03 
1.471717e-01 3.214492e+03 3.233101e+03 
1.522121e-01 2.960446e+03 3.055152e+03 
1.572525e-01 2.738497e+03 2.890594e+03 
1.622929e-01 2.560144e+03 2.738168e+03 
1.673333e-01 2.425856e+03 2.596753e+03 
1.723737e-01 2.327005e+03 2.465354e+03 
1.774141e-01 2.251716e+03 2.343080e+03 
1.824545e-01 2.188047e+03 2.229136e+03 
1.874949e-01 2.124643e+03 2.122809e+03 
1.925354e-01 2.052183e+03 2.023459e+03 
1.975758e-01 1.966351e+03 1.930510e+03 
2.026162e-01 1.869247e+03 1.843441e+03 
2.076566e-01 1.766878e+03 1.761786e+03 
2.126970e-01 1.665812e+03 1.685118e+03 
2.177374e-01 1.571862e+03 1.613054e+03 
2.227778e-01 1.489545e+03 1.545245e+03 
2.278182e-01 1.421250e+03 1.481373e+03 
2.328586e-01 1.366438e+03 1.421149e+03 
2.378990e-01 1.322264e+03 1.364311e+03 
2.429394e-01 1.284840e+03 1.310616e+03 
2.479798e-01 1.250208e+03 1.259845e+03 
2.530202e-01 1.214867e+03 1.211797e+03 
2.580606e-01 1.176412e+03 1.166286e+03 
2.631010e-01 1.134230e+03 1.123143e+03 
2.681414e-01 1.089371e+03 1.082212e+03 
2.731818e-01 1.043735e+03 1.043347e+03 
2.782222e-01 9.992580e+02 1.006418e+03 
2.832626e-01 9.576665e+02 9.713023e+02 
2.883030e-01 9.202945e+02 9.378859e+02 
2.933434e-01 8.877560e+02 9.060649e+02 
2.983838e-01 8.597556e+02 8.757424e+02 
3.034242e-01 8.352471e+02 8.468288e+02 
3.084646e-01 8.129121e+02 8.192408e+02 
3.135051e-01 7.915590e+02 7.929012e+02 
3.185455e-01 7.702455e+02 7.677381e+02 
3.235859e-01 7.483278e+02 7.436846e+02 
3.286263e-01 7.255747e+02 7.206785e+02 
3.336667e-01 7.022646e+02 6.986617e+02 
3.387071e-01 6.790325e+02 6.775800e+02 
3.437475e-01 6.565606e+02 6.573829e+02 
3.487879e-01 6.353458e+02 6.380231e+02 
3.538283e-01 6.156769e+02 6.194563e+02 
3.588687e-01 5.977050e+02 6.016412e+02 
3.639091e-01 5.813553e+02 5.845389e+02 
3.689495e-01 5.663326e+02 5.681132e+02 
3.739899e-01 5.522122e+02 5.523298e+02 
3.790303e-01 5.385989e+02 5.371567e+02 
3.840707e-01 5.252061e+02 5.225639e+02 
3.891111e-01 5.118423e+02 5.085231e+02 
3.941515e-01 4.984394e+02 4.950075e+02 
3.991919e-01 4.850634e+02 4.819921e+02 
4.042323e-01 4.718974e+02 4.694533e+02 
4.092727e-01 4.591427e+02 4.573688e+02 
4.143131e-01 4.469300e+02 4.457176e+02 
4.193535e-01 4.353411e+02 4.344798e+02 
4.243939e-01 4.244298e+02 4.236367e+02 
4.294343e-01 4.141816e+02 4.131707e+02 
4.344747e-01 4.044940e+02 4.030649e+02 
4.395152e-01 3.952274e+02 3.933035e+02 
4.445556e-01 3.862657e+02 3.838716e+02 
4.495960e-01 3.775232e+02 3.747548e+02 
4.546364e-01 3.689411e+02 3.659398e+02 
4.596768e-01 3.604719e+02 3.574138e+02 
4.647172e-01 3.521228e+02 3.491646e+02 
4.697576e-01 3.439532e+02 3.411808e+02 
4.747980e-01 3.360192e+02 3.334515e+02 
4.798384e-01 3.283576e+02 3.259663e+02 
4.848788e-01 3.209863e+02 3.187153e+02 
4.899192e-01 3.139168e+02 3.116891e+02 
4.949596e-01 3.071452e+02 3.048789e+02 
5.000000e-01 3.006506e+02 2.982762e+02 
