1.000000e-03 3.445589e+03 3.445586e+03 
6.040404e-03 1.551107e+04 1.562988e+04 
1.108081e-02 2.134265e+04 2.148570e+04 
1.612121e-02 2.325068e+04 2.338003e+04 
2.116162e-02 2.272382e+04 2.267079e+04 
2.620202e-02 2.085781e+04 2.070015e+04 
3.124242e-02 1.847675e+04 1.854212e+04 
3.628283e-02 1.613811e+04 1.661866e+04 
4.132323e-02 1.415042e+04 1.497850e+04 
4.636364e-02 1.260829e+04 1.357491e+04 
5.140404e-02 1.150984e+04 1.235863e+04 
5.644444e-02 1.073693e+04 1.129298e+04 
6.148485e-02 1.015377e+04 1.035165e+04 
6.652525e-02 9.649274e+03 9.515173e+03 
7.156566e-02 9.118547e+03 8.768486e+03 
7.660606e-02 8.508423e+03 8.099476e+03 
8.164646e-02 7.819839e+03 7.498154e+03 
8.668687e-02 7.095115e+03 6.956124e+03 
9.172727e-02 6.389035e+03 6.466247e+03 
9.676768e-02 5.749540e+03 6.022401e+03 
1.018081e-01 5.212741e+03 5.619306e+03 
1.068485e-01 4.797127e+03 5.252388e+03 
1.118889e-01 4.497994e+03 4.917668e+03 
1.169293e-01 4.289955e+03 4.611680e+03 
1.219697e-01 4.137437e+03 4.331389e+03 
1.270101e-01 4.005712e+03 4.074135e+03 
1.320505e-01 3.867144e+03 3.837578e+03 
1.370909e-01 3.703557e+03 3.619659e+03 
1.421313e-01 3.508546e+03 3.418556e+03 
1.471717e-01 3.287505e+03 3.232658e+03 
1.522121e-01 3.054365e+03 3.060535e+03 
1.572525e-01 2.826607e+03 2.900916e+03 
1.622929e-01 2.620437e+03 2.752668e+03 
1.673333e-01 2.447142e+03 2.614779e+03 
1.723737e-01 2.310841e+03 2.486344e+03 
1.774141e-01 2.208547e+03 2.366552e+03 
1.824545e-01 2.132541e+03 2.254674e+03 
1.874949e-01 2.072947e+03 2.150055e+03 
1.925354e-01 2.019566e+03 2.052104e+03 
1.975758e-01 1.963030e+03 1.960285e+03 
2.026162e-01 1.896951e+03 1.874118e+03 
2.076566e-01 1.819407e+03 1.793163e+03 
2.126970e-01 1.732751e+03 1.717025e+03 
2.177374e-01 1.641715e+03 1.645341e+03 
2.227778e-01 1.551752e+03 1.577784e+03 
2.278182e-01 1.468046e+03 1.514054e+03 
2.328586e-01 1.394612e+03 1.453876e+03 
2.378990e-01 1.333410e+03 1.397002e+03 
2.429394e-01 1.284040e+03 1.343201e+03 
2.479798e-01 1.244310e+03 1.292264e+03 
2.530202e-01 1.211130e+03 1.243998e+03 
2.580606e-01 1.181134e+03 1.198225e+03 
2.631010e-01 1.151078e+03 1.154783e+03 
2.681414e-01 1.118483e+03 1.113522e+03 
2.731818e-01 1.082300e+03 1.074302e+03 
2.782222e-01 1.042996e+03 1.036996e+03 
2.832626e-01 1.001999e+03 1.001484e+03 
2.883030e-01 9.610498e+02 9.676587e+02 
2.933434e-01 9.218193e+02 9.354172e+02 
2.983838e-01 8.857336e+02 9.046655e+02 
3.034242e-01 8.537778e+02 8.753163e+02 
3.084646e-01 8.262206e+02 8.472884e+02 
3.135051e-01 8.025531e+02 8.205060e+02 
3.185455e-01 7.817447e+02 7.948990e+02 
3.235859e-01 7.626170e+02 7.704017e+02 
3.286263e-01 7.441151e+02 7.469529e+02 
3.336667e-01 7.253922e+02 7.244956e+02 
3.387071e-01 7.059181e+02 7.029765e+02 
3.437475e-01 6.855254e+02 6.823455e+02 
3.487879e-01 6.644751e+02 6.625562e+02 
3.538283e-01 6.433303e+02 6.435648e+02 
3.588687e-01 6.227438e+02 6.253302e+02 
3.639091e-01 6.032468e+02 6.078142e+02 
3.689495e-01 5.851675e+02 5.909805e+02 
3.739899e-01 5.686457e+02 5.747954e+02 
3.790303e-01 5.536621e+02 5.592270e+02 
3.840707e-01 5.400174e+02 5.442453e+02 
3.891111e-01 5.273622e+02 5.298222e+02 
3.941515e-01 5.152838e+02 5.159310e+02 
3.991919e-01 5.034128e+02 5.025468e+02 
4.042323e-01 4.915291e+02 4.896460e+02 
4.092727e-01 4.795422e+02 4.772062e+02 
4.143131e-01 4.674583e+02 4.652065e+02 
4.193535e-01 4.553876e+02 4.536270e+02 
4.243939e-01 4.434945e+02 4.424489e+02 
4.294343e-01 4.319724e+02 4.316544e+02 
4.344747e-01 4.209873e+02 4.212268e+02 
4.395152e-01 4.106302e+02 4.111501e+02 
4.445556e-01 4.009145e+02 4.014092e+02 
4.495960e-01 3.917937e+02 3.919898e+02 
4.546364e-01 3.831781e+02 3.828784e+02 
4.596768e-01 3.749568e+02 3.740621e+02 
4.647172e-01 3.670049e+02 3.655287e+02 
4.697576e-01 3.592077e+02 3.572667e+02 
4.747980e-01 3.514947e+02 3.492648e+02 
4.798384e-01 3.438407e+02 3.415128e+02 
4.848788e-01 3.362658e+02 3.340006e+02 
4.899192e-01 3.288139e+02 3.267187e+02 
4.949596e-01 3.215286e+02 3.196581e+02 
5.000000e-01 3.144594e+02 3.128103e+02 
