1.000000e-03 4.273934e+03 4.273930e+03 
6.040404e-03 1.906120e+04 1.920869e+04 
1.108081e-02 2.586639e+04 2.605659e+04 
1.612121e-02 2.776097e+04 2.794468e+04 
2.116162e-02 2.668829e+04 2.663091e+04 
2.620202e-02 2.406101e+04 2.387384e+04 
3.124242e-02 2.092277e+04 2.103672e+04 
3.628283e-02 1.795766e+04 1.860290e+04 
4.132323e-02 1.551930e+04 1.658662e+04 
4.636364e-02 1.368914e+04 1.489988e+04 
5.140404e-02 1.244015e+04 1.346449e+04 
5.644444e-02 1.159565e+04 1.222522e+04 
6.148485e-02 1.098617e+04 1.114378e+04 
6.652525e-02 1.044971e+04 1.019263e+04 
7.156566e-02 9.866510e+03 9.351051e+03 
7.660606e-02 9.176773e+03 8.602820e+03 
8.164646e-02 8.385614e+03 7.934869e+03 
8.668687e-02 7.546473e+03 7.336447e+03 
9.172727e-02 6.730197e+03 6.798578e+03 
9.676768e-02 6.001555e+03 6.313686e+03 
1.018081e-01 5.406287e+03 5.875329e+03 
1.068485e-01 4.961464e+03 5.477994e+03 
1.118889e-01 4.654406e+03 5.116939e+03 
1.169293e-01 4.450932e+03 4.788068e+03 
1.219697e-01 4.308883e+03 4.487830e+03 
1.270101e-01 4.186851e+03 4.213135e+03 
1.320505e-01 4.049893e+03 3.961285e+03 
1.370909e-01 3.875662e+03 3.729919e+03 
1.421313e-01 3.659119e+03 3.516963e+03 
1.471717e-01 3.410529e+03 3.320592e+03 
1.522121e-01 3.148762e+03 3.139194e+03 
1.572525e-01 2.895371e+03 2.971344e+03 
1.622929e-01 2.670055e+03 2.815776e+03 
1.673333e-01 2.486169e+03 2.671365e+03 
1.723737e-01 2.347268e+03 2.537108e+03 
1.774141e-01 2.247882e+03 2.412110e+03 
1.824545e-01 2.177497e+03 2.295570e+03 
1.874949e-01 2.123832e+03 2.186768e+03 
1.925354e-01 2.074481e+03 2.085059e+03 
1.975758e-01 2.018505e+03 1.989860e+03 
2.026162e-01 1.948920e+03 1.900647e+03 
2.076566e-01 1.864355e+03 1.816946e+03 
2.126970e-01 1.768559e+03 1.738328e+03 
2.177374e-01 1.668141e+03 1.664402e+03 
2.227778e-01 1.570194e+03 1.594816e+03 
2.278182e-01 1.480938e+03 1.529247e+03 
2.328586e-01 1.404622e+03 1.467403e+03 
2.378990e-01 1.342923e+03 1.409016e+03 
2.429394e-01 1.294947e+03 1.353842e+03 
2.479798e-01 1.257829e+03 1.301657e+03 
2.530202e-01 1.227373e+03 1.252255e+03 
2.580606e-01 1.199087e+03 1.205449e+03 
2.631010e-01 1.169151e+03 1.161066e+03 
2.681414e-01 1.135237e+03 1.118947e+03 
2.731818e-01 1.096734e+03 1.078946e+03 
2.782222e-01 1.054456e+03 1.040927e+03 
2.832626e-01 1.010179e+03 1.004765e+03 
2.883030e-01 9.661833e+02 9.703466e+02 
2.933434e-01 9.247620e+02 9.375637e+02 
2.983838e-01 8.876255e+02 9.063178e+02 
3.034242e-01 8.555928e+02 8.765175e+02 
3.084646e-01 8.285685e+02 8.480777e+02 
3.135051e-01 8.057534e+02 8.209194e+02 
3.185455e-01 7.858967e+02 7.949692e+02 
3.235859e-01 7.675382e+02 7.701587e+02 
3.286263e-01 7.493152e+02 7.464243e+02 
3.336667e-01 7.302571e+02 7.237065e+02 
3.387071e-01 7.099405e+02 7.019499e+02 
3.437475e-01 6.884361e+02 6.811027e+02 
3.487879e-01 6.662137e+02 6.611164e+02 
3.538283e-01 6.439884e+02 6.419459e+02 
3.588687e-01 6.225402e+02 6.235487e+02 
3.639091e-01 6.025045e+02 6.058850e+02 
3.689495e-01 5.842496e+02 5.889175e+02 
3.739899e-01 5.678631e+02 5.726112e+02 
3.790303e-01 5.531978e+02 5.569334e+02 
3.840707e-01 5.399186e+02 5.418531e+02 
3.891111e-01 5.275584e+02 5.273412e+02 
3.941515e-01 5.156378e+02 5.133704e+02 
3.991919e-01 5.037352e+02 4.999150e+02 
4.042323e-01 4.916253e+02 4.869507e+02 
4.092727e-01 4.792681e+02 4.744546e+02 
4.143131e-01 4.667585e+02 4.624052e+02 
4.193535e-01 4.542691e+02 4.507820e+02 
4.243939e-01 4.420208e+02 4.395658e+02 
4.294343e-01 4.302483e+02 4.287384e+02 
4.344747e-01 4.191417e+02 4.182826e+02 
4.395152e-01 4.087932e+02 4.081821e+02 
4.445556e-01 3.991695e+02 3.984214e+02 
4.495960e-01 3.901673e+02 3.889860e+02 
4.546364e-01 3.816737e+02 3.798620e+02 
4.596768e-01 3.735476e+02 3.710362e+02 
4.647172e-01 3.656290e+02 3.624963e+02 
4.697576e-01 3.577924e+02 3.542303e+02 
4.747980e-01 3.499668e+02 3.462271e+02 
4.798384e-01 3.421708e+02 3.384759e+02 
4.848788e-01 3.344490e+02 3.309666e+02 
4.899192e-01 3.268591e+02 3.236896e+02 
4.949596e-01 3.194652e+02 3.166356e+02 
5.000000e-01 3.123347e+02 3.097959e+02 
