1.000000e-03 8.775388e+03 8.775381e+03 
6.040404e-03 3.871964e+04 3.905263e+04 
1.108081e-02 5.211506e+04 5.280420e+04 
1.612121e-02 5.503566e+04 5.620509e+04 
2.116162e-02 5.137452e+04 5.207471e+04 
2.620202e-02 4.416266e+04 4.367779e+04 
3.124242e-02 3.580963e+04 3.494631e+04 
3.628283e-02 2.799428e+04 2.795920e+04 
4.132323e-02 2.162622e+04 2.286444e+04 
4.636364e-02 1.695441e+04 1.917133e+04 
5.140404e-02 1.387726e+04 1.641682e+04 
5.644444e-02 1.205876e+04 1.428793e+04 
6.148485e-02 1.112860e+04 1.258912e+04 
6.652525e-02 1.074259e+04 1.119811e+04 
7.156566e-02 1.060470e+04 1.003610e+04 
7.660606e-02 1.046051e+04 9.050233e+03 
8.164646e-02 1.011429e+04 8.203584e+03 
8.668687e-02 9.469757e+03 7.469386e+03 
9.172727e-02 8.544480e+03 6.827605e+03 
9.676768e-02 7.444125e+03 6.262843e+03 
1.018081e-01 6.313849e+03 5.762997e+03 
1.068485e-01 5.287752e+03 5.318382e+03 
1.118889e-01 4.456411e+03 4.921134e+03 
1.169293e-01 3.855923e+03 4.564783e+03 
1.219697e-01 3.480036e+03 4.243955e+03 
1.270101e-01 3.296020e+03 3.954144e+03 
1.320505e-01 3.256466e+03 3.691542e+03 
1.370909e-01 3.305218e+03 3.452913e+03 
1.421313e-01 3.382889e+03 3.235486e+03 
1.471717e-01 3.433567e+03 3.036879e+03 
1.522121e-01 3.412250e+03 2.855034e+03 
1.572525e-01 3.292835e+03 2.688163e+03 
1.622929e-01 3.075509e+03 2.534709e+03 
1.673333e-01 2.787069e+03 2.393310e+03 
1.723737e-01 2.469852e+03 2.262770e+03 
1.774141e-01 2.165497e+03 2.142035e+03 
1.824545e-01 1.904165e+03 2.030175e+03 
1.874949e-01 1.702974e+03 1.926366e+03 
1.925354e-01 1.567996e+03 1.829875e+03 
1.975758e-01 1.495967e+03 1.740051e+03 
2.026162e-01 1.475885e+03 1.656310e+03 
2.076566e-01 1.491109e+03 1.578132e+03 
2.126970e-01 1.522490e+03 1.505050e+03 
2.177374e-01 1.551039e+03 1.436641e+03 
2.227778e-01 1.560137e+03 1.372529e+03 
2.278182e-01 1.537978e+03 1.312372e+03 
2.328586e-01 1.480281e+03 1.255860e+03 
2.378990e-01 1.391438e+03 1.202713e+03 
2.429394e-01 1.282659e+03 1.152678e+03 
2.479798e-01 1.167749e+03 1.105523e+03 
2.530202e-01 1.059654e+03 1.061038e+03 
2.580606e-01 9.680909e+02 1.019032e+03 
2.631010e-01 8.988604e+02 9.793281e+02 
2.681414e-01 8.534769e+02 9.417672e+02 
2.731818e-01 8.298973e+02 9.062022e+02 
2.782222e-01 8.234956e+02 8.724983e+02 
2.832626e-01 8.281082e+02 8.405318e+02 
2.883030e-01 8.368483e+02 8.101889e+02 
2.933434e-01 8.428287e+02 7.813647e+02 
2.983838e-01 8.401419e+02 7.539626e+02 
3.034242e-01 8.250983e+02 7.278934e+02 
3.084646e-01 7.970395e+02 7.030746e+02 
3.135051e-01 7.581960e+02 6.794298e+02 
3.185455e-01 7.127063e+02 6.568884e+02 
3.235859e-01 6.653982e+02 6.353850e+02 
3.286263e-01 6.208338e+02 6.148585e+02 
3.336667e-01 5.826067e+02 5.952525e+02 
3.387071e-01 5.529139e+02 5.765145e+02 
3.437475e-01 5.323938e+02 5.585954e+02 
3.487879e-01 5.202449e+02 5.414498e+02 
3.538283e-01 5.146420e+02 5.250349e+02 
3.588687e-01 5.131500e+02 5.093113e+02 
3.639091e-01 5.130850e+02 4.942416e+02 
3.689495e-01 5.118414e+02 4.797914e+02 
3.739899e-01 5.072448e+02 4.659280e+02 
3.790303e-01 4.979990e+02 4.526212e+02 
3.840707e-01 4.838977e+02 4.398424e+02 
3.891111e-01 4.657421e+02 4.275649e+02 
3.941515e-01 4.450180e+02 4.157636e+02 
3.991919e-01 4.234979e+02 4.044150e+02 
4.042323e-01 4.029574e+02 3.934969e+02 
4.092727e-01 3.848376e+02 3.829884e+02 
4.143131e-01 3.700440e+02 3.728699e+02 
4.193535e-01 3.588828e+02 3.631230e+02 
4.243939e-01 3.510868e+02 3.537303e+02 
4.294343e-01 3.460240e+02 3.446752e+02 
4.344747e-01 3.427576e+02 3.359424e+02 
4.395152e-01 3.402270e+02 3.275171e+02 
4.445556e-01 3.373339e+02 3.193856e+02 
4.495960e-01 3.332279e+02 3.115348e+02 
4.546364e-01 3.274125e+02 3.039522e+02 
4.596768e-01 3.197755e+02 2.966262e+02 
4.647172e-01 3.105574e+02 2.895457e+02 
4.697576e-01 3.002550e+02 2.827001e+02 
4.747980e-01 2.895413e+02 2.760796e+02 
4.798384e-01 2.791348e+02 2.696746e+02 
4.848788e-01 2.696465e+02 2.634762e+02 
4.899192e-01 2.614597e+02 2.574760e+02 
4.949596e-01 2.547291e+02 2.516656e+02 
5.000000e-01 2.494112e+02 2.460376e+02 
