1.000000e-03 3.993680e+03 3.993677e+03 
6.040404e-03 1.754545e+04 1.767977e+04 
1.108081e-02 2.375792e+04 2.391437e+04 
1.612121e-02 2.553666e+04 2.566553e+04 
2.116162e-02 2.465816e+04 2.458041e+04 
2.620202e-02 2.238804e+04 2.222803e+04 
3.124242e-02 1.964844e+04 1.977491e+04 
3.628283e-02 1.704014e+04 1.763208e+04 
4.132323e-02 1.487571e+04 1.582281e+04 
4.636364e-02 1.322963e+04 1.428426e+04 
5.140404e-02 1.207821e+04 1.295802e+04 
5.644444e-02 1.126952e+04 1.180167e+04 
6.148485e-02 1.065554e+04 1.078497e+04 
6.652525e-02 1.009909e+04 9.885491e+03 
7.156566e-02 9.499544e+03 9.085873e+03 
7.660606e-02 8.811809e+03 8.372206e+03 
8.164646e-02 8.047997e+03 7.733052e+03 
8.668687e-02 7.259377e+03 7.158851e+03 
9.172727e-02 6.506809e+03 6.641518e+03 
9.676768e-02 5.842469e+03 6.174159e+03 
1.018081e-01 5.301963e+03 5.750862e+03 
1.068485e-01 4.896598e+03 5.366535e+03 
1.118889e-01 4.611119e+03 5.016770e+03 
1.169293e-01 4.412167e+03 4.697742e+03 
1.219697e-01 4.260257e+03 4.406121e+03 
1.270101e-01 4.119850e+03 4.138999e+03 
1.320505e-01 3.962898e+03 3.893829e+03 
1.370909e-01 3.773653e+03 3.668375e+03 
1.421313e-01 3.551290e+03 3.460668e+03 
1.471717e-01 3.307193e+03 3.268972e+03 
1.522121e-01 3.059186e+03 3.091749e+03 
1.572525e-01 2.825538e+03 2.927637e+03 
1.622929e-01 2.621543e+03 2.775425e+03 
1.673333e-01 2.456373e+03 2.634035e+03 
1.723737e-01 2.330771e+03 2.502504e+03 
1.774141e-01 2.238213e+03 2.379971e+03 
1.824545e-01 2.168177e+03 2.265665e+03 
1.874949e-01 2.109442e+03 2.158892e+03 
1.925354e-01 2.051568e+03 2.059030e+03 
1.975758e-01 1.986238e+03 1.965515e+03 
2.026162e-01 1.909167e+03 1.877840e+03 
2.076566e-01 1.820915e+03 1.795547e+03 
2.126970e-01 1.725768e+03 1.718219e+03 
2.177374e-01 1.629850e+03 1.645480e+03 
2.227778e-01 1.539050e+03 1.576984e+03 
2.278182e-01 1.458058e+03 1.512421e+03 
2.328586e-01 1.389496e+03 1.451504e+03 
2.378990e-01 1.333690e+03 1.393975e+03 
2.429394e-01 1.288980e+03 1.339594e+03 
2.479798e-01 1.252337e+03 1.288144e+03 
2.530202e-01 1.220065e+03 1.239426e+03 
2.580606e-01 1.188447e+03 1.193255e+03 
2.631010e-01 1.154633e+03 1.149462e+03 
2.681414e-01 1.117343e+03 1.107894e+03 
2.731818e-01 1.076787e+03 1.068406e+03 
2.782222e-01 1.034201e+03 1.030867e+03 
2.832626e-01 9.912977e+02 9.951548e+02 
2.883030e-01 9.498952e+02 9.611564e+02 
2.933434e-01 9.117040e+02 9.287675e+02 
2.983838e-01 8.778128e+02 8.978914e+02 
3.034242e-01 8.484870e+02 8.684385e+02 
3.084646e-01 8.232059e+02 8.403253e+02 
3.135051e-01 8.009822e+02 8.134746e+02 
3.185455e-01 7.806968e+02 7.878142e+02 
3.235859e-01 7.612108e+02 7.632771e+02 
3.286263e-01 7.415453e+02 7.398007e+02 
3.336667e-01 7.211022e+02 7.173268e+02 
3.387071e-01 6.997735e+02 6.958008e+02 
3.437475e-01 6.778868e+02 6.751720e+02 
3.487879e-01 6.559874e+02 6.553926e+02 
3.538283e-01 6.346580e+02 6.364183e+02 
3.588687e-01 6.144411e+02 6.182072e+02 
3.639091e-01 5.957210e+02 6.007203e+02 
3.689495e-01 5.786686e+02 5.839208e+02 
3.739899e-01 5.631860e+02 5.677745e+02 
3.790303e-01 5.490100e+02 5.522488e+02 
3.840707e-01 5.357811e+02 5.373134e+02 
3.891111e-01 5.231347e+02 5.229397e+02 
3.941515e-01 5.107314e+02 5.091008e+02 
3.991919e-01 4.983221e+02 4.957713e+02 
4.042323e-01 4.857956e+02 4.829272e+02 
4.092727e-01 4.732091e+02 4.705461e+02 
4.143131e-01 4.607183e+02 4.586065e+02 
4.193535e-01 4.484999e+02 4.470886e+02 
4.243939e-01 4.367089e+02 4.359731e+02 
4.294343e-01 4.254706e+02 4.252423e+02 
4.344747e-01 4.148833e+02 4.148791e+02 
4.395152e-01 4.049666e+02 4.048674e+02 
4.445556e-01 3.956455e+02 3.951920e+02 
4.495960e-01 3.868068e+02 3.858384e+02 
4.546364e-01 3.783080e+02 3.767931e+02 
4.596768e-01 3.700615e+02 3.680430e+02 
4.647172e-01 3.619851e+02 3.595759e+02 
4.697576e-01 3.540052e+02 3.513799e+02 
4.747980e-01 3.460948e+02 3.434441e+02 
4.798384e-01 3.382756e+02 3.357579e+02 
4.848788e-01 3.306246e+02 3.283113e+02 
4.899192e-01 3.231940e+02 3.210946e+02 
4.949596e-01 3.160140e+02 3.140989e+02 
5.000000e-01 3.091119e+02 3.073155e+02 
