1.000000e-03 3.336424e+03 3.336421e+03 
6.040404e-03 1.484701e+04 1.495810e+04 
1.108081e-02 2.024807e+04 2.034538e+04 
1.612121e-02 2.196462e+04 2.199632e+04 
2.116162e-02 2.148561e+04 2.136413e+04 
2.620202e-02 1.984601e+04 1.972167e+04 
3.124242e-02 1.778517e+04 1.792636e+04 
3.628283e-02 1.577958e+04 1.627887e+04 
4.132323e-02 1.407776e+04 1.482065e+04 
4.636364e-02 1.274659e+04 1.353149e+04 
5.140404e-02 1.175836e+04 1.238649e+04 
5.644444e-02 1.100797e+04 1.136523e+04 
6.148485e-02 1.037923e+04 1.045144e+04 
6.652525e-02 9.776625e+03 9.631758e+03 
7.156566e-02 9.136686e+03 8.894866e+03 
7.660606e-02 8.440854e+03 8.231027e+03 
8.164646e-02 7.713923e+03 7.631773e+03 
8.668687e-02 7.002779e+03 7.089716e+03 
9.172727e-02 6.351724e+03 6.598391e+03 
9.676768e-02 5.792429e+03 6.152139e+03 
1.018081e-01 5.341867e+03 5.746003e+03 
1.068485e-01 4.998961e+03 5.375634e+03 
1.118889e-01 4.742703e+03 5.037217e+03 
1.169293e-01 4.540018e+03 4.727397e+03 
1.219697e-01 4.358276e+03 4.443222e+03 
1.270101e-01 4.173092e+03 4.182091e+03 
1.320505e-01 3.970414e+03 3.941707e+03 
1.370909e-01 3.746841e+03 3.720039e+03 
1.421313e-01 3.509248e+03 3.515284e+03 
1.471717e-01 3.270878e+03 3.325846e+03 
1.522121e-01 3.045905e+03 3.150304e+03 
1.572525e-01 2.845547e+03 2.987389e+03 
1.622929e-01 2.676724e+03 2.835972e+03 
1.673333e-01 2.540896e+03 2.695040e+03 
1.723737e-01 2.433461e+03 2.563687e+03 
1.774141e-01 2.345531e+03 2.441100e+03 
1.824545e-01 2.267433e+03 2.326546e+03 
1.874949e-01 2.191173e+03 2.219366e+03 
1.925354e-01 2.111079e+03 2.118964e+03 
1.975758e-01 2.024376e+03 2.024802e+03 
2.026162e-01 1.931476e+03 1.936394e+03 
2.076566e-01 1.835906e+03 1.853296e+03 
2.126970e-01 1.742335e+03 1.775108e+03 
2.177374e-01 1.654987e+03 1.701465e+03 
2.227778e-01 1.576755e+03 1.632033e+03 
2.278182e-01 1.508942e+03 1.566508e+03 
2.328586e-01 1.451175e+03 1.504614e+03 
2.378990e-01 1.401637e+03 1.446096e+03 
2.429394e-01 1.357753e+03 1.390722e+03 
2.479798e-01 1.316838e+03 1.338278e+03 
2.530202e-01 1.276577e+03 1.288569e+03 
2.580606e-01 1.235266e+03 1.241413e+03 
2.631010e-01 1.192223e+03 1.196645e+03 
2.681414e-01 1.147983e+03 1.154111e+03 
2.731818e-01 1.103836e+03 1.113671e+03 
2.782222e-01 1.061153e+03 1.075193e+03 
2.832626e-01 1.020944e+03 1.038558e+03 
2.883030e-01 9.839095e+02 1.003653e+03 
2.933434e-01 9.504356e+02 9.703740e+02 
2.983838e-01 9.204244e+02 9.386255e+02 
3.034242e-01 8.932782e+02 9.083180e+02 
3.084646e-01 8.680820e+02 8.793684e+02 
3.135051e-01 8.439758e+02 8.516993e+02 
3.185455e-01 8.203555e+02 8.252389e+02 
3.235859e-01 7.968459e+02 7.999200e+02 
3.286263e-01 7.732830e+02 7.756800e+02 
3.336667e-01 7.497261e+02 7.524604e+02 
3.387071e-01 7.264983e+02 7.302066e+02 
3.437475e-01 7.040306e+02 7.088674e+02 
3.487879e-01 6.826687e+02 6.883951e+02 
3.538283e-01 6.625915e+02 6.687447e+02 
3.588687e-01 6.438305e+02 6.498743e+02 
3.639091e-01 6.263245e+02 6.317444e+02 
3.689495e-01 6.099123e+02 6.143180e+02 
3.739899e-01 5.943454e+02 5.975603e+02 
3.790303e-01 5.793611e+02 5.814386e+02 
3.840707e-01 5.647567e+02 5.659222e+02 
3.891111e-01 5.504249e+02 5.509820e+02 
3.941515e-01 5.363251e+02 5.365909e+02 
3.991919e-01 5.224642e+02 5.227230e+02 
4.042323e-01 5.089071e+02 5.093541e+02 
4.092727e-01 4.957562e+02 4.964612e+02 
4.143131e-01 4.831146e+02 4.840228e+02 
4.193535e-01 4.710483e+02 4.720184e+02 
4.243939e-01 4.595445e+02 4.604287e+02 
4.294343e-01 4.485583e+02 4.492353e+02 
4.344747e-01 4.380563e+02 4.384211e+02 
4.395152e-01 4.279818e+02 4.279695e+02 
4.445556e-01 4.182536e+02 4.178651e+02 
4.495960e-01 4.087903e+02 4.080931e+02 
4.546364e-01 3.995466e+02 3.986395e+02 
4.596768e-01 3.905186e+02 3.894911e+02 
4.647172e-01 3.817145e+02 3.806354e+02 
4.697576e-01 3.731389e+02 3.720602e+02 
4.747980e-01 3.647961e+02 3.637544e+02 
4.798384e-01 3.567030e+02 3.557070e+02 
4.848788e-01 3.488974e+02 3.479078e+02 
4.899192e-01 3.413794e+02 3.403470e+02 
4.949596e-01 3.341275e+02 3.330153e+02 
5.000000e-01 3.271142e+02 3.259038e+02 
