1.000000e-03 3.591022e+03 3.591019e+03 
6.040404e-03 1.603852e+04 1.616010e+04 
1.108081e-02 2.183138e+04 2.195874e+04 
1.612121e-02 2.357331e+04 2.365510e+04 
2.116162e-02 2.288815e+04 2.278958e+04 
2.620202e-02 2.092708e+04 2.078913e+04 
3.124242e-02 1.852382e+04 1.866857e+04 
3.628283e-02 1.621935e+04 1.678101e+04 
4.132323e-02 1.429462e+04 1.515639e+04 
4.636364e-02 1.281862e+04 1.375207e+04 
5.140404e-02 1.176602e+04 1.252587e+04 
5.644444e-02 1.100334e+04 1.144616e+04 
6.148485e-02 1.039980e+04 1.048956e+04 
6.652525e-02 9.832339e+03 9.638129e+03 
7.156566e-02 9.220929e+03 8.877508e+03 
7.660606e-02 8.534018e+03 8.195875e+03 
8.164646e-02 7.790637e+03 7.583295e+03 
8.668687e-02 7.040870e+03 7.031317e+03 
9.172727e-02 6.339464e+03 6.532693e+03 
9.676768e-02 5.729725e+03 6.081177e+03 
1.018081e-01 5.238822e+03 5.671364e+03 
1.068485e-01 4.871240e+03 5.298561e+03 
1.118889e-01 4.607795e+03 4.958684e+03 
1.169293e-01 4.414725e+03 4.648171e+03 
1.219697e-01 4.255373e+03 4.363904e+03 
1.270101e-01 4.098691e+03 4.103151e+03 
1.320505e-01 3.922689e+03 3.863511e+03 
1.370909e-01 3.717681e+03 3.642869e+03 
1.421313e-01 3.487566e+03 3.439358e+03 
1.471717e-01 3.245662e+03 3.251326e+03 
1.522121e-01 3.008548e+03 3.077309e+03 
1.572525e-01 2.791624e+03 2.916005e+03 
1.622929e-01 2.606363e+03 2.766257e+03 
1.673333e-01 2.458285e+03 2.627030e+03 
1.723737e-01 2.345184e+03 2.497399e+03 
1.774141e-01 2.258819e+03 2.376537e+03 
1.824545e-01 2.188491e+03 2.263700e+03 
1.874949e-01 2.124081e+03 2.158219e+03 
1.925354e-01 2.057329e+03 2.059493e+03 
1.975758e-01 1.982465e+03 1.966978e+03 
2.026162e-01 1.897588e+03 1.880183e+03 
2.076566e-01 1.805096e+03 1.798662e+03 
2.126970e-01 1.710087e+03 1.722011e+03 
2.177374e-01 1.618102e+03 1.649865e+03 
2.227778e-01 1.533785e+03 1.581888e+03 
2.278182e-01 1.460184e+03 1.517778e+03 
2.328586e-01 1.398341e+03 1.457255e+03 
2.378990e-01 1.347402e+03 1.400067e+03 
2.429394e-01 1.305026e+03 1.345982e+03 
2.479798e-01 1.268090e+03 1.294786e+03 
2.530202e-01 1.233243e+03 1.246284e+03 
2.580606e-01 1.197635e+03 1.200296e+03 
2.631010e-01 1.159570e+03 1.156659e+03 
2.681414e-01 1.118791e+03 1.115218e+03 
2.731818e-01 1.076198e+03 1.075835e+03 
2.782222e-01 1.033277e+03 1.038379e+03 
2.832626e-01 9.915874e+02 1.002731e+03 
2.883030e-01 9.525325e+02 9.687810e+02 
2.933434e-01 9.171880e+02 9.364251e+02 
2.983838e-01 8.859952e+02 9.055688e+02 
3.034242e-01 8.586433e+02 8.761237e+02 
3.084646e-01 8.343211e+02 8.480079e+02 
3.135051e-01 8.120274e+02 8.211450e+02 
3.185455e-01 7.907723e+02 7.954641e+02 
3.235859e-01 7.697139e+02 7.708990e+02 
3.286263e-01 7.482724e+02 7.473880e+02 
3.336667e-01 7.262887e+02 7.248737e+02 
3.387071e-01 7.039585e+02 7.033021e+02 
3.437475e-01 6.817226e+02 6.826232e+02 
3.487879e-01 6.600892e+02 6.627898e+02 
3.538283e-01 6.395107e+02 6.437578e+02 
3.588687e-01 6.202915e+02 6.254861e+02 
3.639091e-01 6.025792e+02 6.079360e+02 
3.689495e-01 5.863094e+02 5.910711e+02 
3.739899e-01 5.712421e+02 5.748573e+02 
3.790303e-01 5.570757e+02 5.592625e+02 
3.840707e-01 5.435096e+02 5.442567e+02 
3.891111e-01 5.302762e+02 5.298115e+02 
3.941515e-01 5.171671e+02 5.159001e+02 
3.991919e-01 5.040892e+02 5.024974e+02 
4.042323e-01 4.910605e+02 4.895797e+02 
4.092727e-01 4.782216e+02 4.771244e+02 
4.143131e-01 4.657143e+02 4.651106e+02 
4.193535e-01 4.536700e+02 4.535183e+02 
4.243939e-01 4.421649e+02 4.423285e+02 
4.294343e-01 4.312543e+02 4.315233e+02 
4.344747e-01 4.209520e+02 4.210861e+02 
4.395152e-01 4.112021e+02 4.110006e+02 
4.445556e-01 4.018984e+02 4.012518e+02 
4.495960e-01 3.929270e+02 3.918253e+02 
4.546364e-01 3.842044e+02 3.827075e+02 
4.596768e-01 3.756823e+02 3.738854e+02 
4.647172e-01 3.673187e+02 3.653469e+02 
4.697576e-01 3.590852e+02 3.570802e+02 
4.747980e-01 3.510015e+02 3.490744e+02 
4.798384e-01 3.431057e+02 3.413188e+02 
4.848788e-01 3.354569e+02 3.338035e+02 
4.899192e-01 3.280802e+02 3.265189e+02 
4.949596e-01 3.209736e+02 3.194560e+02 
5.000000e-01 3.141334e+02 3.126062e+02 
