1.000000e-03 5.009010e+03 5.009005e+03 
6.040404e-03 2.223795e+04 2.241411e+04 
1.108081e-02 3.003134e+04 3.029915e+04 
1.612121e-02 3.199391e+04 3.231355e+04 
2.116162e-02 3.041768e+04 3.042768e+04 
2.620202e-02 2.700022e+04 2.674307e+04 
3.124242e-02 2.301392e+04 2.303605e+04 
3.628283e-02 1.929735e+04 1.996000e+04 
4.132323e-02 1.628015e+04 1.750795e+04 
4.636364e-02 1.405725e+04 1.552833e+04 
5.140404e-02 1.258754e+04 1.389233e+04 
5.644444e-02 1.165753e+04 1.251211e+04 
6.148485e-02 1.105812e+04 1.132925e+04 
6.652525e-02 1.058606e+04 1.030372e+04 
7.156566e-02 1.008258e+04 9.406769e+03 
7.660606e-02 9.451314e+03 8.616907e+03 
8.164646e-02 8.671784e+03 7.917456e+03 
8.668687e-02 7.790689e+03 7.295135e+03 
9.172727e-02 6.890600e+03 6.739149e+03 
9.676768e-02 6.057770e+03 6.240590e+03 
1.018081e-01 5.359552e+03 5.792020e+03 
1.068485e-01 4.829658e+03 5.387172e+03 
1.118889e-01 4.465953e+03 5.020724e+03 
1.169293e-01 4.239884e+03 4.688134e+03 
1.219697e-01 4.108954e+03 4.385500e+03 
1.270101e-01 4.025364e+03 4.109455e+03 
1.320505e-01 3.942674e+03 3.857084e+03 
1.370909e-01 3.824741e+03 3.625852e+03 
1.421313e-01 3.653342e+03 3.413547e+03 
1.471717e-01 3.429425e+03 3.218230e+03 
1.522121e-01 3.168541e+03 3.038200e+03 
1.572525e-01 2.895014e+03 2.871959e+03 
1.622929e-01 2.636193e+03 2.718183e+03 
1.673333e-01 2.414724e+03 2.575700e+03 
1.723737e-01 2.242569e+03 2.443467e+03 
1.774141e-01 2.119952e+03 2.320559e+03 
1.824545e-01 2.039655e+03 2.206149e+03 
1.874949e-01 1.990229e+03 2.099498e+03 
1.925354e-01 1.957723e+03 1.999943e+03 
1.975758e-01 1.926939e+03 1.906889e+03 
2.026162e-01 1.884843e+03 1.819802e+03 
2.076566e-01 1.824021e+03 1.738198e+03 
2.126970e-01 1.743880e+03 1.661643e+03 
2.177374e-01 1.648924e+03 1.589741e+03 
2.227778e-01 1.546768e+03 1.522135e+03 
2.278182e-01 1.446006e+03 1.458501e+03 
2.328586e-01 1.354635e+03 1.398544e+03 
2.378990e-01 1.278109e+03 1.341994e+03 
2.429394e-01 1.218707e+03 1.288608e+03 
2.479798e-01 1.175494e+03 1.238160e+03 
2.530202e-01 1.145140e+03 1.190446e+03 
2.580606e-01 1.122840e+03 1.145278e+03 
2.631010e-01 1.103262e+03 1.102483e+03 
2.681414e-01 1.081715e+03 1.061905e+03 
2.731818e-01 1.054953e+03 1.023396e+03 
2.782222e-01 1.021645e+03 9.868239e+02 
2.832626e-01 9.823276e+02 9.520639e+02 
2.883030e-01 9.390220e+02 9.190022e+02 
2.933434e-01 8.946040e+02 8.875335e+02 
2.983838e-01 8.520700e+02 8.575603e+02 
3.034242e-01 8.138625e+02 8.289921e+02 
3.084646e-01 7.814335e+02 8.017453e+02 
3.135051e-01 7.551426e+02 7.757421e+02 
3.185455e-01 7.343109e+02 7.509103e+02 
3.235859e-01 7.175594e+02 7.271828e+02 
3.286263e-01 7.031154e+02 7.044970e+02 
3.336667e-01 6.892169e+02 6.827948e+02 
3.387071e-01 6.743840e+02 6.620218e+02 
3.437475e-01 6.576695e+02 6.421273e+02 
3.487879e-01 6.387955e+02 6.230641e+02 
3.538283e-01 6.181901e+02 6.047879e+02 
3.588687e-01 5.966863e+02 5.872572e+02 
3.639091e-01 5.752891e+02 5.704334e+02 
3.689495e-01 5.549131e+02 5.542800e+02 
3.739899e-01 5.363061e+02 5.387630e+02 
3.790303e-01 5.199141e+02 5.238504e+02 
3.840707e-01 5.058097e+02 5.095122e+02 
3.891111e-01 4.936881e+02 4.957202e+02 
3.941515e-01 4.829888e+02 4.824479e+02 
3.991919e-01 4.730687e+02 4.696701e+02 
4.042323e-01 4.633492e+02 4.573635e+02 
4.092727e-01 4.533646e+02 4.455058e+02 
4.143131e-01 4.428388e+02 4.340762e+02 
4.193535e-01 4.317024e+02 4.230548e+02 
4.243939e-01 4.201180e+02 4.124231e+02 
4.294343e-01 4.083794e+02 4.021635e+02 
4.344747e-01 3.968388e+02 3.922594e+02 
4.395152e-01 3.858137e+02 3.826949e+02 
4.445556e-01 3.755294e+02 3.734553e+02 
4.495960e-01 3.661198e+02 3.645264e+02 
4.546364e-01 3.575939e+02 3.558949e+02 
4.596768e-01 3.498361e+02 3.475481e+02 
4.647172e-01 3.426473e+02 3.394740e+02 
4.697576e-01 3.357998e+02 3.316613e+02 
4.747980e-01 3.290896e+02 3.240990e+02 
4.798384e-01 3.223702e+02 3.167770e+02 
4.848788e-01 3.155401e+02 3.096855e+02 
4.899192e-01 3.085763e+02 3.028152e+02 
4.949596e-01 3.015452e+02 2.961572e+02 
5.000000e-01 2.945466e+02 2.897033e+02 
