1.000000e-03 5.138764e+03 5.138760e+03 
6.040404e-03 2.248411e+04 2.269290e+04 
1.108081e-02 3.021492e+04 3.075266e+04 
1.612121e-02 3.209189e+04 3.376457e+04 
2.116162e-02 3.044368e+04 3.417058e+04 
2.620202e-02 2.697658e+04 3.327266e+04 
3.124242e-02 2.296102e+04 3.174910e+04 
3.628283e-02 1.922969e+04 2.995453e+04 
4.132323e-02 1.620599e+04 2.807951e+04 
4.636364e-02 1.398017e+04 2.622711e+04 
5.140404e-02 1.250806e+04 2.445170e+04 
5.644444e-02 1.157515e+04 2.277986e+04 
6.148485e-02 1.097237e+04 2.122231e+04 
6.652525e-02 1.049727e+04 1.978070e+04 
7.156566e-02 9.992106e+03 1.845162e+04 
7.660606e-02 9.361341e+03 1.722904e+04 
8.164646e-02 8.584801e+03 1.610564e+04 
8.668687e-02 7.708803e+03 1.507374e+04 
9.172727e-02 6.815054e+03 1.412567e+04 
9.676768e-02 5.988760e+03 1.325411e+04 
1.018081e-01 5.296318e+03 1.245224e+04 
1.068485e-01 4.770808e+03 1.171371e+04 
1.118889e-01 4.409888e+03 1.103276e+04 
1.169293e-01 4.185163e+03 1.040412e+04 
1.219697e-01 4.054537e+03 9.823054e+03 
1.270101e-01 3.970751e+03 9.285253e+03 
1.320505e-01 3.887958e+03 8.786846e+03 
1.370909e-01 3.770517e+03 8.324344e+03 
1.421313e-01 3.600495e+03 7.894604e+03 
1.471717e-01 3.378863e+03 7.494792e+03 
1.522121e-01 3.120974e+03 7.122354e+03 
1.572525e-01 2.850801e+03 6.774988e+03 
1.622929e-01 2.595269e+03 6.450611e+03 
1.673333e-01 2.376650e+03 6.147343e+03 
1.723737e-01 2.206678e+03 5.863484e+03 
1.774141e-01 2.085537e+03 5.597492e+03 
1.824545e-01 2.006089e+03 5.347967e+03 
1.874949e-01 1.957044e+03 5.113641e+03 
1.925354e-01 1.924666e+03 4.893359e+03 
1.975758e-01 1.894006e+03 4.686069e+03 
2.026162e-01 1.852251e+03 4.490814e+03 
2.076566e-01 1.792124e+03 4.306718e+03 
2.126970e-01 1.713052e+03 4.132982e+03 
2.177374e-01 1.619467e+03 3.968875e+03 
2.227778e-01 1.518854e+03 3.813727e+03 
2.278182e-01 1.419654e+03 3.666922e+03 
2.328586e-01 1.329712e+03 3.527898e+03 
2.378990e-01 1.254377e+03 3.396133e+03 
2.429394e-01 1.195875e+03 3.271152e+03 
2.479798e-01 1.153279e+03 3.152513e+03 
2.530202e-01 1.123316e+03 3.039811e+03 
2.580606e-01 1.101265e+03 2.932671e+03 
2.631010e-01 1.081894e+03 2.830747e+03 
2.681414e-01 1.060601e+03 2.733717e+03 
2.731818e-01 1.034205e+03 2.641284e+03 
2.782222e-01 1.001404e+03 2.553173e+03 
2.832626e-01 9.627256e+02 2.469128e+03 
2.883030e-01 9.201528e+02 2.388912e+03 
2.933434e-01 8.765043e+02 2.312304e+03 
2.983838e-01 8.347156e+02 2.239098e+03 
3.034242e-01 7.971782e+02 2.169102e+03 
3.084646e-01 7.653118e+02 2.102139e+03 
3.135051e-01 7.394662e+02 2.038041e+03 
3.185455e-01 7.189741e+02 1.976653e+03 
3.235859e-01 7.024832e+02 1.917830e+03 
3.286263e-01 6.882565e+02 1.861435e+03 
3.336667e-01 6.745685e+02 1.807342e+03 
3.387071e-01 6.599707e+02 1.755430e+03 
3.437475e-01 6.435365e+02 1.705588e+03 
3.487879e-01 6.249944e+02 1.657712e+03 
3.538283e-01 6.047638e+02 1.611702e+03 
3.588687e-01 5.836603e+02 1.567466e+03 
3.639091e-01 5.626666e+02 1.524917e+03 
3.689495e-01 5.426772e+02 1.483974e+03 
3.739899e-01 5.244229e+02 1.444558e+03 
3.790303e-01 5.083390e+02 1.406598e+03 
3.840707e-01 4.944956e+02 1.370025e+03 
3.891111e-01 4.825942e+02 1.334774e+03 
3.941515e-01 4.720861e+02 1.300785e+03 
3.991919e-01 4.623424e+02 1.268001e+03 
4.042323e-01 4.527972e+02 1.236365e+03 
4.092727e-01 4.429956e+02 1.205828e+03 
4.143131e-01 4.326676e+02 1.176341e+03 
4.193535e-01 4.217457e+02 1.147858e+03 
4.243939e-01 4.103887e+02 1.120334e+03 
4.294343e-01 3.988838e+02 1.093730e+03 
4.344747e-01 3.875749e+02 1.068005e+03 
4.395152e-01 3.767721e+02 1.043123e+03 
4.445556e-01 3.666948e+02 1.019048e+03 
4.495960e-01 3.574739e+02 9.957472e+02 
4.546364e-01 3.491179e+02 9.731885e+02 
4.596768e-01 3.415135e+02 9.513418e+02 
4.647172e-01 3.344661e+02 9.301784e+02 
4.697576e-01 3.277536e+02 9.096710e+02 
4.747980e-01 3.211763e+02 8.897937e+02 
4.798384e-01 3.145916e+02 8.705217e+02 
4.848788e-01 3.079003e+02 8.518315e+02 
4.899192e-01 3.010798e+02 8.337006e+02 
4.949596e-01 2.941952e+02 8.161077e+02 
5.000000e-01 2.873435e+02 7.990323e+02 
