1.000000e-03 3.462623e+03 3.462620e+03 
6.040404e-03 1.522150e+04 1.533268e+04 
1.108081e-02 2.062839e+04 2.071415e+04 
1.612121e-02 2.228172e+04 2.228450e+04 
2.116162e-02 2.173925e+04 2.159296e+04 
2.620202e-02 2.006491e+04 1.994919e+04 
3.124242e-02 1.800212e+04 1.817395e+04 
3.628283e-02 1.601875e+04 1.653774e+04 
4.132323e-02 1.434772e+04 1.507770e+04 
4.636364e-02 1.304173e+04 1.377799e+04 
5.140404e-02 1.206176e+04 1.261805e+04 
5.644444e-02 1.129371e+04 1.158024e+04 
6.148485e-02 1.062568e+04 1.064984e+04 
6.652525e-02 9.968544e+03 9.814272e+03 
7.156566e-02 9.270158e+03 9.062576e+03 
7.660606e-02 8.526139e+03 8.385136e+03 
8.164646e-02 7.771273e+03 7.773488e+03 
8.668687e-02 7.054530e+03 7.220184e+03 
9.172727e-02 6.415292e+03 6.718675e+03 
9.676768e-02 5.878508e+03 6.263209e+03 
1.018081e-01 5.453994e+03 5.848734e+03 
1.068485e-01 5.131429e+03 5.470811e+03 
1.118889e-01 4.882390e+03 5.125543e+03 
1.169293e-01 4.671551e+03 4.809501e+03 
1.219697e-01 4.469035e+03 4.519666e+03 
1.270101e-01 4.255953e+03 4.253379e+03 
1.320505e-01 4.024480e+03 4.008287e+03 
1.370909e-01 3.777617e+03 3.782314e+03 
1.421313e-01 3.526519e+03 3.573618e+03 
1.471717e-01 3.285692e+03 3.380563e+03 
1.522121e-01 3.067150e+03 3.201696e+03 
1.572525e-01 2.879078e+03 3.035722e+03 
1.622929e-01 2.724434e+03 2.881483e+03 
1.673333e-01 2.600330e+03 2.737946e+03 
1.723737e-01 2.498659e+03 2.604184e+03 
1.774141e-01 2.409392e+03 2.479365e+03 
1.824545e-01 2.323921e+03 2.362741e+03 
1.874949e-01 2.236273e+03 2.253638e+03 
1.925354e-01 2.143308e+03 2.151448e+03 
1.975758e-01 2.044934e+03 2.055621e+03 
2.026162e-01 1.944212e+03 1.965660e+03 
2.076566e-01 1.845635e+03 1.881113e+03 
2.126970e-01 1.753557e+03 1.801570e+03 
2.177374e-01 1.670696e+03 1.726659e+03 
2.227778e-01 1.598297e+03 1.656040e+03 
2.278182e-01 1.535945e+03 1.589402e+03 
2.328586e-01 1.481810e+03 1.526462e+03 
2.378990e-01 1.433288e+03 1.466962e+03 
2.429394e-01 1.387766e+03 1.410664e+03 
2.479798e-01 1.343110e+03 1.357351e+03 
2.530202e-01 1.297770e+03 1.306821e+03 
2.580606e-01 1.251191e+03 1.258892e+03 
2.631010e-01 1.203927e+03 1.213394e+03 
2.681414e-01 1.157295e+03 1.170171e+03 
2.731818e-01 1.112644e+03 1.129079e+03 
2.782222e-01 1.070840e+03 1.089985e+03 
2.832626e-01 1.032375e+03 1.052765e+03 
2.883030e-01 9.974218e+02 1.017306e+03 
2.933434e-01 9.657883e+02 9.835025e+02 
2.983838e-01 9.368197e+02 9.512556e+02 
3.034242e-01 9.095956e+02 9.204747e+02 
3.084646e-01 8.833311e+02 8.910752e+02 
3.135051e-01 8.575227e+02 8.629783e+02 
3.185455e-01 8.319636e+02 8.361107e+02 
3.235859e-01 8.065754e+02 8.104040e+02 
3.286263e-01 7.815044e+02 7.857946e+02 
3.336667e-01 7.570614e+02 7.622228e+02 
3.387071e-01 7.336439e+02 7.396330e+02 
3.437475e-01 7.115157e+02 7.179731e+02 
3.487879e-01 6.907494e+02 6.971945e+02 
3.538283e-01 6.712813e+02 6.772515e+02 
3.588687e-01 6.529768e+02 6.581013e+02 
3.639091e-01 6.356508e+02 6.397038e+02 
3.689495e-01 6.190695e+02 6.220213e+02 
3.739899e-01 6.030127e+02 6.050184e+02 
3.790303e-01 5.873275e+02 5.886619e+02 
3.840707e-01 5.719683e+02 5.729203e+02 
3.891111e-01 5.569409e+02 5.577644e+02 
3.941515e-01 5.422896e+02 5.431662e+02 
3.991919e-01 5.280695e+02 5.290996e+02 
4.042323e-01 5.143709e+02 5.155399e+02 
4.092727e-01 5.012662e+02 5.024639e+02 
4.143131e-01 4.887670e+02 4.898494e+02 
4.193535e-01 4.768213e+02 4.776758e+02 
4.243939e-01 4.653637e+02 4.659234e+02 
4.294343e-01 4.543577e+02 4.545735e+02 
4.344747e-01 4.437417e+02 4.436086e+02 
4.395152e-01 4.334540e+02 4.330119e+02 
4.445556e-01 4.234212e+02 4.227678e+02 
4.495960e-01 4.136416e+02 4.128612e+02 
4.546364e-01 4.041231e+02 4.032780e+02 
4.596768e-01 3.948800e+02 3.940045e+02 
4.647172e-01 3.859093e+02 3.850282e+02 
4.697576e-01 3.772148e+02 3.763367e+02 
4.747980e-01 3.688150e+02 3.679185e+02 
4.798384e-01 3.607182e+02 3.597627e+02 
4.848788e-01 3.529124e+02 3.518589e+02 
4.899192e-01 3.453631e+02 3.441969e+02 
4.949596e-01 3.380389e+02 3.367675e+02 
5.000000e-01 3.309320e+02 3.295615e+02 
