1.000000e-03 5.185059e+03 5.185054e+03 
6.040404e-03 2.253164e+04 2.271144e+04 
1.108081e-02 3.025387e+04 3.052143e+04 
1.612121e-02 3.215627e+04 3.247630e+04 
2.116162e-02 3.055550e+04 3.057614e+04 
2.620202e-02 2.713539e+04 2.688388e+04 
3.124242e-02 2.314892e+04 2.315511e+04 
3.628283e-02 1.942152e+04 2.005232e+04 
4.132323e-02 1.638053e+04 1.757669e+04 
4.636364e-02 1.412380e+04 1.557850e+04 
5.140404e-02 1.261579e+04 1.392830e+04 
5.644444e-02 1.165233e+04 1.253721e+04 
6.148485e-02 1.102850e+04 1.134598e+04 
6.652525e-02 1.054498e+04 1.031391e+04 
7.156566e-02 1.004414e+04 9.411828e+03 
7.660606e-02 9.427611e+03 8.617893e+03 
8.164646e-02 8.668190e+03 7.915198e+03 
8.668687e-02 7.805954e+03 7.290285e+03 
9.172727e-02 6.917898e+03 6.732225e+03 
9.676768e-02 6.087509e+03 6.232008e+03 
1.018081e-01 5.381895e+03 5.782116e+03 
1.068485e-01 4.837744e+03 5.376218e+03 
1.118889e-01 4.457115e+03 5.008945e+03 
1.169293e-01 4.215034e+03 4.675713e+03 
1.219697e-01 4.071765e+03 4.372587e+03 
1.270101e-01 3.981783e+03 4.096177e+03 
1.320505e-01 3.899882e+03 3.843544e+03 
1.370909e-01 3.789214e+03 3.612136e+03 
1.421313e-01 3.629178e+03 3.399725e+03 
1.471717e-01 3.417886e+03 3.204362e+03 
1.522121e-01 3.167798e+03 3.024336e+03 
1.572525e-01 2.900985e+03 2.858139e+03 
1.622929e-01 2.643368e+03 2.704440e+03 
1.673333e-01 2.418102e+03 2.562061e+03 
1.723737e-01 2.238852e+03 2.429957e+03 
1.774141e-01 2.108150e+03 2.307195e+03 
1.824545e-01 2.020120e+03 2.192947e+03 
1.874949e-01 1.964628e+03 2.086469e+03 
1.925354e-01 1.928832e+03 1.987097e+03 
1.975758e-01 1.898367e+03 1.894233e+03 
2.026162e-01 1.859990e+03 1.807342e+03 
2.076566e-01 1.805056e+03 1.725938e+03 
2.126970e-01 1.731349e+03 1.649584e+03 
2.177374e-01 1.642107e+03 1.577886e+03 
2.227778e-01 1.543893e+03 1.510485e+03 
2.278182e-01 1.444748e+03 1.447056e+03 
2.328586e-01 1.352574e+03 1.387302e+03 
2.378990e-01 1.273380e+03 1.330955e+03 
2.429394e-01 1.210220e+03 1.277769e+03 
2.479798e-01 1.163112e+03 1.227520e+03 
2.530202e-01 1.129526e+03 1.180002e+03 
2.580606e-01 1.105248e+03 1.135027e+03 
2.631010e-01 1.085303e+03 1.092424e+03 
2.681414e-01 1.064935e+03 1.052032e+03 
2.731818e-01 1.040529e+03 1.013708e+03 
2.782222e-01 1.010198e+03 9.773164e+02 
2.832626e-01 9.738344e+02 9.427338e+02 
2.883030e-01 9.329139e+02 9.098462e+02 
2.933434e-01 8.899110e+02 8.785480e+02 
2.983838e-01 8.476918e+02 8.487418e+02 
3.034242e-01 8.087845e+02 8.203372e+02 
3.084646e-01 7.749766e+02 7.932506e+02 
3.135051e-01 7.470020e+02 7.674041e+02 
3.185455e-01 7.245827e+02 7.427256e+02 
3.235859e-01 7.066567e+02 7.191480e+02 
3.286263e-01 6.916551e+02 6.966089e+02 
3.336667e-01 6.778907e+02 6.750500e+02 
3.387071e-01 6.638291e+02 6.544171e+02 
3.437475e-01 6.483330e+02 6.346597e+02 
3.487879e-01 6.308555e+02 6.157304e+02 
3.538283e-01 6.115183e+02 5.975850e+02 
3.588687e-01 5.909658e+02 5.801822e+02 
3.639091e-01 5.700901e+02 5.634833e+02 
3.689495e-01 5.498035e+02 5.474521e+02 
3.739899e-01 5.308892e+02 5.320544e+02 
3.790303e-01 5.139112e+02 5.172585e+02 
3.840707e-01 4.991207e+02 5.030343e+02 
3.891111e-01 4.863915e+02 4.893537e+02 
3.941515e-01 4.752990e+02 4.761901e+02 
3.991919e-01 4.652640e+02 4.635188e+02 
4.042323e-01 4.556988e+02 4.513161e+02 
4.092727e-01 4.461203e+02 4.395601e+02 
4.143131e-01 4.361611e+02 4.282298e+02 
4.193535e-01 4.256487e+02 4.173055e+02 
4.243939e-01 4.146240e+02 4.067688e+02 
4.294343e-01 4.033028e+02 3.966020e+02 
4.344747e-01 3.919903e+02 3.867886e+02 
4.395152e-01 3.810109e+02 3.773129e+02 
4.445556e-01 3.706283e+02 3.681601e+02 
4.495960e-01 3.610167e+02 3.593161e+02 
4.546364e-01 3.522492e+02 3.507676e+02 
4.596768e-01 3.442831e+02 3.425020e+02 
4.647172e-01 3.369771e+02 3.345074e+02 
4.697576e-01 3.301250e+02 3.267723e+02 
4.747980e-01 3.235311e+02 3.192861e+02 
4.798384e-01 3.170125e+02 3.120386e+02 
4.848788e-01 3.104419e+02 3.050199e+02 
4.899192e-01 3.037675e+02 2.982209e+02 
4.949596e-01 2.969917e+02 2.916327e+02 
5.000000e-01 2.901861e+02 2.852471e+02 
