1.000000e-03 3.432228e+03 3.432225e+03 
6.040404e-03 1.541306e+04 1.552979e+04 
1.108081e-02 2.115846e+04 2.128524e+04 
1.612121e-02 2.302593e+04 2.311768e+04 
2.116162e-02 2.251850e+04 2.243527e+04 
2.620202e-02 2.072365e+04 2.057991e+04 
3.124242e-02 1.844473e+04 1.855351e+04 
3.628283e-02 1.621642e+04 1.672853e+04 
4.132323e-02 1.432774e+04 1.514878e+04 
4.636364e-02 1.286090e+04 1.377798e+04 
5.140404e-02 1.180571e+04 1.257707e+04 
5.644444e-02 1.104154e+04 1.151629e+04 
6.148485e-02 1.043781e+04 1.057363e+04 
6.652525e-02 9.888428e+03 9.732215e+03 
7.156566e-02 9.301511e+03 8.978540e+03 
7.660606e-02 8.638468e+03 8.301455e+03 
8.164646e-02 7.913291e+03 7.691559e+03 
8.668687e-02 7.174282e+03 7.140823e+03 
9.172727e-02 6.474454e+03 6.642333e+03 
9.676768e-02 5.856436e+03 6.190105e+03 
1.018081e-01 5.348828e+03 5.778939e+03 
1.068485e-01 4.962148e+03 5.404308e+03 
1.118889e-01 4.683340e+03 5.062253e+03 
1.169293e-01 4.481538e+03 4.749312e+03 
1.219697e-01 4.319782e+03 4.462447e+03 
1.270101e-01 4.165905e+03 4.198986e+03 
1.320505e-01 3.997196e+03 3.956575e+03 
1.370909e-01 3.801778e+03 3.733139e+03 
1.421313e-01 3.579565e+03 3.526837e+03 
1.471717e-01 3.340924e+03 3.336041e+03 
1.522121e-01 3.101872e+03 3.159302e+03 
1.572525e-01 2.878716e+03 2.995332e+03 
1.622929e-01 2.684466e+03 2.842982e+03 
1.673333e-01 2.526162e+03 2.701224e+03 
1.723737e-01 2.403471e+03 2.569137e+03 
1.774141e-01 2.310033e+03 2.445897e+03 
1.824545e-01 2.236077e+03 2.330762e+03 
1.874949e-01 2.171548e+03 2.223062e+03 
1.925354e-01 2.107191e+03 2.122197e+03 
1.975758e-01 2.035939e+03 2.027621e+03 
2.026162e-01 1.954573e+03 1.938841e+03 
2.076566e-01 1.864334e+03 1.855411e+03 
2.126970e-01 1.769584e+03 1.776924e+03 
2.177374e-01 1.675645e+03 1.703013e+03 
2.227778e-01 1.587427e+03 1.633339e+03 
2.278182e-01 1.508809e+03 1.567598e+03 
2.328586e-01 1.441970e+03 1.505509e+03 
2.378990e-01 1.386863e+03 1.446816e+03 
2.429394e-01 1.341483e+03 1.391283e+03 
2.479798e-01 1.302790e+03 1.338697e+03 
2.530202e-01 1.267585e+03 1.288859e+03 
2.580606e-01 1.232883e+03 1.241587e+03 
2.631010e-01 1.196330e+03 1.196715e+03 
2.681414e-01 1.156781e+03 1.154088e+03 
2.731818e-01 1.114611e+03 1.113563e+03 
2.782222e-01 1.071246e+03 1.075009e+03 
2.832626e-01 1.028387e+03 1.038306e+03 
2.883030e-01 9.875500e+02 1.003339e+03 
2.933434e-01 9.499085e+02 9.700047e+02 
2.983838e-01 9.162506e+02 9.382066e+02 
3.034242e-01 8.867898e+02 9.078547e+02 
3.084646e-01 8.610143e+02 8.788653e+02 
3.135051e-01 8.378995e+02 8.511608e+02 
3.185455e-01 8.162888e+02 8.246688e+02 
3.235859e-01 7.952318e+02 7.993218e+02 
3.286263e-01 7.740594e+02 7.750569e+02 
3.336667e-01 7.523805e+02 7.518153e+02 
3.387071e-01 7.301119e+02 7.295422e+02 
3.437475e-01 7.075327e+02 7.081861e+02 
3.487879e-01 6.851787e+02 6.876990e+02 
3.538283e-01 6.636431e+02 6.680360e+02 
3.588687e-01 6.433634e+02 6.491547e+02 
3.639091e-01 6.245537e+02 6.310156e+02 
3.689495e-01 6.072404e+02 6.135815e+02 
3.739899e-01 5.913237e+02 5.968175e+02 
3.790303e-01 5.765885e+02 5.806908e+02 
3.840707e-01 5.627021e+02 5.651705e+02 
3.891111e-01 5.492969e+02 5.502275e+02 
3.941515e-01 5.360789e+02 5.358345e+02 
3.991919e-01 5.229045e+02 5.219655e+02 
4.042323e-01 5.097476e+02 5.085964e+02 
4.092727e-01 4.966668e+02 4.957040e+02 
4.143131e-01 4.837672e+02 4.832667e+02 
4.193535e-01 4.712073e+02 4.712641e+02 
4.243939e-01 4.591392e+02 4.596766e+02 
4.294343e-01 4.476764e+02 4.484860e+02 
4.344747e-01 4.368477e+02 4.376749e+02 
4.395152e-01 4.266143e+02 4.272269e+02 
4.445556e-01 4.169102e+02 4.171264e+02 
4.495960e-01 4.076459e+02 4.073586e+02 
4.546364e-01 3.987167e+02 3.979096e+02 
4.596768e-01 3.900226e+02 3.887660e+02 
4.647172e-01 3.814834e+02 3.799152e+02 
4.697576e-01 3.730652e+02 3.713453e+02 
4.747980e-01 3.647795e+02 3.630449e+02 
4.798384e-01 3.566455e+02 3.550031e+02 
4.848788e-01 3.487136e+02 3.472096e+02 
4.899192e-01 3.410106e+02 3.396546e+02 
4.949596e-01 3.335763e+02 3.323288e+02 
5.000000e-01 3.264317e+02 3.252233e+02 
