1.000000e-03 3.507328e+03 3.507325e+03 
6.040404e-03 1.558618e+04 1.558454e+04 
1.108081e-02 2.132063e+04 2.124542e+04 
1.612121e-02 2.315179e+04 2.345288e+04 
2.116162e-02 2.260574e+04 2.385349e+04 
2.620202e-02 2.077806e+04 2.332670e+04 
3.124242e-02 1.847422e+04 2.233915e+04 
3.628283e-02 1.622820e+04 2.114142e+04 
4.132323e-02 1.432729e+04 1.987105e+04 
4.636364e-02 1.285187e+04 1.860392e+04 
5.140404e-02 1.179034e+04 1.738106e+04 
5.644444e-02 1.102116e+04 1.622339e+04 
6.148485e-02 1.041335e+04 1.514019e+04 
6.652525e-02 9.860730e+03 1.413396e+04 
7.156566e-02 9.271512e+03 1.320338e+04 
7.660606e-02 8.607195e+03 1.234501e+04 
8.164646e-02 7.881717e+03 1.155436e+04 
8.668687e-02 7.143164e+03 1.082651e+04 
9.172727e-02 6.444250e+03 1.015647e+04 
9.676768e-02 5.827299e+03 9.539386e+03 
1.018081e-01 5.320642e+03 8.970689e+03 
1.068485e-01 4.934611e+03 8.446117e+03 
1.118889e-01 4.656100e+03 7.961749e+03 
1.169293e-01 4.454328e+03 7.514002e+03 
1.219697e-01 4.292499e+03 7.099618e+03 
1.270101e-01 4.138617e+03 6.715644e+03 
1.320505e-01 3.970114e+03 6.359408e+03 
1.370909e-01 3.775196e+03 6.028494e+03 
1.421313e-01 3.553789e+03 5.720721e+03 
1.471717e-01 3.316193e+03 5.434119e+03 
1.522121e-01 3.078307e+03 5.166907e+03 
1.572525e-01 2.856305e+03 4.917476e+03 
1.622929e-01 2.663077e+03 4.684369e+03 
1.673333e-01 2.505588e+03 4.466269e+03 
1.723737e-01 2.383484e+03 4.261981e+03 
1.774141e-01 2.290439e+03 4.070420e+03 
1.824545e-01 2.216748e+03 3.890601e+03 
1.874949e-01 2.152435e+03 3.721630e+03 
1.925354e-01 2.088322e+03 3.562690e+03 
1.975758e-01 2.017404e+03 3.413039e+03 
2.026162e-01 1.936495e+03 3.271999e+03 
2.076566e-01 1.846826e+03 3.138949e+03 
2.126970e-01 1.752721e+03 3.013322e+03 
2.177374e-01 1.659451e+03 2.894600e+03 
2.227778e-01 1.571876e+03 2.782306e+03 
2.278182e-01 1.493834e+03 2.676003e+03 
2.328586e-01 1.427476e+03 2.575289e+03 
2.378990e-01 1.372752e+03 2.479794e+03 
2.429394e-01 1.327672e+03 2.389179e+03 
2.479798e-01 1.289222e+03 2.303128e+03 
2.530202e-01 1.254237e+03 2.221352e+03 
2.580606e-01 1.219760e+03 2.143583e+03 
2.631010e-01 1.183463e+03 2.069573e+03 
2.681414e-01 1.144213e+03 1.999093e+03 
2.731818e-01 1.102382e+03 1.931930e+03 
2.782222e-01 1.059380e+03 1.867886e+03 
2.832626e-01 1.016889e+03 1.806778e+03 
2.883030e-01 9.764081e+02 1.748437e+03 
2.933434e-01 9.390964e+02 1.692703e+03 
2.983838e-01 9.057317e+02 1.639429e+03 
3.034242e-01 8.765237e+02 1.588477e+03 
3.084646e-01 8.509649e+02 1.539719e+03 
3.135051e-01 8.280417e+02 1.493035e+03 
3.185455e-01 8.066103e+02 1.448313e+03 
3.235859e-01 7.857311e+02 1.405449e+03 
3.286263e-01 7.647428e+02 1.364345e+03 
3.336667e-01 7.432589e+02 1.324909e+03 
3.387071e-01 7.211973e+02 1.287054e+03 
3.437475e-01 6.988337e+02 1.250701e+03 
3.487879e-01 6.766971e+02 1.215774e+03 
3.538283e-01 6.553733e+02 1.182201e+03 
3.588687e-01 6.352940e+02 1.149916e+03 
3.639091e-01 6.166701e+02 1.118855e+03 
3.689495e-01 5.995273e+02 1.088961e+03 
3.739899e-01 5.837667e+02 1.060177e+03 
3.790303e-01 5.691754e+02 1.032450e+03 
3.840707e-01 5.554248e+02 1.005732e+03 
3.891111e-01 5.421518e+02 9.799751e+02 
3.941515e-01 5.290660e+02 9.551357e+02 
3.991919e-01 5.160258e+02 9.311722e+02 
4.042323e-01 5.030052e+02 9.080451e+02 
4.092727e-01 4.900620e+02 8.857172e+02 
4.143131e-01 4.773000e+02 8.641535e+02 
4.193535e-01 4.648752e+02 8.433204e+02 
4.243939e-01 4.529378e+02 8.231865e+02 
4.294343e-01 4.415995e+02 8.037217e+02 
4.344747e-01 4.308884e+02 7.848979e+02 
4.395152e-01 4.207664e+02 7.666880e+02 
4.445556e-01 4.111679e+02 7.490664e+02 
4.495960e-01 4.020049e+02 7.320090e+02 
4.546364e-01 3.931737e+02 7.154926e+02 
4.596768e-01 3.845757e+02 6.994955e+02 
4.647172e-01 3.761319e+02 6.839966e+02 
4.697576e-01 3.678087e+02 6.689762e+02 
4.747980e-01 3.596174e+02 6.544155e+02 
4.798384e-01 3.515769e+02 6.402965e+02 
4.848788e-01 3.437368e+02 6.266020e+02 
4.899192e-01 3.361234e+02 6.133158e+02 
4.949596e-01 3.287761e+02 6.004223e+02 
5.000000e-01 3.217154e+02 5.879066e+02 
