1.000000e-03 4.624454e+03 4.624450e+03 
6.040404e-03 2.063196e+04 2.079692e+04 
1.108081e-02 2.815750e+04 2.841098e+04 
1.612121e-02 3.033274e+04 3.065666e+04 
2.116162e-02 2.916893e+04 2.922719e+04 
2.620202e-02 2.618025e+04 2.593079e+04 
3.124242e-02 2.252974e+04 2.244586e+04 
3.628283e-02 1.901582e+04 1.949149e+04 
4.132323e-02 1.607912e+04 1.712007e+04 
4.636364e-02 1.385270e+04 1.520369e+04 
5.140404e-02 1.233010e+04 1.362069e+04 
5.644444e-02 1.134501e+04 1.228549e+04 
6.148485e-02 1.071152e+04 1.114078e+04 
6.652525e-02 1.025378e+04 1.014741e+04 
7.156566e-02 9.809158e+03 9.277490e+03 
7.660606e-02 9.270279e+03 8.510279e+03 
8.164646e-02 8.595313e+03 7.829796e+03 
8.668687e-02 7.808009e+03 7.223360e+03 
9.172727e-02 6.970952e+03 6.680685e+03 
9.676768e-02 6.159550e+03 6.193289e+03 
1.018081e-01 5.442452e+03 5.754092e+03 
1.068485e-01 4.866626e+03 5.357120e+03 
1.118889e-01 4.447213e+03 4.997299e+03 
1.169293e-01 4.169814e+03 4.670289e+03 
1.219697e-01 4.001340e+03 4.372356e+03 
1.270101e-01 3.901237e+03 4.100274e+03 
1.320505e-01 3.827795e+03 3.851244e+03 
1.370909e-01 3.742942e+03 3.622827e+03 
1.421313e-01 3.618748e+03 3.412892e+03 
1.471717e-01 3.443775e+03 3.219569e+03 
1.522121e-01 3.223153e+03 3.041214e+03 
1.572525e-01 2.973867e+03 2.876375e+03 
1.622929e-01 2.719392e+03 2.723770e+03 
1.673333e-01 2.483420e+03 2.582260e+03 
1.723737e-01 2.284172e+03 2.450832e+03 
1.774141e-01 2.130179e+03 2.328585e+03 
1.824545e-01 2.021056e+03 2.214713e+03 
1.874949e-01 1.950030e+03 2.108494e+03 
1.925354e-01 1.906329e+03 2.009281e+03 
1.975758e-01 1.876859e+03 1.916493e+03 
2.026162e-01 1.848121e+03 1.829604e+03 
2.076566e-01 1.808891e+03 1.748143e+03 
2.126970e-01 1.752659e+03 1.671681e+03 
2.177374e-01 1.678442e+03 1.599832e+03 
2.227778e-01 1.589953e+03 1.532243e+03 
2.278182e-01 1.494012e+03 1.468597e+03 
2.328586e-01 1.398686e+03 1.408601e+03 
2.378990e-01 1.311364e+03 1.351992e+03 
2.429394e-01 1.237191e+03 1.298528e+03 
2.479798e-01 1.178528e+03 1.247987e+03 
2.530202e-01 1.135196e+03 1.200167e+03 
2.580606e-01 1.104745e+03 1.154883e+03 
2.631010e-01 1.082998e+03 1.111963e+03 
2.681414e-01 1.064956e+03 1.071252e+03 
2.731818e-01 1.046052e+03 1.032606e+03 
2.782222e-01 1.023010e+03 9.958913e+02 
2.832626e-01 9.941188e+02 9.609856e+02 
2.883030e-01 9.592141e+02 9.277760e+02 
2.933434e-01 9.195803e+02 8.961576e+02 
2.983838e-01 8.776208e+02 8.660337e+02 
3.034242e-01 8.362493e+02 8.373145e+02 
3.084646e-01 7.980646e+02 8.099169e+02 
3.135051e-01 7.647995e+02 7.837633e+02 
3.185455e-01 7.371799e+02 7.587822e+02 
3.235859e-01 7.150633e+02 7.349065e+02 
3.286263e-01 6.975930e+02 7.120741e+02 
3.336667e-01 6.833280e+02 6.902269e+02 
3.387071e-01 6.705277e+02 6.693108e+02 
3.437475e-01 6.575610e+02 6.492754e+02 
3.487879e-01 6.432413e+02 6.300734e+02 
3.538283e-01 6.269684e+02 6.116606e+02 
3.588687e-01 6.087265e+02 5.939958e+02 
3.639091e-01 5.889769e+02 5.770402e+02 
3.689495e-01 5.685348e+02 5.607575e+02 
3.739899e-01 5.483557e+02 5.451137e+02 
3.790303e-01 5.293502e+02 5.300768e+02 
3.840707e-01 5.121722e+02 5.156169e+02 
3.891111e-01 4.971222e+02 5.017056e+02 
3.941515e-01 4.841832e+02 4.883165e+02 
3.991919e-01 4.730628e+02 4.754245e+02 
4.042323e-01 4.632651e+02 4.630061e+02 
4.092727e-01 4.541807e+02 4.510391e+02 
4.143131e-01 4.452144e+02 4.395025e+02 
4.193535e-01 4.359238e+02 4.283766e+02 
4.243939e-01 4.260821e+02 4.176427e+02 
4.294343e-01 4.156541e+02 4.072832e+02 
4.344747e-01 4.047649e+02 3.972814e+02 
4.395152e-01 3.936591e+02 3.876215e+02 
4.445556e-01 3.826681e+02 3.782887e+02 
4.495960e-01 3.721364e+02 3.692687e+02 
4.546364e-01 3.623195e+02 3.605482e+02 
4.596768e-01 3.533364e+02 3.521144e+02 
4.647172e-01 3.451825e+02 3.439554e+02 
4.697576e-01 3.377876e+02 3.360597e+02 
4.747980e-01 3.309931e+02 3.284163e+02 
4.798384e-01 3.245908e+02 3.210151e+02 
4.848788e-01 3.183628e+02 3.138462e+02 
4.899192e-01 3.121229e+02 3.069003e+02 
4.949596e-01 3.057652e+02 3.001685e+02 
5.000000e-01 2.992703e+02 2.936424e+02 
