1.000000e-03 3.291088e+03 3.291086e+03 
6.040404e-03 1.411494e+04 1.421412e+04 
1.108081e-02 1.890675e+04 1.894019e+04 
1.612121e-02 2.033812e+04 2.024861e+04 
2.116162e-02 1.989870e+04 1.970024e+04 
2.620202e-02 1.853281e+04 1.841447e+04 
3.124242e-02 1.685777e+04 1.698445e+04 
3.628283e-02 1.523891e+04 1.560547e+04 
4.132323e-02 1.384553e+04 1.432582e+04 
4.636364e-02 1.269877e+04 1.315432e+04 
5.140404e-02 1.178180e+04 1.208884e+04 
5.644444e-02 1.098152e+04 1.112330e+04 
6.148485e-02 1.023853e+04 1.025004e+04 
6.652525e-02 9.503103e+03 9.460844e+03 
7.156566e-02 8.762809e+03 8.747565e+03 
7.660606e-02 8.032790e+03 8.102473e+03 
8.164646e-02 7.346381e+03 7.518413e+03 
8.668687e-02 6.732428e+03 6.988883e+03 
9.172727e-02 6.205468e+03 6.508034e+03 
9.676768e-02 5.768253e+03 6.070652e+03 
1.018081e-01 5.412581e+03 5.672100e+03 
1.068485e-01 5.117360e+03 5.308276e+03 
1.118889e-01 4.854539e+03 4.975549e+03 
1.169293e-01 4.601808e+03 4.670710e+03 
1.219697e-01 4.347733e+03 4.390922e+03 
1.270101e-01 4.090395e+03 4.133675e+03 
1.320505e-01 3.834633e+03 3.896745e+03 
1.370909e-01 3.589280e+03 3.678164e+03 
1.421313e-01 3.363540e+03 3.476180e+03 
1.471717e-01 3.162639e+03 3.289237e+03 
1.522121e-01 2.987856e+03 3.115949e+03 
1.572525e-01 2.837896e+03 2.955079e+03 
1.622929e-01 2.708571e+03 2.805521e+03 
1.673333e-01 2.593002e+03 2.666286e+03 
1.723737e-01 2.483890e+03 2.536486e+03 
1.774141e-01 2.376524e+03 2.415322e+03 
1.824545e-01 2.269708e+03 2.302076e+03 
1.874949e-01 2.163803e+03 2.196101e+03 
1.925354e-01 2.060118e+03 2.096813e+03 
1.975758e-01 1.960929e+03 2.003682e+03 
2.026162e-01 1.868719e+03 1.916229e+03 
2.076566e-01 1.784986e+03 1.834020e+03 
2.126970e-01 1.709655e+03 1.756659e+03 
2.177374e-01 1.641568e+03 1.683786e+03 
2.227778e-01 1.579239e+03 1.615074e+03 
2.278182e-01 1.520988e+03 1.550224e+03 
2.328586e-01 1.465444e+03 1.488962e+03 
2.378990e-01 1.411635e+03 1.431037e+03 
2.429394e-01 1.359058e+03 1.376220e+03 
2.479798e-01 1.307682e+03 1.324300e+03 
2.530202e-01 1.257886e+03 1.275085e+03 
2.580606e-01 1.210320e+03 1.228396e+03 
2.631010e-01 1.165567e+03 1.184068e+03 
2.681414e-01 1.123803e+03 1.141952e+03 
2.731818e-01 1.084858e+03 1.101907e+03 
2.782222e-01 1.048418e+03 1.063804e+03 
2.832626e-01 1.014139e+03 1.027524e+03 
2.883030e-01 9.816204e+02 9.929570e+02 
2.933434e-01 9.504354e+02 9.599997e+02 
2.983838e-01 9.202867e+02 9.285573e+02 
3.034242e-01 8.910955e+02 8.985414e+02 
3.084646e-01 8.628819e+02 8.698700e+02 
3.135051e-01 8.357074e+02 8.424666e+02 
3.185455e-01 8.096280e+02 8.162600e+02 
3.235859e-01 7.847171e+02 7.911838e+02 
3.286263e-01 7.610403e+02 7.671761e+02 
3.336667e-01 7.385604e+02 7.441790e+02 
3.387071e-01 7.171498e+02 7.221385e+02 
3.437475e-01 6.966888e+02 7.010038e+02 
3.487879e-01 6.770713e+02 6.807278e+02 
3.538283e-01 6.582048e+02 6.612660e+02 
3.588687e-01 6.399883e+02 6.425769e+02 
3.639091e-01 6.223737e+02 6.246213e+02 
3.689495e-01 6.053686e+02 6.073626e+02 
3.739899e-01 5.889853e+02 5.907665e+02 
3.790303e-01 5.732071e+02 5.748004e+02 
3.840707e-01 5.580097e+02 5.594340e+02 
3.891111e-01 5.433968e+02 5.446385e+02 
3.941515e-01 5.293707e+02 5.303870e+02 
3.991919e-01 5.158939e+02 5.166539e+02 
4.042323e-01 5.029117e+02 5.034152e+02 
4.092727e-01 4.903739e+02 4.906482e+02 
4.143131e-01 4.782605e+02 4.783315e+02 
4.193535e-01 4.665629e+02 4.664448e+02 
4.243939e-01 4.552521e+02 4.549690e+02 
4.294343e-01 4.442952e+02 4.438859e+02 
4.344747e-01 4.336882e+02 4.331785e+02 
4.395152e-01 4.234405e+02 4.228304e+02 
4.445556e-01 4.135462e+02 4.128263e+02 
4.495960e-01 4.039761e+02 4.031516e+02 
4.546364e-01 3.947081e+02 3.937924e+02 
4.596768e-01 3.857419e+02 3.847357e+02 
4.647172e-01 3.770757e+02 3.759688e+02 
4.697576e-01 3.686866e+02 3.674801e+02 
4.747980e-01 3.605464e+02 3.592581e+02 
4.798384e-01 3.526490e+02 3.512923e+02 
4.848788e-01 3.449926e+02 3.435723e+02 
4.899192e-01 3.375707e+02 3.360886e+02 
4.949596e-01 3.303682e+02 3.288319e+02 
5.000000e-01 3.233710e+02 3.217933e+02 
