1.000000e-03 2.176221e+03 2.176219e+03 
6.040404e-03 9.661680e+03 9.732038e+03 
1.108081e-02 1.333635e+04 1.334190e+04 
1.612121e-02 1.481005e+04 1.470401e+04 
2.116162e-02 1.501114e+04 1.482537e+04 
2.620202e-02 1.451685e+04 1.435491e+04 
3.124242e-02 1.369983e+04 1.364137e+04 
3.628283e-02 1.278697e+04 1.283984e+04 
4.132323e-02 1.189940e+04 1.202161e+04 
4.636364e-02 1.107926e+04 1.122265e+04 
5.140404e-02 1.033935e+04 1.046145e+04 
5.644444e-02 9.653641e+03 9.746858e+03 
6.148485e-02 9.003233e+03 9.082141e+03 
6.652525e-02 8.389539e+03 8.467329e+03 
7.156566e-02 7.802017e+03 7.900640e+03 
7.660606e-02 7.244622e+03 7.379333e+03 
8.164646e-02 6.731793e+03 6.900226e+03 
8.668687e-02 6.274963e+03 6.460009e+03 
9.172727e-02 5.871711e+03 6.055422e+03 
9.676768e-02 5.512556e+03 5.683356e+03 
1.018081e-01 5.190691e+03 5.340909e+03 
1.068485e-01 4.900558e+03 5.025403e+03 
1.118889e-01 4.632961e+03 4.734388e+03 
1.169293e-01 4.378407e+03 4.465639e+03 
1.219697e-01 4.133074e+03 4.217140e+03 
1.270101e-01 3.898620e+03 3.987071e+03 
1.320505e-01 3.679112e+03 3.773789e+03 
1.370909e-01 3.477241e+03 3.575814e+03 
1.421313e-01 3.293347e+03 3.391809e+03 
1.471717e-01 3.125989e+03 3.220573e+03 
1.522121e-01 2.973047e+03 3.061020e+03 
1.572525e-01 2.832704e+03 2.912170e+03 
1.622929e-01 2.703145e+03 2.773139e+03 
1.673333e-01 2.581877e+03 2.643127e+03 
1.723737e-01 2.466460e+03 2.521408e+03 
1.774141e-01 2.355776e+03 2.407327e+03 
1.824545e-01 2.250459e+03 2.300288e+03 
1.874949e-01 2.151196e+03 2.199750e+03 
1.925354e-01 2.057995e+03 2.105220e+03 
1.975758e-01 1.970382e+03 2.016250e+03 
2.026162e-01 1.888497e+03 1.932431e+03 
2.076566e-01 1.812331e+03 1.853390e+03 
2.126970e-01 1.741285e+03 1.778786e+03 
2.177374e-01 1.674266e+03 1.708306e+03 
2.227778e-01 1.610568e+03 1.641664e+03 
2.278182e-01 1.549941e+03 1.578598e+03 
2.328586e-01 1.492272e+03 1.518866e+03 
2.378990e-01 1.437343e+03 1.462246e+03 
2.429394e-01 1.385019e+03 1.408535e+03 
2.479798e-01 1.335250e+03 1.357543e+03 
2.530202e-01 1.288016e+03 1.309097e+03 
2.580606e-01 1.243251e+03 1.263038e+03 
2.631010e-01 1.200781e+03 1.219216e+03 
2.681414e-01 1.160422e+03 1.177494e+03 
2.731818e-01 1.122005e+03 1.137744e+03 
2.782222e-01 1.085380e+03 1.099850e+03 
2.832626e-01 1.050392e+03 1.063702e+03 
2.883030e-01 1.016920e+03 1.029197e+03 
2.933434e-01 9.848667e+02 9.962410e+02 
2.983838e-01 9.541619e+02 9.647461e+02 
3.034242e-01 9.247870e+02 9.346302e+02 
3.084646e-01 8.966955e+02 9.058167e+02 
3.135051e-01 8.698175e+02 8.782341e+02 
3.185455e-01 8.440739e+02 8.518158e+02 
3.235859e-01 8.193801e+02 8.264993e+02 
3.286263e-01 7.957015e+02 8.022264e+02 
3.336667e-01 7.730015e+02 7.789425e+02 
3.387071e-01 7.512103e+02 7.565962e+02 
3.437475e-01 7.302538e+02 7.351398e+02 
3.487879e-01 7.100836e+02 7.145281e+02 
3.538283e-01 6.906837e+02 6.947188e+02 
3.588687e-01 6.720423e+02 6.756723e+02 
3.639091e-01 6.541017e+02 6.573511e+02 
3.689495e-01 6.368191e+02 6.397202e+02 
3.739899e-01 6.201673e+02 6.227465e+02 
3.790303e-01 6.041270e+02 6.063987e+02 
3.840707e-01 5.886809e+02 5.906474e+02 
3.891111e-01 5.737875e+02 5.754651e+02 
3.941515e-01 5.594062e+02 5.608254e+02 
3.991919e-01 5.455163e+02 5.467037e+02 
4.042323e-01 5.321144e+02 5.330767e+02 
4.092727e-01 5.191827e+02 5.199222e+02 
4.143131e-01 5.066886e+02 5.072194e+02 
4.193535e-01 4.946012e+02 4.949484e+02 
4.243939e-01 4.829095e+02 4.830906e+02 
4.294343e-01 4.716129e+02 4.716283e+02 
4.344747e-01 4.606951e+02 4.605446e+02 
4.395152e-01 4.501269e+02 4.498235e+02 
4.445556e-01 4.398895e+02 4.394499e+02 
4.495960e-01 4.299728e+02 4.294095e+02 
4.546364e-01 4.203745e+02 4.196886e+02 
4.596768e-01 4.110862e+02 4.102741e+02 
4.647172e-01 4.020800e+02 4.011539e+02 
4.697576e-01 3.933386e+02 3.923161e+02 
4.747980e-01 3.848589e+02 3.837495e+02 
4.798384e-01 3.766417e+02 3.754436e+02 
4.848788e-01 3.686765e+02 3.673882e+02 
4.899192e-01 3.609429e+02 3.595737e+02 
4.949596e-01 3.534263e+02 3.519908e+02 
5.000000e-01 3.461246e+02 3.446308e+02 
