1.000000e-03 5.420228e+03 5.420223e+03 
6.040404e-03 2.393057e+04 2.412427e+04 
1.108081e-02 3.240105e+04 3.271828e+04 
1.612121e-02 3.461178e+04 3.504066e+04 
2.116162e-02 3.295299e+04 3.306111e+04 
2.620202e-02 2.922093e+04 2.891952e+04 
3.124242e-02 2.479012e+04 2.464532e+04 
3.628283e-02 2.059477e+04 2.110003e+04 
4.132323e-02 1.713768e+04 1.831818e+04 
4.636364e-02 1.455639e+04 1.611729e+04 
5.140404e-02 1.282549e+04 1.433203e+04 
5.644444e-02 1.174013e+04 1.284854e+04 
6.148485e-02 1.108145e+04 1.159202e+04 
6.652525e-02 1.063551e+04 1.051237e+04 
7.156566e-02 1.021499e+04 9.574617e+03 
7.660606e-02 9.689368e+03 8.753288e+03 
8.164646e-02 9.001031e+03 8.029114e+03 
8.668687e-02 8.167710e+03 7.387063e+03 
9.172727e-02 7.258806e+03 6.815125e+03 
9.676768e-02 6.364477e+03 6.303529e+03 
1.018081e-01 5.568451e+03 5.844205e+03 
1.068485e-01 4.927881e+03 5.430417e+03 
1.118889e-01 4.462369e+03 5.056490e+03 
1.169293e-01 4.158647e+03 4.717606e+03 
1.219697e-01 3.983388e+03 4.409651e+03 
1.270101e-01 3.893148e+03 4.129089e+03 
1.320505e-01 3.840403e+03 3.872870e+03 
1.370909e-01 3.779836e+03 3.638350e+03 
1.421313e-01 3.677060e+03 3.423227e+03 
1.471717e-01 3.515464e+03 3.225491e+03 
1.522121e-01 3.297053e+03 3.043381e+03 
1.572525e-01 3.038411e+03 2.875349e+03 
1.622929e-01 2.765689e+03 2.720028e+03 
1.673333e-01 2.507309e+03 2.576212e+03 
1.723737e-01 2.286275e+03 2.442830e+03 
1.774141e-01 2.114538e+03 2.318930e+03 
1.824545e-01 1.993289e+03 2.203664e+03 
1.874949e-01 1.916576e+03 2.096276e+03 
1.925354e-01 1.873861e+03 1.996087e+03 
1.975758e-01 1.851151e+03 1.902489e+03 
2.026162e-01 1.832845e+03 1.814936e+03 
2.076566e-01 1.805000e+03 1.732935e+03 
2.126970e-01 1.758503e+03 1.656041e+03 
2.177374e-01 1.690495e+03 1.583853e+03 
2.227778e-01 1.603756e+03 1.516008e+03 
2.278182e-01 1.505173e+03 1.452175e+03 
2.328586e-01 1.403716e+03 1.392054e+03 
2.378990e-01 1.308311e+03 1.335371e+03 
2.429394e-01 1.225956e+03 1.281879e+03 
2.479798e-01 1.160539e+03 1.231350e+03 
2.530202e-01 1.112753e+03 1.183576e+03 
2.580606e-01 1.080505e+03 1.138366e+03 
2.631010e-01 1.059564e+03 1.095546e+03 
2.681414e-01 1.044626e+03 1.054956e+03 
2.731818e-01 1.030405e+03 1.016449e+03 
2.782222e-01 1.012512e+03 9.798889e+02 
2.832626e-01 9.880928e+02 9.451508e+02 
2.883030e-01 9.561535e+02 9.121196e+02 
2.933434e-01 9.176288e+02 8.806886e+02 
2.983838e-01 8.750101e+02 8.507595e+02 
3.034242e-01 8.315088e+02 8.222410e+02 
3.084646e-01 7.902682e+02 7.950486e+02 
3.135051e-01 7.537284e+02 7.691039e+02 
3.185455e-01 7.232978e+02 7.443342e+02 
3.235859e-01 6.993251e+02 7.206717e+02 
3.286263e-01 6.811282e+02 6.980535e+02 
3.336667e-01 6.672330e+02 6.764209e+02 
3.387071e-01 6.557588e+02 6.557193e+02 
3.437475e-01 6.448250e+02 6.358976e+02 
3.487879e-01 6.327945e+02 6.169083e+02 
3.538283e-01 6.185836e+02 5.987067e+02 
3.588687e-01 6.018133e+02 5.812514e+02 
3.639091e-01 5.827832e+02 5.645033e+02 
3.689495e-01 5.623114e+02 5.484258e+02 
3.739899e-01 5.414788e+02 5.329848e+02 
3.790303e-01 5.213701e+02 5.181482e+02 
3.840707e-01 5.029018e+02 5.038857e+02 
3.891111e-01 4.866869e+02 4.901691e+02 
3.941515e-01 4.729563e+02 4.769717e+02 
3.991919e-01 4.615182e+02 4.642684e+02 
4.042323e-01 4.518569e+02 4.520356e+02 
4.092727e-01 4.433135e+02 4.402512e+02 
4.143131e-01 4.352023e+02 4.288941e+02 
4.193535e-01 4.269363e+02 4.179445e+02 
4.243939e-01 4.180739e+02 4.073839e+02 
4.294343e-01 4.084065e+02 3.971944e+02 
4.344747e-01 3.979528e+02 3.873596e+02 
4.395152e-01 3.869761e+02 3.778636e+02 
4.445556e-01 3.758587e+02 3.686916e+02 
4.495960e-01 3.649966e+02 3.598293e+02 
4.546364e-01 3.547192e+02 3.512635e+02 
4.596768e-01 3.452753e+02 3.429815e+02 
4.647172e-01 3.367942e+02 3.349713e+02 
4.697576e-01 3.292642e+02 3.272214e+02 
4.747980e-01 3.225325e+02 3.197211e+02 
4.798384e-01 3.163632e+02 3.124601e+02 
4.848788e-01 3.104903e+02 3.054286e+02 
4.899192e-01 3.046988e+02 2.986174e+02 
4.949596e-01 2.988139e+02 2.920176e+02 
5.000000e-01 2.927267e+02 2.856208e+02 
