1.000000e-03 4.305829e+03 4.305825e+03 
6.040404e-03 1.916346e+04 1.931481e+04 
1.108081e-02 2.603833e+04 2.624253e+04 
1.612121e-02 2.798478e+04 2.820497e+04 
2.116162e-02 2.692699e+04 2.690819e+04 
2.620202e-02 2.426860e+04 2.406914e+04 
3.124242e-02 2.105746e+04 2.110843e+04 
3.628283e-02 1.799309e+04 1.857262e+04 
4.132323e-02 1.544942e+04 1.649063e+04 
4.636364e-02 1.352584e+04 1.476662e+04 
5.140404e-02 1.220550e+04 1.331231e+04 
5.644444e-02 1.132750e+04 1.206519e+04 
6.148485e-02 1.072057e+04 1.098242e+04 
6.652525e-02 1.022113e+04 1.003373e+04 
7.156566e-02 9.699055e+03 9.196740e+03 
7.660606e-02 9.078353e+03 8.454258e+03 
8.164646e-02 8.345112e+03 7.792616e+03 
8.668687e-02 7.539644e+03 7.200700e+03 
9.172727e-02 6.728720e+03 6.669311e+03 
9.676768e-02 5.980443e+03 6.190743e+03 
1.018081e-01 5.348321e+03 5.758476e+03 
1.068485e-01 4.860499e+03 5.366956e+03 
1.118889e-01 4.515504e+03 5.011421e+03 
1.169293e-01 4.287926e+03 4.687770e+03 
1.219697e-01 4.139919e+03 4.392456e+03 
1.270101e-01 4.030824e+03 4.122397e+03 
1.320505e-01 3.922724e+03 3.874908e+03 
1.370909e-01 3.786347e+03 3.647642e+03 
1.421313e-01 3.607570e+03 3.438540e+03 
1.471717e-01 3.388477e+03 3.245792e+03 
1.522121e-01 3.143129e+03 3.067800e+03 
1.572525e-01 2.891583e+03 2.903153e+03 
1.622929e-01 2.655097e+03 2.750598e+03 
1.673333e-01 2.451414e+03 2.609024e+03 
1.723737e-01 2.290394e+03 2.477440e+03 
1.774141e-01 2.172270e+03 2.354961e+03 
1.824545e-01 2.089958e+03 2.240797e+03 
1.874949e-01 2.032899e+03 2.134239e+03 
1.925354e-01 1.989204e+03 2.034648e+03 
1.975758e-01 1.946875e+03 1.941452e+03 
2.026162e-01 1.895639e+03 1.854134e+03 
2.076566e-01 1.829682e+03 1.772226e+03 
2.126970e-01 1.748727e+03 1.695306e+03 
2.177374e-01 1.657029e+03 1.622991e+03 
2.227778e-01 1.561101e+03 1.554933e+03 
2.278182e-01 1.467885e+03 1.490815e+03 
2.328586e-01 1.383393e+03 1.430348e+03 
2.378990e-01 1.311769e+03 1.373271e+03 
2.429394e-01 1.254534e+03 1.319343e+03 
2.479798e-01 1.210780e+03 1.268343e+03 
2.530202e-01 1.177643e+03 1.220071e+03 
2.580606e-01 1.151031e+03 1.174342e+03 
2.631010e-01 1.126548e+03 1.130985e+03 
2.681414e-01 1.100438e+03 1.089846e+03 
2.731818e-01 1.070311e+03 1.050780e+03 
2.782222e-01 1.035363e+03 1.013654e+03 
2.832626e-01 9.961993e+02 9.783473e+02 
2.883030e-01 9.544803e+02 9.447454e+02 
2.933434e-01 9.124907e+02 9.127443e+02 
2.983838e-01 8.725603e+02 8.822470e+02 
3.034242e-01 8.365363e+02 8.531637e+02 
3.084646e-01 8.054243e+02 8.254112e+02 
3.135051e-01 7.793448e+02 7.989120e+02 
3.185455e-01 7.577057e+02 7.735942e+02 
3.235859e-01 7.393542e+02 7.493907e+02 
3.286263e-01 7.228583e+02 7.262391e+02 
3.336667e-01 7.067923e+02 7.040814e+02 
3.387071e-01 6.900627e+02 6.828631e+02 
3.437475e-01 6.720454e+02 6.625335e+02 
3.487879e-01 6.526118e+02 6.430454e+02 
3.538283e-01 6.320877e+02 6.243542e+02 
3.588687e-01 6.111314e+02 6.064184e+02 
3.639091e-01 5.905414e+02 5.891993e+02 
3.689495e-01 5.710347e+02 5.726602e+02 
3.739899e-01 5.531098e+02 5.567670e+02 
3.790303e-01 5.370130e+02 5.414874e+02 
3.840707e-01 5.227334e+02 5.267913e+02 
3.891111e-01 5.100394e+02 5.126502e+02 
3.941515e-01 4.985209e+02 4.990375e+02 
3.991919e-01 4.876587e+02 4.859279e+02 
4.042323e-01 4.769799e+02 4.732977e+02 
4.092727e-01 4.661530e+02 4.611245e+02 
4.143131e-01 4.550317e+02 4.493872e+02 
4.193535e-01 4.436030e+02 4.380659e+02 
4.243939e-01 4.319876e+02 4.271418e+02 
4.294343e-01 4.203888e+02 4.165970e+02 
4.344747e-01 4.090602e+02 4.064148e+02 
4.395152e-01 3.982518e+02 3.965792e+02 
4.445556e-01 3.881174e+02 3.870752e+02 
4.495960e-01 3.787125e+02 3.778884e+02 
4.546364e-01 3.700060e+02 3.690054e+02 
4.596768e-01 3.619051e+02 3.604133e+02 
4.647172e-01 3.542847e+02 3.520999e+02 
4.697576e-01 3.469770e+02 3.440537e+02 
4.747980e-01 3.398151e+02 3.362637e+02 
4.798384e-01 3.326866e+02 3.287195e+02 
4.848788e-01 3.255423e+02 3.214111e+02 
4.899192e-01 3.183936e+02 3.143292e+02 
4.949596e-01 3.112786e+02 3.074647e+02 
5.000000e-01 3.042562e+02 3.008091e+02 
