1.000000e-03 4.053919e+03 4.053915e+03 
6.040404e-03 1.746161e+04 1.759334e+04 
1.108081e-02 2.333177e+04 2.345274e+04 
1.612121e-02 2.486778e+04 2.491628e+04 
2.116162e-02 2.391763e+04 2.378364e+04 
2.620202e-02 2.172817e+04 2.159897e+04 
3.124242e-02 1.916428e+04 1.936019e+04 
3.628283e-02 1.676353e+04 1.738021e+04 
4.132323e-02 1.478681e+04 1.567386e+04 
4.636364e-02 1.328348e+04 1.419621e+04 
5.140404e-02 1.220018e+04 1.290530e+04 
5.644444e-02 1.140118e+04 1.176938e+04 
6.148485e-02 1.073565e+04 1.076448e+04 
6.652525e-02 1.009142e+04 9.871799e+03 
7.156566e-02 9.401624e+03 9.076049e+03 
7.660606e-02 8.646869e+03 8.364526e+03 
8.164646e-02 7.854979e+03 7.726502e+03 
8.668687e-02 7.080222e+03 7.152838e+03 
9.172727e-02 6.376584e+03 6.635701e+03 
9.676768e-02 5.782396e+03 6.168350e+03 
1.018081e-01 5.314912e+03 5.744966e+03 
1.068485e-01 4.967566e+03 5.360508e+03 
1.118889e-01 4.713626e+03 5.010603e+03 
1.169293e-01 4.516480e+03 4.691445e+03 
1.219697e-01 4.340295e+03 4.399712e+03 
1.270101e-01 4.156635e+03 4.132501e+03 
1.320505e-01 3.949011e+03 3.887266e+03 
1.370909e-01 3.715645e+03 3.661771e+03 
1.421313e-01 3.466725e+03 3.454046e+03 
1.471717e-01 3.217677e+03 3.262352e+03 
1.522121e-01 2.983620e+03 3.085149e+03 
1.572525e-01 2.777065e+03 2.921073e+03 
1.622929e-01 2.606729e+03 2.768911e+03 
1.673333e-01 2.473524e+03 2.627583e+03 
1.723737e-01 2.370495e+03 2.496123e+03 
1.774141e-01 2.286896e+03 2.373670e+03 
1.824545e-01 2.212458e+03 2.259450e+03 
1.874949e-01 2.138947e+03 2.152769e+03 
1.925354e-01 2.060074e+03 2.053002e+03 
1.975758e-01 1.972518e+03 1.959587e+03 
2.026162e-01 1.877393e+03 1.872015e+03 
2.076566e-01 1.779452e+03 1.789825e+03 
2.126970e-01 1.684358e+03 1.712602e+03 
2.177374e-01 1.596441e+03 1.639968e+03 
2.227778e-01 1.518516e+03 1.571578e+03 
2.278182e-01 1.451854e+03 1.507119e+03 
2.328586e-01 1.396098e+03 1.446308e+03 
2.378990e-01 1.349088e+03 1.388882e+03 
2.429394e-01 1.307676e+03 1.334604e+03 
2.479798e-01 1.268718e+03 1.283255e+03 
2.530202e-01 1.229672e+03 1.234636e+03 
2.580606e-01 1.188959e+03 1.188563e+03 
2.631010e-01 1.146175e+03 1.144868e+03 
2.681414e-01 1.102013e+03 1.103394e+03 
2.731818e-01 1.057888e+03 1.063999e+03 
2.782222e-01 1.015350e+03 1.026551e+03 
2.832626e-01 9.756370e+02 9.909277e+02 
2.883030e-01 9.394788e+02 9.570164e+02 
2.933434e-01 9.071433e+02 9.247127e+02 
2.983838e-01 8.783992e+02 8.939199e+02 
3.034242e-01 8.525359e+02 8.645484e+02 
3.084646e-01 8.285648e+02 8.365147e+02 
3.135051e-01 8.055296e+02 8.097416e+02 
3.185455e-01 7.827301e+02 7.841569e+02 
3.235859e-01 7.598122e+02 7.596937e+02 
3.286263e-01 7.367230e+02 7.362895e+02 
3.336667e-01 7.136116e+02 7.138858e+02 
3.387071e-01 6.908174e+02 6.924285e+02 
3.437475e-01 6.688295e+02 6.718665e+02 
3.487879e-01 6.480549e+02 6.521524e+02 
3.538283e-01 6.286767e+02 6.332417e+02 
3.588687e-01 6.106849e+02 6.150926e+02 
3.639091e-01 5.939463e+02 5.976662e+02 
3.689495e-01 5.782715e+02 5.809257e+02 
3.739899e-01 5.634236e+02 5.648368e+02 
3.790303e-01 5.491197e+02 5.493672e+02 
3.840707e-01 5.351112e+02 5.344865e+02 
3.891111e-01 5.212749e+02 5.201662e+02 
3.941515e-01 5.076159e+02 5.063792e+02 
3.991919e-01 4.941966e+02 4.931004e+02 
4.042323e-01 4.810877e+02 4.803058e+02 
4.092727e-01 4.683931e+02 4.679728e+02 
4.143131e-01 4.562285e+02 4.560804e+02 
4.193535e-01 4.446461e+02 4.446083e+02 
4.243939e-01 4.336459e+02 4.335376e+02 
4.294343e-01 4.231771e+02 4.228505e+02 
4.344747e-01 4.131752e+02 4.125299e+02 
4.395152e-01 4.035718e+02 4.025598e+02 
4.445556e-01 3.942910e+02 3.929250e+02 
4.495960e-01 3.852528e+02 3.836111e+02 
4.546364e-01 3.764102e+02 3.746045e+02 
4.596768e-01 3.677625e+02 3.658921e+02 
4.647172e-01 3.593189e+02 3.574619e+02 
4.697576e-01 3.510910e+02 3.493019e+02 
4.747980e-01 3.431025e+02 3.414013e+02 
4.798384e-01 3.353721e+02 3.337495e+02 
4.848788e-01 3.279296e+02 3.263364e+02 
4.899192e-01 3.207730e+02 3.191525e+02 
4.949596e-01 3.138730e+02 3.121889e+02 
5.000000e-01 3.072059e+02 3.054368e+02 
