1.000000e-03 1.639025e+04 1.639024e+04 
6.040404e-03 7.344276e+04 7.409995e+04 
1.108081e-02 9.989116e+04 1.015392e+05 
1.612121e-02 1.059384e+05 1.093599e+05 
2.116162e-02 9.847560e+04 1.017812e+05 
2.620202e-02 8.324200e+04 8.344276e+04 
3.124242e-02 6.514024e+04 6.242868e+04 
3.628283e-02 4.786139e+04 4.514344e+04 
4.132323e-02 3.358792e+04 3.309922e+04 
4.636364e-02 2.307719e+04 2.515395e+04 
5.140404e-02 1.606977e+04 1.986725e+04 
5.644444e-02 1.188333e+04 1.622004e+04 
6.148485e-02 9.674609e+03 1.359306e+04 
6.652525e-02 8.788395e+03 1.162263e+04 
7.156566e-02 8.742320e+03 1.009253e+04 
7.660606e-02 9.167151e+03 8.870198e+03 
8.164646e-02 9.718940e+03 7.871196e+03 
8.668687e-02 1.007634e+04 7.039638e+03 
9.172727e-02 9.999175e+03 6.337152e+03 
9.676768e-02 9.389567e+03 5.736489e+03 
1.018081e-01 8.310195e+03 5.217722e+03 
1.068485e-01 6.946761e+03 4.765894e+03 
1.118889e-01 5.532330e+03 4.369525e+03 
1.169293e-01 4.265960e+03 4.019634e+03 
1.219697e-01 3.266805e+03 3.709075e+03 
1.270101e-01 2.570796e+03 3.432085e+03 
1.320505e-01 2.156624e+03 3.183956e+03 
1.370909e-01 1.978211e+03 2.960803e+03 
1.421313e-01 1.986694e+03 2.759388e+03 
1.471717e-01 2.135641e+03 2.576992e+03 
1.522121e-01 2.374860e+03 2.411314e+03 
1.572525e-01 2.642587e+03 2.260395e+03 
1.622929e-01 2.866559e+03 2.122555e+03 
1.673333e-01 2.979308e+03 1.996349e+03 
1.723737e-01 2.940269e+03 1.880527e+03 
1.774141e-01 2.749315e+03 1.774000e+03 
1.824545e-01 2.442283e+03 1.675819e+03 
1.874949e-01 2.074747e+03 1.585153e+03 
1.925354e-01 1.704612e+03 1.501272e+03 
1.975758e-01 1.379083e+03 1.423528e+03 
2.026162e-01 1.126786e+03 1.351353e+03 
2.076566e-01 9.569558e+02 1.284239e+03 
2.126970e-01 8.651810e+02 1.221735e+03 
2.177374e-01 8.409765e+02 1.163440e+03 
2.227778e-01 8.722919e+02 1.108993e+03 
2.278182e-01 9.454918e+02 1.058071e+03 
2.328586e-01 1.043027e+03 1.010385e+03 
2.378990e-01 1.142729e+03 9.656731e+02 
2.429394e-01 1.220663e+03 9.236998e+02 
2.479798e-01 1.256791e+03 8.842519e+02 
2.530202e-01 1.240271e+03 8.471363e+02 
2.580606e-01 1.171904e+03 8.121778e+02 
2.631010e-01 1.063185e+03 7.792169e+02 
2.681414e-01 9.324454e+02 7.481085e+02 
2.731818e-01 7.995071e+02 7.187203e+02 
2.782222e-01 6.807657e+02 6.909312e+02 
2.832626e-01 5.865222e+02 6.646305e+02 
2.883030e-01 5.210741e+02 6.397169e+02 
2.933434e-01 4.844448e+02 6.160973e+02 
2.983838e-01 4.741204e+02 5.936860e+02 
3.034242e-01 4.859797e+02 5.724046e+02 
3.084646e-01 5.143806e+02 5.521804e+02 
3.135051e-01 5.519858e+02 5.329466e+02 
3.185455e-01 5.901858e+02 5.146414e+02 
3.235859e-01 6.202478e+02 4.972078e+02 
3.286263e-01 6.349409e+02 4.805929e+02 
3.336667e-01 6.300223e+02 4.647477e+02 
3.387071e-01 6.051278e+02 4.496268e+02 
3.437475e-01 5.637742e+02 4.351881e+02 
3.487879e-01 5.122363e+02 4.213922e+02 
3.538283e-01 4.578127e+02 4.082028e+02 
3.588687e-01 4.070335e+02 3.955858e+02 
3.639091e-01 3.645902e+02 3.835097e+02 
3.689495e-01 3.331018e+02 3.719447e+02 
3.739899e-01 3.134374e+02 3.608635e+02 
3.790303e-01 3.051406e+02 3.502401e+02 
3.840707e-01 3.067407e+02 3.400504e+02 
3.891111e-01 3.158962e+02 3.302719e+02 
3.941515e-01 3.295600e+02 3.208834e+02 
3.991919e-01 3.442495e+02 3.118651e+02 
4.042323e-01 3.564447e+02 3.031983e+02 
4.092727e-01 3.631076e+02 2.948656e+02 
4.143131e-01 3.622140e+02 2.868505e+02 
4.193535e-01 3.531684e+02 2.791376e+02 
4.243939e-01 3.368913e+02 2.717123e+02 
4.294343e-01 3.154994e+02 2.645611e+02 
4.344747e-01 2.917061e+02 2.576709e+02 
4.395152e-01 2.682084e+02 2.510296e+02 
4.445556e-01 2.472507e+02 2.446257e+02 
4.495960e-01 2.304298e+02 2.384485e+02 
4.546364e-01 2.185816e+02 2.324876e+02 
4.596768e-01 2.118201e+02 2.267334e+02 
4.647172e-01 2.096931e+02 2.211767e+02 
4.697576e-01 2.112982e+02 2.158089e+02 
4.747980e-01 2.154037e+02 2.106218e+02 
4.798384e-01 2.205801e+02 2.056077e+02 
4.848788e-01 2.252917e+02 2.007591e+02 
4.899192e-01 2.281476e+02 1.960690e+02 
4.949596e-01 2.281237e+02 1.915310e+02 
5.000000e-01 2.247533e+02 1.871386e+02 
