1.000000e-03 3.743185e+03 3.743182e+03 
6.040404e-03 1.667049e+04 1.679777e+04 
1.108081e-02 2.267359e+04 2.282029e+04 
1.612121e-02 2.444017e+04 2.455726e+04 
2.116162e-02 2.365271e+04 2.357313e+04 
2.620202e-02 2.152074e+04 2.136895e+04 
3.124242e-02 1.892792e+04 1.905647e+04 
3.628283e-02 1.645207e+04 1.702755e+04 
4.132323e-02 1.439470e+04 1.530731e+04 
4.636364e-02 1.282869e+04 1.383913e+04 
5.140404e-02 1.173193e+04 1.256971e+04 
5.644444e-02 1.095858e+04 1.146018e+04 
6.148485e-02 1.036724e+04 1.048267e+04 
6.652525e-02 9.826628e+03 9.616396e+03 
7.156566e-02 9.241488e+03 8.845200e+03 
7.660606e-02 8.570358e+03 8.156046e+03 
8.164646e-02 7.827168e+03 7.538175e+03 
8.668687e-02 7.062776e+03 6.982556e+03 
9.172727e-02 6.335896e+03 6.481526e+03 
9.676768e-02 5.696582e+03 6.028536e+03 
1.018081e-01 5.178167e+03 5.617954e+03 
1.068485e-01 4.790341e+03 5.244919e+03 
1.118889e-01 4.517407e+03 4.905219e+03 
1.169293e-01 4.325892e+03 4.595190e+03 
1.219697e-01 4.177697e+03 4.311639e+03 
1.270101e-01 4.038357e+03 4.051775e+03 
1.320505e-01 3.881543e+03 3.813151e+03 
1.370909e-01 3.693025e+03 3.593614e+03 
1.421313e-01 3.472983e+03 3.391269e+03 
1.471717e-01 3.233312e+03 3.204443e+03 
1.522121e-01 2.991589e+03 3.031654e+03 
1.572525e-01 2.765370e+03 2.871587e+03 
1.622929e-01 2.569062e+03 2.723073e+03 
1.673333e-01 2.410933e+03 2.585068e+03 
1.723737e-01 2.290978e+03 2.456643e+03 
1.774141e-01 2.202316e+03 2.336965e+03 
1.824545e-01 2.134501e+03 2.225287e+03 
1.874949e-01 2.076500e+03 2.120937e+03 
1.925354e-01 2.018399e+03 2.023312e+03 
1.975758e-01 1.952521e+03 1.931867e+03 
2.026162e-01 1.875119e+03 1.846110e+03 
2.076566e-01 1.787237e+03 1.765595e+03 
2.126970e-01 1.693398e+03 1.689918e+03 
2.177374e-01 1.599604e+03 1.618713e+03 
2.227778e-01 1.511538e+03 1.551647e+03 
2.278182e-01 1.433469e+03 1.488416e+03 
2.328586e-01 1.367696e+03 1.428743e+03 
2.378990e-01 1.314222e+03 1.372376e+03 
2.429394e-01 1.271191e+03 1.319081e+03 
2.479798e-01 1.235560e+03 1.268649e+03 
2.530202e-01 1.203670e+03 1.220883e+03 
2.580606e-01 1.171995e+03 1.175607e+03 
2.631010e-01 1.137948e+03 1.132654e+03 
2.681414e-01 1.100472e+03 1.091875e+03 
2.731818e-01 1.060016e+03 1.053130e+03 
2.782222e-01 1.017893e+03 1.016290e+03 
2.832626e-01 9.757739e+02 9.812360e+02 
2.883030e-01 9.354367e+02 9.478586e+02 
2.933434e-01 8.984552e+02 9.160559e+02 
2.983838e-01 8.657601e+02 8.857335e+02 
3.034242e-01 8.374850e+02 8.568039e+02 
3.084646e-01 8.130067e+02 8.291859e+02 
3.135051e-01 7.913198e+02 8.028037e+02 
3.185455e-01 7.713249e+02 7.775872e+02 
3.235859e-01 7.519302e+02 7.534708e+02 
3.286263e-01 7.322533e+02 7.303935e+02 
3.336667e-01 7.117901e+02 7.082983e+02 
3.387071e-01 6.905234e+02 6.871320e+02 
3.437475e-01 6.688299e+02 6.668449e+02 
3.487879e-01 6.472564e+02 6.473905e+02 
3.538283e-01 6.263764e+02 6.287253e+02 
3.588687e-01 6.066784e+02 6.108085e+02 
3.639091e-01 5.884841e+02 5.936019e+02 
3.689495e-01 5.719161e+02 5.770695e+02 
3.739899e-01 5.568470e+02 5.611778e+02 
3.790303e-01 5.429755e+02 5.458950e+02 
3.840707e-01 5.299579e+02 5.311915e+02 
3.891111e-01 5.174327e+02 5.170391e+02 
3.941515e-01 5.050963e+02 5.034116e+02 
3.991919e-01 4.927331e+02 4.902842e+02 
4.042323e-01 4.802738e+02 4.776333e+02 
4.092727e-01 4.677892e+02 4.654370e+02 
4.143131e-01 4.554539e+02 4.536744e+02 
4.193535e-01 4.434366e+02 4.423258e+02 
4.243939e-01 4.318749e+02 4.313726e+02 
4.294343e-01 4.208855e+02 4.207972e+02 
4.344747e-01 4.105330e+02 4.105829e+02 
4.395152e-01 4.008292e+02 4.007141e+02 
4.445556e-01 3.916942e+02 3.911757e+02 
4.495960e-01 3.829835e+02 3.819538e+02 
4.546364e-01 3.745934e+02 3.730347e+02 
4.596768e-01 3.664237e+02 3.644059e+02 
4.647172e-01 3.584096e+02 3.560553e+02 
4.697576e-01 3.504915e+02 3.479713e+02 
4.747980e-01 3.426489e+02 3.401432e+02 
4.798384e-01 3.349196e+02 3.325605e+02 
4.848788e-01 3.273705e+02 3.252134e+02 
4.899192e-01 3.200519e+02 3.180926e+02 
4.949596e-01 3.129948e+02 3.111892e+02 
5.000000e-01 3.062111e+02 3.044946e+02 
