1.000000e-03 5.020524e+03 5.020520e+03 
6.040404e-03 2.245654e+04 2.264064e+04 
1.108081e-02 3.064429e+04 3.094582e+04 
1.612121e-02 3.296436e+04 3.338700e+04 
2.116162e-02 3.159835e+04 3.174191e+04 
2.620202e-02 2.819827e+04 2.792543e+04 
3.124242e-02 2.404989e+04 2.385871e+04 
3.628283e-02 2.004698e+04 2.043681e+04 
4.132323e-02 1.669213e+04 1.774059e+04 
4.636364e-02 1.414574e+04 1.560854e+04 
5.140404e-02 1.240366e+04 1.388225e+04 
5.644444e-02 1.129769e+04 1.245011e+04 
6.148485e-02 1.062459e+04 1.123840e+04 
6.652525e-02 1.019002e+04 1.019780e+04 
7.156566e-02 9.812265e+03 9.294044e+03 
7.660606e-02 9.359284e+03 8.502326e+03 
8.164646e-02 8.759980e+03 7.803977e+03 
8.668687e-02 8.013644e+03 7.184493e+03 
9.172727e-02 7.173594e+03 6.632326e+03 
9.676768e-02 6.319771e+03 6.138097e+03 
1.018081e-01 5.533157e+03 5.694074e+03 
1.068485e-01 4.876406e+03 5.293807e+03 
1.118889e-01 4.379845e+03 4.931863e+03 
1.169293e-01 4.041000e+03 4.603631e+03 
1.219697e-01 3.835140e+03 4.305170e+03 
1.270101e-01 3.725508e+03 4.033096e+03 
1.320505e-01 3.669597e+03 3.784486e+03 
1.370909e-01 3.624260e+03 3.556803e+03 
1.421313e-01 3.552216e+03 3.347840e+03 
1.471717e-01 3.430017e+03 3.155668e+03 
1.522121e-01 3.251422e+03 2.978596e+03 
1.572525e-01 3.025644e+03 2.815134e+03 
1.622929e-01 2.772760e+03 2.663969e+03 
1.673333e-01 2.518836e+03 2.523940e+03 
1.723737e-01 2.288729e+03 2.394015e+03 
1.774141e-01 2.099422e+03 2.273278e+03 
1.824545e-01 1.957493e+03 2.160912e+03 
1.874949e-01 1.861121e+03 2.056185e+03 
1.925354e-01 1.803086e+03 1.958444e+03 
1.975758e-01 1.772399e+03 1.867100e+03 
2.026162e-01 1.755427e+03 1.781627e+03 
2.076566e-01 1.737977e+03 1.701549e+03 
2.126970e-01 1.708321e+03 1.626434e+03 
2.177374e-01 1.659689e+03 1.555896e+03 
2.227778e-01 1.591019e+03 1.489580e+03 
2.278182e-01 1.506029e+03 1.427169e+03 
2.328586e-01 1.411686e+03 1.368371e+03 
2.378990e-01 1.316542e+03 1.312921e+03 
2.429394e-01 1.228613e+03 1.260579e+03 
2.479798e-01 1.153762e+03 1.211123e+03 
2.530202e-01 1.095091e+03 1.164352e+03 
2.580606e-01 1.052797e+03 1.120082e+03 
2.631010e-01 1.024601e+03 1.078142e+03 
2.681414e-01 1.006408e+03 1.038377e+03 
2.731818e-01 9.932713e+02 1.000645e+03 
2.782222e-01 9.803595e+02 9.648128e+02 
2.832626e-01 9.637092e+02 9.307593e+02 
2.883030e-01 9.407690e+02 8.983725e+02 
2.933434e-01 9.106994e+02 8.675488e+02 
2.983838e-01 8.744133e+02 8.381922e+02 
3.034242e-01 8.342314e+02 8.102141e+02 
3.084646e-01 7.931684e+02 7.835321e+02 
3.135051e-01 7.541402e+02 7.580699e+02 
3.185455e-01 7.194134e+02 7.337566e+02 
3.235859e-01 6.903869e+02 7.105262e+02 
3.286263e-01 6.674465e+02 6.883173e+02 
3.336667e-01 6.500229e+02 6.670727e+02 
3.387071e-01 6.368287e+02 6.467392e+02 
3.437475e-01 6.261458e+02 6.272670e+02 
3.487879e-01 6.161792e+02 6.086096e+02 
3.538283e-01 6.053786e+02 5.907236e+02 
3.588687e-01 5.926348e+02 5.735683e+02 
3.639091e-01 5.774646e+02 5.571058e+02 
3.689495e-01 5.600115e+02 5.413003e+02 
3.739899e-01 5.409642e+02 5.261184e+02 
3.790303e-01 5.213004e+02 5.115287e+02 
3.840707e-01 5.020517e+02 4.975019e+02 
3.891111e-01 4.841198e+02 4.840101e+02 
3.941515e-01 4.681804e+02 4.710274e+02 
3.991919e-01 4.545596e+02 4.585292e+02 
4.042323e-01 4.431961e+02 4.464925e+02 
4.092727e-01 4.337109e+02 4.348955e+02 
4.143131e-01 4.255050e+02 4.237177e+02 
4.193535e-01 4.179332e+02 4.129398e+02 
4.243939e-01 4.104040e+02 4.025435e+02 
4.294343e-01 4.024509e+02 3.925115e+02 
4.344747e-01 3.937717e+02 3.828276e+02 
4.395152e-01 3.842935e+02 3.734764e+02 
4.445556e-01 3.741714e+02 3.644431e+02 
4.495960e-01 3.637202e+02 3.557141e+02 
4.546364e-01 3.533132e+02 3.472762e+02 
4.596768e-01 3.433039e+02 3.391170e+02 
4.647172e-01 3.339738e+02 3.312247e+02 
4.697576e-01 3.255034e+02 3.235883e+02 
4.747980e-01 3.179510e+02 3.161970e+02 
4.798384e-01 3.112547e+02 3.090408e+02 
4.848788e-01 3.052263e+02 3.021103e+02 
4.899192e-01 2.996245e+02 2.953962e+02 
4.949596e-01 2.942188e+02 2.888899e+02 
5.000000e-01 2.888135e+02 2.825833e+02 
