1.000000e-03 4.229024e+03 4.229021e+03 
6.040404e-03 1.853583e+04 1.867490e+04 
1.108081e-02 2.484039e+04 2.499006e+04 
1.612121e-02 2.642372e+04 2.651721e+04 
2.116162e-02 2.526824e+04 2.514607e+04 
2.620202e-02 2.275539e+04 2.261837e+04 
3.124242e-02 1.986065e+04 2.008897e+04 
3.628283e-02 1.719066e+04 1.790364e+04 
4.132323e-02 1.503368e+04 1.605764e+04 
4.636364e-02 1.343000e+04 1.448345e+04 
5.140404e-02 1.232518e+04 1.312373e+04 
5.644444e-02 1.153625e+04 1.193729e+04 
6.148485e-02 1.090086e+04 1.089438e+04 
6.652525e-02 1.028027e+04 9.972513e+03 
7.156566e-02 9.593404e+03 9.154033e+03 
7.660606e-02 8.816302e+03 8.424595e+03 
8.164646e-02 7.981600e+03 7.772325e+03 
8.668687e-02 7.154925e+03 7.187254e+03 
9.172727e-02 6.401726e+03 6.660935e+03 
9.676768e-02 5.769782e+03 6.186165e+03 
1.018081e-01 5.281571e+03 5.756770e+03 
1.068485e-01 4.930092e+03 5.367434e+03 
1.118889e-01 4.685165e+03 5.013568e+03 
1.169293e-01 4.505147e+03 4.691195e+03 
1.219697e-01 4.348354e+03 4.396857e+03 
1.270101e-01 4.180594e+03 4.127541e+03 
1.320505e-01 3.981083e+03 3.880614e+03 
1.370909e-01 3.746858e+03 3.653766e+03 
1.421313e-01 3.489364e+03 3.444969e+03 
1.471717e-01 3.226391e+03 3.252435e+03 
1.522121e-01 2.977076e+03 3.074585e+03 
1.572525e-01 2.758213e+03 2.910023e+03 
1.622929e-01 2.580878e+03 2.757508e+03 
1.673333e-01 2.446150e+03 2.615936e+03 
1.723737e-01 2.346064e+03 2.484325e+03 
1.774141e-01 2.268856e+03 2.361796e+03 
1.824545e-01 2.202698e+03 2.247563e+03 
1.874949e-01 2.137077e+03 2.140921e+03 
1.925354e-01 2.063487e+03 2.041235e+03 
1.975758e-01 1.977575e+03 1.947935e+03 
2.026162e-01 1.880961e+03 1.860506e+03 
2.076566e-01 1.779273e+03 1.778483e+03 
2.126970e-01 1.679153e+03 1.701444e+03 
2.177374e-01 1.586208e+03 1.629007e+03 
2.227778e-01 1.504441e+03 1.560826e+03 
2.278182e-01 1.436027e+03 1.496584e+03 
2.328586e-01 1.380639e+03 1.435995e+03 
2.378990e-01 1.335681e+03 1.378795e+03 
2.429394e-01 1.297384e+03 1.324745e+03 
2.479798e-01 1.261803e+03 1.273625e+03 
2.530202e-01 1.225610e+03 1.225235e+03 
2.580606e-01 1.186674e+03 1.179389e+03 
2.631010e-01 1.144364e+03 1.135919e+03 
2.681414e-01 1.099541e+03 1.094668e+03 
2.731818e-01 1.053970e+03 1.055492e+03 
2.782222e-01 1.009607e+03 1.018259e+03 
2.832626e-01 9.681653e+02 9.828475e+02 
2.883030e-01 9.308222e+02 9.491434e+02 
2.933434e-01 8.980819e+02 9.170426e+02 
2.983838e-01 8.697120e+02 8.864481e+02 
3.034242e-01 8.447943e+02 8.572702e+02 
3.084646e-01 8.220797e+02 8.294254e+02 
3.135051e-01 8.003432e+02 8.028363e+02 
3.185455e-01 7.786430e+02 7.774310e+02 
3.235859e-01 7.564395e+02 7.531424e+02 
3.286263e-01 7.335463e+02 7.299080e+02 
3.336667e-01 7.101787e+02 7.076696e+02 
3.387071e-01 6.868817e+02 6.863729e+02 
3.437475e-01 6.643142e+02 6.659671e+02 
3.487879e-01 6.430266e+02 6.464047e+02 
3.538283e-01 6.232952e+02 6.276414e+02 
3.588687e-01 6.051894e+02 6.096355e+02 
3.639091e-01 5.886261e+02 5.923481e+02 
3.689495e-01 5.733666e+02 5.757426e+02 
3.739899e-01 5.590466e+02 5.597848e+02 
3.790303e-01 5.452515e+02 5.444424e+02 
3.840707e-01 5.316601e+02 5.296852e+02 
3.891111e-01 5.181207e+02 5.154847e+02 
3.941515e-01 5.045946e+02 5.018141e+02 
3.991919e-01 4.911381e+02 4.886482e+02 
4.042323e-01 4.778940e+02 4.759632e+02 
4.092727e-01 4.650305e+02 4.637367e+02 
4.143131e-01 4.527186e+02 4.519476e+02 
4.193535e-01 4.410548e+02 4.405758e+02 
4.243939e-01 4.300449e+02 4.296025e+02 
4.294343e-01 4.196674e+02 4.190099e+02 
4.344747e-01 4.098417e+02 4.087811e+02 
4.395152e-01 4.004566e+02 3.989001e+02 
4.445556e-01 3.913850e+02 3.893518e+02 
4.495960e-01 3.825285e+02 3.801220e+02 
4.546364e-01 3.738262e+02 3.711970e+02 
4.596768e-01 3.652639e+02 3.625640e+02 
4.647172e-01 3.568454e+02 3.542107e+02 
4.697576e-01 3.486024e+02 3.461257e+02 
4.747980e-01 3.405832e+02 3.382978e+02 
4.798384e-01 3.328359e+02 3.307166e+02 
4.848788e-01 3.253987e+02 3.233723e+02 
4.899192e-01 3.182597e+02 3.162552e+02 
4.949596e-01 3.114046e+02 3.093564e+02 
5.000000e-01 3.048165e+02 3.026675e+02 
