1.000000e-03 2.230096e+03 2.230094e+03 
6.040404e-03 9.906900e+03 9.982896e+03 
1.108081e-02 1.361371e+04 1.361541e+04 
1.612121e-02 1.508972e+04 1.496532e+04 
2.116162e-02 1.531000e+04 1.509957e+04 
2.620202e-02 1.485257e+04 1.464913e+04 
3.124242e-02 1.407186e+04 1.394141e+04 
3.628283e-02 1.317776e+04 1.313154e+04 
4.132323e-02 1.228163e+04 1.229692e+04 
4.636364e-02 1.142207e+04 1.147823e+04 
5.140404e-02 1.064038e+04 1.069665e+04 
5.644444e-02 9.897791e+03 9.962403e+03 
6.148485e-02 9.202722e+03 9.279348e+03 
6.652525e-02 8.555946e+03 8.647744e+03 
7.156566e-02 7.952298e+03 8.065831e+03 
7.660606e-02 7.394783e+03 7.530795e+03 
8.164646e-02 6.890583e+03 7.039341e+03 
8.668687e-02 6.440260e+03 6.588028e+03 
9.172727e-02 6.034793e+03 6.173466e+03 
9.676768e-02 5.664825e+03 5.792426e+03 
1.018081e-01 5.327178e+03 5.441893e+03 
1.068485e-01 5.018115e+03 5.119089e+03 
1.118889e-01 4.731090e+03 4.821475e+03 
1.169293e-01 4.460522e+03 4.546749e+03 
1.219697e-01 4.205709e+03 4.292824e+03 
1.270101e-01 3.969008e+03 4.057820e+03 
1.320505e-01 3.751579e+03 3.840040e+03 
1.370909e-01 3.552472e+03 3.637957e+03 
1.421313e-01 3.369686e+03 3.450194e+03 
1.471717e-01 3.201022e+03 3.275512e+03 
1.522121e-01 3.044565e+03 3.112794e+03 
1.572525e-01 2.898750e+03 2.961032e+03 
1.622929e-01 2.762382e+03 2.819317e+03 
1.673333e-01 2.634201e+03 2.686825e+03 
1.723737e-01 2.513204e+03 2.562814e+03 
1.774141e-01 2.399332e+03 2.446609e+03 
1.824545e-01 2.292604e+03 2.337599e+03 
1.874949e-01 2.192778e+03 2.235229e+03 
1.925354e-01 2.099054e+03 2.138995e+03 
1.975758e-01 2.011010e+03 2.048436e+03 
2.026162e-01 1.928497e+03 1.963135e+03 
2.076566e-01 1.850917e+03 1.882709e+03 
2.126970e-01 1.777601e+03 1.806808e+03 
2.177374e-01 1.708035e+03 1.735113e+03 
2.227778e-01 1.642149e+03 1.667332e+03 
2.278182e-01 1.579815e+03 1.603195e+03 
2.328586e-01 1.520746e+03 1.542457e+03 
2.378990e-01 1.464673e+03 1.484890e+03 
2.429394e-01 1.411468e+03 1.430286e+03 
2.479798e-01 1.361096e+03 1.378453e+03 
2.530202e-01 1.313288e+03 1.329212e+03 
2.580606e-01 1.267781e+03 1.282401e+03 
2.631010e-01 1.224409e+03 1.237868e+03 
2.681414e-01 1.183123e+03 1.195473e+03 
2.731818e-01 1.143825e+03 1.155086e+03 
2.782222e-01 1.106333e+03 1.116587e+03 
2.832626e-01 1.070492e+03 1.079864e+03 
2.883030e-01 1.036225e+03 1.044813e+03 
2.933434e-01 1.003527e+03 1.011338e+03 
2.983838e-01 9.723046e+02 9.793492e+02 
3.034242e-01 9.424339e+02 9.487627e+02 
3.084646e-01 9.138077e+02 9.195008e+02 
3.135051e-01 8.863826e+02 8.914905e+02 
3.185455e-01 8.601233e+02 8.646639e+02 
3.235859e-01 8.349654e+02 8.389575e+02 
3.286263e-01 8.108215e+02 8.143120e+02 
3.336667e-01 7.876218e+02 7.906716e+02 
3.387071e-01 7.653419e+02 7.679844e+02 
3.437475e-01 7.439580e+02 7.462014e+02 
3.487879e-01 7.234243e+02 7.252768e+02 
3.538283e-01 7.036636e+02 7.051676e+02 
3.588687e-01 6.846381e+02 6.858334e+02 
3.639091e-01 6.663311e+02 6.672361e+02 
3.689495e-01 6.487227e+02 6.493401e+02 
3.739899e-01 6.317687e+02 6.321116e+02 
3.790303e-01 6.154203e+02 6.155189e+02 
3.840707e-01 5.996478e+02 5.995323e+02 
3.891111e-01 5.844420e+02 5.841233e+02 
3.941515e-01 5.697907e+02 5.692656e+02 
3.991919e-01 5.556506e+02 5.549338e+02 
4.042323e-01 5.419904e+02 5.411044e+02 
4.092727e-01 5.287934e+02 5.277548e+02 
4.143131e-01 5.160515e+02 5.148638e+02 
4.193535e-01 5.037469e+02 5.024113e+02 
4.243939e-01 4.918529e+02 4.903783e+02 
4.294343e-01 4.803407e+02 4.787468e+02 
4.344747e-01 4.692006e+02 4.674996e+02 
4.395152e-01 4.584314e+02 4.566206e+02 
4.445556e-01 4.480142e+02 4.460944e+02 
4.495960e-01 4.379236e+02 4.359064e+02 
4.546364e-01 4.281385e+02 4.260426e+02 
4.596768e-01 4.186601e+02 4.164899e+02 
4.647172e-01 4.094843e+02 4.072359e+02 
4.697576e-01 4.005952e+02 3.982685e+02 
4.747980e-01 3.919674e+02 3.895764e+02 
4.798384e-01 3.835913e+02 3.811488e+02 
4.848788e-01 3.754705e+02 3.729755e+02 
4.899192e-01 3.675948e+02 3.650466e+02 
4.949596e-01 3.599493e+02 3.573527e+02 
5.000000e-01 3.525207e+02 3.498851e+02 
