1.000000e-03 3.265088e+03 3.265085e+03 
6.040404e-03 1.464773e+04 1.475709e+04 
1.108081e-02 2.001199e+04 2.010499e+04 
1.612121e-02 2.172948e+04 2.175334e+04 
2.116162e-02 2.127344e+04 2.114721e+04 
2.620202e-02 1.966964e+04 1.954786e+04 
3.124242e-02 1.764890e+04 1.779457e+04 
3.628283e-02 1.568186e+04 1.617979e+04 
4.132323e-02 1.401236e+04 1.474531e+04 
4.636364e-02 1.270611e+04 1.347338e+04 
5.140404e-02 1.173302e+04 1.234113e+04 
5.644444e-02 1.099018e+04 1.132956e+04 
6.148485e-02 1.036155e+04 1.042329e+04 
6.652525e-02 9.755116e+03 9.609563e+03 
7.156566e-02 9.110237e+03 8.877451e+03 
7.660606e-02 8.411765e+03 8.217493e+03 
8.164646e-02 7.685842e+03 7.621419e+03 
8.668687e-02 6.979549e+03 7.081985e+03 
9.172727e-02 6.335896e+03 6.592836e+03 
9.676768e-02 5.785490e+03 6.148398e+03 
1.018081e-01 5.343792e+03 5.743778e+03 
1.068485e-01 5.007842e+03 5.374680e+03 
1.118889e-01 4.755240e+03 5.037330e+03 
1.169293e-01 4.552685e+03 4.728406e+03 
1.219697e-01 4.368346e+03 4.444985e+03 
1.270101e-01 4.178944e+03 4.184487e+03 
1.320505e-01 3.971661e+03 3.944634e+03 
1.370909e-01 3.744394e+03 3.723410e+03 
1.421313e-01 3.504934e+03 3.519026e+03 
1.471717e-01 3.267115e+03 3.329896e+03 
1.522121e-01 3.044411e+03 3.154607e+03 
1.572525e-01 2.847385e+03 2.991901e+03 
1.622929e-01 2.682153e+03 2.840652e+03 
1.673333e-01 2.549451e+03 2.699855e+03 
1.723737e-01 2.443982e+03 2.568608e+03 
1.774141e-01 2.356456e+03 2.446100e+03 
1.824545e-01 2.277378e+03 2.331605e+03 
1.874949e-01 2.199186e+03 2.224465e+03 
1.925354e-01 2.116806e+03 2.124087e+03 
1.975758e-01 2.027971e+03 2.029935e+03 
2.026162e-01 1.933611e+03 1.941525e+03 
2.076566e-01 1.837477e+03 1.858415e+03 
2.126970e-01 1.744316e+03 1.780207e+03 
2.177374e-01 1.658071e+03 1.706535e+03 
2.227778e-01 1.581266e+03 1.637068e+03 
2.278182e-01 1.514825e+03 1.571504e+03 
2.328586e-01 1.458066e+03 1.509565e+03 
2.378990e-01 1.408996e+03 1.450999e+03 
2.429394e-01 1.365010e+03 1.395573e+03 
2.479798e-01 1.323534e+03 1.343075e+03 
2.530202e-01 1.282351e+03 1.293309e+03 
2.580606e-01 1.240005e+03 1.246095e+03 
2.631010e-01 1.196067e+03 1.201267e+03 
2.681414e-01 1.151284e+03 1.158672e+03 
2.731818e-01 1.107020e+03 1.118170e+03 
2.782222e-01 1.064509e+03 1.079631e+03 
2.832626e-01 1.024693e+03 1.042933e+03 
2.883030e-01 9.881523e+02 1.007965e+03 
2.933434e-01 9.551513e+02 9.746237e+02 
2.983838e-01 9.254776e+02 9.428127e+02 
3.034242e-01 8.984136e+02 9.124430e+02 
3.084646e-01 8.730705e+02 8.834315e+02 
3.135051e-01 8.486655e+02 8.557011e+02 
3.185455e-01 8.246618e+02 8.291799e+02 
3.235859e-01 8.007592e+02 8.038008e+02 
3.286263e-01 7.768339e+02 7.795012e+02 
3.336667e-01 7.530500e+02 7.562228e+02 
3.387071e-01 7.297467e+02 7.339109e+02 
3.437475e-01 7.073315e+02 7.125144e+02 
3.487879e-01 6.860943e+02 6.919856e+02 
3.538283e-01 6.661538e+02 6.722795e+02 
3.588687e-01 6.475175e+02 6.533543e+02 
3.639091e-01 6.300914e+02 6.351705e+02 
3.689495e-01 6.136765e+02 6.176910e+02 
3.739899e-01 5.980223e+02 6.008811e+02 
3.790303e-01 5.828935e+02 5.847082e+02 
3.840707e-01 5.681255e+02 5.691413e+02 
3.891111e-01 5.536276e+02 5.541516e+02 
3.941515e-01 5.393871e+02 5.397118e+02 
3.991919e-01 5.254171e+02 5.257960e+02 
4.042323e-01 5.117967e+02 5.123802e+02 
4.092727e-01 4.986373e+02 4.994412e+02 
4.143131e-01 4.860215e+02 4.869576e+02 
4.193535e-01 4.739802e+02 4.749087e+02 
4.243939e-01 4.624863e+02 4.632754e+02 
4.294343e-01 4.514947e+02 4.520393e+02 
4.344747e-01 4.409723e+02 4.411830e+02 
4.395152e-01 4.308536e+02 4.306902e+02 
4.445556e-01 4.210544e+02 4.205454e+02 
4.495960e-01 4.115044e+02 4.107337e+02 
4.546364e-01 4.021771e+02 4.012412e+02 
4.596768e-01 3.930870e+02 3.920547e+02 
4.647172e-01 3.842307e+02 3.831614e+02 
4.697576e-01 3.756091e+02 3.745496e+02 
4.747980e-01 3.672317e+02 3.662076e+02 
4.798384e-01 3.591255e+02 3.581249e+02 
4.848788e-01 3.513129e+02 3.502910e+02 
4.899192e-01 3.437802e+02 3.426961e+02 
4.949596e-01 3.365017e+02 3.353310e+02 
5.000000e-01 3.294597e+02 3.281867e+02 
