1.000000e-03 5.076034e+03 5.076030e+03 
6.040404e-03 2.263798e+04 2.281827e+04 
1.108081e-02 3.066241e+04 3.094937e+04 
1.612121e-02 3.272401e+04 3.308643e+04 
2.116162e-02 3.112638e+04 3.116905e+04 
2.620202e-02 2.760052e+04 2.731978e+04 
3.124242e-02 2.345985e+04 2.341801e+04 
3.628283e-02 1.958089e+04 2.018928e+04 
4.132323e-02 1.641987e+04 1.763606e+04 
4.636364e-02 1.408653e+04 1.559316e+04 
5.140404e-02 1.254269e+04 1.391799e+04 
5.644444e-02 1.157589e+04 1.251338e+04 
6.148485e-02 1.097312e+04 1.131523e+04 
6.652525e-02 1.052532e+04 1.028010e+04 
7.156566e-02 1.006177e+04 9.377183e+03 
7.660606e-02 9.472983e+03 8.583723e+03 
8.164646e-02 8.726396e+03 7.882244e+03 
8.668687e-02 7.860366e+03 7.258950e+03 
9.172727e-02 6.954748e+03 6.702706e+03 
9.676768e-02 6.099029e+03 6.204375e+03 
1.018081e-01 5.367860e+03 5.756362e+03 
1.068485e-01 4.803506e+03 5.352290e+03 
1.118889e-01 4.410634e+03 4.986763e+03 
1.169293e-01 4.165063e+03 4.655183e+03 
1.219697e-01 4.026768e+03 4.353610e+03 
1.270101e-01 3.948805e+03 4.078650e+03 
1.320505e-01 3.883292e+03 3.827368e+03 
1.370909e-01 3.789649e+03 3.597215e+03 
1.421313e-01 3.643423e+03 3.385968e+03 
1.471717e-01 3.439757e+03 3.191684e+03 
1.522121e-01 3.190432e+03 3.012655e+03 
1.572525e-01 2.918441e+03 2.847382e+03 
1.622929e-01 2.651927e+03 2.694538e+03 
1.673333e-01 2.416520e+03 2.552950e+03 
1.723737e-01 2.228151e+03 2.421576e+03 
1.774141e-01 2.090916e+03 2.299492e+03 
1.824545e-01 2.000050e+03 2.185869e+03 
1.874949e-01 1.945545e+03 2.079971e+03 
1.925354e-01 1.914033e+03 1.981136e+03 
1.975758e-01 1.890061e+03 1.888770e+03 
2.026162e-01 1.858992e+03 1.802339e+03 
2.076566e-01 1.810683e+03 1.721363e+03 
2.126970e-01 1.741558e+03 1.645406e+03 
2.177374e-01 1.654039e+03 1.574076e+03 
2.227778e-01 1.554732e+03 1.507017e+03 
2.278182e-01 1.452387e+03 1.443905e+03 
2.328586e-01 1.355904e+03 1.384447e+03 
2.378990e-01 1.272293e+03 1.328374e+03 
2.429394e-01 1.205503e+03 1.275443e+03 
2.479798e-01 1.156183e+03 1.225431e+03 
2.530202e-01 1.122094e+03 1.178134e+03 
2.580606e-01 1.098923e+03 1.133364e+03 
2.631010e-01 1.081318e+03 1.090952e+03 
2.681414e-01 1.063982e+03 1.050739e+03 
2.731818e-01 1.042702e+03 1.012580e+03 
2.782222e-01 1.014954e+03 9.763434e+02 
2.832626e-01 9.801346e+02 9.419049e+02 
2.883030e-01 9.394908e+02 9.091516e+02 
2.933434e-01 8.956525e+02 8.779787e+02 
2.983838e-01 8.518156e+02 8.482892e+02 
3.034242e-01 8.109730e+02 8.199935e+02 
3.084646e-01 7.752898e+02 7.930084e+02 
3.135051e-01 7.458399e+02 7.672565e+02 
3.185455e-01 7.226198e+02 7.426663e+02 
3.235859e-01 7.046512e+02 7.191711e+02 
3.286263e-01 6.902888e+02 6.967087e+02 
3.336667e-01 6.776422e+02 6.752214e+02 
3.387071e-01 6.649103e+02 6.546553e+02 
3.437475e-01 6.506953e+02 6.349600e+02 
3.487879e-01 6.342196e+02 6.160886e+02 
3.538283e-01 6.154215e+02 5.979972e+02 
3.588687e-01 5.948867e+02 5.806447e+02 
3.639091e-01 5.735717e+02 5.639926e+02 
3.689495e-01 5.525496e+02 5.480048e+02 
3.739899e-01 5.327906e+02 5.326477e+02 
3.790303e-01 5.150221e+02 5.178894e+02 
3.840707e-01 4.996292e+02 5.037001e+02 
3.891111e-01 4.865892e+02 4.900519e+02 
3.941515e-01 4.755128e+02 4.769185e+02 
3.991919e-01 4.657763e+02 4.642750e+02 
4.042323e-01 4.566907e+02 4.520982e+02 
4.092727e-01 4.476637e+02 4.403660e+02 
4.143131e-01 4.382234e+02 4.290577e+02 
4.193535e-01 4.281092e+02 4.181538e+02 
4.243939e-01 4.172822e+02 4.076357e+02 
4.294343e-01 4.059391e+02 3.974861e+02 
4.344747e-01 3.944333e+02 3.876885e+02 
4.395152e-01 3.831350e+02 3.782273e+02 
4.445556e-01 3.723976e+02 3.690876e+02 
4.495960e-01 3.624415e+02 3.602556e+02 
4.546364e-01 3.534186e+02 3.517181e+02 
4.596768e-01 3.453162e+02 3.434623e+02 
4.647172e-01 3.380159e+02 3.354766e+02 
4.697576e-01 3.312854e+02 3.277495e+02 
4.747980e-01 3.248787e+02 3.202704e+02 
4.798384e-01 3.185727e+02 3.130291e+02 
4.848788e-01 3.122115e+02 3.060160e+02 
4.899192e-01 3.056887e+02 2.992217e+02 
4.949596e-01 2.989861e+02 2.926377e+02 
5.000000e-01 2.921696e+02 2.862555e+02 
