1.000000e-03 2.750271e+03 2.750268e+03 
6.040404e-03 1.222445e+04 1.231162e+04 
1.108081e-02 1.670979e+04 1.674271e+04 
1.612121e-02 1.827245e+04 1.819894e+04 
2.116162e-02 1.813912e+04 1.796443e+04 
2.620202e-02 1.711482e+04 1.699330e+04 
3.124242e-02 1.574272e+04 1.582557e+04 
3.628283e-02 1.435840e+04 1.465819e+04 
4.132323e-02 1.313198e+04 1.354976e+04 
4.636364e-02 1.209943e+04 1.251775e+04 
5.140404e-02 1.126336e+04 1.156651e+04 
5.644444e-02 1.053240e+04 1.069493e+04 
6.148485e-02 9.856791e+03 9.899236e+03 
6.652525e-02 9.194079e+03 9.174279e+03 
7.156566e-02 8.523929e+03 8.514375e+03 
7.660606e-02 7.854890e+03 7.913755e+03 
8.164646e-02 7.216617e+03 7.366849e+03 
8.668687e-02 6.638337e+03 6.868432e+03 
9.172727e-02 6.134229e+03 6.413695e+03 
9.676768e-02 5.707511e+03 5.998265e+03 
1.018081e-01 5.354862e+03 5.618199e+03 
1.068485e-01 5.062702e+03 5.269960e+03 
1.118889e-01 4.808283e+03 4.950383e+03 
1.169293e-01 4.568478e+03 4.656645e+03 
1.219697e-01 4.329243e+03 4.386229e+03 
1.270101e-01 4.087318e+03 4.136890e+03 
1.320505e-01 3.845803e+03 3.906629e+03 
1.370909e-01 3.611154e+03 3.693660e+03 
1.421313e-01 3.390956e+03 3.496391e+03 
1.471717e-01 3.191395e+03 3.313397e+03 
1.522121e-01 3.015500e+03 3.143404e+03 
1.572525e-01 2.863101e+03 2.985267e+03 
1.622929e-01 2.731364e+03 2.837964e+03 
1.673333e-01 2.614979e+03 2.700570e+03 
1.723737e-01 2.507412e+03 2.572258e+03 
1.774141e-01 2.403558e+03 2.452278e+03 
1.824545e-01 2.300892e+03 2.339956e+03 
1.874949e-01 2.198896e+03 2.234681e+03 
1.925354e-01 2.098228e+03 2.135899e+03 
1.975758e-01 2.000572e+03 2.043108e+03 
2.026162e-01 1.908346e+03 1.955854e+03 
2.076566e-01 1.823427e+03 1.873721e+03 
2.126970e-01 1.746289e+03 1.796332e+03 
2.177374e-01 1.676389e+03 1.723342e+03 
2.227778e-01 1.612716e+03 1.654437e+03 
2.278182e-01 1.553954e+03 1.589328e+03 
2.328586e-01 1.498557e+03 1.527753e+03 
2.378990e-01 1.445194e+03 1.469469e+03 
2.429394e-01 1.393232e+03 1.414254e+03 
2.479798e-01 1.342560e+03 1.361904e+03 
2.530202e-01 1.293301e+03 1.312232e+03 
2.580606e-01 1.245678e+03 1.265064e+03 
2.631010e-01 1.200191e+03 1.220240e+03 
2.681414e-01 1.157401e+03 1.177614e+03 
2.731818e-01 1.117506e+03 1.137049e+03 
2.782222e-01 1.080249e+03 1.098418e+03 
2.832626e-01 1.045200e+03 1.061606e+03 
2.883030e-01 1.012016e+03 1.026502e+03 
2.933434e-01 9.804457e+02 9.930073e+02 
2.983838e-01 9.501805e+02 9.610278e+02 
3.034242e-01 9.209102e+02 9.304765e+02 
3.084646e-01 8.924872e+02 9.012725e+02 
3.135051e-01 8.649754e+02 8.733403e+02 
3.185455e-01 8.385175e+02 8.466097e+02 
3.235859e-01 8.131745e+02 8.210148e+02 
3.286263e-01 7.889292e+02 7.964944e+02 
3.336667e-01 7.657892e+02 7.729912e+02 
3.387071e-01 7.437607e+02 7.504515e+02 
3.437475e-01 7.228019e+02 7.288250e+02 
3.487879e-01 7.027745e+02 7.080647e+02 
3.538283e-01 6.835111e+02 6.881265e+02 
3.588687e-01 6.649290e+02 6.689688e+02 
3.639091e-01 6.469873e+02 6.505528e+02 
3.689495e-01 6.296747e+02 6.328420e+02 
3.739899e-01 6.129471e+02 6.158018e+02 
3.790303e-01 5.967787e+02 5.994001e+02 
3.840707e-01 5.811821e+02 5.836062e+02 
3.891111e-01 5.661727e+02 5.683915e+02 
3.941515e-01 5.517424e+02 5.537289e+02 
3.991919e-01 5.378627e+02 5.395929e+02 
4.042323e-01 5.244858e+02 5.259593e+02 
4.092727e-01 5.115901e+02 5.128054e+02 
4.143131e-01 4.991564e+02 5.001096e+02 
4.193535e-01 4.871440e+02 4.878515e+02 
4.243939e-01 4.755143e+02 4.760120e+02 
4.294343e-01 4.642488e+02 4.645728e+02 
4.344747e-01 4.533419e+02 4.535166e+02 
4.395152e-01 4.427928e+02 4.428270e+02 
4.445556e-01 4.325818e+02 4.324885e+02 
4.495960e-01 4.226951e+02 4.224864e+02 
4.546364e-01 4.131255e+02 4.128066e+02 
4.596768e-01 4.038677e+02 4.034361e+02 
4.647172e-01 3.949133e+02 3.943620e+02 
4.697576e-01 3.862417e+02 3.855724e+02 
4.747980e-01 3.778280e+02 3.770560e+02 
4.798384e-01 3.696707e+02 3.688018e+02 
4.848788e-01 3.617592e+02 3.607996e+02 
4.899192e-01 3.540844e+02 3.530395e+02 
4.949596e-01 3.466315e+02 3.455121e+02 
5.000000e-01 3.393903e+02 3.382086e+02 
