1.000000e-03 3.427276e+03 3.427273e+03 
6.040404e-03 1.517833e+04 1.529224e+04 
1.108081e-02 2.063378e+04 2.074317e+04 
1.612121e-02 2.229774e+04 2.235128e+04 
2.116162e-02 2.170374e+04 2.159437e+04 
2.620202e-02 1.992653e+04 1.980063e+04 
3.124242e-02 1.773525e+04 1.788170e+04 
3.628283e-02 1.562625e+04 1.615141e+04 
4.132323e-02 1.385574e+04 1.464251e+04 
4.636364e-02 1.248730e+04 1.332400e+04 
5.140404e-02 1.149357e+04 1.216321e+04 
5.644444e-02 1.075399e+04 1.113479e+04 
6.148485e-02 1.014958e+04 1.021940e+04 
6.652525e-02 9.572974e+03 9.401705e+03 
7.156566e-02 8.954686e+03 8.669137e+03 
7.660606e-02 8.272151e+03 8.011110e+03 
8.164646e-02 7.549029e+03 7.418589e+03 
8.668687e-02 6.833718e+03 6.883796e+03 
9.172727e-02 6.174154e+03 6.399997e+03 
9.676768e-02 5.606490e+03 5.961348e+03 
1.018081e-01 5.151299e+03 5.562762e+03 
1.068485e-01 4.809198e+03 5.199804e+03 
1.118889e-01 4.559151e+03 4.868598e+03 
1.169293e-01 4.367659e+03 4.565751e+03 
1.219697e-01 4.200715e+03 4.288290e+03 
1.270101e-01 4.031656e+03 4.033598e+03 
1.320505e-01 3.843659e+03 3.799375e+03 
1.370909e-01 3.631186e+03 3.583588e+03 
1.421313e-01 3.400325e+03 3.384442e+03 
1.471717e-01 3.164565e+03 3.200346e+03 
1.522121e-01 2.939091e+03 3.029886e+03 
1.572525e-01 2.736942e+03 2.871807e+03 
1.622929e-01 2.566603e+03 2.724986e+03 
1.673333e-01 2.430801e+03 2.588425e+03 
1.723737e-01 2.325550e+03 2.461227e+03 
1.774141e-01 2.241981e+03 2.342589e+03 
1.824545e-01 2.170158e+03 2.231790e+03 
1.874949e-01 2.101214e+03 2.128181e+03 
1.925354e-01 2.028422e+03 2.031176e+03 
1.975758e-01 1.947975e+03 1.940246e+03 
2.026162e-01 1.859724e+03 1.854914e+03 
2.076566e-01 1.766933e+03 1.774746e+03 
2.126970e-01 1.674561e+03 1.699348e+03 
2.177374e-01 1.587384e+03 1.628364e+03 
2.227778e-01 1.508923e+03 1.561466e+03 
2.278182e-01 1.441118e+03 1.498360e+03 
2.328586e-01 1.384036e+03 1.438772e+03 
2.378990e-01 1.336118e+03 1.382457e+03 
2.429394e-01 1.294754e+03 1.329186e+03 
2.479798e-01 1.257050e+03 1.278751e+03 
2.530202e-01 1.220263e+03 1.230962e+03 
2.580606e-01 1.182237e+03 1.185644e+03 
2.631010e-01 1.142010e+03 1.142633e+03 
2.681414e-01 1.099940e+03 1.101782e+03 
2.731818e-01 1.057257e+03 1.062953e+03 
2.782222e-01 1.015405e+03 1.026019e+03 
2.832626e-01 9.756209e+02 9.908637e+02 
2.883030e-01 9.388921e+02 9.573773e+02 
2.933434e-01 9.058677e+02 9.254598e+02 
2.983838e-01 8.766000e+02 8.950177e+02 
3.034242e-01 8.505194e+02 8.659646e+02 
3.084646e-01 8.266989e+02 8.382199e+02 
3.135051e-01 8.042010e+02 8.117088e+02 
3.185455e-01 7.822785e+02 7.863615e+02 
3.235859e-01 7.603903e+02 7.621132e+02 
3.286263e-01 7.382261e+02 7.389031e+02 
3.336667e-01 7.158002e+02 7.166749e+02 
3.387071e-01 6.934355e+02 6.953756e+02 
3.437475e-01 6.716080e+02 6.749559e+02 
3.487879e-01 6.507421e+02 6.553695e+02 
3.538283e-01 6.311010e+02 6.365731e+02 
3.588687e-01 6.128204e+02 6.185261e+02 
3.639091e-01 5.958892e+02 6.011905e+02 
3.689495e-01 5.801680e+02 5.845307e+02 
3.739899e-01 5.653948e+02 5.685129e+02 
3.790303e-01 5.512783e+02 5.531056e+02 
3.840707e-01 5.375657e+02 5.382793e+02 
3.891111e-01 5.240874e+02 5.240060e+02 
3.941515e-01 5.107623e+02 5.102594e+02 
3.991919e-01 4.975717e+02 4.970146e+02 
4.042323e-01 4.845760e+02 4.842484e+02 
4.092727e-01 4.719046e+02 4.719386e+02 
4.143131e-01 4.596909e+02 4.600645e+02 
4.193535e-01 4.480207e+02 4.486063e+02 
4.243939e-01 4.369134e+02 4.375455e+02 
4.294343e-01 4.263489e+02 4.268645e+02 
4.344747e-01 4.163066e+02 4.165466e+02 
4.395152e-01 4.067301e+02 4.065761e+02 
4.445556e-01 3.975124e+02 3.969380e+02 
4.495960e-01 3.885586e+02 3.876181e+02 
4.546364e-01 3.798094e+02 3.786031e+02 
4.596768e-01 3.712540e+02 3.698803e+02 
4.647172e-01 3.628849e+02 3.614374e+02 
4.697576e-01 3.546924e+02 3.532631e+02 
4.747980e-01 3.466937e+02 3.453464e+02 
4.798384e-01 3.389312e+02 3.376769e+02 
4.848788e-01 3.314417e+02 3.302448e+02 
4.899192e-01 3.242329e+02 3.230406e+02 
4.949596e-01 3.172890e+02 3.160555e+02 
5.000000e-01 3.105889e+02 3.092810e+02 
