1.000000e-03 2.498772e+03 2.498770e+03 
6.040404e-03 1.110728e+04 1.118617e+04 
1.108081e-02 1.523941e+04 1.525540e+04 
1.612121e-02 1.676861e+04 1.667196e+04 
2.116162e-02 1.679306e+04 1.660812e+04 
2.620202e-02 1.601677e+04 1.587841e+04 
3.124242e-02 1.490462e+04 1.492702e+04 
3.628283e-02 1.374177e+04 1.392942e+04 
4.132323e-02 1.267326e+04 1.295173e+04 
4.636364e-02 1.174188e+04 1.202184e+04 
5.140404e-02 1.093999e+04 1.115190e+04 
5.644444e-02 1.022046e+04 1.034613e+04 
6.148485e-02 9.542621e+03 9.604378e+03 
6.652525e-02 8.888792e+03 8.924079e+03 
7.156566e-02 8.243611e+03 8.301437e+03 
7.660606e-02 7.617232e+03 7.732108e+03 
8.164646e-02 7.033559e+03 7.211619e+03 
8.668687e-02 6.512280e+03 6.735608e+03 
9.172727e-02 6.057569e+03 6.299953e+03 
9.676768e-02 5.665146e+03 5.900833e+03 
1.018081e-01 5.328752e+03 5.534753e+03 
1.068485e-01 5.037368e+03 5.198542e+03 
1.118889e-01 4.773262e+03 4.889337e+03 
1.169293e-01 4.520179e+03 4.604565e+03 
1.219697e-01 4.270397e+03 4.341916e+03 
1.270101e-01 4.025025e+03 4.099320e+03 
1.320505e-01 3.788862e+03 3.874922e+03 
1.370909e-01 3.567106e+03 3.667062e+03 
1.421313e-01 3.363698e+03 3.474249e+03 
1.471717e-01 3.180499e+03 3.295147e+03 
1.522121e-01 3.017400e+03 3.128556e+03 
1.572525e-01 2.872615e+03 2.973399e+03 
1.622929e-01 2.742758e+03 2.828703e+03 
1.673333e-01 2.623249e+03 2.693596e+03 
1.723737e-01 2.509716e+03 2.567288e+03 
1.774141e-01 2.399657e+03 2.449066e+03 
1.824545e-01 2.292675e+03 2.338285e+03 
1.874949e-01 2.189388e+03 2.234361e+03 
1.925354e-01 2.090401e+03 2.136763e+03 
1.975758e-01 1.996708e+03 2.045009e+03 
2.026162e-01 1.909652e+03 1.958661e+03 
2.076566e-01 1.829751e+03 1.877320e+03 
2.126970e-01 1.756335e+03 1.800621e+03 
2.177374e-01 1.688225e+03 1.728232e+03 
2.227778e-01 1.624479e+03 1.659848e+03 
2.278182e-01 1.564298e+03 1.595190e+03 
2.328586e-01 1.506840e+03 1.534003e+03 
2.378990e-01 1.451491e+03 1.476051e+03 
2.429394e-01 1.398100e+03 1.421120e+03 
2.479798e-01 1.346873e+03 1.369010e+03 
2.530202e-01 1.298010e+03 1.319538e+03 
2.580606e-01 1.251542e+03 1.272537e+03 
2.631010e-01 1.207529e+03 1.227849e+03 
2.681414e-01 1.166051e+03 1.185332e+03 
2.731818e-01 1.127035e+03 1.144850e+03 
2.782222e-01 1.090157e+03 1.106283e+03 
2.832626e-01 1.055006e+03 1.069513e+03 
2.883030e-01 1.021333e+03 1.034436e+03 
2.933434e-01 9.890628e+02 1.000953e+03 
2.983838e-01 9.581089e+02 9.689717e+02 
3.034242e-01 9.283542e+02 9.384068e+02 
3.084646e-01 8.997413e+02 9.091787e+02 
3.135051e-01 8.722718e+02 8.812133e+02 
3.185455e-01 8.460027e+02 8.544413e+02 
3.235859e-01 8.209286e+02 8.287979e+02 
3.286263e-01 7.969661e+02 8.042229e+02 
3.336667e-01 7.740159e+02 7.806596e+02 
3.387071e-01 7.520150e+02 7.580550e+02 
3.437475e-01 7.309220e+02 7.363596e+02 
3.487879e-01 7.106725e+02 7.155269e+02 
3.538283e-01 6.911718e+02 6.955132e+02 
3.588687e-01 6.723553e+02 6.762776e+02 
3.639091e-01 6.542108e+02 6.577815e+02 
3.689495e-01 6.367431e+02 6.399888e+02 
3.739899e-01 6.199380e+02 6.228654e+02 
3.790303e-01 6.037615e+02 6.063792e+02 
3.840707e-01 5.881673e+02 5.905001e+02 
3.891111e-01 5.731349e+02 5.751995e+02 
3.941515e-01 5.586621e+02 5.604505e+02 
3.991919e-01 5.447236e+02 5.462280e+02 
4.042323e-01 5.312684e+02 5.325078e+02 
4.092727e-01 5.182583e+02 5.192673e+02 
4.143131e-01 5.056817e+02 5.064853e+02 
4.193535e-01 4.935351e+02 4.941413e+02 
4.243939e-01 4.817987e+02 4.822163e+02 
4.294343e-01 4.704414e+02 4.706921e+02 
4.344747e-01 4.594528e+02 4.595516e+02 
4.395152e-01 4.488182e+02 4.487784e+02 
4.445556e-01 4.385389e+02 4.383570e+02 
4.495960e-01 4.286012e+02 4.282729e+02 
4.546364e-01 4.189726e+02 4.185120e+02 
4.596768e-01 4.096350e+02 4.090611e+02 
4.647172e-01 4.005899e+02 3.999077e+02 
4.697576e-01 3.918347e+02 3.910398e+02 
4.747980e-01 3.833479e+02 3.824459e+02 
4.798384e-01 3.751069e+02 3.741154e+02 
4.848788e-01 3.671056e+02 3.660378e+02 
4.899192e-01 3.593476e+02 3.582035e+02 
4.949596e-01 3.518251e+02 3.506029e+02 
5.000000e-01 3.445218e+02 3.432272e+02 
