1.000000e-03 3.131124e+03 3.131121e+03 
6.040404e-03 1.398870e+04 1.409170e+04 
1.108081e-02 1.912067e+04 1.920335e+04 
1.612121e-02 2.079216e+04 2.080229e+04 
2.116162e-02 2.040165e+04 2.027197e+04 
2.620202e-02 1.892125e+04 1.880623e+04 
3.124242e-02 1.704081e+04 1.718320e+04 
3.628283e-02 1.520345e+04 1.567317e+04 
4.132323e-02 1.363807e+04 1.431925e+04 
4.636364e-02 1.240533e+04 1.310986e+04 
5.140404e-02 1.147719e+04 1.202729e+04 
5.644444e-02 1.075396e+04 1.105603e+04 
6.148485e-02 1.013206e+04 1.018306e+04 
6.652525e-02 9.527847e+03 9.397223e+03 
7.156566e-02 8.886487e+03 8.688726e+03 
7.660606e-02 8.197781e+03 8.048939e+03 
8.164646e-02 7.490922e+03 7.470222e+03 
8.668687e-02 6.811803e+03 6.945816e+03 
9.172727e-02 6.199063e+03 6.469751e+03 
9.676768e-02 5.677834e+03 6.036760e+03 
1.018081e-01 5.260044e+03 5.642199e+03 
1.068485e-01 4.940700e+03 5.281977e+03 
1.118889e-01 4.696753e+03 4.952487e+03 
1.169293e-01 4.495414e+03 4.650551e+03 
1.219697e-01 4.306673e+03 4.373362e+03 
1.270101e-01 4.110696e+03 4.118439e+03 
1.320505e-01 3.898086e+03 3.883588e+03 
1.370909e-01 3.669272e+03 3.666864e+03 
1.421313e-01 3.432782e+03 3.466541e+03 
1.471717e-01 3.201685e+03 3.281083e+03 
1.522121e-01 2.988394e+03 3.109125e+03 
1.572525e-01 2.801994e+03 2.949445e+03 
1.622929e-01 2.646788e+03 2.800952e+03 
1.673333e-01 2.521639e+03 2.662672e+03 
1.723737e-01 2.420299e+03 2.533726e+03 
1.774141e-01 2.333671e+03 2.413328e+03 
1.824545e-01 2.253091e+03 2.300770e+03 
1.874949e-01 2.172092e+03 2.195411e+03 
1.925354e-01 2.086583e+03 2.096675e+03 
1.975758e-01 1.995409e+03 2.004040e+03 
2.026162e-01 1.900471e+03 1.917031e+03 
2.076566e-01 1.805843e+03 1.835219e+03 
2.126970e-01 1.715773e+03 1.758214e+03 
2.177374e-01 1.633452e+03 1.685660e+03 
2.227778e-01 1.560665e+03 1.617233e+03 
2.278182e-01 1.497761e+03 1.552637e+03 
2.328586e-01 1.443594e+03 1.491602e+03 
2.378990e-01 1.395881e+03 1.433879e+03 
2.429394e-01 1.352013e+03 1.379242e+03 
2.479798e-01 1.309731e+03 1.327482e+03 
2.530202e-01 1.267377e+03 1.278408e+03 
2.580606e-01 1.223938e+03 1.231843e+03 
2.631010e-01 1.179381e+03 1.187625e+03 
2.681414e-01 1.134627e+03 1.145604e+03 
2.731818e-01 1.091075e+03 1.105642e+03 
2.782222e-01 1.049868e+03 1.067611e+03 
2.832626e-01 1.011649e+03 1.031392e+03 
2.883030e-01 9.766866e+02 9.968774e+02 
2.933434e-01 9.449979e+02 9.639639e+02 
2.983838e-01 9.162499e+02 9.325576e+02 
3.034242e-01 8.896935e+02 9.025709e+02 
3.084646e-01 8.644388e+02 8.739224e+02 
3.135051e-01 8.398090e+02 8.465361e+02 
3.185455e-01 8.154465e+02 8.203413e+02 
3.235859e-01 7.912575e+02 7.952723e+02 
3.286263e-01 7.672498e+02 7.712674e+02 
3.336667e-01 7.436066e+02 7.482693e+02 
3.387071e-01 7.206624e+02 7.262241e+02 
3.437475e-01 6.987798e+02 7.050818e+02 
3.487879e-01 6.781758e+02 6.847951e+02 
3.538283e-01 6.588818e+02 6.653200e+02 
3.588687e-01 6.407840e+02 6.466151e+02 
3.639091e-01 6.237143e+02 6.286418e+02 
3.689495e-01 6.075139e+02 6.113634e+02 
3.739899e-01 5.919610e+02 5.947458e+02 
3.790303e-01 5.768477e+02 5.787568e+02 
3.840707e-01 5.620408e+02 5.633661e+02 
3.891111e-01 5.475125e+02 5.485450e+02 
3.941515e-01 5.332987e+02 5.342668e+02 
3.991919e-01 5.194532e+02 5.205060e+02 
4.042323e-01 5.060371e+02 5.072388e+02 
4.092727e-01 4.931194e+02 4.944425e+02 
4.143131e-01 4.807606e+02 4.820959e+02 
4.193535e-01 4.689739e+02 4.701787e+02 
4.243939e-01 4.577166e+02 4.586719e+02 
4.294343e-01 4.469219e+02 4.475575e+02 
4.344747e-01 4.365220e+02 4.368183e+02 
4.395152e-01 4.264783e+02 4.264382e+02 
4.445556e-01 4.167282e+02 4.164019e+02 
4.495960e-01 4.072361e+02 4.066947e+02 
4.546364e-01 3.979620e+02 3.973030e+02 
4.596768e-01 3.889249e+02 3.882136e+02 
4.647172e-01 3.801415e+02 3.794141e+02 
4.697576e-01 3.716234e+02 3.708926e+02 
4.747980e-01 3.633792e+02 3.626380e+02 
4.798384e-01 3.554030e+02 3.546395e+02 
4.848788e-01 3.477028e+02 3.468871e+02 
4.899192e-01 3.402832e+02 3.393709e+02 
4.949596e-01 3.331116e+02 3.320818e+02 
5.000000e-01 3.261571e+02 3.250111e+02 
