1.000000e-03 3.290726e+03 3.290723e+03 
6.040404e-03 1.446487e+04 1.463812e+04 
1.108081e-02 1.966349e+04 2.001454e+04 
1.612121e-02 2.131016e+04 2.216510e+04 
2.116162e-02 2.085861e+04 2.261604e+04 
2.620202e-02 1.930776e+04 2.217853e+04 
3.124242e-02 1.736130e+04 2.128922e+04 
3.628283e-02 1.546847e+04 2.018749e+04 
4.132323e-02 1.385951e+04 1.900668e+04 
4.636364e-02 1.259366e+04 1.782122e+04 
5.140404e-02 1.164058e+04 1.667194e+04 
5.644444e-02 1.089784e+04 1.558011e+04 
6.148485e-02 1.025969e+04 1.455563e+04 
6.652525e-02 9.641005e+03 1.360172e+04 
7.156566e-02 8.986099e+03 1.271773e+04 
7.660606e-02 8.284579e+03 1.190090e+04 
8.164646e-02 7.565881e+03 1.114734e+04 
8.668687e-02 6.876244e+03 1.045266e+04 
9.172727e-02 6.254514e+03 9.812334e+03 
9.676768e-02 5.725856e+03 9.221941e+03 
1.018081e-01 5.302101e+03 8.677262e+03 
1.068485e-01 4.978031e+03 8.174351e+03 
1.118889e-01 4.730270e+03 7.709561e+03 
1.169293e-01 4.525693e+03 7.279549e+03 
1.219697e-01 4.334030e+03 6.881264e+03 
1.270101e-01 4.135294e+03 6.511935e+03 
1.320505e-01 3.920034e+03 6.169047e+03 
1.370909e-01 3.688684e+03 5.850325e+03 
1.421313e-01 3.449817e+03 5.553709e+03 
1.471717e-01 3.216561e+03 5.277334e+03 
1.522121e-01 3.001366e+03 5.019516e+03 
1.572525e-01 2.813329e+03 4.778727e+03 
1.622929e-01 2.656738e+03 4.553586e+03 
1.673333e-01 2.530420e+03 4.342839e+03 
1.723737e-01 2.428076e+03 4.145349e+03 
1.774141e-01 2.340560e+03 3.960083e+03 
1.824545e-01 2.259171e+03 3.786102e+03 
1.874949e-01 2.177417e+03 3.622552e+03 
1.925354e-01 2.091197e+03 3.468655e+03 
1.975758e-01 1.999355e+03 3.323699e+03 
2.026162e-01 1.903797e+03 3.187036e+03 
2.076566e-01 1.808601e+03 3.058073e+03 
2.126970e-01 1.718022e+03 2.936268e+03 
2.177374e-01 1.635247e+03 2.821121e+03 
2.227778e-01 1.562057e+03 2.712177e+03 
2.278182e-01 1.498794e+03 2.609016e+03 
2.328586e-01 1.444304e+03 2.511252e+03 
2.378990e-01 1.396297e+03 2.418531e+03 
2.429394e-01 1.352161e+03 2.330524e+03 
2.479798e-01 1.309631e+03 2.246931e+03 
2.530202e-01 1.267050e+03 2.167472e+03 
2.580606e-01 1.223404e+03 2.091889e+03 
2.631010e-01 1.178661e+03 2.019943e+03 
2.681414e-01 1.133740e+03 1.951415e+03 
2.731818e-01 1.090038e+03 1.886098e+03 
2.782222e-01 1.048697e+03 1.823802e+03 
2.832626e-01 1.010357e+03 1.764351e+03 
2.883030e-01 9.752840e+02 1.707581e+03 
2.933434e-01 9.434931e+02 1.653338e+03 
2.983838e-01 9.146501e+02 1.601480e+03 
3.034242e-01 8.880057e+02 1.551874e+03 
3.084646e-01 8.626706e+02 1.504396e+03 
3.135051e-01 8.379685e+02 1.458930e+03 
3.185455e-01 8.135421e+02 1.415369e+03 
3.235859e-01 7.892977e+02 1.373611e+03 
3.286263e-01 7.652427e+02 1.333562e+03 
3.336667e-01 7.415594e+02 1.295132e+03 
3.387071e-01 7.185810e+02 1.258238e+03 
3.437475e-01 6.966687e+02 1.222803e+03 
3.487879e-01 6.760380e+02 1.188753e+03 
3.538283e-01 6.567197e+02 1.156020e+03 
3.588687e-01 6.385998e+02 1.124538e+03 
3.639091e-01 6.215100e+02 1.094247e+03 
3.689495e-01 6.052916e+02 1.065090e+03 
3.739899e-01 5.897233e+02 1.037012e+03 
3.790303e-01 5.745977e+02 1.009962e+03 
3.840707e-01 5.597818e+02 9.838939e+02 
3.891111e-01 5.452477e+02 9.587609e+02 
3.941515e-01 5.310309e+02 9.345206e+02 
3.991919e-01 5.171849e+02 9.111326e+02 
4.042323e-01 5.037704e+02 8.885588e+02 
4.092727e-01 4.908555e+02 8.667630e+02 
4.143131e-01 4.785006e+02 8.457110e+02 
4.193535e-01 4.667183e+02 8.253706e+02 
4.243939e-01 4.554660e+02 8.057110e+02 
4.294343e-01 4.446770e+02 7.867032e+02 
4.344747e-01 4.342836e+02 7.683197e+02 
4.395152e-01 4.242471e+02 7.505342e+02 
4.445556e-01 4.145054e+02 7.333220e+02 
4.495960e-01 4.050227e+02 7.166595e+02 
4.546364e-01 3.957591e+02 7.005242e+02 
4.596768e-01 3.867336e+02 6.848950e+02 
4.647172e-01 3.779624e+02 6.697515e+02 
4.697576e-01 3.694571e+02 6.550744e+02 
4.747980e-01 3.612262e+02 6.408455e+02 
4.798384e-01 3.532636e+02 6.270472e+02 
4.848788e-01 3.455771e+02 6.136629e+02 
4.899192e-01 3.381712e+02 6.006767e+02 
4.949596e-01 3.310136e+02 5.880736e+02 
5.000000e-01 3.240732e+02 5.758390e+02 
