1.000000e-03 5.068852e+03 5.068848e+03 
6.040404e-03 2.220470e+04 2.238097e+04 
1.108081e-02 2.991876e+04 3.017501e+04 
1.612121e-02 3.189501e+04 3.219282e+04 
2.116162e-02 3.040393e+04 3.040982e+04 
2.620202e-02 2.710191e+04 2.685806e+04 
3.124242e-02 2.322226e+04 2.324797e+04 
3.628283e-02 1.957952e+04 2.022348e+04 
4.132323e-02 1.659775e+04 1.779220e+04 
4.636364e-02 1.437704e+04 1.581596e+04 
5.140404e-02 1.288581e+04 1.417414e+04 
5.644444e-02 1.192342e+04 1.278339e+04 
6.148485e-02 1.128848e+04 1.158779e+04 
6.652525e-02 1.078535e+04 1.054864e+04 
7.156566e-02 1.025957e+04 9.637975e+03 
7.660606e-02 9.617065e+03 8.834713e+03 
8.164646e-02 8.835950e+03 8.122410e+03 
8.668687e-02 7.959113e+03 7.487903e+03 
9.172727e-02 7.063846e+03 6.920447e+03 
9.676768e-02 6.231978e+03 6.411142e+03 
1.018081e-01 5.528668e+03 5.952534e+03 
1.068485e-01 4.988246e+03 5.538328e+03 
1.118889e-01 4.610646e+03 5.163168e+03 
1.169293e-01 4.369208e+03 4.822470e+03 
1.219697e-01 4.222847e+03 4.512292e+03 
1.270101e-01 4.125562e+03 4.229228e+03 
1.320505e-01 4.032753e+03 3.970324e+03 
1.370909e-01 3.908978e+03 3.733008e+03 
1.421313e-01 3.735348e+03 3.515033e+03 
1.471717e-01 3.511950e+03 3.314429e+03 
1.522121e-01 3.252982e+03 3.129467e+03 
1.572525e-01 2.981065e+03 2.958618e+03 
1.622929e-01 2.721794e+03 2.800536e+03 
1.673333e-01 2.497224e+03 2.654024e+03 
1.723737e-01 2.319842e+03 2.518020e+03 
1.774141e-01 2.190991e+03 2.391577e+03 
1.824545e-01 2.103964e+03 2.273852e+03 
1.874949e-01 2.047830e+03 2.164088e+03 
1.925354e-01 2.009393e+03 2.061609e+03 
1.975758e-01 1.974356e+03 1.965805e+03 
2.026162e-01 1.930031e+03 1.876129e+03 
2.076566e-01 1.868665e+03 1.792088e+03 
2.126970e-01 1.788938e+03 1.713233e+03 
2.177374e-01 1.694846e+03 1.639163e+03 
2.227778e-01 1.593397e+03 1.569509e+03 
2.278182e-01 1.492691e+03 1.503940e+03 
2.328586e-01 1.400293e+03 1.442153e+03 
2.378990e-01 1.321707e+03 1.383872e+03 
2.429394e-01 1.259409e+03 1.328845e+03 
2.479798e-01 1.212924e+03 1.276842e+03 
2.530202e-01 1.179343e+03 1.227653e+03 
2.580606e-01 1.154192e+03 1.181086e+03 
2.631010e-01 1.132415e+03 1.136962e+03 
2.681414e-01 1.109454e+03 1.095121e+03 
2.731818e-01 1.082040e+03 1.055411e+03 
2.782222e-01 1.048683e+03 1.017695e+03 
2.832626e-01 1.009659e+03 9.818463e+02 
2.883030e-01 9.666787e+02 9.477475e+02 
2.933434e-01 9.223506e+02 9.152900e+02 
2.983838e-01 8.795091e+02 8.843736e+02 
3.034242e-01 8.405142e+02 8.549053e+02 
3.084646e-01 8.068782e+02 8.267989e+02 
3.135051e-01 7.790983e+02 7.999744e+02 
3.185455e-01 7.566891e+02 7.743575e+02 
3.235859e-01 7.384455e+02 7.498790e+02 
3.286263e-01 7.227381e+02 7.264747e+02 
3.336667e-01 7.078774e+02 7.040844e+02 
3.387071e-01 6.924305e+02 6.826523e+02 
3.437475e-01 6.754367e+02 6.621263e+02 
3.487879e-01 6.565162e+02 6.424575e+02 
3.538283e-01 6.359334e+02 6.236004e+02 
3.588687e-01 6.144064e+02 6.055123e+02 
3.639091e-01 5.928797e+02 5.881532e+02 
3.689495e-01 5.722290e+02 5.714858e+02 
3.739899e-01 5.531456e+02 5.554748e+02 
3.790303e-01 5.360987e+02 5.400874e+02 
3.840707e-01 5.212201e+02 5.252926e+02 
3.891111e-01 5.083155e+02 5.110613e+02 
3.941515e-01 4.969058e+02 4.973660e+02 
3.991919e-01 4.863847e+02 4.841812e+02 
4.042323e-01 4.761840e+02 4.714824e+02 
4.092727e-01 4.658623e+02 4.592469e+02 
4.143131e-01 4.551339e+02 4.474531e+02 
4.193535e-01 4.438945e+02 4.360806e+02 
4.243939e-01 4.322332e+02 4.251102e+02 
4.294343e-01 4.203956e+02 4.145238e+02 
4.344747e-01 4.087022e+02 4.043042e+02 
4.395152e-01 3.974517e+02 3.944352e+02 
4.445556e-01 3.868776e+02 3.849014e+02 
4.495960e-01 3.771136e+02 3.756883e+02 
4.546364e-01 3.681829e+02 3.667821e+02 
4.596768e-01 3.600174e+02 3.581698e+02 
4.647172e-01 3.524600e+02 3.498389e+02 
4.697576e-01 3.452936e+02 3.417778e+02 
4.747980e-01 3.383199e+02 3.339752e+02 
4.798384e-01 3.313811e+02 3.264206e+02 
4.848788e-01 3.243937e+02 3.191038e+02 
4.899192e-01 3.173232e+02 3.120154e+02 
4.949596e-01 3.101915e+02 3.051462e+02 
5.000000e-01 3.030765e+02 2.984875e+02 
