1.000000e-03 6.110027e+03 6.110022e+03 
6.040404e-03 2.682727e+04 2.704761e+04 
1.108081e-02 3.602907e+04 3.640907e+04 
1.612121e-02 3.813423e+04 3.866496e+04 
2.116162e-02 3.591139e+04 3.606447e+04 
2.620202e-02 3.142889e+04 3.108442e+04 
3.124242e-02 2.626100e+04 2.608062e+04 
3.628283e-02 2.145975e+04 2.202125e+04 
4.132323e-02 1.757060e+04 1.890308e+04 
4.636364e-02 1.472032e+04 1.648312e+04 
5.140404e-02 1.285403e+04 1.455205e+04 
5.644444e-02 1.172574e+04 1.296896e+04 
6.148485e-02 1.108140e+04 1.164286e+04 
6.652525e-02 1.067304e+04 1.051379e+04 
7.156566e-02 1.029620e+04 9.540599e+03 
7.660606e-02 9.800557e+03 8.693751e+03 
8.164646e-02 9.113611e+03 7.951250e+03 
8.668687e-02 8.250165e+03 7.296171e+03 
9.172727e-02 7.289624e+03 6.715155e+03 
9.676768e-02 6.337664e+03 6.197452e+03 
1.018081e-01 5.490213e+03 5.734271e+03 
1.068485e-01 4.810998e+03 5.318335e+03 
1.118889e-01 4.321793e+03 4.943560e+03 
1.169293e-01 4.010001e+03 4.604817e+03 
1.219697e-01 3.841392e+03 4.297751e+03 
1.270101e-01 3.768914e+03 4.018641e+03 
1.320505e-01 3.739750e+03 3.764293e+03 
1.370909e-01 3.703417e+03 3.531950e+03 
1.421313e-01 3.621456e+03 3.319223e+03 
1.471717e-01 3.473891e+03 3.124034e+03 
1.522121e-01 3.259976e+03 2.944567e+03 
1.572525e-01 2.996206e+03 2.779231e+03 
1.622929e-01 2.712072e+03 2.626629e+03 
1.673333e-01 2.440964e+03 2.485527e+03 
1.723737e-01 2.208829e+03 2.354836e+03 
1.774141e-01 2.028803e+03 2.233589e+03 
1.824545e-01 1.903023e+03 2.120926e+03 
1.874949e-01 1.826341e+03 2.016082e+03 
1.925354e-01 1.788398e+03 1.918373e+03 
1.975758e-01 1.774073e+03 1.827187e+03 
2.026162e-01 1.765783e+03 1.741974e+03 
2.076566e-01 1.747809e+03 1.662240e+03 
2.126970e-01 1.709808e+03 1.587541e+03 
2.177374e-01 1.647837e+03 1.517475e+03 
2.227778e-01 1.563794e+03 1.451677e+03 
2.278182e-01 1.464522e+03 1.389821e+03 
2.328586e-01 1.359990e+03 1.331606e+03 
2.378990e-01 1.260664e+03 1.276762e+03 
2.429394e-01 1.174718e+03 1.225042e+03 
2.479798e-01 1.106671e+03 1.176219e+03 
2.530202e-01 1.057650e+03 1.130089e+03 
2.580606e-01 1.025835e+03 1.086463e+03 
2.631010e-01 1.007071e+03 1.045169e+03 
2.681414e-01 9.957400e+02 1.006048e+03 
2.731818e-01 9.858729e+02 9.689561e+02 
2.782222e-01 9.723599e+02 9.337589e+02 
2.832626e-01 9.517982e+02 9.003338e+02 
2.883030e-01 9.227661e+02 8.685674e+02 
2.933434e-01 8.858981e+02 8.383552e+02 
2.983838e-01 8.436203e+02 8.096006e+02 
3.034242e-01 7.994464e+02 7.822140e+02 
3.084646e-01 7.570380e+02 7.561129e+02 
3.135051e-01 7.193358e+02 7.312204e+02 
3.185455e-01 6.880465e+02 7.074654e+02 
3.235859e-01 6.636828e+02 6.847818e+02 
3.286263e-01 6.457468e+02 6.631079e+02 
3.336667e-01 6.328571e+02 6.423867e+02 
3.387071e-01 6.230295e+02 6.225648e+02 
3.437475e-01 6.140742e+02 6.035925e+02 
3.487879e-01 6.040556e+02 5.854234e+02 
3.538283e-01 5.916922e+02 5.680143e+02 
3.588687e-01 5.764556e+02 5.513245e+02 
3.639091e-01 5.584954e+02 5.353162e+02 
3.689495e-01 5.385509e+02 5.199540e+02 
3.739899e-01 5.177541e+02 5.052046e+02 
3.790303e-01 4.974017e+02 4.910369e+02 
3.840707e-01 4.786498e+02 4.774215e+02 
3.891111e-01 4.622458e+02 4.643311e+02 
3.941515e-01 4.484640e+02 4.517397e+02 
3.991919e-01 4.372048e+02 4.396232e+02 
4.042323e-01 4.280362e+02 4.279587e+02 
4.092727e-01 4.202724e+02 4.167246e+02 
4.143131e-01 4.131138e+02 4.059007e+02 
4.193535e-01 4.058413e+02 3.954679e+02 
4.243939e-01 3.979204e+02 3.854082e+02 
4.294343e-01 3.890889e+02 3.757044e+02 
4.344747e-01 3.793089e+02 3.663405e+02 
4.395152e-01 3.687821e+02 3.573014e+02 
4.445556e-01 3.578881e+02 3.485726e+02 
4.495960e-01 3.471053e+02 3.401405e+02 
4.546364e-01 3.368607e+02 3.319922e+02 
4.596768e-01 3.274565e+02 3.241156e+02 
4.647172e-01 3.190525e+02 3.164990e+02 
4.697576e-01 3.116759e+02 3.091315e+02 
4.747980e-01 3.052244e+02 3.020027e+02 
4.798384e-01 2.994561e+02 2.951027e+02 
4.848788e-01 2.940727e+02 2.884221e+02 
4.899192e-01 2.888007e+02 2.819520e+02 
4.949596e-01 2.834248e+02 2.756839e+02 
5.000000e-01 2.778120e+02 2.696097e+02 
