1.000000e-03 6.267805e+03 6.267800e+03 
6.040404e-03 2.906081e+04 2.930410e+04 
1.108081e-02 4.006626e+04 4.055447e+04 
1.612121e-02 4.314811e+04 4.395926e+04 
2.116162e-02 4.106380e+04 4.150862e+04 
2.620202e-02 3.605472e+04 3.564273e+04 
3.124242e-02 2.995483e+04 2.931176e+04 
3.628283e-02 2.408032e+04 2.410204e+04 
4.132323e-02 1.918110e+04 2.018921e+04 
4.636364e-02 1.550831e+04 1.726612e+04 
5.140404e-02 1.303330e+04 1.502362e+04 
5.644444e-02 1.152591e+04 1.324682e+04 
6.148485e-02 1.070920e+04 1.179851e+04 
6.652525e-02 1.031802e+04 1.059113e+04 
7.156566e-02 1.010290e+04 9.567070e+03 
7.660606e-02 9.856864e+03 8.686918e+03 
8.164646e-02 9.435479e+03 7.922571e+03 
8.668687e-02 8.780455e+03 7.253261e+03 
9.172727e-02 7.918449e+03 6.663158e+03 
9.676768e-02 6.938441e+03 6.139884e+03 
1.018081e-01 5.956960e+03 5.673561e+03 
1.068485e-01 5.081779e+03 5.256170e+03 
1.118889e-01 4.382565e+03 4.881116e+03 
1.169293e-01 3.882744e+03 4.542909e+03 
1.219697e-01 3.571131e+03 4.236941e+03 
1.270101e-01 3.416439e+03 3.959311e+03 
1.320505e-01 3.376018e+03 3.706692e+03 
1.370909e-01 3.399322e+03 3.476235e+03 
1.421313e-01 3.433006e+03 3.265482e+03 
1.471717e-01 3.429763e+03 3.072306e+03 
1.522121e-01 3.356991e+03 2.894855e+03 
1.572525e-01 3.201535e+03 2.731514e+03 
1.622929e-01 2.971586e+03 2.580867e+03 
1.673333e-01 2.693878e+03 2.441668e+03 
1.723737e-01 2.404588e+03 2.312819e+03 
1.774141e-01 2.137537e+03 2.193349e+03 
1.824545e-01 1.915895e+03 2.082394e+03 
1.874949e-01 1.750775e+03 1.979188e+03 
1.925354e-01 1.643684e+03 1.883047e+03 
1.975758e-01 1.588873e+03 1.793359e+03 
2.026162e-01 1.574682e+03 1.709576e+03 
2.076566e-01 1.585051e+03 1.631207e+03 
2.126970e-01 1.602093e+03 1.557808e+03 
2.177374e-01 1.609184e+03 1.488981e+03 
2.227778e-01 1.593732e+03 1.424364e+03 
2.278182e-01 1.549138e+03 1.363632e+03 
2.328586e-01 1.475764e+03 1.306487e+03 
2.378990e-01 1.380398e+03 1.252662e+03 
2.429394e-01 1.273948e+03 1.201912e+03 
2.479798e-01 1.168423e+03 1.154013e+03 
2.530202e-01 1.074116e+03 1.108763e+03 
2.580606e-01 9.979730e+02 1.065975e+03 
2.631010e-01 9.430498e+02 1.025479e+03 
2.681414e-01 9.088138e+02 9.871198e+02 
2.731818e-01 8.920065e+02 9.507532e+02 
2.782222e-01 8.875247e+02 9.162478e+02 
2.832626e-01 8.892641e+02 8.834824e+02 
2.883030e-01 8.908350e+02 8.523456e+02 
2.933434e-01 8.865357e+02 8.227342e+02 
2.983838e-01 8.724276e+02 7.945531e+02 
3.034242e-01 8.470945e+02 7.677144e+02 
3.084646e-01 8.116701e+02 7.421367e+02 
3.135051e-01 7.692380e+02 7.177444e+02 
3.185455e-01 7.239351e+02 6.944676e+02 
3.235859e-01 6.800341e+02 6.722413e+02 
3.286263e-01 6.410859e+02 6.510050e+02 
3.336667e-01 6.094313e+02 6.307026e+02 
3.387071e-01 5.860019e+02 6.112816e+02 
3.437475e-01 5.704064e+02 5.926932e+02 
3.487879e-01 5.612489e+02 5.748920e+02 
3.538283e-01 5.564370e+02 5.578353e+02 
3.588687e-01 5.534941e+02 5.414835e+02 
3.639091e-01 5.499682e+02 5.257994e+02 
3.689495e-01 5.438434e+02 5.107481e+02 
3.739899e-01 5.338786e+02 4.962972e+02 
3.790303e-01 5.197492e+02 4.824159e+02 
3.840707e-01 5.019701e+02 4.690756e+02 
3.891111e-01 4.817290e+02 4.562494e+02 
3.941515e-01 4.606031e+02 4.439120e+02 
3.991919e-01 4.402230e+02 4.320396e+02 
4.042323e-01 4.219468e+02 4.206098e+02 
4.092727e-01 4.066232e+02 4.096014e+02 
4.143131e-01 3.945687e+02 3.989947e+02 
4.193535e-01 3.856172e+02 3.887709e+02 
4.243939e-01 3.792132e+02 3.789124e+02 
4.294343e-01 3.745323e+02 3.694024e+02 
4.344747e-01 3.705824e+02 3.602252e+02 
4.395152e-01 3.664036e+02 3.513659e+02 
4.445556e-01 3.612107e+02 3.428104e+02 
4.495960e-01 3.545622e+02 3.345454e+02 
4.546364e-01 3.463550e+02 3.265583e+02 
4.596768e-01 3.368017e+02 3.188371e+02 
4.647172e-01 3.263377e+02 3.113705e+02 
4.697576e-01 3.155608e+02 3.041477e+02 
4.747980e-01 3.051123e+02 2.971586e+02 
4.798384e-01 2.955281e+02 2.903935e+02 
4.848788e-01 2.871566e+02 2.838433e+02 
4.899192e-01 2.801193e+02 2.774990e+02 
4.949596e-01 2.743604e+02 2.713526e+02 
5.000000e-01 2.696771e+02 2.653960e+02 
