1.000000e-03 3.453546e+03 3.453543e+03 
6.040404e-03 1.527266e+04 1.538654e+04 
1.108081e-02 2.075360e+04 2.085235e+04 
1.612121e-02 2.244769e+04 2.247694e+04 
2.116162e-02 2.190156e+04 2.177421e+04 
2.620202e-02 2.018472e+04 2.006025e+04 
3.124242e-02 1.805472e+04 1.820763e+04 
3.628283e-02 1.599658e+04 1.651522e+04 
4.132323e-02 1.425917e+04 1.502085e+04 
4.636364e-02 1.290559e+04 1.370202e+04 
5.140404e-02 1.190335e+04 1.253235e+04 
5.644444e-02 1.114123e+04 1.149046e+04 
6.148485e-02 1.050007e+04 1.055932e+04 
6.652525e-02 9.882028e+03 9.724978e+03 
7.156566e-02 9.224249e+03 8.975663e+03 
7.660606e-02 8.510607e+03 8.301250e+03 
8.164646e-02 7.768111e+03 7.692964e+03 
8.668687e-02 7.045214e+03 7.143164e+03 
9.172727e-02 6.386554e+03 6.645178e+03 
9.676768e-02 5.823856e+03 6.193178e+03 
1.018081e-01 5.373431e+03 5.782064e+03 
1.068485e-01 5.032236e+03 5.407372e+03 
1.118889e-01 4.776977e+03 5.065189e+03 
1.169293e-01 4.573369e+03 4.752081e+03 
1.219697e-01 4.388718e+03 4.465026e+03 
1.270101e-01 4.199034e+03 4.201367e+03 
1.320505e-01 3.990706e+03 3.958758e+03 
1.370909e-01 3.761166e+03 3.735127e+03 
1.421313e-01 3.518759e+03 3.528638e+03 
1.471717e-01 3.277388e+03 3.337665e+03 
1.522121e-01 3.051075e+03 3.160759e+03 
1.572525e-01 2.850943e+03 2.996634e+03 
1.622929e-01 2.683473e+03 2.844138e+03 
1.673333e-01 2.549440e+03 2.702245e+03 
1.723737e-01 2.443397e+03 2.570034e+03 
1.774141e-01 2.355882e+03 2.446679e+03 
1.824545e-01 2.277169e+03 2.331437e+03 
1.874949e-01 2.199419e+03 2.223640e+03 
1.925354e-01 2.117233e+03 2.122685e+03 
1.975758e-01 2.028195e+03 2.028026e+03 
2.026162e-01 1.933265e+03 1.939171e+03 
2.076566e-01 1.836323e+03 1.855671e+03 
2.126970e-01 1.742170e+03 1.777121e+03 
2.177374e-01 1.654968e+03 1.703151e+03 
2.227778e-01 1.577375e+03 1.633424e+03 
2.278182e-01 1.510411e+03 1.567634e+03 
2.328586e-01 1.453399e+03 1.505500e+03 
2.378990e-01 1.404327e+03 1.446766e+03 
2.429394e-01 1.360540e+03 1.391196e+03 
2.479798e-01 1.319331e+03 1.338575e+03 
2.530202e-01 1.278385e+03 1.288706e+03 
2.580606e-01 1.236161e+03 1.241406e+03 
2.631010e-01 1.192224e+03 1.196507e+03 
2.681414e-01 1.147330e+03 1.153856e+03 
2.731818e-01 1.102840e+03 1.113309e+03 
2.782222e-01 1.060069e+03 1.074736e+03 
2.832626e-01 1.019986e+03 1.038014e+03 
2.883030e-01 9.832381e+02 1.003031e+03 
2.933434e-01 9.501369e+02 9.696825e+02 
2.983838e-01 9.204568e+02 9.378711e+02 
3.034242e-01 8.934682e+02 9.075071e+02 
3.084646e-01 8.682437e+02 8.785068e+02 
3.135051e-01 8.439678e+02 8.507926e+02 
3.185455e-01 8.201079e+02 8.242918e+02 
3.235859e-01 7.963002e+02 7.989370e+02 
3.286263e-01 7.724194e+02 7.746652e+02 
3.336667e-01 7.486221e+02 7.514175e+02 
3.387071e-01 7.252864e+02 7.291390e+02 
3.437475e-01 7.028305e+02 7.077782e+02 
3.487879e-01 6.815479e+02 6.872871e+02 
3.538283e-01 6.615807e+02 6.676205e+02 
3.588687e-01 6.429528e+02 6.487363e+02 
3.639091e-01 6.255606e+02 6.305947e+02 
3.689495e-01 6.092034e+02 6.131587e+02 
3.739899e-01 5.936344e+02 5.963931e+02 
3.790303e-01 5.785890e+02 5.802652e+02 
3.840707e-01 5.639008e+02 5.647441e+02 
3.891111e-01 5.494729e+02 5.498006e+02 
3.941515e-01 5.352806e+02 5.354074e+02 
3.991919e-01 5.213421e+02 5.215386e+02 
4.042323e-01 5.077414e+02 5.081698e+02 
4.092727e-01 4.945984e+02 4.952780e+02 
4.143131e-01 4.820045e+02 4.828415e+02 
4.193535e-01 4.699900e+02 4.708399e+02 
4.243939e-01 4.585246e+02 4.592536e+02 
4.294343e-01 4.475711e+02 4.480644e+02 
4.344747e-01 4.371037e+02 4.372549e+02 
4.395152e-01 4.270436e+02 4.268085e+02 
4.445556e-01 4.172967e+02 4.167098e+02 
4.495960e-01 4.078042e+02 4.069440e+02 
4.546364e-01 3.985317e+02 3.974970e+02 
4.596768e-01 3.894876e+02 3.883556e+02 
4.647172e-01 3.806719e+02 3.795071e+02 
4.697576e-01 3.720798e+02 3.709395e+02 
4.747980e-01 3.637338e+02 3.626414e+02 
4.798384e-01 3.556611e+02 3.546021e+02 
4.848788e-01 3.478806e+02 3.468111e+02 
4.899192e-01 3.403893e+02 3.392587e+02 
4.949596e-01 3.331513e+02 3.319355e+02 
5.000000e-01 3.261462e+02 3.248327e+02 
