1.000000e-03 3.063867e+03 3.063864e+03 
6.040404e-03 1.382184e+04 1.392331e+04 
1.108081e-02 1.893634e+04 1.901474e+04 
1.612121e-02 2.061881e+04 2.062113e+04 
2.116162e-02 2.025546e+04 2.012070e+04 
2.620202e-02 1.881073e+04 1.869791e+04 
3.124242e-02 1.696818e+04 1.711454e+04 
3.628283e-02 1.516599e+04 1.563405e+04 
4.132323e-02 1.362951e+04 1.430053e+04 
4.636364e-02 1.241808e+04 1.310507e+04 
5.140404e-02 1.150156e+04 1.203208e+04 
5.644444e-02 1.078245e+04 1.106750e+04 
6.148485e-02 1.015754e+04 1.019923e+04 
6.652525e-02 9.546216e+03 9.416682e+03 
7.156566e-02 8.897311e+03 8.710482e+03 
7.660606e-02 8.203800e+03 8.072262e+03 
8.164646e-02 7.496445e+03 7.494572e+03 
8.668687e-02 6.820802e+03 6.970790e+03 
9.172727e-02 6.214246e+03 6.495045e+03 
9.676768e-02 5.700607e+03 6.062144e+03 
1.018081e-01 5.290239e+03 5.667499e+03 
1.068485e-01 4.976276e+03 5.307061e+03 
1.118889e-01 4.734058e+03 4.977257e+03 
1.169293e-01 4.530682e+03 4.674933e+03 
1.219697e-01 4.337408e+03 4.397300e+03 
1.270101e-01 4.135684e+03 4.141896e+03 
1.320505e-01 3.917434e+03 3.906536e+03 
1.370909e-01 3.684213e+03 3.689287e+03 
1.421313e-01 3.445661e+03 3.488428e+03 
1.471717e-01 3.214892e+03 3.302430e+03 
1.522121e-01 3.003791e+03 3.129931e+03 
1.572525e-01 2.820391e+03 2.969715e+03 
1.622929e-01 2.668201e+03 2.820693e+03 
1.673333e-01 2.545330e+03 2.681891e+03 
1.723737e-01 2.444834e+03 2.552434e+03 
1.774141e-01 2.357471e+03 2.431536e+03 
1.824545e-01 2.274863e+03 2.318490e+03 
1.874949e-01 2.191076e+03 2.212656e+03 
1.925354e-01 2.102657e+03 2.113457e+03 
1.975758e-01 2.009049e+03 2.020372e+03 
2.026162e-01 1.912646e+03 1.932928e+03 
2.076566e-01 1.817561e+03 1.850693e+03 
2.126970e-01 1.727954e+03 1.773278e+03 
2.177374e-01 1.646656e+03 1.700328e+03 
2.227778e-01 1.575046e+03 1.631516e+03 
2.278182e-01 1.513126e+03 1.566549e+03 
2.328586e-01 1.459418e+03 1.505153e+03 
2.378990e-01 1.411523e+03 1.447083e+03 
2.429394e-01 1.366942e+03 1.392109e+03 
2.479798e-01 1.323584e+03 1.340023e+03 
2.530202e-01 1.279945e+03 1.290634e+03 
2.580606e-01 1.235260e+03 1.243764e+03 
2.631010e-01 1.189743e+03 1.199251e+03 
2.681414e-01 1.144491e+03 1.156945e+03 
2.731818e-01 1.100872e+03 1.116707e+03 
2.782222e-01 1.059847e+03 1.078409e+03 
2.832626e-01 1.021897e+03 1.041933e+03 
2.883030e-01 9.872324e+02 1.007167e+03 
2.933434e-01 9.557635e+02 9.740120e+02 
2.983838e-01 9.270329e+02 9.423715e+02 
3.034242e-01 9.002348e+02 9.121580e+02 
3.084646e-01 8.745180e+02 8.832898e+02 
3.135051e-01 8.493355e+02 8.556907e+02 
3.185455e-01 8.244517e+02 8.292899e+02 
3.235859e-01 7.997748e+02 8.040211e+02 
3.286263e-01 7.753795e+02 7.798226e+02 
3.336667e-01 7.514922e+02 7.566368e+02 
3.387071e-01 7.284478e+02 7.344096e+02 
3.437475e-01 7.065809e+02 7.130907e+02 
3.487879e-01 6.860301e+02 6.926328e+02 
3.538283e-01 6.667458e+02 6.729916e+02 
3.588687e-01 6.485983e+02 6.541256e+02 
3.639091e-01 6.314432e+02 6.359957e+02 
3.689495e-01 6.150726e+02 6.185654e+02 
3.739899e-01 5.992911e+02 6.018003e+02 
3.790303e-01 5.839098e+02 5.856680e+02 
3.840707e-01 5.688372e+02 5.701380e+02 
3.891111e-01 5.540877e+02 5.551817e+02 
3.941515e-01 5.396981e+02 5.407719e+02 
3.991919e-01 5.257146e+02 5.268833e+02 
4.042323e-01 5.122033e+02 5.134918e+02 
4.092727e-01 4.992231e+02 5.005747e+02 
4.143131e-01 4.868267e+02 4.881105e+02 
4.193535e-01 4.749924e+02 4.760789e+02 
4.243939e-01 4.636518e+02 4.644607e+02 
4.294343e-01 4.527484e+02 4.532379e+02 
4.344747e-01 4.422389e+02 4.423933e+02 
4.395152e-01 4.320700e+02 4.319104e+02 
4.445556e-01 4.221861e+02 4.217740e+02 
4.495960e-01 4.125479e+02 4.119694e+02 
4.546364e-01 4.031471e+02 4.024828e+02 
4.596768e-01 3.940066e+02 3.933008e+02 
4.647172e-01 3.851404e+02 3.844111e+02 
4.697576e-01 3.765442e+02 3.758017e+02 
4.747980e-01 3.682241e+02 3.674614e+02 
4.798384e-01 3.601864e+02 3.593793e+02 
4.848788e-01 3.524293e+02 3.515453e+02 
4.899192e-01 3.449441e+02 3.439496e+02 
4.949596e-01 3.376940e+02 3.365829e+02 
5.000000e-01 3.306508e+02 3.294365e+02 
