1.000000e-03 4.862102e+03 4.862098e+03 
6.040404e-03 2.156478e+04 2.173985e+04 
1.108081e-02 2.941589e+04 2.969518e+04 
1.612121e-02 3.168637e+04 3.206792e+04 
2.116162e-02 3.045395e+04 3.057016e+04 
2.620202e-02 2.728499e+04 2.702391e+04 
3.124242e-02 2.339320e+04 2.322722e+04 
3.628283e-02 1.962266e+04 2.001089e+04 
4.132323e-02 1.644965e+04 1.745456e+04 
4.636364e-02 1.402919e+04 1.541525e+04 
5.140404e-02 1.236126e+04 1.375115e+04 
5.644444e-02 1.128784e+04 1.236173e+04 
6.148485e-02 1.061631e+04 1.118008e+04 
6.652525e-02 1.016655e+04 1.016109e+04 
7.156566e-02 9.764912e+03 9.273127e+03 
7.660606e-02 9.287807e+03 8.493098e+03 
8.164646e-02 8.672972e+03 7.803467e+03 
8.668687e-02 7.926049e+03 7.190514e+03 
9.172727e-02 7.100295e+03 6.643239e+03 
9.676768e-02 6.270923e+03 6.152660e+03 
1.018081e-01 5.512380e+03 5.711336e+03 
1.068485e-01 4.881929e+03 5.313034e+03 
1.118889e-01 4.407056e+03 4.952486e+03 
1.169293e-01 4.083063e+03 4.625206e+03 
1.219697e-01 3.883915e+03 4.327351e+03 
1.270101e-01 3.772473e+03 4.055610e+03 
1.320505e-01 3.707910e+03 3.807120e+03 
1.370909e-01 3.649470e+03 3.579392e+03 
1.421313e-01 3.563016e+03 3.370255e+03 
1.471717e-01 3.427861e+03 3.177810e+03 
1.522121e-01 3.240276e+03 3.000388e+03 
1.572525e-01 3.010904e+03 2.836519e+03 
1.622929e-01 2.760407e+03 2.684905e+03 
1.673333e-01 2.513589e+03 2.544395e+03 
1.723737e-01 2.292727e+03 2.413970e+03 
1.774141e-01 2.112682e+03 2.292719e+03 
1.824545e-01 1.978587e+03 2.179832e+03 
1.874949e-01 1.887698e+03 2.074582e+03 
1.925354e-01 1.832192e+03 1.976320e+03 
1.975758e-01 1.800684e+03 1.884460e+03 
2.026162e-01 1.779817e+03 1.798478e+03 
2.076566e-01 1.756322e+03 1.717899e+03 
2.126970e-01 1.719902e+03 1.642295e+03 
2.177374e-01 1.665146e+03 1.571278e+03 
2.227778e-01 1.591963e+03 1.504497e+03 
2.278182e-01 1.504638e+03 1.441633e+03 
2.328586e-01 1.410460e+03 1.382395e+03 
2.378990e-01 1.317583e+03 1.326518e+03 
2.429394e-01 1.233275e+03 1.273763e+03 
2.479798e-01 1.162417e+03 1.223907e+03 
2.530202e-01 1.107315e+03 1.176749e+03 
2.580606e-01 1.067646e+03 1.132104e+03 
2.631010e-01 1.040790e+03 1.089803e+03 
2.681414e-01 1.022509e+03 1.049689e+03 
2.731818e-01 1.007879e+03 1.011619e+03 
2.782222e-01 9.923952e+02 9.754613e+02 
2.832626e-01 9.726835e+02 9.410937e+02 
2.883030e-01 9.468198e+02 9.084038e+02 
2.933434e-01 9.144458e+02 8.772875e+02 
2.983838e-01 8.767487e+02 8.476488e+02 
3.034242e-01 8.361803e+02 8.193984e+02 
3.084646e-01 7.957022e+02 7.924538e+02 
3.135051e-01 7.580150e+02 7.667382e+02 
3.185455e-01 7.249787e+02 7.421803e+02 
3.235859e-01 6.975898e+02 7.187139e+02 
3.286263e-01 6.759127e+02 6.962773e+02 
3.336667e-01 6.592454e+02 6.748130e+02 
3.387071e-01 6.462008e+02 6.542673e+02 
3.437475e-01 6.350476e+02 6.345903e+02 
3.487879e-01 6.240735e+02 6.157351e+02 
3.538283e-01 6.119339e+02 5.976582e+02 
3.588687e-01 5.978182e+02 5.803184e+02 
3.639091e-01 5.814772e+02 5.636777e+02 
3.689495e-01 5.632160e+02 5.477000e+02 
3.739899e-01 5.437679e+02 5.323517e+02 
3.790303e-01 5.241194e+02 5.176012e+02 
3.840707e-01 5.052586e+02 5.034188e+02 
3.891111e-01 4.879734e+02 4.897766e+02 
3.941515e-01 4.727476e+02 4.766485e+02 
3.991919e-01 4.597270e+02 4.640096e+02 
4.042323e-01 4.487650e+02 4.518367e+02 
4.092727e-01 4.394248e+02 4.401080e+02 
4.143131e-01 4.311228e+02 4.288027e+02 
4.193535e-01 4.231933e+02 4.179013e+02 
4.243939e-01 4.151181e+02 4.073854e+02 
4.294343e-01 4.065310e+02 3.972377e+02 
4.344747e-01 3.972738e+02 3.874416e+02 
4.395152e-01 3.873466e+02 3.779816e+02 
4.445556e-01 3.769332e+02 3.688430e+02 
4.495960e-01 3.663612e+02 3.600118e+02 
4.546364e-01 3.560042e+02 3.514749e+02 
4.596768e-01 3.461933e+02 3.432197e+02 
4.647172e-01 3.371323e+02 3.352343e+02 
4.697576e-01 3.289231e+02 3.275075e+02 
4.747980e-01 3.215684e+02 3.200285e+02 
4.798384e-01 3.149664e+02 3.127872e+02 
4.848788e-01 3.089339e+02 3.057741e+02 
4.899192e-01 3.032272e+02 2.989797e+02 
4.949596e-01 2.976126e+02 2.923956e+02 
5.000000e-01 2.919325e+02 2.860132e+02 
