1.000000e-03 3.185522e+03 3.185519e+03 
6.040404e-03 1.417356e+04 1.427754e+04 
1.108081e-02 1.938046e+04 1.946872e+04 
1.612121e-02 2.108018e+04 2.110118e+04 
2.116162e-02 2.067912e+04 2.055544e+04 
2.620202e-02 1.916320e+04 1.904716e+04 
3.124242e-02 1.723728e+04 1.738140e+04 
3.628283e-02 1.535657e+04 1.583822e+04 
4.132323e-02 1.375716e+04 1.445998e+04 
4.636364e-02 1.250051e+04 1.323242e+04 
5.140404e-02 1.156259e+04 1.213574e+04 
5.644444e-02 1.083645e+04 1.115310e+04 
6.148485e-02 1.021552e+04 1.027067e+04 
6.652525e-02 9.615403e+03 9.476775e+03 
7.156566e-02 8.975339e+03 8.761312e+03 
7.660606e-02 8.282268e+03 8.115425e+03 
8.164646e-02 7.566265e+03 7.531316e+03 
8.668687e-02 6.875589e+03 7.002112e+03 
9.172727e-02 6.250592e+03 6.521752e+03 
9.676768e-02 5.718024e+03 6.084899e+03 
1.018081e-01 5.291223e+03 5.686852e+03 
1.068485e-01 4.966488e+03 5.323474e+03 
1.118889e-01 4.720900e+03 4.991119e+03 
1.169293e-01 4.520993e+03 4.686574e+03 
1.219697e-01 4.335242e+03 4.407003e+03 
1.270101e-01 4.142043e+03 4.149901e+03 
1.320505e-01 3.931151e+03 3.913054e+03 
1.370909e-01 3.702386e+03 3.694497e+03 
1.421313e-01 3.463975e+03 3.492487e+03 
1.471717e-01 3.229003e+03 3.305476e+03 
1.522121e-01 3.010924e+03 3.132082e+03 
1.572525e-01 2.819878e+03 2.971076e+03 
1.622929e-01 2.661088e+03 2.821356e+03 
1.673333e-01 2.533838e+03 2.681937e+03 
1.723737e-01 2.431574e+03 2.551934e+03 
1.774141e-01 2.345221e+03 2.430554e+03 
1.824545e-01 2.265874e+03 2.317081e+03 
1.874949e-01 2.186432e+03 2.210870e+03 
1.925354e-01 2.102124e+03 2.111339e+03 
1.975758e-01 2.011268e+03 2.017960e+03 
2.026162e-01 1.915737e+03 1.930256e+03 
2.076566e-01 1.819772e+03 1.847794e+03 
2.126970e-01 1.728007e+03 1.770180e+03 
2.177374e-01 1.643813e+03 1.697055e+03 
2.227778e-01 1.569200e+03 1.628091e+03 
2.278182e-01 1.504987e+03 1.562991e+03 
2.328586e-01 1.450184e+03 1.501481e+03 
2.378990e-01 1.402459e+03 1.443311e+03 
2.429394e-01 1.358943e+03 1.388253e+03 
2.479798e-01 1.317170e+03 1.336096e+03 
2.530202e-01 1.275293e+03 1.286647e+03 
2.580606e-01 1.232181e+03 1.239728e+03 
2.631010e-01 1.187638e+03 1.195176e+03 
2.681414e-01 1.142508e+03 1.152838e+03 
2.731818e-01 1.098271e+03 1.112577e+03 
2.782222e-01 1.056248e+03 1.074262e+03 
2.832626e-01 1.017257e+03 1.037775e+03 
2.883030e-01 9.816721e+02 1.003005e+03 
2.933434e-01 9.495221e+02 9.698488e+02 
2.983838e-01 9.205224e+02 9.382125e+02 
3.034242e-01 8.939324e+02 9.080071e+02 
3.084646e-01 8.688280e+02 8.791506e+02 
3.135051e-01 8.443896e+02 8.515665e+02 
3.185455e-01 8.201558e+02 8.251834e+02 
3.235859e-01 7.959726e+02 7.999349e+02 
3.286263e-01 7.718710e+02 7.757590e+02 
3.336667e-01 7.480448e+02 7.525977e+02 
3.387071e-01 7.248155e+02 7.303970e+02 
3.437475e-01 7.025730e+02 7.091060e+02 
3.487879e-01 6.816321e+02 6.886775e+02 
3.538283e-01 6.620726e+02 6.690668e+02 
3.588687e-01 6.438176e+02 6.502324e+02 
3.639091e-01 6.266584e+02 6.321351e+02 
3.689495e-01 6.104054e+02 6.147381e+02 
3.739899e-01 5.948435e+02 5.980070e+02 
3.790303e-01 5.797687e+02 5.819092e+02 
3.840707e-01 5.649966e+02 5.664143e+02 
3.891111e-01 5.504380e+02 5.514934e+02 
3.941515e-01 5.361294e+02 5.371194e+02 
3.991919e-01 5.221631e+02 5.232668e+02 
4.042323e-01 5.086232e+02 5.099114e+02 
4.092727e-01 4.955730e+02 4.970305e+02 
4.143131e-01 4.830718e+02 4.846026e+02 
4.193535e-01 4.711551e+02 4.726073e+02 
4.243939e-01 4.598008e+02 4.610255e+02 
4.294343e-01 4.489569e+02 4.498389e+02 
4.344747e-01 4.385365e+02 4.390303e+02 
4.395152e-01 4.284629e+02 4.285835e+02 
4.445556e-01 4.186862e+02 4.184829e+02 
4.495960e-01 4.091644e+02 4.087139e+02 
4.546364e-01 3.998738e+02 3.992626e+02 
4.596768e-01 3.907956e+02 3.901158e+02 
4.647172e-01 3.819408e+02 3.812610e+02 
4.697576e-01 3.733462e+02 3.726862e+02 
4.747980e-01 3.650302e+02 3.643802e+02 
4.798384e-01 3.570047e+02 3.563322e+02 
4.848788e-01 3.492501e+02 3.485319e+02 
4.899192e-01 3.417686e+02 3.409695e+02 
4.949596e-01 3.345521e+02 3.336359e+02 
5.000000e-01 3.275688e+02 3.265222e+02 
