1.000000e-03 2.043020e+03 2.043018e+03 
6.040404e-03 9.207720e+03 9.274680e+03 
1.108081e-02 1.280388e+04 1.280922e+04 
1.612121e-02 1.429892e+04 1.419648e+04 
2.116162e-02 1.456277e+04 1.438302e+04 
2.620202e-02 1.414386e+04 1.398481e+04 
3.124242e-02 1.339882e+04 1.333650e+04 
3.628283e-02 1.254742e+04 1.259031e+04 
4.132323e-02 1.170840e+04 1.181825e+04 
4.636364e-02 1.092611e+04 1.105763e+04 
5.140404e-02 1.021330e+04 1.032826e+04 
5.644444e-02 9.550113e+03 9.640108e+03 
6.148485e-02 8.917513e+03 8.997368e+03 
6.652525e-02 8.320478e+03 8.400851e+03 
7.156566e-02 7.749593e+03 7.849410e+03 
7.660606e-02 7.206730e+03 7.340829e+03 
8.164646e-02 6.705925e+03 6.872354e+03 
8.668687e-02 6.259048e+03 6.441025e+03 
9.172727e-02 5.864102e+03 6.043873e+03 
9.676768e-02 5.511316e+03 5.678028e+03 
1.018081e-01 5.193603e+03 5.340782e+03 
1.068485e-01 4.905733e+03 5.029620e+03 
1.118889e-01 4.639941e+03 4.742230e+03 
1.169293e-01 4.387456e+03 4.476498e+03 
1.219697e-01 4.144457e+03 4.230503e+03 
1.270101e-01 3.912219e+03 4.002502e+03 
1.320505e-01 3.694703e+03 3.790919e+03 
1.370909e-01 3.494724e+03 3.594330e+03 
1.421313e-01 3.312566e+03 3.411445e+03 
1.471717e-01 3.146580e+03 3.241103e+03 
1.522121e-01 2.994397e+03 3.082250e+03 
1.572525e-01 2.854245e+03 2.933936e+03 
1.622929e-01 2.724606e+03 2.795302e+03 
1.673333e-01 2.603303e+03 2.665566e+03 
1.723737e-01 2.487826e+03 2.544023e+03 
1.774141e-01 2.377085e+03 2.430032e+03 
1.824545e-01 2.271690e+03 2.323008e+03 
1.874949e-01 2.172435e+03 2.222424e+03 
1.925354e-01 2.079356e+03 2.127795e+03 
1.975758e-01 1.991904e+03 2.038682e+03 
2.026162e-01 1.909980e+03 1.954683e+03 
2.076566e-01 1.833568e+03 1.875431e+03 
2.126970e-01 1.762239e+03 1.800590e+03 
2.177374e-01 1.694960e+03 1.729851e+03 
2.227778e-01 1.630984e+03 1.662933e+03 
2.278182e-01 1.569993e+03 1.599577e+03 
2.328586e-01 1.511932e+03 1.539544e+03 
2.378990e-01 1.456705e+03 1.482614e+03 
2.429394e-01 1.404153e+03 1.428586e+03 
2.479798e-01 1.354155e+03 1.377274e+03 
2.530202e-01 1.306651e+03 1.328505e+03 
2.580606e-01 1.261571e+03 1.282120e+03 
2.631010e-01 1.218803e+03 1.237972e+03 
2.681414e-01 1.178181e+03 1.195925e+03 
2.731818e-01 1.139497e+03 1.155852e+03 
2.782222e-01 1.102542e+03 1.117636e+03 
2.832626e-01 1.067202e+03 1.081169e+03 
2.883030e-01 1.033409e+03 1.046349e+03 
2.933434e-01 1.001089e+03 1.013081e+03 
2.983838e-01 9.701359e+02 9.812789e+02 
3.034242e-01 9.404743e+02 9.508599e+02 
3.084646e-01 9.120783e+02 9.217480e+02 
3.135051e-01 8.849273e+02 8.938720e+02 
3.185455e-01 8.589376e+02 8.671652e+02 
3.235859e-01 8.340081e+02 8.415654e+02 
3.286263e-01 8.100656e+02 8.170144e+02 
3.336667e-01 7.870761e+02 7.934575e+02 
3.387071e-01 7.650218e+02 7.708437e+02 
3.437475e-01 7.438352e+02 7.491250e+02 
3.487879e-01 7.234451e+02 7.282563e+02 
3.538283e-01 7.038075e+02 7.081954e+02 
3.588687e-01 6.849083e+02 6.889024e+02 
3.639091e-01 6.667371e+02 6.703399e+02 
3.689495e-01 6.492514e+02 6.524729e+02 
3.739899e-01 6.323940e+02 6.352680e+02 
3.790303e-01 6.161376e+02 6.186941e+02 
3.840707e-01 6.004677e+02 6.027217e+02 
3.891111e-01 5.853665e+02 5.873230e+02 
3.941515e-01 5.708013e+02 5.724718e+02 
3.991919e-01 5.567256e+02 5.581431e+02 
4.042323e-01 5.431232e+02 5.443137e+02 
4.092727e-01 5.299892e+02 5.309613e+02 
4.143131e-01 5.173110e+02 5.180650e+02 
4.193535e-01 5.050594e+02 5.056049e+02 
4.243939e-01 4.932010e+02 4.935621e+02 
4.294343e-01 4.817229e+02 4.819189e+02 
4.344747e-01 4.706245e+02 4.706583e+02 
4.395152e-01 4.598934e+02 4.597642e+02 
4.445556e-01 4.495083e+02 4.492216e+02 
4.495960e-01 4.394447e+02 4.390158e+02 
4.546364e-01 4.296860e+02 4.291332e+02 
4.596768e-01 4.202306e+02 4.195606e+02 
4.647172e-01 4.110754e+02 4.102857e+02 
4.697576e-01 4.022017e+02 4.012966e+02 
4.747980e-01 3.935876e+02 3.925821e+02 
4.798384e-01 3.852255e+02 3.841315e+02 
4.848788e-01 3.771149e+02 3.759345e+02 
4.899192e-01 3.692492e+02 3.679815e+02 
4.949596e-01 3.616139e+02 3.602631e+02 
5.000000e-01 3.541925e+02 3.527705e+02 
