1.000000e-03 3.644452e+03 3.644448e+03 
6.040404e-03 1.635557e+04 1.647986e+04 
1.108081e-02 2.229501e+04 2.243115e+04 
1.612121e-02 2.407673e+04 2.417440e+04 
2.116162e-02 2.335500e+04 2.326344e+04 
2.620202e-02 2.131377e+04 2.116980e+04 
3.124242e-02 1.881677e+04 1.895906e+04 
3.628283e-02 1.642624e+04 1.700330e+04 
4.132323e-02 1.443533e+04 1.533054e+04 
4.636364e-02 1.291521e+04 1.389207e+04 
5.140404e-02 1.184172e+04 1.264094e+04 
5.644444e-02 1.107383e+04 1.154242e+04 
6.148485e-02 1.047481e+04 1.057122e+04 
6.652525e-02 9.916321e+03 9.708176e+03 
7.156566e-02 9.311381e+03 8.938139e+03 
7.660606e-02 8.624461e+03 8.248757e+03 
8.164646e-02 7.873277e+03 7.629720e+03 
8.668687e-02 7.109415e+03 7.072306e+03 
9.172727e-02 6.390475e+03 6.569067e+03 
9.676768e-02 5.763195e+03 6.113603e+03 
1.018081e-01 5.257631e+03 5.700391e+03 
1.068485e-01 4.880374e+03 5.324647e+03 
1.118889e-01 4.612729e+03 4.982211e+03 
1.169293e-01 4.420542e+03 4.669461e+03 
1.219697e-01 4.265883e+03 4.383230e+03 
1.270101e-01 4.115661e+03 4.120747e+03 
1.320505e-01 3.945875e+03 3.879577e+03 
1.370909e-01 3.745088e+03 3.657577e+03 
1.421313e-01 3.515894e+03 3.452856e+03 
1.471717e-01 3.271572e+03 3.263745e+03 
1.522121e-01 3.029578e+03 3.088761e+03 
1.572525e-01 2.806470e+03 2.926590e+03 
1.622929e-01 2.615143e+03 2.776060e+03 
1.673333e-01 2.462194e+03 2.636128e+03 
1.723737e-01 2.346183e+03 2.505859e+03 
1.774141e-01 2.259023e+03 2.384418e+03 
1.824545e-01 2.189836e+03 2.271056e+03 
1.874949e-01 2.127963e+03 2.165097e+03 
1.925354e-01 2.064235e+03 2.065934e+03 
1.975758e-01 1.992094e+03 1.973020e+03 
2.026162e-01 1.908971e+03 1.885859e+03 
2.076566e-01 1.816892e+03 1.804002e+03 
2.126970e-01 1.720901e+03 1.727043e+03 
2.177374e-01 1.626923e+03 1.654613e+03 
2.227778e-01 1.540138e+03 1.586375e+03 
2.278182e-01 1.464106e+03 1.522022e+03 
2.328586e-01 1.400345e+03 1.461276e+03 
2.378990e-01 1.348284e+03 1.403881e+03 
2.429394e-01 1.305669e+03 1.349603e+03 
2.479798e-01 1.269238e+03 1.298229e+03 
2.530202e-01 1.235456e+03 1.249560e+03 
2.580606e-01 1.201118e+03 1.203418e+03 
2.631010e-01 1.164167e+03 1.159636e+03 
2.681414e-01 1.124085e+03 1.118060e+03 
2.731818e-01 1.081687e+03 1.078551e+03 
2.782222e-01 1.038411e+03 1.040977e+03 
2.832626e-01 9.959493e+02 1.005219e+03 
2.883030e-01 9.559181e+02 9.711641e+02 
2.933434e-01 9.195939e+02 9.387106e+02 
2.983838e-01 8.876060e+02 9.077625e+02 
3.034242e-01 8.597724e+02 8.782310e+02 
3.084646e-01 8.353117e+02 8.500336e+02 
3.135051e-01 8.131856e+02 8.230939e+02 
3.185455e-01 7.923127e+02 7.973405e+02 
3.235859e-01 7.717248e+02 7.727068e+02 
3.286263e-01 7.507275e+02 7.491310e+02 
3.336667e-01 7.290297e+02 7.265552e+02 
3.387071e-01 7.067772e+02 7.049255e+02 
3.437475e-01 6.844299e+02 6.841914e+02 
3.487879e-01 6.625229e+02 6.643056e+02 
3.538283e-01 6.415646e+02 6.452239e+02 
3.588687e-01 6.219551e+02 6.269048e+02 
3.639091e-01 6.039101e+02 6.093097e+02 
3.689495e-01 5.874170e+02 5.924019e+02 
3.739899e-01 5.722609e+02 5.761472e+02 
3.790303e-01 5.581257e+02 5.605136e+02 
3.840707e-01 5.446750e+02 5.454706e+02 
3.891111e-01 5.315984e+02 5.309899e+02 
3.941515e-01 5.186470e+02 5.170446e+02 
3.991919e-01 5.056764e+02 5.036095e+02 
4.042323e-01 4.926931e+02 4.906607e+02 
4.092727e-01 4.798143e+02 4.781757e+02 
4.143131e-01 4.672079e+02 4.661335e+02 
4.193535e-01 4.550247e+02 4.545138e+02 
4.243939e-01 4.433692e+02 4.432979e+02 
4.294343e-01 4.323170e+02 4.324676e+02 
4.344747e-01 4.219069e+02 4.220062e+02 
4.395152e-01 4.120985e+02 4.118976e+02 
4.445556e-01 4.027862e+02 4.021265e+02 
4.495960e-01 3.938391e+02 3.926786e+02 
4.546364e-01 3.851603e+02 3.835402e+02 
4.596768e-01 3.766835e+02 3.746983e+02 
4.647172e-01 3.683535e+02 3.661407e+02 
4.697576e-01 3.601368e+02 3.578556e+02 
4.747980e-01 3.520390e+02 3.498320e+02 
4.798384e-01 3.441104e+02 3.420593e+02 
4.848788e-01 3.364053e+02 3.345274e+02 
4.899192e-01 3.289669e+02 3.272269e+02 
4.949596e-01 3.217996e+02 3.201486e+02 
5.000000e-01 3.149144e+02 3.132839e+02 
