1.000000e-03 3.935831e+03 3.935828e+03 
6.040404e-03 1.775312e+04 1.789176e+04 
1.108081e-02 2.424347e+04 2.441957e+04 
1.612121e-02 2.616721e+04 2.633900e+04 
2.116162e-02 2.530019e+04 2.525440e+04 
2.620202e-02 2.294072e+04 2.276382e+04 
3.124242e-02 2.005537e+04 2.014122e+04 
3.628283e-02 1.728802e+04 1.786529e+04 
4.132323e-02 1.498270e+04 1.596741e+04 
4.636364e-02 1.323191e+04 1.437287e+04 
5.140404e-02 1.201916e+04 1.301145e+04 
5.644444e-02 1.119452e+04 1.183277e+04 
6.148485e-02 1.060104e+04 1.080167e+04 
6.652525e-02 1.008920e+04 9.892801e+03 
7.156566e-02 9.544209e+03 9.087014e+03 
7.660606e-02 8.904515e+03 8.369294e+03 
8.164646e-02 8.167661e+03 7.727506e+03 
8.668687e-02 7.378722e+03 7.151637e+03 
9.172727e-02 6.601679e+03 6.633302e+03 
9.676768e-02 5.897568e+03 6.165403e+03 
1.018081e-01 5.311764e+03 5.741889e+03 
1.068485e-01 4.865078e+03 5.357570e+03 
1.118889e-01 4.550586e+03 5.007969e+03 
1.169293e-01 4.339385e+03 4.689212e+03 
1.219697e-01 4.193325e+03 4.397934e+03 
1.270101e-01 4.073457e+03 4.131200e+03 
1.320505e-01 3.946011e+03 3.886445e+03 
1.370909e-01 3.787567e+03 3.661419e+03 
1.421313e-01 3.589865e+03 3.454144e+03 
1.471717e-01 3.359382e+03 3.262876e+03 
1.522121e-01 3.112156e+03 3.086073e+03 
1.572525e-01 2.867842e+03 2.922368e+03 
1.622929e-01 2.645334e+03 2.770550e+03 
1.673333e-01 2.458813e+03 2.629537e+03 
1.723737e-01 2.314196e+03 2.498366e+03 
1.774141e-01 2.208674e+03 2.376176e+03 
1.824545e-01 2.133427e+03 2.262195e+03 
1.874949e-01 2.077330e+03 2.155730e+03 
1.925354e-01 2.028914e+03 2.056159e+03 
1.975758e-01 1.977440e+03 1.962919e+03 
2.026162e-01 1.915000e+03 1.875504e+03 
2.076566e-01 1.838592e+03 1.793455e+03 
2.126970e-01 1.750281e+03 1.716356e+03 
2.177374e-01 1.655391e+03 1.643832e+03 
2.227778e-01 1.560507e+03 1.575539e+03 
2.278182e-01 1.471788e+03 1.511166e+03 
2.328586e-01 1.393902e+03 1.450428e+03 
2.378990e-01 1.329344e+03 1.393065e+03 
2.429394e-01 1.278169e+03 1.338841e+03 
2.479798e-01 1.238371e+03 1.287538e+03 
2.530202e-01 1.206536e+03 1.238957e+03 
2.580606e-01 1.178532e+03 1.192915e+03 
2.631010e-01 1.150444e+03 1.149243e+03 
2.681414e-01 1.119447e+03 1.107787e+03 
2.731818e-01 1.084316e+03 1.068405e+03 
2.782222e-01 1.045275e+03 1.030964e+03 
2.832626e-01 1.003570e+03 9.953439e+02 
2.883030e-01 9.611381e+02 9.614313e+02 
2.933434e-01 9.201209e+02 9.291226e+02 
2.983838e-01 8.824178e+02 8.983214e+02 
3.034242e-01 8.492210e+02 8.689382e+02 
3.084646e-01 8.208372e+02 8.408902e+02 
3.135051e-01 7.968176e+02 8.141001e+02 
3.185455e-01 7.762027e+02 7.884962e+02 
3.235859e-01 7.577377e+02 7.640116e+02 
3.286263e-01 7.400960e+02 7.405841e+02 
3.336667e-01 7.221518e+02 7.181556e+02 
3.387071e-01 7.032172e+02 6.966718e+02 
3.437475e-01 6.831219e+02 6.760820e+02 
3.487879e-01 6.621001e+02 6.563389e+02 
3.538283e-01 6.407009e+02 6.373981e+02 
3.588687e-01 6.196242e+02 6.192181e+02 
3.639091e-01 5.995293e+02 6.017598e+02 
3.689495e-01 5.809259e+02 5.849868e+02 
3.739899e-01 5.640477e+02 5.688647e+02 
3.790303e-01 5.488883e+02 5.533613e+02 
3.840707e-01 5.352272e+02 5.384464e+02 
3.891111e-01 5.227180e+02 5.240915e+02 
3.941515e-01 5.109236e+02 5.102696e+02 
3.991919e-01 4.994074e+02 4.969556e+02 
4.042323e-01 4.878382e+02 4.841256e+02 
4.092727e-01 4.760574e+02 4.717572e+02 
4.143131e-01 4.640814e+02 4.598291e+02 
4.193535e-01 4.520237e+02 4.483213e+02 
4.243939e-01 4.400639e+02 4.372150e+02 
4.294343e-01 4.284013e+02 4.264922e+02 
4.344747e-01 4.172350e+02 4.161360e+02 
4.395152e-01 4.067314e+02 4.061304e+02 
4.445556e-01 3.969288e+02 3.964601e+02 
4.495960e-01 3.877982e+02 3.871110e+02 
4.546364e-01 3.792223e+02 3.780692e+02 
4.596768e-01 3.710867e+02 3.693220e+02 
4.647172e-01 3.632665e+02 3.608570e+02 
4.697576e-01 3.556230e+02 3.526626e+02 
4.747980e-01 3.480474e+02 3.447277e+02 
4.798384e-01 3.404921e+02 3.370418e+02 
4.848788e-01 3.329746e+02 3.295949e+02 
4.899192e-01 3.255446e+02 3.223776e+02 
4.949596e-01 3.182581e+02 3.153807e+02 
5.000000e-01 3.111691e+02 3.085957e+02 
