1.000000e-03 2.885258e+03 2.885255e+03 
6.040404e-03 1.247470e+04 1.256144e+04 
1.108081e-02 1.678142e+04 1.678037e+04 
1.612121e-02 1.819390e+04 1.805302e+04 
2.116162e-02 1.802073e+04 1.779251e+04 
2.620202e-02 1.705380e+04 1.689134e+04 
3.124242e-02 1.578677e+04 1.579045e+04 
3.628283e-02 1.450325e+04 1.465923e+04 
4.132323e-02 1.333471e+04 1.356368e+04 
4.636364e-02 1.230562e+04 1.253187e+04 
5.140404e-02 1.141896e+04 1.157504e+04 
5.644444e-02 1.059985e+04 1.069580e+04 
6.148485e-02 9.831206e+03 9.892223e+03 
6.652525e-02 9.093351e+03 9.160001e+03 
7.156566e-02 8.387468e+03 8.493773e+03 
7.660606e-02 7.727740e+03 7.887844e+03 
8.164646e-02 7.132738e+03 7.336596e+03 
8.668687e-02 6.609893e+03 6.834707e+03 
9.172727e-02 6.155122e+03 6.377257e+03 
9.676768e-02 5.761589e+03 5.959762e+03 
1.018081e-01 5.418745e+03 5.578177e+03 
1.068485e-01 5.109984e+03 5.228874e+03 
1.118889e-01 4.818889e+03 4.908611e+03 
1.169293e-01 4.537179e+03 4.614498e+03 
1.219697e-01 4.265384e+03 4.343963e+03 
1.270101e-01 4.006920e+03 4.094713e+03 
1.320505e-01 3.766072e+03 3.864710e+03 
1.370909e-01 3.546542e+03 3.652136e+03 
1.421313e-01 3.349616e+03 3.455369e+03 
1.471717e-01 3.173224e+03 3.272963e+03 
1.522121e-01 3.014293e+03 3.103624e+03 
1.572525e-01 2.869758e+03 2.946193e+03 
1.622929e-01 2.736119e+03 2.799633e+03 
1.673333e-01 2.609580e+03 2.663010e+03 
1.723737e-01 2.487794e+03 2.535487e+03 
1.774141e-01 2.370912e+03 2.416307e+03 
1.824545e-01 2.259803e+03 2.304789e+03 
1.874949e-01 2.155111e+03 2.200319e+03 
1.925354e-01 2.057213e+03 2.102338e+03 
1.975758e-01 1.966424e+03 2.010341e+03 
2.026162e-01 1.882704e+03 1.923870e+03 
2.076566e-01 1.805188e+03 1.842509e+03 
2.126970e-01 1.732748e+03 1.765879e+03 
2.177374e-01 1.664426e+03 1.693632e+03 
2.227778e-01 1.599470e+03 1.625455e+03 
2.278182e-01 1.537453e+03 1.561057e+03 
2.328586e-01 1.478270e+03 1.500176e+03 
2.378990e-01 1.421948e+03 1.442569e+03 
2.429394e-01 1.368435e+03 1.388014e+03 
2.479798e-01 1.317601e+03 1.336307e+03 
2.530202e-01 1.269502e+03 1.287259e+03 
2.580606e-01 1.224184e+03 1.240699e+03 
2.631010e-01 1.181441e+03 1.196466e+03 
2.681414e-01 1.140891e+03 1.154414e+03 
2.731818e-01 1.102222e+03 1.114407e+03 
2.782222e-01 1.065328e+03 1.076317e+03 
2.832626e-01 1.030125e+03 1.040030e+03 
2.883030e-01 9.964504e+02 1.005437e+03 
2.933434e-01 9.641764e+02 9.724377e+02 
2.983838e-01 9.332929e+02 9.409390e+02 
3.034242e-01 9.038348e+02 9.108543e+02 
3.084646e-01 8.757175e+02 8.821031e+02 
3.135051e-01 8.488285e+02 8.546105e+02 
3.185455e-01 8.230989e+02 8.283063e+02 
3.235859e-01 7.984904e+02 8.031255e+02 
3.286263e-01 7.749410e+02 7.790069e+02 
3.336667e-01 7.523576e+02 7.558938e+02 
3.387071e-01 7.306506e+02 7.337327e+02 
3.437475e-01 7.097871e+02 7.124738e+02 
3.487879e-01 6.897575e+02 6.920705e+02 
3.538283e-01 6.705157e+02 6.724788e+02 
3.588687e-01 6.520004e+02 6.536577e+02 
3.639091e-01 6.341986e+02 6.355687e+02 
3.689495e-01 6.170924e+02 6.181755e+02 
3.739899e-01 6.006433e+02 6.014439e+02 
3.790303e-01 5.848035e+02 5.853420e+02 
3.840707e-01 5.695278e+02 5.698396e+02 
3.891111e-01 5.548120e+02 5.549081e+02 
3.941515e-01 5.406385e+02 5.405209e+02 
3.991919e-01 5.269666e+02 5.266526e+02 
4.042323e-01 5.137594e+02 5.132794e+02 
4.092727e-01 5.010061e+02 5.003787e+02 
4.143131e-01 4.887091e+02 4.879293e+02 
4.193535e-01 4.768393e+02 4.759110e+02 
4.243939e-01 4.653637e+02 4.643047e+02 
4.294343e-01 4.542661e+02 4.530925e+02 
4.344747e-01 4.435398e+02 4.422572e+02 
4.395152e-01 4.331811e+02 4.317827e+02 
4.445556e-01 4.231569e+02 4.216537e+02 
4.495960e-01 4.134445e+02 4.118556e+02 
4.546364e-01 4.040417e+02 4.023746e+02 
4.596768e-01 3.949440e+02 3.931976e+02 
4.647172e-01 3.861373e+02 3.843121e+02 
4.697576e-01 3.775976e+02 3.757064e+02 
4.747980e-01 3.693159e+02 3.673691e+02 
4.798384e-01 3.612906e+02 3.592896e+02 
4.848788e-01 3.535130e+02 3.514577e+02 
4.899192e-01 3.459713e+02 3.438637e+02 
4.949596e-01 3.386444e+02 3.364984e+02 
5.000000e-01 3.315313e+02 3.293529e+02 
