1.000000e-03 3.773499e+03 3.773496e+03 
6.040404e-03 1.724505e+04 1.737921e+04 
1.108081e-02 2.375207e+04 2.393739e+04 
1.612121e-02 2.578771e+04 2.599084e+04 
2.116162e-02 2.502362e+04 2.500553e+04 
2.620202e-02 2.272333e+04 2.252913e+04 
3.124242e-02 1.985250e+04 1.987975e+04 
3.628283e-02 1.706901e+04 1.758287e+04 
4.132323e-02 1.473431e+04 1.568124e+04 
4.636364e-02 1.295462e+04 1.409580e+04 
5.140404e-02 1.172634e+04 1.275041e+04 
5.644444e-02 1.090235e+04 1.159061e+04 
6.148485e-02 1.032713e+04 1.057891e+04 
6.652525e-02 9.857046e+03 9.688742e+03 
7.156566e-02 9.363261e+03 8.900418e+03 
7.660606e-02 8.773018e+03 8.198709e+03 
8.164646e-02 8.075389e+03 7.571452e+03 
8.668687e-02 7.310986e+03 7.008700e+03 
9.172727e-02 6.542273e+03 6.502173e+03 
9.676768e-02 5.831252e+03 6.044895e+03 
1.018081e-01 5.228296e+03 5.630935e+03 
1.068485e-01 4.761625e+03 5.255218e+03 
1.118889e-01 4.431280e+03 4.913372e+03 
1.169293e-01 4.212950e+03 4.601619e+03 
1.219697e-01 4.069543e+03 4.316676e+03 
1.270101e-01 3.961778e+03 4.055683e+03 
1.320505e-01 3.854505e+03 3.816142e+03 
1.370909e-01 3.720710e+03 3.595860e+03 
1.421313e-01 3.546567e+03 3.392909e+03 
1.471717e-01 3.333242e+03 3.205590e+03 
1.522121e-01 3.094578e+03 3.032401e+03 
1.572525e-01 2.850576e+03 2.872010e+03 
1.622929e-01 2.621913e+03 2.723234e+03 
1.673333e-01 2.425284e+03 2.585021e+03 
1.723737e-01 2.269535e+03 2.456430e+03 
1.774141e-01 2.154866e+03 2.336622e+03 
1.824545e-01 2.074859e+03 2.224842e+03 
1.874949e-01 2.019388e+03 2.120416e+03 
1.925354e-01 1.976516e+03 2.022735e+03 
1.975758e-01 1.934194e+03 1.931251e+03 
2.026162e-01 1.882748e+03 1.845468e+03 
2.076566e-01 1.817048e+03 1.764939e+03 
2.126970e-01 1.737027e+03 1.689258e+03 
2.177374e-01 1.646615e+03 1.618056e+03 
2.227778e-01 1.552095e+03 1.551000e+03 
2.278182e-01 1.460448e+03 1.487784e+03 
2.328586e-01 1.377759e+03 1.428130e+03 
2.378990e-01 1.307964e+03 1.371785e+03 
2.429394e-01 1.252287e+03 1.318515e+03 
2.479798e-01 1.209598e+03 1.268109e+03 
2.530202e-01 1.177164e+03 1.220372e+03 
2.580606e-01 1.151081e+03 1.175124e+03 
2.631010e-01 1.126933e+03 1.132202e+03 
2.681414e-01 1.100880e+03 1.091453e+03 
2.731818e-01 1.070601e+03 1.052738e+03 
2.782222e-01 1.035523e+03 1.015928e+03 
2.832626e-01 9.964121e+02 9.809043e+02 
2.883030e-01 9.549079e+02 9.475565e+02 
2.933434e-01 9.131973e+02 9.157829e+02 
2.983838e-01 8.735922e+02 8.854890e+02 
3.034242e-01 8.380007e+02 8.565872e+02 
3.084646e-01 8.074536e+02 8.289963e+02 
3.135051e-01 7.819416e+02 8.026405e+02 
3.185455e-01 7.607102e+02 7.774495e+02 
3.235859e-01 7.426231e+02 7.533579e+02 
3.286263e-01 7.263152e+02 7.303045e+02 
3.336667e-01 7.103940e+02 7.082323e+02 
3.387071e-01 6.937039e+02 6.870883e+02 
3.437475e-01 6.755904e+02 6.668227e+02 
3.487879e-01 6.559955e+02 6.473889e+02 
3.538283e-01 6.353771e+02 6.287435e+02 
3.588687e-01 6.144099e+02 6.108457e+02 
3.639091e-01 5.938570e+02 5.936573e+02 
3.689495e-01 5.743888e+02 5.771425e+02 
3.739899e-01 5.565465e+02 5.612675e+02 
3.790303e-01 5.406163e+02 5.460007e+02 
3.840707e-01 5.265470e+02 5.313124e+02 
3.891111e-01 5.140254e+02 5.171747e+02 
3.941515e-01 5.026008e+02 5.035612e+02 
3.991919e-01 4.917862e+02 4.904471e+02 
4.042323e-01 4.811396e+02 4.778089e+02 
4.092727e-01 4.703201e+02 4.656247e+02 
4.143131e-01 4.591414e+02 4.538736e+02 
4.193535e-01 4.476097e+02 4.425360e+02 
4.243939e-01 4.358923e+02 4.315932e+02 
4.294343e-01 4.242403e+02 4.210277e+02 
4.344747e-01 4.129022e+02 4.108229e+02 
4.395152e-01 4.020705e+02 4.009630e+02 
4.445556e-01 3.919301e+02 3.914331e+02 
4.495960e-01 3.825529e+02 3.822192e+02 
4.546364e-01 3.739060e+02 3.733078e+02 
4.596768e-01 3.658704e+02 3.646861e+02 
4.647172e-01 3.582761e+02 3.563423e+02 
4.697576e-01 3.509609e+02 3.482648e+02 
4.747980e-01 3.437859e+02 3.404427e+02 
4.798384e-01 3.366407e+02 3.328658e+02 
4.848788e-01 3.294598e+02 3.255241e+02 
4.899192e-01 3.222466e+02 3.184084e+02 
4.949596e-01 3.150585e+02 3.115097e+02 
5.000000e-01 3.079821e+02 3.048196e+02 
