1.000000e-03 5.081743e+03 5.081739e+03 
6.040404e-03 2.275375e+04 2.293771e+04 
1.108081e-02 3.106308e+04 3.136662e+04 
1.612121e-02 3.341155e+04 3.382980e+04 
2.116162e-02 3.201245e+04 3.213214e+04 
2.620202e-02 2.855575e+04 2.826303e+04 
3.124242e-02 2.435651e+04 2.417791e+04 
3.628283e-02 2.032357e+04 2.075273e+04 
4.132323e-02 1.696084e+04 1.805148e+04 
4.636364e-02 1.442299e+04 1.590899e+04 
5.140404e-02 1.269980e+04 1.416830e+04 
5.644444e-02 1.160767e+04 1.271980e+04 
6.148485e-02 1.094027e+04 1.149118e+04 
6.652525e-02 1.049712e+04 1.043397e+04 
7.156566e-02 1.009279e+04 9.514365e+03 
7.660606e-02 9.596279e+03 8.707768e+03 
8.164646e-02 8.945134e+03 7.995589e+03 
8.668687e-02 8.150299e+03 7.363325e+03 
9.172727e-02 7.273428e+03 6.799386e+03 
9.676768e-02 6.398551e+03 6.294332e+03 
1.018081e-01 5.607190e+03 5.840362e+03 
1.068485e-01 4.959154e+03 5.430953e+03 
1.118889e-01 4.479635e+03 5.060604e+03 
1.169293e-01 4.160261e+03 4.724638e+03 
1.219697e-01 3.970840e+03 4.419052e+03 
1.270101e-01 3.870668e+03 4.140408e+03 
1.320505e-01 3.814917e+03 3.885730e+03 
1.370909e-01 3.759446e+03 3.652438e+03 
1.421313e-01 3.668392e+03 3.438282e+03 
1.471717e-01 3.521885e+03 3.241296e+03 
1.522121e-01 3.318255e+03 3.059754e+03 
1.572525e-01 3.071378e+03 2.892139e+03 
1.622929e-01 2.805084e+03 2.737108e+03 
1.673333e-01 2.546870e+03 2.593477e+03 
1.723737e-01 2.320393e+03 2.460191e+03 
1.774141e-01 2.139835e+03 2.336314e+03 
1.824545e-01 2.008945e+03 2.221010e+03 
1.874949e-01 1.923539e+03 2.113534e+03 
1.925354e-01 1.874215e+03 2.013214e+03 
1.975758e-01 1.848043e+03 1.919452e+03 
2.026162e-01 1.830123e+03 1.831706e+03 
2.076566e-01 1.806311e+03 1.749490e+03 
2.126970e-01 1.766319e+03 1.672363e+03 
2.177374e-01 1.705507e+03 1.599928e+03 
2.227778e-01 1.624972e+03 1.531824e+03 
2.278182e-01 1.530423e+03 1.467724e+03 
2.328586e-01 1.430313e+03 1.407331e+03 
2.378990e-01 1.333646e+03 1.350372e+03 
2.429394e-01 1.247826e+03 1.296601e+03 
2.479798e-01 1.177590e+03 1.245792e+03 
2.530202e-01 1.124700e+03 1.197738e+03 
2.580606e-01 1.088058e+03 1.152250e+03 
2.631010e-01 1.064189e+03 1.109154e+03 
2.681414e-01 1.048086e+03 1.068291e+03 
2.731818e-01 1.034403e+03 1.029513e+03 
2.782222e-01 1.018487e+03 9.926865e+02 
2.832626e-01 9.970231e+02 9.576861e+02 
2.883030e-01 9.683415e+02 9.243969e+02 
2.933434e-01 9.325641e+02 8.927126e+02 
2.983838e-01 8.915807e+02 8.625350e+02 
3.034242e-01 8.484151e+02 8.337729e+02 
3.084646e-01 8.063297e+02 8.063419e+02 
3.135051e-01 7.680215e+02 7.801638e+02 
3.185455e-01 7.352764e+02 7.551658e+02 
3.235859e-01 7.088463e+02 7.312801e+02 
3.286263e-01 6.885147e+02 7.084437e+02 
3.336667e-01 6.731908e+02 6.865981e+02 
3.387071e-01 6.611274e+02 6.656884e+02 
3.437475e-01 6.503749e+02 6.456637e+02 
3.487879e-01 6.391729e+02 6.264761e+02 
3.538283e-01 6.262226e+02 6.080812e+02 
3.588687e-01 6.108371e+02 5.904372e+02 
3.639091e-01 5.929864e+02 5.735050e+02 
3.689495e-01 5.732257e+02 5.572480e+02 
3.739899e-01 5.525331e+02 5.416320e+02 
3.790303e-01 5.320432e+02 5.266246e+02 
3.840707e-01 5.127863e+02 5.121957e+02 
3.891111e-01 4.955154e+02 4.983168e+02 
3.941515e-01 4.806197e+02 4.849611e+02 
3.991919e-01 4.681236e+02 4.721035e+02 
4.042323e-01 4.577200e+02 4.597202e+02 
4.092727e-01 4.488155e+02 4.477890e+02 
4.143131e-01 4.406901e+02 4.362888e+02 
4.193535e-01 4.326773e+02 4.251997e+02 
4.243939e-01 4.242666e+02 4.145029e+02 
4.294343e-01 4.151512e+02 4.041807e+02 
4.344747e-01 4.052136e+02 3.942164e+02 
4.395152e-01 3.945718e+02 3.845941e+02 
4.445556e-01 3.835249e+02 3.752988e+02 
4.495960e-01 3.724914e+02 3.663163e+02 
4.546364e-01 3.618721e+02 3.576332e+02 
4.596768e-01 3.519648e+02 3.492368e+02 
4.647172e-01 3.429527e+02 3.411148e+02 
4.697576e-01 3.348941e+02 3.332559e+02 
4.747980e-01 3.277473e+02 3.256492e+02 
4.798384e-01 3.213252e+02 3.182843e+02 
4.848788e-01 3.153798e+02 3.111514e+02 
4.899192e-01 3.096313e+02 3.042411e+02 
4.949596e-01 3.038746e+02 2.975447e+02 
5.000000e-01 2.979651e+02 2.910535e+02 
