1.000000e-03 2.364539e+03 2.364537e+03 
6.040404e-03 1.087142e+04 1.094927e+04 
1.108081e-02 1.510526e+04 1.513352e+04 
1.612121e-02 1.672904e+04 1.665915e+04 
2.116162e-02 1.679555e+04 1.663255e+04 
2.620202e-02 1.601223e+04 1.589150e+04 
3.124242e-02 1.486755e+04 1.492393e+04 
3.628283e-02 1.366988e+04 1.391976e+04 
4.132323e-02 1.258245e+04 1.294341e+04 
4.636364e-02 1.164917e+04 1.201889e+04 
5.140404e-02 1.087807e+04 1.115572e+04 
5.644444e-02 1.019844e+04 1.035673e+04 
6.148485e-02 9.563759e+03 9.621140e+03 
6.652525e-02 8.944819e+03 8.946168e+03 
7.156566e-02 8.319819e+03 8.327975e+03 
7.660606e-02 7.693945e+03 7.762273e+03 
8.164646e-02 7.094481e+03 7.244679e+03 
8.668687e-02 6.549658e+03 6.770930e+03 
9.172727e-02 6.072637e+03 6.336997e+03 
9.676768e-02 5.664654e+03 5.939147e+03 
1.018081e-01 5.322274e+03 5.573960e+03 
1.068485e-01 5.035256e+03 5.238327e+03 
1.118889e-01 4.784934e+03 4.929442e+03 
1.169293e-01 4.550003e+03 4.644777e+03 
1.219697e-01 4.316409e+03 4.382061e+03 
1.270101e-01 4.080750e+03 4.139256e+03 
1.320505e-01 3.846456e+03 3.914535e+03 
1.370909e-01 3.619650e+03 3.706258e+03 
1.421313e-01 3.406694e+03 3.512954e+03 
1.471717e-01 3.212663e+03 3.333304e+03 
1.522121e-01 3.040228e+03 3.166120e+03 
1.572525e-01 2.889501e+03 3.010334e+03 
1.622929e-01 2.758325e+03 2.864986e+03 
1.673333e-01 2.641791e+03 2.729207e+03 
1.723737e-01 2.533925e+03 2.602216e+03 
1.774141e-01 2.429989e+03 2.483304e+03 
1.824545e-01 2.327693e+03 2.371831e+03 
1.874949e-01 2.226756e+03 2.267215e+03 
1.925354e-01 2.127549e+03 2.168929e+03 
1.975758e-01 2.031275e+03 2.076494e+03 
2.026162e-01 1.940015e+03 1.989473e+03 
2.076566e-01 1.855684e+03 1.907468e+03 
2.126970e-01 1.778919e+03 1.830116e+03 
2.177374e-01 1.709011e+03 1.757085e+03 
2.227778e-01 1.644805e+03 1.688072e+03 
2.278182e-01 1.585303e+03 1.622798e+03 
2.328586e-01 1.529348e+03 1.561008e+03 
2.378990e-01 1.475648e+03 1.502467e+03 
2.429394e-01 1.423387e+03 1.446960e+03 
2.479798e-01 1.372438e+03 1.394288e+03 
2.530202e-01 1.323026e+03 1.344269e+03 
2.580606e-01 1.275452e+03 1.296733e+03 
2.631010e-01 1.229973e+03 1.251524e+03 
2.681414e-01 1.186956e+03 1.208499e+03 
2.731818e-01 1.146646e+03 1.167523e+03 
2.782222e-01 1.108952e+03 1.128473e+03 
2.832626e-01 1.073510e+03 1.091235e+03 
2.883030e-01 1.039897e+03 1.055702e+03 
2.933434e-01 1.007783e+03 1.021774e+03 
2.983838e-01 9.769789e+02 9.893599e+02 
3.034242e-01 9.472872e+02 9.583739e+02 
3.084646e-01 9.185611e+02 9.287359e+02 
3.135051e-01 8.907633e+02 9.003716e+02 
3.185455e-01 8.639514e+02 8.732113e+02 
3.235859e-01 8.382325e+02 8.471900e+02 
3.286263e-01 8.136648e+02 8.222471e+02 
3.336667e-01 7.902117e+02 7.983257e+02 
3.387071e-01 7.678211e+02 7.753725e+02 
3.437475e-01 7.464302e+02 7.533377e+02 
3.487879e-01 7.259635e+02 7.321745e+02 
3.538283e-01 7.063326e+02 7.118391e+02 
3.588687e-01 6.874175e+02 6.922900e+02 
3.639091e-01 6.691204e+02 6.734888e+02 
3.689495e-01 6.514282e+02 6.553988e+02 
3.739899e-01 6.343467e+02 6.379857e+02 
3.790303e-01 6.178745e+02 6.212174e+02 
3.840707e-01 6.019928e+02 6.050633e+02 
3.891111e-01 5.866681e+02 5.894947e+02 
3.941515e-01 5.718963e+02 5.744847e+02 
3.991919e-01 5.576878e+02 5.600075e+02 
4.042323e-01 5.440131e+02 5.460391e+02 
4.092727e-01 5.308272e+02 5.325567e+02 
4.143131e-01 5.180804e+02 5.195386e+02 
4.193535e-01 5.057438e+02 5.069644e+02 
4.243939e-01 4.938212e+02 4.948149e+02 
4.294343e-01 4.822883e+02 4.830717e+02 
4.344747e-01 4.711188e+02 4.717173e+02 
4.395152e-01 4.602910e+02 4.607355e+02 
4.445556e-01 4.498014e+02 4.501106e+02 
4.495960e-01 4.396553e+02 4.398276e+02 
4.546364e-01 4.298440e+02 4.298727e+02 
4.596768e-01 4.203422e+02 4.202323e+02 
4.647172e-01 4.111286e+02 4.108938e+02 
4.697576e-01 4.021997e+02 4.018452e+02 
4.747980e-01 3.935518e+02 3.930748e+02 
4.798384e-01 3.851676e+02 3.845717e+02 
4.848788e-01 3.770268e+02 3.763256e+02 
4.899192e-01 3.691178e+02 3.683265e+02 
4.949596e-01 3.614356e+02 3.605649e+02 
5.000000e-01 3.539819e+02 3.530318e+02 
