1.000000e-03 2.382083e+03 2.382081e+03 
6.040404e-03 1.086109e+04 1.093844e+04 
1.108081e-02 1.504830e+04 1.507744e+04 
1.612121e-02 1.663170e+04 1.656469e+04 
2.116162e-02 1.666597e+04 1.650656e+04 
2.620202e-02 1.585946e+04 1.574296e+04 
3.124242e-02 1.469956e+04 1.476231e+04 
3.628283e-02 1.349474e+04 1.375236e+04 
4.132323e-02 1.240680e+04 1.277510e+04 
4.636364e-02 1.147679e+04 1.185273e+04 
5.140404e-02 1.071386e+04 1.099358e+04 
5.644444e-02 1.004234e+04 1.019974e+04 
6.148485e-02 9.415832e+03 9.469929e+03 
6.652525e-02 8.805028e+03 8.801034e+03 
7.156566e-02 8.186484e+03 8.189009e+03 
7.660606e-02 7.566135e+03 7.629427e+03 
8.164646e-02 6.971258e+03 7.117814e+03 
8.668687e-02 6.430650e+03 6.649851e+03 
9.172727e-02 5.957863e+03 6.221476e+03 
9.676768e-02 5.554492e+03 5.828936e+03 
1.018081e-01 5.217163e+03 5.468803e+03 
1.068485e-01 4.935396e+03 5.137970e+03 
1.118889e-01 4.690223e+03 4.833632e+03 
1.169293e-01 4.460341e+03 4.553271e+03 
1.219697e-01 4.231459e+03 4.294625e+03 
1.270101e-01 4.000000e+03 4.055666e+03 
1.320505e-01 3.769228e+03 3.834578e+03 
1.370909e-01 3.545428e+03 3.629734e+03 
1.421313e-01 3.335201e+03 3.439674e+03 
1.471717e-01 3.143662e+03 3.263088e+03 
1.522121e-01 2.973583e+03 3.098801e+03 
1.572525e-01 2.825325e+03 2.945755e+03 
1.622929e-01 2.696770e+03 2.802998e+03 
1.673333e-01 2.582948e+03 2.669673e+03 
1.723737e-01 2.477699e+03 2.545005e+03 
1.774141e-01 2.376166e+03 2.428294e+03 
1.824545e-01 2.276148e+03 2.318907e+03 
1.874949e-01 2.177258e+03 2.216271e+03 
1.925354e-01 2.079828e+03 2.119864e+03 
1.975758e-01 1.985115e+03 2.029213e+03 
2.026162e-01 1.895254e+03 1.943888e+03 
2.076566e-01 1.812309e+03 1.863495e+03 
2.126970e-01 1.736888e+03 1.787677e+03 
2.177374e-01 1.668309e+03 1.716107e+03 
2.227778e-01 1.605504e+03 1.648485e+03 
2.278182e-01 1.547407e+03 1.584537e+03 
2.328586e-01 1.492798e+03 1.524012e+03 
2.378990e-01 1.440411e+03 1.466678e+03 
2.429394e-01 1.389360e+03 1.412324e+03 
2.479798e-01 1.339514e+03 1.360753e+03 
2.530202e-01 1.291112e+03 1.311785e+03 
2.580606e-01 1.244445e+03 1.265256e+03 
2.631010e-01 1.199830e+03 1.221010e+03 
2.681414e-01 1.157632e+03 1.178906e+03 
2.731818e-01 1.118129e+03 1.138814e+03 
2.782222e-01 1.081244e+03 1.100610e+03 
2.832626e-01 1.046601e+03 1.064184e+03 
2.883030e-01 1.013774e+03 1.029428e+03 
2.933434e-01 9.824443e+02 9.962477e+02 
2.983838e-01 9.523848e+02 9.645510e+02 
3.034242e-01 9.233956e+02 9.342540e+02 
3.084646e-01 8.953334e+02 9.052783e+02 
3.135051e-01 8.681421e+02 8.775506e+02 
3.185455e-01 8.419096e+02 8.510028e+02 
3.235859e-01 8.167442e+02 8.255709e+02 
3.286263e-01 7.927045e+02 8.011954e+02 
3.336667e-01 7.697759e+02 7.778204e+02 
3.387071e-01 7.478935e+02 7.553938e+02 
3.437475e-01 7.270013e+02 7.338665e+02 
3.487879e-01 7.070273e+02 7.131926e+02 
3.538283e-01 6.878708e+02 6.933292e+02 
3.588687e-01 6.694085e+02 6.742357e+02 
3.639091e-01 6.515572e+02 6.558741e+02 
3.689495e-01 6.342916e+02 6.382087e+02 
3.739899e-01 6.176129e+02 6.212059e+02 
3.790303e-01 6.015227e+02 6.048339e+02 
3.840707e-01 5.860088e+02 5.890630e+02 
3.891111e-01 5.710437e+02 5.738650e+02 
3.941515e-01 5.566223e+02 5.592133e+02 
3.991919e-01 5.427499e+02 5.450830e+02 
4.042323e-01 5.294075e+02 5.314503e+02 
4.092727e-01 5.165464e+02 5.182929e+02 
4.143131e-01 5.041160e+02 5.055896e+02 
4.193535e-01 4.920883e+02 4.933204e+02 
4.243939e-01 4.804520e+02 4.814664e+02 
4.294343e-01 4.692026e+02 4.700097e+02 
4.344747e-01 4.583098e+02 4.589332e+02 
4.395152e-01 4.477477e+02 4.482208e+02 
4.445556e-01 4.375160e+02 4.378572e+02 
4.495960e-01 4.276172e+02 4.278280e+02 
4.546364e-01 4.180484e+02 4.181193e+02 
4.596768e-01 4.087851e+02 4.087180e+02 
4.647172e-01 3.998021e+02 3.996118e+02 
4.697576e-01 3.910931e+02 3.907887e+02 
4.747980e-01 3.826618e+02 3.822375e+02 
4.798384e-01 3.744937e+02 3.739475e+02 
4.848788e-01 3.665597e+02 3.659085e+02 
4.899192e-01 3.588516e+02 3.581108e+02 
4.949596e-01 3.513625e+02 3.505451e+02 
5.000000e-01 3.440982e+02 3.432025e+02 
