1.000000e-03 3.607867e+03 3.607864e+03 
6.040404e-03 1.589084e+04 1.601079e+04 
1.108081e-02 2.161496e+04 2.174127e+04 
1.612121e-02 2.336823e+04 2.345170e+04 
2.116162e-02 2.273442e+04 2.264068e+04 
2.620202e-02 2.083576e+04 2.069574e+04 
3.124242e-02 1.848700e+04 1.861550e+04 
3.628283e-02 1.622015e+04 1.675496e+04 
4.132323e-02 1.431532e+04 1.514869e+04 
4.636364e-02 1.284455e+04 1.375714e+04 
5.140404e-02 1.178841e+04 1.253996e+04 
5.644444e-02 1.101920e+04 1.146659e+04 
6.148485e-02 1.040663e+04 1.051441e+04 
6.652525e-02 9.839439e+03 9.665949e+03 
7.156566e-02 9.231706e+03 8.907233e+03 
7.660606e-02 8.550335e+03 8.226704e+03 
8.164646e-02 7.813480e+03 7.614629e+03 
8.668687e-02 7.070674e+03 7.062707e+03 
9.172727e-02 6.374359e+03 6.563809e+03 
9.676768e-02 5.765850e+03 6.111775e+03 
1.018081e-01 5.271642e+03 5.701269e+03 
1.068485e-01 4.898559e+03 5.327651e+03 
1.118889e-01 4.629813e+03 4.986875e+03 
1.169293e-01 4.432457e+03 4.675411e+03 
1.219697e-01 4.269935e+03 4.390163e+03 
1.270101e-01 4.111473e+03 4.128418e+03 
1.320505e-01 3.935826e+03 3.887787e+03 
1.370909e-01 3.733065e+03 3.666165e+03 
1.421313e-01 3.505632e+03 3.461693e+03 
1.471717e-01 3.265525e+03 3.272725e+03 
1.522121e-01 3.028992e+03 3.097800e+03 
1.572525e-01 2.811625e+03 2.935618e+03 
1.622929e-01 2.624990e+03 2.785024e+03 
1.673333e-01 2.474614e+03 2.644984e+03 
1.723737e-01 2.358739e+03 2.514573e+03 
1.774141e-01 2.269914e+03 2.392964e+03 
1.824545e-01 2.197979e+03 2.279412e+03 
1.874949e-01 2.132961e+03 2.173249e+03 
1.925354e-01 2.066219e+03 2.073871e+03 
1.975758e-01 1.991783e+03 1.980734e+03 
2.026162e-01 1.907673e+03 1.893345e+03 
2.076566e-01 1.816023e+03 1.811259e+03 
2.126970e-01 1.721446e+03 1.734070e+03 
2.177374e-01 1.629301e+03 1.661409e+03 
2.227778e-01 1.544252e+03 1.592944e+03 
2.278182e-01 1.469578e+03 1.528367e+03 
2.328586e-01 1.406659e+03 1.467401e+03 
2.378990e-01 1.354732e+03 1.409790e+03 
2.429394e-01 1.311473e+03 1.355301e+03 
2.479798e-01 1.273838e+03 1.303721e+03 
2.530202e-01 1.238716e+03 1.254853e+03 
2.580606e-01 1.203274e+03 1.208516e+03 
2.631010e-01 1.165560e+03 1.164546e+03 
2.681414e-01 1.125030e+03 1.122788e+03 
2.731818e-01 1.082519e+03 1.083102e+03 
2.782222e-01 1.039572e+03 1.045357e+03 
2.832626e-01 9.977530e+02 1.009434e+03 
2.883030e-01 9.583863e+02 9.752199e+02 
2.933434e-01 9.225170e+02 9.426127e+02 
2.983838e-01 8.907273e+02 9.115163e+02 
3.034242e-01 8.629058e+02 8.818418e+02 
3.084646e-01 8.382860e+02 8.535067e+02 
3.135051e-01 8.157842e+02 8.264343e+02 
3.185455e-01 7.943787e+02 8.005530e+02 
3.235859e-01 7.732833e+02 7.757962e+02 
3.286263e-01 7.519429e+02 7.521018e+02 
3.336667e-01 7.300751e+02 7.294119e+02 
3.387071e-01 7.077634e+02 7.076723e+02 
3.437475e-01 6.854322e+02 6.868324e+02 
3.487879e-01 6.636498e+02 6.668448e+02 
3.538283e-01 6.429064e+02 6.476652e+02 
3.588687e-01 6.234907e+02 6.292519e+02 
3.639091e-01 6.055304e+02 6.115660e+02 
3.689495e-01 5.890061e+02 5.945709e+02 
3.739899e-01 5.737673e+02 5.782322e+02 
3.790303e-01 5.595193e+02 5.625177e+02 
3.840707e-01 5.459075e+02 5.473968e+02 
3.891111e-01 5.326264e+02 5.328412e+02 
3.941515e-01 5.194843e+02 5.188238e+02 
3.991919e-01 5.064060e+02 5.053192e+02 
4.042323e-01 4.933918e+02 4.923036e+02 
4.092727e-01 4.805122e+02 4.797543e+02 
4.143131e-01 4.679077e+02 4.676501e+02 
4.193535e-01 4.557492e+02 4.559707e+02 
4.243939e-01 4.441484e+02 4.446973e+02 
4.294343e-01 4.331457e+02 4.338117e+02 
4.344747e-01 4.227394e+02 4.232970e+02 
4.395152e-01 4.128794e+02 4.131370e+02 
4.445556e-01 4.035007e+02 4.033164e+02 
4.495960e-01 3.944998e+02 3.938209e+02 
4.546364e-01 3.857622e+02 3.846365e+02 
4.596768e-01 3.772096e+02 3.757504e+02 
4.647172e-01 3.688042e+02 3.671501e+02 
4.697576e-01 3.605439e+02 3.588238e+02 
4.747980e-01 3.524419e+02 3.507606e+02 
4.798384e-01 3.445157e+02 3.429496e+02 
4.848788e-01 3.368031e+02 3.353809e+02 
4.899192e-01 3.293518e+02 3.280448e+02 
4.949596e-01 3.221896e+02 3.209323e+02 
5.000000e-01 3.153115e+02 3.140345e+02 
