1.000000e-03 3.499439e+03 3.499436e+03 
6.040404e-03 1.580814e+04 1.592681e+04 
1.108081e-02 2.161148e+04 2.173508e+04 
1.612121e-02 2.340180e+04 2.347717e+04 
2.116162e-02 2.277191e+04 2.266804e+04 
2.620202e-02 2.086387e+04 2.072897e+04 
3.124242e-02 1.850843e+04 1.866238e+04 
3.628283e-02 1.624563e+04 1.681430e+04 
4.132323e-02 1.435577e+04 1.521596e+04 
4.636364e-02 1.290615e+04 1.382836e+04 
5.140404e-02 1.187270e+04 1.261243e+04 
5.644444e-02 1.111819e+04 1.153867e+04 
6.148485e-02 1.051306e+04 1.058511e+04 
6.652525e-02 9.938176e+03 9.734722e+03 
7.156566e-02 9.313799e+03 8.973792e+03 
7.660606e-02 8.612384e+03 8.290919e+03 
8.164646e-02 7.857697e+03 7.676466e+03 
8.668687e-02 7.102598e+03 7.122194e+03 
9.172727e-02 6.401378e+03 6.621004e+03 
9.676768e-02 5.796157e+03 6.166760e+03 
1.018081e-01 5.312106e+03 5.754134e+03 
1.068485e-01 4.951776e+03 5.378491e+03 
1.118889e-01 4.693606e+03 5.035787e+03 
1.169293e-01 4.501886e+03 4.722488e+03 
1.219697e-01 4.339259e+03 4.435497e+03 
1.270101e-01 4.175399e+03 4.172096e+03 
1.320505e-01 3.989959e+03 3.929893e+03 
1.370909e-01 3.775304e+03 3.706779e+03 
1.421313e-01 3.536989e+03 3.500889e+03 
1.471717e-01 3.289573e+03 3.310573e+03 
1.522121e-01 3.050109e+03 3.134366e+03 
1.572525e-01 2.833799e+03 2.970965e+03 
1.622929e-01 2.651413e+03 2.819210e+03 
1.673333e-01 2.506910e+03 2.678064e+03 
1.723737e-01 2.396751e+03 2.546600e+03 
1.774141e-01 2.311666e+03 2.423985e+03 
1.824545e-01 2.240799e+03 2.309475e+03 
1.874949e-01 2.173982e+03 2.202396e+03 
1.925354e-01 2.103122e+03 2.102142e+03 
1.975758e-01 2.023228e+03 2.008168e+03 
2.026162e-01 1.933538e+03 1.919979e+03 
2.076566e-01 1.837314e+03 1.837125e+03 
2.126970e-01 1.739999e+03 1.759201e+03 
2.177374e-01 1.647108e+03 1.685837e+03 
2.227778e-01 1.563079e+03 1.616696e+03 
2.278182e-01 1.490567e+03 1.551471e+03 
2.328586e-01 1.430081e+03 1.489883e+03 
2.378990e-01 1.380161e+03 1.431674e+03 
2.429394e-01 1.338079e+03 1.376611e+03 
2.479798e-01 1.300571e+03 1.324478e+03 
2.530202e-01 1.264341e+03 1.275078e+03 
2.580606e-01 1.226724e+03 1.228230e+03 
2.631010e-01 1.186327e+03 1.183767e+03 
2.681414e-01 1.143351e+03 1.141534e+03 
2.731818e-01 1.099037e+03 1.101390e+03 
2.782222e-01 1.055002e+03 1.063204e+03 
2.832626e-01 1.012755e+03 1.026854e+03 
2.883030e-01 9.736339e+02 9.922296e+02 
2.933434e-01 9.385503e+02 9.592254e+02 
2.983838e-01 9.077181e+02 9.277455e+02 
3.034242e-01 8.806024e+02 8.977004e+02 
3.084646e-01 8.562214e+02 8.690071e+02 
3.135051e-01 8.335086e+02 8.415881e+02 
3.185455e-01 8.115140e+02 8.153716e+02 
3.235859e-01 7.895047e+02 7.902904e+02 
3.286263e-01 7.670304e+02 7.662819e+02 
3.336667e-01 7.440248e+02 7.432879e+02 
3.387071e-01 7.208247e+02 7.212536e+02 
3.437475e-01 6.979561e+02 7.001281e+02 
3.487879e-01 6.759591e+02 6.798636e+02 
3.538283e-01 6.552058e+02 6.604155e+02 
3.588687e-01 6.359274e+02 6.417418e+02 
3.639091e-01 6.181796e+02 6.238032e+02 
3.689495e-01 6.018451e+02 6.065628e+02 
3.739899e-01 5.866370e+02 5.899860e+02 
3.790303e-01 5.722122e+02 5.740402e+02 
3.840707e-01 5.582546e+02 5.586947e+02 
3.891111e-01 5.445359e+02 5.439208e+02 
3.941515e-01 5.309128e+02 5.296912e+02 
3.991919e-01 5.173328e+02 5.159804e+02 
4.042323e-01 5.038583e+02 5.027642e+02 
4.092727e-01 4.906422e+02 4.900198e+02 
4.143131e-01 4.778623e+02 4.777257e+02 
4.193535e-01 4.656217e+02 4.658616e+02 
4.243939e-01 4.539755e+02 4.544084e+02 
4.294343e-01 4.429384e+02 4.433477e+02 
4.344747e-01 4.325060e+02 4.326625e+02 
4.395152e-01 4.226071e+02 4.223364e+02 
4.445556e-01 4.131178e+02 4.123540e+02 
4.495960e-01 4.039130e+02 4.027008e+02 
4.546364e-01 3.949280e+02 3.933627e+02 
4.596768e-01 3.861299e+02 3.843267e+02 
4.647172e-01 3.774917e+02 3.755803e+02 
4.697576e-01 3.689988e+02 3.671115e+02 
4.747980e-01 3.606808e+02 3.589092e+02 
4.798384e-01 3.525921e+02 3.509626e+02 
4.848788e-01 3.447762e+02 3.432615e+02 
4.899192e-01 3.372560e+02 3.357963e+02 
4.949596e-01 3.300187e+02 3.285575e+02 
5.000000e-01 3.230546e+02 3.215366e+02 
