1.000000e-03 2.100570e+03 2.100568e+03 
6.040404e-03 9.470969e+03 9.542024e+03 
1.108081e-02 1.312080e+04 1.312135e+04 
1.612121e-02 1.462678e+04 1.450720e+04 
2.116162e-02 1.490388e+04 1.470240e+04 
2.620202e-02 1.450665e+04 1.431535e+04 
3.124242e-02 1.378245e+04 1.366611e+04 
3.628283e-02 1.293909e+04 1.290748e+04 
4.132323e-02 1.208447e+04 1.211659e+04 
4.636364e-02 1.126830e+04 1.133468e+04 
5.140404e-02 1.052020e+04 1.058380e+04 
5.644444e-02 9.805824e+03 9.875044e+03 
6.148485e-02 9.132834e+03 9.213125e+03 
6.652525e-02 8.506336e+03 8.599021e+03 
7.156566e-02 7.917534e+03 8.031591e+03 
7.660606e-02 7.369641e+03 7.508537e+03 
8.164646e-02 6.872778e+03 7.026990e+03 
8.668687e-02 6.429508e+03 6.583862e+03 
9.172727e-02 6.031105e+03 6.176056e+03 
9.676768e-02 5.667728e+03 5.800582e+03 
1.018081e-01 5.335170e+03 5.454622e+03 
1.068485e-01 5.030501e+03 5.135563e+03 
1.118889e-01 4.747426e+03 4.841002e+03 
1.169293e-01 4.479841e+03 4.568747e+03 
1.219697e-01 4.226860e+03 4.316808e+03 
1.270101e-01 3.990970e+03 4.083380e+03 
1.320505e-01 3.773971e+03 3.866834e+03 
1.370909e-01 3.575536e+03 3.665694e+03 
1.421313e-01 3.393650e+03 3.478633e+03 
1.471717e-01 3.225771e+03 3.304448e+03 
1.522121e-01 3.069625e+03 3.142056e+03 
1.572525e-01 2.924289e+03 2.990476e+03 
1.622929e-01 2.788579e+03 2.848821e+03 
1.673333e-01 2.660797e+03 2.716289e+03 
1.723737e-01 2.539750e+03 2.592152e+03 
1.774141e-01 2.425424e+03 2.475752e+03 
1.824545e-01 2.318435e+03 2.366488e+03 
1.874949e-01 2.218338e+03 2.263816e+03 
1.925354e-01 2.124391e+03 2.167241e+03 
1.975758e-01 2.035989e+03 2.076309e+03 
2.026162e-01 1.953076e+03 1.990610e+03 
2.076566e-01 1.875248e+03 1.909765e+03 
2.126970e-01 1.801782e+03 1.833431e+03 
2.177374e-01 1.731976e+03 1.761291e+03 
2.227778e-01 1.665662e+03 1.693056e+03 
2.278182e-01 1.602881e+03 1.628461e+03 
2.328586e-01 1.543430e+03 1.567261e+03 
2.378990e-01 1.487019e+03 1.509232e+03 
2.429394e-01 1.433426e+03 1.454166e+03 
2.479798e-01 1.382592e+03 1.401873e+03 
2.530202e-01 1.334350e+03 1.352177e+03 
2.580606e-01 1.288483e+03 1.304915e+03 
2.631010e-01 1.244802e+03 1.259936e+03 
2.681414e-01 1.203156e+03 1.217101e+03 
2.731818e-01 1.163435e+03 1.176281e+03 
2.782222e-01 1.125554e+03 1.137356e+03 
2.832626e-01 1.089381e+03 1.100214e+03 
2.883030e-01 1.054797e+03 1.064753e+03 
2.933434e-01 1.021731e+03 1.030875e+03 
2.983838e-01 9.901247e+02 9.984910e+02 
3.034242e-01 9.599044e+02 9.675178e+02 
3.084646e-01 9.309803e+02 9.378773e+02 
3.135051e-01 9.032585e+02 9.094967e+02 
3.185455e-01 8.766670e+02 8.823079e+02 
3.235859e-01 8.511615e+02 8.562476e+02 
3.286263e-01 8.267124e+02 8.312561e+02 
3.336667e-01 8.032513e+02 8.072778e+02 
3.387071e-01 7.806895e+02 7.842604e+02 
3.437475e-01 7.589990e+02 7.621551e+02 
3.487879e-01 7.381583e+02 7.409159e+02 
3.538283e-01 7.181329e+02 7.204995e+02 
3.588687e-01 6.988668e+02 7.008655e+02 
3.639091e-01 6.803077e+02 6.819757e+02 
3.689495e-01 6.624209e+02 6.637941e+02 
3.739899e-01 6.452021e+02 6.462870e+02 
3.790303e-01 6.286223e+02 6.294225e+02 
3.840707e-01 6.126340e+02 6.131705e+02 
3.891111e-01 5.971947e+02 5.975027e+02 
3.941515e-01 5.822937e+02 5.823924e+02 
3.991919e-01 5.679265e+02 5.678142e+02 
4.042323e-01 5.540637e+02 5.537442e+02 
4.092727e-01 5.406689e+02 5.401600e+02 
4.143131e-01 5.277147e+02 5.270400e+02 
4.193535e-01 5.151925e+02 5.143640e+02 
4.243939e-01 5.030937e+02 5.021129e+02 
4.294343e-01 4.914004e+02 4.902685e+02 
4.344747e-01 4.800828e+02 4.788136e+02 
4.395152e-01 4.691194e+02 4.677318e+02 
4.445556e-01 4.585038e+02 4.570075e+02 
4.495960e-01 4.482393e+02 4.466262e+02 
4.546364e-01 4.382982e+02 4.365737e+02 
4.596768e-01 4.286557e+02 4.268367e+02 
4.647172e-01 4.193035e+02 4.174027e+02 
4.697576e-01 4.102397e+02 4.082595e+02 
4.747980e-01 4.014568e+02 3.993957e+02 
4.798384e-01 3.929391e+02 3.908004e+02 
4.848788e-01 3.846675e+02 3.824631e+02 
4.899192e-01 3.766334e+02 3.743741e+02 
4.949596e-01 3.688366e+02 3.665238e+02 
5.000000e-01 3.612705e+02 3.589033e+02 
