1.000000e-03 6.338095e+03 6.338089e+03 
6.040404e-03 2.840106e+04 2.863620e+04 
1.108081e-02 3.840346e+04 3.882822e+04 
1.612121e-02 4.078378e+04 4.140385e+04 
2.116162e-02 3.844068e+04 3.865744e+04 
2.620202e-02 3.359436e+04 3.321095e+04 
3.124242e-02 2.796092e+04 2.768554e+04 
3.628283e-02 2.270352e+04 2.321248e+04 
4.132323e-02 1.843400e+04 1.980687e+04 
4.636364e-02 1.530482e+04 1.719241e+04 
5.140404e-02 1.325848e+04 1.512705e+04 
5.644444e-02 1.203559e+04 1.344782e+04 
6.148485e-02 1.136224e+04 1.205024e+04 
6.652525e-02 1.097122e+04 1.086618e+04 
7.156566e-02 1.063676e+04 9.849425e+03 
7.660606e-02 1.018713e+04 8.967254e+03 
8.164646e-02 9.528652e+03 8.195554e+03 
8.668687e-02 8.663028e+03 7.515956e+03 
9.172727e-02 7.667448e+03 6.914085e+03 
9.676768e-02 6.655144e+03 6.378452e+03 
1.018081e-01 5.735371e+03 5.899715e+03 
1.068485e-01 4.984944e+03 5.470179e+03 
1.118889e-01 4.435437e+03 5.083433e+03 
1.169293e-01 4.080268e+03 4.734091e+03 
1.219697e-01 3.887379e+03 4.417591e+03 
1.270101e-01 3.809887e+03 4.130045e+03 
1.320505e-01 3.792735e+03 3.868120e+03 
1.370909e-01 3.780507e+03 3.628946e+03 
1.421313e-01 3.727745e+03 3.410038e+03 
1.471717e-01 3.606457e+03 3.209238e+03 
1.522121e-01 3.409060e+03 3.024661e+03 
1.572525e-01 3.148171e+03 2.854659e+03 
1.622929e-01 2.852949e+03 2.697784e+03 
1.673333e-01 2.560039e+03 2.552760e+03 
1.723737e-01 2.300920e+03 2.418460e+03 
1.774141e-01 2.094021e+03 2.293884e+03 
1.824545e-01 1.945305e+03 2.178145e+03 
1.874949e-01 1.852083e+03 2.070453e+03 
1.925354e-01 1.805486e+03 1.970101e+03 
1.975758e-01 1.790811e+03 1.876459e+03 
2.026162e-01 1.789642e+03 1.788959e+03 
2.076566e-01 1.783878e+03 1.707092e+03 
2.126970e-01 1.759852e+03 1.630401e+03 
2.177374e-01 1.710232e+03 1.558471e+03 
2.227778e-01 1.634132e+03 1.490928e+03 
2.278182e-01 1.536764e+03 1.427434e+03 
2.328586e-01 1.428086e+03 1.367681e+03 
2.378990e-01 1.319831e+03 1.311390e+03 
2.429394e-01 1.222320e+03 1.258307e+03 
2.479798e-01 1.142280e+03 1.208200e+03 
2.530202e-01 1.082689e+03 1.160857e+03 
2.580606e-01 1.043118e+03 1.116086e+03 
2.631010e-01 1.020230e+03 1.073708e+03 
2.681414e-01 1.008586e+03 1.033561e+03 
2.731818e-01 1.001762e+03 9.954970e+02 
2.782222e-01 9.936116e+02 9.593777e+02 
2.832626e-01 9.793153e+02 9.250769e+02 
2.883030e-01 9.560141e+02 8.924785e+02 
2.933434e-01 9.230713e+02 8.614749e+02 
2.983838e-01 8.821176e+02 8.319669e+02 
3.034242e-01 8.365659e+02 8.038628e+02 
3.084646e-01 7.905347e+02 7.770776e+02 
3.135051e-01 7.478030e+02 7.515324e+02 
3.185455e-01 7.110553e+02 7.271542e+02 
3.235859e-01 6.816786e+02 7.038752e+02 
3.286263e-01 6.598505e+02 6.816322e+02 
3.336667e-01 6.446345e+02 6.603664e+02 
3.387071e-01 6.342229e+02 6.400232e+02 
3.437475e-01 6.262627e+02 6.205516e+02 
3.487879e-01 6.183729e+02 6.019039e+02 
3.538283e-01 6.086672e+02 5.840358e+02 
3.588687e-01 5.959771e+02 5.669056e+02 
3.639091e-01 5.799121e+02 5.504745e+02 
3.689495e-01 5.608189e+02 5.347061e+02 
3.739899e-01 5.397131e+02 5.195663e+02 
3.790303e-01 5.179939e+02 5.050231e+02 
3.840707e-01 4.971219e+02 4.910465e+02 
3.891111e-01 4.782546e+02 4.776084e+02 
3.941515e-01 4.620772e+02 4.646823e+02 
3.991919e-01 4.488307e+02 4.522432e+02 
4.042323e-01 4.383098e+02 4.402678e+02 
4.092727e-01 4.299516e+02 4.287339e+02 
4.143131e-01 4.229319e+02 4.176208e+02 
4.193535e-01 4.163557e+02 4.069089e+02 
4.243939e-01 4.094597e+02 3.965796e+02 
4.294343e-01 4.017043e+02 3.866155e+02 
4.344747e-01 3.927996e+02 3.770001e+02 
4.395152e-01 3.827655e+02 3.677178e+02 
4.445556e-01 3.718727e+02 3.587538e+02 
4.495960e-01 3.606091e+02 3.500943e+02 
4.546364e-01 3.495015e+02 3.417259e+02 
4.596768e-01 3.390182e+02 3.336362e+02 
4.647172e-01 3.294862e+02 3.258133e+02 
4.697576e-01 3.210905e+02 3.182460e+02 
4.747980e-01 3.138523e+02 3.109235e+02 
4.798384e-01 3.076184e+02 3.038358e+02 
4.848788e-01 3.020993e+02 2.969732e+02 
4.899192e-01 2.969615e+02 2.903265e+02 
4.949596e-01 2.919035e+02 2.838872e+02 
5.000000e-01 2.866886e+02 2.776468e+02 
