1.000000e-03 2.866544e+03 2.866541e+03 
6.040404e-03 1.274287e+04 1.283209e+04 
1.108081e-02 1.734623e+04 1.737943e+04 
1.612121e-02 1.887113e+04 1.879443e+04 
2.116162e-02 1.862618e+04 1.844673e+04 
2.620202e-02 1.747197e+04 1.736192e+04 
3.124242e-02 1.598663e+04 1.610430e+04 
3.628283e-02 1.452147e+04 1.486850e+04 
4.132323e-02 1.324633e+04 1.370739e+04 
4.636364e-02 1.219065e+04 1.263424e+04 
5.140404e-02 1.134569e+04 1.165057e+04 
5.644444e-02 1.060624e+04 1.075328e+04 
6.148485e-02 9.918833e+03 9.937142e+03 
6.652525e-02 9.236201e+03 9.195900e+03 
7.156566e-02 8.541207e+03 8.523018e+03 
7.660606e-02 7.848826e+03 7.912067e+03 
8.164646e-02 7.193000e+03 7.356952e+03 
8.668687e-02 6.603682e+03 6.852038e+03 
9.172727e-02 6.095279e+03 6.392186e+03 
9.676768e-02 5.671146e+03 5.972763e+03 
1.018081e-01 5.325737e+03 5.589612e+03 
1.068485e-01 5.040793e+03 5.239027e+03 
1.118889e-01 4.789433e+03 4.917705e+03 
1.169293e-01 4.548038e+03 4.622713e+03 
1.219697e-01 4.304587e+03 4.351440e+03 
1.270101e-01 4.057005e+03 4.101571e+03 
1.320505e-01 3.809648e+03 3.871042e+03 
1.370909e-01 3.570669e+03 3.658020e+03 
1.421313e-01 3.348806e+03 3.460871e+03 
1.471717e-01 3.150290e+03 3.278135e+03 
1.522121e-01 2.977486e+03 3.108512e+03 
1.572525e-01 2.829363e+03 2.950834e+03 
1.622929e-01 2.701956e+03 2.804058e+03 
1.673333e-01 2.588629e+03 2.667246e+03 
1.723737e-01 2.482318e+03 2.539556e+03 
1.774141e-01 2.378173e+03 2.420229e+03 
1.824545e-01 2.274251e+03 2.308580e+03 
1.874949e-01 2.170576e+03 2.203992e+03 
1.925354e-01 2.068413e+03 2.105906e+03 
1.975758e-01 1.970115e+03 2.013814e+03 
2.026162e-01 1.878391e+03 1.927256e+03 
2.076566e-01 1.794750e+03 1.845816e+03 
2.126970e-01 1.719352e+03 1.769113e+03 
2.177374e-01 1.651401e+03 1.696800e+03 
2.227778e-01 1.589527e+03 1.628560e+03 
2.278182e-01 1.532045e+03 1.564105e+03 
2.328586e-01 1.477289e+03 1.503170e+03 
2.378990e-01 1.424132e+03 1.445512e+03 
2.429394e-01 1.372169e+03 1.390909e+03 
2.479798e-01 1.321355e+03 1.339156e+03 
2.530202e-01 1.271863e+03 1.290065e+03 
2.580606e-01 1.224264e+03 1.243464e+03 
2.631010e-01 1.179288e+03 1.199192e+03 
2.681414e-01 1.137362e+03 1.157102e+03 
2.731818e-01 1.098357e+03 1.117058e+03 
2.782222e-01 1.061850e+03 1.078933e+03 
2.832626e-01 1.027508e+03 1.042612e+03 
2.883030e-01 9.950246e+02 1.007985e+03 
2.933434e-01 9.639948e+02 9.749538e+02 
2.983838e-01 9.340012e+02 9.434237e+02 
3.034242e-01 9.048423e+02 9.133084e+02 
3.084646e-01 8.765775e+02 8.845273e+02 
3.135051e-01 8.493306e+02 8.570054e+02 
3.185455e-01 8.231661e+02 8.306726e+02 
3.235859e-01 7.981123e+02 8.054637e+02 
3.286263e-01 7.742151e+02 7.813176e+02 
3.336667e-01 7.515336e+02 7.581774e+02 
3.387071e-01 7.300016e+02 7.359898e+02 
3.437475e-01 7.094634e+02 7.147049e+02 
3.487879e-01 6.897560e+02 6.942758e+02 
3.538283e-01 6.707739e+02 6.746589e+02 
3.588687e-01 6.524653e+02 6.558130e+02 
3.639091e-01 6.347855e+02 6.376995e+02 
3.689495e-01 6.176826e+02 6.202821e+02 
3.739899e-01 6.011408e+02 6.035268e+02 
3.790303e-01 5.851976e+02 5.874015e+02 
3.840707e-01 5.698602e+02 5.718760e+02 
3.891111e-01 5.551219e+02 5.569218e+02 
3.941515e-01 5.409365e+02 5.425122e+02 
3.991919e-01 5.272930e+02 5.286217e+02 
4.042323e-01 5.141730e+02 5.152267e+02 
4.092727e-01 5.015263e+02 5.023045e+02 
4.143131e-01 4.893030e+02 4.898338e+02 
4.193535e-01 4.774705e+02 4.777945e+02 
4.243939e-01 4.660190e+02 4.661676e+02 
4.294343e-01 4.549440e+02 4.549350e+02 
4.344747e-01 4.442277e+02 4.440796e+02 
4.395152e-01 4.338460e+02 4.335852e+02 
4.445556e-01 4.237982e+02 4.234366e+02 
4.495960e-01 4.140897e+02 4.136192e+02 
4.546364e-01 4.047060e+02 4.041191e+02 
4.596768e-01 3.956231e+02 3.949233e+02 
4.647172e-01 3.868264e+02 3.860192e+02 
4.697576e-01 3.783043e+02 3.773952e+02 
4.747980e-01 3.700485e+02 3.690398e+02 
4.798384e-01 3.620479e+02 3.609425e+02 
4.848788e-01 3.542795e+02 3.530929e+02 
4.899192e-01 3.467294e+02 3.454815e+02 
4.949596e-01 3.394030e+02 3.380990e+02 
5.000000e-01 3.322992e+02 3.309366e+02 
