1.000000e-03 7.259890e+03 7.259883e+03 
6.040404e-03 3.274625e+04 3.302523e+04 
1.108081e-02 4.448361e+04 4.503616e+04 
1.612121e-02 4.735195e+04 4.825934e+04 
2.116162e-02 4.459502e+04 4.509696e+04 
2.620202e-02 3.875866e+04 3.833922e+04 
3.124242e-02 3.187074e+04 3.123917e+04 
3.628283e-02 2.535542e+04 2.548129e+04 
4.132323e-02 1.999727e+04 2.120156e+04 
4.636364e-02 1.602733e+04 1.803100e+04 
5.140404e-02 1.338932e+04 1.561581e+04 
5.644444e-02 1.180960e+04 1.371395e+04 
6.148485e-02 1.097709e+04 1.217210e+04 
6.652525e-02 1.059384e+04 1.089293e+04 
7.156566e-02 1.039720e+04 9.812662e+03 
7.660606e-02 1.016737e+04 8.887798e+03 
8.164646e-02 9.744616e+03 8.087441e+03 
8.668687e-02 9.061998e+03 7.388838e+03 
9.172727e-02 8.150263e+03 6.774707e+03 
9.676768e-02 7.111582e+03 6.231590e+03 
1.018081e-01 6.074131e+03 5.748783e+03 
1.068485e-01 5.151569e+03 5.317632e+03 
1.118889e-01 4.416327e+03 4.931042e+03 
1.169293e-01 3.893292e+03 4.583128e+03 
1.219697e-01 3.571197e+03 4.268966e+03 
1.270101e-01 3.416697e+03 3.984400e+03 
1.320505e-01 3.383201e+03 3.725899e+03 
1.370909e-01 3.416218e+03 3.490442e+03 
1.421313e-01 3.459998e+03 3.275434e+03 
1.471717e-01 3.465721e+03 3.078632e+03 
1.522121e-01 3.398316e+03 2.898090e+03 
1.572525e-01 3.242389e+03 2.732112e+03 
1.622929e-01 3.005777e+03 2.579216e+03 
1.673333e-01 2.717411e+03 2.438100e+03 
1.723737e-01 2.416807e+03 2.307619e+03 
1.774141e-01 2.139751e+03 2.186761e+03 
1.824545e-01 1.909854e+03 2.074629e+03 
1.874949e-01 1.738624e+03 1.970428e+03 
1.925354e-01 1.628055e+03 1.873449e+03 
1.975758e-01 1.572667e+03 1.783059e+03 
2.026162e-01 1.560162e+03 1.698692e+03 
2.076566e-01 1.573441e+03 1.619841e+03 
2.126970e-01 1.593814e+03 1.546048e+03 
2.177374e-01 1.604304e+03 1.476904e+03 
2.227778e-01 1.591872e+03 1.412037e+03 
2.278182e-01 1.549139e+03 1.351112e+03 
2.328586e-01 1.475869e+03 1.293825e+03 
2.378990e-01 1.379022e+03 1.239902e+03 
2.429394e-01 1.270239e+03 1.189092e+03 
2.479798e-01 1.162203e+03 1.141166e+03 
2.530202e-01 1.065453e+03 1.095917e+03 
2.580606e-01 9.871021e+02 1.053155e+03 
2.631010e-01 9.304698e+02 1.012707e+03 
2.681414e-01 8.953343e+02 9.744137e+02 
2.731818e-01 8.784523e+02 9.381289e+02 
2.782222e-01 8.744966e+02 9.037189e+02 
2.832626e-01 8.770862e+02 8.710607e+02 
2.883030e-01 8.797556e+02 8.400407e+02 
2.933434e-01 8.767678e+02 8.105545e+02 
2.983838e-01 8.639490e+02 7.825056e+02 
3.034242e-01 8.395337e+02 7.558049e+02 
3.084646e-01 8.044731e+02 7.303698e+02 
3.135051e-01 7.619478e+02 7.061240e+02 
3.185455e-01 7.163169e+02 6.829967e+02 
3.235859e-01 6.719259e+02 6.609222e+02 
3.286263e-01 6.323269e+02 6.398394e+02 
3.336667e-01 5.999618e+02 6.196915e+02 
3.387071e-01 5.759275e+02 6.004258e+02 
3.437475e-01 5.600008e+02 5.819929e+02 
3.487879e-01 5.507724e+02 5.643470e+02 
3.538283e-01 5.460543e+02 5.474453e+02 
3.588687e-01 5.433397e+02 5.312476e+02 
3.639091e-01 5.402185e+02 5.157167e+02 
3.689495e-01 5.346747e+02 5.008175e+02 
3.739899e-01 5.253306e+02 4.865172e+02 
3.790303e-01 5.117000e+02 4.727850e+02 
3.840707e-01 4.942504e+02 4.595923e+02 
3.891111e-01 4.742161e+02 4.469119e+02 
3.941515e-01 4.532053e+02 4.347184e+02 
3.991919e-01 4.328168e+02 4.229880e+02 
4.042323e-01 4.143803e+02 4.116982e+02 
4.092727e-01 3.988344e+02 4.008278e+02 
4.143131e-01 3.865811e+02 3.903571e+02 
4.193535e-01 3.775115e+02 3.802671e+02 
4.243939e-01 3.710429e+02 3.705402e+02 
4.294343e-01 3.663464e+02 3.611598e+02 
4.344747e-01 3.624700e+02 3.521100e+02 
4.395152e-01 3.584765e+02 3.433760e+02 
4.445556e-01 3.535721e+02 3.349436e+02 
4.495960e-01 3.472298e+02 3.267996e+02 
4.546364e-01 3.393031e+02 3.189313e+02 
4.596768e-01 3.299944e+02 3.113269e+02 
4.647172e-01 3.197471e+02 3.039750e+02 
4.697576e-01 3.091376e+02 2.968648e+02 
4.747980e-01 2.987691e+02 2.899863e+02 
4.798384e-01 2.891820e+02 2.833297e+02 
4.848788e-01 2.807659e+02 2.768859e+02 
4.899192e-01 2.736905e+02 2.706463e+02 
4.949596e-01 2.679031e+02 2.646025e+02 
5.000000e-01 2.631892e+02 2.587466e+02 
