1.000000e-03 7.407900e+03 7.407894e+03 
6.040404e-03 3.320261e+04 3.366232e+04 
1.108081e-02 4.500714e+04 4.628833e+04 
1.612121e-02 4.784594e+04 5.129234e+04 
2.116162e-02 4.501704e+04 5.221190e+04 
2.620202e-02 3.909598e+04 5.106467e+04 
3.124242e-02 3.212818e+04 4.891903e+04 
3.628283e-02 2.554675e+04 4.632320e+04 
4.132323e-02 2.013892e+04 4.357074e+04 
4.636364e-02 1.613431e+04 4.082317e+04 
5.140404e-02 1.347379e+04 3.816849e+04 
5.644444e-02 1.188018e+04 3.565220e+04 
6.148485e-02 1.103937e+04 3.329486e+04 
6.652525e-02 1.065098e+04 3.110253e+04 
7.156566e-02 1.045059e+04 2.907284e+04 
7.660606e-02 1.021713e+04 2.719880e+04 
8.164646e-02 9.790106e+03 2.547106e+04 
8.668687e-02 9.102378e+03 2.387920e+04 
9.172727e-02 8.184949e+03 2.241262e+04 
9.676768e-02 7.140500e+03 2.106099e+04 
1.018081e-01 6.097739e+03 1.981451e+04 
1.068485e-01 5.170710e+03 1.866400e+04 
1.118889e-01 4.432015e+03 1.760105e+04 
1.169293e-01 3.906516e+03 1.661790e+04 
1.219697e-01 3.582794e+03 1.570753e+04 
1.270101e-01 3.427302e+03 1.486355e+04 
1.320505e-01 3.393236e+03 1.408016e+04 
1.370909e-01 3.425898e+03 1.335212e+04 
1.421313e-01 3.469361e+03 1.267470e+04 
1.471717e-01 3.474672e+03 1.204361e+04 
1.522121e-01 3.406689e+03 1.145499e+04 
1.572525e-01 3.250004e+03 1.090532e+04 
1.622929e-01 3.012501e+03 1.039144e+04 
1.673333e-01 2.723196e+03 9.910473e+03 
1.723737e-01 2.421698e+03 9.459806e+03 
1.774141e-01 2.143864e+03 9.037076e+03 
1.824545e-01 1.913336e+03 8.640133e+03 
1.874949e-01 1.741627e+03 8.267018e+03 
1.925354e-01 1.630714e+03 7.915950e+03 
1.975758e-01 1.575092e+03 7.585302e+03 
2.026162e-01 1.562429e+03 7.273590e+03 
2.076566e-01 1.575591e+03 6.979456e+03 
2.126970e-01 1.595857e+03 6.701660e+03 
2.177374e-01 1.606227e+03 6.439063e+03 
2.227778e-01 1.593652e+03 6.190620e+03 
2.278182e-01 1.550749e+03 5.955374e+03 
2.328586e-01 1.477288e+03 5.732442e+03 
2.378990e-01 1.380244e+03 5.521014e+03 
2.429394e-01 1.271271e+03 5.320342e+03 
2.479798e-01 1.163063e+03 5.129736e+03 
2.530202e-01 1.066165e+03 4.948559e+03 
2.580606e-01 9.876936e+02 4.776222e+03 
2.631010e-01 9.309638e+02 4.612181e+03 
2.681414e-01 8.957497e+02 4.455931e+03 
2.731818e-01 8.788022e+02 4.307004e+03 
2.782222e-01 8.747885e+02 4.164966e+03 
2.832626e-01 8.773234e+02 4.029415e+03 
2.883030e-01 8.799388e+02 3.899974e+03 
2.933434e-01 8.768968e+02 3.776294e+03 
2.983838e-01 8.640242e+02 3.658052e+03 
3.034242e-01 8.395572e+02 3.544944e+03 
3.084646e-01 8.044488e+02 3.436686e+03 
3.135051e-01 7.618812e+02 3.333016e+03 
3.185455e-01 7.162141e+02 3.233686e+03 
3.235859e-01 6.717923e+02 3.138466e+03 
3.286263e-01 6.321667e+02 3.047140e+03 
3.336667e-01 5.997776e+02 2.959505e+03 
3.387071e-01 5.757202e+02 2.875372e+03 
3.437475e-01 5.597701e+02 2.794563e+03 
3.487879e-01 5.505173e+02 2.716911e+03 
3.538283e-01 5.457736e+02 2.642259e+03 
3.588687e-01 5.430334e+02 2.570460e+03 
3.639091e-01 5.398874e+02 2.501374e+03 
3.689495e-01 5.343210e+02 2.434872e+03 
3.739899e-01 5.249580e+02 2.370830e+03 
3.790303e-01 5.113129e+02 2.309133e+03 
3.840707e-01 4.938535e+02 2.249670e+03 
3.891111e-01 4.738135e+02 2.192340e+03 
3.941515e-01 4.528001e+02 2.137044e+03 
3.991919e-01 4.324104e+02 2.083690e+03 
4.042323e-01 4.139729e+02 2.032192e+03 
4.092727e-01 3.984248e+02 1.982467e+03 
4.143131e-01 3.861674e+02 1.934437e+03 
4.193535e-01 3.770915e+02 1.888029e+03 
4.243939e-01 3.706145e+02 1.843172e+03 
4.294343e-01 3.659081e+02 1.799802e+03 
4.344747e-01 3.620215e+02 1.757853e+03 
4.395152e-01 3.580184e+02 1.717268e+03 
4.445556e-01 3.531061e+02 1.677990e+03 
4.495960e-01 3.467584e+02 1.639964e+03 
4.546364e-01 3.388291e+02 1.603140e+03 
4.596768e-01 3.295205e+02 1.567470e+03 
4.647172e-01 3.192757e+02 1.532906e+03 
4.697576e-01 3.086701e+02 1.499406e+03 
4.747980e-01 2.983060e+02 1.466928e+03 
4.798384e-01 2.887230e+02 1.435431e+03 
4.848788e-01 2.803100e+02 1.404878e+03 
4.899192e-01 2.732361e+02 1.375232e+03 
4.949596e-01 2.674487e+02 1.346459e+03 
5.000000e-01 2.627334e+02 1.318527e+03 
