1.000000e-03 4.513563e+03 4.513559e+03 
6.040404e-03 1.983948e+04 1.999429e+04 
1.108081e-02 2.671704e+04 2.691598e+04 
1.612121e-02 2.850453e+04 2.869739e+04 
2.116162e-02 2.726126e+04 2.720542e+04 
2.620202e-02 2.445742e+04 2.426913e+04 
3.124242e-02 2.116733e+04 2.129061e+04 
3.628283e-02 1.808626e+04 1.875658e+04 
4.132323e-02 1.556846e+04 1.667095e+04 
4.636364e-02 1.368873e+04 1.493581e+04 
5.140404e-02 1.241239e+04 1.346611e+04 
5.644444e-02 1.155586e+04 1.220226e+04 
6.148485e-02 1.094420e+04 1.110313e+04 
6.652525e-02 1.040550e+04 1.013928e+04 
7.156566e-02 9.822883e+03 9.288677e+03 
7.660606e-02 9.133549e+03 8.534163e+03 
8.164646e-02 8.339462e+03 7.861994e+03 
8.668687e-02 7.493778e+03 7.260916e+03 
9.172727e-02 6.669915e+03 6.721576e+03 
9.676768e-02 5.934962e+03 6.236115e+03 
1.018081e-01 5.335061e+03 5.797872e+03 
1.068485e-01 4.886947e+03 5.401168e+03 
1.118889e-01 4.577928e+03 5.041130e+03 
1.169293e-01 4.374884e+03 4.713563e+03 
1.219697e-01 4.235709e+03 4.414838e+03 
1.270101e-01 4.117983e+03 4.141802e+03 
1.320505e-01 3.985490e+03 3.891713e+03 
1.370909e-01 3.815412e+03 3.662170e+03 
1.421313e-01 3.602721e+03 3.451073e+03 
1.471717e-01 3.357345e+03 3.256572e+03 
1.522121e-01 3.097428e+03 3.077039e+03 
1.572525e-01 2.844416e+03 2.911035e+03 
1.622929e-01 2.618767e+03 2.757285e+03 
1.673333e-01 2.434551e+03 2.614655e+03 
1.723737e-01 2.295563e+03 2.482139e+03 
1.774141e-01 2.196258e+03 2.358836e+03 
1.824545e-01 2.126304e+03 2.243942e+03 
1.874949e-01 2.073866e+03 2.136737e+03 
1.925354e-01 2.026620e+03 2.036574e+03 
1.975758e-01 1.973247e+03 1.942870e+03 
2.026162e-01 1.906230e+03 1.855102e+03 
2.076566e-01 1.824007e+03 1.772795e+03 
2.126970e-01 1.730330e+03 1.695521e+03 
2.177374e-01 1.631629e+03 1.622892e+03 
2.227778e-01 1.534787e+03 1.554555e+03 
2.278182e-01 1.446019e+03 1.490190e+03 
2.328586e-01 1.369872e+03 1.429505e+03 
2.378990e-01 1.308340e+03 1.372235e+03 
2.429394e-01 1.260636e+03 1.318136e+03 
2.479798e-01 1.223879e+03 1.266986e+03 
2.530202e-01 1.193976e+03 1.218582e+03 
2.580606e-01 1.166580e+03 1.172736e+03 
2.631010e-01 1.137890e+03 1.129278e+03 
2.681414e-01 1.105385e+03 1.088050e+03 
2.731818e-01 1.068231e+03 1.048907e+03 
2.782222e-01 1.027151e+03 1.011715e+03 
2.832626e-01 9.839292e+02 9.763504e+02 
2.883030e-01 9.408126e+02 9.426997e+02 
2.933434e-01 8.999962e+02 9.106573e+02 
2.983838e-01 8.632113e+02 8.801255e+02 
3.034242e-01 8.314088e+02 8.510139e+02 
3.084646e-01 8.046384e+02 8.232385e+02 
3.135051e-01 7.821517e+02 7.967213e+02 
3.185455e-01 7.626644e+02 7.713899e+02 
3.235859e-01 7.447599e+02 7.471769e+02 
3.286263e-01 7.271303e+02 7.240194e+02 
3.336667e-01 7.088126e+02 7.018588e+02 
3.387071e-01 6.892629e+02 6.806406e+02 
3.437475e-01 6.684524e+02 6.603138e+02 
3.487879e-01 6.468473e+02 6.408305e+02 
3.538283e-01 6.251839e+02 6.221464e+02 
3.588687e-01 6.042308e+02 6.042195e+02 
3.639091e-01 5.845664e+02 5.870109e+02 
3.689495e-01 5.665725e+02 5.704838e+02 
3.739899e-01 5.504080e+02 5.546038e+02 
3.790303e-01 5.359922e+02 5.393386e+02 
3.840707e-01 5.230030e+02 5.246579e+02 
3.891111e-01 5.109474e+02 5.105332e+02 
3.941515e-01 4.993436e+02 4.969375e+02 
3.991919e-01 4.878207e+02 4.838456e+02 
4.042323e-01 4.761447e+02 4.712338e+02 
4.092727e-01 4.642251e+02 4.590794e+02 
4.143131e-01 4.521070e+02 4.473614e+02 
4.193535e-01 4.399642e+02 4.360597e+02 
4.243939e-01 4.280423e+02 4.251555e+02 
4.294343e-01 4.165744e+02 4.146309e+02 
4.344747e-01 4.057229e+02 4.044691e+02 
4.395152e-01 3.955692e+02 3.946540e+02 
4.445556e-01 3.861367e+02 3.851706e+02 
4.495960e-01 3.773526e+02 3.760045e+02 
4.546364e-01 3.690845e+02 3.671423e+02 
4.596768e-01 3.611813e+02 3.585709e+02 
4.647172e-01 3.534848e+02 3.502782e+02 
4.697576e-01 3.458933e+02 3.422527e+02 
4.747980e-01 3.383433e+02 3.344832e+02 
4.798384e-01 3.308086e+02 3.269595e+02 
4.848788e-01 3.233244e+02 3.196715e+02 
4.899192e-01 3.159508e+02 3.126099e+02 
4.949596e-01 3.087642e+02 3.057655e+02 
5.000000e-01 3.018383e+02 2.991299e+02 
