1.000000e-03 3.716316e+03 3.716313e+03 
6.040404e-03 1.631820e+04 1.644224e+04 
1.108081e-02 2.209281e+04 2.221930e+04 
1.612121e-02 2.378761e+04 2.386543e+04 
2.116162e-02 2.306195e+04 2.296063e+04 
2.620202e-02 2.107357e+04 2.093537e+04 
3.124242e-02 1.865261e+04 1.879628e+04 
3.628283e-02 1.633511e+04 1.689205e+04 
4.132323e-02 1.439808e+04 1.525201e+04 
4.636364e-02 1.290994e+04 1.383377e+04 
5.140404e-02 1.184159e+04 1.259533e+04 
5.644444e-02 1.106408e+04 1.150500e+04 
6.148485e-02 1.044527e+04 1.053929e+04 
6.652525e-02 9.864828e+03 9.680054e+03 
7.156566e-02 9.243900e+03 8.912774e+03 
7.660606e-02 8.551197e+03 8.225455e+03 
8.164646e-02 7.805344e+03 7.608015e+03 
8.668687e-02 7.055594e+03 7.051877e+03 
9.172727e-02 6.355042e+03 6.549686e+03 
9.676768e-02 5.746264e+03 6.095106e+03 
1.018081e-01 5.254853e+03 5.682657e+03 
1.068485e-01 4.885318e+03 5.307582e+03 
1.118889e-01 4.618753e+03 4.965744e+03 
1.169293e-01 4.421879e+03 4.653535e+03 
1.219697e-01 4.258511e+03 4.367801e+03 
1.270101e-01 4.098129e+03 4.105777e+03 
1.320505e-01 3.919544e+03 3.865035e+03 
1.370909e-01 3.713236e+03 3.643437e+03 
1.421313e-01 3.482933e+03 3.439097e+03 
1.471717e-01 3.241830e+03 3.250345e+03 
1.522121e-01 3.005993e+03 3.075704e+03 
1.572525e-01 2.790291e+03 2.913860e+03 
1.622929e-01 2.605760e+03 2.763643e+03 
1.673333e-01 2.457657e+03 2.624011e+03 
1.723737e-01 2.343982e+03 2.494032e+03 
1.774141e-01 2.256529e+03 2.372869e+03 
1.824545e-01 2.184840e+03 2.259775e+03 
1.874949e-01 2.119094e+03 2.154074e+03 
1.925354e-01 2.051221e+03 2.055162e+03 
1.975758e-01 1.975733e+03 1.962489e+03 
2.026162e-01 1.890823e+03 1.875562e+03 
2.076566e-01 1.798687e+03 1.793932e+03 
2.126970e-01 1.704238e+03 1.717192e+03 
2.177374e-01 1.612970e+03 1.644974e+03 
2.227778e-01 1.529271e+03 1.576942e+03 
2.278182e-01 1.456058e+03 1.512790e+03 
2.328586e-01 1.394329e+03 1.452238e+03 
2.378990e-01 1.343210e+03 1.395031e+03 
2.429394e-01 1.300464e+03 1.340936e+03 
2.479798e-01 1.263026e+03 1.289739e+03 
2.530202e-01 1.227712e+03 1.241243e+03 
2.580606e-01 1.191793e+03 1.195269e+03 
2.631010e-01 1.153592e+03 1.151649e+03 
2.681414e-01 1.112858e+03 1.110232e+03 
2.731818e-01 1.070480e+03 1.070877e+03 
2.782222e-01 1.027866e+03 1.033453e+03 
2.832626e-01 9.865226e+02 9.978403e+02 
2.883030e-01 9.477866e+02 9.639278e+02 
2.933434e-01 9.126535e+02 9.316125e+02 
2.983838e-01 8.815472e+02 9.007988e+02 
3.034242e-01 8.541773e+02 8.713983e+02 
3.084646e-01 8.297688e+02 8.433285e+02 
3.135051e-01 8.073382e+02 8.165130e+02 
3.185455e-01 7.859430e+02 7.908806e+02 
3.235859e-01 7.647967e+02 7.663648e+02 
3.286263e-01 7.433450e+02 7.429040e+02 
3.336667e-01 7.214092e+02 7.204402e+02 
3.387071e-01 6.991959e+02 6.989197e+02 
3.437475e-01 6.771202e+02 6.782921e+02 
3.487879e-01 6.556568e+02 6.585101e+02 
3.538283e-01 6.352317e+02 6.395297e+02 
3.588687e-01 6.161378e+02 6.213095e+02 
3.639091e-01 5.985050e+02 6.038108e+02 
3.689495e-01 5.822729e+02 5.869971e+02 
3.739899e-01 5.672101e+02 5.708343e+02 
3.790303e-01 5.530313e+02 5.552903e+02 
3.840707e-01 5.394474e+02 5.403349e+02 
3.891111e-01 5.262051e+02 5.259396e+02 
3.941515e-01 5.131189e+02 5.120778e+02 
3.991919e-01 5.000864e+02 4.987242e+02 
4.042323e-01 4.871261e+02 4.858551e+02 
4.092727e-01 4.743661e+02 4.734480e+02 
4.143131e-01 4.619511e+02 4.614818e+02 
4.193535e-01 4.499953e+02 4.499365e+02 
4.243939e-01 4.385701e+02 4.387932e+02 
4.294343e-01 4.277226e+02 4.280340e+02 
4.344747e-01 4.174615e+02 4.176421e+02 
4.395152e-01 4.077420e+02 4.076013e+02 
4.445556e-01 3.984653e+02 3.978967e+02 
4.495960e-01 3.895172e+02 3.885138e+02 
4.546364e-01 3.808157e+02 3.794389e+02 
4.596768e-01 3.723206e+02 3.706592e+02 
4.647172e-01 3.639959e+02 3.621625e+02 
4.697576e-01 3.558100e+02 3.539370e+02 
4.747980e-01 3.477743e+02 3.459717e+02 
4.798384e-01 3.399358e+02 3.382560e+02 
4.848788e-01 3.323396e+02 3.307800e+02 
4.899192e-01 3.250140e+02 3.235342e+02 
4.949596e-01 3.179511e+02 3.165095e+02 
5.000000e-01 3.111567e+02 3.096973e+02 
