1.000000e-03 2.819983e+03 2.819981e+03 
6.040404e-03 1.253489e+04 1.262459e+04 
1.108081e-02 1.704069e+04 1.707167e+04 
1.612121e-02 1.853414e+04 1.845300e+04 
2.116162e-02 1.830723e+04 1.812396e+04 
2.620202e-02 1.719591e+04 1.707311e+04 
3.124242e-02 1.575609e+04 1.584559e+04 
3.628283e-02 1.432567e+04 1.463395e+04 
4.132323e-02 1.307055e+04 1.349280e+04 
4.636364e-02 1.202192e+04 1.243680e+04 
5.140404e-02 1.117397e+04 1.146826e+04 
5.644444e-02 1.043538e+04 1.058453e+04 
6.148485e-02 9.750390e+03 9.780627e+03 
6.652525e-02 9.075723e+03 9.050496e+03 
7.156566e-02 8.397125e+03 8.387727e+03 
7.660606e-02 7.724823e+03 7.785998e+03 
8.164646e-02 7.087349e+03 7.239307e+03 
8.668687e-02 6.511590e+03 6.742098e+03 
9.172727e-02 6.012185e+03 6.289304e+03 
9.676768e-02 5.592536e+03 5.876352e+03 
1.018081e-01 5.247743e+03 5.499145e+03 
1.068485e-01 4.961296e+03 5.154026e+03 
1.118889e-01 4.709338e+03 4.837739e+03 
1.169293e-01 4.470036e+03 4.547388e+03 
1.219697e-01 4.231317e+03 4.280403e+03 
1.270101e-01 3.990253e+03 4.034498e+03 
1.320505e-01 3.749773e+03 3.807640e+03 
1.370909e-01 3.517209e+03 3.598022e+03 
1.421313e-01 3.300906e+03 3.404033e+03 
1.471717e-01 3.106433e+03 3.224236e+03 
1.522121e-01 2.935602e+03 3.057347e+03 
1.572525e-01 2.787600e+03 2.902219e+03 
1.622929e-01 2.659530e+03 2.757822e+03 
1.673333e-01 2.546074e+03 2.623232e+03 
1.723737e-01 2.440502e+03 2.497621e+03 
1.774141e-01 2.337767e+03 2.380240e+03 
1.824545e-01 2.235889e+03 2.270416e+03 
1.874949e-01 2.134970e+03 2.167540e+03 
1.925354e-01 2.035952e+03 2.071061e+03 
1.975758e-01 1.940443e+03 1.980482e+03 
2.026162e-01 1.850620e+03 1.895348e+03 
2.076566e-01 1.768230e+03 1.815249e+03 
2.126970e-01 1.693671e+03 1.739810e+03 
2.177374e-01 1.626184e+03 1.668690e+03 
2.227778e-01 1.564487e+03 1.601578e+03 
2.278182e-01 1.507156e+03 1.538189e+03 
2.328586e-01 1.452837e+03 1.478263e+03 
2.378990e-01 1.400525e+03 1.421560e+03 
2.429394e-01 1.349647e+03 1.367863e+03 
2.479798e-01 1.300009e+03 1.316969e+03 
2.530202e-01 1.251748e+03 1.268693e+03 
2.580606e-01 1.205307e+03 1.222866e+03 
2.631010e-01 1.161258e+03 1.179330e+03 
2.681414e-01 1.119968e+03 1.137941e+03 
2.731818e-01 1.081401e+03 1.098563e+03 
2.782222e-01 1.045266e+03 1.061073e+03 
2.832626e-01 1.011266e+03 1.025357e+03 
2.883030e-01 9.791017e+02 9.913077e+02 
2.933434e-01 9.484102e+02 9.588267e+02 
2.983838e-01 9.188485e+02 9.278224e+02 
3.034242e-01 8.902348e+02 8.982094e+02 
3.084646e-01 8.625610e+02 8.699086e+02 
3.135051e-01 8.358749e+02 8.428459e+02 
3.185455e-01 8.102081e+02 8.169527e+02 
3.235859e-01 7.856084e+02 7.921646e+02 
3.286263e-01 7.621289e+02 7.684217e+02 
3.336667e-01 7.397900e+02 7.456679e+02 
3.387071e-01 7.185296e+02 7.238508e+02 
3.437475e-01 6.982228e+02 7.029214e+02 
3.487879e-01 6.787638e+02 6.828335e+02 
3.538283e-01 6.600731e+02 6.635443e+02 
3.588687e-01 6.420604e+02 6.450131e+02 
3.639091e-01 6.246587e+02 6.272022e+02 
3.689495e-01 6.078338e+02 6.100757e+02 
3.739899e-01 5.915914e+02 5.936003e+02 
3.790303e-01 5.759462e+02 5.777443e+02 
3.840707e-01 5.608809e+02 5.624780e+02 
3.891111e-01 5.463639e+02 5.477736e+02 
3.941515e-01 5.323853e+02 5.336045e+02 
3.991919e-01 5.189529e+02 5.199460e+02 
4.042323e-01 5.060335e+02 5.067746e+02 
4.092727e-01 4.935722e+02 4.940680e+02 
4.143131e-01 4.815251e+02 4.818055e+02 
4.193535e-01 4.698728e+02 4.699671e+02 
4.243939e-01 4.586161e+02 4.585341e+02 
4.294343e-01 4.477311e+02 4.474889e+02 
4.344747e-01 4.371802e+02 4.368145e+02 
4.395152e-01 4.269634e+02 4.264952e+02 
4.445556e-01 4.170842e+02 4.165158e+02 
4.495960e-01 4.075383e+02 4.068619e+02 
4.546364e-01 3.983062e+02 3.975202e+02 
4.596768e-01 3.893563e+02 3.884776e+02 
4.647172e-01 3.806882e+02 3.797218e+02 
4.697576e-01 3.723041e+02 3.712414e+02 
4.747980e-01 3.641867e+02 3.630251e+02 
4.798384e-01 3.563058e+02 3.550626e+02 
4.848788e-01 3.486512e+02 3.473437e+02 
4.899192e-01 3.412274e+02 3.398589e+02 
4.949596e-01 3.340289e+02 3.325992e+02 
5.000000e-01 3.270417e+02 3.255558e+02 
