1.000000e-03 3.607505e+03 3.607502e+03 
6.040404e-03 1.626648e+04 1.639214e+04 
1.108081e-02 2.229847e+04 2.244730e+04 
1.612121e-02 2.419594e+04 2.432604e+04 
2.116162e-02 2.355655e+04 2.349604e+04 
2.620202e-02 2.154339e+04 2.138515e+04 
3.124242e-02 1.902119e+04 1.910968e+04 
3.628283e-02 1.656868e+04 1.709504e+04 
4.132323e-02 1.450063e+04 1.538330e+04 
4.636364e-02 1.290766e+04 1.392212e+04 
5.140404e-02 1.177976e+04 1.265861e+04 
5.644444e-02 1.098993e+04 1.155370e+04 
6.148485e-02 1.039679e+04 1.057944e+04 
6.652525e-02 9.875045e+03 9.715148e+03 
7.156566e-02 9.322077e+03 8.944815e+03 
7.660606e-02 8.686509e+03 8.255601e+03 
8.164646e-02 7.971439e+03 7.636931e+03 
8.668687e-02 7.220724e+03 7.079940e+03 
9.172727e-02 6.491522e+03 6.577106e+03 
9.676768e-02 5.834995e+03 6.121991e+03 
1.018081e-01 5.288645e+03 5.709060e+03 
1.068485e-01 4.869786e+03 5.333524e+03 
1.118889e-01 4.570303e+03 4.991229e+03 
1.169293e-01 4.362213e+03 4.678558e+03 
1.219697e-01 4.208849e+03 4.392354e+03 
1.270101e-01 4.075144e+03 4.129850e+03 
1.320505e-01 3.932382e+03 3.888621e+03 
1.370909e-01 3.761955e+03 3.666530e+03 
1.421313e-01 3.558414e+03 3.461693e+03 
1.471717e-01 3.328993e+03 3.272444e+03 
1.522121e-01 3.089209e+03 3.097306e+03 
1.572525e-01 2.856964e+03 2.934967e+03 
1.622929e-01 2.648148e+03 2.784261e+03 
1.673333e-01 2.473846e+03 2.644145e+03 
1.723737e-01 2.337972e+03 2.513689e+03 
1.774141e-01 2.236864e+03 2.392058e+03 
1.824545e-01 2.161788e+03 2.278504e+03 
1.874949e-01 2.102135e+03 2.172353e+03 
1.925354e-01 2.047447e+03 2.073000e+03 
1.975758e-01 1.988686e+03 1.979898e+03 
2.026162e-01 1.919848e+03 1.892551e+03 
2.076566e-01 1.839349e+03 1.810512e+03 
2.126970e-01 1.749835e+03 1.733374e+03 
2.177374e-01 1.656465e+03 1.660768e+03 
2.227778e-01 1.565089e+03 1.592359e+03 
2.278182e-01 1.480943e+03 1.527840e+03 
2.328586e-01 1.407715e+03 1.466932e+03 
2.378990e-01 1.346945e+03 1.409379e+03 
2.429394e-01 1.297940e+03 1.354948e+03 
2.479798e-01 1.258438e+03 1.303424e+03 
2.530202e-01 1.225262e+03 1.254612e+03 
2.580606e-01 1.194805e+03 1.208329e+03 
2.631010e-01 1.163715e+03 1.164411e+03 
2.681414e-01 1.129746e+03 1.122704e+03 
2.731818e-01 1.092239e+03 1.083068e+03 
2.782222e-01 1.051892e+03 1.045371e+03 
2.832626e-01 1.010107e+03 1.009493e+03 
2.883030e-01 9.685904e+02 9.753232e+02 
2.933434e-01 9.290764e+02 9.427581e+02 
2.983838e-01 8.930416e+02 9.117020e+02 
3.034242e-01 8.613584e+02 8.820660e+02 
3.084646e-01 8.340485e+02 8.537676e+02 
3.135051e-01 8.104371e+02 8.267301e+02 
3.185455e-01 7.894827e+02 8.008821e+02 
3.235859e-01 7.700843e+02 7.761569e+02 
3.286263e-01 7.511987e+02 7.524926e+02 
3.336667e-01 7.319674e+02 7.298312e+02 
3.387071e-01 7.118752e+02 7.081185e+02 
3.437475e-01 6.909100e+02 6.873041e+02 
3.487879e-01 6.694648e+02 6.673407e+02 
3.538283e-01 6.481135e+02 6.481838e+02 
3.588687e-01 6.274227e+02 6.297920e+02 
3.639091e-01 6.078734e+02 6.121264e+02 
3.689495e-01 5.898031e+02 5.951503e+02 
3.739899e-01 5.733507e+02 5.788296e+02 
3.790303e-01 5.584271e+02 5.631319e+02 
3.840707e-01 5.447442e+02 5.480269e+02 
3.891111e-01 5.319393e+02 5.334860e+02 
3.941515e-01 5.196415e+02 5.194824e+02 
3.991919e-01 5.075445e+02 5.059908e+02 
4.042323e-01 4.954315e+02 4.929872e+02 
4.092727e-01 4.831949e+02 4.804492e+02 
4.143131e-01 4.708786e+02 4.683554e+02 
4.193535e-01 4.586383e+02 4.566858e+02 
4.243939e-01 4.466672e+02 4.454213e+02 
4.294343e-01 4.351225e+02 4.345440e+02 
4.344747e-01 4.241186e+02 4.240369e+02 
4.395152e-01 4.137339e+02 4.138839e+02 
4.445556e-01 4.039974e+02 4.040698e+02 
4.495960e-01 3.948633e+02 3.945800e+02 
4.546364e-01 3.862066e+02 3.854010e+02 
4.596768e-01 3.778870e+02 3.765196e+02 
4.647172e-01 3.698043e+02 3.679237e+02 
4.697576e-01 3.618822e+02 3.596013e+02 
4.747980e-01 3.540594e+02 3.515414e+02 
4.798384e-01 3.463050e+02 3.437335e+02 
4.848788e-01 3.386297e+02 3.361674e+02 
4.899192e-01 3.310944e+02 3.288335e+02 
4.949596e-01 3.237608e+02 3.217228e+02 
5.000000e-01 3.166733e+02 3.148266e+02 
