1.000000e-03 5.357835e+03 5.357831e+03 
6.040404e-03 2.410017e+04 2.429793e+04 
1.108081e-02 3.288283e+04 3.321322e+04 
1.612121e-02 3.531954e+04 3.578565e+04 
2.116162e-02 3.377105e+04 3.392804e+04 
2.620202e-02 3.003644e+04 2.973618e+04 
3.124242e-02 2.551575e+04 2.530972e+04 
3.628283e-02 2.117981e+04 2.161097e+04 
4.132323e-02 1.756770e+04 1.871339e+04 
4.636364e-02 1.484430e+04 1.643286e+04 
5.140404e-02 1.299872e+04 1.459327e+04 
5.644444e-02 1.184018e+04 1.307172e+04 
6.148485e-02 1.114772e+04 1.178747e+04 
6.652525e-02 1.070666e+04 1.068675e+04 
7.156566e-02 1.032136e+04 9.732352e+03 
7.660606e-02 9.849340e+03 8.897435e+03 
8.164646e-02 9.214389e+03 8.161863e+03 
8.668687e-02 8.417378e+03 7.510044e+03 
9.172727e-02 7.518016e+03 6.929591e+03 
9.676768e-02 6.605324e+03 6.410472e+03 
1.018081e-01 5.768375e+03 5.944433e+03 
1.068485e-01 5.074088e+03 5.524601e+03 
1.118889e-01 4.553618e+03 5.145198e+03 
1.169293e-01 4.202900e+03 4.801325e+03 
1.219697e-01 3.994319e+03 4.488803e+03 
1.270101e-01 3.887922e+03 4.204046e+03 
1.320505e-01 3.837409e+03 3.943960e+03 
1.370909e-01 3.795507e+03 3.705866e+03 
1.421313e-01 3.722288e+03 3.487431e+03 
1.471717e-01 3.593167e+03 3.286619e+03 
1.522121e-01 3.402306e+03 3.101646e+03 
1.572525e-01 3.160143e+03 2.930944e+03 
1.622929e-01 2.889359e+03 2.773130e+03 
1.673333e-01 2.619082e+03 2.626981e+03 
1.723737e-01 2.376093e+03 2.491413e+03 
1.774141e-01 2.178091e+03 2.365463e+03 
1.824545e-01 2.031389e+03 2.248271e+03 
1.874949e-01 1.933531e+03 2.139071e+03 
1.925354e-01 1.876505e+03 2.037175e+03 
1.975758e-01 1.848199e+03 1.941968e+03 
2.026162e-01 1.833528e+03 1.852895e+03 
2.076566e-01 1.816978e+03 1.769458e+03 
2.126970e-01 1.786115e+03 1.691207e+03 
2.177374e-01 1.734158e+03 1.617734e+03 
2.227778e-01 1.660382e+03 1.548670e+03 
2.278182e-01 1.569110e+03 1.483681e+03 
2.328586e-01 1.468219e+03 1.422463e+03 
2.378990e-01 1.367113e+03 1.364738e+03 
2.429394e-01 1.274482e+03 1.310255e+03 
2.479798e-01 1.196522e+03 1.258782e+03 
2.530202e-01 1.136291e+03 1.210109e+03 
2.580606e-01 1.093675e+03 1.164043e+03 
2.631010e-01 1.065936e+03 1.120406e+03 
2.681414e-01 1.048528e+03 1.079037e+03 
2.731818e-01 1.036043e+03 1.039785e+03 
2.782222e-01 1.023257e+03 1.002513e+03 
2.832626e-01 1.005932e+03 9.670946e+02 
2.883030e-01 9.814437e+02 9.334121e+02 
2.933434e-01 9.491052e+02 9.013576e+02 
2.983838e-01 9.101449e+02 8.708310e+02 
3.034242e-01 8.672270e+02 8.417398e+02 
3.084646e-01 8.236468e+02 8.139981e+02 
3.135051e-01 7.825654e+02 7.875263e+02 
3.185455e-01 7.464181e+02 7.622505e+02 
3.235859e-01 7.165859e+02 7.381018e+02 
3.286263e-01 6.933357e+02 7.150163e+02 
3.336667e-01 6.759311e+02 6.929344e+02 
3.387071e-01 6.628790e+02 6.718005e+02 
3.437475e-01 6.522985e+02 6.515627e+02 
3.487879e-01 6.422573e+02 6.321727e+02 
3.538283e-01 6.310577e+02 6.135852e+02 
3.588687e-01 6.175627e+02 5.957579e+02 
3.639091e-01 6.013458e+02 5.786511e+02 
3.689495e-01 5.826905e+02 5.622277e+02 
3.739899e-01 5.624112e+02 5.464529e+02 
3.790303e-01 5.415687e+02 5.312940e+02 
3.840707e-01 5.212917e+02 5.167203e+02 
3.891111e-01 5.025785e+02 5.027030e+02 
3.941515e-01 4.861218e+02 4.892150e+02 
3.991919e-01 4.722184e+02 4.762308e+02 
4.042323e-01 4.607166e+02 4.637264e+02 
4.092727e-01 4.511426e+02 4.516791e+02 
4.143131e-01 4.428521e+02 4.400676e+02 
4.193535e-01 4.351462e+02 4.288718e+02 
4.243939e-01 4.273816e+02 4.180726e+02 
4.294343e-01 4.190506e+02 4.076522e+02 
4.344747e-01 4.098626e+02 3.975934e+02 
4.395152e-01 3.997922e+02 3.878804e+02 
4.445556e-01 3.890549e+02 3.784979e+02 
4.495960e-01 3.780150e+02 3.694316e+02 
4.546364e-01 3.670708e+02 3.606678e+02 
4.596768e-01 3.565980e+02 3.521936e+02 
4.647172e-01 3.469071e+02 3.439968e+02 
4.697576e-01 3.381866e+02 3.360658e+02 
4.747980e-01 3.304694e+02 3.283896e+02 
4.798384e-01 3.236376e+02 3.209576e+02 
4.848788e-01 3.174831e+02 3.137600e+02 
4.899192e-01 3.117424e+02 3.067874e+02 
4.949596e-01 3.061726e+02 3.000306e+02 
5.000000e-01 3.005567e+02 2.934812e+02 
