1.000000e-03 1.991117e+03 1.991115e+03 
6.040404e-03 9.057546e+03 9.124174e+03 
1.108081e-02 1.261367e+04 1.261566e+04 
1.612121e-02 1.410379e+04 1.399455e+04 
2.116162e-02 1.439012e+04 1.420351e+04 
2.620202e-02 1.400944e+04 1.383860e+04 
3.124242e-02 1.330516e+04 1.321917e+04 
3.628283e-02 1.248755e+04 1.249465e+04 
4.132323e-02 1.167021e+04 1.173865e+04 
4.636364e-02 1.089011e+04 1.099027e+04 
5.140404e-02 1.018365e+04 1.027054e+04 
5.644444e-02 9.511716e+03 9.590186e+03 
6.148485e-02 8.874084e+03 8.953902e+03 
6.652525e-02 8.275590e+03 8.362814e+03 
7.156566e-02 7.707849e+03 7.815996e+03 
7.660606e-02 7.173625e+03 7.311387e+03 
8.164646e-02 6.685453e+03 6.846351e+03 
8.668687e-02 6.250286e+03 6.418019e+03 
9.172727e-02 5.862672e+03 6.023489e+03 
9.676768e-02 5.512491e+03 5.659950e+03 
1.018081e-01 5.193990e+03 5.324739e+03 
1.068485e-01 4.903239e+03 5.015378e+03 
1.118889e-01 4.633367e+03 4.729588e+03 
1.169293e-01 4.377302e+03 4.465279e+03 
1.219697e-01 4.132677e+03 4.220554e+03 
1.270101e-01 3.901909e+03 3.993689e+03 
1.320505e-01 3.688000e+03 3.783124e+03 
1.370909e-01 3.492239e+03 3.587448e+03 
1.421313e-01 3.313644e+03 3.405384e+03 
1.471717e-01 3.149828e+03 3.235781e+03 
1.522121e-01 2.998409e+03 3.077594e+03 
1.572525e-01 2.858028e+03 2.929882e+03 
1.622929e-01 2.727329e+03 2.791791e+03 
1.673333e-01 2.604416e+03 2.662547e+03 
1.723737e-01 2.487478e+03 2.541450e+03 
1.774141e-01 2.376160e+03 2.427862e+03 
1.824545e-01 2.271198e+03 2.321205e+03 
1.874949e-01 2.172954e+03 2.220953e+03 
1.925354e-01 2.080804e+03 2.126626e+03 
1.975758e-01 1.994199e+03 2.037788e+03 
2.026162e-01 1.913007e+03 1.954038e+03 
2.076566e-01 1.837070e+03 1.875013e+03 
2.126970e-01 1.765695e+03 1.800378e+03 
2.177374e-01 1.698027e+03 1.729827e+03 
2.227778e-01 1.633592e+03 1.663080e+03 
2.278182e-01 1.572325e+03 1.599880e+03 
2.328586e-01 1.514188e+03 1.539988e+03 
2.378990e-01 1.459006e+03 1.483187e+03 
2.429394e-01 1.406574e+03 1.429276e+03 
2.479798e-01 1.356755e+03 1.378070e+03 
2.530202e-01 1.309457e+03 1.329398e+03 
2.580606e-01 1.264558e+03 1.283101e+03 
2.631010e-01 1.221889e+03 1.239033e+03 
2.681414e-01 1.181246e+03 1.197057e+03 
2.731818e-01 1.142460e+03 1.157050e+03 
2.782222e-01 1.105410e+03 1.118893e+03 
2.832626e-01 1.070016e+03 1.082479e+03 
2.883030e-01 1.036193e+03 1.047707e+03 
2.933434e-01 1.003838e+03 1.014483e+03 
2.983838e-01 9.728657e+02 9.827190e+02 
3.034242e-01 9.432267e+02 9.523346e+02 
3.084646e-01 9.148817e+02 9.232534e+02 
3.135051e-01 8.877517e+02 8.954045e+02 
3.185455e-01 8.617366e+02 8.687217e+02 
3.235859e-01 8.367610e+02 8.431429e+02 
3.286263e-01 8.127885e+02 8.186102e+02 
3.336667e-01 7.897900e+02 7.950691e+02 
3.387071e-01 7.677154e+02 7.724688e+02 
3.437475e-01 7.464784e+02 7.507614e+02 
3.487879e-01 7.260377e+02 7.299021e+02 
3.538283e-01 7.063815e+02 7.098487e+02 
3.588687e-01 6.874900e+02 6.905616e+02 
3.639091e-01 6.693087e+02 6.720036e+02 
3.689495e-01 6.517849e+02 6.541395e+02 
3.739899e-01 6.348870e+02 6.369363e+02 
3.790303e-01 6.186084e+02 6.203628e+02 
3.840707e-01 6.029272e+02 6.043898e+02 
3.891111e-01 5.878034e+02 5.889894e+02 
3.941515e-01 5.731934e+02 5.741356e+02 
3.991919e-01 5.590819e+02 5.598035e+02 
4.042323e-01 5.454626e+02 5.459699e+02 
4.092727e-01 5.323192e+02 5.326125e+02 
4.143131e-01 5.196174e+02 5.197106e+02 
4.193535e-01 5.073309e+02 5.072442e+02 
4.243939e-01 4.954433e+02 4.951947e+02 
4.294343e-01 4.839471e+02 4.835442e+02 
4.344747e-01 4.728380e+02 4.722759e+02 
4.395152e-01 4.620857e+02 4.613737e+02 
4.445556e-01 4.516635e+02 4.508225e+02 
4.495960e-01 4.415657e+02 4.406078e+02 
4.546364e-01 4.317905e+02 4.307160e+02 
4.596768e-01 4.223254e+02 4.211339e+02 
4.647172e-01 4.131498e+02 4.118493e+02 
4.697576e-01 4.042447e+02 4.028502e+02 
4.747980e-01 3.956033e+02 3.941256e+02 
4.798384e-01 3.872237e+02 3.856646e+02 
4.848788e-01 3.790998e+02 3.774571e+02 
4.899192e-01 3.712124e+02 3.694934e+02 
4.949596e-01 3.635474e+02 3.617643e+02 
5.000000e-01 3.561014e+02 3.542608e+02 
