1.000000e-03 4.124150e+03 4.124147e+03 
6.040404e-03 1.851745e+04 1.866388e+04 
1.108081e-02 2.528488e+04 2.548506e+04 
1.612121e-02 2.728097e+04 2.750165e+04 
2.116162e-02 2.633663e+04 2.632690e+04 
2.620202e-02 2.380353e+04 2.360539e+04 
3.124242e-02 2.070059e+04 2.073056e+04 
3.628283e-02 1.771504e+04 1.825639e+04 
4.132323e-02 1.522102e+04 1.622178e+04 
4.636364e-02 1.332518e+04 1.453616e+04 
5.140404e-02 1.201739e+04 1.311372e+04 
5.644444e-02 1.114702e+04 1.189336e+04 
6.148485e-02 1.054779e+04 1.083320e+04 
6.652525e-02 1.006363e+04 9.903666e+03 
7.156566e-02 9.562863e+03 9.082992e+03 
7.660606e-02 8.967468e+03 8.354446e+03 
8.164646e-02 8.260224e+03 7.704752e+03 
8.668687e-02 7.477888e+03 7.123116e+03 
9.172727e-02 6.683808e+03 6.600605e+03 
9.676768e-02 5.944491e+03 6.129731e+03 
1.018081e-01 5.313661e+03 5.704154e+03 
1.068485e-01 4.822251e+03 5.318470e+03 
1.118889e-01 4.471873e+03 4.968043e+03 
1.169293e-01 4.239507e+03 4.648877e+03 
1.219697e-01 4.089052e+03 4.357511e+03 
1.270101e-01 3.980937e+03 4.090939e+03 
1.320505e-01 3.877964e+03 3.846537e+03 
1.370909e-01 3.750262e+03 3.622012e+03 
1.421313e-01 3.581709e+03 3.415348e+03 
1.471717e-01 3.372192e+03 3.224775e+03 
1.522121e-01 3.134165e+03 3.048727e+03 
1.572525e-01 2.886860e+03 2.885822e+03 
1.622929e-01 2.651307e+03 2.734831e+03 
1.673333e-01 2.445655e+03 2.594664e+03 
1.723737e-01 2.280780e+03 2.464347e+03 
1.774141e-01 2.158392e+03 2.343013e+03 
1.824545e-01 2.072704e+03 2.229884e+03 
1.874949e-01 2.013848e+03 2.124263e+03 
1.925354e-01 1.970245e+03 2.025523e+03 
1.975758e-01 1.929864e+03 1.933100e+03 
2.026162e-01 1.882230e+03 1.846486e+03 
2.076566e-01 1.820712e+03 1.765219e+03 
2.126970e-01 1.744106e+03 1.688884e+03 
2.177374e-01 1.655693e+03 1.617103e+03 
2.227778e-01 1.561541e+03 1.549533e+03 
2.278182e-01 1.468593e+03 1.485863e+03 
2.328586e-01 1.383165e+03 1.425807e+03 
2.378990e-01 1.309748e+03 1.369106e+03 
2.429394e-01 1.250372e+03 1.315524e+03 
2.479798e-01 1.204656e+03 1.264842e+03 
2.530202e-01 1.170220e+03 1.216863e+03 
2.580606e-01 1.143281e+03 1.171404e+03 
2.631010e-01 1.119444e+03 1.128296e+03 
2.681414e-01 1.094716e+03 1.087386e+03 
2.731818e-01 1.066386e+03 1.048532e+03 
2.782222e-01 1.033322e+03 1.011603e+03 
2.832626e-01 9.957926e+02 9.764771e+02 
2.883030e-01 9.551648e+02 9.430430e+02 
2.933434e-01 9.135681e+02 9.111972e+02 
2.983838e-01 8.733674e+02 8.808439e+02 
3.034242e-01 8.366320e+02 8.518942e+02 
3.084646e-01 8.046031e+02 8.242655e+02 
3.135051e-01 7.775960e+02 7.978813e+02 
3.185455e-01 7.551971e+02 7.726702e+02 
3.235859e-01 7.364384e+02 7.485659e+02 
3.286263e-01 7.199742e+02 7.255065e+02 
3.336667e-01 7.043487e+02 7.034344e+02 
3.387071e-01 6.883111e+02 6.822958e+02 
3.437475e-01 6.710756e+02 6.620404e+02 
3.487879e-01 6.523959e+02 6.426213e+02 
3.538283e-01 6.324776e+02 6.239943e+02 
3.588687e-01 6.118721e+02 6.061184e+02 
3.639091e-01 5.913330e+02 5.889550e+02 
3.689495e-01 5.716252e+02 5.724678e+02 
3.739899e-01 5.533584e+02 5.566229e+02 
3.790303e-01 5.368759e+02 5.413883e+02 
3.840707e-01 5.222281e+02 5.267342e+02 
3.891111e-01 5.092583e+02 5.126323e+02 
3.941515e-01 4.976098e+02 4.990559e+02 
3.991919e-01 4.868072e+02 4.859803e+02 
4.042323e-01 4.763526e+02 4.733817e+02 
4.092727e-01 4.658318e+02 4.612379e+02 
4.143131e-01 4.550227e+02 4.495281e+02 
4.193535e-01 4.438790e+02 4.382323e+02 
4.243939e-01 4.324858e+02 4.273320e+02 
4.294343e-01 4.210137e+02 4.168093e+02 
4.344747e-01 4.096928e+02 4.066477e+02 
4.395152e-01 3.987829e+02 3.968312e+02 
4.445556e-01 3.884912e+02 3.873450e+02 
4.495960e-01 3.789285e+02 3.781747e+02 
4.546364e-01 3.700965e+02 3.693070e+02 
4.596768e-01 3.619005e+02 3.607291e+02 
4.647172e-01 3.542319e+02 3.524289e+02 
4.697576e-01 3.469461e+02 3.443949e+02 
4.747980e-01 3.398842e+02 3.366162e+02 
4.798384e-01 3.328838e+02 3.290824e+02 
4.848788e-01 3.258638e+02 3.217836e+02 
4.899192e-01 3.188187e+02 3.147105e+02 
4.949596e-01 3.117796e+02 3.078541e+02 
5.000000e-01 3.048081e+02 3.012061e+02 
