1.000000e-03 4.961666e+03 4.961662e+03 
6.040404e-03 2.241217e+04 2.259294e+04 
1.108081e-02 3.076956e+04 3.107844e+04 
1.612121e-02 3.323268e+04 3.367405e+04 
2.116162e-02 3.193368e+04 3.208082e+04 
2.620202e-02 2.853457e+04 2.822917e+04 
3.124242e-02 2.434698e+04 2.410301e+04 
3.628283e-02 2.029118e+04 2.063299e+04 
4.132323e-02 1.688745e+04 1.790456e+04 
4.636364e-02 1.430640e+04 1.575151e+04 
5.140404e-02 1.254385e+04 1.401092e+04 
5.644444e-02 1.142668e+04 1.256833e+04 
6.148485e-02 1.074912e+04 1.134840e+04 
6.652525e-02 1.031600e+04 1.030092e+04 
7.156566e-02 9.940093e+03 9.391163e+03 
7.660606e-02 9.481331e+03 8.594052e+03 
8.164646e-02 8.869561e+03 7.890765e+03 
8.668687e-02 8.108295e+03 7.266712e+03 
9.172727e-02 7.253514e+03 6.710289e+03 
9.676768e-02 6.385980e+03 6.212081e+03 
1.018081e-01 5.588102e+03 5.764329e+03 
1.068485e-01 4.924023e+03 5.360565e+03 
1.118889e-01 4.425355e+03 4.995338e+03 
1.169293e-01 4.088768e+03 4.664023e+03 
1.219697e-01 3.887148e+03 4.362666e+03 
1.270101e-01 3.781687e+03 4.087870e+03 
1.320505e-01 3.728890e+03 3.836700e+03 
1.370909e-01 3.685025e+03 3.606610e+03 
1.421313e-01 3.612171e+03 3.395383e+03 
1.471717e-01 3.486168e+03 3.201079e+03 
1.522121e-01 3.300764e+03 3.021999e+03 
1.572525e-01 3.066594e+03 2.856646e+03 
1.622929e-01 2.806149e+03 2.703698e+03 
1.673333e-01 2.546788e+03 2.561986e+03 
1.723737e-01 2.313589e+03 2.430474e+03 
1.774141e-01 2.123076e+03 2.308237e+03 
1.824545e-01 1.981644e+03 2.194453e+03 
1.874949e-01 1.887457e+03 2.088386e+03 
1.925354e-01 1.832606e+03 1.989376e+03 
1.975758e-01 1.805012e+03 1.896832e+03 
2.026162e-01 1.789928e+03 1.810220e+03 
2.076566e-01 1.772740e+03 1.729062e+03 
2.126970e-01 1.741898e+03 1.652924e+03 
2.177374e-01 1.690813e+03 1.581413e+03 
2.227778e-01 1.618581e+03 1.514175e+03 
2.278182e-01 1.529338e+03 1.450885e+03 
2.328586e-01 1.431078e+03 1.391252e+03 
2.378990e-01 1.333069e+03 1.335008e+03 
2.429394e-01 1.243589e+03 1.281908e+03 
2.479798e-01 1.168403e+03 1.231731e+03 
2.530202e-01 1.110294e+03 1.184273e+03 
2.580606e-01 1.069274e+03 1.139346e+03 
2.631010e-01 1.042754e+03 1.096780e+03 
2.681414e-01 1.026191e+03 1.056417e+03 
2.731818e-01 1.014139e+03 1.018113e+03 
2.782222e-01 1.001461e+03 9.817338e+02 
2.832626e-01 9.842271e+02 9.471573e+02 
2.883030e-01 9.600139e+02 9.142698e+02 
2.933434e-01 9.281503e+02 8.829666e+02 
2.983838e-01 8.897725e+02 8.531506e+02 
3.034242e-01 8.475364e+02 8.247320e+02 
3.084646e-01 8.048526e+02 7.976276e+02 
3.135051e-01 7.648497e+02 7.717601e+02 
3.185455e-01 7.298095e+02 7.470576e+02 
3.235859e-01 7.009670e+02 7.234534e+02 
3.286263e-01 6.785391e+02 7.008854e+02 
3.336667e-01 6.618538e+02 6.792956e+02 
3.387071e-01 6.494528e+02 6.586301e+02 
3.437475e-01 6.393859e+02 6.388384e+02 
3.487879e-01 6.296487e+02 6.198735e+02 
3.538283e-01 6.186168e+02 6.016914e+02 
3.588687e-01 6.052786e+02 5.842510e+02 
3.639091e-01 5.892642e+02 5.675136e+02 
3.689495e-01 5.708460e+02 5.514431e+02 
3.739899e-01 5.507753e+02 5.360057e+02 
3.790303e-01 5.301775e+02 5.211695e+02 
3.840707e-01 5.102642e+02 5.069046e+02 
3.891111e-01 4.920092e+02 4.931831e+02 
3.941515e-01 4.760405e+02 4.799785e+02 
3.991919e-01 4.625739e+02 4.672660e+02 
4.042323e-01 4.514789e+02 4.550221e+02 
4.092727e-01 4.423049e+02 4.432248e+02 
4.143131e-01 4.343875e+02 4.318533e+02 
4.193535e-01 4.269832e+02 4.208880e+02 
4.243939e-01 4.194186e+02 4.103104e+02 
4.294343e-01 4.112157e+02 4.001029e+02 
4.344747e-01 4.021395e+02 3.902490e+02 
4.395152e-01 3.921996e+02 3.807331e+02 
4.445556e-01 3.815805e+02 3.715403e+02 
4.495960e-01 3.706316e+02 3.626567e+02 
4.546364e-01 3.598111e+02 3.540689e+02 
4.596768e-01 3.495292e+02 3.457644e+02 
4.647172e-01 3.400720e+02 3.377312e+02 
4.697576e-01 3.315916e+02 3.299579e+02 
4.747980e-01 3.241025e+02 3.224339e+02 
4.798384e-01 3.174978e+02 3.151489e+02 
4.848788e-01 3.115677e+02 3.080933e+02 
4.899192e-01 3.060411e+02 3.012577e+02 
4.949596e-01 3.006433e+02 2.946334e+02 
5.000000e-01 2.951453e+02 2.882120e+02 
