1.000000e-03 4.613866e+03 4.613862e+03 
6.040404e-03 2.059696e+04 2.075910e+04 
1.108081e-02 2.783417e+04 2.806132e+04 
1.612121e-02 2.969510e+04 2.993950e+04 
2.116162e-02 2.831902e+04 2.828862e+04 
2.620202e-02 2.526913e+04 2.505635e+04 
3.124242e-02 2.170356e+04 2.179843e+04 
3.628283e-02 1.837734e+04 1.906325e+04 
4.132323e-02 1.567478e+04 1.684661e+04 
4.636364e-02 1.367664e+04 1.502791e+04 
5.140404e-02 1.234492e+04 1.350445e+04 
5.644444e-02 1.148053e+04 1.220545e+04 
6.148485e-02 1.089288e+04 1.108303e+04 
6.652525e-02 1.039488e+04 1.010366e+04 
7.156566e-02 9.853269e+03 9.242741e+03 
7.660606e-02 9.191685e+03 8.481494e+03 
8.164646e-02 8.403700e+03 7.805093e+03 
8.668687e-02 7.542187e+03 7.201557e+03 
9.172727e-02 6.686932e+03 6.661028e+03 
9.676768e-02 5.914284e+03 6.175289e+03 
1.018081e-01 5.279228e+03 5.737423e+03 
1.068485e-01 4.804474e+03 5.341564e+03 
1.118889e-01 4.480821e+03 4.982704e+03 
1.169293e-01 4.276472e+03 4.656544e+03 
1.219697e-01 4.148304e+03 4.359381e+03 
1.270101e-01 4.050594e+03 4.088006e+03 
1.320505e-01 3.941923e+03 3.839633e+03 
1.370909e-01 3.794091e+03 3.611831e+03 
1.421313e-01 3.597386e+03 3.402474e+03 
1.471717e-01 3.358957e+03 3.209697e+03 
1.522121e-01 3.096615e+03 3.031858e+03 
1.572525e-01 2.833993e+03 2.867509e+03 
1.622929e-01 2.595049e+03 2.715368e+03 
1.673333e-01 2.397611e+03 2.574298e+03 
1.723737e-01 2.248112e+03 2.443288e+03 
1.774141e-01 2.142822e+03 2.321438e+03 
1.824545e-01 2.072285e+03 2.207941e+03 
1.874949e-01 2.024482e+03 2.102079e+03 
1.925354e-01 1.986003e+03 2.003205e+03 
1.975758e-01 1.943319e+03 1.910737e+03 
2.026162e-01 1.886562e+03 1.824153e+03 
2.076566e-01 1.812227e+03 1.742980e+03 
2.126970e-01 1.722834e+03 1.666792e+03 
2.177374e-01 1.624443e+03 1.595203e+03 
2.227778e-01 1.524551e+03 1.527860e+03 
2.278182e-01 1.430679e+03 1.464447e+03 
2.328586e-01 1.348918e+03 1.404673e+03 
2.378990e-01 1.282581e+03 1.348273e+03 
2.429394e-01 1.231823e+03 1.295008e+03 
2.479798e-01 1.194267e+03 1.244655e+03 
2.530202e-01 1.165889e+03 1.197014e+03 
2.580606e-01 1.141929e+03 1.151899e+03 
2.631010e-01 1.117782e+03 1.109140e+03 
2.681414e-01 1.089957e+03 1.068582e+03 
2.731818e-01 1.056711e+03 1.030081e+03 
2.782222e-01 1.018166e+03 9.935035e+02 
2.832626e-01 9.758547e+02 9.587283e+02 
2.883030e-01 9.321235e+02 9.256425e+02 
2.933434e-01 8.895906e+02 8.941417e+02 
2.983838e-01 8.505746e+02 8.641295e+02 
3.034242e-01 8.166657e+02 8.355165e+02 
3.084646e-01 7.883724e+02 8.082196e+02 
3.135051e-01 7.652339e+02 7.821619e+02 
3.185455e-01 7.460706e+02 7.572717e+02 
3.235859e-01 7.293623e+02 7.334826e+02 
3.286263e-01 7.135425e+02 7.107324e+02 
3.336667e-01 6.972721e+02 6.889635e+02 
3.387071e-01 6.796083e+02 6.681219e+02 
3.437475e-01 6.602146e+02 6.481573e+02 
3.487879e-01 6.393991e+02 6.290226e+02 
3.538283e-01 6.178959e+02 6.106740e+02 
3.588687e-01 5.965526e+02 5.930702e+02 
3.639091e-01 5.761524e+02 5.761727e+02 
3.689495e-01 5.573344e+02 5.599453e+02 
3.739899e-01 5.404857e+02 5.443542e+02 
3.790303e-01 5.256818e+02 5.293675e+02 
3.840707e-01 5.126812e+02 5.149553e+02 
3.891111e-01 5.009931e+02 5.010896e+02 
3.941515e-01 4.900637e+02 4.877439e+02 
3.991919e-01 4.793922e+02 4.748932e+02 
4.042323e-01 4.685855e+02 4.625142e+02 
4.092727e-01 4.574184e+02 4.505847e+02 
4.143131e-01 4.458281e+02 4.390839e+02 
4.193535e-01 4.339700e+02 4.279922e+02 
4.243939e-01 4.220878e+02 4.172908e+02 
4.294343e-01 4.104759e+02 4.069624e+02 
4.344747e-01 3.993720e+02 3.969902e+02 
4.395152e-01 3.889712e+02 3.873586e+02 
4.445556e-01 3.793638e+02 3.780527e+02 
4.495960e-01 3.705346e+02 3.690584e+02 
4.546364e-01 3.623694e+02 3.603624e+02 
4.596768e-01 3.547048e+02 3.519520e+02 
4.647172e-01 3.473463e+02 3.438153e+02 
4.697576e-01 3.401422e+02 3.359408e+02 
4.747980e-01 3.329714e+02 3.283178e+02 
4.798384e-01 3.257540e+02 3.209360e+02 
4.848788e-01 3.184912e+02 3.137856e+02 
4.899192e-01 3.112456e+02 3.068573e+02 
4.949596e-01 3.041054e+02 3.001423e+02 
5.000000e-01 2.971542e+02 2.936322e+02 
