1.000000e-03 6.131940e+03 6.131934e+03 
6.040404e-03 2.819975e+04 2.843709e+04 
1.108081e-02 3.870010e+04 3.915394e+04 
1.612121e-02 4.157206e+04 4.230091e+04 
2.116162e-02 3.953869e+04 3.991810e+04 
2.620202e-02 3.476329e+04 3.439416e+04 
3.124242e-02 2.898333e+04 2.848066e+04 
3.628283e-02 2.343408e+04 2.360641e+04 
4.132323e-02 1.881401e+04 1.991623e+04 
4.636364e-02 1.534821e+04 1.713026e+04 
5.140404e-02 1.301453e+04 1.497048e+04 
5.644444e-02 1.159001e+04 1.324363e+04 
6.148485e-02 1.080973e+04 1.182559e+04 
6.652525e-02 1.041610e+04 1.063649e+04 
7.156566e-02 1.017197e+04 9.623284e+03 
7.660606e-02 9.884445e+03 8.749281e+03 
8.164646e-02 9.420961e+03 7.988062e+03 
8.668687e-02 8.733631e+03 7.319916e+03 
9.172727e-02 7.857041e+03 6.729693e+03 
9.676768e-02 6.883415e+03 6.205463e+03 
1.018081e-01 5.925483e+03 5.737643e+03 
1.068485e-01 5.082262e+03 5.318418e+03 
1.118889e-01 4.415217e+03 4.941327e+03 
1.169293e-01 3.942818e+03 4.600975e+03 
1.219697e-01 3.651303e+03 4.292820e+03 
1.270101e-01 3.508167e+03 4.013003e+03 
1.320505e-01 3.469252e+03 3.758231e+03 
1.370909e-01 3.483414e+03 3.525671e+03 
1.421313e-01 3.499074e+03 3.312882e+03 
1.471717e-01 3.472956e+03 3.117742e+03 
1.522121e-01 3.377330e+03 2.938407e+03 
1.572525e-01 3.203578e+03 2.773262e+03 
1.622929e-01 2.962806e+03 2.620890e+03 
1.673333e-01 2.682846e+03 2.480047e+03 
1.723737e-01 2.399342e+03 2.349632e+03 
1.774141e-01 2.143591e+03 2.228670e+03 
1.824545e-01 1.935260e+03 2.116297e+03 
1.874949e-01 1.782642e+03 2.011742e+03 
1.925354e-01 1.685446e+03 1.914318e+03 
1.975758e-01 1.636904e+03 1.823411e+03 
2.026162e-01 1.624662e+03 1.738469e+03 
2.076566e-01 1.632208e+03 1.658997e+03 
2.126970e-01 1.641948e+03 1.584549e+03 
2.177374e-01 1.638737e+03 1.514724e+03 
2.227778e-01 1.612179e+03 1.449158e+03 
2.278182e-01 1.557827e+03 1.387522e+03 
2.328586e-01 1.477637e+03 1.329517e+03 
2.378990e-01 1.379262e+03 1.274872e+03 
2.429394e-01 1.273675e+03 1.223340e+03 
2.479798e-01 1.172139e+03 1.174697e+03 
2.530202e-01 1.083670e+03 1.128736e+03 
2.580606e-01 1.013745e+03 1.085270e+03 
2.631010e-01 9.642527e+02 1.044127e+03 
2.681414e-01 9.339615e+02 1.005149e+03 
2.731818e-01 9.191471e+02 9.681916e+02 
2.782222e-01 9.144151e+02 9.331213e+02 
2.832626e-01 9.136451e+02 8.998158e+02 
2.883030e-01 9.109208e+02 8.681620e+02 
2.933434e-01 9.014225e+02 8.380558e+02 
2.983838e-01 8.822406e+02 8.094009e+02 
3.034242e-01 8.528096e+02 7.821081e+02 
3.084646e-01 8.147843e+02 7.560951e+02 
3.135051e-01 7.715362e+02 7.312855e+02 
3.185455e-01 7.271388e+02 7.076082e+02 
3.235859e-01 6.854318e+02 6.849976e+02 
3.286263e-01 6.493503e+02 6.633923e+02 
3.336667e-01 6.205688e+02 6.427354e+02 
3.387071e-01 5.995068e+02 6.229737e+02 
3.437475e-01 5.854736e+02 6.040579e+02 
3.487879e-01 5.768982e+02 5.859417e+02 
3.538283e-01 5.715647e+02 5.685820e+02 
3.588687e-01 5.670794e+02 5.519386e+02 
3.639091e-01 5.612992e+02 5.359736e+02 
3.689495e-01 5.526762e+02 5.206519e+02 
3.739899e-01 5.404034e+02 5.059403e+02 
3.790303e-01 5.244845e+02 4.918078e+02 
3.840707e-01 5.056377e+02 4.782253e+02 
3.891111e-01 4.851392e+02 4.651654e+02 
3.941515e-01 4.645335e+02 4.526025e+02 
3.991919e-01 4.452382e+02 4.405125e+02 
4.042323e-01 4.282875e+02 4.288725e+02 
4.092727e-01 4.142481e+02 4.176612e+02 
4.143131e-01 4.032241e+02 4.068584e+02 
4.193535e-01 3.949055e+02 3.964451e+02 
4.243939e-01 3.886508e+02 3.864033e+02 
4.294343e-01 3.835938e+02 3.767161e+02 
4.344747e-01 3.788116e+02 3.673674e+02 
4.395152e-01 3.735185e+02 3.583422e+02 
4.445556e-01 3.671493e+02 3.496261e+02 
4.495960e-01 3.594355e+02 3.412056e+02 
4.546364e-01 3.504043e+02 3.330679e+02 
4.596768e-01 3.403541e+02 3.252008e+02 
4.647172e-01 3.297780e+02 3.175929e+02 
4.697576e-01 3.192468e+02 3.102331e+02 
4.747980e-01 3.092833e+02 3.031111e+02 
4.798384e-01 3.002834e+02 2.962172e+02 
4.848788e-01 2.924592e+02 2.895419e+02 
4.899192e-01 2.858658e+02 2.830764e+02 
4.949596e-01 2.803718e+02 2.768122e+02 
5.000000e-01 2.757184e+02 2.707413e+02 
