1.000000e-03 2.363165e+03 2.363163e+03 
6.040404e-03 1.061484e+04 1.069000e+04 
1.108081e-02 1.461474e+04 1.462148e+04 
1.612121e-02 1.613744e+04 1.602687e+04 
2.116162e-02 1.623245e+04 1.603874e+04 
2.620202e-02 1.556488e+04 1.541464e+04 
3.124242e-02 1.456724e+04 1.455718e+04 
3.628283e-02 1.350213e+04 1.363272e+04 
4.132323e-02 1.250338e+04 1.271094e+04 
4.636364e-02 1.160502e+04 1.182447e+04 
5.140404e-02 1.082711e+04 1.098891e+04 
5.644444e-02 1.010470e+04 1.021085e+04 
6.148485e-02 9.422987e+03 9.491717e+03 
6.652525e-02 8.768852e+03 8.830090e+03 
7.156566e-02 8.133295e+03 8.222981e+03 
7.660606e-02 7.526688e+03 7.666657e+03 
8.164646e-02 6.970003e+03 7.157114e+03 
8.668687e-02 6.476503e+03 6.690358e+03 
9.172727e-02 6.044383e+03 6.262557e+03 
9.676768e-02 5.666454e+03 5.870123e+03 
1.018081e-01 5.335733e+03 5.509752e+03 
1.068485e-01 5.042083e+03 5.178426e+03 
1.118889e-01 4.770498e+03 4.873411e+03 
1.169293e-01 4.508423e+03 4.592238e+03 
1.219697e-01 4.252677e+03 4.332685e+03 
1.270101e-01 4.006438e+03 4.092756e+03 
1.320505e-01 3.774443e+03 3.870658e+03 
1.370909e-01 3.560184e+03 3.664780e+03 
1.421313e-01 3.365424e+03 3.473677e+03 
1.471717e-01 3.189906e+03 3.296050e+03 
1.522121e-01 3.032044e+03 3.130731e+03 
1.572525e-01 2.889377e+03 2.976668e+03 
1.622929e-01 2.758641e+03 2.832916e+03 
1.673333e-01 2.636025e+03 2.698618e+03 
1.723737e-01 2.518487e+03 2.573003e+03 
1.774141e-01 2.405213e+03 2.455373e+03 
1.824545e-01 2.296703e+03 2.345095e+03 
1.874949e-01 2.193526e+03 2.241597e+03 
1.925354e-01 2.095961e+03 2.144357e+03 
1.975758e-01 2.004644e+03 2.052902e+03 
2.026162e-01 1.920134e+03 1.966802e+03 
2.076566e-01 1.842145e+03 1.885663e+03 
2.126970e-01 1.769610e+03 1.809126e+03 
2.177374e-01 1.701393e+03 1.736863e+03 
2.227778e-01 1.636849e+03 1.668575e+03 
2.278182e-01 1.575484e+03 1.603987e+03 
2.328586e-01 1.516823e+03 1.542845e+03 
2.378990e-01 1.460570e+03 1.484918e+03 
2.429394e-01 1.406766e+03 1.429993e+03 
2.479798e-01 1.355652e+03 1.377874e+03 
2.530202e-01 1.307180e+03 1.328379e+03 
2.580606e-01 1.261215e+03 1.281342e+03 
2.631010e-01 1.217684e+03 1.236609e+03 
2.681414e-01 1.176531e+03 1.194036e+03 
2.731818e-01 1.137562e+03 1.153492e+03 
2.782222e-01 1.100433e+03 1.114855e+03 
2.832626e-01 1.064874e+03 1.078010e+03 
2.883030e-01 1.030789e+03 1.042852e+03 
2.933434e-01 9.981650e+02 1.009284e+03 
2.983838e-01 9.669345e+02 9.772146e+02 
3.034242e-01 9.370045e+02 9.465583e+02 
3.084646e-01 9.083175e+02 9.172365e+02 
3.135051e-01 8.808620e+02 8.891753e+02 
3.185455e-01 8.546290e+02 8.623060e+02 
3.235859e-01 8.295556e+02 8.365642e+02 
3.286263e-01 8.055277e+02 8.118899e+02 
3.336667e-01 7.824557e+02 7.882267e+02 
3.387071e-01 7.603000e+02 7.655219e+02 
3.437475e-01 7.390328e+02 7.437263e+02 
3.487879e-01 7.185923e+02 7.227934e+02 
3.538283e-01 6.989084e+02 7.026799e+02 
3.588687e-01 6.799395e+02 6.833448e+02 
3.639091e-01 6.616805e+02 6.647499e+02 
3.689495e-01 6.441298e+02 6.468591e+02 
3.739899e-01 6.272511e+02 6.296384e+02 
3.790303e-01 6.109812e+02 6.130558e+02 
3.840707e-01 5.952887e+02 5.970811e+02 
3.891111e-01 5.801635e+02 5.816861e+02 
3.941515e-01 5.655920e+02 5.668439e+02 
3.991919e-01 5.515400e+02 5.525291e+02 
4.042323e-01 5.379575e+02 5.387178e+02 
4.092727e-01 5.248260e+02 5.253876e+02 
4.143131e-01 5.121432e+02 5.125169e+02 
4.193535e-01 4.998995e+02 5.000856e+02 
4.243939e-01 4.880678e+02 4.880746e+02 
4.294343e-01 4.766156e+02 4.764656e+02 
4.344747e-01 4.655362e+02 4.652416e+02 
4.395152e-01 4.548241e+02 4.543862e+02 
4.445556e-01 4.444653e+02 4.438839e+02 
4.495960e-01 4.344370e+02 4.337201e+02 
4.546364e-01 4.247134e+02 4.238809e+02 
4.596768e-01 4.152918e+02 4.143530e+02 
4.647172e-01 4.061680e+02 4.051238e+02 
4.697576e-01 3.973283e+02 3.961813e+02 
4.747980e-01 3.887538e+02 3.875142e+02 
4.798384e-01 3.804299e+02 3.791117e+02 
4.848788e-01 3.723533e+02 3.709634e+02 
4.899192e-01 3.645244e+02 3.630594e+02 
4.949596e-01 3.569298e+02 3.553904e+02 
5.000000e-01 3.495497e+02 3.479475e+02 
