1.000000e-03 3.914340e+03 3.914336e+03 
6.040404e-03 1.733310e+04 1.746526e+04 
1.108081e-02 2.345110e+04 2.359703e+04 
1.612121e-02 2.517012e+04 2.527547e+04 
2.116162e-02 2.427631e+04 2.418086e+04 
2.620202e-02 2.203289e+04 2.188560e+04 
3.124242e-02 1.935000e+04 1.950987e+04 
3.628283e-02 1.681301e+04 1.743109e+04 
4.132323e-02 1.471968e+04 1.566699e+04 
4.636364e-02 1.313471e+04 1.415928e+04 
5.140404e-02 1.202530e+04 1.285449e+04 
5.644444e-02 1.123752e+04 1.171367e+04 
6.148485e-02 1.062601e+04 1.070867e+04 
6.652525e-02 1.005282e+04 9.818352e+03 
7.156566e-02 9.430280e+03 9.026147e+03 
7.660606e-02 8.722008e+03 8.318634e+03 
8.164646e-02 7.947036e+03 7.684695e+03 
8.668687e-02 7.159276e+03 7.114982e+03 
9.172727e-02 6.419768e+03 6.601561e+03 
9.676768e-02 5.778181e+03 6.137645e+03 
1.018081e-01 5.264925e+03 5.717402e+03 
1.068485e-01 4.884570e+03 5.335800e+03 
1.118889e-01 4.616860e+03 4.988479e+03 
1.169293e-01 4.425931e+03 4.671653e+03 
1.219697e-01 4.272844e+03 4.382023e+03 
1.270101e-01 4.123100e+03 4.116707e+03 
1.320505e-01 3.951608e+03 3.873179e+03 
1.370909e-01 3.746946e+03 3.649222e+03 
1.421313e-01 3.513120e+03 3.442882e+03 
1.471717e-01 3.264347e+03 3.252437e+03 
1.522121e-01 3.018361e+03 3.076362e+03 
1.572525e-01 2.792278e+03 2.913305e+03 
1.622929e-01 2.599579e+03 2.762063e+03 
1.673333e-01 2.446896e+03 2.621568e+03 
1.723737e-01 2.332087e+03 2.490862e+03 
1.774141e-01 2.246261e+03 2.369091e+03 
1.824545e-01 2.178200e+03 2.255490e+03 
1.874949e-01 2.117175e+03 2.149371e+03 
1.925354e-01 2.053786e+03 2.050114e+03 
1.975758e-01 1.981219e+03 1.957161e+03 
2.026162e-01 1.897049e+03 1.870009e+03 
2.076566e-01 1.803694e+03 1.788202e+03 
2.126970e-01 1.706679e+03 1.711327e+03 
2.177374e-01 1.612116e+03 1.639009e+03 
2.227778e-01 1.525119e+03 1.570907e+03 
2.278182e-01 1.449207e+03 1.506710e+03 
2.328586e-01 1.385908e+03 1.446137e+03 
2.378990e-01 1.334586e+03 1.388928e+03 
2.429394e-01 1.292803e+03 1.334848e+03 
2.479798e-01 1.257066e+03 1.283679e+03 
2.530202e-01 1.223659e+03 1.235224e+03 
2.580606e-01 1.189414e+03 1.189300e+03 
2.631010e-01 1.152388e+03 1.145740e+03 
2.681414e-01 1.112171e+03 1.104390e+03 
2.731818e-01 1.069559e+03 1.065107e+03 
2.782222e-01 1.026092e+03 1.027760e+03 
2.832626e-01 9.835625e+02 9.922285e+02 
2.883030e-01 9.436646e+02 9.584004e+02 
2.933434e-01 9.076443e+02 9.261720e+02 
2.983838e-01 8.760210e+02 8.954472e+02 
3.034242e-01 8.485703e+02 8.661368e+02 
3.084646e-01 8.245011e+02 8.381582e+02 
3.135051e-01 8.027411e+02 8.114344e+02 
3.185455e-01 7.821346e+02 7.858939e+02 
3.235859e-01 7.616760e+02 7.614700e+02 
3.286263e-01 7.407243e+02 7.381006e+02 
3.336667e-01 7.190673e+02 7.157278e+02 
3.387071e-01 6.968720e+02 6.942975e+02 
3.437475e-01 6.745719e+02 6.737592e+02 
3.487879e-01 6.527353e+02 6.540655e+02 
3.538283e-01 6.319125e+02 6.351723e+02 
3.588687e-01 6.125285e+02 6.170381e+02 
3.639091e-01 5.947287e+02 5.996240e+02 
3.689495e-01 5.784565e+02 5.828937e+02 
3.739899e-01 5.635010e+02 5.668128e+02 
3.790303e-01 5.495769e+02 5.513492e+02 
3.840707e-01 5.363174e+02 5.364727e+02 
3.891111e-01 5.233861e+02 5.221550e+02 
3.941515e-01 5.105212e+02 5.083691e+02 
3.991919e-01 4.976177e+02 4.950900e+02 
4.042323e-01 4.847255e+02 4.822938e+02 
4.092727e-01 4.719573e+02 4.699581e+02 
4.143131e-01 4.594577e+02 4.580618e+02 
4.193535e-01 4.473797e+02 4.465849e+02 
4.243939e-01 4.358489e+02 4.355086e+02 
4.294343e-01 4.249555e+02 4.248148e+02 
4.344747e-01 4.147114e+02 4.144869e+02 
4.395152e-01 4.050433e+02 4.045088e+02 
4.445556e-01 3.958443e+02 3.948654e+02 
4.495960e-01 3.870187e+02 3.855422e+02 
4.546364e-01 3.784649e+02 3.765258e+02 
4.596768e-01 3.700965e+02 3.678033e+02 
4.647172e-01 3.618475e+02 3.593623e+02 
4.697576e-01 3.537019e+02 3.511914e+02 
4.747980e-01 3.456910e+02 3.432793e+02 
4.798384e-01 3.378654e+02 3.356157e+02 
4.848788e-01 3.302600e+02 3.281906e+02 
4.899192e-01 3.229061e+02 3.209945e+02 
4.949596e-01 3.158345e+02 3.140183e+02 
5.000000e-01 3.090585e+02 3.072535e+02 
