1.000000e-03 5.298893e+03 5.298888e+03 
6.040404e-03 2.366690e+04 2.386027e+04 
1.108081e-02 3.210629e+04 3.242241e+04 
1.612121e-02 3.431494e+04 3.474357e+04 
2.116162e-02 3.266945e+04 3.278327e+04 
2.620202e-02 2.895524e+04 2.866569e+04 
3.124242e-02 2.454365e+04 2.441129e+04 
3.628283e-02 2.036583e+04 2.088309e+04 
4.132323e-02 1.692418e+04 1.811761e+04 
4.636364e-02 1.435596e+04 1.593263e+04 
5.140404e-02 1.263707e+04 1.416250e+04 
5.644444e-02 1.156579e+04 1.269311e+04 
6.148485e-02 1.092263e+04 1.144956e+04 
6.652525e-02 1.049195e+04 1.038172e+04 
7.156566e-02 1.008967e+04 9.454689e+03 
7.660606e-02 9.585113e+03 8.643062e+03 
8.164646e-02 8.916267e+03 7.927658e+03 
8.668687e-02 8.097540e+03 7.293537e+03 
9.172727e-02 7.197843e+03 6.728775e+03 
9.676768e-02 6.308519e+03 6.223677e+03 
1.018081e-01 5.514220e+03 5.770247e+03 
1.068485e-01 4.872510e+03 5.361812e+03 
1.118889e-01 4.404211e+03 4.992755e+03 
1.169293e-01 4.098140e+03 4.658308e+03 
1.219697e-01 3.922290e+03 4.354401e+03 
1.270101e-01 3.833895e+03 4.077540e+03 
1.320505e-01 3.785281e+03 3.824710e+03 
1.370909e-01 3.730663e+03 3.593296e+03 
1.421313e-01 3.635187e+03 3.381027e+03 
1.471717e-01 3.481521e+03 3.185916e+03 
1.522121e-01 3.270315e+03 3.006225e+03 
1.572525e-01 3.016754e+03 2.840423e+03 
1.622929e-01 2.746416e+03 2.687164e+03 
1.673333e-01 2.488283e+03 2.545254e+03 
1.723737e-01 2.266069e+03 2.413639e+03 
1.774141e-01 2.092339e+03 2.291377e+03 
1.824545e-01 1.968820e+03 2.177634e+03 
1.874949e-01 1.890162e+03 2.071661e+03 
1.925354e-01 1.846458e+03 1.972789e+03 
1.975758e-01 1.824200e+03 1.880419e+03 
2.026162e-01 1.807780e+03 1.794012e+03 
2.076566e-01 1.782810e+03 1.713081e+03 
2.126970e-01 1.739749e+03 1.637188e+03 
2.177374e-01 1.675329e+03 1.565937e+03 
2.227778e-01 1.591786e+03 1.498970e+03 
2.278182e-01 1.495411e+03 1.435960e+03 
2.328586e-01 1.394920e+03 1.376612e+03 
2.378990e-01 1.299428e+03 1.320656e+03 
2.429394e-01 1.216284e+03 1.267846e+03 
2.479798e-01 1.149711e+03 1.217960e+03 
2.530202e-01 1.100637e+03 1.170791e+03 
2.580606e-01 1.067267e+03 1.126152e+03 
2.631010e-01 1.045741e+03 1.083871e+03 
2.681414e-01 1.030963e+03 1.043790e+03 
2.731818e-01 1.017571e+03 1.005763e+03 
2.782222e-01 1.000984e+03 9.696576e+02 
2.832626e-01 9.781361e+02 9.353497e+02 
2.883030e-01 9.478591e+02 9.027258e+02 
2.933434e-01 9.108520e+02 8.716808e+02 
2.983838e-01 8.693278e+02 8.421177e+02 
3.034242e-01 8.263675e+02 8.139464e+02 
3.084646e-01 7.851350e+02 7.870838e+02 
3.135051e-01 7.482515e+02 7.614523e+02 
3.185455e-01 7.173075e+02 7.369803e+02 
3.235859e-01 6.927424e+02 7.136011e+02 
3.286263e-01 6.739995e+02 6.912524e+02 
3.336667e-01 6.597724e+02 6.698764e+02 
3.387071e-01 6.483121e+02 6.494193e+02 
3.437475e-01 6.377184e+02 6.298307e+02 
3.487879e-01 6.262741e+02 6.110636e+02 
3.538283e-01 6.127733e+02 5.930741e+02 
3.588687e-01 5.967593e+02 5.758212e+02 
3.639091e-01 5.784496e+02 5.592665e+02 
3.689495e-01 5.585483e+02 5.433738e+02 
3.739899e-01 5.380467e+02 5.281094e+02 
3.790303e-01 5.180225e+02 5.134417e+02 
3.840707e-01 4.994521e+02 4.993409e+02 
3.891111e-01 4.830511e+02 4.857791e+02 
3.941515e-01 4.690834e+02 4.727299e+02 
3.991919e-01 4.574039e+02 4.601686e+02 
4.042323e-01 4.475813e+02 4.480719e+02 
4.092727e-01 4.390153e+02 4.364180e+02 
4.143131e-01 4.310377e+02 4.251860e+02 
4.193535e-01 4.230164e+02 4.143566e+02 
4.243939e-01 4.144621e+02 4.039112e+02 
4.294343e-01 4.051344e+02 3.938325e+02 
4.344747e-01 3.950332e+02 3.841040e+02 
4.395152e-01 3.843595e+02 3.747102e+02 
4.445556e-01 3.734447e+02 3.656364e+02 
4.495960e-01 3.626652e+02 3.568687e+02 
4.546364e-01 3.523925e+02 3.483938e+02 
4.596768e-01 3.429031e+02 3.401992e+02 
4.647172e-01 3.343506e+02 3.322732e+02 
4.697576e-01 3.267296e+02 3.246043e+02 
4.747980e-01 3.199210e+02 3.171821e+02 
4.798384e-01 3.137331e+02 3.099963e+02 
4.848788e-01 3.079167e+02 3.030373e+02 
4.899192e-01 3.022312e+02 2.962960e+02 
4.949596e-01 2.964812e+02 2.897636e+02 
5.000000e-01 2.905396e+02 2.834319e+02 
