1.000000e-03 3.169884e+03 3.169881e+03 
6.040404e-03 1.429774e+04 1.440125e+04 
1.108081e-02 1.951397e+04 1.959071e+04 
1.612121e-02 2.115964e+04 2.115224e+04 
2.116162e-02 2.070088e+04 2.055350e+04 
2.620202e-02 1.915218e+04 1.904629e+04 
3.124242e-02 1.722658e+04 1.740322e+04 
3.628283e-02 1.537176e+04 1.587729e+04 
4.132323e-02 1.380964e+04 1.450634e+04 
4.636364e-02 1.258888e+04 1.327921e+04 
5.140404e-02 1.166996e+04 1.217936e+04 
5.644444e-02 1.094184e+04 1.119203e+04 
6.148485e-02 1.029920e+04 1.030456e+04 
6.652525e-02 9.658391e+03 9.505821e+03 
7.156566e-02 8.974916e+03 8.785959e+03 
7.660606e-02 8.249119e+03 8.136204e+03 
8.164646e-02 7.518620e+03 7.548759e+03 
8.668687e-02 6.831028e+03 7.016710e+03 
9.172727e-02 6.222965e+03 6.533946e+03 
9.676768e-02 5.716858e+03 6.095073e+03 
1.018081e-01 5.319360e+03 5.695334e+03 
1.068485e-01 5.017375e+03 5.330545e+03 
1.118889e-01 4.780864e+03 4.997015e+03 
1.169293e-01 4.575217e+03 4.691494e+03 
1.219697e-01 4.373154e+03 4.411115e+03 
1.270101e-01 4.158527e+03 4.153347e+03 
1.320505e-01 3.926006e+03 3.915951e+03 
1.370909e-01 3.680671e+03 3.696944e+03 
1.421313e-01 3.434843e+03 3.494567e+03 
1.471717e-01 3.202509e+03 3.307258e+03 
1.522121e-01 2.994553e+03 3.133624e+03 
1.572525e-01 2.817573e+03 2.972426e+03 
1.622929e-01 2.673163e+03 2.822554e+03 
1.673333e-01 2.556926e+03 2.683017e+03 
1.723737e-01 2.459899e+03 2.552924e+03 
1.774141e-01 2.372303e+03 2.431476e+03 
1.824545e-01 2.286384e+03 2.317955e+03 
1.874949e-01 2.197231e+03 2.211712e+03 
1.925354e-01 2.102754e+03 2.112161e+03 
1.975758e-01 2.003875e+03 2.018773e+03 
2.026162e-01 1.904224e+03 1.931069e+03 
2.076566e-01 1.808415e+03 1.848613e+03 
2.126970e-01 1.720221e+03 1.771011e+03 
2.177374e-01 1.641751e+03 1.697901e+03 
2.227778e-01 1.573519e+03 1.628957e+03 
2.278182e-01 1.514572e+03 1.563879e+03 
2.328586e-01 1.462733e+03 1.502392e+03 
2.378990e-01 1.415368e+03 1.444248e+03 
2.429394e-01 1.370079e+03 1.389216e+03 
2.479798e-01 1.324999e+03 1.337085e+03 
2.530202e-01 1.279016e+03 1.287662e+03 
2.580606e-01 1.232033e+03 1.240769e+03 
2.631010e-01 1.184975e+03 1.196242e+03 
2.681414e-01 1.139237e+03 1.153929e+03 
2.731818e-01 1.095953e+03 1.113691e+03 
2.782222e-01 1.055763e+03 1.075400e+03 
2.832626e-01 1.018965e+03 1.038935e+03 
2.883030e-01 9.855798e+02 1.004186e+03 
2.933434e-01 9.551798e+02 9.710501e+02 
2.983838e-01 9.269682e+02 9.394328e+02 
3.034242e-01 9.000657e+02 9.092454e+02 
3.084646e-01 8.738454e+02 8.804058e+02 
3.135051e-01 8.479929e+02 8.528375e+02 
3.185455e-01 8.223754e+02 8.264691e+02 
3.235859e-01 7.970314e+02 8.012343e+02 
3.286263e-01 7.722001e+02 7.770710e+02 
3.336667e-01 7.482338e+02 7.539214e+02 
3.387071e-01 7.254726e+02 7.317313e+02 
3.437475e-01 7.040490e+02 7.104500e+02 
3.487879e-01 6.839376e+02 6.900302e+02 
3.538283e-01 6.650390e+02 6.704274e+02 
3.588687e-01 6.471912e+02 6.516000e+02 
3.639091e-01 6.301719e+02 6.335088e+02 
3.689495e-01 6.137600e+02 6.161172e+02 
3.739899e-01 5.977868e+02 5.993907e+02 
3.790303e-01 5.821639e+02 5.832968e+02 
3.840707e-01 5.668881e+02 5.678050e+02 
3.891111e-01 5.519904e+02 5.528867e+02 
3.941515e-01 5.375095e+02 5.385146e+02 
3.991919e-01 5.235310e+02 5.246632e+02 
4.042323e-01 5.101318e+02 5.113086e+02 
4.092727e-01 4.973425e+02 4.984278e+02 
4.143131e-01 4.851121e+02 4.859996e+02 
4.193535e-01 4.733931e+02 4.740035e+02 
4.243939e-01 4.621344e+02 4.624203e+02 
4.294343e-01 4.512870e+02 4.512320e+02 
4.344747e-01 4.407855e+02 4.404212e+02 
4.395152e-01 4.305687e+02 4.299718e+02 
4.445556e-01 4.206079e+02 4.198683e+02 
4.495960e-01 4.109115e+02 4.100960e+02 
4.546364e-01 4.015069e+02 4.006411e+02 
4.596768e-01 3.923779e+02 3.914904e+02 
4.647172e-01 3.835237e+02 3.826313e+02 
4.697576e-01 3.749615e+02 3.740521e+02 
4.747980e-01 3.667084e+02 3.657413e+02 
4.798384e-01 3.587471e+02 3.576883e+02 
4.848788e-01 3.510508e+02 3.498828e+02 
4.899192e-01 3.435894e+02 3.423150e+02 
4.949596e-01 3.363520e+02 3.349758e+02 
5.000000e-01 3.293287e+02 3.278562e+02 
