1.000000e-03 2.665383e+03 2.665380e+03 
6.040404e-03 1.188418e+04 1.196814e+04 
1.108081e-02 1.622740e+04 1.624947e+04 
1.612121e-02 1.773683e+04 1.764560e+04 
2.116162e-02 1.761986e+04 1.743453e+04 
2.620202e-02 1.665647e+04 1.653022e+04 
3.124242e-02 1.536381e+04 1.542970e+04 
3.628283e-02 1.405639e+04 1.431604e+04 
4.132323e-02 1.288975e+04 1.324903e+04 
4.636364e-02 1.189782e+04 1.224971e+04 
5.140404e-02 1.107404e+04 1.132516e+04 
5.644444e-02 1.034243e+04 1.047603e+04 
6.148485e-02 9.658822e+03 9.699599e+03 
6.652525e-02 8.988702e+03 8.991445e+03 
7.156566e-02 8.319821e+03 8.346349e+03 
7.660606e-02 7.664631e+03 7.758884e+03 
8.164646e-02 7.050868e+03 7.223734e+03 
8.668687e-02 6.501546e+03 6.735872e+03 
9.172727e-02 6.025145e+03 6.290650e+03 
9.676768e-02 5.621226e+03 5.883827e+03 
1.018081e-01 5.283704e+03 5.511569e+03 
1.068485e-01 4.997222e+03 5.170431e+03 
1.118889e-01 4.739893e+03 4.857329e+03 
1.169293e-01 4.492296e+03 4.569508e+03 
1.219697e-01 4.245703e+03 4.304510e+03 
1.270101e-01 4.000212e+03 4.060143e+03 
1.320505e-01 3.760154e+03 3.834453e+03 
1.370909e-01 3.531940e+03 3.625694e+03 
1.421313e-01 3.321938e+03 3.432309e+03 
1.471717e-01 3.134002e+03 3.252904e+03 
1.522121e-01 2.968614e+03 3.086232e+03 
1.572525e-01 2.823971e+03 2.931176e+03 
1.622929e-01 2.696413e+03 2.786731e+03 
1.673333e-01 2.580572e+03 2.651995e+03 
1.723737e-01 2.470988e+03 2.526156e+03 
1.774141e-01 2.364115e+03 2.408483e+03 
1.824545e-01 2.258956e+03 2.298313e+03 
1.874949e-01 2.156018e+03 2.195048e+03 
1.925354e-01 2.056410e+03 2.098148e+03 
1.975758e-01 1.961738e+03 2.007120e+03 
2.026162e-01 1.873692e+03 1.921518e+03 
2.076566e-01 1.793156e+03 1.840936e+03 
2.126970e-01 1.719804e+03 1.765004e+03 
2.177374e-01 1.652608e+03 1.693385e+03 
2.227778e-01 1.590439e+03 1.625770e+03 
2.278182e-01 1.532009e+03 1.561878e+03 
2.328586e-01 1.476102e+03 1.501449e+03 
2.378990e-01 1.422044e+03 1.444248e+03 
2.429394e-01 1.369710e+03 1.390056e+03 
2.479798e-01 1.319170e+03 1.338674e+03 
2.530202e-01 1.270529e+03 1.289918e+03 
2.580606e-01 1.224055e+03 1.243617e+03 
2.631010e-01 1.180176e+03 1.199616e+03 
2.681414e-01 1.139122e+03 1.157769e+03 
2.731818e-01 1.100679e+03 1.117945e+03 
2.782222e-01 1.064400e+03 1.080017e+03 
2.832626e-01 1.029952e+03 1.043873e+03 
2.883030e-01 9.971408e+02 1.009406e+03 
2.933434e-01 9.657541e+02 9.765162e+02 
2.983838e-01 9.355183e+02 9.451132e+02 
3.034242e-01 9.062875e+02 9.151115e+02 
3.084646e-01 8.780961e+02 8.864316e+02 
3.135051e-01 8.510492e+02 8.589995e+02 
3.185455e-01 8.251906e+02 8.327463e+02 
3.235859e-01 8.004570e+02 8.076075e+02 
3.286263e-01 7.768188e+02 7.835231e+02 
3.336667e-01 7.542726e+02 7.604368e+02 
3.387071e-01 7.327712e+02 7.382960e+02 
3.437475e-01 7.121926e+02 7.170514e+02 
3.487879e-01 6.923991e+02 6.966569e+02 
3.538283e-01 6.733195e+02 6.770692e+02 
3.588687e-01 6.549260e+02 6.582475e+02 
3.639091e-01 6.372029e+02 6.401539e+02 
3.689495e-01 6.201125e+02 6.227523e+02 
3.739899e-01 6.036211e+02 6.060091e+02 
3.790303e-01 5.877314e+02 5.898925e+02 
3.840707e-01 5.724567e+02 5.743727e+02 
3.891111e-01 5.577661e+02 5.594214e+02 
3.941515e-01 5.436139e+02 5.450121e+02 
3.991919e-01 5.299676e+02 5.311198e+02 
4.042323e-01 5.168145e+02 5.177208e+02 
4.092727e-01 5.041298e+02 5.047927e+02 
4.143131e-01 4.918710e+02 4.923144e+02 
4.193535e-01 4.800061e+02 4.802659e+02 
4.243939e-01 4.685220e+02 4.686284e+02 
4.294343e-01 4.574295e+02 4.573839e+02 
4.344747e-01 4.467084e+02 4.465156e+02 
4.395152e-01 4.363286e+02 4.360072e+02 
4.445556e-01 4.262788e+02 4.258437e+02 
4.495960e-01 4.165603e+02 4.160105e+02 
4.546364e-01 4.071643e+02 4.064939e+02 
4.596768e-01 3.980677e+02 3.972809e+02 
4.647172e-01 3.892504e+02 3.883591e+02 
4.697576e-01 3.806989e+02 3.797168e+02 
4.747980e-01 3.724146e+02 3.713428e+02 
4.798384e-01 3.643892e+02 3.632264e+02 
4.848788e-01 3.565967e+02 3.553575e+02 
4.899192e-01 3.490313e+02 3.477264e+02 
4.949596e-01 3.416851e+02 3.403239e+02 
5.000000e-01 3.345593e+02 3.331414e+02 
