1.000000e-03 2.715219e+03 2.715216e+03 
6.040404e-03 1.209917e+04 1.218305e+04 
1.108081e-02 1.649637e+04 1.651329e+04 
1.612121e-02 1.800743e+04 1.790476e+04 
2.116162e-02 1.787206e+04 1.767778e+04 
2.620202e-02 1.688815e+04 1.676327e+04 
3.124242e-02 1.558126e+04 1.565312e+04 
3.628283e-02 1.426622e+04 1.452707e+04 
4.132323e-02 1.309474e+04 1.344569e+04 
4.636364e-02 1.209680e+04 1.243143e+04 
5.140404e-02 1.126111e+04 1.149232e+04 
5.644444e-02 1.050985e+04 1.062951e+04 
6.148485e-02 9.803524e+03 9.840479e+03 
6.652525e-02 9.109566e+03 9.120845e+03 
7.156566e-02 8.419771e+03 8.465355e+03 
7.660606e-02 7.750582e+03 7.868505e+03 
8.164646e-02 7.131296e+03 7.324890e+03 
8.668687e-02 6.582268e+03 6.829393e+03 
9.172727e-02 6.108544e+03 6.377277e+03 
9.676768e-02 5.707642e+03 5.964222e+03 
1.018081e-01 5.371360e+03 5.586321e+03 
1.068485e-01 5.081695e+03 5.240063e+03 
1.118889e-01 4.815945e+03 4.922309e+03 
1.169293e-01 4.557064e+03 4.630250e+03 
1.219697e-01 4.299232e+03 4.361386e+03 
1.270101e-01 4.044724e+03 4.113485e+03 
1.320505e-01 3.798999e+03 3.884558e+03 
1.370909e-01 3.568793e+03 3.672828e+03 
1.421313e-01 3.359537e+03 3.476712e+03 
1.471717e-01 3.173545e+03 3.294791e+03 
1.522121e-01 3.010220e+03 3.125798e+03 
1.572525e-01 2.866816e+03 2.968596e+03 
1.622929e-01 2.738732e+03 2.822166e+03 
1.673333e-01 2.620207e+03 2.685589e+03 
1.723737e-01 2.506404e+03 2.558041e+03 
1.774141e-01 2.395006e+03 2.438777e+03 
1.824545e-01 2.285923e+03 2.327127e+03 
1.874949e-01 2.180017e+03 2.222482e+03 
1.925354e-01 2.078637e+03 2.124292e+03 
1.975758e-01 1.983515e+03 2.032058e+03 
2.026162e-01 1.895989e+03 1.945328e+03 
2.076566e-01 1.816146e+03 1.863688e+03 
2.126970e-01 1.743109e+03 1.786764e+03 
2.177374e-01 1.675746e+03 1.714212e+03 
2.227778e-01 1.612846e+03 1.645720e+03 
2.278182e-01 1.553071e+03 1.581002e+03 
2.328586e-01 1.495503e+03 1.519795e+03 
2.378990e-01 1.439838e+03 1.461860e+03 
2.429394e-01 1.386164e+03 1.406975e+03 
2.479798e-01 1.334594e+03 1.354938e+03 
2.530202e-01 1.285247e+03 1.305561e+03 
2.580606e-01 1.238471e+03 1.258674e+03 
2.631010e-01 1.194593e+03 1.214117e+03 
2.681414e-01 1.153564e+03 1.171743e+03 
2.731818e-01 1.114930e+03 1.131417e+03 
2.782222e-01 1.078260e+03 1.093014e+03 
2.832626e-01 1.043328e+03 1.056418e+03 
2.883030e-01 1.009965e+03 1.021520e+03 
2.933434e-01 9.779379e+02 9.882215e+02 
2.983838e-01 9.470382e+02 9.564285e+02 
3.034242e-01 9.172284e+02 9.260548e+02 
3.084646e-01 8.886261e+02 8.970201e+02 
3.135051e-01 8.612988e+02 8.692493e+02 
3.185455e-01 8.351980e+02 8.426726e+02 
3.235859e-01 8.102506e+02 8.172247e+02 
3.286263e-01 7.864244e+02 7.928446e+02 
3.336667e-01 7.637012e+02 7.694753e+02 
3.387071e-01 7.419726e+02 7.470636e+02 
3.437475e-01 7.210990e+02 7.255596e+02 
3.487879e-01 7.009818e+02 7.049163e+02 
3.538283e-01 6.815893e+02 6.850900e+02 
3.588687e-01 6.629219e+02 6.660395e+02 
3.639091e-01 6.449478e+02 6.477262e+02 
3.689495e-01 6.276121e+02 6.301136e+02 
3.739899e-01 6.109214e+02 6.131677e+02 
3.790303e-01 5.948715e+02 5.968563e+02 
3.840707e-01 5.794401e+02 5.811490e+02 
3.891111e-01 5.645875e+02 5.660174e+02 
3.941515e-01 5.502638e+02 5.514345e+02 
3.991919e-01 5.364569e+02 5.373750e+02 
4.042323e-01 5.231417e+02 5.238148e+02 
4.092727e-01 5.102858e+02 5.107315e+02 
4.143131e-01 4.978494e+02 4.981035e+02 
4.193535e-01 4.858191e+02 4.859107e+02 
4.243939e-01 4.741974e+02 4.741339e+02 
4.294343e-01 4.629666e+02 4.627549e+02 
4.344747e-01 4.521095e+02 4.517567e+02 
4.395152e-01 4.416003e+02 4.411229e+02 
4.445556e-01 4.314365e+02 4.308382e+02 
4.495960e-01 4.216127e+02 4.208878e+02 
4.546364e-01 4.121058e+02 4.112579e+02 
4.596768e-01 4.028917e+02 4.019353e+02 
4.647172e-01 3.939608e+02 3.929075e+02 
4.697576e-01 3.853064e+02 3.841626e+02 
4.747980e-01 3.769212e+02 3.756891e+02 
4.798384e-01 3.687925e+02 3.674764e+02 
4.848788e-01 3.608993e+02 3.595143e+02 
4.899192e-01 3.532338e+02 3.517928e+02 
4.949596e-01 3.458019e+02 3.443027e+02 
5.000000e-01 3.385975e+02 3.370352e+02 
