1.000000e-03 4.724098e+03 4.724094e+03 
6.040404e-03 2.134795e+04 2.151990e+04 
1.108081e-02 2.905459e+04 2.932259e+04 
1.612121e-02 3.113355e+04 3.147268e+04 
2.116162e-02 2.973679e+04 2.978849e+04 
2.620202e-02 2.648269e+04 2.623013e+04 
3.124242e-02 2.260455e+04 2.256348e+04 
3.628283e-02 1.893417e+04 1.950122e+04 
4.132323e-02 1.591584e+04 1.706676e+04 
4.636364e-02 1.366582e+04 1.511253e+04 
5.140404e-02 1.216169e+04 1.350641e+04 
5.644444e-02 1.121308e+04 1.215724e+04 
6.148485e-02 1.062069e+04 1.100458e+04 
6.652525e-02 1.018703e+04 1.000733e+04 
7.156566e-02 9.751225e+03 9.136342e+03 
7.660606e-02 9.205830e+03 8.370027e+03 
8.164646e-02 8.510963e+03 7.691803e+03 
8.668687e-02 7.695949e+03 7.088559e+03 
9.172727e-02 6.833159e+03 6.549698e+03 
9.676768e-02 6.007294e+03 6.066514e+03 
1.018081e-01 5.290839e+03 5.631760e+03 
1.068485e-01 4.727625e+03 5.239343e+03 
1.118889e-01 4.327178e+03 4.884100e+03 
1.169293e-01 4.070844e+03 4.561628e+03 
1.219697e-01 3.923042e+03 4.268149e+03 
1.270101e-01 3.840254e+03 4.000404e+03 
1.320505e-01 3.777028e+03 3.755574e+03 
1.370909e-01 3.693332e+03 3.531206e+03 
1.421313e-01 3.563297e+03 3.325160e+03 
1.471717e-01 3.379094e+03 3.135563e+03 
1.522121e-01 3.148690e+03 2.960771e+03 
1.572525e-01 2.891518e+03 2.799335e+03 
1.622929e-01 2.633223e+03 2.649973e+03 
1.673333e-01 2.399349e+03 2.511552e+03 
1.723737e-01 2.207428e+03 2.383065e+03 
1.774141e-01 2.063766e+03 2.263616e+03 
1.824545e-01 1.965401e+03 2.152405e+03 
1.874949e-01 1.904118e+03 2.048717e+03 
1.925354e-01 1.868303e+03 1.951910e+03 
1.975758e-01 1.843877e+03 1.861410e+03 
2.026162e-01 1.816465e+03 1.776697e+03 
2.076566e-01 1.775007e+03 1.697305e+03 
2.126970e-01 1.714426e+03 1.622812e+03 
2.177374e-01 1.635539e+03 1.552835e+03 
2.227778e-01 1.543415e+03 1.487029e+03 
2.278182e-01 1.445657e+03 1.425080e+03 
2.328586e-01 1.350686e+03 1.366700e+03 
2.378990e-01 1.265874e+03 1.311631e+03 
2.429394e-01 1.196008e+03 1.259634e+03 
2.479798e-01 1.142679e+03 1.210492e+03 
2.530202e-01 1.104615e+03 1.164006e+03 
2.580606e-01 1.078470e+03 1.119994e+03 
2.631010e-01 1.059581e+03 1.078290e+03 
2.681414e-01 1.042874e+03 1.038739e+03 
2.731818e-01 1.023899e+03 1.001201e+03 
2.782222e-01 9.995971e+02 9.655457e+02 
2.832626e-01 9.687381e+02 9.316528e+02 
2.883030e-01 9.318730e+02 8.994117e+02 
2.933434e-01 8.909268e+02 8.687201e+02 
2.983838e-01 8.486843e+02 8.394834e+02 
3.034242e-01 8.080586e+02 8.116139e+02 
3.084646e-01 7.714626e+02 7.850301e+02 
3.135051e-01 7.404081e+02 7.596567e+02 
3.185455e-01 7.153044e+02 7.354235e+02 
3.235859e-01 6.956019e+02 7.122652e+02 
3.286263e-01 6.800467e+02 6.901212e+02 
3.336667e-01 6.669924e+02 6.689348e+02 
3.387071e-01 6.547138e+02 6.486533e+02 
3.437475e-01 6.416744e+02 6.292275e+02 
3.487879e-01 6.268234e+02 6.106113e+02 
3.538283e-01 6.097849e+02 5.927617e+02 
3.588687e-01 5.908391e+02 5.756385e+02 
3.639091e-01 5.707206e+02 5.592039e+02 
3.689495e-01 5.503439e+02 5.434227e+02 
3.739899e-01 5.306524e+02 5.282617e+02 
3.790303e-01 5.124750e+02 5.136897e+02 
3.840707e-01 4.963622e+02 4.996777e+02 
3.891111e-01 4.825113e+02 4.861981e+02 
3.941515e-01 4.707146e+02 4.732251e+02 
3.991919e-01 4.605045e+02 4.607344e+02 
4.042323e-01 4.512933e+02 4.487030e+02 
4.092727e-01 4.424949e+02 4.371095e+02 
4.143131e-01 4.335742e+02 4.259335e+02 
4.193535e-01 4.241658e+02 4.151557e+02 
4.243939e-01 4.141080e+02 4.047580e+02 
4.294343e-01 4.034687e+02 3.947233e+02 
4.344747e-01 3.924887e+02 3.850355e+02 
4.395152e-01 3.814877e+02 3.756791e+02 
4.445556e-01 3.707959e+02 3.666396e+02 
4.495960e-01 3.607030e+02 3.579035e+02 
4.546364e-01 3.514051e+02 3.494575e+02 
4.596768e-01 3.429860e+02 3.412895e+02 
4.647172e-01 3.353925e+02 3.333877e+02 
4.697576e-01 3.284661e+02 3.257411e+02 
4.747980e-01 3.220123e+02 3.183390e+02 
4.798384e-01 3.158145e+02 3.111714e+02 
4.848788e-01 3.096738e+02 3.042290e+02 
4.899192e-01 3.034568e+02 2.975026e+02 
4.949596e-01 2.970868e+02 2.909836e+02 
5.000000e-01 2.905747e+02 2.846638e+02 
