1.000000e-03 4.690837e+03 4.690833e+03 
6.040404e-03 2.063845e+04 2.079829e+04 
1.108081e-02 2.768498e+04 2.788852e+04 
1.612121e-02 2.940599e+04 2.959251e+04 
2.116162e-02 2.799249e+04 2.791620e+04 
2.620202e-02 2.500268e+04 2.481820e+04 
3.124242e-02 2.156124e+04 2.173586e+04 
3.628283e-02 1.838341e+04 1.913281e+04 
4.132323e-02 1.581985e+04 1.699458e+04 
4.636364e-02 1.392962e+04 1.521601e+04 
5.140404e-02 1.266268e+04 1.370951e+04 
5.644444e-02 1.181533e+04 1.241428e+04 
6.148485e-02 1.119714e+04 1.128837e+04 
6.652525e-02 1.063387e+04 1.030166e+04 
7.156566e-02 1.001058e+04 9.431511e+03 
7.660606e-02 9.270861e+03 8.660263e+03 
8.164646e-02 8.426624e+03 7.973725e+03 
8.668687e-02 7.542043e+03 7.360272e+03 
9.172727e-02 6.697087e+03 6.810240e+03 
9.676768e-02 5.959653e+03 6.315507e+03 
1.018081e-01 5.371608e+03 5.869198e+03 
1.068485e-01 4.942519e+03 5.465451e+03 
1.118889e-01 4.652735e+03 5.099245e+03 
1.169293e-01 4.463770e+03 4.766256e+03 
1.219697e-01 4.329514e+03 4.462750e+03 
1.270101e-01 4.205469e+03 4.185486e+03 
1.320505e-01 4.056337e+03 3.931645e+03 
1.370909e-01 3.864103e+03 3.698764e+03 
1.421313e-01 3.629502e+03 3.484688e+03 
1.471717e-01 3.366397e+03 3.287522e+03 
1.522121e-01 3.095474e+03 3.105599e+03 
1.572525e-01 2.840082e+03 2.937445e+03 
1.622929e-01 2.620236e+03 2.781756e+03 
1.673333e-01 2.447092e+03 2.637375e+03 
1.723737e-01 2.319995e+03 2.503273e+03 
1.774141e-01 2.230322e+03 2.378530e+03 
1.824545e-01 2.166360e+03 2.262326e+03 
1.874949e-01 2.115389e+03 2.153927e+03 
1.925354e-01 2.064399e+03 2.052673e+03 
1.975758e-01 2.002586e+03 1.957972e+03 
2.026162e-01 1.924852e+03 1.869289e+03 
2.076566e-01 1.832710e+03 1.786142e+03 
2.126970e-01 1.731895e+03 1.708096e+03 
2.177374e-01 1.629453e+03 1.634755e+03 
2.227778e-01 1.532386e+03 1.565761e+03 
2.278182e-01 1.446589e+03 1.500789e+03 
2.328586e-01 1.375551e+03 1.439542e+03 
2.378990e-01 1.319731e+03 1.381751e+03 
2.429394e-01 1.276786e+03 1.327168e+03 
2.479798e-01 1.242875e+03 1.275568e+03 
2.530202e-01 1.213546e+03 1.226745e+03 
2.580606e-01 1.184422e+03 1.180509e+03 
2.631010e-01 1.152153e+03 1.136686e+03 
2.681414e-01 1.115148e+03 1.095118e+03 
2.731818e-01 1.073667e+03 1.055656e+03 
2.782222e-01 1.029316e+03 1.018165e+03 
2.832626e-01 9.842956e+02 9.825211e+02 
2.883030e-01 9.409049e+02 9.486076e+02 
2.933434e-01 9.011905e+02 9.163183e+02 
2.983838e-01 8.664872e+02 8.855542e+02 
3.034242e-01 8.371313e+02 8.562238e+02 
3.084646e-01 8.125086e+02 8.282421e+02 
3.135051e-01 7.913605e+02 8.015304e+02 
3.185455e-01 7.722379e+02 7.760152e+02 
3.235859e-01 7.537942e+02 7.516285e+02 
3.286263e-01 7.348763e+02 7.283066e+02 
3.336667e-01 7.147605e+02 7.059904e+02 
3.387071e-01 6.933149e+02 6.846247e+02 
3.437475e-01 6.709569e+02 6.641579e+02 
3.487879e-01 6.484387e+02 6.445419e+02 
3.538283e-01 6.265269e+02 6.257316e+02 
3.588687e-01 6.058388e+02 6.076848e+02 
3.639091e-01 5.868373e+02 5.903620e+02 
3.689495e-01 5.697395e+02 5.737262e+02 
3.739899e-01 5.544898e+02 5.577427e+02 
3.790303e-01 5.407496e+02 5.423788e+02 
3.840707e-01 5.280246e+02 5.276039e+02 
3.891111e-01 5.158351e+02 5.133893e+02 
3.941515e-01 5.037937e+02 4.997077e+02 
3.991919e-01 4.916221e+02 4.865337e+02 
4.042323e-01 4.791955e+02 4.738432e+02 
4.092727e-01 4.665743e+02 4.616137e+02 
4.143131e-01 4.539552e+02 4.498237e+02 
4.193535e-01 4.415801e+02 4.384530e+02 
4.243939e-01 4.296597e+02 4.274827e+02 
4.294343e-01 4.183578e+02 4.168946e+02 
4.344747e-01 4.077906e+02 4.066719e+02 
4.395152e-01 3.979800e+02 3.967983e+02 
4.445556e-01 3.888347e+02 3.872587e+02 
4.495960e-01 3.802086e+02 3.780386e+02 
4.546364e-01 3.719420e+02 3.691244e+02 
4.596768e-01 3.639101e+02 3.605030e+02 
4.647172e-01 3.559921e+02 3.521622e+02 
4.697576e-01 3.481164e+02 3.440903e+02 
4.747980e-01 3.402603e+02 3.362762e+02 
4.798384e-01 3.324719e+02 3.287095e+02 
4.848788e-01 3.248266e+02 3.213800e+02 
4.899192e-01 3.173958e+02 3.142782e+02 
4.949596e-01 3.102305e+02 3.073952e+02 
5.000000e-01 3.033635e+02 3.007223e+02 
