1.000000e-03 4.553754e+03 4.553750e+03 
6.040404e-03 2.012601e+04 2.028721e+04 
1.108081e-02 2.741802e+04 2.765438e+04 
1.612121e-02 2.954996e+04 2.984274e+04 
2.116162e-02 2.848036e+04 2.852562e+04 
2.620202e-02 2.565865e+04 2.542898e+04 
3.124242e-02 2.219099e+04 2.213004e+04 
3.628283e-02 1.883596e+04 1.930844e+04 
4.132323e-02 1.601549e+04 1.702275e+04 
4.636364e-02 1.386082e+04 1.516052e+04 
5.140404e-02 1.236942e+04 1.361199e+04 
5.644444e-02 1.139053e+04 1.229903e+04 
6.148485e-02 1.074457e+04 1.116881e+04 
6.652525e-02 1.026728e+04 1.018488e+04 
7.156566e-02 9.804480e+03 9.321013e+03 
7.660606e-02 9.255315e+03 8.557548e+03 
8.164646e-02 8.580816e+03 7.879208e+03 
8.668687e-02 7.803763e+03 7.273785e+03 
9.172727e-02 6.983661e+03 6.731325e+03 
9.676768e-02 6.191098e+03 6.243578e+03 
1.018081e-01 5.490004e+03 5.803629e+03 
1.068485e-01 4.924209e+03 5.405627e+03 
1.118889e-01 4.508675e+03 5.044586e+03 
1.169293e-01 4.229513e+03 4.716230e+03 
1.219697e-01 4.054815e+03 4.416874e+03 
1.270101e-01 3.945336e+03 4.143327e+03 
1.320505e-01 3.861311e+03 3.892817e+03 
1.370909e-01 3.766815e+03 3.662926e+03 
1.421313e-01 3.635949e+03 3.451534e+03 
1.471717e-01 3.458153e+03 3.256784e+03 
1.522121e-01 3.238374e+03 3.077037e+03 
1.572525e-01 2.992859e+03 2.910849e+03 
1.622929e-01 2.743509e+03 2.756938e+03 
1.673333e-01 2.512408e+03 2.614169e+03 
1.723737e-01 2.316462e+03 2.481530e+03 
1.774141e-01 2.163927e+03 2.358119e+03 
1.824545e-01 2.054382e+03 2.243130e+03 
1.874949e-01 1.981082e+03 2.135841e+03 
1.925354e-01 1.933664e+03 2.035603e+03 
1.975758e-01 1.899770e+03 1.941834e+03 
2.026162e-01 1.866753e+03 1.854007e+03 
2.076566e-01 1.824074e+03 1.771648e+03 
2.126970e-01 1.765675e+03 1.694329e+03 
2.177374e-01 1.690781e+03 1.621660e+03 
2.227778e-01 1.602900e+03 1.553287e+03 
2.278182e-01 1.508477e+03 1.488891e+03 
2.328586e-01 1.415006e+03 1.428180e+03 
2.378990e-01 1.329311e+03 1.370886e+03 
2.429394e-01 1.256177e+03 1.316767e+03 
2.479798e-01 1.197758e+03 1.265599e+03 
2.530202e-01 1.153791e+03 1.217180e+03 
2.580606e-01 1.121974e+03 1.171323e+03 
2.631010e-01 1.098415e+03 1.127855e+03 
2.681414e-01 1.078454e+03 1.086619e+03 
2.731818e-01 1.057761e+03 1.047469e+03 
2.782222e-01 1.033267e+03 1.010273e+03 
2.832626e-01 1.003470e+03 9.749054e+02 
2.883030e-01 9.683148e+02 9.412532e+02 
2.933434e-01 9.289672e+02 9.092106e+02 
2.983838e-01 8.876137e+02 8.786797e+02 
3.034242e-01 8.469213e+02 8.495701e+02 
3.084646e-01 8.092972e+02 8.217977e+02 
3.135051e-01 7.763599e+02 7.952845e+02 
3.185455e-01 7.487384e+02 7.699578e+02 
3.235859e-01 7.262618e+02 7.457501e+02 
3.286263e-01 7.081184e+02 7.225987e+02 
3.336667e-01 6.929914e+02 7.004448e+02 
3.387071e-01 6.792978e+02 6.792339e+02 
3.437475e-01 6.655194e+02 6.589147e+02 
3.487879e-01 6.505479e+02 6.394397e+02 
3.538283e-01 6.338522e+02 6.207641e+02 
3.588687e-01 6.154409e+02 6.028462e+02 
3.639091e-01 5.957471e+02 5.856468e+02 
3.689495e-01 5.754888e+02 5.691292e+02 
3.739899e-01 5.555465e+02 5.532590e+02 
3.790303e-01 5.367356e+02 5.380038e+02 
3.840707e-01 5.196447e+02 5.233334e+02 
3.891111e-01 5.045527e+02 5.092190e+02 
3.941515e-01 4.914177e+02 4.956339e+02 
3.991919e-01 4.799718e+02 4.825527e+02 
4.042323e-01 4.697697e+02 4.699515e+02 
4.092727e-01 4.602606e+02 4.578080e+02 
4.143131e-01 4.509014e+02 4.461009e+02 
4.193535e-01 4.412864e+02 4.348103e+02 
4.243939e-01 4.312060e+02 4.239171e+02 
4.294343e-01 4.206461e+02 4.134035e+02 
4.344747e-01 4.097274e+02 4.032528e+02 
4.395152e-01 3.986602e+02 3.934488e+02 
4.445556e-01 3.877299e+02 3.839764e+02 
4.495960e-01 3.772371e+02 3.748214e+02 
4.546364e-01 3.674232e+02 3.659701e+02 
4.596768e-01 3.583958e+02 3.574098e+02 
4.647172e-01 3.501447e+02 3.491281e+02 
4.697576e-01 3.425858e+02 3.411134e+02 
4.747980e-01 3.355882e+02 3.333549e+02 
4.798384e-01 3.289733e+02 3.258420e+02 
4.848788e-01 3.225465e+02 3.185647e+02 
4.899192e-01 3.161333e+02 3.115138e+02 
4.949596e-01 3.096397e+02 3.046800e+02 
5.000000e-01 3.030507e+02 2.980550e+02 
