1.000000e-03 3.649845e+03 3.649842e+03 
6.040404e-03 1.639621e+04 1.652294e+04 
1.108081e-02 2.255793e+04 2.271690e+04 
1.612121e-02 2.456697e+04 2.472369e+04 
2.116162e-02 2.398936e+04 2.395153e+04 
2.620202e-02 2.198106e+04 2.180834e+04 
3.124242e-02 1.941760e+04 1.945964e+04 
3.628283e-02 1.689608e+04 1.737719e+04 
4.132323e-02 1.474977e+04 1.561567e+04 
4.636364e-02 1.308431e+04 1.411992e+04 
5.140404e-02 1.190162e+04 1.283201e+04 
5.644444e-02 1.108003e+04 1.170910e+04 
6.148485e-02 1.047463e+04 1.072086e+04 
6.652525e-02 9.966435e+03 9.845204e+03 
7.156566e-02 9.439658e+03 9.065272e+03 
7.660606e-02 8.830748e+03 8.367721e+03 
8.164646e-02 8.132605e+03 7.741660e+03 
8.668687e-02 7.385121e+03 7.178022e+03 
9.172727e-02 6.645057e+03 6.669149e+03 
9.676768e-02 5.965469e+03 6.208510e+03 
1.018081e-01 5.387428e+03 5.790500e+03 
1.068485e-01 4.934702e+03 5.410277e+03 
1.118889e-01 4.607276e+03 5.063644e+03 
1.169293e-01 4.382110e+03 4.746951e+03 
1.219697e-01 4.223616e+03 4.457010e+03 
1.270101e-01 4.094919e+03 4.191030e+03 
1.320505e-01 3.964928e+03 3.946562e+03 
1.370909e-01 3.811558e+03 3.721451e+03 
1.421313e-01 3.624392e+03 3.513794e+03 
1.471717e-01 3.405776e+03 3.321910e+03 
1.522121e-01 3.168397e+03 3.144308e+03 
1.572525e-01 2.930270e+03 2.979662e+03 
1.622929e-01 2.709588e+03 2.826793e+03 
1.673333e-01 2.520181e+03 2.684650e+03 
1.723737e-01 2.368850e+03 2.552290e+03 
1.774141e-01 2.254927e+03 2.428870e+03 
1.824545e-01 2.171671e+03 2.313634e+03 
1.874949e-01 2.109554e+03 2.205902e+03 
1.925354e-01 2.057733e+03 2.105059e+03 
1.975758e-01 2.005741e+03 2.010552e+03 
2.026162e-01 1.945371e+03 1.921880e+03 
2.076566e-01 1.872717e+03 1.838591e+03 
2.126970e-01 1.788530e+03 1.760272e+03 
2.177374e-01 1.696978e+03 1.686550e+03 
2.227778e-01 1.603662e+03 1.617085e+03 
2.278182e-01 1.514392e+03 1.551566e+03 
2.328586e-01 1.434205e+03 1.489711e+03 
2.378990e-01 1.366263e+03 1.431261e+03 
2.429394e-01 1.311240e+03 1.375978e+03 
2.479798e-01 1.267633e+03 1.323647e+03 
2.530202e-01 1.232596e+03 1.274067e+03 
2.580606e-01 1.202656e+03 1.227055e+03 
2.631010e-01 1.174180e+03 1.182444e+03 
2.681414e-01 1.143984e+03 1.140078e+03 
2.731818e-01 1.110143e+03 1.099813e+03 
2.782222e-01 1.072353e+03 1.061518e+03 
2.832626e-01 1.031673e+03 1.025070e+03 
2.883030e-01 9.897987e+02 9.903563e+02 
2.933434e-01 9.485912e+02 9.572724e+02 
2.983838e-01 9.097960e+02 9.257211e+02 
3.034242e-01 8.748568e+02 8.956121e+02 
3.084646e-01 8.445260e+02 8.668618e+02 
3.135051e-01 8.187152e+02 8.393922e+02 
3.185455e-01 7.966147e+02 8.131308e+02 
3.235859e-01 7.770438e+02 7.880100e+02 
3.286263e-01 7.587843e+02 7.639669e+02 
3.336667e-01 7.407644e+02 7.409427e+02 
3.387071e-01 7.221633e+02 7.188825e+02 
3.437475e-01 7.025222e+02 6.977347e+02 
3.487879e-01 6.818332e+02 6.774516e+02 
3.538283e-01 6.605071e+02 6.579879e+02 
3.588687e-01 6.392307e+02 6.393016e+02 
3.639091e-01 6.186708e+02 6.213532e+02 
3.689495e-01 5.993462e+02 6.041054e+02 
3.739899e-01 5.815681e+02 5.875235e+02 
3.790303e-01 5.654625e+02 5.715747e+02 
3.840707e-01 5.509679e+02 5.562281e+02 
3.891111e-01 5.378103e+02 5.414549e+02 
3.941515e-01 5.255682e+02 5.272276e+02 
3.991919e-01 5.137940e+02 5.135206e+02 
4.042323e-01 5.021360e+02 5.003095e+02 
4.092727e-01 4.903786e+02 4.875715e+02 
4.143131e-01 4.784424e+02 4.752850e+02 
4.193535e-01 4.663575e+02 4.634296e+02 
4.243939e-01 4.542523e+02 4.519858e+02 
4.294343e-01 4.423392e+02 4.409356e+02 
4.344747e-01 4.308332e+02 4.302616e+02 
4.395152e-01 4.198989e+02 4.199474e+02 
4.445556e-01 4.096285e+02 4.099776e+02 
4.495960e-01 4.000312e+02 4.003375e+02 
4.546364e-01 3.910502e+02 3.910132e+02 
4.596768e-01 3.825914e+02 3.819914e+02 
4.647172e-01 3.745237e+02 3.732596e+02 
4.697576e-01 3.667042e+02 3.648059e+02 
4.747980e-01 3.590103e+02 3.566189e+02 
4.798384e-01 3.513746e+02 3.486880e+02 
4.848788e-01 3.437750e+02 3.410028e+02 
4.899192e-01 3.362304e+02 3.335537e+02 
4.949596e-01 3.287895e+02 3.263314e+02 
5.000000e-01 3.215046e+02 3.193270e+02 
