1.000000e-03 2.974692e+03 2.974690e+03 
6.040404e-03 1.319455e+04 1.328764e+04 
1.108081e-02 1.789461e+04 1.792781e+04 
1.612121e-02 1.940485e+04 1.932257e+04 
2.116162e-02 1.909943e+04 1.891159e+04 
2.620202e-02 1.787280e+04 1.775767e+04 
3.124242e-02 1.631896e+04 1.643875e+04 
3.628283e-02 1.479696e+04 1.515130e+04 
4.132323e-02 1.347780e+04 1.394710e+04 
4.636364e-02 1.238801e+04 1.283800e+04 
5.140404e-02 1.151697e+04 1.182428e+04 
5.644444e-02 1.075626e+04 1.090182e+04 
6.148485e-02 1.004982e+04 1.006451e+04 
6.652525e-02 9.347759e+03 9.305431e+03 
7.156566e-02 8.636726e+03 8.617460e+03 
7.660606e-02 7.930893e+03 7.993702e+03 
8.164646e-02 7.263470e+03 7.427683e+03 
8.668687e-02 6.663804e+03 6.913454e+03 
9.172727e-02 6.147197e+03 6.445619e+03 
9.676768e-02 5.717497e+03 6.019332e+03 
1.018081e-01 5.368073e+03 5.630264e+03 
1.068485e-01 5.079127e+03 5.274561e+03 
1.118889e-01 4.823388e+03 4.948803e+03 
1.169293e-01 4.578170e+03 4.649953e+03 
1.219697e-01 4.331319e+03 4.375320e+03 
1.270101e-01 4.080421e+03 4.122514e+03 
1.320505e-01 3.829848e+03 3.889416e+03 
1.370909e-01 3.588054e+03 3.674140e+03 
1.421313e-01 3.364336e+03 3.475009e+03 
1.471717e-01 3.164478e+03 3.290529e+03 
1.522121e-01 2.990347e+03 3.119366e+03 
1.572525e-01 2.840903e+03 2.960329e+03 
1.622929e-01 2.712372e+03 2.812350e+03 
1.673333e-01 2.598150e+03 2.674473e+03 
1.723737e-01 2.490819e+03 2.545837e+03 
1.774141e-01 2.385459e+03 2.425670e+03 
1.824545e-01 2.280445e+03 2.313275e+03 
1.874949e-01 2.175948e+03 2.208022e+03 
1.925354e-01 2.073167e+03 2.109343e+03 
1.975758e-01 1.974433e+03 2.016723e+03 
2.026162e-01 1.882263e+03 1.929695e+03 
2.076566e-01 1.798253e+03 1.847834e+03 
2.126970e-01 1.722625e+03 1.770755e+03 
2.177374e-01 1.654439e+03 1.698106e+03 
2.227778e-01 1.592193e+03 1.629566e+03 
2.278182e-01 1.534213e+03 1.564843e+03 
2.328586e-01 1.479020e+03 1.503668e+03 
2.378990e-01 1.425579e+03 1.445796e+03 
2.429394e-01 1.373369e+03 1.391002e+03 
2.479798e-01 1.322265e+03 1.339078e+03 
2.530202e-01 1.272533e+03 1.289835e+03 
2.580606e-01 1.224843e+03 1.243097e+03 
2.631010e-01 1.179866e+03 1.198704e+03 
2.681414e-01 1.137869e+03 1.156506e+03 
2.731818e-01 1.098696e+03 1.116366e+03 
2.782222e-01 1.062062e+03 1.078156e+03 
2.832626e-01 1.027639e+03 1.041759e+03 
2.883030e-01 9.950518e+02 1.007066e+03 
2.933434e-01 9.638689e+02 9.739761e+02 
2.983838e-01 9.337083e+02 9.423944e+02 
3.034242e-01 9.044554e+02 9.122341e+02 
3.084646e-01 8.761677e+02 8.834138e+02 
3.135051e-01 8.488794e+02 8.558579e+02 
3.185455e-01 8.226424e+02 8.294959e+02 
3.235859e-01 7.975428e+02 8.042621e+02 
3.286263e-01 7.736547e+02 7.800951e+02 
3.336667e-01 7.509735e+02 7.569374e+02 
3.387071e-01 7.293960e+02 7.347355e+02 
3.437475e-01 7.087877e+02 7.134391e+02 
3.487879e-01 6.890340e+02 6.930013e+02 
3.538283e-01 6.700375e+02 6.733779e+02 
3.588687e-01 6.517056e+02 6.545277e+02 
3.639091e-01 6.339717e+02 6.364117e+02 
3.689495e-01 6.168273e+02 6.189936e+02 
3.739899e-01 6.002914e+02 6.022392e+02 
3.790303e-01 5.843594e+02 5.861161e+02 
3.840707e-01 5.690181e+02 5.705941e+02 
3.891111e-01 5.542485e+02 5.556445e+02 
3.941515e-01 5.400544e+02 5.412405e+02 
3.991919e-01 5.264240e+02 5.273566e+02 
4.042323e-01 5.133062e+02 5.139689e+02 
4.092727e-01 5.006379e+02 5.010547e+02 
4.143131e-01 4.883899e+02 4.885927e+02 
4.193535e-01 4.765598e+02 4.765627e+02 
4.243939e-01 4.651200e+02 4.649455e+02 
4.294343e-01 4.540451e+02 4.537230e+02 
4.344747e-01 4.433102e+02 4.428782e+02 
4.395152e-01 4.329228e+02 4.323948e+02 
4.445556e-01 4.228922e+02 4.222574e+02 
4.495960e-01 4.131997e+02 4.124514e+02 
4.546364e-01 4.038133e+02 4.029629e+02 
4.596768e-01 3.947191e+02 3.937789e+02 
4.647172e-01 3.859254e+02 3.848868e+02 
4.697576e-01 3.774206e+02 3.762748e+02 
4.747980e-01 3.691722e+02 3.679316e+02 
4.798384e-01 3.611608e+02 3.598465e+02 
4.848788e-01 3.533865e+02 3.520092e+02 
4.899192e-01 3.458515e+02 3.444101e+02 
4.949596e-01 3.385425e+02 3.370398e+02 
5.000000e-01 3.314393e+02 3.298897e+02 
