1.000000e-03 4.166134e+03 4.166130e+03 
6.040404e-03 1.829136e+04 1.842932e+04 
1.108081e-02 2.453737e+04 2.467846e+04 
1.612121e-02 2.614655e+04 2.622606e+04 
2.116162e-02 2.506951e+04 2.494327e+04 
2.620202e-02 2.265347e+04 2.251843e+04 
3.124242e-02 1.984731e+04 2.006725e+04 
3.628283e-02 1.724213e+04 1.793165e+04 
4.132323e-02 1.512256e+04 1.611533e+04 
4.636364e-02 1.353469e+04 1.455838e+04 
5.140404e-02 1.242442e+04 1.320830e+04 
5.644444e-02 1.162566e+04 1.202681e+04 
6.148485e-02 1.097557e+04 1.098586e+04 
6.652525e-02 1.034351e+04 1.006405e+04 
7.156566e-02 9.652331e+03 9.244393e+03 
7.660606e-02 8.877781e+03 8.512981e+03 
8.164646e-02 8.049830e+03 7.858236e+03 
8.668687e-02 7.230791e+03 7.270386e+03 
9.172727e-02 6.483899e+03 6.741123e+03 
9.676768e-02 5.854948e+03 6.263336e+03 
1.018081e-01 5.365093e+03 5.830915e+03 
1.068485e-01 5.008295e+03 5.438592e+03 
1.118889e-01 4.756116e+03 5.081807e+03 
1.169293e-01 4.568088e+03 4.756601e+03 
1.219697e-01 4.403924e+03 4.459532e+03 
1.270101e-01 4.230321e+03 4.187593e+03 
1.320505e-01 4.027482e+03 3.938153e+03 
1.370909e-01 3.792334e+03 3.708904e+03 
1.421313e-01 3.535602e+03 3.497818e+03 
1.471717e-01 3.274369e+03 3.303104e+03 
1.522121e-01 3.026377e+03 3.123180e+03 
1.572525e-01 2.807605e+03 2.956644e+03 
1.622929e-01 2.628821e+03 2.802254e+03 
1.673333e-01 2.491541e+03 2.658900e+03 
1.723737e-01 2.388311e+03 2.525596e+03 
1.774141e-01 2.307440e+03 2.401458e+03 
1.824545e-01 2.237668e+03 2.285696e+03 
1.874949e-01 2.169133e+03 2.177600e+03 
1.925354e-01 2.093656e+03 2.076533e+03 
1.975758e-01 2.006931e+03 1.981919e+03 
2.026162e-01 1.910142e+03 1.893241e+03 
2.076566e-01 1.808752e+03 1.810028e+03 
2.126970e-01 1.709003e+03 1.731857e+03 
2.177374e-01 1.616164e+03 1.658342e+03 
2.227778e-01 1.534011e+03 1.589133e+03 
2.278182e-01 1.464597e+03 1.523912e+03 
2.328586e-01 1.407754e+03 1.462388e+03 
2.378990e-01 1.361093e+03 1.404297e+03 
2.429394e-01 1.321020e+03 1.349397e+03 
2.479798e-01 1.283823e+03 1.297465e+03 
2.530202e-01 1.246428e+03 1.248298e+03 
2.580606e-01 1.206716e+03 1.201711e+03 
2.631010e-01 1.163990e+03 1.157531e+03 
2.681414e-01 1.118983e+03 1.115601e+03 
2.731818e-01 1.073371e+03 1.075775e+03 
2.782222e-01 1.029012e+03 1.037920e+03 
2.832626e-01 9.874347e+02 1.001912e+03 
2.883030e-01 9.497239e+02 9.676367e+02 
2.933434e-01 9.163759e+02 9.349878e+02 
2.983838e-01 8.872356e+02 9.038675e+02 
3.034242e-01 8.614898e+02 8.741849e+02 
3.084646e-01 8.379479e+02 8.458556e+02 
3.135051e-01 8.154511e+02 8.188011e+02 
3.185455e-01 7.931319e+02 7.929485e+02 
3.235859e-01 7.704882e+02 7.682298e+02 
3.286263e-01 7.473221e+02 7.445818e+02 
3.336667e-01 7.237911e+02 7.219455e+02 
3.387071e-01 7.003513e+02 7.002657e+02 
3.437475e-01 6.776424e+02 6.794910e+02 
3.487879e-01 6.561601e+02 6.595733e+02 
3.538283e-01 6.361767e+02 6.404676e+02 
3.588687e-01 6.177398e+02 6.221316e+02 
3.639091e-01 6.007674e+02 6.045259e+02 
3.689495e-01 5.850704e+02 5.876133e+02 
3.739899e-01 5.703204e+02 5.713592e+02 
3.790303e-01 5.561337e+02 5.557307e+02 
3.840707e-01 5.422083e+02 5.406973e+02 
3.891111e-01 5.283947e+02 5.262299e+02 
3.941515e-01 5.146623e+02 5.123014e+02 
3.991919e-01 5.010455e+02 4.988863e+02 
4.042323e-01 4.876477e+02 4.859602e+02 
4.092727e-01 4.746351e+02 4.735006e+02 
4.143131e-01 4.621727e+02 4.614859e+02 
4.193535e-01 4.503241e+02 4.498957e+02 
4.243939e-01 4.391071e+02 4.387111e+02 
4.294343e-01 4.285006e+02 4.279138e+02 
4.344747e-01 4.184332e+02 4.174867e+02 
4.395152e-01 4.088087e+02 4.074136e+02 
4.445556e-01 3.995139e+02 3.976791e+02 
4.495960e-01 3.904507e+02 3.882687e+02 
4.546364e-01 3.815685e+02 3.791687e+02 
4.596768e-01 3.728543e+02 3.703659e+02 
4.647172e-01 3.643085e+02 3.618478e+02 
4.697576e-01 3.559403e+02 3.536029e+02 
4.747980e-01 3.477923e+02 3.456198e+02 
4.798384e-01 3.399232e+02 3.378879e+02 
4.848788e-01 3.323525e+02 3.303971e+02 
4.899192e-01 3.250814e+02 3.231378e+02 
4.949596e-01 3.180839e+02 3.161008e+02 
5.000000e-01 3.113491e+02 3.092775e+02 
