1.000000e-03 6.647299e+03 6.647294e+03 
6.040404e-03 2.925975e+04 2.950204e+04 
1.108081e-02 3.938120e+04 3.982691e+04 
1.612121e-02 4.170796e+04 4.237266e+04 
2.116162e-02 3.922036e+04 3.947383e+04 
2.620202e-02 3.418558e+04 3.378413e+04 
3.124242e-02 2.835616e+04 2.801227e+04 
3.628283e-02 2.292100e+04 2.335351e+04 
4.132323e-02 1.850541e+04 1.982792e+04 
4.636364e-02 1.526697e+04 1.714084e+04 
5.140404e-02 1.314274e+04 1.503275e+04 
5.644444e-02 1.187048e+04 1.332899e+04 
6.148485e-02 1.117399e+04 1.191798e+04 
6.652525e-02 1.078357e+04 1.072737e+04 
7.156566e-02 1.046740e+04 9.708370e+03 
7.660606e-02 1.004785e+04 8.826683e+03 
8.164646e-02 9.424006e+03 8.057198e+03 
8.668687e-02 8.588359e+03 7.380900e+03 
9.172727e-02 7.611313e+03 6.782992e+03 
9.676768e-02 6.603184e+03 6.251701e+03 
1.018081e-01 5.675462e+03 5.777496e+03 
1.068485e-01 4.909560e+03 5.352552e+03 
1.118889e-01 4.341830e+03 4.970373e+03 
1.169293e-01 3.969368e+03 4.625515e+03 
1.219697e-01 3.762770e+03 4.313376e+03 
1.270101e-01 3.677950e+03 4.030046e+03 
1.320505e-01 3.661862e+03 3.772177e+03 
1.370909e-01 3.659408e+03 3.536892e+03 
1.421313e-01 3.623192e+03 3.321702e+03 
1.471717e-01 3.521864e+03 3.124450e+03 
1.522121e-01 3.344150e+03 2.943256e+03 
1.572525e-01 3.098962e+03 2.776474e+03 
1.622929e-01 2.812930e+03 2.622664e+03 
1.673333e-01 2.521900e+03 2.480556e+03 
1.723737e-01 2.258668e+03 2.349028e+03 
1.774141e-01 2.044295e+03 2.227088e+03 
1.824545e-01 1.886938e+03 2.113856e+03 
1.874949e-01 1.785631e+03 2.008548e+03 
1.925354e-01 1.732894e+03 1.910464e+03 
1.975758e-01 1.715449e+03 1.818980e+03 
2.026162e-01 1.715792e+03 1.733534e+03 
2.076566e-01 1.715707e+03 1.653623e+03 
2.126970e-01 1.700356e+03 1.578794e+03 
2.177374e-01 1.660674e+03 1.508640e+03 
2.227778e-01 1.594051e+03 1.442789e+03 
2.278182e-01 1.504129e+03 1.380909e+03 
2.328586e-01 1.399802e+03 1.322697e+03 
2.378990e-01 1.292556e+03 1.267877e+03 
2.429394e-01 1.193217e+03 1.216198e+03 
2.479798e-01 1.109650e+03 1.167434e+03 
2.530202e-01 1.045863e+03 1.121375e+03 
2.580606e-01 1.002356e+03 1.077831e+03 
2.631010e-01 9.765919e+02 1.036628e+03 
2.681414e-01 9.637813e+02 9.976069e+02 
2.731818e-01 9.578115e+02 9.606202e+02 
2.782222e-01 9.524271e+02 9.255336e+02 
2.832626e-01 9.422856e+02 8.922231e+02 
2.883030e-01 9.237518e+02 8.605746e+02 
2.933434e-01 8.954303e+02 8.304826e+02 
2.983838e-01 8.582337e+02 8.018499e+02 
3.034242e-01 8.150501e+02 7.745864e+02 
3.084646e-01 7.698182e+02 7.486091e+02 
3.135051e-01 7.265368e+02 7.238406e+02 
3.185455e-01 6.883417e+02 7.002094e+02 
3.235859e-01 6.571322e+02 6.776491e+02 
3.286263e-01 6.335043e+02 6.560980e+02 
3.336667e-01 6.169339e+02 6.354984e+02 
3.387071e-01 6.059233e+02 6.157970e+02 
3.437475e-01 5.983039e+02 5.969439e+02 
3.487879e-01 5.916742e+02 5.788926e+02 
3.538283e-01 5.839010e+02 5.615995e+02 
3.588687e-01 5.734682e+02 5.450242e+02 
3.639091e-01 5.596525e+02 5.291287e+02 
3.689495e-01 5.425181e+02 5.138774e+02 
3.739899e-01 5.228014e+02 4.992370e+02 
3.790303e-01 5.017792e+02 4.851764e+02 
3.840707e-01 4.809397e+02 4.716662e+02 
3.891111e-01 4.616229e+02 4.586790e+02 
3.941515e-01 4.447473e+02 4.461890e+02 
3.991919e-01 4.307522e+02 4.341718e+02 
4.042323e-01 4.196297e+02 4.226047e+02 
4.092727e-01 4.109721e+02 4.114661e+02 
4.143131e-01 4.040616e+02 4.007357e+02 
4.193535e-01 3.980229e+02 3.903946e+02 
4.243939e-01 3.919936e+02 3.804245e+02 
4.294343e-01 3.852981e+02 3.708086e+02 
4.344747e-01 3.775208e+02 3.615308e+02 
4.395152e-01 3.685207e+02 3.525759e+02 
4.445556e-01 3.584567e+02 3.439295e+02 
4.495960e-01 3.477199e+02 3.355781e+02 
4.546364e-01 3.368324e+02 3.275088e+02 
4.596768e-01 3.263170e+02 3.197095e+02 
4.647172e-01 3.166057e+02 3.121686e+02 
4.697576e-01 3.079602e+02 3.048751e+02 
4.747980e-01 3.004924e+02 2.978187e+02 
4.798384e-01 2.941281e+02 2.909895e+02 
4.848788e-01 2.886529e+02 2.843783e+02 
4.899192e-01 2.837522e+02 2.779760e+02 
4.949596e-01 2.790927e+02 2.717743e+02 
5.000000e-01 2.743768e+02 2.657651e+02 
