1.000000e-03 3.018977e+03 3.018975e+03 
6.040404e-03 1.358785e+04 1.368990e+04 
1.108081e-02 1.875370e+04 1.885304e+04 
1.612121e-02 2.055126e+04 2.060516e+04 
2.116162e-02 2.027505e+04 2.018396e+04 
2.620202e-02 1.885619e+04 1.872972e+04 
3.124242e-02 1.698032e+04 1.707581e+04 
3.628283e-02 1.510669e+04 1.554150e+04 
4.132323e-02 1.348851e+04 1.417987e+04 
4.636364e-02 1.220676e+04 1.297466e+04 
5.140404e-02 1.125403e+04 1.190248e+04 
5.644444e-02 1.054145e+04 1.094409e+04 
6.148485e-02 9.954581e+03 1.008440e+04 
6.652525e-02 9.414365e+03 9.311182e+03 
7.156566e-02 8.845790e+03 8.614212e+03 
7.660606e-02 8.217320e+03 7.984707e+03 
8.164646e-02 7.543493e+03 7.415039e+03 
8.668687e-02 6.867932e+03 6.898531e+03 
9.172727e-02 6.235717e+03 6.429326e+03 
9.676768e-02 5.679578e+03 6.002278e+03 
1.018081e-01 5.219921e+03 5.612859e+03 
1.068485e-01 4.863269e+03 5.257083e+03 
1.118889e-01 4.598329e+03 4.931437e+03 
1.169293e-01 4.398037e+03 4.632825e+03 
1.219697e-01 4.229744e+03 4.358512e+03 
1.270101e-01 4.065730e+03 4.106080e+03 
1.320505e-01 3.888349e+03 3.873386e+03 
1.370909e-01 3.690456e+03 3.658533e+03 
1.421313e-01 3.473956e+03 3.459832e+03 
1.471717e-01 3.248280e+03 3.275783e+03 
1.522121e-01 3.026536e+03 3.105046e+03 
1.572525e-01 2.821891e+03 2.946426e+03 
1.622929e-01 2.644424e+03 2.798855e+03 
1.673333e-01 2.498934e+03 2.661373e+03 
1.723737e-01 2.383864e+03 2.533121e+03 
1.774141e-01 2.292675e+03 2.413324e+03 
1.824545e-01 2.216626e+03 2.301286e+03 
1.874949e-01 2.147278e+03 2.196377e+03 
1.925354e-01 2.077506e+03 2.098029e+03 
1.975758e-01 2.002105e+03 2.005728e+03 
2.026162e-01 1.919024e+03 1.919006e+03 
2.076566e-01 1.829924e+03 1.837440e+03 
2.126970e-01 1.738993e+03 1.760644e+03 
2.177374e-01 1.650899e+03 1.688268e+03 
2.227778e-01 1.569288e+03 1.619991e+03 
2.278182e-01 1.496681e+03 1.555520e+03 
2.328586e-01 1.434324e+03 1.494587e+03 
2.378990e-01 1.381846e+03 1.436949e+03 
2.429394e-01 1.337253e+03 1.382379e+03 
2.479798e-01 1.297735e+03 1.330672e+03 
2.530202e-01 1.260543e+03 1.281637e+03 
2.580606e-01 1.223471e+03 1.235101e+03 
2.631010e-01 1.185030e+03 1.190901e+03 
2.681414e-01 1.144631e+03 1.148890e+03 
2.731818e-01 1.102723e+03 1.108930e+03 
2.782222e-01 1.060548e+03 1.070895e+03 
2.832626e-01 1.019608e+03 1.034666e+03 
2.883030e-01 9.811066e+02 1.000136e+03 
2.933434e-01 9.458136e+02 9.672026e+02 
2.983838e-01 9.140334e+02 9.357728e+02 
3.034242e-01 8.856658e+02 9.057592e+02 
3.084646e-01 8.602102e+02 8.770810e+02 
3.135051e-01 8.368293e+02 8.496625e+02 
3.185455e-01 8.145927e+02 8.234336e+02 
3.235859e-01 7.927309e+02 7.983287e+02 
3.286263e-01 7.707801e+02 7.742865e+02 
3.336667e-01 7.485950e+02 7.512499e+02 
3.387071e-01 7.262755e+02 7.291653e+02 
3.437475e-01 7.041033e+02 7.079827e+02 
3.487879e-01 6.824613e+02 6.876552e+02 
3.538283e-01 6.617464e+02 6.681389e+02 
3.588687e-01 6.422729e+02 6.493926e+02 
3.639091e-01 6.241833e+02 6.313775e+02 
3.689495e-01 6.074112e+02 6.140575e+02 
3.739899e-01 5.917580e+02 5.973982e+02 
3.790303e-01 5.769851e+02 5.813677e+02 
3.840707e-01 5.628606e+02 5.659356e+02 
3.891111e-01 5.491625e+02 5.510734e+02 
3.941515e-01 5.356941e+02 5.367544e+02 
3.991919e-01 5.223394e+02 5.229533e+02 
4.042323e-01 5.091032e+02 5.096461e+02 
4.092727e-01 4.960811e+02 4.968102e+02 
4.143131e-01 4.833941e+02 4.844245e+02 
4.193535e-01 4.711454e+02 4.724688e+02 
4.243939e-01 4.594101e+02 4.609239e+02 
4.294343e-01 4.482119e+02 4.497719e+02 
4.344747e-01 4.375770e+02 4.389958e+02 
4.395152e-01 4.274729e+02 4.285793e+02 
4.445556e-01 4.178206e+02 4.185071e+02 
4.495960e-01 4.085239e+02 4.087647e+02 
4.546364e-01 3.994949e+02 3.993383e+02 
4.596768e-01 3.906830e+02 3.902147e+02 
4.647172e-01 3.820655e+02 3.813817e+02 
4.697576e-01 3.736229e+02 3.728273e+02 
4.747980e-01 3.653509e+02 3.645404e+02 
4.798384e-01 3.572683e+02 3.565101e+02 
4.848788e-01 3.494082e+02 3.487265e+02 
4.899192e-01 3.418181e+02 3.411797e+02 
4.949596e-01 3.345048e+02 3.338606e+02 
5.000000e-01 3.274525e+02 3.267604e+02 
