1.000000e-03 5.108779e+03 5.108775e+03 
6.040404e-03 2.320828e+04 2.339707e+04 
1.108081e-02 3.186175e+04 3.218899e+04 
1.612121e-02 3.436969e+04 3.484427e+04 
2.116162e-02 3.295699e+04 3.312518e+04 
2.620202e-02 2.936128e+04 2.904563e+04 
3.124242e-02 2.495592e+04 2.469365e+04 
3.628283e-02 2.070414e+04 2.105170e+04 
4.132323e-02 1.714762e+04 1.820518e+04 
4.636364e-02 1.446113e+04 1.597247e+04 
5.140404e-02 1.263666e+04 1.417710e+04 
5.644444e-02 1.149077e+04 1.269573e+04 
6.148485e-02 1.080994e+04 1.144750e+04 
6.652525e-02 1.038686e+04 1.037885e+04 
7.156566e-02 1.002616e+04 9.452902e+03 
7.660606e-02 9.582075e+03 8.643201e+03 
8.164646e-02 8.977681e+03 7.929987e+03 
8.668687e-02 8.212343e+03 7.298019e+03 
9.172727e-02 7.342071e+03 6.735228e+03 
9.676768e-02 6.451846e+03 6.231860e+03 
1.018081e-01 5.629330e+03 5.779903e+03 
1.068485e-01 4.943204e+03 5.372693e+03 
1.118889e-01 4.427114e+03 5.004633e+03 
1.169293e-01 4.078845e+03 4.670980e+03 
1.219697e-01 3.871836e+03 4.367691e+03 
1.270101e-01 3.767314e+03 4.091295e+03 
1.320505e-01 3.720630e+03 3.838799e+03 
1.370909e-01 3.685849e+03 3.607610e+03 
1.421313e-01 3.622745e+03 3.395472e+03 
1.471717e-01 3.504967e+03 3.200415e+03 
1.522121e-01 3.324752e+03 3.020712e+03 
1.572525e-01 3.091651e+03 2.854846e+03 
1.622929e-01 2.827988e+03 2.701478e+03 
1.673333e-01 2.562355e+03 2.559425e+03 
1.723737e-01 2.321466e+03 2.427636e+03 
1.774141e-01 2.123555e+03 2.305179e+03 
1.824545e-01 1.976104e+03 2.191220e+03 
1.874949e-01 1.877760e+03 2.085019e+03 
1.925354e-01 1.821001e+03 1.985907e+03 
1.975758e-01 1.793854e+03 1.893290e+03 
2.026162e-01 1.781409e+03 1.806630e+03 
2.076566e-01 1.768364e+03 1.725443e+03 
2.126970e-01 1.742094e+03 1.649292e+03 
2.177374e-01 1.695029e+03 1.577784e+03 
2.227778e-01 1.625525e+03 1.510559e+03 
2.278182e-01 1.537418e+03 1.447294e+03 
2.328586e-01 1.438563e+03 1.387693e+03 
2.378990e-01 1.338491e+03 1.331488e+03 
2.429394e-01 1.246063e+03 1.278433e+03 
2.479798e-01 1.167703e+03 1.228306e+03 
2.530202e-01 1.106833e+03 1.180900e+03 
2.580606e-01 1.063837e+03 1.136030e+03 
2.631010e-01 1.036295e+03 1.093522e+03 
2.681414e-01 1.019699e+03 1.053219e+03 
2.731818e-01 1.008574e+03 1.014976e+03 
2.782222e-01 9.976068e+02 9.786588e+02 
2.832626e-01 9.824489e+02 9.441448e+02 
2.883030e-01 9.601996e+02 9.113200e+02 
2.933434e-01 9.298002e+02 8.800793e+02 
2.983838e-01 8.922080e+02 8.503255e+02 
3.034242e-01 8.500532e+02 8.219687e+02 
3.084646e-01 8.067817e+02 7.949255e+02 
3.135051e-01 7.656877e+02 7.691183e+02 
3.185455e-01 7.292989e+02 7.444754e+02 
3.235859e-01 6.991418e+02 7.209298e+02 
3.286263e-01 6.756977e+02 6.984194e+02 
3.336667e-01 6.584121e+02 6.768861e+02 
3.387071e-01 6.458399e+02 6.562761e+02 
3.437475e-01 6.360251e+02 6.365387e+02 
3.487879e-01 6.269198e+02 6.176270e+02 
3.538283e-01 6.167693e+02 5.994970e+02 
3.588687e-01 6.043614e+02 5.821073e+02 
3.639091e-01 5.891362e+02 5.654196e+02 
3.689495e-01 5.712083e+02 5.493976e+02 
3.739899e-01 5.513215e+02 5.340075e+02 
3.790303e-01 5.306330e+02 5.192175e+02 
3.840707e-01 5.103682e+02 5.049977e+02 
3.891111e-01 4.915850e+02 4.913201e+02 
3.941515e-01 4.750261e+02 4.781583e+02 
3.991919e-01 4.610457e+02 4.654875e+02 
4.042323e-01 4.495959e+02 4.532843e+02 
4.092727e-01 4.402697e+02 4.415266e+02 
4.143131e-01 4.323893e+02 4.301936e+02 
4.193535e-01 4.251826e+02 4.192659e+02 
4.243939e-01 4.179453e+02 4.087249e+02 
4.294343e-01 4.101580e+02 3.985530e+02 
4.344747e-01 4.014875e+02 3.887338e+02 
4.395152e-01 3.918400e+02 3.792517e+02 
4.445556e-01 3.813773e+02 3.700918e+02 
4.495960e-01 3.704658e+02 3.612402e+02 
4.546364e-01 3.595650e+02 3.526836e+02 
4.596768e-01 3.491115e+02 3.444094e+02 
4.647172e-01 3.394185e+02 3.364057e+02 
4.697576e-01 3.306920e+02 3.286613e+02 
4.747980e-01 3.230069e+02 3.211653e+02 
4.798384e-01 3.162918e+02 3.139076e+02 
4.848788e-01 3.103427e+02 3.068785e+02 
4.899192e-01 3.048669e+02 3.000688e+02 
4.949596e-01 2.995775e+02 2.934697e+02 
5.000000e-01 2.942424e+02 2.870729e+02 
