1.000000e-03 2.269202e+03 2.269200e+03 
6.040404e-03 9.993272e+03 1.007291e+04 
1.108081e-02 1.368445e+04 1.368830e+04 
1.612121e-02 1.514962e+04 1.502443e+04 
2.116162e-02 1.537927e+04 1.516522e+04 
2.620202e-02 1.494434e+04 1.472635e+04 
3.124242e-02 1.418761e+04 1.402439e+04 
3.628283e-02 1.330819e+04 1.321442e+04 
4.132323e-02 1.241301e+04 1.237630e+04 
4.636364e-02 1.154317e+04 1.155256e+04 
5.140404e-02 1.074261e+04 1.076541e+04 
5.644444e-02 9.980100e+03 1.002560e+04 
6.148485e-02 9.271007e+03 9.337259e+03 
6.652525e-02 8.616431e+03 8.700744e+03 
7.156566e-02 8.010694e+03 8.114333e+03 
7.660606e-02 7.455399e+03 7.575208e+03 
8.164646e-02 6.953984e+03 7.080049e+03 
8.668687e-02 6.504167e+03 6.625386e+03 
9.172727e-02 6.094343e+03 6.207799e+03 
9.676768e-02 5.717553e+03 5.824024e+03 
1.018081e-01 5.371638e+03 5.471017e+03 
1.068485e-01 5.054898e+03 5.145972e+03 
1.118889e-01 4.761190e+03 4.846328e+03 
1.169293e-01 4.486593e+03 4.569756e+03 
1.219697e-01 4.230649e+03 4.314154e+03 
1.270101e-01 3.994720e+03 4.077622e+03 
1.320505e-01 3.778398e+03 3.858447e+03 
1.370909e-01 3.579705e+03 3.655089e+03 
1.421313e-01 3.396129e+03 3.466160e+03 
1.471717e-01 3.225550e+03 3.290408e+03 
1.522121e-01 3.066638e+03 3.126708e+03 
1.572525e-01 2.918325e+03 2.974044e+03 
1.622929e-01 2.779669e+03 2.831497e+03 
1.673333e-01 2.649662e+03 2.698239e+03 
1.723737e-01 2.527496e+03 2.573519e+03 
1.774141e-01 2.413157e+03 2.456660e+03 
1.824545e-01 2.306331e+03 2.347044e+03 
1.874949e-01 2.206129e+03 2.244112e+03 
1.925354e-01 2.111946e+03 2.147356e+03 
1.975758e-01 2.023387e+03 2.056313e+03 
2.026162e-01 1.940162e+03 1.970562e+03 
2.076566e-01 1.861797e+03 1.889716e+03 
2.126970e-01 1.787606e+03 1.813424e+03 
2.177374e-01 1.717356e+03 1.741364e+03 
2.227778e-01 1.650991e+03 1.673242e+03 
2.278182e-01 1.588252e+03 1.608787e+03 
2.328586e-01 1.528834e+03 1.547751e+03 
2.378990e-01 1.472447e+03 1.489904e+03 
2.429394e-01 1.418968e+03 1.435039e+03 
2.479798e-01 1.368296e+03 1.382959e+03 
2.530202e-01 1.320141e+03 1.333488e+03 
2.580606e-01 1.274275e+03 1.286461e+03 
2.631010e-01 1.230592e+03 1.241724e+03 
2.681414e-01 1.189014e+03 1.199137e+03 
2.731818e-01 1.149443e+03 1.158569e+03 
2.782222e-01 1.111687e+03 1.119899e+03 
2.832626e-01 1.075607e+03 1.083016e+03 
2.883030e-01 1.041151e+03 1.047813e+03 
2.933434e-01 1.008259e+03 1.014195e+03 
2.983838e-01 9.768437e+02 9.820707e+02 
3.034242e-01 9.467676e+02 9.513563e+02 
3.084646e-01 9.179430e+02 9.219732e+02 
3.135051e-01 8.903471e+02 8.938482e+02 
3.185455e-01 8.639250e+02 8.669130e+02 
3.235859e-01 8.386018e+02 8.411037e+02 
3.286263e-01 8.142932e+02 8.163605e+02 
3.336667e-01 7.909455e+02 7.926275e+02 
3.387071e-01 7.685366e+02 7.698523e+02 
3.437475e-01 7.470270e+02 7.479857e+02 
3.487879e-01 7.263623e+02 7.269818e+02 
3.538283e-01 7.064733e+02 7.067971e+02 
3.588687e-01 6.873256e+02 6.873911e+02 
3.639091e-01 6.689188e+02 6.687256e+02 
3.689495e-01 6.512108e+02 6.507645e+02 
3.739899e-01 6.341480e+02 6.334741e+02 
3.790303e-01 6.176951e+02 6.168224e+02 
3.840707e-01 6.018331e+02 6.007795e+02 
3.891111e-01 5.865532e+02 5.853169e+02 
3.941515e-01 5.718225e+02 5.704080e+02 
3.991919e-01 5.576017e+02 5.560274e+02 
4.042323e-01 5.438624e+02 5.421514e+02 
4.092727e-01 5.305936e+02 5.287573e+02 
4.143131e-01 5.177948e+02 5.158237e+02 
4.193535e-01 5.054309e+02 5.033306e+02 
4.243939e-01 4.934650e+02 4.912588e+02 
4.294343e-01 4.818914e+02 4.795901e+02 
4.344747e-01 4.707028e+02 4.683074e+02 
4.395152e-01 4.598848e+02 4.573944e+02 
4.445556e-01 4.494141e+02 4.468356e+02 
4.495960e-01 4.392688e+02 4.366163e+02 
4.546364e-01 4.294396e+02 4.267227e+02 
4.596768e-01 4.199217e+02 4.171415e+02 
4.647172e-01 4.107094e+02 4.078600e+02 
4.697576e-01 4.017768e+02 3.988663e+02 
4.747980e-01 3.931022e+02 3.901490e+02 
4.798384e-01 3.846910e+02 3.816973e+02 
4.848788e-01 3.765386e+02 3.735007e+02 
4.899192e-01 3.686282e+02 3.655496e+02 
4.949596e-01 3.609462e+02 3.578344e+02 
5.000000e-01 3.534828e+02 3.503462e+02 
