1.000000e-03 2.223563e+03 2.223561e+03 
6.040404e-03 9.779031e+03 9.767776e+03 
1.108081e-02 1.338496e+04 1.317568e+04 
1.612121e-02 1.481388e+04 1.442212e+04 
2.116162e-02 1.503536e+04 1.456810e+04 
2.620202e-02 1.460780e+04 1.416401e+04 
3.124242e-02 1.386628e+04 1.349619e+04 
3.628283e-02 1.300531e+04 1.271597e+04 
4.132323e-02 1.212931e+04 1.190475e+04 
4.636364e-02 1.127837e+04 1.110622e+04 
5.140404e-02 1.049536e+04 1.034309e+04 
5.644444e-02 9.749719e+03 9.626233e+03 
6.148485e-02 9.056411e+03 8.959768e+03 
6.652525e-02 8.416487e+03 8.344027e+03 
7.156566e-02 7.824376e+03 7.777259e+03 
7.660606e-02 7.281623e+03 7.256647e+03 
8.164646e-02 6.791569e+03 6.778888e+03 
8.668687e-02 6.351972e+03 6.340547e+03 
9.172727e-02 5.951484e+03 5.938246e+03 
9.676768e-02 5.583302e+03 5.568778e+03 
1.018081e-01 5.245308e+03 5.229151e+03 
1.068485e-01 4.935837e+03 4.916618e+03 
1.118889e-01 4.648886e+03 4.628673e+03 
1.169293e-01 4.380621e+03 4.363045e+03 
1.219697e-01 4.130591e+03 4.117681e+03 
1.270101e-01 3.900123e+03 3.890732e+03 
1.320505e-01 3.688816e+03 3.680533e+03 
1.370909e-01 3.494734e+03 3.485588e+03 
1.421313e-01 3.315426e+03 3.304548e+03 
1.471717e-01 3.148818e+03 3.136201e+03 
1.522121e-01 2.993610e+03 2.979456e+03 
1.572525e-01 2.848759e+03 2.833329e+03 
1.622929e-01 2.713344e+03 2.696933e+03 
1.673333e-01 2.586379e+03 2.569465e+03 
1.723737e-01 2.467076e+03 2.450201e+03 
1.774141e-01 2.355419e+03 2.338487e+03 
1.824545e-01 2.251101e+03 2.233726e+03 
1.874949e-01 2.153255e+03 2.135380e+03 
1.925354e-01 2.061288e+03 2.042959e+03 
1.975758e-01 1.974814e+03 1.956016e+03 
2.026162e-01 1.893551e+03 1.874146e+03 
2.076566e-01 1.817035e+03 1.796977e+03 
2.126970e-01 1.744597e+03 1.724172e+03 
2.177374e-01 1.676007e+03 1.655419e+03 
2.227778e-01 1.611213e+03 1.590437e+03 
2.278182e-01 1.549959e+03 1.528965e+03 
2.328586e-01 1.491949e+03 1.470765e+03 
2.378990e-01 1.436899e+03 1.415617e+03 
2.429394e-01 1.384690e+03 1.363319e+03 
2.479798e-01 1.335221e+03 1.313687e+03 
2.530202e-01 1.288211e+03 1.266548e+03 
2.580606e-01 1.243436e+03 1.221744e+03 
2.631010e-01 1.200792e+03 1.179130e+03 
2.681414e-01 1.160205e+03 1.138569e+03 
2.731818e-01 1.121577e+03 1.099938e+03 
2.782222e-01 1.084720e+03 1.063119e+03 
2.832626e-01 1.049502e+03 1.028006e+03 
2.883030e-01 1.015869e+03 9.944975e+02 
2.933434e-01 9.837621e+02 9.625015e+02 
2.983838e-01 9.530982e+02 9.319312e+02 
3.034242e-01 9.237416e+02 9.027063e+02 
3.084646e-01 8.956070e+02 8.747514e+02 
3.135051e-01 8.686719e+02 8.479967e+02 
3.185455e-01 8.428829e+02 8.223768e+02 
3.235859e-01 8.181668e+02 7.978305e+02 
3.286263e-01 7.944414e+02 7.743007e+02 
3.336667e-01 7.716539e+02 7.517340e+02 
3.387071e-01 7.497831e+02 7.300802e+02 
3.437475e-01 7.287903e+02 7.092925e+02 
3.487879e-01 7.086224e+02 6.893268e+02 
3.538283e-01 6.892117e+02 6.701417e+02 
3.588687e-01 6.705247e+02 6.516984e+02 
3.639091e-01 6.525609e+02 6.339605e+02 
3.689495e-01 6.352794e+02 6.168937e+02 
3.739899e-01 6.186277e+02 6.004655e+02 
3.790303e-01 6.025714e+02 5.846455e+02 
3.840707e-01 5.870919e+02 5.694052e+02 
3.891111e-01 5.721807e+02 5.547174e+02 
3.941515e-01 5.578055e+02 5.405567e+02 
3.991919e-01 5.439281e+02 5.268988e+02 
4.042323e-01 5.305207e+02 5.137212e+02 
4.092727e-01 5.175725e+02 5.010021e+02 
4.143131e-01 5.050832e+02 4.887214e+02 
4.193535e-01 4.930183e+02 4.768597e+02 
4.243939e-01 4.813420e+02 4.653988e+02 
4.294343e-01 4.700485e+02 4.543214e+02 
4.344747e-01 4.591308e+02 4.436112e+02 
4.395152e-01 4.485750e+02 4.332525e+02 
4.445556e-01 4.383579e+02 4.232308e+02 
4.495960e-01 4.284586e+02 4.135320e+02 
4.546364e-01 4.188678e+02 4.041428e+02 
4.596768e-01 4.095808e+02 3.950506e+02 
4.647172e-01 4.005921e+02 3.862434e+02 
4.697576e-01 3.918763e+02 3.777098e+02 
4.747980e-01 3.834124e+02 3.694390e+02 
4.798384e-01 3.752056e+02 3.614206e+02 
4.848788e-01 3.672512e+02 3.536447e+02 
4.899192e-01 3.595332e+02 3.461020e+02 
4.949596e-01 3.520380e+02 3.387836e+02 
5.000000e-01 3.447561e+02 3.316809e+02 
