1.000000e-03 8.025392e+03 8.025385e+03 
6.040404e-03 3.528237e+04 3.558405e+04 
1.108081e-02 4.767582e+04 4.828060e+04 
1.612121e-02 5.064898e+04 5.167198e+04 
2.116162e-02 4.765734e+04 4.828632e+04 
2.620202e-02 4.137990e+04 4.096397e+04 
3.124242e-02 3.395677e+04 3.316938e+04 
3.628283e-02 2.690178e+04 2.681761e+04 
4.132323e-02 2.106205e+04 2.211575e+04 
4.636364e-02 1.670400e+04 1.866503e+04 
5.140404e-02 1.377063e+04 1.606522e+04 
5.644444e-02 1.198668e+04 1.403932e+04 
6.148485e-02 1.102737e+04 1.241173e+04 
6.652525e-02 1.058700e+04 1.107154e+04 
7.156566e-02 1.038944e+04 9.946697e+03 
7.660606e-02 1.020252e+04 8.988516e+03 
8.164646e-02 9.849497e+03 8.162780e+03 
8.668687e-02 9.240062e+03 7.444539e+03 
9.172727e-02 8.381256e+03 6.815018e+03 
9.676768e-02 7.358979e+03 6.259716e+03 
1.018081e-01 6.299167e+03 5.767182e+03 
1.068485e-01 5.324638e+03 5.328217e+03 
1.118889e-01 4.521863e+03 4.935317e+03 
1.169293e-01 3.928879e+03 4.582293e+03 
1.219697e-01 3.543230e+03 4.263984e+03 
1.270101e-01 3.337904e+03 3.976049e+03 
1.320505e-01 3.271670e+03 3.714814e+03 
1.370909e-01 3.293921e+03 3.477143e+03 
1.421313e-01 3.349680e+03 3.260348e+03 
1.471717e-01 3.386732e+03 3.062114e+03 
1.522121e-01 3.363350e+03 2.880433e+03 
1.572525e-01 3.254748e+03 2.713560e+03 
1.622929e-01 3.058008e+03 2.559974e+03 
1.673333e-01 2.792995e+03 2.418338e+03 
1.723737e-01 2.495526e+03 2.287479e+03 
1.774141e-01 2.204366e+03 2.166363e+03 
1.824545e-01 1.949411e+03 2.054073e+03 
1.874949e-01 1.748088e+03 1.949797e+03 
1.925354e-01 1.607000e+03 1.852814e+03 
1.975758e-01 1.524594e+03 1.762479e+03 
2.026162e-01 1.492361e+03 1.678215e+03 
2.076566e-01 1.496128e+03 1.599508e+03 
2.126970e-01 1.518325e+03 1.525893e+03 
2.177374e-01 1.541024e+03 1.456955e+03 
2.227778e-01 1.548568e+03 1.392316e+03 
2.278182e-01 1.529664e+03 1.331638e+03 
2.328586e-01 1.479244e+03 1.274613e+03 
2.378990e-01 1.399547e+03 1.220963e+03 
2.429394e-01 1.299281e+03 1.170435e+03 
2.479798e-01 1.190665e+03 1.122798e+03 
2.530202e-01 1.085917e+03 1.077843e+03 
2.580606e-01 9.947093e+02 1.035378e+03 
2.631010e-01 9.230527e+02 9.952288e+02 
2.681414e-01 8.732150e+02 9.572343e+02 
2.731818e-01 8.441561e+02 9.212480e+02 
2.782222e-01 8.322394e+02 8.871352e+02 
2.832626e-01 8.320737e+02 8.547721e+02 
2.883030e-01 8.373396e+02 8.240446e+02 
2.933434e-01 8.416219e+02 7.948477e+02 
2.983838e-01 8.393542e+02 7.670844e+02 
3.034242e-01 8.267132e+02 7.406655e+02 
3.084646e-01 8.023099e+02 7.155079e+02 
3.135051e-01 7.673740e+02 6.915352e+02 
3.185455e-01 7.252065e+02 6.686765e+02 
3.235859e-01 6.801651e+02 6.468657e+02 
3.286263e-01 6.365892e+02 6.260418e+02 
3.336667e-01 5.980051e+02 6.061480e+02 
3.387071e-01 5.667382e+02 5.871313e+02 
3.437475e-01 5.438006e+02 5.689426e+02 
3.487879e-01 5.289329e+02 5.515359e+02 
3.538283e-01 5.207768e+02 5.348684e+02 
3.588687e-01 5.172011e+02 5.189000e+02 
3.639091e-01 5.157200e+02 5.035936e+02 
3.689495e-01 5.138900e+02 4.889140e+02 
3.739899e-01 5.096584e+02 4.748285e+02 
3.790303e-01 5.016148e+02 4.613066e+02 
3.840707e-01 4.891764e+02 4.483194e+02 
3.891111e-01 4.727097e+02 4.358401e+02 
3.941515e-01 4.533879e+02 4.238432e+02 
3.991919e-01 4.328079e+02 4.123050e+02 
4.042323e-01 4.126255e+02 4.012031e+02 
4.092727e-01 3.942292e+02 3.905165e+02 
4.143131e-01 3.786038e+02 3.802254e+02 
4.193535e-01 3.662564e+02 3.703110e+02 
4.243939e-01 3.571756e+02 3.607558e+02 
4.294343e-01 3.508926e+02 3.515432e+02 
4.344747e-01 3.466161e+02 3.426575e+02 
4.395152e-01 3.433855e+02 3.340838e+02 
4.445556e-01 3.402290e+02 3.258083e+02 
4.495960e-01 3.363090e+02 3.178176e+02 
4.546364e-01 3.310178e+02 3.100993e+02 
4.596768e-01 3.240779e+02 3.026415e+02 
4.647172e-01 3.155779e+02 2.954329e+02 
4.697576e-01 3.059088e+02 2.884629e+02 
4.747980e-01 2.956395e+02 2.817215e+02 
4.798384e-01 2.853924e+02 2.751991e+02 
4.848788e-01 2.757465e+02 2.688865e+02 
4.899192e-01 2.671496e+02 2.627752e+02 
4.949596e-01 2.598670e+02 2.568569e+02 
5.000000e-01 2.539480e+02 2.511239e+02 
