1.000000e-03 4.714350e+03 4.714346e+03 
6.040404e-03 2.097449e+04 2.113967e+04 
1.108081e-02 2.831984e+04 2.855399e+04 
1.612121e-02 3.019509e+04 3.045109e+04 
2.116162e-02 2.877587e+04 2.875136e+04 
2.620202e-02 2.565410e+04 2.543412e+04 
3.124242e-02 2.200796e+04 2.209297e+04 
3.628283e-02 1.860744e+04 1.929321e+04 
4.132323e-02 1.584487e+04 1.702997e+04 
4.636364e-02 1.380267e+04 1.517759e+04 
5.140404e-02 1.244290e+04 1.362911e+04 
5.644444e-02 1.156301e+04 1.231094e+04 
6.148485e-02 1.096928e+04 1.117342e+04 
6.652525e-02 1.047177e+04 1.018186e+04 
7.156566e-02 9.932473e+03 9.310951e+03 
7.660606e-02 9.271762e+03 8.541383e+03 
8.164646e-02 8.481155e+03 7.857976e+03 
8.668687e-02 7.612932e+03 7.248483e+03 
9.172727e-02 6.747207e+03 6.702849e+03 
9.676768e-02 5.962063e+03 6.212706e+03 
1.018081e-01 5.314492e+03 5.771018e+03 
1.068485e-01 4.829219e+03 5.371825e+03 
1.118889e-01 4.497911e+03 5.010042e+03 
1.169293e-01 4.289080e+03 4.681311e+03 
1.219697e-01 4.159627e+03 4.381874e+03 
1.270101e-01 4.063397e+03 4.108483e+03 
1.320505e-01 3.958105e+03 3.858316e+03 
1.370909e-01 3.814185e+03 3.628912e+03 
1.421313e-01 3.620479e+03 3.418122e+03 
1.471717e-01 3.383146e+03 3.224059e+03 
1.522121e-01 3.119833e+03 3.045062e+03 
1.572525e-01 2.854382e+03 2.879669e+03 
1.622929e-01 2.611373e+03 2.726583e+03 
1.673333e-01 2.409373e+03 2.584658e+03 
1.723737e-01 2.255712e+03 2.452871e+03 
1.774141e-01 2.147330e+03 2.330314e+03 
1.824545e-01 2.075015e+03 2.216174e+03 
1.874949e-01 2.026828e+03 2.109724e+03 
1.925354e-01 1.989112e+03 2.010311e+03 
1.975758e-01 1.948119e+03 1.917351e+03 
2.026162e-01 1.893392e+03 1.830315e+03 
2.076566e-01 1.820814e+03 1.748726e+03 
2.126970e-01 1.732398e+03 1.672156e+03 
2.177374e-01 1.634047e+03 1.600213e+03 
2.227778e-01 1.533331e+03 1.532546e+03 
2.278182e-01 1.437971e+03 1.468832e+03 
2.328586e-01 1.354362e+03 1.408779e+03 
2.378990e-01 1.286179e+03 1.352122e+03 
2.429394e-01 1.233918e+03 1.298618e+03 
2.479798e-01 1.195405e+03 1.248044e+03 
2.530202e-01 1.166684e+03 1.200196e+03 
2.580606e-01 1.142948e+03 1.154890e+03 
2.631010e-01 1.119458e+03 1.111953e+03 
2.681414e-01 1.092511e+03 1.071228e+03 
2.731818e-01 1.060135e+03 1.032571e+03 
2.782222e-01 1.022202e+03 9.958492e+02 
2.832626e-01 9.801090e+02 9.609385e+02 
2.883030e-01 9.362040e+02 9.277260e+02 
2.933434e-01 8.931711e+02 8.961065e+02 
2.983838e-01 8.534439e+02 8.659832e+02 
3.034242e-01 8.187263e+02 8.372659e+02 
3.084646e-01 7.897063e+02 8.098712e+02 
3.135051e-01 7.660385e+02 7.837216e+02 
3.185455e-01 7.466024e+02 7.587451e+02 
3.235859e-01 7.298742e+02 7.348749e+02 
3.286263e-01 7.142433e+02 7.120484e+02 
3.336667e-01 6.982960e+02 6.902076e+02 
3.387071e-01 6.810030e+02 6.692982e+02 
3.437475e-01 6.619362e+02 6.492698e+02 
3.487879e-01 6.413083e+02 6.300749e+02 
3.538283e-01 6.198177e+02 6.116694e+02 
3.588687e-01 5.983399e+02 5.940120e+02 
3.639091e-01 5.776928e+02 5.770638e+02 
3.689495e-01 5.585493e+02 5.607885e+02 
3.739899e-01 5.413654e+02 5.451521e+02 
3.790303e-01 5.262881e+02 5.301225e+02 
3.840707e-01 5.131010e+02 5.156698e+02 
3.891111e-01 5.013396e+02 5.017656e+02 
3.941515e-01 4.904303e+02 4.883835e+02 
3.991919e-01 4.798493e+02 4.754983e+02 
4.042323e-01 4.691831e+02 4.630866e+02 
4.092727e-01 4.581518e+02 4.511261e+02 
4.143131e-01 4.466774e+02 4.395959e+02 
4.193535e-01 4.348663e+02 4.284761e+02 
4.243939e-01 4.229675e+02 4.177483e+02 
4.294343e-01 4.112763e+02 4.073946e+02 
4.344747e-01 4.000610e+02 3.973984e+02 
4.395152e-01 3.895230e+02 3.877440e+02 
4.445556e-01 3.797806e+02 3.784164e+02 
4.495960e-01 3.708482e+02 3.694015e+02 
4.546364e-01 3.626210e+02 3.606859e+02 
4.596768e-01 3.549280e+02 3.522569e+02 
4.647172e-01 3.475857e+02 3.441024e+02 
4.697576e-01 3.404159e+02 3.362110e+02 
4.747980e-01 3.332925e+02 3.285718e+02 
4.798384e-01 3.261248e+02 3.211746e+02 
4.848788e-01 3.188968e+02 3.140096e+02 
4.899192e-01 3.116609e+02 3.070673e+02 
4.949596e-01 3.044999e+02 3.003390e+02 
5.000000e-01 2.975132e+02 2.938162e+02 
