1.000000e-03 3.737866e+03 3.737862e+03 
6.040404e-03 1.674298e+04 1.687187e+04 
1.108081e-02 2.275513e+04 2.289629e+04 
1.612121e-02 2.450947e+04 2.461223e+04 
2.116162e-02 2.371720e+04 2.362776e+04 
2.620202e-02 2.159179e+04 2.144584e+04 
3.124242e-02 1.901354e+04 1.915665e+04 
3.628283e-02 1.655377e+04 1.714108e+04 
4.132323e-02 1.450892e+04 1.542501e+04 
4.636364e-02 1.295169e+04 1.395525e+04 
5.140404e-02 1.185266e+04 1.268123e+04 
5.644444e-02 1.107508e+04 1.156572e+04 
6.148485e-02 1.047338e+04 1.058177e+04 
6.652525e-02 9.916193e+03 9.709097e+03 
7.156566e-02 9.316393e+03 8.931760e+03 
7.660606e-02 8.635081e+03 8.236845e+03 
8.164646e-02 7.885593e+03 7.613631e+03 
8.668687e-02 7.117742e+03 7.053090e+03 
9.172727e-02 6.390663e+03 6.547542e+03 
9.676768e-02 5.753980e+03 6.090410e+03 
1.018081e-01 5.239013e+03 5.676034e+03 
1.068485e-01 4.853162e+03 5.299521e+03 
1.118889e-01 4.579346e+03 4.956629e+03 
1.169293e-01 4.384710e+03 4.643669e+03 
1.219697e-01 4.231835e+03 4.357423e+03 
1.270101e-01 4.086483e+03 4.095075e+03 
1.320505e-01 3.922733e+03 3.854158e+03 
1.370909e-01 3.727708e+03 3.632503e+03 
1.421313e-01 3.503224e+03 3.428197e+03 
1.471717e-01 3.261752e+03 3.239552e+03 
1.522121e-01 3.020066e+03 3.065073e+03 
1.572525e-01 2.794824e+03 2.903434e+03 
1.622929e-01 2.599805e+03 2.753454e+03 
1.673333e-01 2.442930e+03 2.614083e+03 
1.723737e-01 2.323889e+03 2.484381e+03 
1.774141e-01 2.234828e+03 2.363507e+03 
1.824545e-01 2.165079e+03 2.250708e+03 
1.874949e-01 2.104253e+03 2.145307e+03 
1.925354e-01 2.043118e+03 2.046694e+03 
1.975758e-01 1.974359e+03 1.954319e+03 
2.026162e-01 1.894508e+03 1.867686e+03 
2.076566e-01 1.804906e+03 1.786345e+03 
2.126970e-01 1.710380e+03 1.709889e+03 
2.177374e-01 1.616881e+03 1.637948e+03 
2.227778e-01 1.529604e+03 1.570185e+03 
2.278182e-01 1.452285e+03 1.506294e+03 
2.328586e-01 1.386925e+03 1.445996e+03 
2.378990e-01 1.333526e+03 1.389034e+03 
2.429394e-01 1.290148e+03 1.335176e+03 
2.479798e-01 1.253606e+03 1.284208e+03 
2.530202e-01 1.220313e+03 1.235933e+03 
2.580606e-01 1.187066e+03 1.190171e+03 
2.631010e-01 1.151632e+03 1.146757e+03 
2.681414e-01 1.113122e+03 1.105537e+03 
2.731818e-01 1.071966e+03 1.066371e+03 
2.782222e-01 1.029486e+03 1.029129e+03 
2.832626e-01 9.873835e+02 9.936915e+02 
2.883030e-01 9.473407e+02 9.599471e+02 
2.933434e-01 9.107012e+02 9.277932e+02 
2.983838e-01 8.781806e+02 8.971345e+02 
3.034242e-01 8.498180e+02 8.678827e+02 
3.084646e-01 8.250608e+02 8.399557e+02 
3.135051e-01 8.029358e+02 8.132773e+02 
3.185455e-01 7.823210e+02 7.877764e+02 
3.235859e-01 7.621838e+02 7.633869e+02 
3.286263e-01 7.417892e+02 7.400471e+02 
3.336667e-01 7.207749e+02 7.176996e+02 
3.387071e-01 6.991678e+02 6.962907e+02 
3.437475e-01 6.772830e+02 6.757701e+02 
3.487879e-01 6.556185e+02 6.560910e+02 
3.538283e-01 6.347431e+02 6.372092e+02 
3.588687e-01 6.151236e+02 6.190837e+02 
3.639091e-01 5.969997e+02 6.016759e+02 
3.689495e-01 5.803749e+02 5.849495e+02 
3.739899e-01 5.651170e+02 5.688705e+02 
3.790303e-01 5.509886e+02 5.534069e+02 
3.840707e-01 5.376777e+02 5.385288e+02 
3.891111e-01 5.248262e+02 5.242078e+02 
3.941515e-01 5.121388e+02 5.104173e+02 
3.991919e-01 4.994595e+02 4.971322e+02 
4.042323e-01 4.867714e+02 4.843289e+02 
4.092727e-01 4.741577e+02 4.719851e+02 
4.143131e-01 4.617431e+02 4.600797e+02 
4.193535e-01 4.496593e+02 4.485928e+02 
4.243939e-01 4.380501e+02 4.375057e+02 
4.294343e-01 4.270358e+02 4.268005e+02 
4.344747e-01 4.166480e+02 4.164605e+02 
4.395152e-01 4.068467e+02 4.064698e+02 
4.445556e-01 3.975568e+02 3.968132e+02 
4.495960e-01 3.886795e+02 3.874765e+02 
4.546364e-01 3.801223e+02 3.784461e+02 
4.596768e-01 3.717908e+02 3.697092e+02 
4.647172e-01 3.636024e+02 3.612537e+02 
4.697576e-01 3.555270e+02 3.530678e+02 
4.747980e-01 3.475707e+02 3.451406e+02 
4.798384e-01 3.397697e+02 3.374617e+02 
4.848788e-01 3.321628e+02 3.300211e+02 
4.899192e-01 3.247805e+02 3.228094e+02 
4.949596e-01 3.176608e+02 3.158175e+02 
5.000000e-01 3.108271e+02 3.090368e+02 
