1.000000e-03 9.441566e+03 9.441558e+03 
6.040404e-03 3.979286e+04 4.013231e+04 
1.108081e-02 5.229921e+04 5.296089e+04 
1.612121e-02 5.424576e+04 5.526930e+04 
2.116162e-02 4.990904e+04 5.036433e+04 
2.620202e-02 4.243571e+04 4.191369e+04 
3.124242e-02 3.419969e+04 3.367724e+04 
3.628283e-02 2.675756e+04 2.725550e+04 
4.132323e-02 2.087258e+04 2.256902e+04 
4.636364e-02 1.667235e+04 1.912104e+04 
5.140404e-02 1.400105e+04 1.650024e+04 
5.644444e-02 1.248061e+04 1.443855e+04 
6.148485e-02 1.172234e+04 1.276923e+04 
6.652525e-02 1.137866e+04 1.138690e+04 
7.156566e-02 1.116423e+04 1.022239e+04 
7.660606e-02 1.083771e+04 9.228246e+03 
8.164646e-02 1.024278e+04 8.370608e+03 
8.668687e-02 9.349550e+03 7.624418e+03 
9.172727e-02 8.242876e+03 6.970586e+03 
9.676768e-02 7.064591e+03 6.394218e+03 
1.018081e-01 5.958703e+03 5.883464e+03 
1.068485e-01 5.033185e+03 5.428747e+03 
1.118889e-01 4.343371e+03 5.022227e+03 
1.169293e-01 3.893625e+03 4.657413e+03 
1.219697e-01 3.653087e+03 4.328885e+03 
1.270101e-01 3.570544e+03 4.032082e+03 
1.320505e-01 3.584889e+03 3.763136e+03 
1.370909e-01 3.632846e+03 3.518751e+03 
1.421313e-01 3.655607e+03 3.296101e+03 
1.471717e-01 3.606913e+03 3.092751e+03 
1.522121e-01 3.461309e+03 2.906594e+03 
1.572525e-01 3.220923e+03 2.735800e+03 
1.622929e-01 2.915022e+03 2.578772e+03 
1.673333e-01 2.587524e+03 2.434113e+03 
1.723737e-01 2.280086e+03 2.300595e+03 
1.774141e-01 2.021790e+03 2.177137e+03 
1.824545e-01 1.827598e+03 2.062783e+03 
1.874949e-01 1.701089e+03 1.956688e+03 
1.925354e-01 1.636453e+03 1.858098e+03 
1.975758e-01 1.619784e+03 1.766343e+03 
2.026162e-01 1.631976e+03 1.680826e+03 
2.076566e-01 1.652464e+03 1.601011e+03 
2.126970e-01 1.662411e+03 1.526417e+03 
2.177374e-01 1.647111e+03 1.456614e+03 
2.227778e-01 1.598490e+03 1.391211e+03 
2.278182e-01 1.517084e+03 1.329859e+03 
2.328586e-01 1.411568e+03 1.272239e+03 
2.378990e-01 1.295183e+03 1.218065e+03 
2.429394e-01 1.181401e+03 1.167075e+03 
2.479798e-01 1.081326e+03 1.119033e+03 
2.530202e-01 1.002291e+03 1.073722e+03 
2.580606e-01 9.471766e+02 1.030946e+03 
2.631010e-01 9.147017e+02 9.905254e+02 
2.681414e-01 9.003538e+02 9.522954e+02 
2.731818e-01 8.979061e+02 9.161055e+02 
2.782222e-01 9.004552e+02 8.818175e+02 
2.832626e-01 9.010897e+02 8.493047e+02 
2.883030e-01 8.938670e+02 8.184503e+02 
2.933434e-01 8.750983e+02 7.891470e+02 
2.983838e-01 8.441759e+02 7.612957e+02 
3.034242e-01 8.033651e+02 7.348051e+02 
3.084646e-01 7.567712e+02 7.095906e+02 
3.135051e-01 7.090659e+02 6.855742e+02 
3.185455e-01 6.646482e+02 6.626835e+02 
3.235859e-01 6.268945e+02 6.408514e+02 
3.286263e-01 5.976553e+02 6.200157e+02 
3.336667e-01 5.771973e+02 6.001184e+02 
3.387071e-01 5.644537e+02 5.811060e+02 
3.437475e-01 5.574123e+02 5.629282e+02 
3.487879e-01 5.535337e+02 5.455385e+02 
3.538283e-01 5.501275e+02 5.288933e+02 
3.588687e-01 5.447807e+02 5.129521e+02 
3.639091e-01 5.358205e+02 4.976771e+02 
3.689495e-01 5.225448e+02 4.830326e+02 
3.739899e-01 5.052175e+02 4.689857e+02 
3.790303e-01 4.849074e+02 4.555052e+02 
3.840707e-01 4.631972e+02 4.425620e+02 
3.891111e-01 4.418590e+02 4.301288e+02 
3.941515e-01 4.224270e+02 4.181801e+02 
3.991919e-01 4.059011e+02 4.066918e+02 
4.042323e-01 3.927242e+02 3.956413e+02 
4.092727e-01 3.828088e+02 3.850072e+02 
4.143131e-01 3.756551e+02 3.747697e+02 
4.193535e-01 3.704027e+02 3.649098e+02 
4.243939e-01 3.660263e+02 3.554098e+02 
4.294343e-01 3.615213e+02 3.462529e+02 
4.344747e-01 3.560805e+02 3.374233e+02 
4.395152e-01 3.492263e+02 3.289062e+02 
4.445556e-01 3.408263e+02 3.206873e+02 
4.495960e-01 3.310690e+02 3.127534e+02 
4.546364e-01 3.204253e+02 3.050919e+02 
4.596768e-01 3.095322e+02 2.976908e+02 
4.647172e-01 2.990134e+02 2.905388e+02 
4.697576e-01 2.893862e+02 2.836253e+02 
4.747980e-01 2.809792e+02 2.769401e+02 
4.798384e-01 2.739186e+02 2.704735e+02 
4.848788e-01 2.681336e+02 2.642165e+02 
4.899192e-01 2.633747e+02 2.581604e+02 
4.949596e-01 2.592756e+02 2.522969e+02 
5.000000e-01 2.554550e+02 2.466182e+02 
