1.000000e-03 7.983370e+03 7.983363e+03 
6.040404e-03 3.569357e+04 3.599878e+04 
1.108081e-02 4.833464e+04 4.895745e+04 
1.612121e-02 5.130030e+04 5.234726e+04 
2.116162e-02 4.813607e+04 4.874561e+04 
2.620202e-02 4.162576e+04 4.116677e+04 
3.124242e-02 3.399395e+04 3.322051e+04 
3.628283e-02 2.680259e+04 2.681398e+04 
4.132323e-02 2.090777e+04 2.210040e+04 
4.636364e-02 1.655758e+04 1.865056e+04 
5.140404e-02 1.367521e+04 1.605375e+04 
5.644444e-02 1.195805e+04 1.403037e+04 
6.148485e-02 1.106618e+04 1.240451e+04 
6.652525e-02 1.067801e+04 1.106547e+04 
7.156566e-02 1.051185e+04 9.941407e+03 
7.660606e-02 1.032894e+04 8.983806e+03 
8.164646e-02 9.950050e+03 8.158543e+03 
8.668687e-02 9.292017e+03 7.440719e+03 
9.172727e-02 8.376752e+03 6.811589e+03 
9.676768e-02 7.306742e+03 6.256662e+03 
1.018081e-01 6.218744e+03 5.764493e+03 
1.068485e-01 5.238602e+03 5.325882e+03 
1.118889e-01 4.448829e+03 4.933327e+03 
1.169293e-01 3.880956e+03 4.580635e+03 
1.219697e-01 3.526796e+03 4.262643e+03 
1.270101e-01 3.353971e+03 3.975012e+03 
1.320505e-01 3.315913e+03 3.714062e+03 
1.370909e-01 3.357540e+03 3.476661e+03 
1.421313e-01 3.420819e+03 3.260119e+03 
1.471717e-01 3.452539e+03 3.062120e+03 
1.522121e-01 3.411959e+03 2.880658e+03 
1.572525e-01 3.277570e+03 2.713988e+03 
1.622929e-01 3.052669e+03 2.560588e+03 
1.673333e-01 2.764597e+03 2.419125e+03 
1.723737e-01 2.454253e+03 2.288424e+03 
1.774141e-01 2.160962e+03 2.167452e+03 
1.824545e-01 1.912425e+03 2.055294e+03 
1.874949e-01 1.723365e+03 1.951139e+03 
1.925354e-01 1.598108e+03 1.854264e+03 
1.975758e-01 1.532584e+03 1.764028e+03 
2.026162e-01 1.515442e+03 1.679853e+03 
2.076566e-01 1.529937e+03 1.601226e+03 
2.126970e-01 1.557011e+03 1.527683e+03 
2.177374e-01 1.578309e+03 1.458809e+03 
2.227778e-01 1.578627e+03 1.394227e+03 
2.278182e-01 1.548000e+03 1.333600e+03 
2.328586e-01 1.483808e+03 1.276620e+03 
2.378990e-01 1.391440e+03 1.223009e+03 
2.429394e-01 1.282278e+03 1.172515e+03 
2.479798e-01 1.169778e+03 1.124907e+03 
2.530202e-01 1.065974e+03 1.079977e+03 
2.580606e-01 9.795638e+02 1.037533e+03 
2.631010e-01 9.152703e+02 9.974005e+02 
2.681414e-01 8.739404e+02 9.594199e+02 
2.731818e-01 8.530860e+02 9.234444e+02 
2.782222e-01 8.478209e+02 8.893396e+02 
2.832626e-01 8.518292e+02 8.569819e+02 
2.883030e-01 8.582986e+02 8.262574e+02 
2.933434e-01 8.607470e+02 7.970614e+02 
2.983838e-01 8.539729e+02 7.692971e+02 
3.034242e-01 8.350498e+02 7.428752e+02 
3.084646e-01 8.039596e+02 7.177131e+02 
3.135051e-01 7.633277e+02 6.937344e+02 
3.185455e-01 7.174311e+02 6.708682e+02 
3.235859e-01 6.709979e+02 6.490488e+02 
3.286263e-01 6.282164e+02 6.282152e+02 
3.336667e-01 5.921941e+02 6.083106e+02 
3.387071e-01 5.646874e+02 5.892822e+02 
3.437475e-01 5.460006e+02 5.710810e+02 
3.487879e-01 5.351064e+02 5.536610e+02 
3.538283e-01 5.299997e+02 5.369796e+02 
3.588687e-01 5.281704e+02 5.209968e+02 
3.639091e-01 5.269851e+02 5.056753e+02 
3.689495e-01 5.240594e+02 4.909802e+02 
3.739899e-01 5.175586e+02 4.768789e+02 
3.790303e-01 5.064725e+02 4.633407e+02 
3.840707e-01 4.908592e+02 4.503369e+02 
3.891111e-01 4.717382e+02 4.378407e+02 
3.941515e-01 4.506793e+02 4.258267e+02 
3.991919e-01 4.294252e+02 4.142712e+02 
4.042323e-01 4.095886e+02 4.031519e+02 
4.092727e-01 3.923921e+02 3.924477e+02 
4.143131e-01 3.785676e+02 3.821389e+02 
4.193535e-01 3.682491e+02 3.722068e+02 
4.243939e-01 3.610489e+02 3.626337e+02 
4.294343e-01 3.562130e+02 3.534033e+02 
4.344747e-01 3.527801e+02 3.444997e+02 
4.395152e-01 3.497197e+02 3.359082e+02 
4.445556e-01 3.460570e+02 3.276149e+02 
4.495960e-01 3.410463e+02 3.196064e+02 
4.546364e-01 3.343204e+02 3.118703e+02 
4.596768e-01 3.259156e+02 3.043948e+02 
4.647172e-01 3.161584e+02 2.971687e+02 
4.697576e-01 3.056090e+02 2.901812e+02 
4.747980e-01 2.949224e+02 2.834224e+02 
4.798384e-01 2.847488e+02 2.768826e+02 
4.848788e-01 2.756165e+02 2.705529e+02 
4.899192e-01 2.678401e+02 2.644245e+02 
4.949596e-01 2.614936e+02 2.584893e+02 
5.000000e-01 2.564468e+02 2.527394e+02 
