1.000000e-03 4.018818e+03 4.018814e+03 
6.040404e-03 1.810960e+04 1.825233e+04 
1.108081e-02 2.471683e+04 2.490395e+04 
1.612121e-02 2.665748e+04 2.685130e+04 
2.116162e-02 2.574089e+04 2.571176e+04 
2.620202e-02 2.329161e+04 2.310675e+04 
3.124242e-02 2.030040e+04 2.036415e+04 
3.628283e-02 1.743003e+04 1.799567e+04 
4.132323e-02 1.503751e+04 1.603498e+04 
4.636364e-02 1.322098e+04 1.439945e+04 
5.140404e-02 1.196629e+04 1.301136e+04 
5.644444e-02 1.112359e+04 1.181521e+04 
6.148485e-02 1.053175e+04 1.077260e+04 
6.652525e-02 1.003593e+04 9.856172e+03 
7.156566e-02 9.515198e+03 9.045498e+03 
7.660606e-02 8.899946e+03 8.324737e+03 
8.164646e-02 8.179996e+03 7.681202e+03 
8.668687e-02 7.395911e+03 7.104503e+03 
9.172727e-02 6.612054e+03 6.585992e+03 
9.676768e-02 5.892087e+03 6.118385e+03 
1.018081e-01 5.285873e+03 5.695499e+03 
1.068485e-01 4.818848e+03 5.312042e+03 
1.118889e-01 4.488158e+03 4.963468e+03 
1.169293e-01 4.267908e+03 4.645848e+03 
1.219697e-01 4.121254e+03 4.355777e+03 
1.270101e-01 4.008717e+03 4.090290e+03 
1.320505e-01 3.894776e+03 3.846801e+03 
1.370909e-01 3.752566e+03 3.623041e+03 
1.421313e-01 3.569910e+03 3.417022e+03 
1.471717e-01 3.350327e+03 3.226990e+03 
1.522121e-01 3.108191e+03 3.051395e+03 
1.572525e-01 2.862841e+03 2.888869e+03 
1.622929e-01 2.634166e+03 2.738194e+03 
1.673333e-01 2.438549e+03 2.598288e+03 
1.723737e-01 2.284556e+03 2.468187e+03 
1.774141e-01 2.171449e+03 2.347028e+03 
1.824545e-01 2.091822e+03 2.234041e+03 
1.874949e-01 2.035061e+03 2.128532e+03 
1.925354e-01 1.989752e+03 2.029879e+03 
1.975758e-01 1.944487e+03 1.937521e+03 
2.026162e-01 1.889944e+03 1.850953e+03 
2.076566e-01 1.821260e+03 1.769717e+03 
2.126970e-01 1.738863e+03 1.693399e+03 
2.177374e-01 1.647257e+03 1.621623e+03 
2.227778e-01 1.552845e+03 1.554048e+03 
2.278182e-01 1.462170e+03 1.490363e+03 
2.328586e-01 1.380707e+03 1.430286e+03 
2.378990e-01 1.311983e+03 1.373557e+03 
2.429394e-01 1.257085e+03 1.319941e+03 
2.479798e-01 1.214779e+03 1.269222e+03 
2.530202e-01 1.182094e+03 1.221201e+03 
2.580606e-01 1.155021e+03 1.175696e+03 
2.631010e-01 1.129390e+03 1.132541e+03 
2.681414e-01 1.101798e+03 1.091581e+03 
2.731818e-01 1.070245e+03 1.052675e+03 
2.782222e-01 1.034257e+03 1.015692e+03 
2.832626e-01 9.946404e+02 9.805116e+02 
2.883030e-01 9.531023e+02 9.470222e+02 
2.933434e-01 9.118236e+02 9.151205e+02 
2.983838e-01 8.729770e+02 8.847109e+02 
3.034242e-01 8.381463e+02 8.557046e+02 
3.084646e-01 8.081043e+02 8.280194e+02 
3.135051e-01 7.828157e+02 8.015787e+02 
3.185455e-01 7.615699e+02 7.763113e+02 
3.235859e-01 7.432125e+02 7.521510e+02 
3.286263e-01 7.263679e+02 7.290361e+02 
3.336667e-01 7.097335e+02 7.069089e+02 
3.387071e-01 6.923561e+02 6.857158e+02 
3.437475e-01 6.737611e+02 6.654065e+02 
3.487879e-01 6.539424e+02 6.459340e+02 
3.538283e-01 6.332737e+02 6.272545e+02 
3.588687e-01 6.124293e+02 6.093267e+02 
3.639091e-01 5.921465e+02 5.921121e+02 
3.689495e-01 5.730658e+02 5.755745e+02 
3.739899e-01 5.555889e+02 5.596800e+02 
3.790303e-01 5.398716e+02 5.443967e+02 
3.840707e-01 5.258476e+02 5.296946e+02 
3.891111e-01 5.132520e+02 5.155454e+02 
3.941515e-01 5.016700e+02 5.019228e+02 
3.991919e-01 4.906200e+02 4.888015e+02 
4.042323e-01 4.796813e+02 4.761582e+02 
4.092727e-01 4.685826e+02 4.639705e+02 
4.143131e-01 4.572213e+02 4.522175e+02 
4.193535e-01 4.456491e+02 4.408794e+02 
4.243939e-01 4.339802e+02 4.299374e+02 
4.294343e-01 4.224193e+02 4.193740e+02 
4.344747e-01 4.112047e+02 4.091724e+02 
4.395152e-01 4.005447e+02 3.993167e+02 
4.445556e-01 3.905675e+02 3.897919e+02 
4.495960e-01 3.812883e+02 3.805839e+02 
4.546364e-01 3.726533e+02 3.716791e+02 
4.596768e-01 3.645640e+02 3.630649e+02 
4.647172e-01 3.568975e+02 3.547290e+02 
4.697576e-01 3.494960e+02 3.466601e+02 
4.747980e-01 3.422179e+02 3.388471e+02 
4.798384e-01 3.349707e+02 3.312797e+02 
4.848788e-01 3.277222e+02 3.239480e+02 
4.899192e-01 3.205082e+02 3.168426e+02 
4.949596e-01 3.133643e+02 3.099545e+02 
5.000000e-01 3.063455e+02 3.032754e+02 
