1.000000e-03 3.493190e+03 3.493187e+03 
6.040404e-03 1.532242e+04 1.543330e+04 
1.108081e-02 2.061638e+04 2.068775e+04 
1.612121e-02 2.213352e+04 2.210416e+04 
2.116162e-02 2.149800e+04 2.132837e+04 
2.620202e-02 1.978908e+04 1.968224e+04 
3.124242e-02 1.774140e+04 1.793375e+04 
3.628283e-02 1.580172e+04 1.632103e+04 
4.132323e-02 1.418101e+04 1.487609e+04 
4.636364e-02 1.291725e+04 1.358588e+04 
5.140404e-02 1.195450e+04 1.243266e+04 
5.644444e-02 1.118423e+04 1.140049e+04 
6.148485e-02 1.048940e+04 1.047547e+04 
6.652525e-02 9.794983e+03 9.645349e+03 
7.156566e-02 9.065469e+03 8.899259e+03 
7.660606e-02 8.306536e+03 8.227571e+03 
8.164646e-02 7.555963e+03 7.621762e+03 
8.668687e-02 6.860085e+03 7.074319e+03 
9.172727e-02 6.253638e+03 6.578631e+03 
9.676768e-02 5.755025e+03 6.128893e+03 
1.018081e-01 5.364865e+03 5.720012e+03 
1.068485e-01 5.064592e+03 5.347521e+03 
1.118889e-01 4.822117e+03 5.007501e+03 
1.169293e-01 4.604564e+03 4.696508e+03 
1.219697e-01 4.387159e+03 4.411518e+03 
1.270101e-01 4.156160e+03 4.149866e+03 
1.320505e-01 3.909563e+03 3.909201e+03 
1.370909e-01 3.655774e+03 3.687449e+03 
1.421313e-01 3.408308e+03 3.482773e+03 
1.471717e-01 3.179457e+03 3.293543e+03 
1.522121e-01 2.977507e+03 3.118314e+03 
1.572525e-01 2.807225e+03 2.955796e+03 
1.622929e-01 2.668541e+03 2.804843e+03 
1.673333e-01 2.555231e+03 2.664426e+03 
1.723737e-01 2.457259e+03 2.533629e+03 
1.774141e-01 2.365295e+03 2.411626e+03 
1.824545e-01 2.273339e+03 2.297678e+03 
1.874949e-01 2.178319e+03 2.191118e+03 
1.925354e-01 2.079161e+03 2.091345e+03 
1.975758e-01 1.977558e+03 1.997816e+03 
2.026162e-01 1.877660e+03 1.910041e+03 
2.076566e-01 1.783949e+03 1.827573e+03 
2.126970e-01 1.699198e+03 1.750009e+03 
2.177374e-01 1.624303e+03 1.676982e+03 
2.227778e-01 1.558857e+03 1.608157e+03 
2.278182e-01 1.501439e+03 1.543229e+03 
2.328586e-01 1.449831e+03 1.481919e+03 
2.378990e-01 1.401532e+03 1.423974e+03 
2.429394e-01 1.354416e+03 1.369159e+03 
2.479798e-01 1.307140e+03 1.317261e+03 
2.530202e-01 1.259314e+03 1.268083e+03 
2.580606e-01 1.211416e+03 1.221446e+03 
2.631010e-01 1.164463e+03 1.177182e+03 
2.681414e-01 1.119573e+03 1.135140e+03 
2.731818e-01 1.077590e+03 1.095177e+03 
2.782222e-01 1.038915e+03 1.057163e+03 
2.832626e-01 1.003560e+03 1.020978e+03 
2.883030e-01 9.711905e+02 9.865103e+02 
2.933434e-01 9.411893e+02 9.536561e+02 
2.983838e-01 9.128568e+02 9.223198e+02 
3.034242e-01 8.855499e+02 8.924122e+02 
3.084646e-01 8.588183e+02 8.638506e+02 
3.135051e-01 8.324505e+02 8.365580e+02 
3.185455e-01 8.064965e+02 8.104627e+02 
3.235859e-01 7.811638e+02 7.854980e+02 
3.286263e-01 7.567011e+02 7.616016e+02 
3.336667e-01 7.333301e+02 7.387153e+02 
3.387071e-01 7.112084e+02 7.167848e+02 
3.437475e-01 6.904054e+02 6.957593e+02 
3.487879e-01 6.708551e+02 6.755912e+02 
3.538283e-01 6.523522e+02 6.562360e+02 
3.588687e-01 6.346771e+02 6.376520e+02 
3.639091e-01 6.176636e+02 6.198001e+02 
3.689495e-01 6.012006e+02 6.026434e+02 
3.739899e-01 5.851912e+02 5.861475e+02 
3.790303e-01 5.695726e+02 5.702800e+02 
3.840707e-01 5.543550e+02 5.550103e+02 
3.891111e-01 5.396060e+02 5.403097e+02 
3.941515e-01 5.253999e+02 5.261512e+02 
3.991919e-01 5.117663e+02 5.125092e+02 
4.042323e-01 4.986986e+02 4.993597e+02 
4.092727e-01 4.861863e+02 4.866801e+02 
4.143131e-01 4.741970e+02 4.744488e+02 
4.193535e-01 4.626907e+02 4.626457e+02 
4.243939e-01 4.515870e+02 4.512517e+02 
4.294343e-01 4.408324e+02 4.402486e+02 
4.344747e-01 4.303927e+02 4.296192e+02 
4.395152e-01 4.202603e+02 4.193475e+02 
4.445556e-01 4.104227e+02 4.094179e+02 
4.495960e-01 4.008699e+02 3.998160e+02 
4.546364e-01 3.916026e+02 3.905280e+02 
4.596768e-01 3.826332e+02 3.815407e+02 
4.647172e-01 3.739788e+02 3.728416e+02 
4.697576e-01 3.656198e+02 3.644191e+02 
4.747980e-01 3.575348e+02 3.562617e+02 
4.798384e-01 3.497190e+02 3.483590e+02 
4.848788e-01 3.421537e+02 3.407006e+02 
4.899192e-01 3.348244e+02 3.332770e+02 
4.949596e-01 3.277015e+02 3.260789e+02 
5.000000e-01 3.207722e+02 3.190975e+02 
