1.000000e-03 3.777636e+03 3.777633e+03 
6.040404e-03 1.690148e+04 1.703434e+04 
1.108081e-02 2.315833e+04 2.332583e+04 
1.612121e-02 2.513193e+04 2.530103e+04 
2.116162e-02 2.445852e+04 2.443081e+04 
2.620202e-02 2.233269e+04 2.215917e+04 
3.124242e-02 1.965234e+04 1.968998e+04 
3.628283e-02 1.702764e+04 1.751492e+04 
4.132323e-02 1.479904e+04 1.568806e+04 
4.636364e-02 1.307463e+04 1.414722e+04 
5.140404e-02 1.185150e+04 1.282810e+04 
5.644444e-02 1.101151e+04 1.168343e+04 
6.148485e-02 1.040489e+04 1.067996e+04 
6.652525e-02 9.903051e+03 9.793664e+03 
7.156566e-02 9.389272e+03 9.006399e+03 
7.660606e-02 8.796216e+03 8.303922e+03 
8.164646e-02 8.111005e+03 7.674713e+03 
8.668687e-02 7.368128e+03 7.109249e+03 
9.172727e-02 6.623422e+03 6.599537e+03 
9.676768e-02 5.932657e+03 6.138799e+03 
1.018081e-01 5.340504e+03 5.721240e+03 
1.068485e-01 4.873776e+03 5.341879e+03 
1.118889e-01 4.534245e+03 4.996409e+03 
1.169293e-01 4.301096e+03 4.681097e+03 
1.219697e-01 4.140506e+03 4.392689e+03 
1.270101e-01 4.016312e+03 4.128348e+03 
1.320505e-01 3.896115e+03 3.885584e+03 
1.370909e-01 3.755024e+03 3.662213e+03 
1.421313e-01 3.579875e+03 3.456309e+03 
1.471717e-01 3.370972e+03 3.266174e+03 
1.522121e-01 3.139731e+03 3.090303e+03 
1.572525e-01 2.903592e+03 2.927361e+03 
1.622929e-01 2.680476e+03 2.776161e+03 
1.673333e-01 2.485569e+03 2.635645e+03 
1.723737e-01 2.327649e+03 2.504869e+03 
1.774141e-01 2.208006e+03 2.382986e+03 
1.824545e-01 2.121158e+03 2.269239e+03 
1.874949e-01 2.057814e+03 2.162945e+03 
1.925354e-01 2.007409e+03 2.063492e+03 
1.975758e-01 1.959426e+03 1.970326e+03 
2.026162e-01 1.905092e+03 1.882946e+03 
2.076566e-01 1.839099e+03 1.800902e+03 
2.126970e-01 1.760725e+03 1.723781e+03 
2.177374e-01 1.673160e+03 1.651212e+03 
2.227778e-01 1.581773e+03 1.582856e+03 
2.278182e-01 1.492579e+03 1.518405e+03 
2.328586e-01 1.410904e+03 1.457575e+03 
2.378990e-01 1.340481e+03 1.400112e+03 
2.429394e-01 1.282710e+03 1.345778e+03 
2.479798e-01 1.236884e+03 1.294358e+03 
2.530202e-01 1.200768e+03 1.245656e+03 
2.580606e-01 1.171086e+03 1.199488e+03 
2.631010e-01 1.144104e+03 1.155688e+03 
2.681414e-01 1.116332e+03 1.114102e+03 
2.731818e-01 1.085430e+03 1.074588e+03 
2.782222e-01 1.050608e+03 1.037016e+03 
2.832626e-01 1.012418e+03 1.001264e+03 
2.883030e-01 9.722073e+02 9.672198e+02 
2.933434e-01 9.316923e+02 9.347809e+02 
2.983838e-01 8.927617e+02 9.038507e+02 
3.034242e-01 8.571229e+02 8.743402e+02 
3.084646e-01 8.258252e+02 8.461665e+02 
3.135051e-01 7.990683e+02 8.192527e+02 
3.185455e-01 7.762892e+02 7.935272e+02 
3.235859e-01 7.565529e+02 7.689234e+02 
3.286263e-01 7.387166e+02 7.453789e+02 
3.336667e-01 7.216374e+02 7.228358e+02 
3.387071e-01 7.042947e+02 7.012398e+02 
3.437475e-01 6.860023e+02 6.805405e+02 
3.487879e-01 6.665962e+02 6.606902e+02 
3.538283e-01 6.463441e+02 6.416448e+02 
3.588687e-01 6.257924e+02 6.233626e+02 
3.639091e-01 6.055595e+02 6.058046e+02 
3.689495e-01 5.862098e+02 5.889344e+02 
3.739899e-01 5.682097e+02 5.727176e+02 
3.790303e-01 5.518315e+02 5.571220e+02 
3.840707e-01 5.371133e+02 5.421171e+02 
3.891111e-01 5.238455e+02 5.276746e+02 
3.941515e-01 5.116687e+02 5.137674e+02 
3.991919e-01 5.001932e+02 5.003703e+02 
4.042323e-01 4.890488e+02 4.874594e+02 
4.092727e-01 4.779278e+02 4.750123e+02 
4.143131e-01 4.666328e+02 4.630076e+02 
4.193535e-01 4.551232e+02 4.514253e+02 
4.243939e-01 4.434972e+02 4.402464e+02 
4.294343e-01 4.319430e+02 4.294529e+02 
4.344747e-01 4.206571e+02 4.190280e+02 
4.395152e-01 4.098004e+02 4.089555e+02 
4.445556e-01 3.995108e+02 3.992203e+02 
4.495960e-01 3.898773e+02 3.898078e+02 
4.546364e-01 3.809021e+02 3.807045e+02 
4.596768e-01 3.725121e+02 3.718973e+02 
4.647172e-01 3.645688e+02 3.633740e+02 
4.697576e-01 3.569386e+02 3.551228e+02 
4.747980e-01 3.495073e+02 3.471327e+02 
4.798384e-01 3.421968e+02 3.393930e+02 
4.848788e-01 3.349294e+02 3.318938e+02 
4.899192e-01 3.276774e+02 3.246256e+02 
4.949596e-01 3.204751e+02 3.175791e+02 
5.000000e-01 3.133841e+02 3.107458e+02 
