1.000000e-03 3.887294e+03 3.887291e+03 
6.040404e-03 1.681907e+04 1.694544e+04 
1.108081e-02 2.265115e+04 2.277714e+04 
1.612121e-02 2.430506e+04 2.437537e+04 
2.116162e-02 2.350426e+04 2.339184e+04 
2.620202e-02 2.144070e+04 2.130453e+04 
3.124242e-02 1.896154e+04 1.912363e+04 
3.628283e-02 1.660633e+04 1.718629e+04 
4.132323e-02 1.464869e+04 1.551646e+04 
4.636364e-02 1.314826e+04 1.407080e+04 
5.140404e-02 1.207260e+04 1.280741e+04 
5.644444e-02 1.128079e+04 1.169472e+04 
6.148485e-02 1.064152e+04 1.070915e+04 
6.652525e-02 1.003335e+04 9.832366e+03 
7.156566e-02 9.379943e+03 9.049619e+03 
7.660606e-02 8.655399e+03 8.348674e+03 
8.164646e-02 7.884285e+03 7.719220e+03 
8.668687e-02 7.118907e+03 7.152473e+03 
9.172727e-02 6.412436e+03 6.640896e+03 
9.676768e-02 5.805192e+03 6.177992e+03 
1.018081e-01 5.320432e+03 5.758143e+03 
1.068485e-01 4.958538e+03 5.376474e+03 
1.118889e-01 4.696996e+03 5.028746e+03 
1.169293e-01 4.499800e+03 4.711262e+03 
1.219697e-01 4.330369e+03 4.420793e+03 
1.270101e-01 4.159190e+03 4.154509e+03 
1.320505e-01 3.966906e+03 3.909925e+03 
1.370909e-01 3.747044e+03 3.684854e+03 
1.421313e-01 3.505917e+03 3.477369e+03 
1.471717e-01 3.258164e+03 3.285763e+03 
1.522121e-01 3.020290e+03 3.108527e+03 
1.572525e-01 2.806455e+03 2.944319e+03 
1.622929e-01 2.626594e+03 2.791945e+03 
1.673333e-01 2.484043e+03 2.650340e+03 
1.723737e-01 2.374722e+03 2.518554e+03 
1.774141e-01 2.289316e+03 2.395735e+03 
1.824545e-01 2.216857e+03 2.281118e+03 
1.874949e-01 2.147813e+03 2.174018e+03 
1.925354e-01 2.074720e+03 2.073815e+03 
1.975758e-01 1.993056e+03 1.979952e+03 
2.026162e-01 1.902482e+03 1.891925e+03 
2.076566e-01 1.806314e+03 1.809277e+03 
2.126970e-01 1.709911e+03 1.731596e+03 
2.177374e-01 1.618615e+03 1.658504e+03 
2.227778e-01 1.536412e+03 1.589661e+03 
2.278182e-01 1.465536e+03 1.524754e+03 
2.328586e-01 1.406238e+03 1.463501e+03 
2.378990e-01 1.356954e+03 1.405641e+03 
2.429394e-01 1.314981e+03 1.350937e+03 
2.479798e-01 1.277112e+03 1.299171e+03 
2.530202e-01 1.240266e+03 1.250145e+03 
2.580606e-01 1.202031e+03 1.203674e+03 
2.631010e-01 1.161266e+03 1.159590e+03 
2.681414e-01 1.118284e+03 1.117738e+03 
2.731818e-01 1.074361e+03 1.077975e+03 
2.782222e-01 1.031024e+03 1.040169e+03 
2.832626e-01 9.896880e+02 1.004197e+03 
2.883030e-01 9.515516e+02 9.699472e+02 
2.933434e-01 9.173654e+02 9.373147e+02 
2.983838e-01 8.872280e+02 9.062026e+02 
3.034242e-01 8.605631e+02 8.765211e+02 
3.084646e-01 8.364004e+02 8.481867e+02 
3.135051e-01 8.137433e+02 8.211216e+02 
3.185455e-01 7.917237e+02 7.952538e+02 
3.235859e-01 7.696687e+02 7.705159e+02 
3.286263e-01 7.472191e+02 7.468452e+02 
3.336667e-01 7.243863e+02 7.241831e+02 
3.387071e-01 7.015119e+02 7.024751e+02 
3.437475e-01 6.791048e+02 6.816701e+02 
3.487879e-01 6.576106e+02 6.617202e+02 
3.538283e-01 6.373768e+02 6.425808e+02 
3.588687e-01 6.186013e+02 6.242100e+02 
3.639091e-01 6.012892e+02 6.065684e+02 
3.689495e-01 5.852852e+02 5.896192e+02 
3.739899e-01 5.703105e+02 5.733279e+02 
3.790303e-01 5.560487e+02 5.576619e+02 
3.840707e-01 5.422269e+02 5.425905e+02 
3.891111e-01 5.286388e+02 5.280852e+02 
3.941515e-01 5.151614e+02 5.141187e+02 
3.991919e-01 5.017667e+02 5.006656e+02 
4.042323e-01 4.885293e+02 4.877018e+02 
4.092727e-01 4.756077e+02 4.752047e+02 
4.143131e-01 4.631391e+02 4.631527e+02 
4.193535e-01 4.512106e+02 4.515257e+02 
4.243939e-01 4.398605e+02 4.403046e+02 
4.294343e-01 4.291057e+02 4.294713e+02 
4.344747e-01 4.189235e+02 4.190087e+02 
4.395152e-01 4.092295e+02 4.089006e+02 
4.445556e-01 3.999070e+02 3.991317e+02 
4.495960e-01 3.908588e+02 3.896874e+02 
4.546364e-01 3.820289e+02 3.805540e+02 
4.596768e-01 3.733921e+02 3.717184e+02 
4.647172e-01 3.649237e+02 3.631683e+02 
4.697576e-01 3.566125e+02 3.548918e+02 
4.747980e-01 3.484889e+02 3.468777e+02 
4.798384e-01 3.406069e+02 3.391155e+02 
4.848788e-01 3.330034e+02 3.315951e+02 
4.899192e-01 3.256812e+02 3.243067e+02 
4.949596e-01 3.186302e+02 3.172413e+02 
5.000000e-01 3.118464e+02 3.103901e+02 
