1.000000e-03 4.518930e+03 4.518926e+03 
6.040404e-03 2.029488e+04 2.045382e+04 
1.108081e-02 2.752780e+04 2.775312e+04 
1.612121e-02 2.945119e+04 2.969667e+04 
2.116162e-02 2.815153e+04 2.812305e+04 
2.620202e-02 2.516900e+04 2.495211e+04 
3.124242e-02 2.165343e+04 2.173541e+04 
3.628283e-02 1.835996e+04 1.902773e+04 
4.132323e-02 1.567592e+04 1.683028e+04 
4.636364e-02 1.368711e+04 1.502545e+04 
5.140404e-02 1.235950e+04 1.351217e+04 
5.644444e-02 1.149642e+04 1.222067e+04 
6.148485e-02 1.090934e+04 1.110373e+04 
6.652525e-02 1.041503e+04 1.012831e+04 
7.156566e-02 9.876489e+03 9.270188e+03 
7.660606e-02 9.217385e+03 8.510840e+03 
8.164646e-02 8.432223e+03 7.835657e+03 
8.668687e-02 7.573472e+03 7.232816e+03 
9.172727e-02 6.719246e+03 6.692581e+03 
9.676768e-02 5.945819e+03 6.206833e+03 
1.018081e-01 5.308932e+03 5.768727e+03 
1.068485e-01 4.832349e+03 5.372457e+03 
1.118889e-01 4.507287e+03 5.013057e+03 
1.169293e-01 4.301675e+03 4.686267e+03 
1.219697e-01 4.172495e+03 4.388406e+03 
1.270101e-01 4.074409e+03 4.116291e+03 
1.320505e-01 3.966175e+03 3.867149e+03 
1.370909e-01 3.819059e+03 3.638563e+03 
1.421313e-01 3.622619e+03 3.428418e+03 
1.471717e-01 3.383798e+03 3.234855e+03 
1.522121e-01 3.120674e+03 3.056239e+03 
1.572525e-01 2.857078e+03 2.891126e+03 
1.622929e-01 2.616836e+03 2.738237e+03 
1.673333e-01 2.417785e+03 2.596438e+03 
1.723737e-01 2.266824e+03 2.464718e+03 
1.774141e-01 2.160586e+03 2.342180e+03 
1.824545e-01 2.089523e+03 2.228017e+03 
1.874949e-01 2.041516e+03 2.121511e+03 
1.925354e-01 2.002892e+03 2.022015e+03 
1.975758e-01 1.960254e+03 1.928947e+03 
2.026162e-01 1.903643e+03 1.841785e+03 
2.076566e-01 1.829308e+03 1.760056e+03 
2.126970e-01 1.739517e+03 1.683332e+03 
2.177374e-01 1.640416e+03 1.611226e+03 
2.227778e-01 1.539702e+03 1.543388e+03 
2.278182e-01 1.445013e+03 1.479497e+03 
2.328586e-01 1.362414e+03 1.419264e+03 
2.378990e-01 1.295281e+03 1.362424e+03 
2.429394e-01 1.243936e+03 1.308734e+03 
2.479798e-01 1.206064e+03 1.257973e+03 
2.530202e-01 1.177591e+03 1.209940e+03 
2.580606e-01 1.153593e+03 1.164447e+03 
2.631010e-01 1.129418e+03 1.121326e+03 
2.681414e-01 1.101563e+03 1.080418e+03 
2.731818e-01 1.068268e+03 1.041580e+03 
2.782222e-01 1.029517e+03 1.004680e+03 
2.832626e-01 9.868247e+02 9.695929e+02 
2.883030e-01 9.425869e+02 9.362071e+02 
2.933434e-01 8.995596e+02 9.044175e+02 
2.983838e-01 8.600844e+02 8.741270e+02 
3.034242e-01 8.257486e+02 8.452457e+02 
3.084646e-01 7.970766e+02 8.176903e+02 
3.135051e-01 7.736861e+02 7.913833e+02 
3.185455e-01 7.544005e+02 7.662528e+02 
3.235859e-01 7.376496e+02 7.422317e+02 
3.286263e-01 7.217897e+02 7.192578e+02 
3.336667e-01 7.054537e+02 6.972729e+02 
3.387071e-01 6.877057e+02 6.762228e+02 
3.437475e-01 6.682088e+02 6.560568e+02 
3.487879e-01 6.472131e+02 6.367276e+02 
3.538283e-01 6.254423e+02 6.181909e+02 
3.588687e-01 6.038030e+02 6.004054e+02 
3.639091e-01 5.831338e+02 5.833322e+02 
3.689495e-01 5.640746e+02 5.669349e+02 
3.739899e-01 5.469985e+02 5.511794e+02 
3.790303e-01 5.320112e+02 5.360337e+02 
3.840707e-01 5.188750e+02 5.214676e+02 
3.891111e-01 5.071157e+02 5.074529e+02 
3.941515e-01 4.961333e+02 4.939628e+02 
3.991919e-01 4.854014e+02 4.809723e+02 
4.042323e-01 4.745176e+02 4.684579e+02 
4.092727e-01 4.632615e+02 4.563971e+02 
4.143131e-01 4.515816e+02 4.447691e+02 
4.193535e-01 4.395913e+02 4.335539e+02 
4.243939e-01 4.275460e+02 4.227329e+02 
4.294343e-01 4.157646e+02 4.122884e+02 
4.344747e-01 4.045119e+02 4.022035e+02 
4.395152e-01 3.939801e+02 3.924626e+02 
4.445556e-01 3.842422e+02 3.830505e+02 
4.495960e-01 3.753040e+02 3.739531e+02 
4.546364e-01 3.670604e+02 3.651570e+02 
4.596768e-01 3.593346e+02 3.566494e+02 
4.647172e-01 3.519271e+02 3.484181e+02 
4.697576e-01 3.446603e+02 3.404518e+02 
4.747980e-01 3.374136e+02 3.327395e+02 
4.798384e-01 3.301278e+02 3.252708e+02 
4.848788e-01 3.227974e+02 3.180359e+02 
4.899192e-01 3.154631e+02 3.110254e+02 
4.949596e-01 3.082172e+02 3.042305e+02 
5.000000e-01 3.011687e+02 2.976426e+02 
