1.000000e-03 2.442122e+03 2.442120e+03 
6.040404e-03 1.089035e+04 1.096730e+04 
1.108081e-02 1.487652e+04 1.487529e+04 
1.612121e-02 1.632983e+04 1.620104e+04 
2.116162e-02 1.635924e+04 1.614809e+04 
2.620202e-02 1.564621e+04 1.548104e+04 
3.124242e-02 1.462178e+04 1.458962e+04 
3.628283e-02 1.353922e+04 1.363543e+04 
4.132323e-02 1.252373e+04 1.268811e+04 
4.636364e-02 1.160666e+04 1.178058e+04 
5.140404e-02 1.079731e+04 1.092830e+04 
5.644444e-02 1.004582e+04 1.013733e+04 
6.148485e-02 9.338219e+03 9.408544e+03 
6.652525e-02 8.663250e+03 8.739920e+03 
7.156566e-02 8.018251e+03 8.127966e+03 
7.660606e-02 7.415319e+03 7.568513e+03 
8.164646e-02 6.870205e+03 7.057201e+03 
8.668687e-02 6.388731e+03 6.589743e+03 
9.172727e-02 5.965397e+03 6.162072e+03 
9.676768e-02 5.592886e+03 5.770412e+03 
1.018081e-01 5.263949e+03 5.411306e+03 
1.068485e-01 4.966783e+03 5.081618e+03 
1.118889e-01 4.687514e+03 4.778517e+03 
1.169293e-01 4.418601e+03 4.499458e+03 
1.219697e-01 4.159956e+03 4.242159e+03 
1.270101e-01 3.915590e+03 4.004574e+03 
1.320505e-01 3.688591e+03 3.784874e+03 
1.370909e-01 3.481055e+03 3.581419e+03 
1.421313e-01 3.293453e+03 3.392738e+03 
1.471717e-01 3.124252e+03 3.217516e+03 
1.522121e-01 2.970508e+03 3.054571e+03 
1.572525e-01 2.829566e+03 2.902840e+03 
1.622929e-01 2.698599e+03 2.761368e+03 
1.673333e-01 2.574815e+03 2.629294e+03 
1.723737e-01 2.456368e+03 2.505844e+03 
1.774141e-01 2.343244e+03 2.390315e+03 
1.824545e-01 2.235999e+03 2.282075e+03 
1.874949e-01 2.135038e+03 2.180548e+03 
1.925354e-01 2.040533e+03 2.085215e+03 
1.975758e-01 1.952594e+03 1.995601e+03 
2.026162e-01 1.871151e+03 1.911278e+03 
2.076566e-01 1.795288e+03 1.831853e+03 
2.126970e-01 1.724016e+03 1.756969e+03 
2.177374e-01 1.656735e+03 1.686299e+03 
2.227778e-01 1.592889e+03 1.619546e+03 
2.278182e-01 1.532016e+03 1.556435e+03 
2.328586e-01 1.473907e+03 1.496717e+03 
2.378990e-01 1.418621e+03 1.440162e+03 
2.429394e-01 1.366264e+03 1.386557e+03 
2.479798e-01 1.316620e+03 1.335710e+03 
2.530202e-01 1.269485e+03 1.287440e+03 
2.580606e-01 1.224827e+03 1.241582e+03 
2.631010e-01 1.182618e+03 1.197985e+03 
2.681414e-01 1.142610e+03 1.156506e+03 
2.731818e-01 1.104450e+03 1.117017e+03 
2.782222e-01 1.067931e+03 1.079395e+03 
2.832626e-01 1.033021e+03 1.043529e+03 
2.883030e-01 9.997199e+02 1.009316e+03 
2.933434e-01 9.678834e+02 9.766578e+02 
2.983838e-01 9.373818e+02 9.454657e+02 
3.034242e-01 9.081949e+02 9.156560e+02 
3.084646e-01 8.803306e+02 8.871508e+02 
3.135051e-01 8.537200e+02 8.598778e+02 
3.185455e-01 8.282457e+02 8.337693e+02 
3.235859e-01 8.037998e+02 8.087620e+02 
3.286263e-01 7.803517e+02 7.847969e+02 
3.336667e-01 7.578940e+02 7.618188e+02 
3.387071e-01 7.363423e+02 7.397760e+02 
3.437475e-01 7.156076e+02 7.186200e+02 
3.487879e-01 6.956574e+02 6.983055e+02 
3.538283e-01 6.764866e+02 6.787898e+02 
3.588687e-01 6.580730e+02 6.600330e+02 
3.639091e-01 6.403661e+02 6.419975e+02 
3.689495e-01 6.233087e+02 6.246479e+02 
3.739899e-01 6.068800e+02 6.079510e+02 
3.790303e-01 5.910732e+02 5.918755e+02 
3.840707e-01 5.758531e+02 5.763920e+02 
3.891111e-01 5.611633e+02 5.614725e+02 
3.941515e-01 5.469841e+02 5.470911e+02 
3.991919e-01 5.333088e+02 5.332228e+02 
4.042323e-01 5.201205e+02 5.198443e+02 
4.092727e-01 5.073894e+02 5.069336e+02 
4.143131e-01 4.950776e+02 4.944698e+02 
4.193535e-01 4.831791e+02 4.824331e+02 
4.243939e-01 4.716918e+02 4.708049e+02 
4.294343e-01 4.605924e+02 4.595675e+02 
4.344747e-01 4.498554e+02 4.487040e+02 
4.395152e-01 4.394601e+02 4.381986e+02 
4.445556e-01 4.293994e+02 4.280363e+02 
4.495960e-01 4.196685e+02 4.182027e+02 
4.546364e-01 4.102487e+02 4.086842e+02 
4.596768e-01 4.011152e+02 3.994679e+02 
4.647172e-01 3.922613e+02 3.905415e+02 
4.697576e-01 3.836866e+02 3.818935e+02 
4.747980e-01 3.753806e+02 3.735127e+02 
4.798384e-01 3.673200e+02 3.653885e+02 
4.848788e-01 3.594960e+02 3.575109e+02 
4.899192e-01 3.519044e+02 3.498704e+02 
4.949596e-01 3.445411e+02 3.424577e+02 
5.000000e-01 3.373972e+02 3.352643e+02 
