1.000000e-03 4.267199e+03 4.267195e+03 
6.040404e-03 1.891368e+04 1.905552e+04 
1.108081e-02 2.536027e+04 2.551422e+04 
1.612121e-02 2.694221e+04 2.703698e+04 
2.116162e-02 2.570805e+04 2.557991e+04 
2.620202e-02 2.309092e+04 2.295655e+04 
3.124242e-02 2.010052e+04 2.035390e+04 
3.628283e-02 1.736117e+04 1.811644e+04 
4.132323e-02 1.516377e+04 1.623234e+04 
4.636364e-02 1.354356e+04 1.462920e+04 
5.140404e-02 1.243721e+04 1.324677e+04 
5.644444e-02 1.165312e+04 1.204216e+04 
6.148485e-02 1.101683e+04 1.098447e+04 
6.652525e-02 1.038970e+04 1.005048e+04 
7.156566e-02 9.689716e+03 9.221936e+03 
7.660606e-02 8.893651e+03 8.484098e+03 
8.164646e-02 8.037881e+03 7.824765e+03 
8.668687e-02 7.192828e+03 7.233720e+03 
9.172727e-02 6.427936e+03 6.702321e+03 
9.676768e-02 5.791762e+03 6.223208e+03 
1.018081e-01 5.304782e+03 5.790080e+03 
1.068485e-01 4.957801e+03 5.397524e+03 
1.118889e-01 4.718249e+03 5.040866e+03 
1.169293e-01 4.542657e+03 4.716062e+03 
1.219697e-01 4.387224e+03 4.419598e+03 
1.270101e-01 4.216799e+03 4.148418e+03 
1.320505e-01 4.011574e+03 3.899847e+03 
1.370909e-01 3.770542e+03 3.671545e+03 
1.421313e-01 3.506445e+03 3.461459e+03 
1.471717e-01 3.237977e+03 3.267776e+03 
1.522121e-01 2.985118e+03 3.088901e+03 
1.572525e-01 2.765685e+03 2.923419e+03 
1.622929e-01 2.590307e+03 2.770076e+03 
1.673333e-01 2.458494e+03 2.627759e+03 
1.723737e-01 2.360985e+03 2.495473e+03 
1.774141e-01 2.285530e+03 2.372332e+03 
1.824545e-01 2.220301e+03 2.257542e+03 
1.874949e-01 2.154228e+03 2.150392e+03 
1.925354e-01 2.078493e+03 2.050241e+03 
1.975758e-01 1.989511e+03 1.956515e+03 
2.026162e-01 1.889979e+03 1.868694e+03 
2.076566e-01 1.786233e+03 1.786310e+03 
2.126970e-01 1.684836e+03 1.708938e+03 
2.177374e-01 1.591352e+03 1.636193e+03 
2.227778e-01 1.509983e+03 1.567725e+03 
2.278182e-01 1.442678e+03 1.503218e+03 
2.328586e-01 1.388582e+03 1.442380e+03 
2.378990e-01 1.344613e+03 1.384949e+03 
2.429394e-01 1.306777e+03 1.330683e+03 
2.479798e-01 1.271124e+03 1.279361e+03 
2.530202e-01 1.234342e+03 1.230780e+03 
2.580606e-01 1.194333e+03 1.184756e+03 
2.631010e-01 1.150760e+03 1.141117e+03 
2.681414e-01 1.104861e+03 1.099707e+03 
2.731818e-01 1.058579e+03 1.060381e+03 
2.782222e-01 1.013868e+03 1.023006e+03 
2.832626e-01 9.723669e+02 9.874599e+02 
2.883030e-01 9.352514e+02 9.536282e+02 
2.933434e-01 9.029734e+02 9.214061e+02 
2.983838e-01 8.750836e+02 8.906962e+02 
3.034242e-01 8.504641e+02 8.614083e+02 
3.084646e-01 8.277783e+02 8.334587e+02 
3.135051e-01 8.058670e+02 8.067696e+02 
3.185455e-01 7.838638e+02 7.812687e+02 
3.235859e-01 7.612207e+02 7.568886e+02 
3.286263e-01 7.378188e+02 7.335666e+02 
3.336667e-01 7.139984e+02 7.112442e+02 
3.387071e-01 6.904288e+02 6.898669e+02 
3.437475e-01 6.677772e+02 6.693837e+02 
3.487879e-01 6.464906e+02 6.497469e+02 
3.538283e-01 6.268120e+02 6.309119e+02 
3.588687e-01 6.088195e+02 6.128371e+02 
3.639091e-01 5.924031e+02 5.954833e+02 
3.689495e-01 5.772322e+02 5.788138e+02 
3.739899e-01 5.628774e+02 5.627942e+02 
3.790303e-01 5.489647e+02 5.473921e+02 
3.840707e-01 5.352154e+02 5.325773e+02 
3.891111e-01 5.214940e+02 5.183210e+02 
3.941515e-01 5.077687e+02 5.045965e+02 
3.991919e-01 4.941208e+02 4.913784e+02 
4.042323e-01 4.807451e+02 4.786429e+02 
4.092727e-01 4.678332e+02 4.663674e+02 
4.143131e-01 4.555072e+02 4.545308e+02 
4.193535e-01 4.438322e+02 4.431129e+02 
4.243939e-01 4.328365e+02 4.320949e+02 
4.294343e-01 4.224871e+02 4.214588e+02 
4.344747e-01 4.126722e+02 4.111878e+02 
4.395152e-01 4.032515e+02 4.012659e+02 
4.445556e-01 3.941089e+02 3.916778e+02 
4.495960e-01 3.851693e+02 3.824092e+02 
4.546364e-01 3.763918e+02 3.734465e+02 
4.596768e-01 3.677423e+02 3.647767e+02 
4.647172e-01 3.592261e+02 3.563877e+02 
4.697576e-01 3.509095e+02 3.482679e+02 
4.747980e-01 3.428574e+02 3.404061e+02 
4.798384e-01 3.350939e+02 3.327918e+02 
4.848788e-01 3.276316e+02 3.254152e+02 
4.899192e-01 3.204696e+02 3.182667e+02 
4.949596e-01 3.136062e+02 3.113372e+02 
5.000000e-01 3.070115e+02 3.046183e+02 
