1.000000e-03 2.456365e+03 2.456362e+03 
6.040404e-03 1.100802e+04 1.123154e+04 
1.108081e-02 1.506231e+04 1.547160e+04 
1.612121e-02 1.655078e+04 1.719346e+04 
2.116162e-02 1.659296e+04 1.757357e+04 
2.620202e-02 1.587904e+04 1.725287e+04 
3.124242e-02 1.484653e+04 1.657628e+04 
3.628283e-02 1.375297e+04 1.573123e+04 
4.132323e-02 1.272598e+04 1.482193e+04 
4.636364e-02 1.179783e+04 1.390672e+04 
5.140404e-02 1.097826e+04 1.301778e+04 
5.644444e-02 1.021679e+04 1.217208e+04 
6.148485e-02 9.499375e+03 1.137761e+04 
6.652525e-02 8.814662e+03 1.063715e+04 
7.156566e-02 8.160024e+03 9.950396e+03 
7.660606e-02 7.547839e+03 9.315356e+03 
8.164646e-02 6.994206e+03 8.729124e+03 
8.668687e-02 6.505110e+03 8.188381e+03 
9.172727e-02 6.075006e+03 7.689687e+03 
9.676768e-02 5.696486e+03 7.229657e+03 
1.018081e-01 5.362203e+03 6.805054e+03 
1.068485e-01 5.060160e+03 6.412846e+03 
1.118889e-01 4.776245e+03 6.050223e+03 
1.169293e-01 4.502785e+03 5.714608e+03 
1.219697e-01 4.239703e+03 5.403644e+03 
1.270101e-01 3.991096e+03 5.115188e+03 
1.320505e-01 3.760122e+03 4.847297e+03 
1.370909e-01 3.548925e+03 4.598208e+03 
1.421313e-01 3.357998e+03 4.366324e+03 
1.471717e-01 3.185786e+03 4.150202e+03 
1.522121e-01 3.029293e+03 3.948533e+03 
1.572525e-01 2.885819e+03 3.760133e+03 
1.622929e-01 2.752488e+03 3.583929e+03 
1.673333e-01 2.626451e+03 3.418947e+03 
1.723737e-01 2.505833e+03 3.264304e+03 
1.774141e-01 2.390620e+03 3.119197e+03 
1.824545e-01 2.281382e+03 2.982896e+03 
1.874949e-01 2.178534e+03 2.854737e+03 
1.925354e-01 2.082255e+03 2.734112e+03 
1.975758e-01 1.992660e+03 2.620471e+03 
2.026162e-01 1.909678e+03 2.513307e+03 
2.076566e-01 1.832377e+03 2.412158e+03 
2.126970e-01 1.759748e+03 2.316603e+03 
2.177374e-01 1.691181e+03 2.226252e+03 
2.227778e-01 1.626109e+03 2.140750e+03 
2.278182e-01 1.564062e+03 2.059769e+03 
2.328586e-01 1.504829e+03 1.983011e+03 
2.378990e-01 1.448468e+03 1.910196e+03 
2.429394e-01 1.395090e+03 1.841071e+03 
2.479798e-01 1.344473e+03 1.775398e+03 
2.530202e-01 1.296413e+03 1.712962e+03 
2.580606e-01 1.250875e+03 1.653560e+03 
2.631010e-01 1.207833e+03 1.597007e+03 
2.681414e-01 1.167033e+03 1.543129e+03 
2.731818e-01 1.128115e+03 1.491767e+03 
2.782222e-01 1.090868e+03 1.442772e+03 
2.832626e-01 1.055260e+03 1.396006e+03 
2.883030e-01 1.021291e+03 1.351341e+03 
2.933434e-01 9.888149e+02 1.308656e+03 
2.983838e-01 9.576984e+02 1.267841e+03 
3.034242e-01 9.279215e+02 1.228792e+03 
3.084646e-01 8.994926e+02 1.191413e+03 
3.135051e-01 8.723415e+02 1.155611e+03 
3.185455e-01 8.463487e+02 1.121303e+03 
3.235859e-01 8.214038e+02 1.088410e+03 
3.286263e-01 7.974759e+02 1.056858e+03 
3.336667e-01 7.745578e+02 1.026576e+03 
3.387071e-01 7.525631e+02 9.975009e+02 
3.437475e-01 7.314013e+02 9.695705e+02 
3.487879e-01 7.110392e+02 9.427278e+02 
3.538283e-01 6.914717e+02 9.169188e+02 
3.588687e-01 6.726763e+02 8.920929e+02 
3.639091e-01 6.546015e+02 8.682024e+02 
3.689495e-01 6.371890e+02 8.452024e+02 
3.739899e-01 6.204175e+02 8.230507e+02 
3.790303e-01 6.042803e+02 8.017075e+02 
3.840707e-01 5.887415e+02 7.811350e+02 
3.891111e-01 5.737434e+02 7.612979e+02 
3.941515e-01 5.592660e+02 7.421627e+02 
3.991919e-01 5.453027e+02 7.236976e+02 
4.042323e-01 5.318360e+02 7.058727e+02 
4.092727e-01 5.188359e+02 6.886598e+02 
4.143131e-01 5.062633e+02 6.720321e+02 
4.193535e-01 4.941123e+02 6.559641e+02 
4.243939e-01 4.823810e+02 6.404317e+02 
4.294343e-01 4.710453e+02 6.254123e+02 
4.344747e-01 4.600793e+02 6.108842e+02 
4.395152e-01 4.494620e+02 5.968269e+02 
4.445556e-01 4.391860e+02 5.832208e+02 
4.495960e-01 4.292466e+02 5.700475e+02 
4.546364e-01 4.196246e+02 5.572894e+02 
4.596768e-01 4.102948e+02 5.449298e+02 
4.647172e-01 4.012503e+02 5.329527e+02 
4.697576e-01 3.924907e+02 5.213431e+02 
4.747980e-01 3.840053e+02 5.100865e+02 
4.798384e-01 3.757705e+02 4.991693e+02 
4.848788e-01 3.677770e+02 4.885782e+02 
4.899192e-01 3.600208e+02 4.783009e+02 
4.949596e-01 3.524975e+02 4.683255e+02 
5.000000e-01 3.451982e+02 4.586406e+02 
