1.000000e-03 2.952114e+03 2.952112e+03 
6.040404e-03 1.285180e+04 1.294334e+04 
1.108081e-02 1.739477e+04 1.742441e+04 
1.612121e-02 1.889211e+04 1.880620e+04 
2.116162e-02 1.866050e+04 1.847227e+04 
2.620202e-02 1.754174e+04 1.741451e+04 
3.124242e-02 1.609236e+04 1.617510e+04 
3.628283e-02 1.464914e+04 1.494711e+04 
4.132323e-02 1.337720e+04 1.378723e+04 
4.636364e-02 1.230822e+04 1.271182e+04 
5.140404e-02 1.143672e+04 1.172419e+04 
5.644444e-02 1.067187e+04 1.082226e+04 
6.148485e-02 9.964005e+03 1.000129e+04 
6.652525e-02 9.269723e+03 9.255301e+03 
7.156566e-02 8.574154e+03 8.577891e+03 
7.660606e-02 7.887959e+03 7.962690e+03 
8.164646e-02 7.240518e+03 7.403629e+03 
8.668687e-02 6.658048e+03 6.895070e+03 
9.172727e-02 6.152631e+03 6.431865e+03 
9.676768e-02 5.726117e+03 6.009363e+03 
1.018081e-01 5.373252e+03 5.623388e+03 
1.068485e-01 5.078161e+03 5.270214e+03 
1.118889e-01 4.817284e+03 4.946519e+03 
1.169293e-01 4.568719e+03 4.649349e+03 
1.219697e-01 4.321067e+03 4.376080e+03 
1.270101e-01 4.072457e+03 4.124376e+03 
1.320505e-01 3.826557e+03 3.892162e+03 
1.370909e-01 3.590145e+03 3.677591e+03 
1.421313e-01 3.370781e+03 3.479015e+03 
1.471717e-01 3.173708e+03 3.294966e+03 
1.522121e-01 3.000508e+03 3.124131e+03 
1.572525e-01 2.850070e+03 2.965336e+03 
1.622929e-01 2.719078e+03 2.817527e+03 
1.673333e-01 2.601992e+03 2.679761e+03 
1.723737e-01 2.492541e+03 2.551187e+03 
1.774141e-01 2.386184e+03 2.431041e+03 
1.824545e-01 2.281086e+03 2.318634e+03 
1.874949e-01 2.177337e+03 2.213343e+03 
1.925354e-01 2.075945e+03 2.114603e+03 
1.975758e-01 1.978668e+03 2.021904e+03 
2.026162e-01 1.887591e+03 1.934782e+03 
2.076566e-01 1.804087e+03 1.852817e+03 
2.126970e-01 1.728298e+03 1.775624e+03 
2.177374e-01 1.659462e+03 1.702855e+03 
2.227778e-01 1.596367e+03 1.634190e+03 
2.278182e-01 1.537563e+03 1.569339e+03 
2.328586e-01 1.481658e+03 1.508033e+03 
2.378990e-01 1.427715e+03 1.450029e+03 
2.429394e-01 1.375343e+03 1.395103e+03 
2.479798e-01 1.324470e+03 1.343047e+03 
2.530202e-01 1.275197e+03 1.293674e+03 
2.580606e-01 1.227852e+03 1.246807e+03 
2.631010e-01 1.182985e+03 1.202287e+03 
2.681414e-01 1.140991e+03 1.159964e+03 
2.731818e-01 1.101771e+03 1.119701e+03 
2.782222e-01 1.064957e+03 1.081372e+03 
2.832626e-01 1.030193e+03 1.044859e+03 
2.883030e-01 9.972236e+02 1.010052e+03 
2.933434e-01 9.657757e+02 9.768510e+02 
2.983838e-01 9.355096e+02 9.451618e+02 
3.034242e-01 9.062022e+02 9.148969e+02 
3.084646e-01 8.778606e+02 8.859752e+02 
3.135051e-01 8.505876e+02 8.583210e+02 
3.185455e-01 8.244336e+02 8.318638e+02 
3.235859e-01 7.993912e+02 8.065377e+02 
3.286263e-01 7.754605e+02 7.822815e+02 
3.336667e-01 7.526658e+02 7.590375e+02 
3.387071e-01 7.309868e+02 7.367521e+02 
3.437475e-01 7.102875e+02 7.153752e+02 
3.487879e-01 6.904226e+02 6.948594e+02 
3.538283e-01 6.712960e+02 6.751608e+02 
3.588687e-01 6.528663e+02 6.562379e+02 
3.639091e-01 6.351006e+02 6.380519e+02 
3.689495e-01 6.179445e+02 6.205661e+02 
3.739899e-01 6.013696e+02 6.037464e+02 
3.790303e-01 5.853976e+02 5.875603e+02 
3.840707e-01 5.700320e+02 5.719775e+02 
3.891111e-01 5.552530e+02 5.569693e+02 
3.941515e-01 5.410244e+02 5.425087e+02 
3.991919e-01 5.273197e+02 5.285703e+02 
4.042323e-01 5.141315e+02 5.151300e+02 
4.092727e-01 5.014243e+02 5.021651e+02 
4.143131e-01 4.891490e+02 4.896542e+02 
4.193535e-01 4.772674e+02 4.775771e+02 
4.243939e-01 4.657729e+02 4.659144e+02 
4.294343e-01 4.546633e+02 4.546481e+02 
4.344747e-01 4.439201e+02 4.437611e+02 
4.395152e-01 4.335197e+02 4.332369e+02 
4.445556e-01 4.234483e+02 4.230602e+02 
4.495960e-01 4.137111e+02 4.132163e+02 
4.546364e-01 4.043027e+02 4.036913e+02 
4.596768e-01 3.951999e+02 3.944721e+02 
4.647172e-01 3.863780e+02 3.855460e+02 
4.697576e-01 3.778272e+02 3.769013e+02 
4.747980e-01 3.695463e+02 3.685265e+02 
4.798384e-01 3.615214e+02 3.604109e+02 
4.848788e-01 3.537351e+02 3.525443e+02 
4.899192e-01 3.461729e+02 3.449169e+02 
4.949596e-01 3.388333e+02 3.375194e+02 
5.000000e-01 3.317146e+02 3.303429e+02 
