1.000000e-03 2.012382e+03 2.012380e+03 
6.040404e-03 9.225651e+03 9.293234e+03 
1.108081e-02 1.286518e+04 1.286852e+04 
1.612121e-02 1.438304e+04 1.427477e+04 
2.116162e-02 1.465990e+04 1.447272e+04 
2.620202e-02 1.424906e+04 1.408172e+04 
3.124242e-02 1.350904e+04 1.343565e+04 
3.628283e-02 1.265908e+04 1.268777e+04 
4.132323e-02 1.181615e+04 1.191176e+04 
4.636364e-02 1.102187e+04 1.114612e+04 
5.140404e-02 1.030878e+04 1.041138e+04 
5.644444e-02 9.632487e+03 9.717905e+03 
6.148485e-02 8.990212e+03 9.070080e+03 
6.652525e-02 8.385013e+03 8.468805e+03 
7.156566e-02 7.807307e+03 7.912968e+03 
7.660606e-02 7.261398e+03 7.400348e+03 
8.164646e-02 6.761224e+03 6.928178e+03 
8.668687e-02 6.315695e+03 6.493474e+03 
9.172727e-02 5.920110e+03 6.093239e+03 
9.676768e-02 5.564952e+03 5.724577e+03 
1.018081e-01 5.244280e+03 5.384753e+03 
1.068485e-01 4.953013e+03 5.071230e+03 
1.118889e-01 4.682978e+03 4.781673e+03 
1.169293e-01 4.425942e+03 4.513948e+03 
1.219697e-01 4.179130e+03 4.266117e+03 
1.270101e-01 3.945013e+03 4.036422e+03 
1.320505e-01 3.727119e+03 3.823273e+03 
1.370909e-01 3.527258e+03 3.625231e+03 
1.421313e-01 3.345059e+03 3.440998e+03 
1.471717e-01 3.178557e+03 3.269401e+03 
1.522121e-01 3.025535e+03 3.109380e+03 
1.572525e-01 2.884291e+03 2.959975e+03 
1.622929e-01 2.753175e+03 2.820319e+03 
1.673333e-01 2.629908e+03 2.689627e+03 
1.723737e-01 2.512448e+03 2.567187e+03 
1.774141e-01 2.400309e+03 2.452351e+03 
1.824545e-01 2.294168e+03 2.344534e+03 
1.874949e-01 2.194472e+03 2.243201e+03 
1.925354e-01 2.100888e+03 2.147866e+03 
1.975758e-01 2.013019e+03 2.058085e+03 
2.026162e-01 1.930746e+03 1.973454e+03 
2.076566e-01 1.854026e+03 1.893603e+03 
2.126970e-01 1.782112e+03 1.818193e+03 
2.177374e-01 1.714022e+03 1.746915e+03 
2.227778e-01 1.649114e+03 1.679483e+03 
2.278182e-01 1.587445e+03 1.615638e+03 
2.328586e-01 1.528867e+03 1.555140e+03 
2.378990e-01 1.473126e+03 1.497766e+03 
2.429394e-01 1.420067e+03 1.443314e+03 
2.479798e-01 1.369665e+03 1.391597e+03 
2.530202e-01 1.321860e+03 1.342440e+03 
2.580606e-01 1.276511e+03 1.295684e+03 
2.631010e-01 1.233417e+03 1.251181e+03 
2.681414e-01 1.192387e+03 1.208793e+03 
2.731818e-01 1.153269e+03 1.168394e+03 
2.782222e-01 1.115940e+03 1.129865e+03 
2.832626e-01 1.080272e+03 1.093096e+03 
2.883030e-01 1.046141e+03 1.057986e+03 
2.933434e-01 1.013460e+03 1.024440e+03 
2.983838e-01 9.821798e+02 9.923694e+02 
3.034242e-01 9.522693e+02 9.616921e+02 
3.084646e-01 9.236568e+02 9.323312e+02 
3.135051e-01 8.962560e+02 9.042151e+02 
3.185455e-01 8.699860e+02 8.772767e+02 
3.235859e-01 8.447847e+02 8.514533e+02 
3.286263e-01 8.206119e+02 8.266863e+02 
3.336667e-01 7.974193e+02 8.029208e+02 
3.387071e-01 7.751400e+02 7.801053e+02 
3.437475e-01 7.537002e+02 7.581915e+02 
3.487879e-01 7.330723e+02 7.371340e+02 
3.538283e-01 7.132436e+02 7.168903e+02 
3.588687e-01 6.941835e+02 6.974204e+02 
3.639091e-01 6.758263e+02 6.786865e+02 
3.689495e-01 6.581288e+02 6.606533e+02 
3.739899e-01 6.410762e+02 6.432873e+02 
3.790303e-01 6.246600e+02 6.265572e+02 
3.840707e-01 6.088399e+02 6.104332e+02 
3.891111e-01 5.935739e+02 5.948873e+02 
3.941515e-01 5.788282e+02 5.798932e+02 
3.991919e-01 5.645854e+02 5.654257e+02 
4.042323e-01 5.508469e+02 5.514615e+02 
4.092727e-01 5.375852e+02 5.379780e+02 
4.143131e-01 5.247622e+02 5.249542e+02 
4.193535e-01 5.123541e+02 5.123702e+02 
4.243939e-01 5.003575e+02 5.002068e+02 
4.294343e-01 4.887654e+02 4.884463e+02 
4.344747e-01 4.775555e+02 4.770715e+02 
4.395152e-01 4.666953e+02 4.660663e+02 
4.445556e-01 4.561747e+02 4.554153e+02 
4.495960e-01 4.459874e+02 4.451041e+02 
4.546364e-01 4.361245e+02 4.351186e+02 
4.596768e-01 4.265720e+02 4.254459e+02 
4.647172e-01 4.173066e+02 4.160733e+02 
4.697576e-01 4.083137e+02 4.069890e+02 
4.747980e-01 3.995920e+02 3.981816e+02 
4.798384e-01 3.911435e+02 3.896404e+02 
4.848788e-01 3.829448e+02 3.813550e+02 
4.899192e-01 3.749781e+02 3.733157e+02 
4.949596e-01 3.672392e+02 3.655130e+02 
5.000000e-01 3.597258e+02 3.579382e+02 
