1.000000e-03 2.881653e+03 2.881651e+03 
6.040404e-03 1.281697e+04 1.290742e+04 
1.108081e-02 1.743815e+04 1.747111e+04 
1.612121e-02 1.896751e+04 1.888825e+04 
2.116162e-02 1.872353e+04 1.854052e+04 
2.620202e-02 1.756885e+04 1.745295e+04 
3.124242e-02 1.608041e+04 1.618988e+04 
3.628283e-02 1.460949e+04 1.494739e+04 
4.132323e-02 1.332629e+04 1.377942e+04 
4.636364e-02 1.226031e+04 1.269974e+04 
5.140404e-02 1.140516e+04 1.171007e+04 
5.644444e-02 1.065708e+04 1.080737e+04 
6.148485e-02 9.964109e+03 9.986384e+03 
6.652525e-02 9.276694e+03 9.240818e+03 
7.156566e-02 8.579965e+03 8.564087e+03 
7.660606e-02 7.887135e+03 7.949706e+03 
8.164646e-02 7.230671e+03 7.391533e+03 
8.668687e-02 6.639590e+03 6.883887e+03 
9.172727e-02 6.128605e+03 6.421589e+03 
9.676768e-02 5.701323e+03 5.999970e+03 
1.018081e-01 5.352531e+03 5.614845e+03 
1.068485e-01 5.064109e+03 5.262479e+03 
1.118889e-01 4.809902e+03 4.939548e+03 
1.169293e-01 4.566800e+03 4.643097e+03 
1.219697e-01 4.322649e+03 4.370500e+03 
1.270101e-01 4.075026e+03 4.119424e+03 
1.320505e-01 3.827505e+03 3.887794e+03 
1.370909e-01 3.588191e+03 3.673766e+03 
1.421313e-01 3.365924e+03 3.475694e+03 
1.471717e-01 3.166771e+03 3.292111e+03 
1.522121e-01 2.992743e+03 3.121708e+03 
1.572525e-01 2.843017e+03 2.963312e+03 
1.622929e-01 2.714023e+03 2.815872e+03 
1.673333e-01 2.599532e+03 2.678447e+03 
1.723737e-01 2.492501e+03 2.550187e+03 
1.774141e-01 2.387828e+03 2.430332e+03 
1.824545e-01 2.283598e+03 2.318192e+03 
1.874949e-01 2.179917e+03 2.213147e+03 
1.925354e-01 2.077822e+03 2.114633e+03 
1.975758e-01 1.979521e+03 2.022143e+03 
2.026162e-01 1.887496e+03 1.935213e+03 
2.076566e-01 1.803406e+03 1.853424e+03 
2.126970e-01 1.727529e+03 1.776394e+03 
2.177374e-01 1.659016e+03 1.703774e+03 
2.227778e-01 1.596569e+03 1.635246e+03 
2.278182e-01 1.538547e+03 1.570519e+03 
2.328586e-01 1.483400e+03 1.509328e+03 
2.378990e-01 1.430030e+03 1.451429e+03 
2.429394e-01 1.377955e+03 1.396598e+03 
2.479798e-01 1.327055e+03 1.344630e+03 
2.530202e-01 1.277504e+03 1.295336e+03 
2.580606e-01 1.229836e+03 1.248542e+03 
2.631010e-01 1.184734e+03 1.204088e+03 
2.681414e-01 1.142605e+03 1.161824e+03 
2.731818e-01 1.103336e+03 1.121616e+03 
2.782222e-01 1.066582e+03 1.083335e+03 
2.832626e-01 1.032012e+03 1.046866e+03 
2.883030e-01 9.993186e+02 1.012098e+03 
2.933434e-01 9.681036e+02 9.789319e+02 
2.983838e-01 9.379660e+02 9.472736e+02 
3.034242e-01 9.087159e+02 9.170361e+02 
3.084646e-01 8.803783e+02 8.881385e+02 
3.135051e-01 8.530647e+02 8.605052e+02 
3.185455e-01 8.268136e+02 8.340660e+02 
3.235859e-01 8.016657e+02 8.087553e+02 
3.286263e-01 7.776769e+02 7.845119e+02 
3.336667e-01 7.548822e+02 7.612784e+02 
3.387071e-01 7.332310e+02 7.390015e+02 
3.437475e-01 7.125714e+02 7.176310e+02 
3.487879e-01 6.927451e+02 6.971199e+02 
3.538283e-01 6.736728e+02 6.774242e+02 
3.588687e-01 6.552899e+02 6.585027e+02 
3.639091e-01 6.375409e+02 6.403165e+02 
3.689495e-01 6.203671e+02 6.228294e+02 
3.739899e-01 6.037639e+02 6.060070e+02 
3.790303e-01 5.877650e+02 5.898171e+02 
3.840707e-01 5.723760e+02 5.742294e+02 
3.891111e-01 5.575662e+02 5.592154e+02 
3.941515e-01 5.433076e+02 5.447481e+02 
3.991919e-01 5.296021e+02 5.308021e+02 
4.042323e-01 5.164250e+02 5.173535e+02 
4.092727e-01 5.037208e+02 5.043797e+02 
4.143131e-01 4.914355e+02 4.918591e+02 
4.193535e-01 4.795466e+02 4.797717e+02 
4.243939e-01 4.680509e+02 4.680983e+02 
4.294343e-01 4.569346e+02 4.568208e+02 
4.344747e-01 4.461724e+02 4.459220e+02 
4.395152e-01 4.357388e+02 4.353857e+02 
4.445556e-01 4.256521e+02 4.251965e+02 
4.495960e-01 4.159071e+02 4.153398e+02 
4.546364e-01 4.064831e+02 4.058018e+02 
4.596768e-01 3.973591e+02 3.965692e+02 
4.647172e-01 3.885172e+02 3.876295e+02 
4.697576e-01 3.799559e+02 3.789709e+02 
4.747980e-01 3.716743e+02 3.705821e+02 
4.798384e-01 3.636341e+02 3.624524e+02 
4.848788e-01 3.558237e+02 3.545714e+02 
4.899192e-01 3.482440e+02 3.469295e+02 
4.949596e-01 3.408936e+02 3.395174e+02 
5.000000e-01 3.337632e+02 3.323263e+02 
