1.000000e-03 5.823889e+03 5.823883e+03 
6.040404e-03 2.576838e+04 2.597713e+04 
1.108081e-02 3.485939e+04 3.522520e+04 
1.612121e-02 3.713114e+04 3.764859e+04 
2.116162e-02 3.517172e+04 3.532215e+04 
2.620202e-02 3.095507e+04 3.059876e+04 
3.124242e-02 2.600541e+04 2.577712e+04 
3.628283e-02 2.135655e+04 2.183432e+04 
4.132323e-02 1.755698e+04 1.879118e+04 
4.636364e-02 1.475178e+04 1.642147e+04 
5.140404e-02 1.289588e+04 1.452530e+04 
5.644444e-02 1.175819e+04 1.296703e+04 
6.148485e-02 1.110002e+04 1.165882e+04 
6.652525e-02 1.068276e+04 1.054268e+04 
7.156566e-02 1.029967e+04 9.578788e+03 
7.660606e-02 9.802809e+03 8.738548e+03 
8.164646e-02 9.123185e+03 8.000633e+03 
8.668687e-02 8.274615e+03 7.348612e+03 
9.172727e-02 7.330606e+03 6.769495e+03 
9.676768e-02 6.390433e+03 6.252810e+03 
1.018081e-01 5.548900e+03 5.789978e+03 
1.068485e-01 4.871164e+03 5.373886e+03 
1.118889e-01 4.380523e+03 4.998576e+03 
1.169293e-01 4.064748e+03 4.659014e+03 
1.219697e-01 3.889759e+03 4.350920e+03 
1.270101e-01 3.810681e+03 4.070635e+03 
1.320505e-01 3.776684e+03 3.815006e+03 
1.370909e-01 3.738058e+03 3.581315e+03 
1.421313e-01 3.655568e+03 3.367198e+03 
1.471717e-01 3.508341e+03 3.170599e+03 
1.522121e-01 3.295738e+03 2.989718e+03 
1.572525e-01 3.034125e+03 2.822978e+03 
1.622929e-01 2.751839e+03 2.668990e+03 
1.673333e-01 2.480946e+03 2.526529e+03 
1.723737e-01 2.247305e+03 2.394508e+03 
1.774141e-01 2.065085e+03 2.271967e+03 
1.824545e-01 1.937139e+03 2.158047e+03 
1.874949e-01 1.858334e+03 2.051985e+03 
1.925354e-01 1.818143e+03 1.953097e+03 
1.975758e-01 1.801791e+03 1.860773e+03 
2.026162e-01 1.792311e+03 1.774462e+03 
2.076566e-01 1.774070e+03 1.693670e+03 
2.126970e-01 1.736185e+03 1.617952e+03 
2.177374e-01 1.674229e+03 1.546905e+03 
2.227778e-01 1.590077e+03 1.480164e+03 
2.278182e-01 1.490634e+03 1.417400e+03 
2.328586e-01 1.385741e+03 1.358313e+03 
2.378990e-01 1.285559e+03 1.302631e+03 
2.429394e-01 1.198291e+03 1.250105e+03 
2.479798e-01 1.128877e+03 1.200508e+03 
2.530202e-01 1.078720e+03 1.153633e+03 
2.580606e-01 1.046004e+03 1.109292e+03 
2.631010e-01 1.026483e+03 1.067310e+03 
2.681414e-01 1.014567e+03 1.027528e+03 
2.731818e-01 1.004414e+03 9.898005e+02 
2.782222e-01 9.909092e+02 9.539921e+02 
2.832626e-01 9.703903e+02 9.199792e+02 
2.883030e-01 9.412091e+02 8.876474e+02 
2.933434e-01 9.039992e+02 8.568911e+02 
2.983838e-01 8.612725e+02 8.276127e+02 
3.034242e-01 8.165717e+02 7.997221e+02 
3.084646e-01 7.734798e+02 7.731356e+02 
3.135051e-01 7.349396e+02 7.477756e+02 
3.185455e-01 7.028509e+02 7.235702e+02 
3.235859e-01 6.778946e+02 7.004525e+02 
3.286263e-01 6.595391e+02 6.783603e+02 
3.336667e-01 6.463344e+02 6.572357e+02 
3.387071e-01 6.362727e+02 6.370247e+02 
3.437475e-01 6.272047e+02 6.176771e+02 
3.487879e-01 6.171954e+02 5.991458e+02 
3.538283e-01 6.048159e+02 5.813870e+02 
3.588687e-01 5.894316e+02 5.643597e+02 
3.639091e-01 5.711940e+02 5.480255e+02 
3.689495e-01 5.508955e+02 5.323483e+02 
3.739899e-01 5.297199e+02 5.172946e+02 
3.790303e-01 5.089412e+02 5.028326e+02 
3.840707e-01 4.896975e+02 4.889328e+02 
3.891111e-01 4.728197e+02 4.755673e+02 
3.941515e-01 4.586881e+02 4.627098e+02 
3.991919e-01 4.471970e+02 4.503358e+02 
4.042323e-01 4.378497e+02 4.384221e+02 
4.092727e-01 4.299386e+02 4.269467e+02 
4.143131e-01 4.226923e+02 4.158891e+02 
4.193535e-01 4.153834e+02 4.052299e+02 
4.243939e-01 4.074277e+02 3.949508e+02 
4.294343e-01 3.984856e+02 3.850345e+02 
4.344747e-01 3.885173e+02 3.754646e+02 
4.395152e-01 3.777627e+02 3.662256e+02 
4.445556e-01 3.666389e+02 3.573030e+02 
4.495960e-01 3.555916e+02 3.486829e+02 
4.546364e-01 3.450546e+02 3.403522e+02 
4.596768e-01 3.353672e+02 3.322985e+02 
4.647172e-01 3.267405e+02 3.245101e+02 
4.697576e-01 3.192078e+02 3.169757e+02 
4.747980e-01 3.126276e+02 3.096847e+02 
4.798384e-01 3.067491e+02 3.026272e+02 
4.848788e-01 3.012800e+02 2.957936e+02 
4.899192e-01 2.959500e+02 2.891748e+02 
4.949596e-01 2.905232e+02 2.827621e+02 
5.000000e-01 2.848303e+02 2.765474e+02 
