1.000000e-03 3.145474e+03 3.145471e+03 
6.040404e-03 1.383179e+04 1.393264e+04 
1.108081e-02 1.883568e+04 1.890696e+04 
1.612121e-02 2.047033e+04 2.045928e+04 
2.116162e-02 2.011838e+04 1.997655e+04 
2.620202e-02 1.872184e+04 1.860768e+04 
3.124242e-02 1.693961e+04 1.707475e+04 
3.628283e-02 1.519041e+04 1.562867e+04 
4.132323e-02 1.368675e+04 1.431600e+04 
4.636364e-02 1.248453e+04 1.313250e+04 
5.140404e-02 1.157442e+04 1.206606e+04 
5.644444e-02 1.083711e+04 1.110473e+04 
6.148485e-02 1.019011e+04 1.023771e+04 
6.652525e-02 9.559802e+03 9.455182e+03 
7.156566e-02 8.898401e+03 8.748233e+03 
7.660606e-02 8.200957e+03 8.108800e+03 
8.164646e-02 7.498382e+03 7.529622e+03 
8.668687e-02 6.834055e+03 7.004201e+03 
9.172727e-02 6.241148e+03 6.526749e+03 
9.676768e-02 5.738819e+03 6.092126e+03 
1.018081e-01 5.334505e+03 5.695781e+03 
1.068485e-01 5.020655e+03 5.333688e+03 
1.118889e-01 4.773535e+03 5.002288e+03 
1.169293e-01 4.561807e+03 4.698436e+03 
1.219697e-01 4.358128e+03 4.419351e+03 
1.270101e-01 4.146478e+03 4.162568e+03 
1.320505e-01 3.921258e+03 3.925905e+03 
1.370909e-01 3.685360e+03 3.707426e+03 
1.421313e-01 3.447895e+03 3.505410e+03 
1.471717e-01 3.220739e+03 3.318325e+03 
1.522121e-01 3.014332e+03 3.144804e+03 
1.572525e-01 2.835436e+03 2.983628e+03 
1.622929e-01 2.686346e+03 2.833706e+03 
1.673333e-01 2.564340e+03 2.694060e+03 
1.723737e-01 2.462366e+03 2.563811e+03 
1.774141e-01 2.371722e+03 2.442171e+03 
1.824545e-01 2.284982e+03 2.328429e+03 
1.874949e-01 2.197082e+03 2.221943e+03 
1.925354e-01 2.105440e+03 2.122133e+03 
1.975758e-01 2.009936e+03 2.028474e+03 
2.026162e-01 1.913146e+03 1.940491e+03 
2.076566e-01 1.819076e+03 1.857752e+03 
2.126970e-01 1.731227e+03 1.779863e+03 
2.177374e-01 1.651756e+03 1.706468e+03 
2.227778e-01 1.581556e+03 1.637240e+03 
2.278182e-01 1.520305e+03 1.571880e+03 
2.328586e-01 1.466490e+03 1.510116e+03 
2.378990e-01 1.417722e+03 1.451699e+03 
2.429394e-01 1.371682e+03 1.396400e+03 
2.479798e-01 1.326640e+03 1.344009e+03 
2.530202e-01 1.281517e+03 1.294332e+03 
2.580606e-01 1.235847e+03 1.247191e+03 
2.631010e-01 1.189898e+03 1.202424e+03 
2.681414e-01 1.144680e+03 1.159878e+03 
2.731818e-01 1.101438e+03 1.119415e+03 
2.782222e-01 1.061018e+03 1.080905e+03 
2.832626e-01 1.023722e+03 1.044228e+03 
2.883030e-01 9.894921e+02 1.009274e+03 
2.933434e-01 9.581094e+02 9.759412e+02 
2.983838e-01 9.291559e+02 9.441332e+02 
3.034242e-01 9.019244e+02 9.137619e+02 
3.084646e-01 8.756847e+02 8.847448e+02 
3.135051e-01 8.499411e+02 8.570053e+02 
3.185455e-01 8.245278e+02 8.304720e+02 
3.235859e-01 7.995028e+02 8.050782e+02 
3.286263e-01 7.749938e+02 7.807619e+02 
3.336667e-01 7.511741e+02 7.574647e+02 
3.387071e-01 7.282884e+02 7.351326e+02 
3.437475e-01 7.065868e+02 7.137146e+02 
3.487879e-01 6.861875e+02 6.931631e+02 
3.538283e-01 6.670121e+02 6.734335e+02 
3.588687e-01 6.488823e+02 6.544840e+02 
3.639091e-01 6.316153e+02 6.362754e+02 
3.689495e-01 6.150507e+02 6.187708e+02 
3.739899e-01 5.990526e+02 6.019354e+02 
3.790303e-01 5.834909e+02 5.857368e+02 
3.840707e-01 5.682732e+02 5.701442e+02 
3.891111e-01 5.534106e+02 5.551288e+02 
3.941515e-01 5.389659e+02 5.406632e+02 
3.991919e-01 5.249898e+02 5.267220e+02 
4.042323e-01 5.115345e+02 5.132808e+02 
4.092727e-01 4.986118e+02 5.003167e+02 
4.143131e-01 4.862407e+02 4.878082e+02 
4.193535e-01 4.744097e+02 4.757348e+02 
4.243939e-01 4.630626e+02 4.640773e+02 
4.294343e-01 4.521315e+02 4.528174e+02 
4.344747e-01 4.415571e+02 4.419377e+02 
4.395152e-01 4.313026e+02 4.314218e+02 
4.445556e-01 4.213507e+02 4.212543e+02 
4.495960e-01 4.116640e+02 4.114204e+02 
4.546364e-01 4.022409e+02 4.019062e+02 
4.596768e-01 3.930833e+02 3.926983e+02 
4.647172e-01 3.842024e+02 3.837842e+02 
4.697576e-01 3.756166e+02 3.751519e+02 
4.747980e-01 3.673166e+02 3.667900e+02 
4.798384e-01 3.592892e+02 3.586877e+02 
4.848788e-01 3.515289e+02 3.508347e+02 
4.899192e-01 3.440240e+02 3.432212e+02 
4.949596e-01 3.367602e+02 3.358379e+02 
5.000000e-01 3.297085e+02 3.286758e+02 
