1.000000e-03 2.764032e+03 2.764030e+03 
6.040404e-03 1.210592e+04 1.219169e+04 
1.108081e-02 1.645443e+04 1.647093e+04 
1.612121e-02 1.796553e+04 1.786029e+04 
2.116162e-02 1.786700e+04 1.766816e+04 
2.620202e-02 1.693352e+04 1.679074e+04 
3.124242e-02 1.566940e+04 1.570575e+04 
3.628283e-02 1.437871e+04 1.459440e+04 
4.132323e-02 1.321132e+04 1.352095e+04 
4.636364e-02 1.220567e+04 1.251047e+04 
5.140404e-02 1.134814e+04 1.157254e+04 
5.644444e-02 1.058334e+04 1.070926e+04 
6.148485e-02 9.864633e+03 9.918713e+03 
6.652525e-02 9.168833e+03 9.196896e+03 
7.156566e-02 8.483721e+03 8.538812e+03 
7.660606e-02 7.821666e+03 7.939131e+03 
8.164646e-02 7.207567e+03 7.392568e+03 
8.668687e-02 6.660582e+03 6.894086e+03 
9.172727e-02 6.185089e+03 6.439007e+03 
9.676768e-02 5.777593e+03 6.023048e+03 
1.018081e-01 5.431364e+03 5.642327e+03 
1.068485e-01 5.132238e+03 5.293352e+03 
1.118889e-01 4.859876e+03 4.972992e+03 
1.169293e-01 4.597825e+03 4.678444e+03 
1.219697e-01 4.339181e+03 4.407210e+03 
1.270101e-01 4.085319e+03 4.157057e+03 
1.320505e-01 3.841091e+03 3.925993e+03 
1.370909e-01 3.611664e+03 3.712240e+03 
1.421313e-01 3.401903e+03 3.514208e+03 
1.471717e-01 3.214134e+03 3.330476e+03 
1.522121e-01 3.047785e+03 3.159770e+03 
1.572525e-01 2.900377e+03 3.000950e+03 
1.622929e-01 2.768278e+03 2.852989e+03 
1.673333e-01 2.646726e+03 2.714967e+03 
1.723737e-01 2.531050e+03 2.586053e+03 
1.774141e-01 2.418705e+03 2.465499e+03 
1.824545e-01 2.309298e+03 2.352628e+03 
1.874949e-01 2.203507e+03 2.246829e+03 
1.925354e-01 2.102285e+03 2.147548e+03 
1.975758e-01 2.006852e+03 2.054282e+03 
2.026162e-01 1.918425e+03 1.966573e+03 
2.076566e-01 1.837349e+03 1.884008e+03 
2.126970e-01 1.762941e+03 1.806207e+03 
2.177374e-01 1.694088e+03 1.732824e+03 
2.227778e-01 1.629759e+03 1.663544e+03 
2.278182e-01 1.568904e+03 1.598079e+03 
2.328586e-01 1.510631e+03 1.536163e+03 
2.378990e-01 1.454463e+03 1.477554e+03 
2.429394e-01 1.400397e+03 1.422029e+03 
2.479798e-01 1.348593e+03 1.369384e+03 
2.530202e-01 1.299090e+03 1.319430e+03 
2.580606e-01 1.251986e+03 1.271993e+03 
2.631010e-01 1.207521e+03 1.226912e+03 
2.681414e-01 1.165794e+03 1.184041e+03 
2.731818e-01 1.126560e+03 1.143241e+03 
2.782222e-01 1.089367e+03 1.104386e+03 
2.832626e-01 1.053881e+03 1.067359e+03 
2.883030e-01 1.019991e+03 1.032051e+03 
2.933434e-01 9.875559e+02 9.983603e+02 
2.983838e-01 9.563873e+02 9.661932e+02 
3.034242e-01 9.263608e+02 9.354623e+02 
3.084646e-01 8.974935e+02 9.060864e+02 
3.135051e-01 8.698775e+02 8.779896e+02 
3.185455e-01 8.435105e+02 8.511011e+02 
3.235859e-01 8.183101e+02 8.253550e+02 
3.286263e-01 7.941915e+02 8.006896e+02 
3.336667e-01 7.711227e+02 7.770473e+02 
3.387071e-01 7.490731e+02 7.543741e+02 
3.437475e-01 7.279436e+02 7.326196e+02 
3.487879e-01 7.076095e+02 7.117363e+02 
3.538283e-01 6.879979e+02 6.916800e+02 
3.588687e-01 6.691090e+02 6.724088e+02 
3.639091e-01 6.509390e+02 6.538839e+02 
3.689495e-01 6.334464e+02 6.360682e+02 
3.739899e-01 6.165890e+02 6.189273e+02 
3.790303e-01 6.003513e+02 6.024286e+02 
3.840707e-01 5.847320e+02 5.865415e+02 
3.891111e-01 5.697075e+02 5.712371e+02 
3.941515e-01 5.552285e+02 5.564881e+02 
3.991919e-01 5.412539e+02 5.422689e+02 
4.042323e-01 5.277718e+02 5.285552e+02 
4.092727e-01 5.147676e+02 5.153241e+02 
4.143131e-01 5.022054e+02 5.025539e+02 
4.193535e-01 4.900534e+02 4.902242e+02 
4.243939e-01 4.782983e+02 4.783156e+02 
4.294343e-01 4.669382e+02 4.668096e+02 
4.344747e-01 4.559651e+02 4.556891e+02 
4.395152e-01 4.453543e+02 4.449374e+02 
4.445556e-01 4.350827e+02 4.345390e+02 
4.495960e-01 4.251394e+02 4.244790e+02 
4.546364e-01 4.155216e+02 4.147434e+02 
4.596768e-01 4.062163e+02 4.053188e+02 
4.647172e-01 3.971958e+02 3.961926e+02 
4.697576e-01 3.884453e+02 3.873526e+02 
4.747980e-01 3.799635e+02 3.787874e+02 
4.798384e-01 3.717459e+02 3.704862e+02 
4.848788e-01 3.637770e+02 3.624384e+02 
4.899192e-01 3.560404e+02 3.546342e+02 
4.949596e-01 3.485296e+02 3.470643e+02 
5.000000e-01 3.412405e+02 3.397195e+02 
