1.000000e-03 3.088584e+03 3.088581e+03 
6.040404e-03 1.390987e+04 1.401091e+04 
1.108081e-02 1.893430e+04 1.899212e+04 
1.612121e-02 2.052583e+04 2.048323e+04 
2.116162e-02 2.012912e+04 1.996089e+04 
2.620202e-02 1.871173e+04 1.859926e+04 
3.124242e-02 1.693672e+04 1.708754e+04 
3.628283e-02 1.521369e+04 1.565516e+04 
4.132323e-02 1.374330e+04 1.434687e+04 
4.636364e-02 1.256373e+04 1.316197e+04 
5.140404e-02 1.166296e+04 1.209142e+04 
5.644444e-02 1.091661e+04 1.112513e+04 
6.148485e-02 1.024217e+04 1.025320e+04 
6.652525e-02 9.570504e+03 9.466245e+03 
7.156566e-02 8.872925e+03 8.755501e+03 
7.660606e-02 8.154060e+03 8.112913e+03 
8.164646e-02 7.446800e+03 7.531176e+03 
8.668687e-02 6.791729e+03 7.003718e+03 
9.172727e-02 6.218238e+03 6.524674e+03 
9.676768e-02 5.741561e+03 6.088835e+03 
1.018081e-01 5.362067e+03 5.691583e+03 
1.068485e-01 5.064021e+03 5.328836e+03 
1.118889e-01 4.818978e+03 4.996990e+03 
1.169293e-01 4.597162e+03 4.692858e+03 
1.219697e-01 4.376764e+03 4.413624e+03 
1.270101e-01 4.146387e+03 4.156800e+03 
1.320505e-01 3.904427e+03 3.920179e+03 
1.370909e-01 3.658249e+03 3.701808e+03 
1.421313e-01 3.419745e+03 3.499949e+03 
1.471717e-01 3.199545e+03 3.313059e+03 
1.522121e-01 3.004507e+03 3.139761e+03 
1.572525e-01 2.838024e+03 2.978828e+03 
1.622929e-01 2.699846e+03 2.829163e+03 
1.673333e-01 2.584871e+03 2.689781e+03 
1.723737e-01 2.484195e+03 2.559802e+03 
1.774141e-01 2.389379e+03 2.438432e+03 
1.824545e-01 2.295040e+03 2.324957e+03 
1.874949e-01 2.198773e+03 2.218735e+03 
1.925354e-01 2.100069e+03 2.119183e+03 
1.975758e-01 2.000234e+03 2.025776e+03 
2.026162e-01 1.902560e+03 1.938037e+03 
2.076566e-01 1.810870e+03 1.855534e+03 
2.126970e-01 1.727705e+03 1.777872e+03 
2.177374e-01 1.653670e+03 1.704695e+03 
2.227778e-01 1.588186e+03 1.635676e+03 
2.278182e-01 1.529842e+03 1.570516e+03 
2.328586e-01 1.476760e+03 1.508943e+03 
2.378990e-01 1.426897e+03 1.450708e+03 
2.429394e-01 1.378459e+03 1.395583e+03 
2.479798e-01 1.330322e+03 1.343356e+03 
2.530202e-01 1.282146e+03 1.293835e+03 
2.580606e-01 1.234307e+03 1.246843e+03 
2.631010e-01 1.187677e+03 1.202217e+03 
2.681414e-01 1.143193e+03 1.159804e+03 
2.731818e-01 1.101501e+03 1.119467e+03 
2.782222e-01 1.062879e+03 1.081076e+03 
2.832626e-01 1.027290e+03 1.044512e+03 
2.883030e-01 9.944090e+02 1.009664e+03 
2.933434e-01 9.637140e+02 9.764314e+02 
2.983838e-01 9.346119e+02 9.447179e+02 
3.034242e-01 9.065688e+02 9.144355e+02 
3.084646e-01 8.792471e+02 8.855022e+02 
3.135051e-01 8.524714e+02 8.578415e+02 
3.185455e-01 8.262543e+02 8.313823e+02 
3.235859e-01 8.007537e+02 8.060581e+02 
3.286263e-01 7.761913e+02 7.818071e+02 
3.336667e-01 7.527273e+02 7.585712e+02 
3.387071e-01 7.304523e+02 7.362965e+02 
3.437475e-01 7.093970e+02 7.149322e+02 
3.487879e-01 6.894951e+02 6.944310e+02 
3.538283e-01 6.706109e+02 6.747484e+02 
3.588687e-01 6.525349e+02 6.558429e+02 
3.639091e-01 6.351046e+02 6.376752e+02 
3.689495e-01 6.182328e+02 6.202086e+02 
3.739899e-01 6.018715e+02 6.034087e+02 
3.790303e-01 5.859811e+02 5.872431e+02 
3.840707e-01 5.705454e+02 5.716810e+02 
3.891111e-01 5.555895e+02 5.566939e+02 
3.941515e-01 5.411694e+02 5.422545e+02 
3.991919e-01 5.273290e+02 5.283373e+02 
4.042323e-01 5.140528e+02 5.149183e+02 
4.092727e-01 5.013058e+02 5.019746e+02 
4.143131e-01 4.890543e+02 4.894848e+02 
4.193535e-01 4.772632e+02 4.774284e+02 
4.243939e-01 4.658903e+02 4.657864e+02 
4.294343e-01 4.548815e+02 4.545404e+02 
4.344747e-01 4.441960e+02 4.436734e+02 
4.395152e-01 4.338232e+02 4.331689e+02 
4.445556e-01 4.237666e+02 4.230115e+02 
4.495960e-01 4.140209e+02 4.131865e+02 
4.546364e-01 4.045700e+02 4.036800e+02 
4.596768e-01 3.954152e+02 3.944789e+02 
4.647172e-01 3.865644e+02 3.855706e+02 
4.697576e-01 3.780176e+02 3.769431e+02 
4.747980e-01 3.697502e+02 3.685851e+02 
4.798384e-01 3.617394e+02 3.604859e+02 
4.848788e-01 3.539769e+02 3.526353e+02 
4.899192e-01 3.464514e+02 3.450233e+02 
4.949596e-01 3.391456e+02 3.376409e+02 
5.000000e-01 3.320450e+02 3.304790e+02 
