1.000000e-03 3.117218e+03 3.117215e+03 
6.040404e-03 1.381586e+04 1.391222e+04 
1.108081e-02 1.868419e+04 1.872005e+04 
1.612121e-02 2.019127e+04 2.010803e+04 
2.116162e-02 1.979522e+04 1.960218e+04 
2.620202e-02 1.844643e+04 1.833844e+04 
3.124242e-02 1.677767e+04 1.692581e+04 
3.628283e-02 1.516551e+04 1.556319e+04 
4.132323e-02 1.378468e+04 1.429842e+04 
4.636364e-02 1.265879e+04 1.313980e+04 
5.140404e-02 1.176630e+04 1.208508e+04 
5.644444e-02 1.098947e+04 1.112836e+04 
6.148485e-02 1.026458e+04 1.026220e+04 
6.652525e-02 9.539344e+03 9.478682e+03 
7.156566e-02 8.801008e+03 8.769893e+03 
7.660606e-02 8.067220e+03 8.128319e+03 
8.164646e-02 7.374504e+03 7.546982e+03 
8.668687e-02 6.754717e+03 7.019529e+03 
9.172727e-02 6.224469e+03 6.540232e+03 
9.676768e-02 5.787963e+03 6.103974e+03 
1.018081e-01 5.436527e+03 5.706199e+03 
1.068485e-01 5.147015e+03 5.342870e+03 
1.118889e-01 4.889718e+03 5.010408e+03 
1.169293e-01 4.640897e+03 4.705648e+03 
1.219697e-01 4.388546e+03 4.425790e+03 
1.270101e-01 4.130548e+03 4.168350e+03 
1.320505e-01 3.872075e+03 3.931132e+03 
1.370909e-01 3.623263e+03 3.712183e+03 
1.421313e-01 3.394220e+03 3.509771e+03 
1.471717e-01 3.190768e+03 3.322352e+03 
1.522121e-01 3.014749e+03 3.148550e+03 
1.572525e-01 2.865053e+03 2.987138e+03 
1.622929e-01 2.737108e+03 2.837019e+03 
1.673333e-01 2.623043e+03 2.697207e+03 
1.723737e-01 2.514934e+03 2.566821e+03 
1.774141e-01 2.408061e+03 2.445066e+03 
1.824545e-01 2.300981e+03 2.331228e+03 
1.874949e-01 2.194053e+03 2.224662e+03 
1.925354e-01 2.088789e+03 2.124787e+03 
1.975758e-01 1.987837e+03 2.031074e+03 
2.026162e-01 1.894181e+03 1.943046e+03 
2.076566e-01 1.809435e+03 1.860270e+03 
2.126970e-01 1.733485e+03 1.782352e+03 
2.177374e-01 1.665204e+03 1.708932e+03 
2.227778e-01 1.602905e+03 1.639683e+03 
2.278182e-01 1.544798e+03 1.574307e+03 
2.328586e-01 1.489316e+03 1.512530e+03 
2.378990e-01 1.435337e+03 1.454102e+03 
2.429394e-01 1.382319e+03 1.398794e+03 
2.479798e-01 1.330257e+03 1.346394e+03 
2.530202e-01 1.279642e+03 1.296711e+03 
2.580606e-01 1.231301e+03 1.249564e+03 
2.631010e-01 1.185875e+03 1.204791e+03 
2.681414e-01 1.143549e+03 1.162241e+03 
2.731818e-01 1.104163e+03 1.121772e+03 
2.782222e-01 1.067421e+03 1.083257e+03 
2.832626e-01 1.032945e+03 1.046576e+03 
2.883030e-01 1.000245e+03 1.011617e+03 
2.933434e-01 9.688276e+02 9.782785e+02 
2.983838e-01 9.383870e+02 9.464649e+02 
3.034242e-01 9.088618e+02 9.160876e+02 
3.084646e-01 8.802615e+02 8.870642e+02 
3.135051e-01 8.526458e+02 8.593180e+02 
3.185455e-01 8.261277e+02 8.327776e+02 
3.235859e-01 8.008290e+02 8.073764e+02 
3.286263e-01 7.768072e+02 7.830521e+02 
3.336667e-01 7.540144e+02 7.597466e+02 
3.387071e-01 7.323347e+02 7.374057e+02 
3.437475e-01 7.116381e+02 7.159786e+02 
3.487879e-01 6.918022e+02 6.954176e+02 
3.538283e-01 6.727005e+02 6.756781e+02 
3.588687e-01 6.542279e+02 6.567184e+02 
3.639091e-01 6.363552e+02 6.384992e+02 
3.689495e-01 6.190927e+02 6.209836e+02 
3.739899e-01 6.024417e+02 6.041370e+02 
3.790303e-01 5.863912e+02 5.879268e+02 
3.840707e-01 5.709297e+02 5.723224e+02 
3.891111e-01 5.560771e+02 5.572949e+02 
3.941515e-01 5.418344e+02 5.428171e+02 
3.991919e-01 5.281478e+02 5.288633e+02 
4.042323e-01 5.149572e+02 5.154093e+02 
4.092727e-01 5.022205e+02 5.024323e+02 
4.143131e-01 4.899218e+02 4.899107e+02 
4.193535e-01 4.780385e+02 4.778240e+02 
4.243939e-01 4.665310e+02 4.661531e+02 
4.294343e-01 4.553796e+02 4.548795e+02 
4.344747e-01 4.445816e+02 4.439861e+02 
4.395152e-01 4.341545e+02 4.334565e+02 
4.445556e-01 4.240789e+02 4.232751e+02 
4.495960e-01 4.143270e+02 4.134273e+02 
4.546364e-01 4.048868e+02 4.038990e+02 
4.596768e-01 3.957611e+02 3.946770e+02 
4.647172e-01 3.869416e+02 3.857487e+02 
4.697576e-01 3.783967e+02 3.771022e+02 
4.747980e-01 3.700999e+02 3.687261e+02 
4.798384e-01 3.620528e+02 3.606095e+02 
4.848788e-01 3.542569e+02 3.527423e+02 
4.899192e-01 3.466910e+02 3.451145e+02 
4.949596e-01 3.393410e+02 3.377170e+02 
5.000000e-01 3.322017e+02 3.305406e+02 
