1.000000e-03 3.775022e+03 3.775019e+03 
6.040404e-03 1.678233e+04 1.690957e+04 
1.108081e-02 2.277075e+04 2.290766e+04 
1.612121e-02 2.450666e+04 2.459949e+04 
2.116162e-02 2.370743e+04 2.360759e+04 
2.620202e-02 2.158911e+04 2.144707e+04 
3.124242e-02 1.903129e+04 1.918994e+04 
3.628283e-02 1.660027e+04 1.719948e+04 
4.132323e-02 1.458604e+04 1.549825e+04 
4.636364e-02 1.305334e+04 1.403558e+04 
5.140404e-02 1.197280e+04 1.276377e+04 
5.644444e-02 1.119594e+04 1.164760e+04 
6.148485e-02 1.058503e+04 1.066138e+04 
6.652525e-02 1.000810e+04 9.785555e+03 
7.156566e-02 9.381932e+03 9.004650e+03 
7.660606e-02 8.674118e+03 8.306010e+03 
8.164646e-02 7.905662e+03 7.679070e+03 
8.668687e-02 7.130398e+03 7.114895e+03 
9.172727e-02 6.406313e+03 6.605857e+03 
9.676768e-02 5.779940e+03 6.145406e+03 
1.018081e-01 5.279303e+03 5.727894e+03 
1.068485e-01 4.907798e+03 5.348433e+03 
1.118889e-01 4.644476e+03 5.002776e+03 
1.169293e-01 4.453311e+03 4.687228e+03 
1.219697e-01 4.296106e+03 4.398562e+03 
1.270101e-01 4.140064e+03 4.133953e+03 
1.320505e-01 3.962120e+03 3.890925e+03 
1.370909e-01 3.752675e+03 3.667297e+03 
1.421313e-01 3.516457e+03 3.461149e+03 
1.471717e-01 3.267952e+03 3.270782e+03 
1.522121e-01 3.024754e+03 3.094694e+03 
1.572525e-01 2.803060e+03 2.931549e+03 
1.622929e-01 2.615053e+03 2.780159e+03 
1.673333e-01 2.466249e+03 2.639468e+03 
1.723737e-01 2.353865e+03 2.508528e+03 
1.774141e-01 2.268767e+03 2.386493e+03 
1.824545e-01 2.199742e+03 2.272605e+03 
1.874949e-01 2.136284e+03 2.166180e+03 
1.925354e-01 2.069648e+03 2.066605e+03 
1.975758e-01 1.993879e+03 1.973325e+03 
2.026162e-01 1.907239e+03 1.885839e+03 
2.076566e-01 1.812522e+03 1.803695e+03 
2.126970e-01 1.715320e+03 1.726481e+03 
2.177374e-01 1.621532e+03 1.653825e+03 
2.227778e-01 1.535997e+03 1.585387e+03 
2.278182e-01 1.461789e+03 1.520859e+03 
2.328586e-01 1.399938e+03 1.459957e+03 
2.378990e-01 1.349453e+03 1.402425e+03 
2.429394e-01 1.307759e+03 1.348026e+03 
2.479798e-01 1.271440e+03 1.296546e+03 
2.530202e-01 1.236925e+03 1.247785e+03 
2.580606e-01 1.201257e+03 1.201562e+03 
2.631010e-01 1.162786e+03 1.157710e+03 
2.681414e-01 1.121368e+03 1.116075e+03 
2.731818e-01 1.078022e+03 1.076513e+03 
2.782222e-01 1.034332e+03 1.038896e+03 
2.832626e-01 9.919726e+02 1.003100e+03 
2.883030e-01 9.525044e+02 9.690151e+02 
2.933434e-01 9.170231e+02 9.365365e+02 
2.983838e-01 8.858856e+02 9.055684e+02 
3.034242e-01 8.587210e+02 8.760213e+02 
3.084646e-01 8.346445e+02 8.478126e+02 
3.135051e-01 8.125787e+02 8.208651e+02 
3.185455e-01 7.914625e+02 7.951072e+02 
3.235859e-01 7.703901e+02 7.704720e+02 
3.286263e-01 7.488075e+02 7.468974e+02 
3.336667e-01 7.265894e+02 7.243251e+02 
3.387071e-01 7.039779e+02 7.027011e+02 
3.437475e-01 6.814765e+02 6.819745e+02 
3.487879e-01 6.596148e+02 6.620979e+02 
3.538283e-01 6.388811e+02 6.430270e+02 
3.588687e-01 6.196107e+02 6.247201e+02 
3.639091e-01 6.019212e+02 6.071382e+02 
3.689495e-01 5.857129e+02 5.902448e+02 
3.739899e-01 5.707213e+02 5.740055e+02 
3.790303e-01 5.566437e+02 5.583879e+02 
3.840707e-01 5.431449e+02 5.433618e+02 
3.891111e-01 5.299224e+02 5.288985e+02 
3.941515e-01 5.167699e+02 5.149713e+02 
3.991919e-01 5.035998e+02 5.015546e+02 
4.042323e-01 4.904774e+02 4.886247e+02 
4.092727e-01 4.775537e+02 4.761590e+02 
4.143131e-01 4.649718e+02 4.641363e+02 
4.193535e-01 4.528620e+02 4.525363e+02 
4.243939e-01 4.413227e+02 4.413403e+02 
4.294343e-01 4.304194e+02 4.305301e+02 
4.344747e-01 4.201489e+02 4.200888e+02 
4.395152e-01 4.104344e+02 4.100004e+02 
4.445556e-01 4.011518e+02 4.002496e+02 
4.495960e-01 3.922011e+02 3.908219e+02 
4.546364e-01 3.834999e+02 3.817037e+02 
4.596768e-01 3.749781e+02 3.728820e+02 
4.647172e-01 3.665936e+02 3.643445e+02 
4.697576e-01 3.583230e+02 3.560794e+02 
4.747980e-01 3.502014e+02 3.480757e+02 
4.798384e-01 3.422902e+02 3.403228e+02 
4.848788e-01 3.346274e+02 3.328107e+02 
4.899192e-01 3.272349e+02 3.255297e+02 
4.949596e-01 3.201220e+02 3.184708e+02 
5.000000e-01 3.132947e+02 3.116253e+02 
