1.000000e-03 3.781699e+03 3.781695e+03 
6.040404e-03 1.705276e+04 1.718537e+04 
1.108081e-02 2.327847e+04 2.343383e+04 
1.612121e-02 2.514884e+04 2.528187e+04 
2.116162e-02 2.437727e+04 2.431019e+04 
2.620202e-02 2.219778e+04 2.203810e+04 
3.124242e-02 1.951942e+04 1.962975e+04 
3.628283e-02 1.694294e+04 1.751493e+04 
4.132323e-02 1.478865e+04 1.572737e+04 
4.636364e-02 1.314317e+04 1.420736e+04 
5.140404e-02 1.198670e+04 1.289715e+04 
5.644444e-02 1.118201e+04 1.175455e+04 
6.148485e-02 1.058250e+04 1.074950e+04 
6.652525e-02 1.004717e+04 9.859809e+03 
7.156566e-02 9.476685e+03 9.068376e+03 
7.660606e-02 8.820030e+03 8.361524e+03 
8.164646e-02 8.081090e+03 7.728029e+03 
8.668687e-02 7.305674e+03 7.158516e+03 
9.172727e-02 6.554459e+03 6.645060e+03 
9.676768e-02 5.882325e+03 6.180898e+03 
1.018081e-01 5.327974e+03 5.760233e+03 
1.068485e-01 4.906723e+03 5.378062e+03 
1.118889e-01 4.607549e+03 5.030056e+03 
1.169293e-01 4.400774e+03 4.712455e+03 
1.219697e-01 4.248790e+03 4.421981e+03 
1.270101e-01 4.115281e+03 4.155773e+03 
1.320505e-01 3.970129e+03 3.911319e+03 
1.370909e-01 3.794367e+03 3.686415e+03 
1.421313e-01 3.584031e+03 3.479118e+03 
1.471717e-01 3.348213e+03 3.287714e+03 
1.522121e-01 3.103113e+03 3.110685e+03 
1.572525e-01 2.866760e+03 2.946684e+03 
1.622929e-01 2.655534e+03 2.794513e+03 
1.673333e-01 2.480815e+03 2.653104e+03 
1.723737e-01 2.346157e+03 2.521506e+03 
1.774141e-01 2.246718e+03 2.398864e+03 
1.824545e-01 2.172870e+03 2.284415e+03 
1.874949e-01 2.113664e+03 2.177471e+03 
1.925354e-01 2.058702e+03 2.077413e+03 
1.975758e-01 1.998901e+03 1.983684e+03 
2.026162e-01 1.928232e+03 1.895780e+03 
2.076566e-01 1.845388e+03 1.813245e+03 
2.126970e-01 1.753579e+03 1.735665e+03 
2.177374e-01 1.658573e+03 1.662666e+03 
2.227778e-01 1.566391e+03 1.593906e+03 
2.278182e-01 1.482058e+03 1.529074e+03 
2.328586e-01 1.409070e+03 1.467887e+03 
2.378990e-01 1.348825e+03 1.410085e+03 
2.429394e-01 1.300535e+03 1.355432e+03 
2.479798e-01 1.261715e+03 1.303710e+03 
2.530202e-01 1.228851e+03 1.254721e+03 
2.580606e-01 1.198160e+03 1.208281e+03 
2.631010e-01 1.166432e+03 1.164224e+03 
2.681414e-01 1.131689e+03 1.122392e+03 
2.731818e-01 1.093427e+03 1.082645e+03 
2.782222e-01 1.052354e+03 1.044850e+03 
2.832626e-01 1.009960e+03 1.008885e+03 
2.883030e-01 9.681102e+02 9.746385e+02 
2.933434e-01 9.286061e+02 9.420056e+02 
2.983838e-01 8.928288e+02 9.108898e+02 
3.034242e-01 8.614609e+02 8.812016e+02 
3.084646e-01 8.344166e+02 8.528576e+02 
3.135051e-01 8.110164e+02 8.257804e+02 
3.185455e-01 7.902079e+02 7.998980e+02 
3.235859e-01 7.707989e+02 7.751434e+02 
3.286263e-01 7.517040e+02 7.514540e+02 
3.336667e-01 7.321156e+02 7.287714e+02 
3.387071e-01 7.116816e+02 7.070412e+02 
3.437475e-01 6.904678e+02 6.862125e+02 
3.487879e-01 6.688377e+02 6.662375e+02 
3.538283e-01 6.473535e+02 6.470717e+02 
3.588687e-01 6.266288e+02 6.286734e+02 
3.639091e-01 6.071728e+02 6.110033e+02 
3.689495e-01 5.892764e+02 5.940247e+02 
3.739899e-01 5.729712e+02 5.777031e+02 
3.790303e-01 5.581260e+02 5.620061e+02 
3.840707e-01 5.444861e+02 5.469032e+02 
3.891111e-01 5.316918e+02 5.323656e+02 
3.941515e-01 5.193577e+02 5.183664e+02 
3.991919e-01 5.071522e+02 5.048802e+02 
4.042323e-01 4.948873e+02 4.918828e+02 
4.092727e-01 4.825249e+02 4.793518e+02 
4.143131e-01 4.701406e+02 4.672658e+02 
4.193535e-01 4.578787e+02 4.556044e+02 
4.243939e-01 4.458983e+02 4.443488e+02 
4.294343e-01 4.343559e+02 4.334809e+02 
4.344747e-01 4.233974e+02 4.229835e+02 
4.395152e-01 4.130981e+02 4.128406e+02 
4.445556e-01 4.034320e+02 4.030369e+02 
4.495960e-01 3.943165e+02 3.935578e+02 
4.546364e-01 3.856466e+02 3.843897e+02 
4.596768e-01 3.773243e+02 3.755194e+02 
4.647172e-01 3.692346e+02 3.669347e+02 
4.697576e-01 3.612755e+02 3.586236e+02 
4.747980e-01 3.533980e+02 3.505752e+02 
4.798384e-01 3.455973e+02 3.427788e+02 
4.848788e-01 3.379097e+02 3.352242e+02 
4.899192e-01 3.303815e+02 3.279019e+02 
4.949596e-01 3.230577e+02 3.208028e+02 
5.000000e-01 3.159802e+02 3.139181e+02 
