1.000000e-03 3.549582e+03 3.549579e+03 
6.040404e-03 1.597606e+04 1.609971e+04 
1.108081e-02 2.195102e+04 2.209756e+04 
1.612121e-02 2.388772e+04 2.401862e+04 
2.116162e-02 2.332964e+04 2.327633e+04 
2.620202e-02 2.140410e+04 2.124490e+04 
3.124242e-02 1.895336e+04 1.902173e+04 
3.628283e-02 1.654708e+04 1.704019e+04 
4.132323e-02 1.450054e+04 1.535108e+04 
4.636364e-02 1.291180e+04 1.390645e+04 
5.140404e-02 1.177664e+04 1.265544e+04 
5.644444e-02 1.097940e+04 1.156006e+04 
6.148485e-02 1.038045e+04 1.059306e+04 
6.652525e-02 9.862808e+03 9.734251e+03 
7.156566e-02 9.321693e+03 8.968001e+03 
7.660606e-02 8.702163e+03 8.281771e+03 
8.164646e-02 8.002986e+03 7.665220e+03 
8.668687e-02 7.264869e+03 7.109669e+03 
9.172727e-02 6.542733e+03 6.607740e+03 
9.676768e-02 5.886491e+03 6.153115e+03 
1.018081e-01 5.333718e+03 5.740349e+03 
1.068485e-01 4.903927e+03 5.364726e+03 
1.118889e-01 4.593164e+03 5.022150e+03 
1.169293e-01 4.376361e+03 4.709050e+03 
1.219697e-01 4.218110e+03 4.422306e+03 
1.270101e-01 4.083491e+03 4.159180e+03 
1.320505e-01 3.943838e+03 3.917269e+03 
1.370909e-01 3.779738e+03 3.694456e+03 
1.421313e-01 3.583738e+03 3.488871e+03 
1.471717e-01 3.360685e+03 3.298858e+03 
1.522121e-01 3.124421e+03 3.122951e+03 
1.572525e-01 2.892408e+03 2.959845e+03 
1.622929e-01 2.680789e+03 2.808378e+03 
1.673333e-01 2.501419e+03 2.667512e+03 
1.723737e-01 2.359415e+03 2.536319e+03 
1.774141e-01 2.252439e+03 2.413969e+03 
1.824545e-01 2.172989e+03 2.299713e+03 
1.874949e-01 2.111063e+03 2.192881e+03 
1.925354e-01 2.056333e+03 2.092867e+03 
1.975758e-01 1.999380e+03 1.999124e+03 
2.026162e-01 1.933593e+03 1.911157e+03 
2.076566e-01 1.856418e+03 1.828519e+03 
2.126970e-01 1.769582e+03 1.750804e+03 
2.177374e-01 1.677665e+03 1.677641e+03 
2.227778e-01 1.586198e+03 1.608694e+03 
2.278182e-01 1.500507e+03 1.543657e+03 
2.328586e-01 1.424768e+03 1.482250e+03 
2.378990e-01 1.361121e+03 1.424217e+03 
2.429394e-01 1.309429e+03 1.369323e+03 
2.479798e-01 1.267764e+03 1.317355e+03 
2.530202e-01 1.233231e+03 1.268114e+03 
2.580606e-01 1.202443e+03 1.221420e+03 
2.631010e-01 1.172048e+03 1.177105e+03 
2.681414e-01 1.139392e+03 1.135017e+03 
2.731818e-01 1.103257e+03 1.095013e+03 
2.782222e-01 1.063963e+03 1.056962e+03 
2.832626e-01 1.022780e+03 1.020744e+03 
2.883030e-01 9.813536e+02 9.862467e+02 
2.933434e-01 9.413440e+02 9.533661e+02 
2.983838e-01 9.042639e+02 9.220061e+02 
3.034242e-01 8.712199e+02 8.920773e+02 
3.084646e-01 8.425811e+02 8.634970e+02 
3.135051e-01 8.179305e+02 8.361877e+02 
3.185455e-01 7.963013e+02 8.100777e+02 
3.235859e-01 7.765779e+02 7.851000e+02 
3.286263e-01 7.577132e+02 7.611921e+02 
3.336667e-01 7.388199e+02 7.382958e+02 
3.387071e-01 7.192562e+02 7.163567e+02 
3.437475e-01 6.987836e+02 6.953236e+02 
3.487879e-01 6.776108e+02 6.751491e+02 
3.538283e-01 6.562739e+02 6.557885e+02 
3.588687e-01 6.353875e+02 6.372000e+02 
3.639091e-01 6.154641e+02 6.193443e+02 
3.689495e-01 5.968735e+02 6.021847e+02 
3.739899e-01 5.798242e+02 5.856865e+02 
3.790303e-01 5.643392e+02 5.698173e+02 
3.840707e-01 5.502486e+02 5.545465e+02 
3.891111e-01 5.372119e+02 5.398453e+02 
3.941515e-01 5.248243e+02 5.256866e+02 
3.991919e-01 5.127419e+02 5.120449e+02 
4.042323e-01 5.007231e+02 4.988961e+02 
4.092727e-01 4.886379e+02 4.862174e+02 
4.143131e-01 4.764480e+02 4.739875e+02 
4.193535e-01 4.642354e+02 4.621860e+02 
4.243939e-01 4.521717e+02 4.507938e+02 
4.294343e-01 4.404597e+02 4.397928e+02 
4.344747e-01 4.292485e+02 4.291657e+02 
4.395152e-01 4.186273e+02 4.188965e+02 
4.445556e-01 4.086302e+02 4.089696e+02 
4.495960e-01 3.992456e+02 3.993705e+02 
4.546364e-01 3.904061e+02 3.900854e+02 
4.596768e-01 3.819885e+02 3.811012e+02 
4.647172e-01 3.738602e+02 3.724053e+02 
4.697576e-01 3.659151e+02 3.639860e+02 
4.747980e-01 3.580867e+02 3.558320e+02 
4.798384e-01 3.503436e+02 3.479327e+02 
4.848788e-01 3.426780e+02 3.402778e+02 
4.899192e-01 3.351128e+02 3.328577e+02 
4.949596e-01 3.276989e+02 3.256632e+02 
5.000000e-01 3.205008e+02 3.186855e+02 
