1.000000e-03 5.789444e+03 5.789439e+03 
6.040404e-03 2.485854e+04 2.505793e+04 
1.108081e-02 3.309728e+04 3.340091e+04 
1.612121e-02 3.490272e+04 3.526904e+04 
2.116162e-02 3.289535e+04 3.292204e+04 
2.620202e-02 2.895882e+04 2.868404e+04 
3.124242e-02 2.447969e+04 2.450033e+04 
3.628283e-02 2.035562e+04 2.107104e+04 
4.132323e-02 1.703569e+04 1.836715e+04 
4.636364e-02 1.460546e+04 1.620567e+04 
5.140404e-02 1.300840e+04 1.443469e+04 
5.644444e-02 1.200896e+04 1.295155e+04 
6.148485e-02 1.137671e+04 1.168843e+04 
6.652525e-02 1.088850e+04 1.059919e+04 
7.156566e-02 1.037726e+04 9.650972e+03 
7.660606e-02 9.734880e+03 8.819386e+03 
8.164646e-02 8.931535e+03 8.085674e+03 
8.668687e-02 8.013402e+03 7.435011e+03 
9.172727e-02 7.068399e+03 6.855432e+03 
9.676768e-02 6.189810e+03 6.337127e+03 
1.018081e-01 5.449744e+03 5.871955e+03 
1.068485e-01 4.884934e+03 5.453090e+03 
1.118889e-01 4.495703e+03 5.074768e+03 
1.169293e-01 4.254801e+03 4.732086e+03 
1.219697e-01 4.118858e+03 4.420853e+03 
1.270101e-01 4.037648e+03 4.137464e+03 
1.320505e-01 3.961787e+03 3.878809e+03 
1.370909e-01 3.852147e+03 3.642189e+03 
1.421313e-01 3.687919e+03 3.425259e+03 
1.471717e-01 3.467621e+03 3.225968e+03 
1.522121e-01 3.204945e+03 3.042522e+03 
1.572525e-01 2.924321e+03 2.873342e+03 
1.622929e-01 2.655234e+03 2.717038e+03 
1.673333e-01 2.422592e+03 2.572380e+03 
1.723737e-01 2.239866e+03 2.438280e+03 
1.774141e-01 2.108507e+03 2.313769e+03 
1.824545e-01 2.022153e+03 2.197985e+03 
1.874949e-01 1.970133e+03 2.090160e+03 
1.925354e-01 1.938463e+03 1.989604e+03 
1.975758e-01 1.911076e+03 1.895702e+03 
2.026162e-01 1.873651e+03 1.807897e+03 
2.076566e-01 1.817701e+03 1.725691e+03 
2.126970e-01 1.741577e+03 1.648634e+03 
2.177374e-01 1.648854e+03 1.576318e+03 
2.227778e-01 1.546586e+03 1.508375e+03 
2.278182e-01 1.443667e+03 1.444472e+03 
2.328586e-01 1.348780e+03 1.384304e+03 
2.378990e-01 1.268317e+03 1.327596e+03 
2.429394e-01 1.205159e+03 1.274096e+03 
2.479798e-01 1.158870e+03 1.223574e+03 
2.530202e-01 1.126629e+03 1.175821e+03 
2.580606e-01 1.103938e+03 1.130643e+03 
2.631010e-01 1.085376e+03 1.087866e+03 
2.681414e-01 1.065781e+03 1.047328e+03 
2.731818e-01 1.041394e+03 1.008880e+03 
2.782222e-01 1.010432e+03 9.723853e+02 
2.832626e-01 9.730186e+02 9.377181e+02 
2.883030e-01 9.308073e+02 9.047623e+02 
2.933434e-01 8.864805e+02 8.734107e+02 
2.983838e-01 8.431499e+02 8.435641e+02 
3.034242e-01 8.036341e+02 8.151307e+02 
3.084646e-01 7.697435e+02 7.880256e+02 
3.135051e-01 7.420521e+02 7.621699e+02 
3.185455e-01 7.201309e+02 7.374904e+02 
3.235859e-01 7.027998e+02 7.139190e+02 
3.286263e-01 6.884243e+02 6.913926e+02 
3.336667e-01 6.751711e+02 6.698521e+02 
3.387071e-01 6.613401e+02 6.492427e+02 
3.437475e-01 6.457385e+02 6.295132e+02 
3.487879e-01 6.279557e+02 6.106158e+02 
3.538283e-01 6.082426e+02 5.925057e+02 
3.588687e-01 5.872798e+02 5.751412e+02 
3.639091e-01 5.659947e+02 5.584833e+02 
3.689495e-01 5.453772e+02 5.424953e+02 
3.739899e-01 5.263237e+02 5.271428e+02 
3.790303e-01 5.094286e+02 5.123938e+02 
3.840707e-01 4.948435e+02 4.982179e+02 
3.891111e-01 4.823545e+02 4.845868e+02 
3.941515e-01 4.715137e+02 4.714738e+02 
3.991919e-01 4.617336e+02 4.588538e+02 
4.042323e-01 4.523795e+02 4.467032e+02 
4.092727e-01 4.428845e+02 4.349997e+02 
4.143131e-01 4.328911e+02 4.237222e+02 
4.193535e-01 4.222783e+02 4.128511e+02 
4.243939e-01 4.111346e+02 4.023676e+02 
4.294343e-01 3.996959e+02 3.922542e+02 
4.344747e-01 3.882638e+02 3.824940e+02 
4.395152e-01 3.771967e+02 3.730715e+02 
4.445556e-01 3.668105e+02 3.639717e+02 
4.495960e-01 3.572727e+02 3.551804e+02 
4.546364e-01 3.486111e+02 3.466844e+02 
4.596768e-01 3.407625e+02 3.384709e+02 
4.647172e-01 3.335800e+02 3.305279e+02 
4.697576e-01 3.268516e+02 3.228442e+02 
4.747980e-01 3.203565e+02 3.154088e+02 
4.798384e-01 3.138848e+02 3.082116e+02 
4.848788e-01 3.073138e+02 3.012427e+02 
4.899192e-01 3.006180e+02 2.944930e+02 
4.949596e-01 2.938290e+02 2.879536e+02 
5.000000e-01 2.870080e+02 2.816161e+02 
