1.000000e-03 3.473516e+03 3.473512e+03 
6.040404e-03 1.539268e+04 1.550594e+04 
1.108081e-02 2.082077e+04 2.090932e+04 
1.612121e-02 2.241645e+04 2.242122e+04 
2.116162e-02 2.178604e+04 2.163805e+04 
2.620202e-02 2.002263e+04 1.990922e+04 
3.124242e-02 1.788788e+04 1.807309e+04 
3.628283e-02 1.585597e+04 1.639807e+04 
4.132323e-02 1.415940e+04 1.491468e+04 
4.636364e-02 1.284646e+04 1.360182e+04 
5.140404e-02 1.187042e+04 1.243545e+04 
5.644444e-02 1.111555e+04 1.139571e+04 
6.148485e-02 1.045816e+04 1.046640e+04 
6.652525e-02 9.808045e+03 9.633946e+03 
7.156566e-02 9.115406e+03 8.886709e+03 
7.660606e-02 8.375565e+03 8.214594e+03 
8.164646e-02 7.622410e+03 7.608797e+03 
8.668687e-02 6.905534e+03 7.061630e+03 
9.172727e-02 6.267355e+03 6.566374e+03 
9.676768e-02 5.734824e+03 6.117154e+03 
1.018081e-01 5.317270e+03 5.708836e+03 
1.068485e-01 5.002301e+03 5.336922e+03 
1.118889e-01 4.760728e+03 4.997476e+03 
1.169293e-01 4.557510e+03 4.687044e+03 
1.219697e-01 4.362551e+03 4.402594e+03 
1.270101e-01 4.155900e+03 4.141457e+03 
1.320505e-01 3.928809e+03 3.901281e+03 
1.370909e-01 3.685002e+03 3.679991e+03 
1.421313e-01 3.436894e+03 3.475750e+03 
1.471717e-01 3.198940e+03 3.286929e+03 
1.522121e-01 2.983047e+03 3.112083e+03 
1.572525e-01 2.797544e+03 2.949925e+03 
1.622929e-01 2.646095e+03 2.799309e+03 
1.673333e-01 2.525794e+03 2.659208e+03 
1.723737e-01 2.427959e+03 2.528706e+03 
1.774141e-01 2.342102e+03 2.406980e+03 
1.824545e-01 2.259651e+03 2.293291e+03 
1.874949e-01 2.174923e+03 2.186974e+03 
1.925354e-01 2.084681e+03 2.087429e+03 
1.975758e-01 1.988557e+03 1.994113e+03 
2.026162e-01 1.889566e+03 1.906538e+03 
2.076566e-01 1.792640e+03 1.824258e+03 
2.126970e-01 1.702280e+03 1.746870e+03 
2.177374e-01 1.621251e+03 1.674009e+03 
2.227778e-01 1.550561e+03 1.605340e+03 
2.278182e-01 1.489817e+03 1.540558e+03 
2.328586e-01 1.437349e+03 1.479387e+03 
2.378990e-01 1.390608e+03 1.421571e+03 
2.429394e-01 1.346824e+03 1.366878e+03 
2.479798e-01 1.303652e+03 1.315096e+03 
2.530202e-01 1.259599e+03 1.266027e+03 
2.580606e-01 1.214260e+03 1.219492e+03 
2.631010e-01 1.168256e+03 1.175325e+03 
2.681414e-01 1.122784e+03 1.133374e+03 
2.731818e-01 1.079124e+03 1.093498e+03 
2.782222e-01 1.038265e+03 1.055566e+03 
2.832626e-01 1.000792e+03 1.019458e+03 
2.883030e-01 9.668890e+02 9.850639e+02 
2.933434e-01 9.362216e+02 9.522791e+02 
2.983838e-01 9.081174e+02 9.210085e+02 
3.034242e-01 8.817538e+02 8.911632e+02 
3.084646e-01 8.563816e+02 8.626607e+02 
3.135051e-01 8.314435e+02 8.354242e+02 
3.185455e-01 8.066263e+02 8.093821e+02 
3.235859e-01 7.819151e+02 7.844680e+02 
3.286263e-01 7.575309e+02 7.606196e+02 
3.336667e-01 7.338034e+02 7.377790e+02 
3.387071e-01 7.110409e+02 7.158919e+02 
3.437475e-01 6.894874e+02 6.949076e+02 
3.487879e-01 6.692903e+02 6.747788e+02 
3.538283e-01 6.504267e+02 6.554610e+02 
3.588687e-01 6.327142e+02 6.369126e+02 
3.639091e-01 6.159221e+02 6.190946e+02 
3.689495e-01 5.998315e+02 6.019703e+02 
3.739899e-01 5.842732e+02 5.855052e+02 
3.790303e-01 5.691081e+02 5.696671e+02 
3.840707e-01 5.542325e+02 5.544254e+02 
3.891111e-01 5.396349e+02 5.397516e+02 
3.941515e-01 5.253856e+02 5.256186e+02 
3.991919e-01 5.115933e+02 5.120010e+02 
4.042323e-01 4.983298e+02 4.988748e+02 
4.092727e-01 4.856214e+02 4.862175e+02 
4.143131e-01 4.734724e+02 4.740075e+02 
4.193535e-01 4.618742e+02 4.622247e+02 
4.243939e-01 4.507912e+02 4.508501e+02 
4.294343e-01 4.401460e+02 4.398656e+02 
4.344747e-01 4.298535e+02 4.292541e+02 
4.395152e-01 4.198627e+02 4.189994e+02 
4.445556e-01 4.101465e+02 4.090861e+02 
4.495960e-01 4.006858e+02 3.994999e+02 
4.546364e-01 3.914683e+02 3.902268e+02 
4.596768e-01 3.824904e+02 3.812538e+02 
4.647172e-01 3.737822e+02 3.725685e+02 
4.697576e-01 3.653608e+02 3.641590e+02 
4.747980e-01 3.572322e+02 3.560143e+02 
4.798384e-01 3.493874e+02 3.481236e+02 
4.848788e-01 3.418096e+02 3.404768e+02 
4.899192e-01 3.344890e+02 3.330643e+02 
4.949596e-01 3.274067e+02 3.258769e+02 
5.000000e-01 3.205348e+02 3.189058e+02 
