1.000000e-03 2.846002e+03 2.845999e+03 
6.040404e-03 1.271412e+04 1.280312e+04 
1.108081e-02 1.728696e+04 1.730785e+04 
1.612121e-02 1.880491e+04 1.870267e+04 
2.116162e-02 1.859031e+04 1.839046e+04 
2.620202e-02 1.749329e+04 1.736667e+04 
3.124242e-02 1.607178e+04 1.615798e+04 
3.628283e-02 1.465905e+04 1.495118e+04 
4.132323e-02 1.341425e+04 1.380447e+04 
4.636364e-02 1.236568e+04 1.273694e+04 
5.140404e-02 1.149955e+04 1.175396e+04 
5.644444e-02 1.073029e+04 1.085467e+04 
6.148485e-02 1.000681e+04 1.003511e+04 
6.652525e-02 9.294246e+03 9.289754e+03 
7.156566e-02 8.584467e+03 8.612488e+03 
7.660606e-02 7.893186e+03 7.997112e+03 
8.164646e-02 7.249806e+03 7.437668e+03 
8.668687e-02 6.677393e+03 6.928590e+03 
9.172727e-02 6.184644e+03 6.464781e+03 
9.676768e-02 5.770829e+03 6.041618e+03 
1.018081e-01 5.427237e+03 5.654953e+03 
1.068485e-01 5.134182e+03 5.301070e+03 
1.118889e-01 4.867404e+03 4.976662e+03 
1.169293e-01 4.608485e+03 4.678780e+03 
1.219697e-01 4.350085e+03 4.404806e+03 
1.270101e-01 4.092750e+03 4.152408e+03 
1.320505e-01 3.841794e+03 3.919513e+03 
1.370909e-01 3.605066e+03 3.704275e+03 
1.421313e-01 3.389452e+03 3.505049e+03 
1.471717e-01 3.198016e+03 3.320366e+03 
1.522121e-01 3.030216e+03 3.148915e+03 
1.572525e-01 2.883751e+03 2.989520e+03 
1.622929e-01 2.754495e+03 2.841129e+03 
1.673333e-01 2.636193e+03 2.702797e+03 
1.723737e-01 2.522978e+03 2.573675e+03 
1.774141e-01 2.411769e+03 2.452998e+03 
1.824545e-01 2.302296e+03 2.340074e+03 
1.874949e-01 2.195540e+03 2.234282e+03 
1.925354e-01 2.092740e+03 2.135057e+03 
1.975758e-01 1.995647e+03 2.041887e+03 
2.026162e-01 1.906020e+03 1.954310e+03 
2.076566e-01 1.824457e+03 1.871902e+03 
2.126970e-01 1.750339e+03 1.794280e+03 
2.177374e-01 1.682358e+03 1.721095e+03 
2.227778e-01 1.619073e+03 1.652027e+03 
2.278182e-01 1.559204e+03 1.586784e+03 
2.328586e-01 1.501740e+03 1.525099e+03 
2.378990e-01 1.446180e+03 1.466726e+03 
2.429394e-01 1.392354e+03 1.411442e+03 
2.479798e-01 1.340326e+03 1.359040e+03 
2.530202e-01 1.290398e+03 1.309329e+03 
2.580606e-01 1.243041e+03 1.262136e+03 
2.631010e-01 1.198608e+03 1.217298e+03 
2.681414e-01 1.157039e+03 1.174666e+03 
2.731818e-01 1.117982e+03 1.134104e+03 
2.782222e-01 1.081078e+03 1.095484e+03 
2.832626e-01 1.046077e+03 1.058687e+03 
2.883030e-01 1.012684e+03 1.023606e+03 
2.933434e-01 9.805749e+02 9.901370e+02 
2.983838e-01 9.495690e+02 9.581876e+02 
3.034242e-01 9.196700e+02 9.276698e+02 
3.084646e-01 8.909484e+02 8.985020e+02 
3.135051e-01 8.634139e+02 8.706084e+02 
3.185455e-01 8.370628e+02 8.439182e+02 
3.235859e-01 8.119070e+02 8.183654e+02 
3.286263e-01 7.879477e+02 7.938883e+02 
3.336667e-01 7.651156e+02 7.704293e+02 
3.387071e-01 7.432717e+02 7.479346e+02 
3.437475e-01 7.223089e+02 7.263537e+02 
3.487879e-01 7.021519e+02 7.056393e+02 
3.538283e-01 6.827443e+02 6.857471e+02 
3.588687e-01 6.640243e+02 6.666355e+02 
3.639091e-01 6.459547e+02 6.482655e+02 
3.689495e-01 6.285417e+02 6.306005e+02 
3.739899e-01 6.117937e+02 6.136059e+02 
3.790303e-01 5.956825e+02 5.972492e+02 
3.840707e-01 5.801707e+02 5.815001e+02 
3.891111e-01 5.652311e+02 5.663296e+02 
3.941515e-01 5.508621e+02 5.517106e+02 
3.991919e-01 5.370320e+02 5.376176e+02 
4.042323e-01 5.236817e+02 5.240265e+02 
4.092727e-01 5.107751e+02 5.109143e+02 
4.143131e-01 4.982971e+02 4.982596e+02 
4.193535e-01 4.862499e+02 4.860419e+02 
4.243939e-01 4.746102e+02 4.742421e+02 
4.294343e-01 4.633415e+02 4.628418e+02 
4.344747e-01 4.524346e+02 4.518237e+02 
4.395152e-01 4.418977e+02 4.411715e+02 
4.445556e-01 4.317193e+02 4.308697e+02 
4.495960e-01 4.218697e+02 4.209036e+02 
4.546364e-01 4.123279e+02 4.112591e+02 
4.596768e-01 4.030844e+02 4.019229e+02 
4.647172e-01 3.941413e+02 3.928826e+02 
4.697576e-01 3.854806e+02 3.841260e+02 
4.747980e-01 3.770753e+02 3.756418e+02 
4.798384e-01 3.689169e+02 3.674192e+02 
4.848788e-01 3.610074e+02 3.594479e+02 
4.899192e-01 3.533387e+02 3.517180e+02 
4.949596e-01 3.458986e+02 3.442201e+02 
5.000000e-01 3.386726e+02 3.369454e+02 
