1.000000e-03 3.661962e+03 3.661959e+03 
6.040404e-03 1.611004e+04 1.623152e+04 
1.108081e-02 2.186263e+04 2.198631e+04 
1.612121e-02 2.358935e+04 2.366326e+04 
2.116162e-02 2.291446e+04 2.281073e+04 
2.620202e-02 2.097956e+04 2.084261e+04 
3.124242e-02 1.860764e+04 1.875197e+04 
3.628283e-02 1.633049e+04 1.688306e+04 
4.132323e-02 1.442411e+04 1.526719e+04 
4.636364e-02 1.295593e+04 1.386516e+04 
5.140404e-02 1.190070e+04 1.263748e+04 
5.644444e-02 1.112701e+04 1.155421e+04 
6.148485e-02 1.050555e+04 1.059296e+04 
6.652525e-02 9.921261e+03 9.736372e+03 
7.156566e-02 9.293711e+03 8.970435e+03 
7.660606e-02 8.593824e+03 8.283527e+03 
8.164646e-02 7.843331e+03 7.665829e+03 
8.668687e-02 7.093066e+03 7.108955e+03 
9.172727e-02 6.395120e+03 6.605690e+03 
9.676768e-02 5.790085e+03 6.149802e+03 
1.018081e-01 5.302928e+03 5.735885e+03 
1.068485e-01 4.936981e+03 5.359243e+03 
1.118889e-01 4.672939e+03 5.015780e+03 
1.169293e-01 4.476084e+03 4.701921e+03 
1.219697e-01 4.309934e+03 4.414534e+03 
1.270101e-01 4.144637e+03 4.150873e+03 
1.320505e-01 3.960307e+03 3.908522e+03 
1.370909e-01 3.748758e+03 3.685353e+03 
1.421313e-01 3.514280e+03 3.479485e+03 
1.471717e-01 3.270295e+03 3.289254e+03 
1.522121e-01 3.033230e+03 3.113184e+03 
1.572525e-01 2.817999e+03 2.949963e+03 
1.622929e-01 2.635173e+03 2.798423e+03 
1.673333e-01 2.489039e+03 2.657520e+03 
1.723737e-01 2.376663e+03 2.526320e+03 
1.774141e-01 2.289588e+03 2.403989e+03 
1.824545e-01 2.217335e+03 2.289775e+03 
1.874949e-01 2.150053e+03 2.183003e+03 
1.925354e-01 2.079722e+03 2.083065e+03 
1.975758e-01 2.001212e+03 1.989411e+03 
2.026162e-01 1.913468e+03 1.901545e+03 
2.076566e-01 1.819245e+03 1.819017e+03 
2.126970e-01 1.723545e+03 1.741418e+03 
2.177374e-01 1.631672e+03 1.668378e+03 
2.227778e-01 1.547987e+03 1.599559e+03 
2.278182e-01 1.475259e+03 1.534654e+03 
2.328586e-01 1.414214e+03 1.473382e+03 
2.378990e-01 1.363627e+03 1.415486e+03 
2.429394e-01 1.320933e+03 1.360730e+03 
2.479798e-01 1.283063e+03 1.308901e+03 
2.530202e-01 1.246922e+03 1.259799e+03 
2.580606e-01 1.209860e+03 1.213244e+03 
2.631010e-01 1.170316e+03 1.169067e+03 
2.681414e-01 1.128263e+03 1.127116e+03 
2.731818e-01 1.084820e+03 1.087249e+03 
2.782222e-01 1.041523e+03 1.049333e+03 
2.832626e-01 9.998274e+02 1.013249e+03 
2.883030e-01 9.609669e+02 9.788828e+02 
2.933434e-01 9.258740e+02 9.461321e+02 
2.983838e-01 8.948949e+02 9.149001e+02 
3.034242e-01 8.676348e+02 8.850973e+02 
3.084646e-01 8.431875e+02 8.566408e+02 
3.135051e-01 8.204948e+02 8.294532e+02 
3.185455e-01 7.986440e+02 8.034628e+02 
3.235859e-01 7.769408e+02 7.786024e+02 
3.286263e-01 7.549002e+02 7.548097e+02 
3.336667e-01 7.323728e+02 7.320263e+02 
3.387071e-01 7.096173e+02 7.101978e+02 
3.437475e-01 6.871196e+02 6.892733e+02 
3.487879e-01 6.653987e+02 6.692050e+02 
3.538283e-01 6.448391e+02 6.499485e+02 
3.588687e-01 6.256731e+02 6.314619e+02 
3.639091e-01 6.079737e+02 6.137061e+02 
3.689495e-01 5.916617e+02 5.966441e+02 
3.739899e-01 5.765115e+02 5.802416e+02 
3.790303e-01 5.621893e+02 5.644660e+02 
3.840707e-01 5.483759e+02 5.492868e+02 
3.891111e-01 5.348443e+02 5.346752e+02 
3.941515e-01 5.214461e+02 5.206042e+02 
3.991919e-01 5.081214e+02 5.070483e+02 
4.042323e-01 4.948966e+02 4.939835e+02 
4.092727e-01 4.818998e+02 4.813870e+02 
4.143131e-01 4.692838e+02 4.692374e+02 
4.193535e-01 4.571873e+02 4.575146e+02 
4.243939e-01 4.456642e+02 4.461993e+02 
4.294343e-01 4.347311e+02 4.352736e+02 
4.344747e-01 4.243777e+02 4.247202e+02 
4.395152e-01 4.145506e+02 4.145230e+02 
4.445556e-01 4.051574e+02 4.046666e+02 
4.495960e-01 3.960826e+02 3.951366e+02 
4.546364e-01 3.872311e+02 3.859190e+02 
4.596768e-01 3.785618e+02 3.770008e+02 
4.647172e-01 3.700644e+02 3.683697e+02 
4.697576e-01 3.617269e+02 3.600137e+02 
4.747980e-01 3.535524e+02 3.519217e+02 
4.798384e-01 3.455880e+02 3.440830e+02 
4.848788e-01 3.378743e+02 3.364875e+02 
4.899192e-01 3.304491e+02 3.291255e+02 
4.949596e-01 3.233091e+02 3.219879e+02 
5.000000e-01 3.164368e+02 3.150660e+02 
