1.000000e-03 2.939776e+03 2.939773e+03 
6.040404e-03 1.275927e+04 1.284880e+04 
1.108081e-02 1.715606e+04 1.715863e+04 
1.612121e-02 1.857498e+04 1.843718e+04 
2.116162e-02 1.836319e+04 1.813427e+04 
2.620202e-02 1.733770e+04 1.717704e+04 
3.124242e-02 1.601044e+04 1.602631e+04 
3.628283e-02 1.467598e+04 1.485516e+04 
4.132323e-02 1.347003e+04 1.372796e+04 
4.636364e-02 1.241815e+04 1.267075e+04 
5.140404e-02 1.152129e+04 1.169326e+04 
5.644444e-02 1.069799e+04 1.079703e+04 
6.148485e-02 9.924022e+03 9.979339e+03 
6.652525e-02 9.179130e+03 9.235310e+03 
7.156566e-02 8.464240e+03 8.559143e+03 
7.660606e-02 7.792368e+03 7.944801e+03 
8.164646e-02 7.183159e+03 7.386398e+03 
8.668687e-02 6.647082e+03 6.878398e+03 
9.172727e-02 6.182775e+03 6.415705e+03 
9.676768e-02 5.783783e+03 5.993696e+03 
1.018081e-01 5.438942e+03 5.608210e+03 
1.068485e-01 5.130651e+03 5.255525e+03 
1.118889e-01 4.841495e+03 4.932321e+03 
1.169293e-01 4.561496e+03 4.635642e+03 
1.219697e-01 4.289756e+03 4.362861e+03 
1.270101e-01 4.029124e+03 4.111642e+03 
1.320505e-01 3.784563e+03 3.879906e+03 
1.370909e-01 3.560916e+03 3.665803e+03 
1.421313e-01 3.360302e+03 3.467686e+03 
1.471717e-01 3.181178e+03 3.284083e+03 
1.522121e-01 3.020429e+03 3.113681e+03 
1.572525e-01 2.875327e+03 2.955305e+03 
1.622929e-01 2.742229e+03 2.807902e+03 
1.673333e-01 2.616741e+03 2.670526e+03 
1.723737e-01 2.495694e+03 2.542329e+03 
1.774141e-01 2.378817e+03 2.422545e+03 
1.824545e-01 2.267245e+03 2.310485e+03 
1.874949e-01 2.161758e+03 2.205527e+03 
1.925354e-01 2.062750e+03 2.107106e+03 
1.975758e-01 1.970690e+03 2.014713e+03 
2.026162e-01 1.885960e+03 1.927884e+03 
2.076566e-01 1.807919e+03 1.846198e+03 
2.126970e-01 1.735336e+03 1.769274e+03 
2.177374e-01 1.667029e+03 1.696760e+03 
2.227778e-01 1.602190e+03 1.628341e+03 
2.278182e-01 1.540356e+03 1.563723e+03 
2.328586e-01 1.481271e+03 1.502641e+03 
2.378990e-01 1.424850e+03 1.444851e+03 
2.429394e-01 1.371031e+03 1.390128e+03 
2.479798e-01 1.319864e+03 1.338268e+03 
2.530202e-01 1.271472e+03 1.289081e+03 
2.580606e-01 1.225872e+03 1.242393e+03 
2.631010e-01 1.182888e+03 1.198043e+03 
2.681414e-01 1.142200e+03 1.155883e+03 
2.731818e-01 1.103525e+03 1.115777e+03 
2.782222e-01 1.066661e+03 1.077597e+03 
2.832626e-01 1.031445e+03 1.041226e+03 
2.883030e-01 9.977258e+02 1.006556e+03 
2.933434e-01 9.654115e+02 9.734852e+02 
2.983838e-01 9.344836e+02 9.419209e+02 
3.034242e-01 9.049282e+02 9.117758e+02 
3.084646e-01 8.766875e+02 8.829687e+02 
3.135051e-01 8.496869e+02 8.554244e+02 
3.185455e-01 8.238997e+02 8.290724e+02 
3.235859e-01 7.992598e+02 8.038473e+02 
3.286263e-01 7.756693e+02 7.796877e+02 
3.336667e-01 7.530407e+02 7.565364e+02 
3.387071e-01 7.313172e+02 7.343400e+02 
3.437475e-01 7.104566e+02 7.130483e+02 
3.487879e-01 6.904103e+02 6.926144e+02 
3.538283e-01 6.711207e+02 6.729944e+02 
3.588687e-01 6.525613e+02 6.541469e+02 
3.639091e-01 6.347304e+02 6.360333e+02 
3.689495e-01 6.176030e+02 6.186172e+02 
3.739899e-01 6.011225e+02 6.018643e+02 
3.790303e-01 5.852418e+02 5.857424e+02 
3.840707e-01 5.699450e+02 5.702214e+02 
3.891111e-01 5.552230e+02 5.552725e+02 
3.941515e-01 5.410416e+02 5.408691e+02 
3.991919e-01 5.273469e+02 5.269856e+02 
4.042323e-01 5.141194e+02 5.135982e+02 
4.092727e-01 5.013602e+02 5.006842e+02 
4.143131e-01 4.890518e+02 4.882222e+02 
4.193535e-01 4.771599e+02 4.761922e+02 
4.243939e-01 4.656623e+02 4.645750e+02 
4.294343e-01 4.545518e+02 4.533524e+02 
4.344747e-01 4.438239e+02 4.425075e+02 
4.395152e-01 4.334552e+02 4.320240e+02 
4.445556e-01 4.234143e+02 4.218864e+02 
4.495960e-01 4.136879e+02 4.120802e+02 
4.546364e-01 4.042811e+02 4.025917e+02 
4.596768e-01 3.951806e+02 3.934076e+02 
4.647172e-01 3.863610e+02 3.845154e+02 
4.697576e-01 3.778062e+02 3.759034e+02 
4.747980e-01 3.695169e+02 3.675601e+02 
4.798384e-01 3.614931e+02 3.594750e+02 
4.848788e-01 3.537101e+02 3.516378e+02 
4.899192e-01 3.461516e+02 3.440388e+02 
4.949596e-01 3.388161e+02 3.366687e+02 
5.000000e-01 3.317035e+02 3.295187e+02 
