1.000000e-03 3.095940e+03 3.095937e+03 
6.040404e-03 1.368157e+04 1.377855e+04 
1.108081e-02 1.857040e+04 1.862207e+04 
1.612121e-02 2.012403e+04 2.007403e+04 
2.116162e-02 1.975108e+04 1.958251e+04 
2.620202e-02 1.839203e+04 1.828655e+04 
3.124242e-02 1.668818e+04 1.683973e+04 
3.628283e-02 1.503331e+04 1.545851e+04 
4.132323e-02 1.361678e+04 1.418838e+04 
4.636364e-02 1.247669e+04 1.303212e+04 
5.140404e-02 1.159395e+04 1.198351e+04 
5.644444e-02 1.084905e+04 1.103439e+04 
6.148485e-02 1.016833e+04 1.017614e+04 
6.652525e-02 9.490504e+03 9.400247e+03 
7.156566e-02 8.786545e+03 8.698541e+03 
7.660606e-02 8.066963e+03 8.063413e+03 
8.164646e-02 7.368872e+03 7.487879e+03 
8.668687e-02 6.730785e+03 6.965615e+03 
9.172727e-02 6.176483e+03 6.490946e+03 
9.676768e-02 5.716742e+03 6.058811e+03 
1.018081e-01 5.349907e+03 5.664712e+03 
1.068485e-01 5.058822e+03 5.304661e+03 
1.118889e-01 4.814215e+03 4.975129e+03 
1.169293e-01 4.586664e+03 4.672992e+03 
1.219697e-01 4.357288e+03 4.395486e+03 
1.270101e-01 4.118741e+03 4.140163e+03 
1.320505e-01 3.872040e+03 3.904852e+03 
1.370909e-01 3.625393e+03 3.687626e+03 
1.421313e-01 3.389853e+03 3.486774e+03 
1.471717e-01 3.175213e+03 3.300771e+03 
1.522121e-01 2.987500e+03 3.128259e+03 
1.572525e-01 2.828476e+03 2.968023e+03 
1.622929e-01 2.695774e+03 2.818978e+03 
1.673333e-01 2.582986e+03 2.680151e+03 
1.723737e-01 2.481556e+03 2.550668e+03 
1.774141e-01 2.384186e+03 2.429745e+03 
1.824545e-01 2.286461e+03 2.316673e+03 
1.874949e-01 2.186657e+03 2.210815e+03 
1.925354e-01 2.085195e+03 2.111595e+03 
1.975758e-01 1.984413e+03 2.018490e+03 
2.026162e-01 1.887826e+03 1.931026e+03 
2.076566e-01 1.798501e+03 1.848775e+03 
2.126970e-01 1.718002e+03 1.771346e+03 
2.177374e-01 1.646488e+03 1.698383e+03 
2.227778e-01 1.583058e+03 1.629561e+03 
2.278182e-01 1.525978e+03 1.564585e+03 
2.328586e-01 1.473046e+03 1.503183e+03 
2.378990e-01 1.422329e+03 1.445107e+03 
2.429394e-01 1.372642e+03 1.390129e+03 
2.479798e-01 1.323301e+03 1.338042e+03 
2.530202e-01 1.274204e+03 1.288652e+03 
2.580606e-01 1.225891e+03 1.241783e+03 
2.631010e-01 1.179364e+03 1.197273e+03 
2.681414e-01 1.135581e+03 1.154970e+03 
2.731818e-01 1.094925e+03 1.114737e+03 
2.782222e-01 1.057280e+03 1.076445e+03 
2.832626e-01 1.022436e+03 1.039975e+03 
2.883030e-01 9.900399e+02 1.005218e+03 
2.933434e-01 9.595887e+02 9.720706e+02 
2.983838e-01 9.304165e+02 9.404392e+02 
3.034242e-01 9.020286e+02 9.102356e+02 
3.084646e-01 8.742774e+02 8.813779e+02 
3.135051e-01 8.471987e+02 8.537900e+02 
3.185455e-01 8.208784e+02 8.274007e+02 
3.235859e-01 7.954354e+02 8.021440e+02 
3.286263e-01 7.710250e+02 7.779581e+02 
3.336667e-01 7.478430e+02 7.547852e+02 
3.387071e-01 7.259423e+02 7.325713e+02 
3.437475e-01 7.052467e+02 7.112660e+02 
3.487879e-01 6.855825e+02 6.908219e+02 
3.538283e-01 6.667778e+02 6.711948e+02 
3.588687e-01 6.487205e+02 6.523431e+02 
3.639091e-01 6.312936e+02 6.342277e+02 
3.689495e-01 6.143841e+02 6.168121e+02 
3.739899e-01 5.979449e+02 6.000617e+02 
3.790303e-01 5.819954e+02 5.839442e+02 
3.840707e-01 5.665858e+02 5.684292e+02 
3.891111e-01 5.517327e+02 5.534879e+02 
3.941515e-01 5.374294e+02 5.390933e+02 
3.991919e-01 5.236991e+02 5.252198e+02 
4.042323e-01 5.105409e+02 5.118434e+02 
4.092727e-01 4.979202e+02 4.989414e+02 
4.143131e-01 4.857693e+02 4.864923e+02 
4.193535e-01 4.740244e+02 4.744758e+02 
4.243939e-01 4.626637e+02 4.628727e+02 
4.294343e-01 4.516733e+02 4.516649e+02 
4.344747e-01 4.410140e+02 4.408352e+02 
4.395152e-01 4.306660e+02 4.303672e+02 
4.445556e-01 4.206276e+02 4.202457e+02 
4.495960e-01 4.109116e+02 4.104558e+02 
4.546364e-01 4.015209e+02 4.009838e+02 
4.596768e-01 3.924407e+02 3.918164e+02 
4.647172e-01 3.836558e+02 3.829412e+02 
4.697576e-01 3.751536e+02 3.743462e+02 
4.747980e-01 3.669316e+02 3.660201e+02 
4.798384e-01 3.589783e+02 3.579522e+02 
4.848788e-01 3.512595e+02 3.501322e+02 
4.899192e-01 3.437586e+02 3.425505e+02 
4.949596e-01 3.364710e+02 3.351976e+02 
5.000000e-01 3.293959e+02 3.280648e+02 
