1.000000e-03 4.525644e+03 4.525640e+03 
6.040404e-03 1.971254e+04 1.986385e+04 
1.108081e-02 2.645651e+04 2.664234e+04 
1.612121e-02 2.817329e+04 2.833638e+04 
2.116162e-02 2.692532e+04 2.684491e+04 
2.620202e-02 2.417277e+04 2.399691e+04 
3.124242e-02 2.096879e+04 2.112940e+04 
3.628283e-02 1.798675e+04 1.868204e+04 
4.132323e-02 1.556094e+04 1.665245e+04 
4.636364e-02 1.375398e+04 1.495086e+04 
5.140404e-02 1.252396e+04 1.350052e+04 
5.644444e-02 1.168222e+04 1.224742e+04 
6.148485e-02 1.105789e+04 1.115387e+04 
6.652525e-02 1.048577e+04 1.019247e+04 
7.156566e-02 9.858176e+03 9.342402e+03 
7.660606e-02 9.125553e+03 8.587266e+03 
8.164646e-02 8.302176e+03 7.913774e+03 
8.668687e-02 7.447991e+03 7.310964e+03 
9.172727e-02 6.635125e+03 6.769668e+03 
9.676768e-02 5.925253e+03 6.282143e+03 
1.018081e-01 5.357409e+03 5.841809e+03 
1.068485e-01 4.940352e+03 5.443032e+03 
1.118889e-01 4.654420e+03 5.080974e+03 
1.169293e-01 4.461846e+03 4.751456e+03 
1.219697e-01 4.319416e+03 4.450862e+03 
1.270101e-01 4.186084e+03 4.176046e+03 
1.320505e-01 4.029841e+03 3.924265e+03 
1.370909e-01 3.834005e+03 3.693120e+03 
1.421313e-01 3.599668e+03 3.480507e+03 
1.471717e-01 3.341005e+03 3.284576e+03 
1.522121e-01 3.077879e+03 3.103693e+03 
1.572525e-01 2.831255e+03 2.936416e+03 
1.622929e-01 2.618894e+03 2.781466e+03 
1.673333e-01 2.450762e+03 2.637705e+03 
1.723737e-01 2.326342e+03 2.504122e+03 
1.774141e-01 2.237107e+03 2.379813e+03 
1.824545e-01 2.171339e+03 2.263971e+03 
1.874949e-01 2.116798e+03 2.155871e+03 
1.925354e-01 2.061759e+03 2.054863e+03 
1.975758e-01 1.996798e+03 1.960362e+03 
2.026162e-01 1.917410e+03 1.871840e+03 
2.076566e-01 1.825026e+03 1.788820e+03 
2.126970e-01 1.725243e+03 1.710873e+03 
2.177374e-01 1.625022e+03 1.637606e+03 
2.227778e-01 1.530827e+03 1.568666e+03 
2.278182e-01 1.447745e+03 1.503729e+03 
2.328586e-01 1.378663e+03 1.442503e+03 
2.378990e-01 1.323808e+03 1.384719e+03 
2.429394e-01 1.280997e+03 1.330132e+03 
2.479798e-01 1.246470e+03 1.278519e+03 
2.530202e-01 1.215890e+03 1.229675e+03 
2.580606e-01 1.185229e+03 1.183411e+03 
2.631010e-01 1.151589e+03 1.139556e+03 
2.681414e-01 1.113716e+03 1.097949e+03 
2.731818e-01 1.071939e+03 1.058446e+03 
2.782222e-01 1.027785e+03 1.020911e+03 
2.832626e-01 9.833774e+02 9.852191e+02 
2.883030e-01 9.409242e+02 9.512565e+02 
2.933434e-01 9.022207e+02 9.189165e+02 
2.983838e-01 8.683206e+02 8.881007e+02 
3.034242e-01 8.394059e+02 8.587178e+02 
3.084646e-01 8.148763e+02 8.306832e+02 
3.135051e-01 7.935650e+02 8.039183e+02 
3.185455e-01 7.740605e+02 7.783499e+02 
3.235859e-01 7.550491e+02 7.539101e+02 
3.286263e-01 7.355360e+02 7.305355e+02 
3.336667e-01 7.149910e+02 7.081671e+02 
3.387071e-01 6.933570e+02 6.867497e+02 
3.437475e-01 6.710014e+02 6.662319e+02 
3.487879e-01 6.486157e+02 6.465656e+02 
3.538283e-01 6.269491e+02 6.277058e+02 
3.588687e-01 6.066110e+02 6.096103e+02 
3.639091e-01 5.879497e+02 5.922398e+02 
3.689495e-01 5.710727e+02 5.755572e+02 
3.739899e-01 5.558800e+02 5.595278e+02 
3.790303e-01 5.420925e+02 5.441191e+02 
3.840707e-01 5.292540e+02 5.293003e+02 
3.891111e-01 5.168866e+02 5.150427e+02 
3.941515e-01 5.046153e+02 5.013192e+02 
3.991919e-01 4.922282e+02 4.881042e+02 
4.042323e-01 4.796797e+02 4.753738e+02 
4.092727e-01 4.670242e+02 4.631053e+02 
4.143131e-01 4.544211e+02 4.512772e+02 
4.193535e-01 4.420993e+02 4.398695e+02 
4.243939e-01 4.302732e+02 4.288630e+02 
4.294343e-01 4.190968e+02 4.182397e+02 
4.344747e-01 4.086314e+02 4.079826e+02 
4.395152e-01 3.988585e+02 3.980757e+02 
4.445556e-01 3.896986e+02 3.885035e+02 
4.495960e-01 3.810318e+02 3.792517e+02 
4.546364e-01 3.727170e+02 3.703066e+02 
4.596768e-01 3.646018e+02 3.616552e+02 
4.647172e-01 3.565882e+02 3.532852e+02 
4.697576e-01 3.486359e+02 3.451849e+02 
4.747980e-01 3.407494e+02 3.373431e+02 
4.798384e-01 3.329558e+02 3.297494e+02 
4.848788e-01 3.253135e+02 3.223937e+02 
4.899192e-01 3.178949e+02 3.152665e+02 
4.949596e-01 3.107572e+02 3.083586e+02 
5.000000e-01 3.039324e+02 3.016616e+02 
