1.000000e-03 3.459421e+03 3.459418e+03 
6.040404e-03 1.536049e+04 1.547552e+04 
1.108081e-02 2.090469e+04 2.101663e+04 
1.612121e-02 2.260280e+04 2.266021e+04 
2.116162e-02 2.200477e+04 2.189540e+04 
2.620202e-02 2.020052e+04 2.007249e+04 
3.124242e-02 1.797366e+04 1.812239e+04 
3.628283e-02 1.583039e+04 1.636563e+04 
4.132323e-02 1.403256e+04 1.483506e+04 
4.636364e-02 1.264418e+04 1.349853e+04 
5.140404e-02 1.163936e+04 1.232238e+04 
5.644444e-02 1.089292e+04 1.128062e+04 
6.148485e-02 1.028366e+04 1.035348e+04 
6.652525e-02 9.703100e+03 9.525361e+03 
7.156566e-02 9.078788e+03 8.783470e+03 
7.660606e-02 8.387365e+03 8.117071e+03 
8.164646e-02 7.653410e+03 7.517002e+03 
8.668687e-02 6.926831e+03 6.975383e+03 
9.172727e-02 6.256601e+03 6.485395e+03 
9.676768e-02 5.679585e+03 6.041119e+03 
1.018081e-01 5.217175e+03 5.637405e+03 
1.068485e-01 4.870472e+03 5.269765e+03 
1.118889e-01 4.617956e+03 4.934273e+03 
1.169293e-01 4.425185e+03 4.627498e+03 
1.219697e-01 4.257446e+03 4.346426e+03 
1.270101e-01 4.087410e+03 4.088411e+03 
1.320505e-01 3.897726e+03 3.851124e+03 
1.370909e-01 3.682725e+03 3.632507e+03 
1.421313e-01 3.448486e+03 3.430743e+03 
1.471717e-01 3.208831e+03 3.244220e+03 
1.522121e-01 2.979465e+03 3.071509e+03 
1.572525e-01 2.773774e+03 2.911336e+03 
1.622929e-01 2.600735e+03 2.762567e+03 
1.673333e-01 2.462974e+03 2.624190e+03 
1.723737e-01 2.356426e+03 2.495297e+03 
1.774141e-01 2.272159e+03 2.375075e+03 
1.824545e-01 2.199924e+03 2.262793e+03 
1.874949e-01 2.130667e+03 2.157795e+03 
1.925354e-01 2.057352e+03 2.059486e+03 
1.975758e-01 1.975982e+03 1.967333e+03 
2.026162e-01 1.886475e+03 1.880851e+03 
2.076566e-01 1.792230e+03 1.799600e+03 
2.126970e-01 1.698306e+03 1.723182e+03 
2.177374e-01 1.609545e+03 1.651236e+03 
2.227778e-01 1.529706e+03 1.583431e+03 
2.278182e-01 1.460787e+03 1.519466e+03 
2.328586e-01 1.402934e+03 1.459068e+03 
2.378990e-01 1.354484e+03 1.401984e+03 
2.429394e-01 1.312753e+03 1.347986e+03 
2.479798e-01 1.274765e+03 1.296862e+03 
2.530202e-01 1.237697e+03 1.248419e+03 
2.580606e-01 1.199326e+03 1.202478e+03 
2.631010e-01 1.158611e+03 1.158877e+03 
2.681414e-01 1.115912e+03 1.117465e+03 
2.731818e-01 1.072531e+03 1.078101e+03 
2.782222e-01 1.029966e+03 1.040658e+03 
2.832626e-01 9.894951e+02 1.005017e+03 
2.883030e-01 9.521449e+02 9.710681e+02 
2.933434e-01 9.185883e+02 9.387089e+02 
2.983838e-01 8.889047e+02 9.078452e+02 
3.034242e-01 8.625207e+02 8.783891e+02 
3.084646e-01 8.384612e+02 8.502591e+02 
3.135051e-01 8.157443e+02 8.233795e+02 
3.185455e-01 7.936000e+02 7.976794e+02 
3.235859e-01 7.714646e+02 7.730933e+02 
3.286263e-01 7.490235e+02 7.495595e+02 
3.336667e-01 7.262779e+02 7.270209e+02 
3.387071e-01 7.035546e+02 7.054239e+02 
3.437475e-01 6.813586e+02 6.847185e+02 
3.487879e-01 6.601419e+02 6.648577e+02 
3.538283e-01 6.401895e+02 6.457978e+02 
3.588687e-01 6.216255e+02 6.274976e+02 
3.639091e-01 6.044512e+02 6.099185e+02 
3.689495e-01 5.885221e+02 5.930244e+02 
3.739899e-01 5.735829e+02 5.767811e+02 
3.790303e-01 5.593068e+02 5.611569e+02 
3.840707e-01 5.454322e+02 5.461215e+02 
3.891111e-01 5.317863e+02 5.316467e+02 
3.941515e-01 5.182778e+02 5.177059e+02 
3.991919e-01 5.048983e+02 5.042738e+02 
4.042323e-01 4.917085e+02 4.913270e+02 
4.092727e-01 4.788357e+02 4.788428e+02 
4.143131e-01 4.664276e+02 4.668004e+02 
4.193535e-01 4.545726e+02 4.551797e+02 
4.243939e-01 4.432965e+02 4.439618e+02 
4.294343e-01 4.325845e+02 4.331290e+02 
4.344747e-01 4.224040e+02 4.226643e+02 
4.395152e-01 4.126993e+02 4.125519e+02 
4.445556e-01 4.033653e+02 4.027765e+02 
4.495960e-01 3.943003e+02 3.933238e+02 
4.546364e-01 3.854364e+02 3.841802e+02 
4.596768e-01 3.767597e+02 3.753327e+02 
4.647172e-01 3.682645e+02 3.667692e+02 
4.697576e-01 3.599519e+02 3.584780e+02 
4.747980e-01 3.518395e+02 3.504480e+02 
4.798384e-01 3.439576e+02 3.426687e+02 
4.848788e-01 3.363488e+02 3.351300e+02 
4.899192e-01 3.290324e+02 3.278226e+02 
4.949596e-01 3.219933e+02 3.207372e+02 
5.000000e-01 3.152001e+02 3.138653e+02 
