1.000000e-03 2.684445e+03 2.684443e+03 
6.040404e-03 1.175610e+04 1.183706e+04 
1.108081e-02 1.596646e+04 1.597360e+04 
1.612121e-02 1.742365e+04 1.730712e+04 
2.116162e-02 1.732966e+04 1.712808e+04 
2.620202e-02 1.643822e+04 1.630122e+04 
3.124242e-02 1.523576e+04 1.527095e+04 
3.628283e-02 1.400990e+04 1.420673e+04 
4.132323e-02 1.289831e+04 1.317241e+04 
4.636364e-02 1.193384e+04 1.219485e+04 
5.140404e-02 1.109917e+04 1.128518e+04 
5.644444e-02 1.034123e+04 1.044652e+04 
6.148485e-02 9.624866e+03 9.677677e+03 
6.652525e-02 8.931261e+03 8.975127e+03 
7.156566e-02 8.252856e+03 8.334246e+03 
7.660606e-02 7.606306e+03 7.749991e+03 
8.164646e-02 7.016509e+03 7.217308e+03 
8.668687e-02 6.497136e+03 6.731355e+03 
9.172727e-02 6.046935e+03 6.287615e+03 
9.676768e-02 5.659941e+03 5.881943e+03 
1.018081e-01 5.327492e+03 5.510579e+03 
1.068485e-01 5.034116e+03 5.170131e+03 
1.118889e-01 4.760302e+03 4.857559e+03 
1.169293e-01 4.493522e+03 4.570141e+03 
1.219697e-01 4.231609e+03 4.305444e+03 
1.270101e-01 3.978570e+03 4.061298e+03 
1.320505e-01 3.739570e+03 3.835762e+03 
1.370909e-01 3.519180e+03 3.627107e+03 
1.421313e-01 3.320306e+03 3.433784e+03 
1.471717e-01 3.142940e+03 3.254408e+03 
1.522121e-01 2.985296e+03 3.087738e+03 
1.572525e-01 2.844218e+03 2.932664e+03 
1.622929e-01 2.715283e+03 2.788184e+03 
1.673333e-01 2.593859e+03 2.653402e+03 
1.723737e-01 2.476772e+03 2.527508e+03 
1.774141e-01 2.363339e+03 2.409771e+03 
1.824545e-01 2.254085e+03 2.299533e+03 
1.874949e-01 2.149752e+03 2.196197e+03 
1.925354e-01 2.051254e+03 2.099222e+03 
1.975758e-01 1.959722e+03 2.008119e+03 
2.026162e-01 1.875654e+03 1.922442e+03 
2.076566e-01 1.798406e+03 1.841785e+03 
2.126970e-01 1.726749e+03 1.765779e+03 
2.177374e-01 1.659654e+03 1.694087e+03 
2.227778e-01 1.596343e+03 1.626401e+03 
2.278182e-01 1.535894e+03 1.562439e+03 
2.328586e-01 1.477769e+03 1.501944e+03 
2.378990e-01 1.421968e+03 1.444678e+03 
2.429394e-01 1.368662e+03 1.390423e+03 
2.479798e-01 1.317934e+03 1.338981e+03 
2.530202e-01 1.269779e+03 1.290167e+03 
2.580606e-01 1.224245e+03 1.243810e+03 
2.631010e-01 1.181434e+03 1.199756e+03 
2.681414e-01 1.141147e+03 1.157859e+03 
2.731818e-01 1.102963e+03 1.117986e+03 
2.782222e-01 1.066501e+03 1.080013e+03 
2.832626e-01 1.031597e+03 1.043825e+03 
2.883030e-01 9.982278e+02 1.009315e+03 
2.933434e-01 9.662591e+02 9.763863e+02 
2.983838e-01 9.355525e+02 9.449458e+02 
3.034242e-01 9.060771e+02 9.149083e+02 
3.084646e-01 8.778904e+02 8.861946e+02 
3.135051e-01 8.510164e+02 8.587304e+02 
3.185455e-01 8.253611e+02 8.324469e+02 
3.235859e-01 8.008152e+02 8.072795e+02 
3.286263e-01 7.773039e+02 7.831680e+02 
3.336667e-01 7.547935e+02 7.600561e+02 
3.387071e-01 7.332273e+02 7.378912e+02 
3.437475e-01 7.124973e+02 7.166238e+02 
3.487879e-01 6.925133e+02 6.962079e+02 
3.538283e-01 6.732660e+02 6.766000e+02 
3.588687e-01 6.547712e+02 6.577594e+02 
3.639091e-01 6.370016e+02 6.396480e+02 
3.689495e-01 6.198992e+02 6.222297e+02 
3.739899e-01 6.034254e+02 6.054709e+02 
3.790303e-01 5.875734e+02 5.893396e+02 
3.840707e-01 5.723233e+02 5.738061e+02 
3.891111e-01 5.576424e+02 5.588420e+02 
3.941515e-01 5.434769e+02 5.444208e+02 
3.991919e-01 5.297940e+02 5.305173e+02 
4.042323e-01 5.165941e+02 5.171079e+02 
4.092727e-01 5.038621e+02 5.041702e+02 
4.143131e-01 4.915579e+02 4.916830e+02 
4.193535e-01 4.796583e+02 4.796263e+02 
4.243939e-01 4.681587e+02 4.679812e+02 
4.294343e-01 4.570541e+02 4.567298e+02 
4.344747e-01 4.463273e+02 4.458550e+02 
4.395152e-01 4.359519e+02 4.353408e+02 
4.445556e-01 4.259036e+02 4.251719e+02 
4.495960e-01 4.161780e+02 4.153338e+02 
4.546364e-01 4.067694e+02 4.058128e+02 
4.596768e-01 3.976618e+02 3.965959e+02 
4.647172e-01 3.888338e+02 3.876706e+02 
4.697576e-01 3.802686e+02 3.790252e+02 
4.747980e-01 3.719691e+02 3.706484e+02 
4.798384e-01 3.639291e+02 3.625296e+02 
4.848788e-01 3.561287e+02 3.546586e+02 
4.899192e-01 3.485554e+02 3.470258e+02 
4.949596e-01 3.412086e+02 3.396220e+02 
5.000000e-01 3.340809e+02 3.324383e+02 
