1.000000e-03 3.247059e+03 3.247056e+03 
6.040404e-03 1.430212e+04 1.441001e+04 
1.108081e-02 1.954694e+04 1.964868e+04 
1.612121e-02 2.127512e+04 2.132596e+04 
2.116162e-02 2.088014e+04 2.078177e+04 
2.620202e-02 1.933799e+04 1.920934e+04 
3.124242e-02 1.735523e+04 1.745931e+04 
3.628283e-02 1.539806e+04 1.584921e+04 
4.132323e-02 1.371818e+04 1.442729e+04 
4.636364e-02 1.239306e+04 1.317353e+04 
5.140404e-02 1.140714e+04 1.206194e+04 
5.644444e-02 1.066893e+04 1.107139e+04 
6.148485e-02 1.006215e+04 1.018535e+04 
6.652525e-02 9.500502e+03 9.390468e+03 
7.156566e-02 8.911159e+03 8.675640e+03 
7.660606e-02 8.264689e+03 8.031381e+03 
8.164646e-02 7.576582e+03 7.449497e+03 
8.668687e-02 6.890060e+03 6.922861e+03 
9.172727e-02 6.249335e+03 6.445248e+03 
9.676768e-02 5.687260e+03 6.011214e+03 
1.018081e-01 5.224207e+03 5.615989e+03 
1.068485e-01 4.865907e+03 5.255390e+03 
1.118889e-01 4.599470e+03 4.925742e+03 
1.169293e-01 4.396567e+03 4.623814e+03 
1.219697e-01 4.224588e+03 4.346760e+03 
1.270101e-01 4.056789e+03 4.092071e+03 
1.320505e-01 3.875936e+03 3.857529e+03 
1.370909e-01 3.674859e+03 3.641170e+03 
1.421313e-01 3.455632e+03 3.441254e+03 
1.471717e-01 3.228325e+03 3.256236e+03 
1.522121e-01 3.006319e+03 3.084738e+03 
1.572525e-01 2.802295e+03 2.925534e+03 
1.622929e-01 2.625817e+03 2.777527e+03 
1.673333e-01 2.481174e+03 2.639737e+03 
1.723737e-01 2.366590e+03 2.511283e+03 
1.774141e-01 2.275468e+03 2.391376e+03 
1.824545e-01 2.199075e+03 2.279304e+03 
1.874949e-01 2.128973e+03 2.174427e+03 
1.925354e-01 2.058141e+03 2.076165e+03 
1.975758e-01 1.981695e+03 1.983996e+03 
2.026162e-01 1.897968e+03 1.897444e+03 
2.076566e-01 1.808782e+03 1.816081e+03 
2.126970e-01 1.718274e+03 1.739514e+03 
2.177374e-01 1.630819e+03 1.667389e+03 
2.227778e-01 1.550004e+03 1.599380e+03 
2.278182e-01 1.478316e+03 1.535191e+03 
2.328586e-01 1.416827e+03 1.474553e+03 
2.378990e-01 1.364903e+03 1.417217e+03 
2.429394e-01 1.320483e+03 1.362956e+03 
2.479798e-01 1.280874e+03 1.311563e+03 
2.530202e-01 1.243501e+03 1.262845e+03 
2.580606e-01 1.206267e+03 1.216626e+03 
2.631010e-01 1.167687e+03 1.172745e+03 
2.681414e-01 1.127228e+03 1.131051e+03 
2.731818e-01 1.085445e+03 1.091407e+03 
2.782222e-01 1.043683e+03 1.053686e+03 
2.832626e-01 1.003330e+03 1.017768e+03 
2.883030e-01 9.654469e+02 9.835451e+02 
2.933434e-01 9.306776e+02 9.509154e+02 
2.983838e-01 8.993336e+02 9.197851e+02 
3.034242e-01 8.713400e+02 8.900665e+02 
3.084646e-01 8.461587e+02 8.616786e+02 
3.135051e-01 8.229201e+02 8.345457e+02 
3.185455e-01 8.007055e+02 8.085973e+02 
3.235859e-01 7.788306e+02 7.837677e+02 
3.286263e-01 7.569426e+02 7.599957e+02 
3.336667e-01 7.349240e+02 7.372240e+02 
3.387071e-01 7.128217e+02 7.153991e+02 
3.437475e-01 6.908906e+02 6.944710e+02 
3.487879e-01 6.695437e+02 6.743927e+02 
3.538283e-01 6.491929e+02 6.551204e+02 
3.588687e-01 6.301018e+02 6.366129e+02 
3.639091e-01 6.123257e+02 6.188316e+02 
3.689495e-01 5.957764e+02 6.017403e+02 
3.739899e-01 5.802961e+02 5.853047e+02 
3.790303e-01 5.656827e+02 5.694929e+02 
3.840707e-01 5.517085e+02 5.542748e+02 
3.891111e-01 5.381207e+02 5.396219e+02 
3.941515e-01 5.247447e+02 5.255075e+02 
3.991919e-01 5.115082e+02 5.119063e+02 
4.042323e-01 4.984448e+02 4.987947e+02 
4.092727e-01 4.856317e+02 4.861500e+02 
4.143131e-01 4.731591e+02 4.739512e+02 
4.193535e-01 4.611103e+02 4.621781e+02 
4.243939e-01 4.495677e+02 4.508118e+02 
4.294343e-01 4.385834e+02 4.398344e+02 
4.344747e-01 4.281454e+02 4.292289e+02 
4.395152e-01 4.182004e+02 4.189793e+02 
4.445556e-01 4.086728e+02 4.090702e+02 
4.495960e-01 3.994794e+02 3.994872e+02 
4.546364e-01 3.905759e+02 3.902168e+02 
4.596768e-01 3.818969e+02 3.812457e+02 
4.647172e-01 3.734008e+02 3.725618e+02 
4.697576e-01 3.650684e+02 3.641532e+02 
4.747980e-01 3.569240e+02 3.560088e+02 
4.798384e-01 3.489886e+02 3.481180e+02 
4.848788e-01 3.412898e+02 3.404707e+02 
4.899192e-01 3.338422e+02 3.330573e+02 
4.949596e-01 3.266493e+02 3.258687e+02 
5.000000e-01 3.197215e+02 3.188962e+02 
