1.000000e-03 3.671257e+03 3.671254e+03 
6.040404e-03 1.633435e+04 1.645730e+04 
1.108081e-02 2.219355e+04 2.232352e+04 
1.612121e-02 2.391973e+04 2.400359e+04 
2.116162e-02 2.317755e+04 2.307487e+04 
2.620202e-02 2.114709e+04 2.100965e+04 
3.124242e-02 1.868312e+04 1.884184e+04 
3.628283e-02 1.633620e+04 1.692119e+04 
4.132323e-02 1.438803e+04 1.527207e+04 
4.636364e-02 1.290212e+04 1.384864e+04 
5.140404e-02 1.185014e+04 1.260707e+04 
5.644444e-02 1.108714e+04 1.151480e+04 
6.148485e-02 1.048006e+04 1.054781e+04 
6.652525e-02 9.904128e+03 9.687716e+03 
7.156566e-02 9.277958e+03 8.919838e+03 
7.660606e-02 8.572777e+03 8.232094e+03 
8.164646e-02 7.812288e+03 7.614345e+03 
8.668687e-02 7.050171e+03 7.057975e+03 
9.172727e-02 6.341992e+03 6.555608e+03 
9.676768e-02 5.731361e+03 6.100890e+03 
1.018081e-01 5.244483e+03 5.688327e+03 
1.068485e-01 4.883546e+03 5.313158e+03 
1.118889e-01 4.626684e+03 4.971239e+03 
1.169293e-01 4.437545e+03 4.658957e+03 
1.219697e-01 4.278571e+03 4.373156e+03 
1.270101e-01 4.118679e+03 4.111069e+03 
1.320505e-01 3.936724e+03 3.870266e+03 
1.370909e-01 3.724478e+03 3.648608e+03 
1.421313e-01 3.487526e+03 3.444209e+03 
1.471717e-01 3.240608e+03 3.255399e+03 
1.522121e-01 3.001062e+03 3.080699e+03 
1.572525e-01 2.784515e+03 2.918795e+03 
1.622929e-01 2.602115e+03 2.768519e+03 
1.673333e-01 2.458144e+03 2.628827e+03 
1.723737e-01 2.349019e+03 2.498787e+03 
1.774141e-01 2.265455e+03 2.377564e+03 
1.824545e-01 2.196472e+03 2.264408e+03 
1.874949e-01 2.131762e+03 2.158647e+03 
1.925354e-01 2.063056e+03 2.059673e+03 
1.975758e-01 1.985001e+03 1.966939e+03 
2.026162e-01 1.896786e+03 1.879950e+03 
2.076566e-01 1.801582e+03 1.798259e+03 
2.126970e-01 1.704967e+03 1.721458e+03 
2.177374e-01 1.612585e+03 1.649179e+03 
2.227778e-01 1.528968e+03 1.581087e+03 
2.278182e-01 1.456885e+03 1.516874e+03 
2.328586e-01 1.396956e+03 1.456262e+03 
2.378990e-01 1.347805e+03 1.398996e+03 
2.429394e-01 1.306710e+03 1.344843e+03 
2.479798e-01 1.270319e+03 1.293588e+03 
2.530202e-01 1.235228e+03 1.245034e+03 
2.580606e-01 1.198681e+03 1.199003e+03 
2.631010e-01 1.159283e+03 1.155328e+03 
2.681414e-01 1.117175e+03 1.113856e+03 
2.731818e-01 1.073569e+03 1.074446e+03 
2.782222e-01 1.030060e+03 1.036968e+03 
2.832626e-01 9.882274e+02 1.001302e+03 
2.883030e-01 9.494959e+02 9.673376e+02 
2.933434e-01 9.148355e+02 9.349708e+02 
2.983838e-01 8.844654e+02 9.041065e+02 
3.034242e-01 8.578635e+02 8.746561e+02 
3.084646e-01 8.340500e+02 8.465372e+02 
3.135051e-01 8.119671e+02 8.196734e+02 
3.185455e-01 7.906372e+02 7.939935e+02 
3.235859e-01 7.692549e+02 7.694311e+02 
3.286263e-01 7.473384e+02 7.459244e+02 
3.336667e-01 7.248389e+02 7.234155e+02 
3.387071e-01 7.020950e+02 7.018507e+02 
3.437475e-01 6.796296e+02 6.811795e+02 
3.487879e-01 6.579663e+02 6.613548e+02 
3.538283e-01 6.375203e+02 6.423324e+02 
3.588687e-01 6.185545e+02 6.240709e+02 
3.639091e-01 6.011494e+02 6.065316e+02 
3.689495e-01 5.851658e+02 5.896781e+02 
3.739899e-01 5.703214e+02 5.734763e+02 
3.790303e-01 5.562754e+02 5.578938e+02 
3.840707e-01 5.427137e+02 5.429007e+02 
3.891111e-01 5.293821e+02 5.284685e+02 
3.941515e-01 5.161126e+02 5.145703e+02 
3.991919e-01 5.028506e+02 5.011810e+02 
4.042323e-01 4.896772e+02 4.882769e+02 
4.092727e-01 4.767500e+02 4.758354e+02 
4.143131e-01 4.642278e+02 4.638355e+02 
4.193535e-01 4.522281e+02 4.522570e+02 
4.243939e-01 4.408103e+02 4.410811e+02 
4.294343e-01 4.300110e+02 4.302900e+02 
4.344747e-01 4.198297e+02 4.198667e+02 
4.395152e-01 4.101800e+02 4.097952e+02 
4.445556e-01 4.009327e+02 4.000603e+02 
4.495960e-01 3.919798e+02 3.906477e+02 
4.546364e-01 3.832439e+02 3.815437e+02 
4.596768e-01 3.746807e+02 3.727354e+02 
4.647172e-01 3.662647e+02 3.642105e+02 
4.697576e-01 3.579825e+02 3.559574e+02 
4.747980e-01 3.498600e+02 3.479650e+02 
4.798384e-01 3.419614e+02 3.402228e+02 
4.848788e-01 3.343348e+02 3.327206e+02 
4.899192e-01 3.269895e+02 3.254492e+02 
4.949596e-01 3.199222e+02 3.183993e+02 
5.000000e-01 3.131338e+02 3.115623e+02 
