1.000000e-03 1.966586e+03 1.966584e+03 
6.040404e-03 9.084070e+03 9.154514e+03 
1.108081e-02 1.265811e+04 1.266034e+04 
1.612121e-02 1.416202e+04 1.404526e+04 
2.116162e-02 1.447711e+04 1.427729e+04 
2.620202e-02 1.413577e+04 1.393707e+04 
3.124242e-02 1.346830e+04 1.333129e+04 
3.628283e-02 1.267300e+04 1.261030e+04 
4.132323e-02 1.185819e+04 1.185181e+04 
4.636364e-02 1.106424e+04 1.109795e+04 
5.140404e-02 1.032903e+04 1.037151e+04 
5.644444e-02 9.627153e+03 9.684169e+03 
6.148485e-02 8.968883e+03 9.041076e+03 
6.652525e-02 8.355997e+03 8.443582e+03 
7.156566e-02 7.783026e+03 7.890850e+03 
7.660606e-02 7.253070e+03 7.380839e+03 
8.164646e-02 6.772741e+03 6.910897e+03 
8.668687e-02 6.342339e+03 6.478120e+03 
9.172727e-02 5.952400e+03 6.079571e+03 
9.676768e-02 5.594716e+03 5.712393e+03 
1.018081e-01 5.266270e+03 5.373887e+03 
1.068485e-01 4.965059e+03 5.061538e+03 
1.118889e-01 4.685021e+03 4.773031e+03 
1.169293e-01 4.421419e+03 4.506251e+03 
1.219697e-01 4.173699e+03 4.259271e+03 
1.270101e-01 3.943766e+03 4.030344e+03 
1.320505e-01 3.732511e+03 3.817889e+03 
1.370909e-01 3.538738e+03 3.620477e+03 
1.421313e-01 3.360274e+03 3.436816e+03 
1.471717e-01 3.194915e+03 3.265739e+03 
1.522121e-01 3.040935e+03 3.106191e+03 
1.572525e-01 2.897176e+03 2.957217e+03 
1.622929e-01 2.762659e+03 2.817955e+03 
1.673333e-01 2.636093e+03 2.687622e+03 
1.723737e-01 2.516750e+03 2.565510e+03 
1.774141e-01 2.404480e+03 2.450975e+03 
1.824545e-01 2.299392e+03 2.343432e+03 
1.874949e-01 2.201059e+03 2.242350e+03 
1.925354e-01 2.108528e+03 2.147245e+03 
1.975758e-01 2.021470e+03 2.057675e+03 
2.026162e-01 1.939667e+03 1.973236e+03 
2.076566e-01 1.862699e+03 1.893562e+03 
2.126970e-01 1.789894e+03 1.818314e+03 
2.177374e-01 1.720743e+03 1.747184e+03 
2.227778e-01 1.655266e+03 1.679889e+03 
2.278182e-01 1.593311e+03 1.616168e+03 
2.328586e-01 1.534585e+03 1.555783e+03 
2.378990e-01 1.478824e+03 1.498514e+03 
2.429394e-01 1.425884e+03 1.444157e+03 
2.479798e-01 1.375688e+03 1.392527e+03 
2.530202e-01 1.328022e+03 1.343450e+03 
2.580606e-01 1.282642e+03 1.296767e+03 
2.631010e-01 1.239337e+03 1.252330e+03 
2.681414e-01 1.198069e+03 1.210003e+03 
2.731818e-01 1.158778e+03 1.169659e+03 
2.782222e-01 1.121283e+03 1.131179e+03 
2.832626e-01 1.085443e+03 1.094456e+03 
2.883030e-01 1.051170e+03 1.059387e+03 
2.933434e-01 1.018425e+03 1.025878e+03 
2.983838e-01 9.871336e+02 9.938411e+02 
3.034242e-01 9.571934e+02 9.631937e+02 
3.084646e-01 9.284933e+02 9.338597e+02 
3.135051e-01 9.009707e+02 9.057674e+02 
3.185455e-01 8.745998e+02 8.788502e+02 
3.235859e-01 8.493293e+02 8.530455e+02 
3.286263e-01 8.250821e+02 8.282949e+02 
3.336667e-01 8.017697e+02 8.045436e+02 
3.387071e-01 7.793650e+02 7.817403e+02 
3.437475e-01 7.578488e+02 7.598369e+02 
3.487879e-01 7.371785e+02 7.387881e+02 
3.538283e-01 7.172936e+02 7.185515e+02 
3.588687e-01 6.981401e+02 6.990872e+02 
3.639091e-01 6.796933e+02 6.803576e+02 
3.689495e-01 6.619362e+02 6.623273e+02 
3.739899e-01 6.448428e+02 6.449632e+02 
3.790303e-01 6.283576e+02 6.282338e+02 
3.840707e-01 6.124460e+02 6.121096e+02 
3.891111e-01 5.970969e+02 5.965625e+02 
3.941515e-01 5.822992e+02 5.815664e+02 
3.991919e-01 5.680248e+02 5.670961e+02 
4.042323e-01 5.542292e+02 5.531283e+02 
4.092727e-01 5.408923e+02 5.396407e+02 
4.143131e-01 5.280052e+02 5.266121e+02 
4.193535e-01 5.155603e+02 5.140226e+02 
4.243939e-01 5.035305e+02 5.018533e+02 
4.294343e-01 4.918856e+02 4.900864e+02 
4.344747e-01 4.806107e+02 4.787047e+02 
4.395152e-01 4.697003e+02 4.676922e+02 
4.445556e-01 4.591475e+02 4.570336e+02 
4.495960e-01 4.489263e+02 4.467144e+02 
4.546364e-01 4.390162e+02 4.367206e+02 
4.596768e-01 4.294075e+02 4.270393e+02 
4.647172e-01 4.201008e+02 4.176579e+02 
4.697576e-01 4.110852e+02 4.085645e+02 
4.747980e-01 4.023350e+02 3.997478e+02 
4.798384e-01 3.938371e+02 3.911971e+02 
4.848788e-01 3.855884e+02 3.829020e+02 
4.899192e-01 3.775908e+02 3.748529e+02 
4.949596e-01 3.698298e+02 3.670403e+02 
5.000000e-01 3.622863e+02 3.594553e+02 
