1.000000e-03 6.522949e+03 6.522943e+03 
6.040404e-03 2.844904e+04 2.868548e+04 
1.108081e-02 3.821732e+04 3.863764e+04 
1.612121e-02 4.048760e+04 4.110746e+04 
2.116162e-02 3.814805e+04 3.838936e+04 
2.620202e-02 3.336437e+04 3.300045e+04 
3.124242e-02 2.780081e+04 2.749481e+04 
3.628283e-02 2.258814e+04 2.301754e+04 
4.132323e-02 1.832837e+04 1.960548e+04 
4.636364e-02 1.517917e+04 1.698937e+04 
5.140404e-02 1.309242e+04 1.492703e+04 
5.644444e-02 1.182520e+04 1.325390e+04 
6.148485e-02 1.111394e+04 1.186413e+04 
6.652525e-02 1.070225e+04 1.068866e+04 
7.156566e-02 1.036936e+04 9.680716e+03 
7.660606e-02 9.945826e+03 8.807246e+03 
8.164646e-02 9.332848e+03 8.043950e+03 
8.668687e-02 8.520587e+03 7.372360e+03 
9.172727e-02 7.573036e+03 6.778059e+03 
9.676768e-02 6.593586e+03 6.249541e+03 
1.018081e-01 5.687547e+03 5.777474e+03 
1.068485e-01 4.933152e+03 5.354177e+03 
1.118889e-01 4.367456e+03 4.973262e+03 
1.169293e-01 3.989864e+03 4.629367e+03 
1.219697e-01 3.773669e+03 4.317956e+03 
1.270101e-01 3.676950e+03 4.035166e+03 
1.320505e-01 3.649399e+03 3.777689e+03 
1.370909e-01 3.638434e+03 3.542677e+03 
1.421313e-01 3.598349e+03 3.327667e+03 
1.471717e-01 3.498705e+03 3.130521e+03 
1.522121e-01 3.327716e+03 2.949372e+03 
1.572525e-01 3.092435e+03 2.782590e+03 
1.622929e-01 2.816473e+03 2.628741e+03 
1.673333e-01 2.533075e+03 2.486565e+03 
1.723737e-01 2.274140e+03 2.354947e+03 
1.774141e-01 2.060706e+03 2.232899e+03 
1.824545e-01 1.901430e+03 2.119547e+03 
1.874949e-01 1.795896e+03 2.014108e+03 
1.925354e-01 1.737481e+03 1.915887e+03 
1.975758e-01 1.714224e+03 1.824261e+03 
2.026162e-01 1.709891e+03 1.738670e+03 
2.076566e-01 1.707021e+03 1.658614e+03 
2.126970e-01 1.691076e+03 1.583639e+03 
2.177374e-01 1.652990e+03 1.513339e+03 
2.227778e-01 1.589743e+03 1.447346e+03 
2.278182e-01 1.504177e+03 1.385324e+03 
2.328586e-01 1.404045e+03 1.326973e+03 
2.378990e-01 1.299907e+03 1.272017e+03 
2.429394e-01 1.202165e+03 1.220207e+03 
2.479798e-01 1.118594e+03 1.171313e+03 
2.530202e-01 1.053455e+03 1.125129e+03 
2.580606e-01 1.007623e+03 1.081464e+03 
2.631010e-01 9.790936e+02 1.040143e+03 
2.681414e-01 9.636119e+02 1.001007e+03 
2.731818e-01 9.555086e+02 9.639098e+02 
2.782222e-01 9.488348e+02 9.287163e+02 
2.832626e-01 9.384174e+02 8.953025e+02 
2.883030e-01 9.206388e+02 8.635542e+02 
2.933434e-01 8.938973e+02 8.333658e+02 
2.983838e-01 8.586833e+02 8.046402e+02 
3.034242e-01 8.173903e+02 7.772871e+02 
3.084646e-01 7.736081e+02 7.512232e+02 
3.135051e-01 7.311114e+02 7.263713e+02 
3.185455e-01 6.930088e+02 7.026597e+02 
3.235859e-01 6.612479e+02 6.800219e+02 
3.286263e-01 6.365891e+02 6.583959e+02 
3.336667e-01 6.187155e+02 6.377244e+02 
3.387071e-01 6.064038e+02 6.179535e+02 
3.437475e-01 5.977109e+02 5.990334e+02 
3.487879e-01 5.904102e+02 5.809175e+02 
3.538283e-01 5.824172e+02 5.635622e+02 
3.588687e-01 5.722099e+02 5.469269e+02 
3.639091e-01 5.590024e+02 5.309735e+02 
3.689495e-01 5.426976e+02 5.156664e+02 
3.739899e-01 5.238633e+02 5.009722e+02 
3.790303e-01 5.035890e+02 4.868597e+02 
3.840707e-01 4.832164e+02 4.732994e+02 
3.891111e-01 4.640353e+02 4.602639e+02 
3.941515e-01 4.470004e+02 4.477273e+02 
3.991919e-01 4.326027e+02 4.356651e+02 
4.042323e-01 4.209169e+02 4.240545e+02 
4.092727e-01 4.116484e+02 4.128740e+02 
4.143131e-01 4.041903e+02 4.021032e+02 
4.193535e-01 3.977550e+02 3.917229e+02 
4.243939e-01 3.915308e+02 3.817151e+02 
4.294343e-01 3.848466e+02 3.720627e+02 
4.344747e-01 3.772673e+02 3.627497e+02 
4.395152e-01 3.686021e+02 3.537607e+02 
4.445556e-01 3.589241e+02 3.450814e+02 
4.495960e-01 3.485488e+02 3.366982e+02 
4.546364e-01 3.379279e+02 3.285981e+02 
4.596768e-01 3.275557e+02 3.207690e+02 
4.647172e-01 3.178362e+02 3.131992e+02 
4.697576e-01 3.090578e+02 3.058779e+02 
4.747980e-01 3.013624e+02 2.987946e+02 
4.798384e-01 2.947192e+02 2.919393e+02 
4.848788e-01 2.889847e+02 2.853028e+02 
4.899192e-01 2.838687e+02 2.788761e+02 
4.949596e-01 2.790644e+02 2.726507e+02 
5.000000e-01 2.742986e+02 2.666186e+02 
