1.000000e-03 7.640332e+03 7.640326e+03 
6.040404e-03 3.344837e+04 3.373026e+04 
1.108081e-02 4.462638e+04 4.516729e+04 
1.612121e-02 4.679904e+04 4.762128e+04 
2.116162e-02 4.349381e+04 4.382692e+04 
2.620202e-02 3.737540e+04 3.691753e+04 
3.124242e-02 3.048618e+04 3.008456e+04 
3.628283e-02 2.418513e+04 2.468784e+04 
4.132323e-02 1.915730e+04 2.068972e+04 
4.636364e-02 1.554046e+04 1.770189e+04 
5.140404e-02 1.322521e+04 1.539764e+04 
5.644444e-02 1.189228e+04 1.356189e+04 
6.148485e-02 1.121051e+04 1.205950e+04 
6.652525e-02 1.087302e+04 1.080417e+04 
7.156566e-02 1.062523e+04 9.738578e+03 
7.660606e-02 1.025980e+04 8.822971e+03 
8.164646e-02 9.650924e+03 8.028649e+03 
8.668687e-02 8.784966e+03 7.334149e+03 
9.172727e-02 7.744956e+03 6.722961e+03 
9.676768e-02 6.660857e+03 6.182086e+03 
1.018081e-01 5.660072e+03 5.701098e+03 
1.068485e-01 4.834220e+03 5.271508e+03 
1.118889e-01 4.226340e+03 4.886321e+03 
1.169293e-01 3.835226e+03 4.539714e+03 
1.219697e-01 3.629574e+03 4.226796e+03 
1.270101e-01 3.560294e+03 3.943431e+03 
1.320505e-01 3.568945e+03 3.686098e+03 
1.370909e-01 3.595959e+03 3.451783e+03 
1.421313e-01 3.588976e+03 3.237892e+03 
1.471717e-01 3.510263e+03 3.042183e+03 
1.522121e-01 3.342831e+03 2.862710e+03 
1.572525e-01 3.094469e+03 2.697776e+03 
1.622929e-01 2.795805e+03 2.545897e+03 
1.673333e-01 2.488109e+03 2.405772e+03 
1.723737e-01 2.207941e+03 2.276254e+03 
1.774141e-01 1.978702e+03 2.156331e+03 
1.824545e-01 1.810868e+03 2.045106e+03 
1.874949e-01 1.705127e+03 1.941783e+03 
1.925354e-01 1.654057e+03 1.845654e+03 
1.975758e-01 1.643026e+03 1.756086e+03 
2.026162e-01 1.652916e+03 1.672514e+03 
2.076566e-01 1.664257e+03 1.594430e+03 
2.126970e-01 1.660611e+03 1.521378e+03 
2.177374e-01 1.630626e+03 1.452948e+03 
2.227778e-01 1.569627e+03 1.388771e+03 
2.278182e-01 1.480788e+03 1.328512e+03 
2.328586e-01 1.373969e+03 1.271867e+03 
2.378990e-01 1.262092e+03 1.218563e+03 
2.429394e-01 1.157224e+03 1.168349e+03 
2.479798e-01 1.068293e+03 1.120999e+03 
2.530202e-01 1.000479e+03 1.076305e+03 
2.580606e-01 9.550395e+02 1.034079e+03 
2.631010e-01 9.295667e+02 9.941467e+02 
2.681414e-01 9.189019e+02 9.563510e+02 
2.731818e-01 9.165428e+02 9.205465e+02 
2.782222e-01 9.158540e+02 8.865999e+02 
2.832626e-01 9.108244e+02 8.543888e+02 
2.883030e-01 8.968390e+02 8.238004e+02 
2.933434e-01 8.716576e+02 7.947308e+02 
2.983838e-01 8.359425e+02 7.670841e+02 
3.034242e-01 7.927893e+02 7.407718e+02 
3.084646e-01 7.465401e+02 7.157120e+02 
3.135051e-01 7.015129e+02 6.918287e+02 
3.185455e-01 6.612946e+02 6.690517e+02 
3.235859e-01 6.283618e+02 6.473158e+02 
3.286263e-01 6.037559e+02 6.265603e+02 
3.336667e-01 5.870831e+02 6.067291e+02 
3.387071e-01 5.767607e+02 5.877696e+02 
3.437475e-01 5.704981e+02 5.696330e+02 
3.487879e-01 5.657947e+02 5.522739e+02 
3.538283e-01 5.602730e+02 5.356497e+02 
3.588687e-01 5.520490e+02 5.197208e+02 
3.639091e-01 5.400063e+02 5.044502e+02 
3.689495e-01 5.240214e+02 4.898031e+02 
3.739899e-01 5.048727e+02 4.757472e+02 
3.790303e-01 4.838882e+02 4.622519e+02 
3.840707e-01 4.626518e+02 4.492887e+02 
3.891111e-01 4.426882e+02 4.368309e+02 
3.941515e-01 4.251645e+02 4.248533e+02 
3.991919e-01 4.107355e+02 4.133324e+02 
4.042323e-01 3.994848e+02 4.022459e+02 
4.092727e-01 3.910141e+02 3.915728e+02 
4.143131e-01 3.846104e+02 3.812936e+02 
4.193535e-01 3.793846e+02 3.713896e+02 
4.243939e-01 3.743875e+02 3.618434e+02 
4.294343e-01 3.687614e+02 3.526385e+02 
4.344747e-01 3.619316e+02 3.437592e+02 
4.395152e-01 3.536946e+02 3.351909e+02 
4.445556e-01 3.441685e+02 3.269197e+02 
4.495960e-01 3.337285e+02 3.189324e+02 
4.546364e-01 3.229033e+02 3.112165e+02 
4.596768e-01 3.122786e+02 3.037603e+02 
4.647172e-01 3.023919e+02 2.965526e+02 
4.697576e-01 2.936155e+02 2.895828e+02 
4.747980e-01 2.861024e+02 2.828409e+02 
4.798384e-01 2.798045e+02 2.763174e+02 
4.848788e-01 2.745315e+02 2.700032e+02 
4.899192e-01 2.699848e+02 2.638897e+02 
4.949596e-01 2.657994e+02 2.579688e+02 
5.000000e-01 2.616140e+02 2.522327e+02 
