1.000000e-03 4.655125e+03 4.655121e+03 
6.040404e-03 2.029977e+04 2.045542e+04 
1.108081e-02 2.719536e+04 2.739169e+04 
1.612121e-02 2.888208e+04 2.905734e+04 
2.116162e-02 2.750719e+04 2.742410e+04 
2.620202e-02 2.459454e+04 2.441402e+04 
3.124242e-02 2.124365e+04 2.142048e+04 
3.628283e-02 1.815123e+04 1.888672e+04 
4.132323e-02 1.565642e+04 1.679837e+04 
4.636364e-02 1.381534e+04 1.505567e+04 
5.140404e-02 1.257692e+04 1.357562e+04 
5.644444e-02 1.173874e+04 1.230052e+04 
6.148485e-02 1.111970e+04 1.119037e+04 
6.652525e-02 1.054853e+04 1.021628e+04 
7.156566e-02 9.913792e+03 9.356430e+03 
7.660606e-02 9.165651e+03 8.593709e+03 
8.164646e-02 8.322126e+03 7.914321e+03 
8.668687e-02 7.447658e+03 7.306926e+03 
9.172727e-02 6.618681e+03 6.762070e+03 
9.676768e-02 5.899766e+03 6.271796e+03 
1.018081e-01 5.330216e+03 5.829353e+03 
1.068485e-01 4.917068e+03 5.428979e+03 
1.118889e-01 4.637910e+03 5.065730e+03 
1.169293e-01 4.452825e+03 4.735350e+03 
1.219697e-01 4.316562e+03 4.434154e+03 
1.270101e-01 4.186355e+03 4.158945e+03 
1.320505e-01 4.029408e+03 3.906940e+03 
1.370909e-01 3.829824e+03 3.675706e+03 
1.421313e-01 3.590135e+03 3.463111e+03 
1.471717e-01 3.325674e+03 3.267283e+03 
1.522121e-01 3.057663e+03 3.086572e+03 
1.572525e-01 2.808367e+03 2.919520e+03 
1.622929e-01 2.596364e+03 2.764835e+03 
1.673333e-01 2.430828e+03 2.621371e+03 
1.723737e-01 2.309954e+03 2.488109e+03 
1.774141e-01 2.224394e+03 2.364138e+03 
1.824545e-01 2.161962e+03 2.248646e+03 
1.874949e-01 2.109896e+03 2.140903e+03 
1.925354e-01 2.055729e+03 2.040257e+03 
1.975758e-01 1.989913e+03 1.946118e+03 
2.026162e-01 1.908544e+03 1.857958e+03 
2.076566e-01 1.813931e+03 1.775298e+03 
2.126970e-01 1.712238e+03 1.697705e+03 
2.177374e-01 1.610722e+03 1.624788e+03 
2.227778e-01 1.516093e+03 1.556191e+03 
2.278182e-01 1.433548e+03 1.491590e+03 
2.328586e-01 1.365858e+03 1.430692e+03 
2.378990e-01 1.312845e+03 1.373228e+03 
2.429394e-01 1.271876e+03 1.318954e+03 
2.479798e-01 1.238854e+03 1.267645e+03 
2.530202e-01 1.209207e+03 1.219096e+03 
2.580606e-01 1.178828e+03 1.173120e+03 
2.631010e-01 1.144895e+03 1.129543e+03 
2.681414e-01 1.106329e+03 1.088207e+03 
2.731818e-01 1.063721e+03 1.048966e+03 
2.782222e-01 1.018844e+03 1.011684e+03 
2.832626e-01 9.739953e+02 9.762393e+02 
2.883030e-01 9.314815e+02 9.425153e+02 
2.933434e-01 8.931095e+02 9.104064e+02 
2.983838e-01 8.598538e+02 8.798143e+02 
3.034242e-01 8.317720e+02 8.506480e+02 
3.084646e-01 8.080756e+02 8.228231e+02 
3.135051e-01 7.874505e+02 7.962612e+02 
3.185455e-01 7.683941e+02 7.708893e+02 
3.235859e-01 7.495887e+02 7.466397e+02 
3.286263e-01 7.300602e+02 7.234493e+02 
3.336667e-01 7.093109e+02 7.012591e+02 
3.387071e-01 6.873844e+02 6.800143e+02 
3.437475e-01 6.647779e+02 6.596636e+02 
3.487879e-01 6.422690e+02 6.401590e+02 
3.538283e-01 6.206403e+02 6.214559e+02 
3.588687e-01 6.004631e+02 6.035122e+02 
3.639091e-01 5.820580e+02 5.862887e+02 
3.689495e-01 5.655256e+02 5.697485e+02 
3.739899e-01 5.507315e+02 5.538570e+02 
3.790303e-01 5.372932e+02 5.385820e+02 
3.840707e-01 5.247019e+02 5.238927e+02 
3.891111e-01 5.124694e+02 5.097607e+02 
3.941515e-01 5.002449e+02 4.961590e+02 
3.991919e-01 4.878519e+02 4.830621e+02 
4.042323e-01 4.752513e+02 4.704462e+02 
4.092727e-01 4.625325e+02 4.582888e+02 
4.143131e-01 4.498992e+02 4.465685e+02 
4.193535e-01 4.376071e+02 4.352653e+02 
4.243939e-01 4.258737e+02 4.243603e+02 
4.294343e-01 4.148261e+02 4.138356e+02 
4.344747e-01 4.045176e+02 4.036741e+02 
4.395152e-01 3.949195e+02 3.938600e+02 
4.445556e-01 3.859354e+02 3.843781e+02 
4.495960e-01 3.774198e+02 3.752139e+02 
4.546364e-01 3.692038e+02 3.663539e+02 
4.596768e-01 3.611495e+02 3.577853e+02 
4.647172e-01 3.531748e+02 3.494956e+02 
4.697576e-01 3.452418e+02 3.414735e+02 
4.747980e-01 3.373639e+02 3.337077e+02 
4.798384e-01 3.295837e+02 3.261879e+02 
4.848788e-01 3.219704e+02 3.189040e+02 
4.899192e-01 3.146067e+02 3.118467e+02 
4.949596e-01 3.075410e+02 3.050069e+02 
5.000000e-01 3.007941e+02 2.983760e+02 
