1.000000e-03 3.727879e+03 3.727876e+03 
6.040404e-03 1.667408e+04 1.680125e+04 
1.108081e-02 2.275063e+04 2.289847e+04 
1.612121e-02 2.458963e+04 2.471056e+04 
2.116162e-02 2.385616e+04 2.377973e+04 
2.620202e-02 2.175361e+04 2.159788e+04 
3.124242e-02 1.916862e+04 1.928698e+04 
3.628283e-02 1.668494e+04 1.725149e+04 
4.132323e-02 1.461107e+04 1.552234e+04 
4.636364e-02 1.302611e+04 1.404468e+04 
5.140404e-02 1.191220e+04 1.276568e+04 
5.644444e-02 1.112673e+04 1.164666e+04 
6.148485e-02 1.052710e+04 1.065984e+04 
6.652525e-02 9.984078e+03 9.784531e+03 
7.156566e-02 9.398515e+03 9.004629e+03 
7.660606e-02 8.726403e+03 8.307145e+03 
8.164646e-02 7.979656e+03 7.681345e+03 
8.668687e-02 7.208717e+03 7.118212e+03 
9.172727e-02 6.472606e+03 6.610083e+03 
9.676768e-02 5.821452e+03 6.150402e+03 
1.018081e-01 5.290083e+03 5.733526e+03 
1.068485e-01 4.890019e+03 5.354577e+03 
1.118889e-01 4.607675e+03 5.009323e+03 
1.169293e-01 4.409846e+03 4.694084e+03 
1.219697e-01 4.258157e+03 4.405646e+03 
1.270101e-01 4.117526e+03 4.141196e+03 
1.320505e-01 3.960946e+03 3.898268e+03 
1.370909e-01 3.773157e+03 3.674693e+03 
1.421313e-01 3.553016e+03 3.468556e+03 
1.471717e-01 3.311574e+03 3.278168e+03 
1.522121e-01 3.066255e+03 3.102031e+03 
1.572525e-01 2.835092e+03 2.938815e+03 
1.622929e-01 2.633048e+03 2.787337e+03 
1.673333e-01 2.469029e+03 2.646542e+03 
1.723737e-01 2.343854e+03 2.515487e+03 
1.774141e-01 2.251217e+03 2.393329e+03 
1.824545e-01 2.180877e+03 2.279310e+03 
1.874949e-01 2.121664e+03 2.172751e+03 
1.925354e-01 2.063343e+03 2.073037e+03 
1.975758e-01 1.997740e+03 1.979617e+03 
2.026162e-01 1.920612e+03 1.891990e+03 
2.076566e-01 1.832573e+03 1.809704e+03 
2.126970e-01 1.737851e+03 1.732350e+03 
2.177374e-01 1.642339e+03 1.659554e+03 
2.227778e-01 1.551866e+03 1.590978e+03 
2.278182e-01 1.471092e+03 1.526313e+03 
2.328586e-01 1.402622e+03 1.465277e+03 
2.378990e-01 1.346771e+03 1.407613e+03 
2.429394e-01 1.301845e+03 1.353086e+03 
2.479798e-01 1.264858e+03 1.301480e+03 
2.530202e-01 1.232237e+03 1.252596e+03 
2.580606e-01 1.200348e+03 1.206253e+03 
2.631010e-01 1.166327e+03 1.162283e+03 
2.681414e-01 1.128834e+03 1.120533e+03 
2.731818e-01 1.088105e+03 1.080861e+03 
2.782222e-01 1.045446e+03 1.043135e+03 
2.832626e-01 1.002521e+03 1.007235e+03 
2.883030e-01 9.610906e+02 9.730475e+02 
2.933434e-01 9.228074e+02 9.404697e+02 
2.983838e-01 8.887808e+02 9.094051e+02 
3.034242e-01 8.593080e+02 8.797644e+02 
3.084646e-01 8.338645e+02 8.514648e+02 
3.135051e-01 8.114529e+02 8.244291e+02 
3.185455e-01 7.909377e+02 7.985855e+02 
3.235859e-01 7.712234e+02 7.738672e+02 
3.286263e-01 7.513779e+02 7.502118e+02 
3.336667e-01 7.307855e+02 7.275613e+02 
3.387071e-01 7.093064e+02 7.058612e+02 
3.437475e-01 6.872651e+02 6.850609e+02 
3.487879e-01 6.652301e+02 6.651128e+02 
3.538283e-01 6.437989e+02 6.459724e+02 
3.588687e-01 6.234779e+02 6.275981e+02 
3.639091e-01 6.046204e+02 6.099508e+02 
3.689495e-01 5.874142e+02 5.929939e+02 
3.739899e-01 5.717926e+02 5.766929e+02 
3.790303e-01 5.574882e+02 5.610154e+02 
3.840707e-01 5.441208e+02 5.459312e+02 
3.891111e-01 5.313161e+02 5.314115e+02 
3.941515e-01 5.187550e+02 5.174294e+02 
3.991919e-01 5.062151e+02 5.039595e+02 
4.042323e-01 4.935803e+02 4.909778e+02 
4.092727e-01 4.808745e+02 4.784619e+02 
4.143131e-01 4.682520e+02 4.663903e+02 
4.193535e-01 4.559105e+02 4.547429e+02 
4.243939e-01 4.440207e+02 4.435006e+02 
4.294343e-01 4.326929e+02 4.326456e+02 
4.344747e-01 4.219890e+02 4.221607e+02 
4.395152e-01 4.119472e+02 4.120299e+02 
4.445556e-01 4.025168e+02 4.022378e+02 
4.495960e-01 3.935754e+02 3.927700e+02 
4.546364e-01 3.849801e+02 3.836127e+02 
4.596768e-01 3.766261e+02 3.747530e+02 
4.647172e-01 3.684338e+02 3.661785e+02 
4.697576e-01 3.603526e+02 3.578775e+02 
4.747980e-01 3.523544e+02 3.498387e+02 
4.798384e-01 3.444502e+02 3.420517e+02 
4.848788e-01 3.367031e+02 3.345063e+02 
4.899192e-01 3.291740e+02 3.271930e+02 
4.949596e-01 3.219109e+02 3.201025e+02 
5.000000e-01 3.149307e+02 3.132263e+02 
