1.000000e-03 5.836443e+03 5.836437e+03 
6.040404e-03 2.591865e+04 2.612973e+04 
1.108081e-02 3.492801e+04 3.529013e+04 
1.612121e-02 3.704012e+04 3.753560e+04 
2.116162e-02 3.493157e+04 3.505134e+04 
2.620202e-02 3.061994e+04 3.028099e+04 
3.124242e-02 2.564219e+04 2.550205e+04 
3.628283e-02 2.102300e+04 2.162202e+04 
4.132323e-02 1.728998e+04 1.862888e+04 
4.636364e-02 1.456323e+04 1.629289e+04 
5.140404e-02 1.278539e+04 1.441863e+04 
5.644444e-02 1.171229e+04 1.287487e+04 
6.148485e-02 1.109352e+04 1.157673e+04 
6.652525e-02 1.068565e+04 1.046802e+04 
7.156566e-02 1.028957e+04 9.509928e+03 
7.660606e-02 9.763989e+03 8.674473e+03 
8.164646e-02 9.047553e+03 7.940670e+03 
8.668687e-02 8.165021e+03 7.292289e+03 
9.172727e-02 7.201363e+03 6.716465e+03 
9.676768e-02 6.262215e+03 6.202798e+03 
1.018081e-01 5.439743e+03 5.742757e+03 
1.068485e-01 4.791230e+03 5.329261e+03 
1.118889e-01 4.332611e+03 4.956373e+03 
1.169293e-01 4.046575e+03 4.619077e+03 
1.219697e-01 3.895412e+03 4.313107e+03 
1.270101e-01 3.830237e+03 4.034811e+03 
1.320505e-01 3.797396e+03 3.781049e+03 
1.370909e-01 3.747735e+03 3.549109e+03 
1.421313e-01 3.646416e+03 3.336636e+03 
1.471717e-01 3.478120e+03 3.141581e+03 
1.522121e-01 3.246787e+03 2.962151e+03 
1.572525e-01 2.972760e+03 2.796775e+03 
1.622929e-01 2.687322e+03 2.644068e+03 
1.673333e-01 2.422872e+03 2.502812e+03 
1.723737e-01 2.202572e+03 2.371925e+03 
1.774141e-01 2.036394e+03 2.250451e+03 
1.824545e-01 1.923878e+03 2.137536e+03 
1.874949e-01 1.857975e+03 2.032421e+03 
1.925354e-01 1.826623e+03 1.934426e+03 
1.975758e-01 1.813543e+03 1.842944e+03 
2.026162e-01 1.801116e+03 1.757428e+03 
2.076566e-01 1.774825e+03 1.677386e+03 
2.126970e-01 1.726408e+03 1.602377e+03 
2.177374e-01 1.654190e+03 1.531999e+03 
2.227778e-01 1.562109e+03 1.465893e+03 
2.278182e-01 1.458410e+03 1.403729e+03 
2.328586e-01 1.353583e+03 1.345210e+03 
2.378990e-01 1.257515e+03 1.290065e+03 
2.429394e-01 1.177172e+03 1.238049e+03 
2.479798e-01 1.115731e+03 1.188936e+03 
2.530202e-01 1.072994e+03 1.142520e+03 
2.580606e-01 1.046031e+03 1.098615e+03 
2.631010e-01 1.029923e+03 1.057047e+03 
2.681414e-01 1.018674e+03 1.017659e+03 
2.731818e-01 1.006491e+03 9.803061e+02 
2.782222e-01 9.888893e+02 9.448541e+02 
2.832626e-01 9.633450e+02 9.111804e+02 
2.883030e-01 9.294604e+02 8.791717e+02 
2.933434e-01 8.887932e+02 8.487234e+02 
2.983838e-01 8.443916e+02 8.197387e+02 
3.034242e-01 7.999742e+02 7.921282e+02 
3.084646e-01 7.589616e+02 7.658090e+02 
3.135051e-01 7.237513e+02 7.407044e+02 
3.185455e-01 6.954237e+02 7.167429e+02 
3.235859e-01 6.739080e+02 6.938583e+02 
3.286263e-01 6.581797e+02 6.719890e+02 
3.336667e-01 6.465008e+02 6.510776e+02 
3.387071e-01 6.367173e+02 6.310707e+02 
3.437475e-01 6.266923e+02 6.119185e+02 
3.487879e-01 6.147888e+02 5.935744e+02 
3.538283e-01 6.001489e+02 5.759950e+02 
3.588687e-01 5.826823e+02 5.591396e+02 
3.639091e-01 5.629249e+02 5.429702e+02 
3.689495e-01 5.418704e+02 5.274513e+02 
3.739899e-01 5.207767e+02 5.125494e+02 
3.790303e-01 5.008821e+02 4.982333e+02 
3.840707e-01 4.831292e+02 4.844735e+02 
3.891111e-01 4.679840e+02 4.712425e+02 
3.941515e-01 4.554523e+02 4.585144e+02 
3.991919e-01 4.451950e+02 4.462648e+02 
4.042323e-01 4.366046e+02 4.344706e+02 
4.092727e-01 4.289065e+02 4.231104e+02 
4.143131e-01 4.213238e+02 4.121636e+02 
4.193535e-01 4.132491e+02 4.016111e+02 
4.243939e-01 4.043243e+02 3.914348e+02 
4.294343e-01 3.944667e+02 3.816175e+02 
4.344747e-01 3.838024e+02 3.721430e+02 
4.395152e-01 3.726771e+02 3.629961e+02 
4.445556e-01 3.615331e+02 3.541622e+02 
4.495960e-01 3.508295e+02 3.456277e+02 
4.546364e-01 3.409203e+02 3.373796e+02 
4.596768e-01 3.320003e+02 3.294057e+02 
4.647172e-01 3.241144e+02 3.216942e+02 
4.697576e-01 3.171852e+02 3.142342e+02 
4.747980e-01 3.110083e+02 3.070151e+02 
4.798384e-01 3.053017e+02 3.000270e+02 
4.848788e-01 2.997641e+02 2.932605e+02 
4.899192e-01 2.941561e+02 2.867066e+02 
4.949596e-01 2.883446e+02 2.803566e+02 
5.000000e-01 2.822659e+02 2.742026e+02 
