1.000000e-03 5.032517e+03 5.032513e+03 
6.040404e-03 2.178390e+04 2.195770e+04 
1.108081e-02 2.931577e+04 2.956775e+04 
1.612121e-02 3.127663e+04 3.157648e+04 
2.116162e-02 2.986633e+04 2.989030e+04 
2.620202e-02 2.667890e+04 2.643975e+04 
3.124242e-02 2.290221e+04 2.289204e+04 
3.628283e-02 1.932849e+04 1.990519e+04 
4.132323e-02 1.637865e+04 1.750228e+04 
4.636364e-02 1.416155e+04 1.555095e+04 
5.140404e-02 1.265457e+04 1.393190e+04 
5.644444e-02 1.167512e+04 1.256199e+04 
6.148485e-02 1.102988e+04 1.138527e+04 
6.652525e-02 1.053355e+04 1.036312e+04 
7.156566e-02 1.003184e+04 9.467705e+03 
7.660606e-02 9.427558e+03 8.678092e+03 
8.164646e-02 8.690969e+03 7.978006e+03 
8.668687e-02 7.855644e+03 7.354444e+03 
9.172727e-02 6.991007e+03 6.796808e+03 
9.676768e-02 6.174378e+03 6.296332e+03 
1.018081e-01 5.470883e+03 5.845682e+03 
1.068485e-01 4.919320e+03 5.438665e+03 
1.118889e-01 4.525595e+03 5.070016e+03 
1.169293e-01 4.268095e+03 4.735229e+03 
1.219697e-01 4.110012e+03 4.430431e+03 
1.270101e-01 4.008576e+03 4.152276e+03 
1.320505e-01 3.921219e+03 3.897861e+03 
1.370909e-01 3.811713e+03 3.664660e+03 
1.421313e-01 3.657828e+03 3.450465e+03 
1.471717e-01 3.455106e+03 3.253342e+03 
1.522121e-01 3.213966e+03 3.071589e+03 
1.572525e-01 2.954122e+03 2.903708e+03 
1.622929e-01 2.699460e+03 2.748374e+03 
1.673333e-01 2.472230e+03 2.604411e+03 
1.723737e-01 2.287216e+03 2.470776e+03 
1.774141e-01 2.148876e+03 2.346539e+03 
1.824545e-01 2.053021e+03 2.230870e+03 
1.874949e-01 1.990388e+03 2.123027e+03 
1.925354e-01 1.949073e+03 2.022343e+03 
1.975758e-01 1.915743e+03 1.928221e+03 
2.026162e-01 1.877622e+03 1.840123e+03 
2.076566e-01 1.825464e+03 1.757563e+03 
2.126970e-01 1.755721e+03 1.680101e+03 
2.177374e-01 1.670378e+03 1.607341e+03 
2.227778e-01 1.575088e+03 1.538924e+03 
2.278182e-01 1.477359e+03 1.474520e+03 
2.328586e-01 1.384717e+03 1.413834e+03 
2.378990e-01 1.303272e+03 1.356594e+03 
2.429394e-01 1.236608e+03 1.302553e+03 
2.479798e-01 1.185492e+03 1.251484e+03 
2.530202e-01 1.148144e+03 1.203181e+03 
2.580606e-01 1.120942e+03 1.157454e+03 
2.631010e-01 1.099228e+03 1.114129e+03 
2.681414e-01 1.078329e+03 1.073047e+03 
2.731818e-01 1.054535e+03 1.034059e+03 
2.782222e-01 1.025622e+03 9.970316e+02 
2.832626e-01 9.910041e+02 9.618390e+02 
2.883030e-01 9.516050e+02 9.283658e+02 
2.933434e-01 9.095095e+02 8.965056e+02 
2.983838e-01 8.674001e+02 8.661596e+02 
3.034242e-01 8.278239e+02 8.372366e+02 
3.084646e-01 7.926655e+02 8.096517e+02 
3.135051e-01 7.629093e+02 7.833264e+02 
3.185455e-01 7.386105e+02 7.581875e+02 
3.235859e-01 7.190351e+02 7.341672e+02 
3.286263e-01 7.028425e+02 7.112020e+02 
3.336667e-01 6.884040e+02 6.892332e+02 
3.387071e-01 6.741823e+02 6.682057e+02 
3.437475e-01 6.589799e+02 6.480682e+02 
3.487879e-01 6.421083e+02 6.287728e+02 
3.538283e-01 6.234446e+02 6.102747e+02 
3.588687e-01 6.033840e+02 5.925319e+02 
3.639091e-01 5.826936e+02 5.755051e+02 
3.689495e-01 5.622832e+02 5.591577e+02 
3.739899e-01 5.429561e+02 5.434550e+02 
3.790303e-01 5.253152e+02 5.283647e+02 
3.840707e-01 5.096688e+02 5.138563e+02 
3.891111e-01 4.960516e+02 4.999012e+02 
3.941515e-01 4.842114e+02 4.864726e+02 
3.991919e-01 4.736528e+02 4.735452e+02 
4.042323e-01 4.637894e+02 4.610950e+02 
4.092727e-01 4.540976e+02 4.490997e+02 
4.143131e-01 4.441925e+02 4.375380e+02 
4.193535e-01 4.338585e+02 4.263899e+02 
4.243939e-01 4.230483e+02 4.156366e+02 
4.294343e-01 4.118685e+02 4.052603e+02 
4.344747e-01 4.005651e+02 3.952440e+02 
4.395152e-01 3.894545e+02 3.855718e+02 
4.445556e-01 3.788257e+02 3.762287e+02 
4.495960e-01 3.688768e+02 3.672004e+02 
4.546364e-01 3.597098e+02 3.584733e+02 
4.596768e-01 3.513298e+02 3.500345e+02 
4.647172e-01 3.436562e+02 3.418720e+02 
4.697576e-01 3.365369e+02 3.339742e+02 
4.747980e-01 3.297727e+02 3.263301e+02 
4.798384e-01 3.231565e+02 3.189293e+02 
4.848788e-01 3.165555e+02 3.117619e+02 
4.899192e-01 3.098954e+02 3.048185e+02 
4.949596e-01 3.031577e+02 2.980903e+02 
5.000000e-01 2.963676e+02 2.915685e+02 
