1.000000e-03 3.224396e+03 3.224393e+03 
6.040404e-03 1.394429e+04 1.404484e+04 
1.108081e-02 1.887072e+04 1.892618e+04 
1.612121e-02 2.045769e+04 2.041343e+04 
2.116162e-02 2.011606e+04 1.995028e+04 
2.620202e-02 1.877591e+04 1.865744e+04 
3.124242e-02 1.707108e+04 1.719621e+04 
3.628283e-02 1.539513e+04 1.579494e+04 
4.132323e-02 1.394536e+04 1.450408e+04 
4.636364e-02 1.276295e+04 1.332780e+04 
5.140404e-02 1.184486e+04 1.226022e+04 
5.644444e-02 1.107481e+04 1.129324e+04 
6.148485e-02 1.037934e+04 1.041825e+04 
6.652525e-02 9.699089e+03 9.626705e+03 
7.156566e-02 8.997895e+03 8.910415e+03 
7.660606e-02 8.279217e+03 8.261721e+03 
8.164646e-02 7.575468e+03 7.673589e+03 
8.668687e-02 6.925055e+03 7.139639e+03 
9.172727e-02 6.353225e+03 6.654137e+03 
9.676768e-02 5.871646e+03 6.211963e+03 
1.018081e-01 5.481573e+03 5.808560e+03 
1.068485e-01 5.171137e+03 5.439886e+03 
1.118889e-01 4.914843e+03 5.102358e+03 
1.169293e-01 4.683057e+03 4.792804e+03 
1.219697e-01 4.454343e+03 4.508413e+03 
1.270101e-01 4.218504e+03 4.246694e+03 
1.320505e-01 3.974661e+03 4.005438e+03 
1.370909e-01 3.728506e+03 3.782681e+03 
1.421313e-01 3.489673e+03 3.576679e+03 
1.471717e-01 3.268223e+03 3.385876e+03 
1.522121e-01 3.071205e+03 3.208887e+03 
1.572525e-01 2.901828e+03 3.044472e+03 
1.622929e-01 2.759411e+03 2.891521e+03 
1.673333e-01 2.639126e+03 2.749041e+03 
1.723737e-01 2.533479e+03 2.616140e+03 
1.774141e-01 2.434767e+03 2.492013e+03 
1.824545e-01 2.337594e+03 2.375938e+03 
1.874949e-01 2.239236e+03 2.267261e+03 
1.925354e-01 2.139023e+03 2.165392e+03 
1.975758e-01 2.038315e+03 2.069797e+03 
2.026162e-01 1.940040e+03 1.979992e+03 
2.076566e-01 1.847552e+03 1.895535e+03 
2.126970e-01 1.763040e+03 1.816027e+03 
2.177374e-01 1.687225e+03 1.741104e+03 
2.227778e-01 1.619808e+03 1.670432e+03 
2.278182e-01 1.559590e+03 1.603708e+03 
2.328586e-01 1.504706e+03 1.540655e+03 
2.378990e-01 1.453080e+03 1.481017e+03 
2.429394e-01 1.403055e+03 1.424561e+03 
2.479798e-01 1.353805e+03 1.371072e+03 
2.530202e-01 1.304932e+03 1.320355e+03 
2.580606e-01 1.256534e+03 1.272228e+03 
2.631010e-01 1.209217e+03 1.226522e+03 
2.681414e-01 1.163942e+03 1.183085e+03 
2.731818e-01 1.121521e+03 1.141774e+03 
2.782222e-01 1.082190e+03 1.102457e+03 
2.832626e-01 1.045747e+03 1.065012e+03 
2.883030e-01 1.011888e+03 1.029326e+03 
2.933434e-01 9.802563e+02 9.952951e+02 
2.983838e-01 9.503901e+02 9.628214e+02 
3.034242e-01 9.216934e+02 9.318147e+02 
3.084646e-01 8.937340e+02 9.021908e+02 
3.135051e-01 8.663750e+02 8.738716e+02 
3.185455e-01 8.396898e+02 8.467842e+02 
3.235859e-01 8.138145e+02 8.208604e+02 
3.286263e-01 7.888535e+02 7.960368e+02 
3.336667e-01 7.649186e+02 7.722542e+02 
3.387071e-01 7.421598e+02 7.494569e+02 
3.437475e-01 7.206470e+02 7.275932e+02 
3.487879e-01 7.003143e+02 7.066145e+02 
3.538283e-01 6.809718e+02 6.864751e+02 
3.588687e-01 6.624490e+02 6.671325e+02 
3.639091e-01 6.446288e+02 6.485464e+02 
3.689495e-01 6.274189e+02 6.306792e+02 
3.739899e-01 6.107402e+02 6.134956e+02 
3.790303e-01 5.945351e+02 5.969622e+02 
3.840707e-01 5.787953e+02 5.810477e+02 
3.891111e-01 5.635712e+02 5.657226e+02 
3.941515e-01 5.489042e+02 5.509592e+02 
3.991919e-01 5.347998e+02 5.367311e+02 
4.042323e-01 5.212371e+02 5.230137e+02 
4.092727e-01 5.082186e+02 5.097836e+02 
4.143131e-01 4.957284e+02 4.970187e+02 
4.193535e-01 4.837069e+02 4.846981e+02 
4.243939e-01 4.720964e+02 4.728023e+02 
4.294343e-01 4.608593e+02 4.613124e+02 
4.344747e-01 4.499657e+02 4.502108e+02 
4.395152e-01 4.394119e+02 4.394808e+02 
4.445556e-01 4.291701e+02 4.291065e+02 
4.495960e-01 4.192408e+02 4.190729e+02 
4.546364e-01 4.096140e+02 4.093656e+02 
4.596768e-01 4.002952e+02 3.999712e+02 
4.647172e-01 3.912919e+02 3.908767e+02 
4.697576e-01 3.825852e+02 3.820700e+02 
4.747980e-01 3.741535e+02 3.735395e+02 
4.798384e-01 3.659908e+02 3.652739e+02 
4.848788e-01 3.580847e+02 3.572630e+02 
4.899192e-01 3.504284e+02 3.494965e+02 
4.949596e-01 3.429913e+02 3.419651e+02 
5.000000e-01 3.357595e+02 3.346596e+02 
