1.000000e-03 2.878269e+03 2.878266e+03 
6.040404e-03 1.284412e+04 1.293458e+04 
1.108081e-02 1.743241e+04 1.745716e+04 
1.612121e-02 1.892274e+04 1.882666e+04 
2.116162e-02 1.865970e+04 1.846345e+04 
2.620202e-02 1.750798e+04 1.738589e+04 
3.124242e-02 1.603736e+04 1.613564e+04 
3.628283e-02 1.458764e+04 1.490073e+04 
4.132323e-02 1.332017e+04 1.373591e+04 
4.636364e-02 1.226149e+04 1.265706e+04 
5.140404e-02 1.139772e+04 1.166731e+04 
5.644444e-02 1.063630e+04 1.076434e+04 
6.148485e-02 9.921882e+03 9.943214e+03 
6.652525e-02 9.216320e+03 9.197770e+03 
7.156566e-02 8.510584e+03 8.521430e+03 
7.660606e-02 7.819248e+03 7.907683e+03 
8.164646e-02 7.172321e+03 7.350345e+03 
8.668687e-02 6.595074e+03 6.843688e+03 
9.172727e-02 6.098633e+03 6.382494e+03 
9.676768e-02 5.683942e+03 5.962058e+03 
1.018081e-01 5.342513e+03 5.578166e+03 
1.068485e-01 5.054152e+03 5.227060e+03 
1.118889e-01 4.793915e+03 4.905396e+03 
1.169293e-01 4.542242e+03 4.610207e+03 
1.219697e-01 4.290261e+03 4.338854e+03 
1.270101e-01 4.037402e+03 4.088996e+03 
1.320505e-01 3.788634e+03 3.858554e+03 
1.370909e-01 3.552499e+03 3.645678e+03 
1.421313e-01 3.336566e+03 3.448719e+03 
1.471717e-01 3.144554e+03 3.266210e+03 
1.522121e-01 2.976696e+03 3.096839e+03 
1.572525e-01 2.831147e+03 2.939434e+03 
1.622929e-01 2.703986e+03 2.792945e+03 
1.673333e-01 2.588699e+03 2.656429e+03 
1.723737e-01 2.478805e+03 2.529040e+03 
1.774141e-01 2.370749e+03 2.410016e+03 
1.824545e-01 2.263934e+03 2.298671e+03 
1.874949e-01 2.159102e+03 2.194385e+03 
1.925354e-01 2.057465e+03 2.096597e+03 
1.975758e-01 1.960916e+03 2.004799e+03 
2.026162e-01 1.871526e+03 1.918530e+03 
2.076566e-01 1.790303e+03 1.837371e+03 
2.126970e-01 1.716780e+03 1.760943e+03 
2.177374e-01 1.649698e+03 1.688897e+03 
2.227778e-01 1.587625e+03 1.620917e+03 
2.278182e-01 1.529191e+03 1.556714e+03 
2.328586e-01 1.473247e+03 1.496023e+03 
2.378990e-01 1.419070e+03 1.438602e+03 
2.429394e-01 1.366395e+03 1.384228e+03 
2.479798e-01 1.315262e+03 1.332696e+03 
2.530202e-01 1.266025e+03 1.283819e+03 
2.580606e-01 1.219209e+03 1.237424e+03 
2.631010e-01 1.175211e+03 1.193351e+03 
2.681414e-01 1.134081e+03 1.151452e+03 
2.731818e-01 1.095546e+03 1.111593e+03 
2.782222e-01 1.059294e+03 1.073647e+03 
2.832626e-01 1.025006e+03 1.037498e+03 
2.883030e-01 9.923250e+02 1.003037e+03 
2.933434e-01 9.609222e+02 9.701650e+02 
2.983838e-01 9.306012e+02 9.387887e+02 
3.034242e-01 9.013207e+02 9.088216e+02 
3.084646e-01 8.731187e+02 8.801834e+02 
3.135051e-01 8.460188e+02 8.527990e+02 
3.185455e-01 8.200659e+02 8.265988e+02 
3.235859e-01 7.953000e+02 8.015177e+02 
3.286263e-01 7.717258e+02 7.774947e+02 
3.336667e-01 7.492739e+02 7.544732e+02 
3.387071e-01 7.278246e+02 7.323999e+02 
3.437475e-01 7.072813e+02 7.112252e+02 
3.487879e-01 6.875494e+02 6.909024e+02 
3.538283e-01 6.685475e+02 6.713880e+02 
3.588687e-01 6.501990e+02 6.526409e+02 
3.639091e-01 6.324861e+02 6.346227e+02 
3.689495e-01 6.154155e+02 6.172973e+02 
3.739899e-01 5.989750e+02 6.006307e+02 
3.790303e-01 5.831489e+02 5.845910e+02 
3.840707e-01 5.679075e+02 5.691481e+02 
3.891111e-01 5.532447e+02 5.542737e+02 
3.941515e-01 5.391523e+02 5.399410e+02 
3.991919e-01 5.255916e+02 5.261249e+02 
4.042323e-01 5.125062e+02 5.128017e+02 
4.092727e-01 4.998603e+02 4.999488e+02 
4.143131e-01 4.876465e+02 4.875451e+02 
4.193535e-01 4.758457e+02 4.755706e+02 
4.243939e-01 4.644331e+02 4.640062e+02 
4.294343e-01 4.533801e+02 4.528341e+02 
4.344747e-01 4.426869e+02 4.420371e+02 
4.395152e-01 4.323603e+02 4.315994e+02 
4.445556e-01 4.223827e+02 4.215054e+02 
4.495960e-01 4.127236e+02 4.117409e+02 
4.546364e-01 4.033676e+02 4.022920e+02 
4.596768e-01 3.943145e+02 3.931457e+02 
4.647172e-01 3.855544e+02 3.842896e+02 
4.697576e-01 3.770692e+02 3.757120e+02 
4.747980e-01 3.688346e+02 3.674015e+02 
4.798384e-01 3.608410e+02 3.593477e+02 
4.848788e-01 3.530958e+02 3.515403e+02 
4.899192e-01 3.455887e+02 3.439698e+02 
4.949596e-01 3.382952e+02 3.366268e+02 
5.000000e-01 3.312127e+02 3.295027e+02 
