1.000000e-03 3.493963e+03 3.493960e+03 
6.040404e-03 1.546952e+04 1.558650e+04 
1.108081e-02 2.109216e+04 2.121101e+04 
1.612121e-02 2.285622e+04 2.292857e+04 
2.116162e-02 2.229621e+04 2.219945e+04 
2.620202e-02 2.049767e+04 2.036117e+04 
3.124242e-02 1.824828e+04 1.837273e+04 
3.628283e-02 1.606372e+04 1.657970e+04 
4.132323e-02 1.421746e+04 1.502135e+04 
4.636364e-02 1.278415e+04 1.366422e+04 
5.140404e-02 1.174456e+04 1.247233e+04 
5.644444e-02 1.098165e+04 1.141799e+04 
6.148485e-02 1.036895e+04 1.048036e+04 
6.652525e-02 9.800231e+03 9.643176e+03 
7.156566e-02 9.194078e+03 8.893284e+03 
7.660606e-02 8.518796e+03 8.219703e+03 
8.164646e-02 7.792026e+03 7.613121e+03 
8.668687e-02 7.061403e+03 7.065552e+03 
9.172727e-02 6.377272e+03 6.570102e+03 
9.676768e-02 5.778901e+03 6.120794e+03 
1.018081e-01 5.291474e+03 5.712435e+03 
1.068485e-01 4.921051e+03 5.340495e+03 
1.118889e-01 4.651936e+03 5.001019e+03 
1.169293e-01 4.452036e+03 4.690546e+03 
1.219697e-01 4.285778e+03 4.406039e+03 
1.270101e-01 4.123551e+03 4.144829e+03 
1.320505e-01 3.945178e+03 3.904566e+03 
1.370909e-01 3.741411e+03 3.683175e+03 
1.421313e-01 3.514652e+03 3.478823e+03 
1.471717e-01 3.276631e+03 3.289883e+03 
1.522121e-01 3.042923e+03 3.114912e+03 
1.572525e-01 2.828302e+03 2.952625e+03 
1.622929e-01 2.643615e+03 2.801876e+03 
1.673333e-01 2.494138e+03 2.661642e+03 
1.723737e-01 2.378085e+03 2.531007e+03 
1.774141e-01 2.288162e+03 2.409149e+03 
1.824545e-01 2.214527e+03 2.295330e+03 
1.874949e-01 2.147522e+03 2.188886e+03 
1.925354e-01 2.078970e+03 2.089216e+03 
1.975758e-01 2.003322e+03 1.995779e+03 
2.026162e-01 1.918707e+03 1.908087e+03 
2.076566e-01 1.827108e+03 1.825693e+03 
2.126970e-01 1.733091e+03 1.748197e+03 
2.177374e-01 1.641752e+03 1.675231e+03 
2.227778e-01 1.557474e+03 1.606461e+03 
2.278182e-01 1.483304e+03 1.541583e+03 
2.328586e-01 1.420476e+03 1.480319e+03 
2.378990e-01 1.368255e+03 1.422415e+03 
2.429394e-01 1.324354e+03 1.367638e+03 
2.479798e-01 1.285844e+03 1.315775e+03 
2.530202e-01 1.249775e+03 1.266630e+03 
2.580606e-01 1.213512e+03 1.220023e+03 
2.631010e-01 1.175205e+03 1.175787e+03 
2.681414e-01 1.134344e+03 1.133771e+03 
2.731818e-01 1.091742e+03 1.093832e+03 
2.782222e-01 1.048883e+03 1.055841e+03 
2.832626e-01 1.007255e+03 1.019677e+03 
2.883030e-01 9.680924e+02 9.852296e+02 
2.933434e-01 9.323306e+02 9.523946e+02 
2.983838e-01 9.004748e+02 9.210763e+02 
3.034242e-01 8.724498e+02 8.911859e+02 
3.084646e-01 8.474979e+02 8.626408e+02 
3.135051e-01 8.245865e+02 8.353639e+02 
3.185455e-01 8.027326e+02 8.092838e+02 
3.235859e-01 7.812204e+02 7.843337e+02 
3.286263e-01 7.595494e+02 7.604513e+02 
3.336667e-01 7.374603e+02 7.375786e+02 
3.387071e-01 7.150353e+02 7.156612e+02 
3.437475e-01 6.926669e+02 6.946484e+02 
3.487879e-01 6.708808e+02 6.744927e+02 
3.538283e-01 6.501292e+02 6.551496e+02 
3.588687e-01 6.306943e+02 6.365774e+02 
3.639091e-01 6.126679e+02 6.187369e+02 
3.689495e-01 5.960102e+02 6.015915e+02 
3.739899e-01 5.805882e+02 5.851066e+02 
3.790303e-01 5.661257e+02 5.692498e+02 
3.840707e-01 5.522859e+02 5.539907e+02 
3.891111e-01 5.387904e+02 5.393005e+02 
3.941515e-01 5.254640e+02 5.251522e+02 
3.991919e-01 5.122409e+02 5.115202e+02 
4.042323e-01 4.991158e+02 4.983806e+02 
4.092727e-01 4.861556e+02 4.857107e+02 
4.143131e-01 4.735002e+02 4.734890e+02 
4.193535e-01 4.612906e+02 4.616953e+02 
4.243939e-01 4.496334e+02 4.503106e+02 
4.294343e-01 4.385634e+02 4.393166e+02 
4.344747e-01 4.280667e+02 4.286963e+02 
4.395152e-01 4.180968e+02 4.184335e+02 
4.445556e-01 4.085982e+02 4.085128e+02 
4.495960e-01 3.994699e+02 3.989196e+02 
4.546364e-01 3.906099e+02 3.896401e+02 
4.596768e-01 3.819415e+02 3.806613e+02 
4.647172e-01 3.734364e+02 3.719706e+02 
4.697576e-01 3.650927e+02 3.635564e+02 
4.747980e-01 3.569160e+02 3.554072e+02 
4.798384e-01 3.489267e+02 3.475125e+02 
4.848788e-01 3.411608e+02 3.398622e+02 
4.899192e-01 3.336548e+02 3.324464e+02 
4.949596e-01 3.264304e+02 3.252561e+02 
5.000000e-01 3.194903e+02 3.182825e+02 
