1.000000e-03 3.442562e+03 3.442559e+03 
6.040404e-03 1.512621e+04 1.523861e+04 
1.108081e-02 2.052931e+04 2.062836e+04 
1.612121e-02 2.219062e+04 2.222298e+04 
2.116162e-02 2.163847e+04 2.151497e+04 
2.620202e-02 1.993016e+04 1.980782e+04 
3.124242e-02 1.781605e+04 1.796751e+04 
3.628283e-02 1.577584e+04 1.628959e+04 
4.132323e-02 1.405560e+04 1.481018e+04 
4.636364e-02 1.271639e+04 1.350594e+04 
5.140404e-02 1.172778e+04 1.235012e+04 
5.644444e-02 1.097509e+04 1.132113e+04 
6.148485e-02 1.034412e+04 1.040191e+04 
6.652525e-02 9.735907e+03 9.578530e+03 
7.156566e-02 9.087527e+03 8.839250e+03 
7.660606e-02 8.382801e+03 8.174017e+03 
8.164646e-02 7.649124e+03 7.574125e+03 
8.668687e-02 6.934955e+03 7.032000e+03 
9.172727e-02 6.284554e+03 6.541039e+03 
9.676768e-02 5.728921e+03 6.095473e+03 
1.018081e-01 5.284576e+03 5.690262e+03 
1.068485e-01 4.948507e+03 5.320992e+03 
1.118889e-01 4.697650e+03 4.983797e+03 
1.169293e-01 4.498000e+03 4.675283e+03 
1.219697e-01 4.316929e+03 4.392468e+03 
1.270101e-01 4.130524e+03 4.132727e+03 
1.320505e-01 3.925451e+03 3.893744e+03 
1.370909e-01 3.699418e+03 3.673474e+03 
1.421313e-01 3.460287e+03 3.470105e+03 
1.471717e-01 3.221898e+03 3.282032e+03 
1.522121e-01 2.998523e+03 3.107827e+03 
1.572525e-01 2.801084e+03 2.946219e+03 
1.622929e-01 2.636159e+03 2.796074e+03 
1.673333e-01 2.504415e+03 2.656378e+03 
1.723737e-01 2.400333e+03 2.526223e+03 
1.774141e-01 2.314602e+03 2.404794e+03 
1.824545e-01 2.237600e+03 2.291360e+03 
1.874949e-01 2.161454e+03 2.185262e+03 
1.925354e-01 2.080730e+03 2.085903e+03 
1.975758e-01 1.993030e+03 1.992748e+03 
2.026162e-01 1.899430e+03 1.905309e+03 
2.076566e-01 1.803771e+03 1.823146e+03 
2.126970e-01 1.710872e+03 1.745857e+03 
2.177374e-01 1.624835e+03 1.673080e+03 
2.227778e-01 1.548365e+03 1.604482e+03 
2.278182e-01 1.482491e+03 1.539760e+03 
2.328586e-01 1.426575e+03 1.478638e+03 
2.378990e-01 1.378545e+03 1.420865e+03 
2.429394e-01 1.335688e+03 1.366207e+03 
2.479798e-01 1.295348e+03 1.314452e+03 
2.530202e-01 1.255238e+03 1.265407e+03 
2.580606e-01 1.213784e+03 1.218890e+03 
2.631010e-01 1.170549e+03 1.174738e+03 
2.681414e-01 1.126280e+03 1.132798e+03 
2.731818e-01 1.082390e+03 1.092930e+03 
2.782222e-01 1.040228e+03 1.055004e+03 
2.832626e-01 1.000744e+03 1.018900e+03 
2.883030e-01 9.645738e+02 9.845077e+02 
2.933434e-01 9.320355e+02 9.517236e+02 
2.983838e-01 9.029232e+02 9.204523e+02 
3.034242e-01 8.765017e+02 8.906053e+02 
3.084646e-01 8.518242e+02 8.621003e+02 
3.135051e-01 8.280538e+02 8.348607e+02 
3.185455e-01 8.046363e+02 8.088150e+02 
3.235859e-01 7.812558e+02 7.838967e+02 
3.286263e-01 7.577921e+02 7.600439e+02 
3.336667e-01 7.343780e+02 7.371986e+02 
3.387071e-01 7.113839e+02 7.153068e+02 
3.437475e-01 6.892535e+02 6.943177e+02 
3.487879e-01 6.683136e+02 6.741840e+02 
3.538283e-01 6.486994e+02 6.548614e+02 
3.588687e-01 6.304063e+02 6.363082e+02 
3.639091e-01 6.133357e+02 6.184855e+02 
3.689495e-01 5.973049e+02 6.013567e+02 
3.739899e-01 5.820572e+02 5.848872e+02 
3.790303e-01 5.673215e+02 5.690448e+02 
3.840707e-01 5.529140e+02 5.537991e+02 
3.891111e-01 5.387437e+02 5.391214e+02 
3.941515e-01 5.247943e+02 5.249848e+02 
3.991919e-01 5.111037e+02 5.113638e+02 
4.042323e-01 4.977400e+02 4.982344e+02 
4.092727e-01 4.848086e+02 4.855740e+02 
4.143131e-01 4.724190e+02 4.733613e+02 
4.193535e-01 4.606128e+02 4.615760e+02 
4.243939e-01 4.493700e+02 4.501990e+02 
4.294343e-01 4.386304e+02 4.392124e+02 
4.344747e-01 4.283575e+02 4.285989e+02 
4.395152e-01 4.184913e+02 4.183425e+02 
4.445556e-01 4.089445e+02 4.084278e+02 
4.495960e-01 3.996391e+02 3.988403e+02 
4.546364e-01 3.905416e+02 3.895661e+02 
4.596768e-01 3.816572e+02 3.805923e+02 
4.647172e-01 3.729962e+02 3.719063e+02 
4.697576e-01 3.645615e+02 3.634964e+02 
4.747980e-01 3.563690e+02 3.553513e+02 
4.798384e-01 3.484435e+02 3.474605e+02 
4.848788e-01 3.407982e+02 3.398137e+02 
4.899192e-01 3.334460e+02 3.324014e+02 
4.949596e-01 3.263492e+02 3.252143e+02 
5.000000e-01 3.194864e+02 3.182437e+02 
