1.000000e-03 2.067383e+03 2.067381e+03 
6.040404e-03 9.312366e+03 9.388072e+03 
1.108081e-02 1.288159e+04 1.289013e+04 
1.612121e-02 1.436564e+04 1.425335e+04 
2.116162e-02 1.466963e+04 1.446991e+04 
2.620202e-02 1.432509e+04 1.411586e+04 
3.124242e-02 1.365565e+04 1.349456e+04 
3.628283e-02 1.285309e+04 1.275720e+04 
4.132323e-02 1.202405e+04 1.198279e+04 
4.636364e-02 1.120806e+04 1.121419e+04 
5.140404e-02 1.045448e+04 1.047445e+04 
5.644444e-02 9.734432e+03 9.775266e+03 
6.148485e-02 9.060336e+03 9.121698e+03 
6.652525e-02 8.436279e+03 8.514969e+03 
7.156566e-02 7.857331e+03 7.954103e+03 
7.660606e-02 7.323489e+03 7.436924e+03 
8.164646e-02 6.838744e+03 6.960660e+03 
8.668687e-02 6.402965e+03 6.522299e+03 
9.172727e-02 6.006804e+03 6.118808e+03 
9.676768e-02 5.642068e+03 5.747249e+03 
1.018081e-01 5.305979e+03 5.404852e+03 
1.068485e-01 4.997835e+03 5.089041e+03 
1.118889e-01 4.712858e+03 4.797449e+03 
1.169293e-01 4.446349e+03 4.527913e+03 
1.219697e-01 4.197011e+03 4.278468e+03 
1.270101e-01 3.965906e+03 4.047332e+03 
1.320505e-01 3.753322e+03 3.832896e+03 
1.370909e-01 3.558081e+03 3.633703e+03 
1.421313e-01 3.377889e+03 3.448440e+03 
1.471717e-01 3.210463e+03 3.275919e+03 
1.522121e-01 3.054302e+03 3.115068e+03 
1.572525e-01 2.908470e+03 2.964918e+03 
1.622929e-01 2.772075e+03 2.824593e+03 
1.673333e-01 2.644212e+03 2.693298e+03 
1.723737e-01 2.523967e+03 2.570314e+03 
1.774141e-01 2.410993e+03 2.454989e+03 
1.824545e-01 2.305298e+03 2.346730e+03 
1.874949e-01 2.206263e+03 2.244998e+03 
1.925354e-01 2.113157e+03 2.149302e+03 
1.975758e-01 2.025491e+03 2.059196e+03 
2.026162e-01 1.942941e+03 1.974270e+03 
2.076566e-01 1.865261e+03 1.894152e+03 
2.126970e-01 1.791869e+03 1.818501e+03 
2.177374e-01 1.722245e+03 1.747005e+03 
2.227778e-01 1.656336e+03 1.679376e+03 
2.278182e-01 1.594008e+03 1.615353e+03 
2.328586e-01 1.534972e+03 1.554692e+03 
2.378990e-01 1.478961e+03 1.497173e+03 
2.429394e-01 1.425760e+03 1.442589e+03 
2.479798e-01 1.375273e+03 1.390752e+03 
2.530202e-01 1.327339e+03 1.341488e+03 
2.580606e-01 1.281713e+03 1.294635e+03 
2.631010e-01 1.238224e+03 1.250044e+03 
2.681414e-01 1.196762e+03 1.207578e+03 
2.731818e-01 1.157272e+03 1.167108e+03 
2.782222e-01 1.119640e+03 1.128515e+03 
2.832626e-01 1.083672e+03 1.091690e+03 
2.883030e-01 1.049274e+03 1.056529e+03 
2.933434e-01 1.016404e+03 1.022938e+03 
2.983838e-01 9.849971e+02 9.908275e+02 
3.034242e-01 9.549634e+02 9.601149e+02 
3.084646e-01 9.261835e+02 9.307230e+02 
3.135051e-01 8.985844e+02 9.025797e+02 
3.185455e-01 8.721255e+02 8.756178e+02 
3.235859e-01 8.467723e+02 8.497741e+02 
3.286263e-01 8.224656e+02 8.249899e+02 
3.336667e-01 7.991084e+02 8.012098e+02 
3.387071e-01 7.766532e+02 7.783823e+02 
3.437475e-01 7.550854e+02 7.564588e+02 
3.487879e-01 7.343679e+02 7.353938e+02 
3.538283e-01 7.144488e+02 7.151444e+02 
3.588687e-01 6.952636e+02 6.956706e+02 
3.639091e-01 6.767828e+02 6.769345e+02 
3.689495e-01 6.590001e+02 6.589005e+02 
3.739899e-01 6.418814e+02 6.415351e+02 
3.790303e-01 6.253827e+02 6.248068e+02 
3.840707e-01 6.094597e+02 6.086857e+02 
3.891111e-01 5.940925e+02 5.931438e+02 
3.941515e-01 5.792793e+02 5.781546e+02 
3.991919e-01 5.649937e+02 5.636930e+02 
4.042323e-01 5.511999e+02 5.497353e+02 
4.092727e-01 5.378638e+02 5.362592e+02 
4.143131e-01 5.249715e+02 5.232433e+02 
4.193535e-01 5.125248e+02 5.106678e+02 
4.243939e-01 5.004979e+02 4.985135e+02 
4.294343e-01 4.888588e+02 4.867625e+02 
4.344747e-01 4.775907e+02 4.753977e+02 
4.395152e-01 4.666855e+02 4.644029e+02 
4.445556e-01 4.561395e+02 4.537626e+02 
4.495960e-01 4.459321e+02 4.434624e+02 
4.546364e-01 4.360378e+02 4.334883e+02 
4.596768e-01 4.264421e+02 4.238271e+02 
4.647172e-01 4.171398e+02 4.144663e+02 
4.697576e-01 4.081326e+02 4.053939e+02 
4.747980e-01 3.994024e+02 3.965987e+02 
4.798384e-01 3.909258e+02 3.880697e+02 
4.848788e-01 3.826960e+02 3.797966e+02 
4.899192e-01 3.747097e+02 3.717698e+02 
4.949596e-01 3.669621e+02 3.639797e+02 
5.000000e-01 3.594387e+02 3.564174e+02 
