1.000000e-03 3.917361e+03 3.917357e+03 
6.040404e-03 1.714292e+04 1.727055e+04 
1.108081e-02 2.301958e+04 2.314154e+04 
1.612121e-02 2.458423e+04 2.463811e+04 
2.116162e-02 2.365188e+04 2.352022e+04 
2.620202e-02 2.147092e+04 2.134689e+04 
3.124242e-02 1.891579e+04 1.912618e+04 
3.628283e-02 1.653124e+04 1.716808e+04 
4.132323e-02 1.457949e+04 1.548373e+04 
4.636364e-02 1.310469e+04 1.402649e+04 
5.140404e-02 1.205667e+04 1.275389e+04 
5.644444e-02 1.128369e+04 1.163418e+04 
6.148485e-02 1.064039e+04 1.064353e+04 
6.652525e-02 1.000920e+04 9.763345e+03 
7.156566e-02 9.323272e+03 8.978573e+03 
7.660606e-02 8.566509e+03 8.276704e+03 
8.164646e-02 7.771437e+03 7.647188e+03 
8.668687e-02 6.996043e+03 7.081039e+03 
9.172727e-02 6.295535e+03 6.570559e+03 
9.676768e-02 5.708770e+03 6.109120e+03 
1.018081e-01 5.252356e+03 5.690999e+03 
1.068485e-01 4.917994e+03 5.311240e+03 
1.118889e-01 4.675834e+03 4.965541e+03 
1.169293e-01 4.487461e+03 4.650155e+03 
1.219697e-01 4.316235e+03 4.361816e+03 
1.270101e-01 4.133801e+03 4.097663e+03 
1.320505e-01 3.924439e+03 3.855191e+03 
1.370909e-01 3.687836e+03 3.632197e+03 
1.421313e-01 3.435857e+03 3.426740e+03 
1.471717e-01 3.185046e+03 3.237107e+03 
1.522121e-01 2.951200e+03 3.061781e+03 
1.572525e-01 2.747506e+03 2.899417e+03 
1.622929e-01 2.581984e+03 2.748820e+03 
1.673333e-01 2.454206e+03 2.608923e+03 
1.723737e-01 2.356160e+03 2.478775e+03 
1.774141e-01 2.276424e+03 2.357526e+03 
1.824545e-01 2.204392e+03 2.244414e+03 
1.874949e-01 2.131625e+03 2.138752e+03 
1.925354e-01 2.051852e+03 2.039925e+03 
1.975758e-01 1.962368e+03 1.947376e+03 
2.026162e-01 1.865319e+03 1.860605e+03 
2.076566e-01 1.766129e+03 1.779157e+03 
2.126970e-01 1.670636e+03 1.702621e+03 
2.177374e-01 1.583284e+03 1.630623e+03 
2.227778e-01 1.506803e+03 1.562824e+03 
2.278182e-01 1.442242e+03 1.498916e+03 
2.328586e-01 1.388733e+03 1.438615e+03 
2.378990e-01 1.343686e+03 1.381665e+03 
2.429394e-01 1.303698e+03 1.327830e+03 
2.479798e-01 1.265451e+03 1.276895e+03 
2.530202e-01 1.226385e+03 1.228662e+03 
2.580606e-01 1.185094e+03 1.182950e+03 
2.631010e-01 1.141512e+03 1.139591e+03 
2.681414e-01 1.096650e+03 1.098433e+03 
2.731818e-01 1.052107e+03 1.059334e+03 
2.782222e-01 1.009502e+03 1.022163e+03 
2.832626e-01 9.701004e+02 9.867994e+02 
2.883030e-01 9.346033e+02 9.531318e+02 
2.933434e-01 9.031430e+02 9.210571e+02 
2.983838e-01 8.752915e+02 8.904795e+02 
3.034242e-01 8.501655e+02 8.613102e+02 
3.084646e-01 8.266849e+02 8.334668e+02 
3.135051e-01 8.038809e+02 8.068728e+02 
3.185455e-01 7.810824e+02 7.814569e+02 
3.235859e-01 7.579750e+02 7.571527e+02 
3.286263e-01 7.346044e+02 7.338983e+02 
3.336667e-01 7.112445e+02 7.116361e+02 
3.387071e-01 6.883335e+02 6.903122e+02 
3.437475e-01 6.663755e+02 6.698763e+02 
3.487879e-01 6.457724e+02 6.502812e+02 
3.538283e-01 6.266662e+02 6.314830e+02 
3.588687e-01 6.089925e+02 6.134403e+02 
3.639091e-01 5.925762e+02 5.961145e+02 
3.689495e-01 5.771911e+02 5.794692e+02 
3.739899e-01 5.625486e+02 5.634705e+02 
3.790303e-01 5.483385e+02 5.480862e+02 
3.840707e-01 5.343403e+02 5.332863e+02 
3.891111e-01 5.204627e+02 5.190426e+02 
3.941515e-01 5.067292e+02 5.053282e+02 
3.991919e-01 4.932435e+02 4.921183e+02 
4.042323e-01 4.801123e+02 4.793889e+02 
4.092727e-01 4.674439e+02 4.671180e+02 
4.143131e-01 4.553457e+02 4.552843e+02 
4.193535e-01 4.438725e+02 4.438681e+02 
4.243939e-01 4.329965e+02 4.328504e+02 
4.294343e-01 4.226575e+02 4.222136e+02 
4.344747e-01 4.127673e+02 4.119409e+02 
4.395152e-01 4.032487e+02 4.020162e+02 
4.445556e-01 3.940156e+02 3.924246e+02 
4.495960e-01 3.849964e+02 3.831518e+02 
4.546364e-01 3.761570e+02 3.741842e+02 
4.596768e-01 3.674977e+02 3.655090e+02 
4.647172e-01 3.590410e+02 3.571140e+02 
4.697576e-01 3.508170e+02 3.489877e+02 
4.747980e-01 3.428464e+02 3.411191e+02 
4.798384e-01 3.351489e+02 3.334976e+02 
4.848788e-01 3.277508e+02 3.261135e+02 
4.899192e-01 3.206402e+02 3.189572e+02 
4.949596e-01 3.137911e+02 3.120197e+02 
5.000000e-01 3.071703e+02 3.052926e+02 
