1.000000e-03 5.626029e+03 5.626024e+03 
6.040404e-03 2.527309e+04 2.548086e+04 
1.108081e-02 3.449061e+04 3.485810e+04 
1.612121e-02 3.701583e+04 3.756144e+04 
2.116162e-02 3.530666e+04 3.552369e+04 
2.620202e-02 3.126218e+04 3.092642e+04 
3.124242e-02 2.637756e+04 2.606458e+04 
3.628283e-02 2.169656e+04 2.203053e+04 
4.132323e-02 1.780075e+04 1.891166e+04 
4.636364e-02 1.487144e+04 1.649327e+04 
5.140404e-02 1.289193e+04 1.456907e+04 
5.644444e-02 1.166146e+04 1.299569e+04 
6.148485e-02 1.094843e+04 1.167986e+04 
6.652525e-02 1.052673e+04 1.056028e+04 
7.156566e-02 1.018659e+04 9.595171e+03 
7.660606e-02 9.769156e+03 8.754859e+03 
8.164646e-02 9.183202e+03 8.017403e+03 
8.668687e-02 8.417372e+03 7.366036e+03 
9.172727e-02 7.525212e+03 6.787590e+03 
9.676768e-02 6.596858e+03 6.271503e+03 
1.018081e-01 5.728113e+03 5.809156e+03 
1.068485e-01 4.995539e+03 5.393425e+03 
1.118889e-01 4.438714e+03 5.018353e+03 
1.169293e-01 4.059233e+03 4.678918e+03 
1.219697e-01 3.833066e+03 4.370851e+03 
1.270101e-01 3.722184e+03 4.090507e+03 
1.320505e-01 3.680852e+03 3.834747e+03 
1.370909e-01 3.660475e+03 3.600865e+03 
1.421313e-01 3.616829e+03 3.386508e+03 
1.471717e-01 3.519106e+03 3.189629e+03 
1.522121e-01 3.355055e+03 3.008437e+03 
1.572525e-01 3.130499e+03 2.841362e+03 
1.622929e-01 2.866123e+03 2.687021e+03 
1.673333e-01 2.591614e+03 2.544193e+03 
1.723737e-01 2.336681e+03 2.411797e+03 
1.774141e-01 2.123009e+03 2.288874e+03 
1.824545e-01 1.960735e+03 2.174571e+03 
1.874949e-01 1.850338e+03 2.068126e+03 
1.925354e-01 1.785719e+03 1.968857e+03 
1.975758e-01 1.755880e+03 1.876155e+03 
2.026162e-01 1.746096e+03 1.789471e+03 
2.076566e-01 1.740114e+03 1.708312e+03 
2.126970e-01 1.723513e+03 1.632232e+03 
2.177374e-01 1.686638e+03 1.560832e+03 
2.227778e-01 1.625862e+03 1.493745e+03 
2.278182e-01 1.543456e+03 1.430643e+03 
2.328586e-01 1.446354e+03 1.371227e+03 
2.378990e-01 1.344161e+03 1.315223e+03 
2.429394e-01 1.246680e+03 1.262384e+03 
2.479798e-01 1.161768e+03 1.212482e+03 
2.530202e-01 1.094199e+03 1.165312e+03 
2.580606e-01 1.045398e+03 1.120683e+03 
2.631010e-01 1.013775e+03 1.078422e+03 
2.681414e-01 9.953926e+02 1.038369e+03 
2.731818e-01 9.849677e+02 1.000378e+03 
2.782222e-01 9.769012e+02 9.643136e+02 
2.832626e-01 9.661056e+02 9.300527e+02 
2.883030e-01 9.487620e+02 8.974802e+02 
2.933434e-01 9.228811e+02 8.664905e+02 
2.983838e-01 8.886666e+02 8.369858e+02 
3.034242e-01 8.482443e+02 8.088756e+02 
3.084646e-01 8.048910e+02 7.820760e+02 
3.135051e-01 7.621674e+02 7.565095e+02 
3.185455e-01 7.231466e+02 7.321037e+02 
3.235859e-01 6.900081e+02 7.087916e+02 
3.286263e-01 6.637796e+02 6.865108e+02 
3.336667e-01 6.443467e+02 6.652032e+02 
3.387071e-01 6.305669e+02 6.448148e+02 
3.437475e-01 6.206640e+02 6.252949e+02 
3.487879e-01 6.125554e+02 6.065964e+02 
3.538283e-01 6.042414e+02 5.886754e+02 
3.588687e-01 5.940820e+02 5.714905e+02 
3.639091e-01 5.810713e+02 5.550033e+02 
3.689495e-01 5.649985e+02 5.391776e+02 
3.739899e-01 5.463522e+02 5.239797e+02 
3.790303e-01 5.261455e+02 5.093776e+02 
3.840707e-01 5.055824e+02 4.953417e+02 
3.891111e-01 4.858954e+02 4.818439e+02 
3.941515e-01 4.681102e+02 4.688579e+02 
3.991919e-01 4.528654e+02 4.563590e+02 
4.042323e-01 4.403462e+02 4.443238e+02 
4.092727e-01 4.302944e+02 4.327303e+02 
4.143131e-01 4.221446e+02 4.215579e+02 
4.193535e-01 4.151758e+02 4.107870e+02 
4.243939e-01 4.086257e+02 4.003992e+02 
4.294343e-01 4.018010e+02 3.903772e+02 
4.344747e-01 3.941896e+02 3.807043e+02 
4.395152e-01 3.855211e+02 3.713652e+02 
4.445556e-01 3.758185e+02 3.623451e+02 
4.495960e-01 3.653743e+02 3.536301e+02 
4.546364e-01 3.546018e+02 3.452069e+02 
4.596768e-01 3.439523e+02 3.370631e+02 
4.647172e-01 3.338403e+02 3.291869e+02 
4.697576e-01 3.245976e+02 3.215671e+02 
4.747980e-01 3.164262e+02 3.141928e+02 
4.798384e-01 3.093344e+02 3.070541e+02 
4.848788e-01 3.031735e+02 3.001413e+02 
4.899192e-01 2.976990e+02 2.934453e+02 
4.949596e-01 2.926217e+02 2.869573e+02 
5.000000e-01 2.876793e+02 2.806692e+02 
