1.000000e-03 4.029117e+03 4.029114e+03 
6.040404e-03 1.813406e+04 1.827617e+04 
1.108081e-02 2.484323e+04 2.504409e+04 
1.612121e-02 2.687087e+04 2.709983e+04 
2.116162e-02 2.598379e+04 2.598072e+04 
2.620202e-02 2.350626e+04 2.329963e+04 
3.124242e-02 2.044735e+04 2.045244e+04 
3.628283e-02 1.749361e+04 1.800213e+04 
4.132323e-02 1.502098e+04 1.599064e+04 
4.636364e-02 1.313951e+04 1.432722e+04 
5.140404e-02 1.184394e+04 1.292543e+04 
5.644444e-02 1.098232e+04 1.172384e+04 
6.148485e-02 1.039198e+04 1.068045e+04 
6.652525e-02 9.922398e+03 9.765821e+03 
7.156566e-02 9.437237e+03 8.958314e+03 
7.660606e-02 8.856175e+03 8.241392e+03 
8.164646e-02 8.161706e+03 7.601964e+03 
8.668687e-02 7.391041e+03 7.029408e+03 
9.172727e-02 6.606829e+03 6.514943e+03 
9.676768e-02 5.874127e+03 6.051216e+03 
1.018081e-01 5.246879e+03 5.632004e+03 
1.068485e-01 4.757320e+03 5.252005e+03 
1.118889e-01 4.408739e+03 4.906670e+03 
1.169293e-01 4.178792e+03 4.592074e+03 
1.219697e-01 4.031277e+03 4.304824e+03 
1.270101e-01 3.926684e+03 4.041967e+03 
1.320505e-01 3.828037e+03 3.800927e+03 
1.370909e-01 3.705719e+03 3.579451e+03 
1.421313e-01 3.542646e+03 3.375561e+03 
1.471717e-01 3.337572e+03 3.187515e+03 
1.522121e-01 3.102449e+03 3.013776e+03 
1.572525e-01 2.856807e+03 2.852984e+03 
1.622929e-01 2.622372e+03 2.703932e+03 
1.673333e-01 2.417308e+03 2.565547e+03 
1.723737e-01 2.252550e+03 2.436871e+03 
1.774141e-01 2.130102e+03 2.317051e+03 
1.824545e-01 2.044863e+03 2.205321e+03 
1.874949e-01 1.987300e+03 2.100994e+03 
1.925354e-01 1.945545e+03 2.003455e+03 
1.975758e-01 1.907264e+03 1.912147e+03 
2.026162e-01 1.861724e+03 1.826569e+03 
2.076566e-01 1.802273e+03 1.746268e+03 
2.126970e-01 1.727452e+03 1.670834e+03 
2.177374e-01 1.640274e+03 1.599894e+03 
2.227778e-01 1.546654e+03 1.533111e+03 
2.278182e-01 1.453682e+03 1.470177e+03 
2.328586e-01 1.368053e+03 1.410812e+03 
2.378990e-01 1.294541e+03 1.354760e+03 
2.429394e-01 1.235212e+03 1.301787e+03 
2.479798e-01 1.189690e+03 1.251678e+03 
2.530202e-01 1.155697e+03 1.204239e+03 
2.580606e-01 1.129587e+03 1.159288e+03 
2.631010e-01 1.106865e+03 1.116660e+03 
2.681414e-01 1.083307e+03 1.076204e+03 
2.731818e-01 1.055985e+03 1.037779e+03 
2.782222e-01 1.023700e+03 1.001255e+03 
2.832626e-01 9.867450e+02 9.665130e+02 
2.883030e-01 9.464490e+02 9.334431e+02 
2.933434e-01 9.049066e+02 9.019429e+02 
2.983838e-01 8.645739e+02 8.719176e+02 
3.034242e-01 8.276420e+02 8.432796e+02 
3.084646e-01 7.955353e+02 8.159473e+02 
3.135051e-01 7.686357e+02 7.898451e+02 
3.185455e-01 7.464719e+02 7.649027e+02 
3.235859e-01 7.280463e+02 7.410543e+02 
3.286263e-01 7.120436e+02 7.182391e+02 
3.336667e-01 6.969988e+02 6.964000e+02 
3.387071e-01 6.815604e+02 6.754838e+02 
3.437475e-01 6.648123e+02 6.554410e+02 
3.487879e-01 6.464530e+02 6.362250e+02 
3.538283e-01 6.267311e+02 6.177925e+02 
3.588687e-01 6.062354e+02 6.001026e+02 
3.639091e-01 5.857181e+02 5.831174e+02 
3.689495e-01 5.659570e+02 5.668009e+02 
3.739899e-01 5.476059e+02 5.511198e+02 
3.790303e-01 5.311031e+02 5.360423e+02 
3.840707e-01 5.165584e+02 5.215389e+02 
3.891111e-01 5.037677e+02 5.075817e+02 
3.941515e-01 4.923350e+02 4.941444e+02 
3.991919e-01 4.817748e+02 4.812024e+02 
4.042323e-01 4.716028e+02 4.687323e+02 
4.092727e-01 4.613785e+02 4.567122e+02 
4.143131e-01 4.508157e+02 4.451213e+02 
4.193535e-01 4.398293e+02 4.339401e+02 
4.243939e-01 4.285185e+02 4.231502e+02 
4.294343e-01 4.170955e+02 4.127339e+02 
4.344747e-01 4.058101e+02 4.026748e+02 
4.395152e-01 3.949069e+02 3.929573e+02 
4.445556e-01 3.846070e+02 3.835664e+02 
4.495960e-01 3.750607e+02 3.744883e+02 
4.546364e-01 3.662873e+02 3.657096e+02 
4.596768e-01 3.582058e+02 3.572176e+02 
4.647172e-01 3.506770e+02 3.490004e+02 
4.697576e-01 3.435264e+02 3.410466e+02 
4.747980e-01 3.365946e+02 3.333455e+02 
4.798384e-01 3.297397e+02 3.258867e+02 
4.848788e-01 3.228529e+02 3.186606e+02 
4.899192e-01 3.158998e+02 3.116578e+02 
4.949596e-01 3.089097e+02 3.048695e+02 
5.000000e-01 3.019679e+02 2.982873e+02 
