1.000000e-03 2.415795e+03 2.415793e+03 
6.040404e-03 1.083502e+04 1.091157e+04 
1.108081e-02 1.492700e+04 1.494820e+04 
1.612121e-02 1.645546e+04 1.637341e+04 
2.116162e-02 1.648221e+04 1.631222e+04 
2.620202e-02 1.570287e+04 1.557957e+04 
3.124242e-02 1.458655e+04 1.463159e+04 
3.628283e-02 1.342431e+04 1.364539e+04 
4.132323e-02 1.236647e+04 1.268395e+04 
4.636364e-02 1.145224e+04 1.177228e+04 
5.140404e-02 1.068323e+04 1.092077e+04 
5.644444e-02 9.996486e+03 1.013271e+04 
6.148485e-02 9.351983e+03 9.407538e+03 
6.652525e-02 8.725542e+03 8.742531e+03 
7.156566e-02 8.100038e+03 8.133878e+03 
7.660606e-02 7.483442e+03 7.577289e+03 
8.164646e-02 6.901999e+03 7.068377e+03 
8.668687e-02 6.379732e+03 6.602879e+03 
9.172727e-02 5.924844e+03 6.176772e+03 
9.676768e-02 5.534968e+03 5.786331e+03 
1.018081e-01 5.204718e+03 5.428148e+03 
1.068485e-01 4.923004e+03 5.099131e+03 
1.118889e-01 4.671787e+03 4.796492e+03 
1.169293e-01 4.432272e+03 4.517720e+03 
1.219697e-01 4.194186e+03 4.260565e+03 
1.270101e-01 3.957057e+03 4.023006e+03 
1.320505e-01 3.725398e+03 3.803236e+03 
1.370909e-01 3.505093e+03 3.599632e+03 
1.421313e-01 3.301425e+03 3.410741e+03 
1.471717e-01 3.117591e+03 3.235259e+03 
1.522121e-01 2.954489e+03 3.072014e+03 
1.572525e-01 2.811195e+03 2.919954e+03 
1.622929e-01 2.684636e+03 2.778131e+03 
1.673333e-01 2.569879e+03 2.645690e+03 
1.723737e-01 2.461671e+03 2.521861e+03 
1.774141e-01 2.356503e+03 2.405946e+03 
1.824545e-01 2.253480e+03 2.297316e+03 
1.874949e-01 2.152995e+03 2.195398e+03 
1.925354e-01 2.055581e+03 2.099675e+03 
1.975758e-01 1.962437e+03 2.009676e+03 
2.026162e-01 1.875329e+03 1.924972e+03 
2.076566e-01 1.795460e+03 1.845171e+03 
2.126970e-01 1.722631e+03 1.769919e+03 
2.177374e-01 1.655710e+03 1.698888e+03 
2.227778e-01 1.593581e+03 1.631782e+03 
2.278182e-01 1.535290e+03 1.568327e+03 
2.328586e-01 1.479879e+03 1.508274e+03 
2.378990e-01 1.426465e+03 1.451392e+03 
2.429394e-01 1.374608e+03 1.397470e+03 
2.479798e-01 1.324443e+03 1.346314e+03 
2.530202e-01 1.276275e+03 1.297745e+03 
2.580606e-01 1.230286e+03 1.251597e+03 
2.631010e-01 1.186653e+03 1.207718e+03 
2.681414e-01 1.145551e+03 1.165967e+03 
2.731818e-01 1.107006e+03 1.126213e+03 
2.782222e-01 1.070777e+03 1.088336e+03 
2.832626e-01 1.036451e+03 1.052222e+03 
2.883030e-01 1.003683e+03 1.017769e+03 
2.933434e-01 9.722603e+02 9.848787e+02 
2.983838e-01 9.420579e+02 9.534621e+02 
3.034242e-01 9.129713e+02 9.234351e+02 
3.084646e-01 8.849244e+02 8.947197e+02 
3.135051e-01 8.579148e+02 8.672433e+02 
3.185455e-01 8.320057e+02 8.409379e+02 
3.235859e-01 8.072438e+02 8.157402e+02 
3.286263e-01 7.836162e+02 7.915909e+02 
3.336667e-01 7.610505e+02 7.684345e+02 
3.387071e-01 7.394605e+02 7.462192e+02 
3.437475e-01 7.187790e+02 7.248963e+02 
3.487879e-01 6.989422e+02 7.044202e+02 
3.538283e-01 6.798625e+02 6.847482e+02 
3.588687e-01 6.614535e+02 6.658400e+02 
3.639091e-01 6.436693e+02 6.476579e+02 
3.689495e-01 6.265043e+02 6.301663e+02 
3.739899e-01 6.099743e+02 6.133320e+02 
3.790303e-01 5.940659e+02 5.971233e+02 
3.840707e-01 5.787332e+02 5.815108e+02 
3.891111e-01 5.639522e+02 5.664665e+02 
3.941515e-01 5.497135e+02 5.519639e+02 
3.991919e-01 5.360066e+02 5.379783e+02 
4.042323e-01 5.228025e+02 5.244861e+02 
4.092727e-01 5.100512e+02 5.114651e+02 
4.143131e-01 4.977126e+02 4.988943e+02 
4.193535e-01 4.857772e+02 4.867540e+02 
4.243939e-01 4.742426e+02 4.750252e+02 
4.294343e-01 4.630937e+02 4.636902e+02 
4.344747e-01 4.523004e+02 4.527320e+02 
4.395152e-01 4.418465e+02 4.421348e+02 
4.445556e-01 4.317320e+02 4.318833e+02 
4.495960e-01 4.219535e+02 4.219631e+02 
4.546364e-01 4.124930e+02 4.123605e+02 
4.596768e-01 4.033265e+02 4.030626e+02 
4.647172e-01 3.944370e+02 3.940570e+02 
4.697576e-01 3.858223e+02 3.853319e+02 
4.747980e-01 3.774794e+02 3.768763e+02 
4.798384e-01 3.693896e+02 3.686794e+02 
4.848788e-01 3.615320e+02 3.607311e+02 
4.899192e-01 3.539016e+02 3.530218e+02 
4.949596e-01 3.464970e+02 3.455424e+02 
5.000000e-01 3.393153e+02 3.382840e+02 
