1.000000e-03 7.212991e+03 7.212985e+03 
6.040404e-03 3.179304e+04 3.205914e+04 
1.108081e-02 4.284577e+04 4.335147e+04 
1.612121e-02 4.540515e+04 4.619309e+04 
2.116162e-02 4.267713e+04 4.303776e+04 
2.620202e-02 3.711917e+04 3.668765e+04 
3.124242e-02 3.065136e+04 3.016685e+04 
3.628283e-02 2.459200e+04 2.490280e+04 
4.132323e-02 1.964671e+04 2.095510e+04 
4.636364e-02 1.600502e+04 1.798522e+04 
5.140404e-02 1.360259e+04 1.568558e+04 
5.644444e-02 1.216400e+04 1.384809e+04 
6.148485e-02 1.139107e+04 1.234044e+04 
6.652525e-02 1.099425e+04 1.107766e+04 
7.156566e-02 1.072112e+04 1.000325e+04 
7.660606e-02 1.036956e+04 9.077983e+03 
8.164646e-02 9.810296e+03 8.273545e+03 
8.668687e-02 9.011023e+03 7.568752e+03 
9.172727e-02 8.028488e+03 6.947293e+03 
9.676768e-02 6.973970e+03 6.396313e+03 
1.018081e-01 5.970505e+03 5.905486e+03 
1.068485e-01 5.115563e+03 5.466391e+03 
1.118889e-01 4.461982e+03 5.072075e+03 
1.169293e-01 4.017507e+03 4.716739e+03 
1.219697e-01 3.759516e+03 4.395503e+03 
1.270101e-01 3.647123e+03 4.104233e+03 
1.320505e-01 3.628463e+03 3.839402e+03 
1.370909e-01 3.646547e+03 3.597984e+03 
1.421313e-01 3.647751e+03 3.377372e+03 
1.471717e-01 3.591266e+03 3.175308e+03 
1.522121e-01 3.454708e+03 2.989829e+03 
1.572525e-01 3.237253e+03 2.819220e+03 
1.622929e-01 2.959408e+03 2.661980e+03 
1.673333e-01 2.656551e+03 2.516789e+03 
1.723737e-01 2.366576e+03 2.382484e+03 
1.774141e-01 2.117830e+03 2.258037e+03 
1.824545e-01 1.925227e+03 2.142535e+03 
1.874949e-01 1.792798e+03 2.035166e+03 
1.925354e-01 1.716617e+03 1.935210e+03 
1.975758e-01 1.686229e+03 1.842018e+03 
2.026162e-01 1.685539e+03 1.755014e+03 
2.076566e-01 1.695596e+03 1.673678e+03 
2.126970e-01 1.698617e+03 1.597543e+03 
2.177374e-01 1.681125e+03 1.526190e+03 
2.227778e-01 1.635606e+03 1.459237e+03 
2.278182e-01 1.561250e+03 1.396343e+03 
2.328586e-01 1.463934e+03 1.337194e+03 
2.378990e-01 1.354519e+03 1.281509e+03 
2.429394e-01 1.245338e+03 1.229032e+03 
2.479798e-01 1.147067e+03 1.179527e+03 
2.530202e-01 1.066816e+03 1.132781e+03 
2.580606e-01 1.007815e+03 1.088599e+03 
2.631010e-01 9.698114e+02 1.046804e+03 
2.681414e-01 9.495616e+02 1.007230e+03 
2.731818e-01 9.417016e+02 9.697294e+02 
2.782222e-01 9.397723e+02 9.341631e+02 
2.832626e-01 9.373452e+02 9.004046e+02 
2.883030e-01 9.289913e+02 8.683372e+02 
2.933434e-01 9.111077e+02 8.378533e+02 
2.983838e-01 8.824456e+02 8.088535e+02 
3.034242e-01 8.442733e+02 7.812458e+02 
3.084646e-01 7.998965e+02 7.549454e+02 
3.135051e-01 7.535947e+02 7.298735e+02 
3.185455e-01 7.095306e+02 7.059571e+02 
3.235859e-01 6.709385e+02 6.831284e+02 
3.286263e-01 6.397760e+02 6.613245e+02 
3.336667e-01 6.166889e+02 6.404868e+02 
3.387071e-01 6.011169e+02 6.205608e+02 
3.437475e-01 5.914537e+02 6.014957e+02 
3.487879e-01 5.853916e+02 5.832440e+02 
3.538283e-01 5.803981e+02 5.657617e+02 
3.588687e-01 5.742211e+02 5.490073e+02 
3.639091e-01 5.652059e+02 5.329423e+02 
3.689495e-01 5.524599e+02 5.175304e+02 
3.739899e-01 5.359259e+02 5.027379e+02 
3.790303e-01 5.163501e+02 4.885330e+02 
3.840707e-01 4.951096e+02 4.748859e+02 
3.891111e-01 4.738068e+02 4.617687e+02 
3.941515e-01 4.538925e+02 4.491551e+02 
3.991919e-01 4.364321e+02 4.370206e+02 
4.042323e-01 4.219985e+02 4.253417e+02 
4.092727e-01 4.106935e+02 4.140969e+02 
4.143131e-01 4.021682e+02 4.032653e+02 
4.193535e-01 3.956881e+02 3.928277e+02 
4.243939e-01 3.903394e+02 3.827658e+02 
4.294343e-01 3.851862e+02 3.730623e+02 
4.344747e-01 3.794503e+02 3.637009e+02 
4.395152e-01 3.725680e+02 3.546662e+02 
4.445556e-01 3.642901e+02 3.459436e+02 
4.495960e-01 3.546868e+02 3.375194e+02 
4.546364e-01 3.441401e+02 3.293805e+02 
4.596768e-01 3.331938e+02 3.215146e+02 
4.647172e-01 3.224176e+02 3.139100e+02 
4.697576e-01 3.123253e+02 3.065556e+02 
4.747980e-01 3.032804e+02 2.994409e+02 
4.798384e-01 2.954933e+02 2.925559e+02 
4.848788e-01 2.889559e+02 2.858911e+02 
4.899192e-01 2.834891e+02 2.794375e+02 
4.949596e-01 2.787819e+02 2.731866e+02 
5.000000e-01 2.744796e+02 2.671302e+02 
