1.000000e-03 4.620646e+03 4.620642e+03 
6.040404e-03 2.063484e+04 2.079890e+04 
1.108081e-02 2.797609e+04 2.821538e+04 
1.612121e-02 2.993712e+04 3.021543e+04 
2.116162e-02 2.861669e+04 2.862212e+04 
2.620202e-02 2.556606e+04 2.533790e+04 
3.124242e-02 2.194790e+04 2.197555e+04 
3.628283e-02 1.853578e+04 1.914889e+04 
4.132323e-02 1.573641e+04 1.687124e+04 
4.636364e-02 1.364888e+04 1.501626e+04 
5.140404e-02 1.224733e+04 1.347251e+04 
5.644444e-02 1.134425e+04 1.216281e+04 
6.148485e-02 1.074989e+04 1.103530e+04 
6.652525e-02 1.027874e+04 1.005408e+04 
7.156566e-02 9.784677e+03 9.193203e+03 
7.660606e-02 9.178541e+03 8.433056e+03 
8.164646e-02 8.438804e+03 7.758338e+03 
8.668687e-02 7.606268e+03 7.156778e+03 
9.172727e-02 6.755094e+03 6.618346e+03 
9.676768e-02 5.963424e+03 6.134722e+03 
1.018081e-01 5.293606e+03 5.698928e+03 
1.068485e-01 4.778802e+03 5.305065e+03 
1.118889e-01 4.419391e+03 4.948105e+03 
1.169293e-01 4.189810e+03 4.623742e+03 
1.219697e-01 4.051012e+03 4.328270e+03 
1.270101e-01 3.959178e+03 4.058481e+03 
1.320505e-01 3.871429e+03 3.811594e+03 
1.370909e-01 3.753786e+03 3.585183e+03 
1.421313e-01 3.588339e+03 3.377127e+03 
1.471717e-01 3.375122e+03 3.185567e+03 
1.522121e-01 3.127535e+03 3.008867e+03 
1.572525e-01 2.867312e+03 2.845584e+03 
1.622929e-01 2.618927e+03 2.694441e+03 
1.673333e-01 2.403794e+03 2.554307e+03 
1.723737e-01 2.233871e+03 2.424176e+03 
1.774141e-01 2.110488e+03 2.303150e+03 
1.824545e-01 2.027167e+03 2.190429e+03 
1.874949e-01 1.973470e+03 2.085296e+03 
1.925354e-01 1.936810e+03 1.987108e+03 
1.975758e-01 1.903424e+03 1.895288e+03 
2.026162e-01 1.861076e+03 1.809314e+03 
2.076566e-01 1.802312e+03 1.728718e+03 
2.126970e-01 1.725891e+03 1.653075e+03 
2.177374e-01 1.635637e+03 1.582000e+03 
2.227778e-01 1.538242e+03 1.515146e+03 
2.278182e-01 1.441501e+03 1.452195e+03 
2.328586e-01 1.352662e+03 1.392859e+03 
2.378990e-01 1.277094e+03 1.336875e+03 
2.429394e-01 1.217182e+03 1.284005e+03 
2.479798e-01 1.172486e+03 1.234028e+03 
2.530202e-01 1.140186e+03 1.186744e+03 
2.580606e-01 1.115996e+03 1.141970e+03 
2.631010e-01 1.095082e+03 1.099535e+03 
2.681414e-01 1.073015e+03 1.059286e+03 
2.731818e-01 1.046685e+03 1.021080e+03 
2.782222e-01 1.014616e+03 9.847837e+02 
2.832626e-01 9.770808e+02 9.502774e+02 
2.883030e-01 9.357301e+02 9.174486e+02 
2.933434e-01 8.930689e+02 8.861937e+02 
2.983838e-01 8.517967e+02 8.564168e+02 
3.034242e-01 8.142144e+02 8.280291e+02 
3.084646e-01 7.817891e+02 8.009481e+02 
3.135051e-01 7.549935e+02 7.750974e+02 
3.185455e-01 7.333836e+02 7.504058e+02 
3.235859e-01 7.157786e+02 7.268072e+02 
3.286263e-01 7.006091e+02 7.042400e+02 
3.336667e-01 6.862677e+02 6.826469e+02 
3.387071e-01 6.713737e+02 6.619743e+02 
3.437475e-01 6.549932e+02 6.421722e+02 
3.487879e-01 6.367483e+02 6.231939e+02 
3.538283e-01 6.169015e+02 6.049957e+02 
3.588687e-01 5.961489e+02 5.875368e+02 
3.639091e-01 5.753854e+02 5.707789e+02 
3.689495e-01 5.554476e+02 5.546861e+02 
3.739899e-01 5.370233e+02 5.392247e+02 
3.790303e-01 5.205485e+02 5.243632e+02 
3.840707e-01 5.061754e+02 5.100719e+02 
3.891111e-01 4.936950e+02 4.963228e+02 
3.941515e-01 4.826525e+02 4.830896e+02 
3.991919e-01 4.724717e+02 4.703478e+02 
4.042323e-01 4.626066e+02 4.580739e+02 
4.092727e-01 4.526305e+02 4.462461e+02 
4.143131e-01 4.422633e+02 4.348437e+02 
4.193535e-01 4.314006e+02 4.238471e+02 
4.243939e-01 4.201268e+02 4.132378e+02 
4.294343e-01 4.086868e+02 4.029985e+02 
4.344747e-01 3.973850e+02 3.931127e+02 
4.395152e-01 3.865086e+02 3.835647e+02 
4.445556e-01 3.762832e+02 3.743398e+02 
4.495960e-01 3.668229e+02 3.654241e+02 
4.546364e-01 3.581807e+02 3.568043e+02 
4.596768e-01 3.502748e+02 3.484679e+02 
4.647172e-01 3.429483e+02 3.404029e+02 
4.697576e-01 3.360010e+02 3.325980e+02 
4.747980e-01 3.292435e+02 3.250425e+02 
4.798384e-01 3.225321e+02 3.177263e+02 
4.848788e-01 3.157627e+02 3.106396e+02 
4.899192e-01 3.089137e+02 3.037732e+02 
4.949596e-01 3.020043e+02 2.971184e+02 
5.000000e-01 2.951178e+02 2.906668e+02 
