1.000000e-03 3.837840e+03 3.837836e+03 
6.040404e-03 1.664073e+04 1.675959e+04 
1.108081e-02 2.221141e+04 2.229367e+04 
1.612121e-02 2.365745e+04 2.363460e+04 
2.116162e-02 2.278367e+04 2.260692e+04 
2.620202e-02 2.078883e+04 2.069197e+04 
3.124242e-02 1.848302e+04 1.872796e+04 
3.628283e-02 1.634851e+04 1.695344e+04 
4.132323e-02 1.460172e+04 1.538597e+04 
4.636364e-02 1.326536e+04 1.400086e+04 
5.140404e-02 1.227061e+04 1.277269e+04 
5.644444e-02 1.148013e+04 1.168044e+04 
6.148485e-02 1.076319e+04 1.070672e+04 
6.652525e-02 1.003728e+04 9.836780e+03 
7.156566e-02 9.265932e+03 9.057910e+03 
7.660606e-02 8.459107e+03 8.359079e+03 
8.164646e-02 7.662472e+03 7.730684e+03 
8.668687e-02 6.929045e+03 7.164366e+03 
9.172727e-02 6.297723e+03 6.652844e+03 
9.676768e-02 5.787955e+03 6.189778e+03 
1.018081e-01 5.397379e+03 5.769647e+03 
1.068485e-01 5.101558e+03 5.387634e+03 
1.118889e-01 4.863658e+03 5.039537e+03 
1.169293e-01 4.647726e+03 4.721680e+03 
1.219697e-01 4.427203e+03 4.430845e+03 
1.270101e-01 4.187901e+03 4.164211e+03 
1.320505e-01 3.929756e+03 3.919296e+03 
1.370909e-01 3.664311e+03 3.693915e+03 
1.421313e-01 3.407042e+03 3.486139e+03 
1.471717e-01 3.171138e+03 3.294262e+03 
1.522121e-01 2.965994e+03 3.116772e+03 
1.572525e-01 2.796659e+03 2.952327e+03 
1.622929e-01 2.661666e+03 2.799732e+03 
1.673333e-01 2.552277e+03 2.657920e+03 
1.723737e-01 2.456773e+03 2.525939e+03 
1.774141e-01 2.365783e+03 2.402937e+03 
1.824545e-01 2.273320e+03 2.288147e+03 
1.874949e-01 2.175873e+03 2.180883e+03 
1.925354e-01 2.072823e+03 2.080526e+03 
1.975758e-01 1.967303e+03 1.986516e+03 
2.026162e-01 1.864641e+03 1.898348e+03 
2.076566e-01 1.769531e+03 1.815567e+03 
2.126970e-01 1.684530e+03 1.737757e+03 
2.177374e-01 1.610343e+03 1.664542e+03 
2.227778e-01 1.546377e+03 1.595581e+03 
2.278182e-01 1.490763e+03 1.530561e+03 
2.328586e-01 1.440645e+03 1.469198e+03 
2.378990e-01 1.393099e+03 1.411233e+03 
2.429394e-01 1.345918e+03 1.356427e+03 
2.479798e-01 1.297949e+03 1.304562e+03 
2.530202e-01 1.249063e+03 1.255440e+03 
2.580606e-01 1.200062e+03 1.208876e+03 
2.631010e-01 1.152262e+03 1.164703e+03 
2.681414e-01 1.106952e+03 1.122763e+03 
2.731818e-01 1.065013e+03 1.082915e+03 
2.782222e-01 1.026758e+03 1.045026e+03 
2.832626e-01 9.920475e+02 1.008973e+03 
2.883030e-01 9.603950e+02 9.746451e+02 
2.933434e-01 9.310560e+02 9.419360e+02 
2.983838e-01 9.031902e+02 9.107492e+02 
3.034242e-01 8.760535e+02 8.809948e+02 
3.084646e-01 8.492387e+02 8.525892e+02 
3.135051e-01 8.226675e+02 8.254547e+02 
3.185455e-01 7.964934e+02 7.995189e+02 
3.235859e-01 7.709862e+02 7.747146e+02 
3.286263e-01 7.464229e+02 7.509790e+02 
3.336667e-01 7.230956e+02 7.282536e+02 
3.387071e-01 7.012057e+02 7.064835e+02 
3.437475e-01 6.807425e+02 6.856177e+02 
3.487879e-01 6.615140e+02 6.656084e+02 
3.538283e-01 6.432803e+02 6.464108e+02 
3.588687e-01 6.258492e+02 6.279830e+02 
3.639091e-01 6.090504e+02 6.102856e+02 
3.689495e-01 5.927187e+02 5.932819e+02 
3.739899e-01 5.767474e+02 5.769370e+02 
3.790303e-01 5.611170e+02 5.612185e+02 
3.840707e-01 5.459190e+02 5.460959e+02 
3.891111e-01 5.312391e+02 5.315402e+02 
3.941515e-01 5.171188e+02 5.175243e+02 
3.991919e-01 5.035967e+02 5.040229e+02 
4.042323e-01 4.906815e+02 4.910116e+02 
4.092727e-01 4.783564e+02 4.784680e+02 
4.143131e-01 4.665529e+02 4.663704e+02 
4.193535e-01 4.551966e+02 4.546987e+02 
4.243939e-01 4.442235e+02 4.434337e+02 
4.294343e-01 4.335870e+02 4.325574e+02 
4.344747e-01 4.232580e+02 4.220525e+02 
4.395152e-01 4.132073e+02 4.119030e+02 
4.445556e-01 4.034315e+02 4.020934e+02 
4.495960e-01 3.939546e+02 3.926092e+02 
4.546364e-01 3.847786e+02 3.834367e+02 
4.596768e-01 3.759147e+02 3.745627e+02 
4.647172e-01 3.673583e+02 3.659748e+02 
4.697576e-01 3.590994e+02 3.576612e+02 
4.747980e-01 3.511369e+02 3.496108e+02 
4.798384e-01 3.434382e+02 3.418129e+02 
4.848788e-01 3.359740e+02 3.342574e+02 
4.899192e-01 3.287263e+02 3.269345e+02 
4.949596e-01 3.216924e+02 3.198353e+02 
5.000000e-01 3.148606e+02 3.129509e+02 
