1.000000e-03 3.884276e+03 3.884272e+03 
6.040404e-03 1.677572e+04 1.712364e+04 
1.108081e-02 2.236179e+04 2.313203e+04 
1.612121e-02 2.379803e+04 2.532133e+04 
2.116162e-02 2.290538e+04 2.555557e+04 
2.620202e-02 2.089008e+04 2.482533e+04 
3.124242e-02 1.856587e+04 2.364118e+04 
3.628283e-02 1.641640e+04 2.226652e+04 
4.132323e-02 1.465817e+04 2.084136e+04 
4.636364e-02 1.331329e+04 1.944053e+04 
5.140404e-02 1.231215e+04 1.810291e+04 
5.644444e-02 1.151662e+04 1.684701e+04 
6.148485e-02 1.079538e+04 1.567977e+04 
6.652525e-02 1.006556e+04 1.460160e+04 
7.156566e-02 9.290549e+03 1.360933e+04 
7.660606e-02 8.480313e+03 1.269798e+04 
8.164646e-02 7.680607e+03 1.186172e+04 
8.668687e-02 6.944530e+03 1.109451e+04 
9.172727e-02 6.311015e+03 1.039042e+04 
9.676768e-02 5.799490e+03 9.743829e+03 
1.018081e-01 5.407533e+03 9.149485e+03 
1.068485e-01 5.110613e+03 8.602574e+03 
1.118889e-01 4.871798e+03 8.098706e+03 
1.169293e-01 4.655054e+03 7.633901e+03 
1.219697e-01 4.433773e+03 7.204566e+03 
1.270101e-01 4.193743e+03 6.807462e+03 
1.320505e-01 3.934901e+03 6.439674e+03 
1.370909e-01 3.668807e+03 6.098580e+03 
1.421313e-01 3.410953e+03 5.781822e+03 
1.471717e-01 3.174535e+03 5.487276e+03 
1.522121e-01 2.968952e+03 5.213032e+03 
1.572525e-01 2.799248e+03 4.957368e+03 
1.622929e-01 2.663945e+03 4.718731e+03 
1.673333e-01 2.554292e+03 4.495717e+03 
1.723737e-01 2.458551e+03 4.287059e+03 
1.774141e-01 2.367346e+03 4.091609e+03 
1.824545e-01 2.274682e+03 3.908327e+03 
1.874949e-01 2.177046e+03 3.736268e+03 
1.925354e-01 2.073820e+03 3.574575e+03 
1.975758e-01 1.968138e+03 3.422468e+03 
2.026162e-01 1.865329e+03 3.279235e+03 
2.076566e-01 1.770088e+03 3.144228e+03 
2.126970e-01 1.684972e+03 3.016854e+03 
2.177374e-01 1.610683e+03 2.896573e+03 
2.227778e-01 1.546625e+03 2.782887e+03 
2.278182e-01 1.490929e+03 2.675342e+03 
2.328586e-01 1.440736e+03 2.573521e+03 
2.378990e-01 1.393122e+03 2.477039e+03 
2.429394e-01 1.345878e+03 2.385545e+03 
2.479798e-01 1.297852e+03 2.298713e+03 
2.530202e-01 1.248915e+03 2.216244e+03 
2.580606e-01 1.199868e+03 2.137859e+03 
2.631010e-01 1.152026e+03 2.063305e+03 
2.681414e-01 1.106679e+03 1.992345e+03 
2.731818e-01 1.064707e+03 1.924759e+03 
2.782222e-01 1.026422e+03 1.860344e+03 
2.832626e-01 9.916839e+02 1.798912e+03 
2.883030e-01 9.600058e+02 1.740289e+03 
2.933434e-01 9.306433e+02 1.684311e+03 
2.983838e-01 9.027561e+02 1.630827e+03 
3.034242e-01 8.756003e+02 1.579697e+03 
3.084646e-01 8.487687e+02 1.530789e+03 
3.135051e-01 8.221829e+02 1.483980e+03 
3.185455e-01 7.959964e+02 1.439156e+03 
3.235859e-01 7.704785e+02 1.396211e+03 
3.286263e-01 7.459061e+02 1.355044e+03 
3.336667e-01 7.225708e+02 1.315562e+03 
3.387071e-01 7.006737e+02 1.277676e+03 
3.437475e-01 6.802040e+02 1.241306e+03 
3.487879e-01 6.609696e+02 1.206374e+03 
3.538283e-01 6.427306e+02 1.172808e+03 
3.588687e-01 6.252950e+02 1.140539e+03 
3.639091e-01 6.084925e+02 1.109505e+03 
3.689495e-01 5.921579e+02 1.079644e+03 
3.739899e-01 5.761845e+02 1.050900e+03 
3.790303e-01 5.605529e+02 1.023221e+03 
3.840707e-01 5.453544e+02 9.965555e+02 
3.891111e-01 5.306744e+02 9.708568e+02 
3.941515e-01 5.165546e+02 9.460800e+02 
3.991919e-01 5.030331e+02 9.221831e+02 
4.042323e-01 4.901189e+02 8.991262e+02 
4.092727e-01 4.777949e+02 8.768717e+02 
4.143131e-01 4.659929e+02 8.553839e+02 
4.193535e-01 4.546381e+02 8.346293e+02 
4.243939e-01 4.436668e+02 8.145758e+02 
4.294343e-01 4.330325e+02 7.951932e+02 
4.344747e-01 4.227058e+02 7.764530e+02 
4.395152e-01 4.126578e+02 7.583279e+02 
4.445556e-01 4.028849e+02 7.407923e+02 
4.495960e-01 3.934111e+02 7.238215e+02 
4.546364e-01 3.842383e+02 7.073924e+02 
4.596768e-01 3.753778e+02 6.914829e+02 
4.647172e-01 3.668249e+02 6.760721e+02 
4.697576e-01 3.585695e+02 6.611399e+02 
4.747980e-01 3.506105e+02 6.466673e+02 
4.798384e-01 3.429154e+02 6.326364e+02 
4.848788e-01 3.354549e+02 6.190298e+02 
4.899192e-01 3.282109e+02 6.058312e+02 
4.949596e-01 3.211808e+02 5.930250e+02 
5.000000e-01 3.143529e+02 5.805962e+02 
