1.000000e-03 4.454706e+03 4.454702e+03 
6.040404e-03 1.965353e+04 1.981060e+04 
1.108081e-02 2.678243e+04 2.700797e+04 
1.612121e-02 2.889530e+04 2.916873e+04 
2.116162e-02 2.789680e+04 2.793289e+04 
2.620202e-02 2.519267e+04 2.497268e+04 
3.124242e-02 2.185304e+04 2.180350e+04 
3.628283e-02 1.861110e+04 1.907900e+04 
4.132323e-02 1.587715e+04 1.686008e+04 
4.636364e-02 1.378089e+04 1.504336e+04 
5.140404e-02 1.232149e+04 1.352649e+04 
5.644444e-02 1.135623e+04 1.223616e+04 
6.148485e-02 1.071045e+04 1.112255e+04 
6.652525e-02 1.022681e+04 1.015107e+04 
7.156566e-02 9.756522e+03 9.296696e+03 
7.660606e-02 9.202998e+03 8.540562e+03 
8.164646e-02 8.529836e+03 7.867938e+03 
8.668687e-02 7.760199e+03 7.267006e+03 
9.172727e-02 6.952435e+03 6.728090e+03 
9.676768e-02 6.174245e+03 6.243148e+03 
1.018081e-01 5.486669e+03 5.805422e+03 
1.068485e-01 4.931602e+03 5.409179e+03 
1.118889e-01 4.522864e+03 5.049526e+03 
1.169293e-01 4.246663e+03 4.722260e+03 
1.219697e-01 4.071441e+03 4.423752e+03 
1.270101e-01 3.958494e+03 4.150859e+03 
1.320505e-01 3.869210e+03 3.900844e+03 
1.370909e-01 3.769123e+03 3.671316e+03 
1.421313e-01 3.633655e+03 3.460183e+03 
1.471717e-01 3.453233e+03 3.265605e+03 
1.522121e-01 3.233236e+03 3.085960e+03 
1.572525e-01 2.989711e+03 2.919816e+03 
1.622929e-01 2.743845e+03 2.765903e+03 
1.673333e-01 2.516706e+03 2.623093e+03 
1.723737e-01 2.324376e+03 2.490383e+03 
1.774141e-01 2.174610e+03 2.366876e+03 
1.824545e-01 2.066646e+03 2.251772e+03 
1.874949e-01 1.993545e+03 2.144351e+03 
1.925354e-01 1.945047e+03 2.043971e+03 
1.975758e-01 1.909163e+03 1.950049e+03 
2.026162e-01 1.873680e+03 1.862063e+03 
2.076566e-01 1.828592e+03 1.779541e+03 
2.126970e-01 1.768330e+03 1.702054e+03 
2.177374e-01 1.692362e+03 1.629216e+03 
2.227778e-01 1.604373e+03 1.560674e+03 
2.278182e-01 1.510668e+03 1.496109e+03 
2.328586e-01 1.418457e+03 1.435229e+03 
2.378990e-01 1.334228e+03 1.377768e+03 
2.429394e-01 1.262443e+03 1.323484e+03 
2.479798e-01 1.205007e+03 1.272154e+03 
2.530202e-01 1.161493e+03 1.223576e+03 
2.580606e-01 1.129563e+03 1.177562e+03 
2.631010e-01 1.105412e+03 1.133940e+03 
2.681414e-01 1.084530e+03 1.092555e+03 
2.731818e-01 1.062762e+03 1.053259e+03 
2.782222e-01 1.037220e+03 1.015919e+03 
2.832626e-01 1.006578e+03 9.804127e+02 
2.883030e-01 9.709390e+02 9.466248e+02 
2.933434e-01 9.315173e+02 9.144500e+02 
2.983838e-01 8.904232e+02 8.837905e+02 
3.034242e-01 8.502061e+02 8.545558e+02 
3.084646e-01 8.131300e+02 8.266618e+02 
3.135051e-01 7.806925e+02 8.000303e+02 
3.185455e-01 7.534470e+02 7.745887e+02 
3.235859e-01 7.311375e+02 7.502694e+02 
3.286263e-01 7.129133e+02 7.270095e+02 
3.336667e-01 6.974999e+02 7.047504e+02 
3.387071e-01 6.833861e+02 6.834371e+02 
3.437475e-01 6.691282e+02 6.630187e+02 
3.487879e-01 6.536953e+02 6.434472e+02 
3.538283e-01 6.366177e+02 6.246780e+02 
3.588687e-01 6.179666e+02 6.066692e+02 
3.639091e-01 5.981885e+02 5.893815e+02 
3.689495e-01 5.780042e+02 5.727783e+02 
3.739899e-01 5.582198e+02 5.568249e+02 
3.790303e-01 5.396050e+02 5.414889e+02 
3.840707e-01 5.227040e+02 5.267400e+02 
3.891111e-01 5.077485e+02 5.125494e+02 
3.941515e-01 4.946671e+02 4.988903e+02 
3.991919e-01 4.831810e+02 4.857372e+02 
4.042323e-01 4.728470e+02 4.730662e+02 
4.092727e-01 4.631439e+02 4.608548e+02 
4.143131e-01 4.535690e+02 4.490818e+02 
4.193535e-01 4.437438e+02 4.377271e+02 
4.243939e-01 4.334832e+02 4.267716e+02 
4.294343e-01 4.227889e+02 4.161976e+02 
4.344747e-01 4.118058e+02 4.059879e+02 
4.395152e-01 4.007388e+02 3.961267e+02 
4.445556e-01 3.898531e+02 3.865987e+02 
4.495960e-01 3.794188e+02 3.773896e+02 
4.546364e-01 3.696600e+02 3.684857e+02 
4.596768e-01 3.606783e+02 3.598741e+02 
4.647172e-01 3.524446e+02 3.515426e+02 
4.697576e-01 3.448603e+02 3.434795e+02 
4.747980e-01 3.377993e+02 3.356737e+02 
4.798384e-01 3.310921e+02 3.281149e+02 
4.848788e-01 3.245612e+02 3.207930e+02 
4.899192e-01 3.180535e+02 3.136984e+02 
4.949596e-01 3.114733e+02 3.068223e+02 
5.000000e-01 3.048079e+02 3.001559e+02 
