1.000000e-03 3.025921e+03 3.025918e+03 
6.040404e-03 1.337266e+04 1.347026e+04 
1.108081e-02 1.826761e+04 1.833738e+04 
1.612121e-02 1.990357e+04 1.989498e+04 
2.116162e-02 1.960525e+04 1.946935e+04 
2.620202e-02 1.828033e+04 1.816735e+04 
3.124242e-02 1.656747e+04 1.669349e+04 
3.628283e-02 1.487564e+04 1.529690e+04 
4.132323e-02 1.341520e+04 1.402580e+04 
4.636364e-02 1.224333e+04 1.287752e+04 
5.140404e-02 1.135490e+04 1.184112e+04 
5.644444e-02 1.063568e+04 1.090555e+04 
6.148485e-02 1.000557e+04 1.006070e+04 
6.652525e-02 9.394014e+03 9.297314e+03 
7.156566e-02 8.752622e+03 8.606967e+03 
7.660606e-02 8.074647e+03 7.981980e+03 
8.164646e-02 7.389226e+03 7.415417e+03 
8.668687e-02 6.739013e+03 6.901049e+03 
9.172727e-02 6.156971e+03 6.433314e+03 
9.676768e-02 5.662047e+03 6.007262e+03 
1.018081e-01 5.261932e+03 5.618502e+03 
1.068485e-01 4.950629e+03 5.263141e+03 
1.118889e-01 4.706278e+03 4.937734e+03 
1.169293e-01 4.498191e+03 4.639233e+03 
1.219697e-01 4.299328e+03 4.364936e+03 
1.270101e-01 4.093158e+03 4.112452e+03 
1.320505e-01 3.873903e+03 3.879658e+03 
1.370909e-01 3.643758e+03 3.664669e+03 
1.421313e-01 3.411272e+03 3.465807e+03 
1.471717e-01 3.187752e+03 3.281581e+03 
1.522121e-01 2.983592e+03 3.110656e+03 
1.572525e-01 2.805921e+03 2.951842e+03 
1.622929e-01 2.657450e+03 2.804074e+03 
1.673333e-01 2.535874e+03 2.666395e+03 
1.723737e-01 2.434498e+03 2.537947e+03 
1.774141e-01 2.344932e+03 2.417958e+03 
1.824545e-01 2.259828e+03 2.305732e+03 
1.874949e-01 2.174061e+03 2.200640e+03 
1.925354e-01 2.084704e+03 2.102115e+03 
1.975758e-01 1.991390e+03 2.009642e+03 
2.026162e-01 1.896374e+03 1.922755e+03 
2.076566e-01 1.803546e+03 1.841030e+03 
2.126970e-01 1.716530e+03 1.764081e+03 
2.177374e-01 1.637546e+03 1.691558e+03 
2.227778e-01 1.567543e+03 1.623140e+03 
2.278182e-01 1.506379e+03 1.558533e+03 
2.328586e-01 1.452783e+03 1.497472e+03 
2.378990e-01 1.404501e+03 1.439710e+03 
2.429394e-01 1.359121e+03 1.385021e+03 
2.479798e-01 1.314853e+03 1.333201e+03 
2.530202e-01 1.270587e+03 1.284058e+03 
2.580606e-01 1.225822e+03 1.237418e+03 
2.631010e-01 1.180719e+03 1.193120e+03 
2.681414e-01 1.136128e+03 1.151014e+03 
2.731818e-01 1.093255e+03 1.110964e+03 
2.782222e-01 1.053057e+03 1.072843e+03 
2.832626e-01 1.015942e+03 1.036532e+03 
2.883030e-01 9.818742e+02 1.001922e+03 
2.933434e-01 9.506333e+02 9.689138e+02 
2.983838e-01 9.218341e+02 9.374119e+02 
3.034242e-01 8.948488e+02 9.073296e+02 
3.084646e-01 8.689662e+02 8.785855e+02 
3.135051e-01 8.436295e+02 8.511042e+02 
3.185455e-01 8.186009e+02 8.248151e+02 
3.235859e-01 7.939124e+02 7.996527e+02 
3.286263e-01 7.697011e+02 7.755554e+02 
3.336667e-01 7.461472e+02 7.524661e+02 
3.387071e-01 7.234601e+02 7.303310e+02 
3.437475e-01 7.018818e+02 7.091001e+02 
3.487879e-01 6.815612e+02 6.887264e+02 
3.538283e-01 6.624827e+02 6.691659e+02 
3.588687e-01 6.444837e+02 6.503772e+02 
3.639091e-01 6.273589e+02 6.323215e+02 
3.689495e-01 6.109393e+02 6.149626e+02 
3.739899e-01 5.950993e+02 5.982660e+02 
3.790303e-01 5.797197e+02 5.821997e+02 
3.840707e-01 5.646948e+02 5.667333e+02 
3.891111e-01 5.499982e+02 5.518383e+02 
3.941515e-01 5.356799e+02 5.374878e+02 
3.991919e-01 5.218160e+02 5.236564e+02 
4.042323e-01 5.084615e+02 5.103201e+02 
4.092727e-01 4.956332e+02 4.974565e+02 
4.143131e-01 4.833380e+02 4.850440e+02 
4.193535e-01 4.715668e+02 4.730625e+02 
4.243939e-01 4.602916e+02 4.614930e+02 
4.294343e-01 4.494530e+02 4.503174e+02 
4.344747e-01 4.389735e+02 4.395185e+02 
4.395152e-01 4.288111e+02 4.290801e+02 
4.445556e-01 4.189412e+02 4.189869e+02 
4.495960e-01 4.093388e+02 4.092243e+02 
4.546364e-01 4.000062e+02 3.997785e+02 
4.596768e-01 3.909268e+02 3.906363e+02 
4.647172e-01 3.821112e+02 3.817854e+02 
4.697576e-01 3.735745e+02 3.732137e+02 
4.747980e-01 3.653252e+02 3.649101e+02 
4.798384e-01 3.573602e+02 3.568639e+02 
4.848788e-01 3.496567e+02 3.490649e+02 
4.899192e-01 3.421984e+02 3.415033e+02 
4.949596e-01 3.349803e+02 3.341700e+02 
5.000000e-01 3.279790e+02 3.270561e+02 
