1.000000e-03 3.591372e+03 3.591369e+03 
6.040404e-03 1.616833e+04 1.629197e+04 
1.108081e-02 2.204724e+04 2.217858e+04 
1.612121e-02 2.382280e+04 2.391096e+04 
2.116162e-02 2.313232e+04 2.303773e+04 
2.620202e-02 2.114224e+04 2.100130e+04 
3.124242e-02 1.869830e+04 1.884002e+04 
3.628283e-02 1.635220e+04 1.691931e+04 
4.132323e-02 1.439165e+04 1.527025e+04 
4.636364e-02 1.289017e+04 1.384803e+04 
5.140404e-02 1.182098e+04 1.260838e+04 
5.644444e-02 1.105382e+04 1.151823e+04 
6.148485e-02 1.045174e+04 1.055330e+04 
6.652525e-02 9.889519e+03 9.695052e+03 
7.156566e-02 9.284754e+03 8.928751e+03 
7.660606e-02 8.602419e+03 8.242311e+03 
8.164646e-02 7.858689e+03 7.625615e+03 
8.668687e-02 7.103065e+03 7.070077e+03 
9.172727e-02 6.391469e+03 6.568347e+03 
9.676768e-02 5.770179e+03 6.114103e+03 
1.018081e-01 5.268043e+03 5.701878e+03 
1.068485e-01 4.891164e+03 5.326932e+03 
1.118889e-01 4.621657e+03 4.985142e+03 
1.169293e-01 4.426459e+03 4.672912e+03 
1.219697e-01 4.268796e+03 4.387098e+03 
1.270101e-01 4.116322e+03 4.124947e+03 
1.320505e-01 3.945341e+03 3.884037e+03 
1.370909e-01 3.744567e+03 3.662239e+03 
1.421313e-01 3.516822e+03 3.457673e+03 
1.471717e-01 3.274953e+03 3.268674e+03 
1.522121e-01 3.035495e+03 3.093770e+03 
1.572525e-01 2.814326e+03 2.931649e+03 
1.622929e-01 2.623929e+03 2.781146e+03 
1.673333e-01 2.471022e+03 2.641221e+03 
1.723737e-01 2.354304e+03 2.510943e+03 
1.774141e-01 2.265857e+03 2.389480e+03 
1.824545e-01 2.195056e+03 2.276083e+03 
1.874949e-01 2.131655e+03 2.170081e+03 
1.925354e-01 2.066928e+03 2.070867e+03 
1.975758e-01 1.994512e+03 1.977895e+03 
2.026162e-01 1.911715e+03 1.890672e+03 
2.076566e-01 1.820253e+03 1.808749e+03 
2.126970e-01 1.725131e+03 1.731721e+03 
2.177374e-01 1.632138e+03 1.659218e+03 
2.227778e-01 1.546076e+03 1.590906e+03 
2.278182e-01 1.470327e+03 1.526479e+03 
2.328586e-01 1.406385e+03 1.465657e+03 
2.378990e-01 1.353822e+03 1.408185e+03 
2.429394e-01 1.310534e+03 1.353831e+03 
2.479798e-01 1.273355e+03 1.302380e+03 
2.530202e-01 1.238870e+03 1.253636e+03 
2.580606e-01 1.204060e+03 1.207419e+03 
2.631010e-01 1.166952e+03 1.163562e+03 
2.681414e-01 1.126985e+03 1.121913e+03 
2.731818e-01 1.084838e+03 1.082331e+03 
2.782222e-01 1.041901e+03 1.044685e+03 
2.832626e-01 9.997855e+02 1.008856e+03 
2.883030e-01 9.600292e+02 9.747327e+02 
2.933434e-01 9.238144e+02 9.422112e+02 
2.983838e-01 8.917397e+02 9.111963e+02 
3.034242e-01 8.636557e+02 8.815993e+02 
3.084646e-01 8.388672e+02 8.533378e+02 
3.135051e-01 8.164109e+02 8.263352e+02 
3.185455e-01 7.952368e+02 8.005202e+02 
3.235859e-01 7.744129e+02 7.758263e+02 
3.286263e-01 7.532776e+02 7.521915e+02 
3.336667e-01 7.315682e+02 7.295581e+02 
3.387071e-01 7.094116e+02 7.078721e+02 
3.437475e-01 6.871866e+02 6.870828e+02 
3.487879e-01 6.653854e+02 6.671431e+02 
3.538283e-01 6.444946e+02 6.480088e+02 
3.588687e-01 6.249249e+02 6.296384e+02 
3.639091e-01 6.068600e+02 6.119929e+02 
3.689495e-01 5.902636e+02 5.950361e+02 
3.739899e-01 5.749532e+02 5.787335e+02 
3.790303e-01 5.606538e+02 5.630529e+02 
3.840707e-01 5.470630e+02 5.479642e+02 
3.891111e-01 5.338738e+02 5.334388e+02 
3.941515e-01 5.208380e+02 5.194498e+02 
3.991919e-01 5.078224e+02 5.059720e+02 
4.042323e-01 4.948387e+02 4.929816e+02 
4.092727e-01 4.819914e+02 4.804560e+02 
4.143131e-01 4.694125e+02 4.683740e+02 
4.193535e-01 4.572456e+02 4.567155e+02 
4.243939e-01 4.455866e+02 4.454616e+02 
4.294343e-01 4.345149e+02 4.345943e+02 
4.344747e-01 4.240662e+02 4.240967e+02 
4.395152e-01 4.141965e+02 4.139526e+02 
4.445556e-01 4.048001e+02 4.041470e+02 
4.495960e-01 3.957699e+02 3.946653e+02 
4.546364e-01 3.870315e+02 3.854938e+02 
4.596768e-01 3.785130e+02 3.766196e+02 
4.647172e-01 3.701444e+02 3.680304e+02 
4.697576e-01 3.618984e+02 3.597145e+02 
4.747980e-01 3.537890e+02 3.516607e+02 
4.798384e-01 3.458601e+02 3.438585e+02 
4.848788e-01 3.381602e+02 3.362978e+02 
4.899192e-01 3.306999e+02 3.289690e+02 
4.949596e-01 3.235130e+02 3.218631e+02 
5.000000e-01 3.166018e+02 3.149714e+02 
