1.000000e-03 5.039137e+03 5.039133e+03 
6.040404e-03 2.189281e+04 2.206453e+04 
1.108081e-02 2.917448e+04 2.939676e+04 
1.612121e-02 3.082298e+04 3.103404e+04 
2.116162e-02 2.919171e+04 2.912354e+04 
2.620202e-02 2.593484e+04 2.574079e+04 
3.124242e-02 2.223741e+04 2.241406e+04 
3.628283e-02 1.884786e+04 1.963123e+04 
4.132323e-02 1.612759e+04 1.736593e+04 
4.636364e-02 1.413301e+04 1.549659e+04 
5.140404e-02 1.280509e+04 1.392363e+04 
5.644444e-02 1.193166e+04 1.257853e+04 
6.148485e-02 1.130428e+04 1.141444e+04 
6.652525e-02 1.074266e+04 1.039804e+04 
7.156566e-02 1.012456e+04 9.504516e+03 
7.660606e-02 9.384521e+03 8.714686e+03 
8.164646e-02 8.529145e+03 8.013274e+03 
8.668687e-02 7.623359e+03 7.387849e+03 
9.172727e-02 6.752209e+03 6.828141e+03 
9.676768e-02 5.988138e+03 6.325567e+03 
1.018081e-01 5.375921e+03 5.872892e+03 
1.068485e-01 4.927667e+03 5.463974e+03 
1.118889e-01 4.626227e+03 5.093568e+03 
1.169293e-01 4.433654e+03 4.757175e+03 
1.219697e-01 4.302740e+03 4.450917e+03 
1.270101e-01 4.186247e+03 4.171439e+03 
1.320505e-01 4.046378e+03 3.915829e+03 
1.370909e-01 3.862947e+03 3.681547e+03 
1.421313e-01 3.634373e+03 3.466374e+03 
1.471717e-01 3.372644e+03 3.268366e+03 
1.522121e-01 3.098616e+03 3.085812e+03 
1.572525e-01 2.836660e+03 2.917202e+03 
1.622929e-01 2.608995e+03 2.761204e+03 
1.673333e-01 2.428305e+03 2.616636e+03 
1.723737e-01 2.295084e+03 2.482448e+03 
1.774141e-01 2.201677e+03 2.357703e+03 
1.824545e-01 2.136948e+03 2.241568e+03 
1.874949e-01 2.088047e+03 2.133294e+03 
1.925354e-01 2.041111e+03 2.032214e+03 
1.975758e-01 1.984235e+03 1.937724e+03 
2.026162e-01 1.911225e+03 1.849285e+03 
2.076566e-01 1.822639e+03 1.766406e+03 
2.126970e-01 1.723591e+03 1.688648e+03 
2.177374e-01 1.620898e+03 1.615612e+03 
2.227778e-01 1.521925e+03 1.546934e+03 
2.278182e-01 1.433387e+03 1.482287e+03 
2.328586e-01 1.359508e+03 1.421372e+03 
2.378990e-01 1.301209e+03 1.363915e+03 
2.429394e-01 1.256654e+03 1.309669e+03 
2.479798e-01 1.222329e+03 1.258407e+03 
2.530202e-01 1.193833e+03 1.209921e+03 
2.580606e-01 1.166528e+03 1.164020e+03 
2.631010e-01 1.136497e+03 1.120529e+03 
2.681414e-01 1.101693e+03 1.079289e+03 
2.731818e-01 1.062057e+03 1.040151e+03 
2.782222e-01 1.018895e+03 1.002980e+03 
2.832626e-01 9.742479e+02 9.676495e+02 
2.883030e-01 9.304590e+02 9.340446e+02 
2.933434e-01 8.898528e+02 9.020581e+02 
2.983838e-01 8.541241e+02 8.715909e+02 
3.034242e-01 8.238419e+02 8.425514e+02 
3.084646e-01 7.985514e+02 8.148544e+02 
3.135051e-01 7.771745e+02 7.884212e+02 
3.185455e-01 7.583459e+02 7.631783e+02 
3.235859e-01 7.406240e+02 7.390577e+02 
3.286263e-01 7.226819e+02 7.159957e+02 
3.336667e-01 7.035811e+02 6.939333e+02 
3.387071e-01 6.830373e+02 6.728153e+02 
3.437475e-01 6.613823e+02 6.525903e+02 
3.487879e-01 6.392578e+02 6.332102e+02 
3.538283e-01 6.173989e+02 6.146299e+02 
3.588687e-01 5.965203e+02 5.968076e+02 
3.639091e-01 5.772219e+02 5.797036e+02 
3.689495e-01 5.598412e+02 5.632813e+02 
3.739899e-01 5.443696e+02 5.475058e+02 
3.790303e-01 5.305302e+02 5.323449e+02 
3.840707e-01 5.179040e+02 5.177678e+02 
3.891111e-01 5.060200e+02 5.037460e+02 
3.941515e-01 4.944057e+02 4.902524e+02 
3.991919e-01 4.826951e+02 4.772617e+02 
4.042323e-01 4.707089e+02 4.647500e+02 
4.092727e-01 4.584719e+02 4.526947e+02 
4.143131e-01 4.461469e+02 4.410746e+02 
4.193535e-01 4.339327e+02 4.298696e+02 
4.243939e-01 4.220439e+02 4.190608e+02 
4.294343e-01 4.107126e+02 4.086302e+02 
4.344747e-01 4.001086e+02 3.985611e+02 
4.395152e-01 3.902654e+02 3.888374e+02 
4.445556e-01 3.811160e+02 3.794440e+02 
4.495960e-01 3.725429e+02 3.703665e+02 
4.546364e-01 3.644138e+02 3.615914e+02 
4.596768e-01 3.565835e+02 3.531058e+02 
4.647172e-01 3.488934e+02 3.448974e+02 
4.697576e-01 3.412359e+02 3.369548e+02 
4.747980e-01 3.335913e+02 3.292669e+02 
4.798384e-01 3.259944e+02 3.218233e+02 
4.848788e-01 3.184984e+02 3.146140e+02 
4.899192e-01 3.111567e+02 3.076297e+02 
4.949596e-01 3.040340e+02 3.008613e+02 
5.000000e-01 2.972066e+02 2.943003e+02 
