1.000000e-03 3.576560e+03 3.576557e+03 
6.040404e-03 1.623117e+04 1.635672e+04 
1.108081e-02 2.239124e+04 2.255069e+04 
1.612121e-02 2.441464e+04 2.457368e+04 
2.116162e-02 2.385029e+04 2.381441e+04 
2.620202e-02 2.185127e+04 2.167865e+04 
3.124242e-02 1.929416e+04 1.933630e+04 
3.628283e-02 1.677816e+04 1.726140e+04 
4.132323e-02 1.463860e+04 1.550840e+04 
4.636364e-02 1.298104e+04 1.402141e+04 
5.140404e-02 1.180792e+04 1.274196e+04 
5.644444e-02 1.099647e+04 1.162696e+04 
6.148485e-02 1.040218e+04 1.064599e+04 
6.652525e-02 9.903793e+03 9.776931e+03 
7.156566e-02 9.385396e+03 9.002955e+03 
7.660606e-02 8.783072e+03 8.310768e+03 
8.164646e-02 8.089597e+03 7.689535e+03 
8.668687e-02 7.344913e+03 7.130242e+03 
9.172727e-02 6.606484e+03 6.625282e+03 
9.676768e-02 5.927700e+03 6.168172e+03 
1.018081e-01 5.350779e+03 5.753349e+03 
1.068485e-01 4.899984e+03 5.376008e+03 
1.118889e-01 4.574871e+03 5.031988e+03 
1.169293e-01 4.352382e+03 4.717665e+03 
1.219697e-01 4.196837e+03 4.429879e+03 
1.270101e-01 4.071367e+03 4.165862e+03 
1.320505e-01 3.944524e+03 3.923185e+03 
1.370909e-01 3.793761e+03 3.699710e+03 
1.421313e-01 3.608442e+03 3.493551e+03 
1.471717e-01 3.390863e+03 3.303040e+03 
1.522121e-01 3.154027e+03 3.126698e+03 
1.572525e-01 2.916177e+03 2.963211e+03 
1.622929e-01 2.695496e+03 2.811410e+03 
1.673333e-01 2.506167e+03 2.670250e+03 
1.723737e-01 2.355262e+03 2.538798e+03 
1.774141e-01 2.241964e+03 2.416219e+03 
1.824545e-01 2.159664e+03 2.301760e+03 
1.874949e-01 2.098691e+03 2.194748e+03 
1.925354e-01 2.048056e+03 2.094573e+03 
1.975758e-01 1.997227e+03 2.000687e+03 
2.026162e-01 1.937808e+03 1.912593e+03 
2.076566e-01 1.865850e+03 1.829841e+03 
2.126970e-01 1.782139e+03 1.752023e+03 
2.177374e-01 1.690807e+03 1.678768e+03 
2.227778e-01 1.597500e+03 1.609739e+03 
2.278182e-01 1.508203e+03 1.544628e+03 
2.328586e-01 1.428040e+03 1.483154e+03 
2.378990e-01 1.360193e+03 1.425060e+03 
2.429394e-01 1.305367e+03 1.370112e+03 
2.479798e-01 1.262079e+03 1.318094e+03 
2.530202e-01 1.227466e+03 1.268808e+03 
2.580606e-01 1.198021e+03 1.222073e+03 
2.631010e-01 1.170048e+03 1.177722e+03 
2.681414e-01 1.140277e+03 1.135600e+03 
2.731818e-01 1.106749e+03 1.095565e+03 
2.782222e-01 1.069202e+03 1.057486e+03 
2.832626e-01 1.028675e+03 1.021242e+03 
2.883030e-01 9.868595e+02 9.867215e+02 
2.933434e-01 9.456467e+02 9.538194e+02 
2.983838e-01 9.068353e+02 9.224397e+02 
3.034242e-01 8.719171e+02 8.924928e+02 
3.084646e-01 8.416639e+02 8.638958e+02 
3.135051e-01 8.159784e+02 8.365712e+02 
3.185455e-01 7.940395e+02 8.104470e+02 
3.235859e-01 7.746597e+02 7.854563e+02 
3.286263e-01 7.566099e+02 7.615363e+02 
3.336667e-01 7.388031e+02 7.386289e+02 
3.387071e-01 7.203858e+02 7.166793e+02 
3.437475e-01 7.008678e+02 6.956366e+02 
3.487879e-01 6.802526e+02 6.754532e+02 
3.538283e-01 6.589854e+02 6.560842e+02 
3.588687e-01 6.377426e+02 6.374880e+02 
3.639091e-01 6.172025e+02 6.196250e+02 
3.689495e-01 5.978865e+02 6.024586e+02 
3.739899e-01 5.801261e+02 5.859541e+02 
3.790303e-01 5.640617e+02 5.700790e+02 
3.840707e-01 5.496421e+02 5.548025e+02 
3.891111e-01 5.365682e+02 5.400961e+02 
3.941515e-01 5.244142e+02 5.259325e+02 
3.991919e-01 5.127322e+02 5.122861e+02 
4.042323e-01 5.011569e+02 4.991329e+02 
4.092727e-01 4.894794e+02 4.864500e+02 
4.143131e-01 4.776077e+02 4.742162e+02 
4.193535e-01 4.655635e+02 4.624109e+02 
4.243939e-01 4.534825e+02 4.510152e+02 
4.294343e-01 4.415863e+02 4.400108e+02 
4.344747e-01 4.300994e+02 4.293805e+02 
4.395152e-01 4.191807e+02 4.191082e+02 
4.445556e-01 4.089300e+02 4.091783e+02 
4.495960e-01 3.993533e+02 3.995764e+02 
4.546364e-01 3.904109e+02 3.902886e+02 
4.596768e-01 3.819996e+02 3.813018e+02 
4.647172e-01 3.739786e+02 3.726034e+02 
4.697576e-01 3.661950e+02 3.641818e+02 
4.747980e-01 3.585414e+02 3.560255e+02 
4.798384e-01 3.509420e+02 3.481239e+02 
4.848788e-01 3.433676e+02 3.404668e+02 
4.899192e-01 3.358481e+02 3.330447e+02 
4.949596e-01 3.284222e+02 3.258481e+02 
5.000000e-01 3.211482e+02 3.188685e+02 
