1.000000e-03 2.805841e+03 2.805839e+03 
6.040404e-03 1.283075e+04 1.292589e+04 
1.108081e-02 1.774817e+04 1.782303e+04 
1.612121e-02 1.948890e+04 1.949571e+04 
2.116162e-02 1.929748e+04 1.917601e+04 
2.620202e-02 1.805309e+04 1.793795e+04 
3.124242e-02 1.638913e+04 1.650260e+04 
3.628283e-02 1.472138e+04 1.513675e+04 
4.132323e-02 1.327168e+04 1.389381e+04 
4.636364e-02 1.210730e+04 1.277127e+04 
5.140404e-02 1.123117e+04 1.175771e+04 
5.644444e-02 1.053566e+04 1.084189e+04 
6.148485e-02 9.936240e+03 1.001384e+04 
6.652525e-02 9.359987e+03 9.264612e+03 
7.156566e-02 8.753042e+03 8.586094e+03 
7.660606e-02 8.101611e+03 7.970949e+03 
8.164646e-02 7.429772e+03 7.412546e+03 
8.668687e-02 6.780233e+03 6.904925e+03 
9.172727e-02 6.189799e+03 6.442752e+03 
9.676768e-02 5.681711e+03 6.021270e+03 
1.018081e-01 5.267748e+03 5.636249e+03 
1.068485e-01 4.946186e+03 5.283934e+03 
1.118889e-01 4.698731e+03 4.960992e+03 
1.169293e-01 4.496024e+03 4.664469e+03 
1.219697e-01 4.308694e+03 4.391742e+03 
1.270101e-01 4.116831e+03 4.140486e+03 
1.320505e-01 3.910920e+03 3.908631e+03 
1.370909e-01 3.690245e+03 3.694340e+03 
1.421313e-01 3.461713e+03 3.495974e+03 
1.471717e-01 3.236531e+03 3.312073e+03 
1.522121e-01 3.026270e+03 3.141331e+03 
1.572525e-01 2.840016e+03 2.982580e+03 
1.622929e-01 2.682702e+03 2.834775e+03 
1.673333e-01 2.554203e+03 2.696976e+03 
1.723737e-01 2.449497e+03 2.568338e+03 
1.774141e-01 2.360463e+03 2.448101e+03 
1.824545e-01 2.278803e+03 2.335580e+03 
1.874949e-01 2.198208e+03 2.230155e+03 
1.925354e-01 2.114423e+03 2.131264e+03 
1.975758e-01 2.025627e+03 2.038401e+03 
2.026162e-01 1.932903e+03 1.951103e+03 
2.076566e-01 1.839715e+03 1.868951e+03 
2.126970e-01 1.750173e+03 1.791565e+03 
2.177374e-01 1.667453e+03 1.718595e+03 
2.227778e-01 1.593367e+03 1.649725e+03 
2.278182e-01 1.528540e+03 1.584663e+03 
2.328586e-01 1.472433e+03 1.523145e+03 
2.378990e-01 1.423179e+03 1.464927e+03 
2.429394e-01 1.378265e+03 1.409785e+03 
2.479798e-01 1.335402e+03 1.357513e+03 
2.530202e-01 1.292983e+03 1.307923e+03 
2.580606e-01 1.250001e+03 1.260841e+03 
2.631010e-01 1.206105e+03 1.216106e+03 
2.681414e-01 1.161773e+03 1.173570e+03 
2.731818e-01 1.118156e+03 1.133096e+03 
2.782222e-01 1.076512e+03 1.094557e+03 
2.832626e-01 1.037679e+03 1.057837e+03 
2.883030e-01 1.001947e+03 1.022825e+03 
2.933434e-01 9.692962e+02 9.894218e+02 
2.983838e-01 9.395030e+02 9.575329e+02 
3.034242e-01 9.120927e+02 9.270713e+02 
3.084646e-01 8.863192e+02 8.979557e+02 
3.135051e-01 8.614160e+02 8.701106e+02 
3.185455e-01 8.368809e+02 8.434656e+02 
3.235859e-01 8.125447e+02 8.179548e+02 
3.286263e-01 7.884533e+02 7.935169e+02 
3.336667e-01 7.647400e+02 7.700944e+02 
3.387071e-01 7.416088e+02 7.476337e+02 
3.437475e-01 7.193415e+02 7.260844e+02 
3.487879e-01 6.982195e+02 7.053995e+02 
3.538283e-01 6.783858e+02 6.855348e+02 
3.588687e-01 6.597927e+02 6.664489e+02 
3.639091e-01 6.422616e+02 6.481029e+02 
3.689495e-01 6.256022e+02 6.304602e+02 
3.739899e-01 6.096484e+02 6.134865e+02 
3.790303e-01 5.942462e+02 5.971493e+02 
3.840707e-01 5.792479e+02 5.814184e+02 
3.891111e-01 5.645330e+02 5.662649e+02 
3.941515e-01 5.501031e+02 5.516618e+02 
3.991919e-01 5.360260e+02 5.375836e+02 
4.042323e-01 5.223683e+02 5.240063e+02 
4.092727e-01 5.091929e+02 5.109070e+02 
4.143131e-01 4.965269e+02 4.982644e+02 
4.193535e-01 4.843965e+02 4.860580e+02 
4.243939e-01 4.728094e+02 4.742687e+02 
4.294343e-01 4.617194e+02 4.628782e+02 
4.344747e-01 4.510557e+02 4.518693e+02 
4.395152e-01 4.407552e+02 4.412257e+02 
4.445556e-01 4.307639e+02 4.309319e+02 
4.495960e-01 4.210513e+02 4.209732e+02 
4.546364e-01 4.115946e+02 4.113356e+02 
4.596768e-01 4.023749e+02 4.020060e+02 
4.647172e-01 3.933909e+02 3.929716e+02 
4.697576e-01 3.846570e+02 3.842207e+02 
4.747980e-01 3.761972e+02 3.757417e+02 
4.798384e-01 3.680196e+02 3.675240e+02 
4.848788e-01 3.601123e+02 3.595572e+02 
4.899192e-01 3.524670e+02 3.518314e+02 
4.949596e-01 3.450768e+02 3.443375e+02 
5.000000e-01 3.379237e+02 3.370664e+02 
