1.000000e-03 4.582824e+03 4.582820e+03 
6.040404e-03 2.047972e+04 2.064245e+04 
1.108081e-02 2.788607e+04 2.813022e+04 
1.612121e-02 2.996562e+04 3.026290e+04 
2.116162e-02 2.875200e+04 2.877888e+04 
2.620202e-02 2.576578e+04 2.552528e+04 
3.124242e-02 2.216499e+04 2.213823e+04 
3.628283e-02 1.873170e+04 1.927681e+04 
4.132323e-02 1.588792e+04 1.697276e+04 
4.636364e-02 1.374915e+04 1.510086e+04 
5.140404e-02 1.229994e+04 1.354669e+04 
5.644444e-02 1.136331e+04 1.223040e+04 
6.148485e-02 1.075253e+04 1.109844e+04 
6.652525e-02 1.028815e+04 1.011392e+04 
7.156566e-02 9.815285e+03 9.250348e+03 
7.660606e-02 9.237018e+03 8.487829e+03 
8.164646e-02 8.524045e+03 7.810914e+03 
8.668687e-02 7.710262e+03 7.207260e+03 
9.172727e-02 6.864431e+03 6.666804e+03 
9.676768e-02 6.063461e+03 6.181213e+03 
1.018081e-01 5.372532e+03 5.743507e+03 
1.068485e-01 4.831387e+03 5.347788e+03 
1.118889e-01 4.446737e+03 4.989031e+03 
1.169293e-01 4.197344e+03 4.662934e+03 
1.219697e-01 4.046585e+03 4.365792e+03 
1.270101e-01 3.951807e+03 4.094401e+03 
1.320505e-01 3.870835e+03 3.845977e+03 
1.370909e-01 3.767455e+03 3.618096e+03 
1.421313e-01 3.619054e+03 3.408637e+03 
1.471717e-01 3.420518e+03 3.215739e+03 
1.522121e-01 3.182437e+03 3.037764e+03 
1.572525e-01 2.924933e+03 2.873266e+03 
1.622929e-01 2.672320e+03 2.720968e+03 
1.673333e-01 2.446939e+03 2.579736e+03 
1.723737e-01 2.263728e+03 2.448559e+03 
1.774141e-01 2.127272e+03 2.326540e+03 
1.824545e-01 2.033601e+03 2.212874e+03 
1.874949e-01 1.973434e+03 2.106844e+03 
1.925354e-01 1.934680e+03 2.007803e+03 
1.975758e-01 1.903714e+03 1.915171e+03 
2.026162e-01 1.867624e+03 1.828425e+03 
2.076566e-01 1.817130e+03 1.747095e+03 
2.126970e-01 1.748589e+03 1.670753e+03 
2.177374e-01 1.663870e+03 1.599014e+03 
2.227778e-01 1.568742e+03 1.531526e+03 
2.278182e-01 1.470965e+03 1.467972e+03 
2.328586e-01 1.378335e+03 1.408062e+03 
2.378990e-01 1.297109e+03 1.351532e+03 
2.429394e-01 1.230854e+03 1.298139e+03 
2.479798e-01 1.180354e+03 1.247665e+03 
2.530202e-01 1.143907e+03 1.199906e+03 
2.580606e-01 1.117791e+03 1.154678e+03 
2.631010e-01 1.097201e+03 1.111810e+03 
2.681414e-01 1.077275e+03 1.071147e+03 
2.731818e-01 1.054226e+03 1.032545e+03 
2.782222e-01 1.025807e+03 9.958708e+02 
2.832626e-01 9.914490e+02 9.610027e+02 
2.883030e-01 9.520398e+02 9.278276e+02 
2.933434e-01 9.097471e+02 8.962412e+02 
2.983838e-01 8.673745e+02 8.661468e+02 
3.034242e-01 8.276294e+02 8.374547e+02 
3.084646e-01 7.924553e+02 8.100821e+02 
3.135051e-01 7.628248e+02 7.839516e+02 
3.185455e-01 7.387874e+02 7.589916e+02 
3.235859e-01 7.195883e+02 7.351355e+02 
3.286263e-01 7.038639e+02 7.123211e+02 
3.336667e-01 6.899191e+02 6.904904e+02 
3.387071e-01 6.761124e+02 6.695896e+02 
3.437475e-01 6.611862e+02 6.495681e+02 
3.487879e-01 6.444577e+02 6.303788e+02 
3.538283e-01 6.258233e+02 6.119778e+02 
3.588687e-01 6.056985e+02 5.943236e+02 
3.639091e-01 5.848670e+02 5.773778e+02 
3.689495e-01 5.642836e+02 5.611040e+02 
3.739899e-01 5.448243e+02 5.454683e+02 
3.790303e-01 5.271315e+02 5.304387e+02 
3.840707e-01 5.115238e+02 5.159854e+02 
3.891111e-01 4.980138e+02 5.020801e+02 
3.941515e-01 4.863163e+02 4.886964e+02 
3.991919e-01 4.759459e+02 4.758092e+02 
4.042323e-01 4.662895e+02 4.633951e+02 
4.092727e-01 4.567651e+02 4.514318e+02 
4.143131e-01 4.469595e+02 4.398986e+02 
4.193535e-01 4.366608e+02 4.287756e+02 
4.243939e-01 4.258387e+02 4.180442e+02 
4.294343e-01 4.146116e+02 4.076868e+02 
4.344747e-01 4.032229e+02 3.976869e+02 
4.395152e-01 3.920101e+02 3.880285e+02 
4.445556e-01 3.813030e+02 3.786968e+02 
4.495960e-01 3.713190e+02 3.696777e+02 
4.546364e-01 3.621519e+02 3.609578e+02 
4.596768e-01 3.537951e+02 3.525245e+02 
4.647172e-01 3.461707e+02 3.443656e+02 
4.697576e-01 3.391177e+02 3.364698e+02 
4.747980e-01 3.324227e+02 3.288263e+02 
4.798384e-01 3.258705e+02 3.214246e+02 
4.848788e-01 3.193034e+02 3.142552e+02 
4.899192e-01 3.126447e+02 3.073085e+02 
4.949596e-01 3.058874e+02 3.005758e+02 
5.000000e-01 2.990617e+02 2.940486e+02 
