1.000000e-03 2.306646e+03 2.306644e+03 
6.040404e-03 1.052186e+04 1.059756e+04 
1.108081e-02 1.459115e+04 1.461704e+04 
1.612121e-02 1.615353e+04 1.608226e+04 
2.116162e-02 1.622664e+04 1.606570e+04 
2.620202e-02 1.548740e+04 1.536466e+04 
3.124242e-02 1.439937e+04 1.444135e+04 
3.628283e-02 1.325499e+04 1.347794e+04 
4.132323e-02 1.220952e+04 1.253803e+04 
4.636364e-02 1.130710e+04 1.164612e+04 
5.140404e-02 1.055343e+04 1.081225e+04 
5.644444e-02 9.888590e+03 1.003969e+04 
6.148485e-02 9.267392e+03 9.327980e+03 
6.652525e-02 8.664126e+03 8.674604e+03 
7.156566e-02 8.058837e+03 8.075971e+03 
7.660606e-02 7.455889e+03 7.528008e+03 
8.164646e-02 6.879668e+03 7.026523e+03 
8.668687e-02 6.356261e+03 6.567426e+03 
9.172727e-02 5.897342e+03 6.146842e+03 
9.676768e-02 5.503422e+03 5.761172e+03 
1.018081e-01 5.170618e+03 5.407119e+03 
1.068485e-01 4.889679e+03 5.081681e+03 
1.118889e-01 4.643833e+03 4.782148e+03 
1.169293e-01 4.413319e+03 4.506076e+03 
1.219697e-01 4.185074e+03 4.251270e+03 
1.270101e-01 3.956014e+03 4.015758e+03 
1.320505e-01 3.729365e+03 3.797773e+03 
1.370909e-01 3.510676e+03 3.595726e+03 
1.421313e-01 3.305741e+03 3.408195e+03 
1.471717e-01 3.119080e+03 3.233901e+03 
1.522121e-01 2.952663e+03 3.071694e+03 
1.572525e-01 2.806524e+03 2.920540e+03 
1.622929e-01 2.678541e+03 2.779509e+03 
1.673333e-01 2.564412e+03 2.647759e+03 
1.723737e-01 2.458717e+03 2.524532e+03 
1.774141e-01 2.356959e+03 2.409142e+03 
1.824545e-01 2.257144e+03 2.300967e+03 
1.874949e-01 2.159032e+03 2.199446e+03 
1.925354e-01 2.063066e+03 2.104065e+03 
1.975758e-01 1.970239e+03 2.014361e+03 
2.026162e-01 1.882271e+03 1.929910e+03 
2.076566e-01 1.800873e+03 1.850326e+03 
2.126970e-01 1.726585e+03 1.775257e+03 
2.177374e-01 1.658764e+03 1.704381e+03 
2.227778e-01 1.596307e+03 1.637404e+03 
2.278182e-01 1.538231e+03 1.574056e+03 
2.328586e-01 1.483525e+03 1.514088e+03 
2.378990e-01 1.431121e+03 1.457274e+03 
2.429394e-01 1.380247e+03 1.403405e+03 
2.479798e-01 1.330747e+03 1.352287e+03 
2.530202e-01 1.282876e+03 1.303743e+03 
2.580606e-01 1.236884e+03 1.257609e+03 
2.631010e-01 1.192957e+03 1.213735e+03 
2.681414e-01 1.151352e+03 1.171980e+03 
2.731818e-01 1.112286e+03 1.132214e+03 
2.782222e-01 1.075702e+03 1.094317e+03 
2.832626e-01 1.041263e+03 1.058179e+03 
2.883030e-01 1.008563e+03 1.023695e+03 
2.933434e-01 9.773021e+02 9.907703e+02 
2.983838e-01 9.473018e+02 9.593146e+02 
3.034242e-01 9.184236e+02 9.292451e+02 
3.084646e-01 8.905427e+02 9.004840e+02 
3.135051e-01 8.635950e+02 8.729592e+02 
3.185455e-01 8.376148e+02 8.466032e+02 
3.235859e-01 8.127023e+02 8.213528e+02 
3.286263e-01 7.889001e+02 7.971491e+02 
3.336667e-01 7.661762e+02 7.739369e+02 
3.387071e-01 7.444603e+02 7.516647e+02 
3.437475e-01 7.236846e+02 7.302838e+02 
3.487879e-01 7.037961e+02 7.097491e+02 
3.538283e-01 6.847157e+02 6.900177e+02 
3.588687e-01 6.663380e+02 6.710498e+02 
3.639091e-01 6.485749e+02 6.528076e+02 
3.689495e-01 6.314019e+02 6.352559e+02 
3.739899e-01 6.148315e+02 6.183613e+02 
3.790303e-01 5.988586e+02 6.020924e+02 
3.840707e-01 5.834586e+02 5.864198e+02 
3.891111e-01 5.686056e+02 5.713155e+02 
3.941515e-01 5.542826e+02 5.567533e+02 
3.991919e-01 5.404942e+02 5.427083e+02 
4.042323e-01 5.272259e+02 5.291572e+02 
4.092727e-01 5.144300e+02 5.160777e+02 
4.143131e-01 5.020589e+02 5.034490e+02 
4.193535e-01 4.900863e+02 4.912511e+02 
4.243939e-01 4.785125e+02 4.794654e+02 
4.294343e-01 4.673187e+02 4.680740e+02 
4.344747e-01 4.564842e+02 4.570601e+02 
4.395152e-01 4.459868e+02 4.464077e+02 
4.445556e-01 4.358121e+02 4.361016e+02 
4.495960e-01 4.259707e+02 4.261275e+02 
4.546364e-01 4.164582e+02 4.164718e+02 
4.596768e-01 4.072445e+02 4.071213e+02 
4.647172e-01 3.983078e+02 3.980638e+02 
4.697576e-01 3.896431e+02 3.892876e+02 
4.747980e-01 3.812497e+02 3.807814e+02 
4.798384e-01 3.731179e+02 3.725347e+02 
4.848788e-01 3.652273e+02 3.645374e+02 
4.899192e-01 3.575552e+02 3.567797e+02 
4.949596e-01 3.501021e+02 3.492525e+02 
5.000000e-01 3.428738e+02 3.419471e+02 
