1.000000e-03 4.637241e+03 4.637237e+03 
6.040404e-03 2.098459e+04 2.115086e+04 
1.108081e-02 2.857653e+04 2.882686e+04 
1.612121e-02 3.064180e+04 3.094026e+04 
2.116162e-02 2.930644e+04 2.931646e+04 
2.620202e-02 2.616625e+04 2.592205e+04 
3.124242e-02 2.243091e+04 2.244619e+04 
3.628283e-02 1.890844e+04 1.953250e+04 
4.132323e-02 1.602334e+04 1.719290e+04 
4.636364e-02 1.387989e+04 1.529321e+04 
5.140404e-02 1.245052e+04 1.371584e+04 
5.644444e-02 1.153771e+04 1.237976e+04 
6.148485e-02 1.094505e+04 1.123081e+04 
6.652525e-02 1.047987e+04 1.023168e+04 
7.156566e-02 9.987637e+03 9.355524e+03 
7.660606e-02 9.374162e+03 8.582148e+03 
8.164646e-02 8.618332e+03 7.895843e+03 
8.668687e-02 7.763356e+03 7.284043e+03 
9.172727e-02 6.886665e+03 6.736495e+03 
9.676768e-02 6.070930e+03 6.244709e+03 
1.018081e-01 5.381950e+03 5.801571e+03 
1.068485e-01 4.854831e+03 5.401072e+03 
1.118889e-01 4.489542e+03 5.038093e+03 
1.169293e-01 4.259241e+03 4.708253e+03 
1.219697e-01 4.123210e+03 4.407781e+03 
1.270101e-01 4.035518e+03 4.133416e+03 
1.320505e-01 3.951407e+03 3.882329e+03 
1.370909e-01 3.835129e+03 3.652054e+03 
1.421313e-01 3.667720e+03 3.440437e+03 
1.471717e-01 3.449120e+03 3.245587e+03 
1.522121e-01 3.193754e+03 3.065841e+03 
1.572525e-01 2.924746e+03 2.899733e+03 
1.622929e-01 2.668263e+03 2.745966e+03 
1.673333e-01 2.446655e+03 2.603389e+03 
1.723737e-01 2.272578e+03 2.470981e+03 
1.774141e-01 2.147176e+03 2.347830e+03 
1.824545e-01 2.063776e+03 2.233121e+03 
1.874949e-01 2.011435e+03 2.126128e+03 
1.925354e-01 1.976675e+03 2.026196e+03 
1.975758e-01 1.944853e+03 1.932738e+03 
2.026162e-01 1.903095e+03 1.845225e+03 
2.076566e-01 1.843666e+03 1.763180e+03 
2.126970e-01 1.765302e+03 1.686172e+03 
2.177374e-01 1.672040e+03 1.613810e+03 
2.227778e-01 1.571066e+03 1.545740e+03 
2.278182e-01 1.470821e+03 1.481640e+03 
2.328586e-01 1.379078e+03 1.421218e+03 
2.378990e-01 1.301404e+03 1.364205e+03 
2.429394e-01 1.240320e+03 1.310359e+03 
2.479798e-01 1.195298e+03 1.259457e+03 
2.530202e-01 1.163330e+03 1.211294e+03 
2.580606e-01 1.139794e+03 1.165684e+03 
2.631010e-01 1.119494e+03 1.122456e+03 
2.681414e-01 1.097743e+03 1.081450e+03 
2.731818e-01 1.071257e+03 1.042523e+03 
2.782222e-01 1.038532e+03 1.005541e+03 
2.832626e-01 9.998266e+02 9.703793e+02 
2.883030e-01 9.569495e+02 9.369251e+02 
2.933434e-01 9.126676e+02 9.050727e+02 
2.983838e-01 8.699302e+02 8.747247e+02 
3.034242e-01 8.311783e+02 8.457907e+02 
3.084646e-01 7.979534e+02 8.181869e+02 
3.135051e-01 7.707134e+02 7.918354e+02 
3.185455e-01 7.489746e+02 7.666640e+02 
3.235859e-01 7.314685e+02 7.426054e+02 
3.286263e-01 7.164883e+02 7.195968e+02 
3.336667e-01 7.022745e+02 6.975801e+02 
3.387071e-01 6.873346e+02 6.765006e+02 
3.437475e-01 6.706999e+02 6.563076e+02 
3.487879e-01 6.520001e+02 6.369535e+02 
3.538283e-01 6.315193e+02 6.183939e+02 
3.588687e-01 6.100319e+02 6.005872e+02 
3.639091e-01 5.885198e+02 5.834944e+02 
3.689495e-01 5.679127e+02 5.670791e+02 
3.739899e-01 5.489480e+02 5.513070e+02 
3.790303e-01 5.320956e+02 5.361460e+02 
3.840707e-01 5.174852e+02 5.215657e+02 
3.891111e-01 5.048979e+02 5.075379e+02 
3.941515e-01 4.938255e+02 4.940358e+02 
3.991919e-01 4.836331e+02 4.810342e+02 
4.042323e-01 4.737213e+02 4.685094e+02 
4.092727e-01 4.636241e+02 4.564392e+02 
4.143131e-01 4.530600e+02 4.448024e+02 
4.193535e-01 4.419240e+02 4.335792e+02 
4.243939e-01 4.303135e+02 4.227507e+02 
4.294343e-01 4.184961e+02 4.122993e+02 
4.344747e-01 4.068170e+02 4.022081e+02 
4.395152e-01 3.956054e+02 3.924613e+02 
4.445556e-01 3.850985e+02 3.830439e+02 
4.495960e-01 3.754287e+02 3.739416e+02 
4.546364e-01 3.666268e+02 3.651409e+02 
4.596768e-01 3.586136e+02 3.566291e+02 
4.647172e-01 3.512147e+02 3.483940e+02 
4.697576e-01 3.441996e+02 3.404241e+02 
4.747980e-01 3.373557e+02 3.327086e+02 
4.798384e-01 3.305256e+02 3.252370e+02 
4.848788e-01 3.236206e+02 3.179994e+02 
4.899192e-01 3.166044e+02 3.109865e+02 
4.949596e-01 3.095021e+02 3.041893e+02 
5.000000e-01 3.024092e+02 2.975994e+02 
