1.000000e-03 4.692959e+03 4.692955e+03 
6.040404e-03 2.099513e+04 2.116174e+04 
1.108081e-02 2.848897e+04 2.873670e+04 
1.612121e-02 3.049216e+04 3.078549e+04 
2.116162e-02 2.913633e+04 2.914651e+04 
2.620202e-02 2.600551e+04 2.576604e+04 
3.124242e-02 2.229339e+04 2.230884e+04 
3.628283e-02 1.879523e+04 1.940987e+04 
4.132323e-02 1.592815e+04 1.708105e+04 
4.636364e-02 1.379434e+04 1.518964e+04 
5.140404e-02 1.236631e+04 1.361909e+04 
5.644444e-02 1.145091e+04 1.228893e+04 
6.148485e-02 1.085360e+04 1.114528e+04 
6.652525e-02 1.038463e+04 1.015100e+04 
7.156566e-02 9.892367e+03 9.279321e+03 
7.660606e-02 9.283773e+03 8.510105e+03 
8.164646e-02 8.536728e+03 7.827673e+03 
8.668687e-02 7.692505e+03 7.219482e+03 
9.172727e-02 6.826849e+03 6.675302e+03 
9.676768e-02 6.020290e+03 6.186658e+03 
1.018081e-01 5.337409e+03 5.746455e+03 
1.068485e-01 4.813033e+03 5.348696e+03 
1.118889e-01 4.447777e+03 4.988277e+03 
1.169293e-01 4.215830e+03 4.660832e+03 
1.219697e-01 4.077464e+03 4.362600e+03 
1.270101e-01 3.987827e+03 4.090333e+03 
1.320505e-01 3.903093e+03 3.841212e+03 
1.370909e-01 3.787940e+03 3.612781e+03 
1.421313e-01 3.623426e+03 3.402894e+03 
1.471717e-01 3.409008e+03 3.209670e+03 
1.522121e-01 3.158357e+03 3.031452e+03 
1.572525e-01 2.893884e+03 2.866783e+03 
1.622929e-01 2.640894e+03 2.714370e+03 
1.673333e-01 2.421473e+03 2.573071e+03 
1.723737e-01 2.248125e+03 2.441868e+03 
1.774141e-01 2.122568e+03 2.319855e+03 
1.824545e-01 2.038403e+03 2.206222e+03 
1.874949e-01 1.984965e+03 2.100246e+03 
1.925354e-01 1.949351e+03 2.001277e+03 
1.975758e-01 1.917304e+03 1.908732e+03 
2.026162e-01 1.876158e+03 1.822085e+03 
2.076566e-01 1.818103e+03 1.740862e+03 
2.126970e-01 1.741634e+03 1.664634e+03 
2.177374e-01 1.650531e+03 1.593014e+03 
2.227778e-01 1.551645e+03 1.525649e+03 
2.278182e-01 1.453095e+03 1.462221e+03 
2.328586e-01 1.362487e+03 1.402438e+03 
2.378990e-01 1.285370e+03 1.346035e+03 
2.429394e-01 1.224345e+03 1.292770e+03 
2.479798e-01 1.179041e+03 1.242423e+03 
2.530202e-01 1.146666e+03 1.194790e+03 
2.580606e-01 1.122791e+03 1.149687e+03 
2.631010e-01 1.102394e+03 1.106943e+03 
2.681414e-01 1.080877e+03 1.066401e+03 
2.731818e-01 1.054944e+03 1.027918e+03 
2.782222e-01 1.023041e+03 9.913600e+02 
2.832626e-01 9.853272e+02 9.566060e+02 
2.883030e-01 9.434861e+02 9.235424e+02 
2.933434e-01 9.001048e+02 8.920649e+02 
2.983838e-01 8.580394e+02 8.620766e+02 
3.034242e-01 8.197254e+02 8.334882e+02 
3.084646e-01 7.866974e+02 8.062164e+02 
3.135051e-01 7.594846e+02 7.801841e+02 
3.185455e-01 7.376751e+02 7.553198e+02 
3.235859e-01 7.200696e+02 7.315566e+02 
3.286263e-01 7.050497e+02 7.088325e+02 
3.336667e-01 6.909231e+02 6.870897e+02 
3.387071e-01 6.762161e+02 6.662742e+02 
3.437475e-01 6.599391e+02 6.463356e+02 
3.487879e-01 6.416979e+02 6.272268e+02 
3.538283e-01 6.217140e+02 6.089040e+02 
3.588687e-01 6.007076e+02 5.913257e+02 
3.639091e-01 5.796096e+02 5.744536e+02 
3.689495e-01 5.593209e+02 5.582513e+02 
3.739899e-01 5.405755e+02 5.426851e+02 
3.790303e-01 5.238457e+02 5.277230e+02 
3.840707e-01 5.092883e+02 5.133351e+02 
3.891111e-01 4.967232e+02 4.994934e+02 
3.941515e-01 4.856759e+02 4.861713e+02 
3.991919e-01 4.755370e+02 4.733440e+02 
4.042323e-01 4.657360e+02 4.609880e+02 
4.092727e-01 4.558092e+02 4.490812e+02 
4.143131e-01 4.454592e+02 4.376028e+02 
4.193535e-01 4.345682e+02 4.265330e+02 
4.243939e-01 4.232138e+02 4.158533e+02 
4.294343e-01 4.116418e+02 4.055461e+02 
4.344747e-01 4.001773e+02 3.955949e+02 
4.395152e-01 3.891397e+02 3.859838e+02 
4.445556e-01 3.787614e+02 3.766982e+02 
4.495960e-01 3.691875e+02 3.677238e+02 
4.546364e-01 3.604562e+02 3.590473e+02 
4.596768e-01 3.524964e+02 3.506562e+02 
4.647172e-01 3.451566e+02 3.425384e+02 
4.697576e-01 3.382095e+02 3.346825e+02 
4.747980e-01 3.314561e+02 3.270777e+02 
4.798384e-01 3.247430e+02 3.197137e+02 
4.848788e-01 3.179650e+02 3.125809e+02 
4.899192e-01 3.110850e+02 3.056699e+02 
4.949596e-01 3.041293e+02 2.989718e+02 
5.000000e-01 2.971751e+02 2.924784e+02 
