1.000000e-03 2.594739e+03 2.594737e+03 
6.040404e-03 1.159987e+04 1.168326e+04 
1.108081e-02 1.599226e+04 1.603494e+04 
1.612121e-02 1.760727e+04 1.756111e+04 
2.116162e-02 1.756493e+04 1.741694e+04 
2.620202e-02 1.662414e+04 1.651202e+04 
3.124242e-02 1.531363e+04 1.539733e+04 
3.628283e-02 1.397076e+04 1.428007e+04 
4.132323e-02 1.277442e+04 1.321959e+04 
4.636364e-02 1.177065e+04 1.223184e+04 
5.140404e-02 1.097105e+04 1.132017e+04 
5.644444e-02 1.028576e+04 1.048327e+04 
6.148485e-02 9.656945e+03 9.717595e+03 
6.652525e-02 9.047511e+03 9.018469e+03 
7.156566e-02 8.422652e+03 8.380715e+03 
7.660606e-02 7.782887e+03 7.799066e+03 
8.164646e-02 7.155991e+03 7.268409e+03 
8.668687e-02 6.576722e+03 6.783922e+03 
9.172727e-02 6.066297e+03 6.341143e+03 
9.676768e-02 5.631572e+03 5.935995e+03 
1.018081e-01 5.271876e+03 5.564784e+03 
1.068485e-01 4.978900e+03 5.224185e+03 
1.118889e-01 4.733415e+03 4.911213e+03 
1.169293e-01 4.510975e+03 4.623193e+03 
1.219697e-01 4.292035e+03 4.357736e+03 
1.270101e-01 4.067587e+03 4.112705e+03 
1.320505e-01 3.838099e+03 3.886191e+03 
1.370909e-01 3.609445e+03 3.676487e+03 
1.421313e-01 3.389323e+03 3.482064e+03 
1.471717e-01 3.184874e+03 3.301556e+03 
1.522121e-01 3.001692e+03 3.133734e+03 
1.572525e-01 2.842529e+03 2.977497e+03 
1.622929e-01 2.706874e+03 2.831855e+03 
1.673333e-01 2.590639e+03 2.695916e+03 
1.723737e-01 2.487121e+03 2.568878e+03 
1.774141e-01 2.389639e+03 2.450014e+03 
1.824545e-01 2.293952e+03 2.338668e+03 
1.874949e-01 2.198339e+03 2.234248e+03 
1.925354e-01 2.102207e+03 2.136214e+03 
1.975758e-01 2.006316e+03 2.044077e+03 
2.026162e-01 1.913017e+03 1.957394e+03 
2.076566e-01 1.825238e+03 1.875758e+03 
2.126970e-01 1.744994e+03 1.798802e+03 
2.177374e-01 1.672657e+03 1.726188e+03 
2.227778e-01 1.607481e+03 1.657608e+03 
2.278182e-01 1.548425e+03 1.592780e+03 
2.328586e-01 1.494194e+03 1.531445e+03 
2.378990e-01 1.443164e+03 1.473367e+03 
2.429394e-01 1.393772e+03 1.418326e+03 
2.479798e-01 1.345178e+03 1.366124e+03 
2.530202e-01 1.297248e+03 1.316574e+03 
2.580606e-01 1.250229e+03 1.269507e+03 
2.631010e-01 1.204592e+03 1.224766e+03 
2.681414e-01 1.160931e+03 1.182204e+03 
2.731818e-01 1.119786e+03 1.141688e+03 
2.782222e-01 1.081475e+03 1.103094e+03 
2.832626e-01 1.045903e+03 1.066305e+03 
2.883030e-01 1.012707e+03 1.031216e+03 
2.933434e-01 9.814507e+02 9.977253e+02 
2.983838e-01 9.517246e+02 9.657420e+02 
3.034242e-01 9.231587e+02 9.351796e+02 
3.084646e-01 8.954670e+02 9.059582e+02 
3.135051e-01 8.685014e+02 8.780030e+02 
3.185455e-01 8.422325e+02 8.512444e+02 
3.235859e-01 8.167536e+02 8.256172e+02 
3.286263e-01 7.922343e+02 8.010609e+02 
3.336667e-01 7.687926e+02 7.775184e+02 
3.387071e-01 7.464728e+02 7.549367e+02 
3.437475e-01 7.252598e+02 7.332657e+02 
3.487879e-01 7.050901e+02 7.124589e+02 
3.538283e-01 6.858665e+02 6.924724e+02 
3.588687e-01 6.674682e+02 6.732650e+02 
3.639091e-01 6.497561e+02 6.547981e+02 
3.689495e-01 6.326070e+02 6.370354e+02 
3.739899e-01 6.159767e+02 6.199426e+02 
3.790303e-01 5.998650e+02 6.034876e+02 
3.840707e-01 5.842725e+02 5.876401e+02 
3.891111e-01 5.691993e+02 5.723714e+02 
3.941515e-01 5.546509e+02 5.576547e+02 
3.991919e-01 5.406332e+02 5.434645e+02 
4.042323e-01 5.271547e+02 5.297768e+02 
4.092727e-01 5.142167e+02 5.165690e+02 
4.143131e-01 5.017745e+02 5.038194e+02 
4.193535e-01 4.897662e+02 4.915080e+02 
4.243939e-01 4.781526e+02 4.796154e+02 
4.294343e-01 4.669135e+02 4.681236e+02 
4.344747e-01 4.560348e+02 4.570152e+02 
4.395152e-01 4.454946e+02 4.462739e+02 
4.445556e-01 4.352608e+02 4.358842e+02 
4.495960e-01 4.253262e+02 4.258316e+02 
4.546364e-01 4.157093e+02 4.161019e+02 
4.596768e-01 4.064123e+02 4.066819e+02 
4.647172e-01 3.974126e+02 3.975591e+02 
4.697576e-01 3.886942e+02 3.887215e+02 
4.747980e-01 3.802466e+02 3.801576e+02 
4.798384e-01 3.720656e+02 3.718567e+02 
4.848788e-01 3.641465e+02 3.638085e+02 
4.899192e-01 3.564622e+02 3.560030e+02 
4.949596e-01 3.489899e+02 3.484310e+02 
5.000000e-01 3.417248e+02 3.410835e+02 
