1.000000e-03 2.503926e+03 2.503924e+03 
6.040404e-03 1.140896e+04 1.148993e+04 
1.108081e-02 1.574970e+04 1.578202e+04 
1.612121e-02 1.733180e+04 1.726562e+04 
2.116162e-02 1.728300e+04 1.712026e+04 
2.620202e-02 1.636220e+04 1.625017e+04 
3.124242e-02 1.509082e+04 1.517638e+04 
3.628283e-02 1.379527e+04 1.409166e+04 
4.132323e-02 1.264310e+04 1.305481e+04 
4.636364e-02 1.167217e+04 1.208449e+04 
5.140404e-02 1.088796e+04 1.118631e+04 
5.644444e-02 1.020117e+04 1.036042e+04 
6.148485e-02 9.563038e+03 9.604102e+03 
6.652525e-02 8.935605e+03 8.913169e+03 
7.156566e-02 8.295895e+03 8.282734e+03 
7.660606e-02 7.652680e+03 7.707711e+03 
8.164646e-02 7.036370e+03 7.183105e+03 
8.668687e-02 6.477150e+03 6.704172e+03 
9.172727e-02 5.989647e+03 6.266511e+03 
9.676768e-02 5.577086e+03 5.866090e+03 
1.018081e-01 5.236505e+03 5.499254e+03 
1.068485e-01 4.955334e+03 5.162708e+03 
1.118889e-01 4.711220e+03 4.853495e+03 
1.169293e-01 4.480991e+03 4.568965e+03 
1.219697e-01 4.250326e+03 4.306751e+03 
1.270101e-01 4.015837e+03 4.064736e+03 
1.320505e-01 3.780918e+03 3.841028e+03 
1.370909e-01 3.551978e+03 3.633937e+03 
1.421313e-01 3.336802e+03 3.441951e+03 
1.471717e-01 3.141408e+03 3.263714e+03 
1.522121e-01 2.969181e+03 3.098012e+03 
1.572525e-01 2.820407e+03 2.943755e+03 
1.622929e-01 2.692266e+03 2.799963e+03 
1.673333e-01 2.579296e+03 2.665756e+03 
1.723737e-01 2.474896e+03 2.540338e+03 
1.774141e-01 2.373909e+03 2.422992e+03 
1.824545e-01 2.273906e+03 2.313069e+03 
1.874949e-01 2.174282e+03 2.209983e+03 
1.925354e-01 2.075514e+03 2.113201e+03 
1.975758e-01 1.979402e+03 2.022241e+03 
2.026162e-01 1.888525e+03 1.936664e+03 
2.076566e-01 1.804900e+03 1.856068e+03 
2.126970e-01 1.729079e+03 1.780091e+03 
2.177374e-01 1.660411e+03 1.708399e+03 
2.227778e-01 1.597934e+03 1.640688e+03 
2.278182e-01 1.540427e+03 1.576679e+03 
2.328586e-01 1.486269e+03 1.516118e+03 
2.378990e-01 1.434060e+03 1.458769e+03 
2.429394e-01 1.383067e+03 1.404419e+03 
2.479798e-01 1.333187e+03 1.352868e+03 
2.530202e-01 1.284618e+03 1.303935e+03 
2.580606e-01 1.237630e+03 1.257451e+03 
2.631010e-01 1.192694e+03 1.213262e+03 
2.681414e-01 1.150389e+03 1.171224e+03 
2.731818e-01 1.110957e+03 1.131204e+03 
2.782222e-01 1.074202e+03 1.093080e+03 
2.832626e-01 1.039689e+03 1.056737e+03 
2.883030e-01 1.007022e+03 1.022071e+03 
2.933434e-01 9.759157e+02 9.889833e+02 
2.983838e-01 9.460791e+02 9.573822e+02 
3.034242e-01 9.172287e+02 9.271832e+02 
3.084646e-01 8.891833e+02 8.983073e+02 
3.135051e-01 8.619759e+02 8.706809e+02 
3.185455e-01 8.357590e+02 8.442352e+02 
3.235859e-01 8.106395e+02 8.189061e+02 
3.286263e-01 7.866374e+02 7.946337e+02 
3.336667e-01 7.637369e+02 7.713618e+02 
3.387071e-01 7.419220e+02 7.490380e+02 
3.437475e-01 7.211687e+02 7.276132e+02 
3.487879e-01 7.013541e+02 7.070411e+02 
3.538283e-01 6.823194e+02 6.872787e+02 
3.588687e-01 6.639391e+02 6.682853e+02 
3.639091e-01 6.461634e+02 6.500229e+02 
3.689495e-01 6.289912e+02 6.324555e+02 
3.739899e-01 6.124110e+02 6.155494e+02 
3.790303e-01 5.963877e+02 5.992729e+02 
3.840707e-01 5.809071e+02 5.835961e+02 
3.891111e-01 5.659942e+02 5.684909e+02 
3.941515e-01 5.516589e+02 5.539306e+02 
3.991919e-01 5.378828e+02 5.398901e+02 
4.042323e-01 5.246179e+02 5.263459e+02 
4.092727e-01 5.118195e+02 5.132754e+02 
4.143131e-01 4.994660e+02 5.006575e+02 
4.193535e-01 4.875371e+02 4.884723e+02 
4.243939e-01 4.759960e+02 4.767007e+02 
4.294343e-01 4.648091e+02 4.653249e+02 
4.344747e-01 4.539649e+02 4.543278e+02 
4.395152e-01 4.434646e+02 4.436934e+02 
4.445556e-01 4.333092e+02 4.334063e+02 
4.495960e-01 4.234839e+02 4.234521e+02 
4.546364e-01 4.139686e+02 4.138169e+02 
4.596768e-01 4.047550e+02 4.044878e+02 
4.647172e-01 3.958349e+02 3.954522e+02 
4.697576e-01 3.872040e+02 3.866985e+02 
4.747980e-01 3.788425e+02 3.782152e+02 
4.798384e-01 3.707238e+02 3.699918e+02 
4.848788e-01 3.628388e+02 3.620181e+02 
4.899192e-01 3.551918e+02 3.542843e+02 
4.949596e-01 3.477733e+02 3.467813e+02 
5.000000e-01 3.405623e+02 3.395001e+02 
