1.000000e-03 3.579616e+03 3.579613e+03 
6.040404e-03 1.612782e+04 1.625340e+04 
1.108081e-02 2.220628e+04 2.236492e+04 
1.612121e-02 2.419628e+04 2.435520e+04 
2.116162e-02 2.363434e+04 2.360372e+04 
2.620202e-02 2.165756e+04 2.148769e+04 
3.124242e-02 1.912688e+04 1.916061e+04 
3.628283e-02 1.663189e+04 1.709691e+04 
4.132323e-02 1.450390e+04 1.535370e+04 
4.636364e-02 1.285046e+04 1.387608e+04 
5.140404e-02 1.167443e+04 1.260571e+04 
5.644444e-02 1.086060e+04 1.149940e+04 
6.148485e-02 1.026568e+04 1.052665e+04 
6.652525e-02 9.771554e+03 9.665276e+03 
7.156566e-02 9.263521e+03 8.898446e+03 
7.660606e-02 8.676640e+03 8.212872e+03 
8.164646e-02 8.000582e+03 7.597744e+03 
8.668687e-02 7.271481e+03 7.044080e+03 
9.172727e-02 6.544604e+03 6.544308e+03 
9.676768e-02 5.872576e+03 6.091980e+03 
1.018081e-01 5.297321e+03 5.681566e+03 
1.068485e-01 4.843939e+03 5.308295e+03 
1.118889e-01 4.514447e+03 4.968034e+03 
1.169293e-01 4.287696e+03 4.657189e+03 
1.219697e-01 4.129756e+03 4.372623e+03 
1.270101e-01 4.004793e+03 4.111592e+03 
1.320505e-01 3.881697e+03 3.871687e+03 
1.370909e-01 3.737352e+03 3.650789e+03 
1.421313e-01 3.560028e+03 3.447028e+03 
1.471717e-01 3.350619e+03 3.258753e+03 
1.522121e-01 3.120549e+03 3.084497e+03 
1.572525e-01 2.887137e+03 2.922959e+03 
1.622929e-01 2.668276e+03 2.772981e+03 
1.673333e-01 2.478329e+03 2.633529e+03 
1.723737e-01 2.325215e+03 2.503679e+03 
1.774141e-01 2.209211e+03 2.382603e+03 
1.824545e-01 2.124553e+03 2.269558e+03 
1.874949e-01 2.062223e+03 2.163875e+03 
1.925354e-01 2.011688e+03 2.064953e+03 
1.975758e-01 1.962518e+03 1.972247e+03 
2.026162e-01 1.906277e+03 1.885268e+03 
2.076566e-01 1.838222e+03 1.803568e+03 
2.126970e-01 1.758384e+03 1.726746e+03 
2.177374e-01 1.670296e+03 1.654433e+03 
2.227778e-01 1.579218e+03 1.586296e+03 
2.278182e-01 1.490957e+03 1.522031e+03 
2.328586e-01 1.410726e+03 1.461360e+03 
2.378990e-01 1.341993e+03 1.404028e+03 
2.429394e-01 1.285911e+03 1.349805e+03 
2.479798e-01 1.241445e+03 1.298476e+03 
2.530202e-01 1.206058e+03 1.249846e+03 
2.580606e-01 1.176480e+03 1.203736e+03 
2.631010e-01 1.149129e+03 1.159980e+03 
2.681414e-01 1.120675e+03 1.118426e+03 
2.731818e-01 1.088888e+03 1.078933e+03 
2.782222e-01 1.053166e+03 1.041372e+03 
2.832626e-01 1.014276e+03 1.005623e+03 
2.883030e-01 9.737185e+02 9.715756e+02 
2.933434e-01 9.332797e+02 9.391264e+02 
2.983838e-01 8.947303e+02 9.081802e+02 
3.034242e-01 8.596358e+02 8.786487e+02 
3.084646e-01 8.289513e+02 8.504498e+02 
3.135051e-01 8.027790e+02 8.235070e+02 
3.185455e-01 7.804895e+02 7.977492e+02 
3.235859e-01 7.610062e+02 7.731102e+02 
3.286263e-01 7.431425e+02 7.495281e+02 
3.336667e-01 7.258119e+02 7.269453e+02 
3.387071e-01 7.081063e+02 7.053078e+02 
3.437475e-01 6.894383e+02 6.845654e+02 
3.487879e-01 6.696512e+02 6.646709e+02 
3.538283e-01 6.490922e+02 6.455802e+02 
3.588687e-01 6.283568e+02 6.272518e+02 
3.639091e-01 6.081155e+02 6.096471e+02 
3.689495e-01 5.889100e+02 5.927296e+02 
3.739899e-01 5.711102e+02 5.764652e+02 
3.790303e-01 5.549401e+02 5.608216e+02 
3.840707e-01 5.404031e+02 5.457687e+02 
3.891111e-01 5.272766e+02 5.312781e+02 
3.941515e-01 5.151802e+02 5.173230e+02 
3.991919e-01 5.036835e+02 5.038780e+02 
4.042323e-01 4.924095e+02 4.909195e+02 
4.092727e-01 4.811014e+02 4.784250e+02 
4.143131e-01 4.696266e+02 4.663732e+02 
4.193535e-01 4.579599e+02 4.547442e+02 
4.243939e-01 4.462070e+02 4.435190e+02 
4.294343e-01 4.345557e+02 4.326798e+02 
4.344747e-01 4.232212e+02 4.222095e+02 
4.395152e-01 4.123890e+02 4.120921e+02 
4.445556e-01 4.021737e+02 4.023125e+02 
4.495960e-01 3.926053e+02 3.928562e+02 
4.546364e-01 3.836761e+02 3.837096e+02 
4.596768e-01 3.753076e+02 3.748597e+02 
4.647172e-01 3.673713e+02 3.662943e+02 
4.697576e-01 3.597240e+02 3.580015e+02 
4.747980e-01 3.522397e+02 3.499705e+02 
4.798384e-01 3.448322e+02 3.421905e+02 
4.848788e-01 3.374617e+02 3.346516e+02 
4.899192e-01 3.301334e+02 3.273441e+02 
4.949596e-01 3.228768e+02 3.202591e+02 
5.000000e-01 3.157367e+02 3.133879e+02 
