1.000000e-03 6.221295e+03 6.221290e+03 
6.040404e-03 2.748961e+04 2.771668e+04 
1.108081e-02 3.708766e+04 3.748754e+04 
1.612121e-02 3.940269e+04 3.998133e+04 
2.116162e-02 3.721918e+04 3.742266e+04 
2.620202e-02 3.264218e+04 3.228411e+04 
3.124242e-02 2.729416e+04 2.703276e+04 
3.628283e-02 2.227668e+04 2.275096e+04 
4.132323e-02 1.817688e+04 1.946954e+04 
4.636364e-02 1.514730e+04 1.693644e+04 
5.140404e-02 1.314368e+04 1.492639e+04 
5.644444e-02 1.192584e+04 1.328637e+04 
6.148485e-02 1.123645e+04 1.191765e+04 
6.652525e-02 1.082342e+04 1.075548e+04 
7.156566e-02 1.047042e+04 9.755764e+03 
7.660606e-02 1.001511e+04 8.887113e+03 
8.164646e-02 9.368613e+03 8.126319e+03 
8.668687e-02 8.530682e+03 7.455635e+03 
9.172727e-02 7.570961e+03 6.861135e+03 
9.676768e-02 6.593942e+03 6.331654e+03 
1.018081e-01 5.702235e+03 5.858096e+03 
1.068485e-01 4.969534e+03 5.432953e+03 
1.118889e-01 4.427708e+03 5.049959e+03 
1.169293e-01 4.071506e+03 4.703840e+03 
1.219697e-01 3.871080e+03 4.390126e+03 
1.270101e-01 3.782485e+03 4.104999e+03 
1.320505e-01 3.754062e+03 3.845187e+03 
1.370909e-01 3.733261e+03 3.607865e+03 
1.421313e-01 3.676322e+03 3.390589e+03 
1.471717e-01 3.556261e+03 3.191232e+03 
1.522121e-01 3.365545e+03 3.007937e+03 
1.572525e-01 3.115187e+03 2.839078e+03 
1.622929e-01 2.831399e+03 2.683225e+03 
1.673333e-01 2.547891e+03 2.539119e+03 
1.723737e-01 2.295001e+03 2.405645e+03 
1.774141e-01 2.091093e+03 2.281816e+03 
1.824545e-01 1.942457e+03 2.166754e+03 
1.874949e-01 1.846770e+03 2.059678e+03 
1.925354e-01 1.795732e+03 1.959887e+03 
1.975758e-01 1.776047e+03 1.866758e+03 
2.026162e-01 1.770697e+03 1.779728e+03 
2.076566e-01 1.762387e+03 1.698294e+03 
2.126970e-01 1.737740e+03 1.622000e+03 
2.177374e-01 1.689448e+03 1.550438e+03 
2.227778e-01 1.616450e+03 1.483235e+03 
2.278182e-01 1.523351e+03 1.420056e+03 
2.328586e-01 1.418977e+03 1.360597e+03 
2.378990e-01 1.314181e+03 1.304579e+03 
2.429394e-01 1.218777e+03 1.251751e+03 
2.479798e-01 1.139508e+03 1.201883e+03 
2.530202e-01 1.079501e+03 1.154764e+03 
2.580606e-01 1.038543e+03 1.110202e+03 
2.631010e-01 1.013677e+03 1.068021e+03 
2.681414e-01 9.999899e+02 1.028061e+03 
2.731818e-01 9.915302e+02 9.901714e+02 
2.782222e-01 9.824453e+02 9.542174e+02 
2.832626e-01 9.680307e+02 9.200731e+02 
2.883030e-01 9.454123e+02 8.876228e+02 
2.933434e-01 9.138611e+02 8.567598e+02 
2.983838e-01 8.747242e+02 8.273853e+02 
3.034242e-01 8.309648e+02 7.994081e+02 
3.084646e-01 7.863545e+02 7.727437e+02 
3.135051e-01 7.445042e+02 7.473137e+02 
3.185455e-01 7.080877e+02 7.230454e+02 
3.235859e-01 6.785755e+02 6.998713e+02 
3.286263e-01 6.561809e+02 6.777286e+02 
3.336667e-01 6.401385e+02 6.565589e+02 
3.387071e-01 6.288472e+02 6.363078e+02 
3.437475e-01 6.201983e+02 6.169244e+02 
3.487879e-01 6.119427e+02 5.983614e+02 
3.538283e-01 6.022063e+02 5.805745e+02 
3.588687e-01 5.897889e+02 5.635225e+02 
3.639091e-01 5.742722e+02 5.471666e+02 
3.689495e-01 5.559399e+02 5.314706e+02 
3.739899e-01 5.356361e+02 5.164006e+02 
3.790303e-01 5.145880e+02 5.019247e+02 
3.840707e-01 4.941503e+02 4.880130e+02 
3.891111e-01 4.754848e+02 4.746375e+02 
3.941515e-01 4.593136e+02 4.617719e+02 
3.991919e-01 4.458843e+02 4.493913e+02 
4.042323e-01 4.350519e+02 4.374724e+02 
4.092727e-01 4.263298e+02 4.259932e+02 
4.143131e-01 4.190067e+02 4.149330e+02 
4.193535e-01 4.122596e+02 4.042724e+02 
4.243939e-01 4.053306e+02 3.939928e+02 
4.294343e-01 3.976678e+02 3.840769e+02 
4.344747e-01 3.889895e+02 3.745082e+02 
4.395152e-01 3.792824e+02 3.652713e+02 
4.445556e-01 3.687533e+02 3.563514e+02 
4.495960e-01 3.578076e+02 3.477346e+02 
4.546364e-01 3.469369e+02 3.394078e+02 
4.596768e-01 3.365889e+02 3.313585e+02 
4.647172e-01 3.271119e+02 3.235749e+02 
4.697576e-01 3.186895e+02 3.160457e+02 
4.747980e-01 3.113480e+02 3.087604e+02 
4.798384e-01 3.049705e+02 3.017089e+02 
4.848788e-01 2.993290e+02 2.948815e+02 
4.899192e-01 2.941237e+02 2.882692e+02 
4.949596e-01 2.890465e+02 2.818632e+02 
5.000000e-01 2.838569e+02 2.756555e+02 
