1.000000e-03 3.662283e+03 3.662280e+03 
6.040404e-03 1.636100e+04 1.622710e+04 
1.108081e-02 2.246301e+04 2.205578e+04 
1.612121e-02 2.443280e+04 2.427467e+04 
2.116162e-02 2.383478e+04 2.461619e+04 
2.620202e-02 2.181925e+04 2.401037e+04 
3.124242e-02 1.925371e+04 2.294470e+04 
3.628283e-02 1.673038e+04 2.167566e+04 
4.132323e-02 1.458085e+04 2.034198e+04 
4.636364e-02 1.291163e+04 1.901932e+04 
5.140404e-02 1.172429e+04 1.774803e+04 
5.644444e-02 1.090218e+04 1.654824e+04 
6.148485e-02 1.030083e+04 1.542841e+04 
6.652525e-02 9.801371e+03 1.439032e+04 
7.156566e-02 9.288590e+03 1.343198e+04 
7.660606e-02 8.697330e+03 1.254937e+04 
8.164646e-02 8.017252e+03 1.173751e+04 
8.668687e-02 7.284574e+03 1.099105e+04 
9.172727e-02 6.554642e+03 1.030465e+04 
9.676768e-02 5.880101e+03 9.673141e+03 
1.018081e-01 5.302840e+03 9.091693e+03 
1.068485e-01 4.847881e+03 8.555822e+03 
1.118889e-01 4.517139e+03 8.061416e+03 
1.169293e-01 4.289362e+03 7.604729e+03 
1.219697e-01 4.130539e+03 7.182366e+03 
1.270101e-01 4.004788e+03 6.791253e+03 
1.320505e-01 3.880980e+03 6.428615e+03 
1.370909e-01 3.736002e+03 6.091949e+03 
1.421313e-01 3.558137e+03 5.778996e+03 
1.471717e-01 3.348289e+03 5.487720e+03 
1.522121e-01 3.117884e+03 5.216283e+03 
1.572525e-01 2.884228e+03 4.963025e+03 
1.622929e-01 2.665192e+03 4.726447e+03 
1.673333e-01 2.475107e+03 4.505191e+03 
1.723737e-01 2.321868e+03 4.298029e+03 
1.774141e-01 2.205731e+03 4.103848e+03 
1.824545e-01 2.120927e+03 3.921637e+03 
1.874949e-01 2.058438e+03 3.750477e+03 
1.925354e-01 2.007745e+03 3.589533e+03 
1.975758e-01 1.958432e+03 3.438043e+03 
2.026162e-01 1.902083e+03 3.295312e+03 
2.076566e-01 1.833965e+03 3.160708e+03 
2.126970e-01 1.754114e+03 3.033651e+03 
2.177374e-01 1.666056e+03 2.913609e+03 
2.227778e-01 1.575039e+03 2.800096e+03 
2.278182e-01 1.486855e+03 2.692667e+03 
2.328586e-01 1.406699e+03 2.590911e+03 
2.378990e-01 1.338028e+03 2.494451e+03 
2.429394e-01 1.281984e+03 2.402940e+03 
2.479798e-01 1.237535e+03 2.316059e+03 
2.530202e-01 1.202145e+03 2.233510e+03 
2.580606e-01 1.172555e+03 2.155023e+03 
2.631010e-01 1.145190e+03 2.080345e+03 
2.681414e-01 1.116733e+03 2.009242e+03 
2.731818e-01 1.084963e+03 1.941498e+03 
2.782222e-01 1.049280e+03 1.876912e+03 
2.832626e-01 1.010448e+03 1.815298e+03 
2.883030e-01 9.699624e+02 1.756482e+03 
2.933434e-01 9.296037e+02 1.700305e+03 
2.983838e-01 8.911345e+02 1.646616e+03 
3.034242e-01 8.561134e+02 1.595275e+03 
3.084646e-01 8.254906e+02 1.546152e+03 
3.135051e-01 7.993665e+02 1.499126e+03 
3.185455e-01 7.771133e+02 1.454083e+03 
3.235859e-01 7.576583e+02 1.410917e+03 
3.286263e-01 7.398192e+02 1.369528e+03 
3.336667e-01 7.225143e+02 1.329824e+03 
3.387071e-01 7.048393e+02 1.291718e+03 
3.437475e-01 6.862097e+02 1.255128e+03 
3.487879e-01 6.664695e+02 1.219976e+03 
3.538283e-01 6.459646e+02 1.186192e+03 
3.588687e-01 6.252874e+02 1.153708e+03 
3.639091e-01 6.051051e+02 1.122460e+03 
3.689495e-01 5.859567e+02 1.092388e+03 
3.739899e-01 5.682099e+02 1.063436e+03 
3.790303e-01 5.520871e+02 1.035551e+03 
3.840707e-01 5.375912e+02 1.008682e+03 
3.891111e-01 5.245008e+02 9.827828e+02 
3.941515e-01 5.124371e+02 9.578086e+02 
3.991919e-01 5.009716e+02 9.337173e+02 
4.042323e-01 4.897293e+02 9.104691e+02 
4.092727e-01 4.784548e+02 8.880263e+02 
4.143131e-01 4.670162e+02 8.663535e+02 
4.193535e-01 4.553884e+02 8.454170e+02 
4.243939e-01 4.436765e+02 8.251847e+02 
4.294343e-01 4.320672e+02 8.056267e+02 
4.344747e-01 4.207745e+02 7.867140e+02 
4.395152e-01 4.099827e+02 7.684197e+02 
4.445556e-01 3.998055e+02 7.507179e+02 
4.495960e-01 3.902726e+02 7.335841e+02 
4.546364e-01 3.813765e+02 7.169950e+02 
4.596768e-01 3.730387e+02 7.009286e+02 
4.647172e-01 3.651317e+02 6.853638e+02 
4.697576e-01 3.575127e+02 6.702806e+02 
4.747980e-01 3.500569e+02 6.556599e+02 
4.798384e-01 3.426782e+02 6.414838e+02 
4.848788e-01 3.353372e+02 6.277348e+02 
4.899192e-01 3.280391e+02 6.143966e+02 
4.949596e-01 3.208130e+02 6.014535e+02 
5.000000e-01 3.137036e+02 5.888904e+02 
