1.000000e-03 3.403144e+03 3.403141e+03 
6.040404e-03 1.511812e+04 1.522887e+04 
1.108081e-02 2.055228e+04 2.064832e+04 
1.612121e-02 2.221111e+04 2.223591e+04 
2.116162e-02 2.163744e+04 2.150546e+04 
2.620202e-02 1.990718e+04 1.979223e+04 
3.124242e-02 1.778333e+04 1.795957e+04 
3.628283e-02 1.574959e+04 1.629083e+04 
4.132323e-02 1.404853e+04 1.481782e+04 
4.636364e-02 1.273229e+04 1.351724e+04 
5.140404e-02 1.176711e+04 1.236323e+04 
5.644444e-02 1.102466e+04 1.133495e+04 
6.148485e-02 1.039379e+04 1.041583e+04 
6.652525e-02 9.772866e+03 9.592219e+03 
7.156566e-02 9.104078e+03 8.852541e+03 
7.660606e-02 8.378140e+03 8.186835e+03 
8.164646e-02 7.629706e+03 7.586449e+03 
8.668687e-02 6.910266e+03 7.043835e+03 
9.172727e-02 6.263760e+03 6.552405e+03 
9.676768e-02 5.719612e+03 6.106397e+03 
1.018081e-01 5.291306e+03 5.700771e+03 
1.068485e-01 4.970961e+03 5.331116e+03 
1.118889e-01 4.730827e+03 4.993562e+03 
1.169293e-01 4.534199e+03 4.684714e+03 
1.219697e-01 4.348879e+03 4.401588e+03 
1.270101e-01 4.153048e+03 4.141557e+03 
1.320505e-01 3.935962e+03 3.902302e+03 
1.370909e-01 3.698617e+03 3.681778e+03 
1.421313e-01 3.451817e+03 3.478170e+03 
1.471717e-01 3.210654e+03 3.289871e+03 
1.522121e-01 2.989240e+03 3.115453e+03 
1.572525e-01 2.797778e+03 2.953642e+03 
1.622929e-01 2.641040e+03 2.803305e+03 
1.673333e-01 2.517234e+03 2.663426e+03 
1.723737e-01 2.418615e+03 2.533096e+03 
1.774141e-01 2.335003e+03 2.411501e+03 
1.824545e-01 2.256855e+03 2.297907e+03 
1.874949e-01 2.176896e+03 2.191656e+03 
1.925354e-01 2.090659e+03 2.092150e+03 
1.975758e-01 1.997190e+03 1.998853e+03 
2.026162e-01 1.899202e+03 1.911278e+03 
2.076566e-01 1.801418e+03 1.828984e+03 
2.126970e-01 1.708668e+03 1.751569e+03 
2.177374e-01 1.624603e+03 1.678669e+03 
2.227778e-01 1.551218e+03 1.609953e+03 
2.278182e-01 1.488755e+03 1.545117e+03 
2.328586e-01 1.435664e+03 1.483885e+03 
2.378990e-01 1.389274e+03 1.426004e+03 
2.429394e-01 1.346717e+03 1.371242e+03 
2.479798e-01 1.305383e+03 1.319387e+03 
2.530202e-01 1.263257e+03 1.270244e+03 
2.580606e-01 1.219309e+03 1.223632e+03 
2.631010e-01 1.173846e+03 1.179388e+03 
2.681414e-01 1.128169e+03 1.137359e+03 
2.731818e-01 1.083795e+03 1.097404e+03 
2.782222e-01 1.041900e+03 1.059393e+03 
2.832626e-01 1.003252e+03 1.023207e+03 
2.883030e-01 9.683075e+02 9.887348e+02 
2.933434e-01 9.370633e+02 9.558728e+02 
2.983838e-01 9.089176e+02 9.245257e+02 
3.034242e-01 8.829048e+02 8.946049e+02 
3.084646e-01 8.580786e+02 8.660280e+02 
3.135051e-01 8.337560e+02 8.387183e+02 
3.185455e-01 8.095498e+02 8.126043e+02 
3.235859e-01 7.852732e+02 7.876196e+02 
3.286263e-01 7.609912e+02 7.637019e+02 
3.336667e-01 7.370353e+02 7.407933e+02 
3.387071e-01 7.138848e+02 7.188397e+02 
3.437475e-01 6.919123e+02 6.977904e+02 
3.487879e-01 6.713153e+02 6.775980e+02 
3.538283e-01 6.521058e+02 6.582180e+02 
3.588687e-01 6.341892e+02 6.396089e+02 
3.639091e-01 6.173926e+02 6.217315e+02 
3.689495e-01 6.014633e+02 6.045492e+02 
3.739899e-01 5.861170e+02 5.880276e+02 
3.790303e-01 5.711303e+02 5.721343e+02 
3.840707e-01 5.564000e+02 5.568388e+02 
3.891111e-01 5.419059e+02 5.421125e+02 
3.941515e-01 5.276770e+02 5.279283e+02 
3.991919e-01 5.137810e+02 5.142608e+02 
4.042323e-01 5.003271e+02 5.010860e+02 
4.092727e-01 4.874367e+02 4.883812e+02 
4.143131e-01 4.751534e+02 4.761250e+02 
4.193535e-01 4.634593e+02 4.642972e+02 
4.243939e-01 4.522975e+02 4.528787e+02 
4.294343e-01 4.416169e+02 4.418514e+02 
4.344747e-01 4.313615e+02 4.311982e+02 
4.395152e-01 4.214449e+02 4.209028e+02 
4.445556e-01 4.117855e+02 4.109500e+02 
4.495960e-01 4.023431e+02 4.013251e+02 
4.546364e-01 3.931181e+02 3.920144e+02 
4.596768e-01 3.841308e+02 3.830047e+02 
4.647172e-01 3.753887e+02 3.742837e+02 
4.697576e-01 3.668960e+02 3.658395e+02 
4.747980e-01 3.586846e+02 3.576608e+02 
4.798384e-01 3.507711e+02 3.497370e+02 
4.848788e-01 3.431557e+02 3.420580e+02 
4.899192e-01 3.358111e+02 3.346140e+02 
4.949596e-01 3.287049e+02 3.273960e+02 
5.000000e-01 3.218226e+02 3.203950e+02 
