1.000000e-03 3.405947e+03 3.405944e+03 
6.040404e-03 1.500236e+04 1.511378e+04 
1.108081e-02 2.037378e+04 2.047047e+04 
1.612121e-02 2.203171e+04 2.206078e+04 
2.116162e-02 2.149367e+04 2.136873e+04 
2.620202e-02 1.980804e+04 1.968673e+04 
3.124242e-02 1.771872e+04 1.787008e+04 
3.628283e-02 1.570096e+04 1.621066e+04 
4.132323e-02 1.399843e+04 1.474513e+04 
4.636364e-02 1.267185e+04 1.345143e+04 
5.140404e-02 1.169055e+04 1.230382e+04 
5.644444e-02 1.094188e+04 1.128139e+04 
6.148485e-02 1.031181e+04 1.036753e+04 
6.652525e-02 9.703674e+03 9.548574e+03 
7.156566e-02 9.055780e+03 8.813010e+03 
7.660606e-02 8.352665e+03 8.150925e+03 
8.164646e-02 7.622073e+03 7.553721e+03 
8.668687e-02 6.912324e+03 7.013907e+03 
9.172727e-02 6.266677e+03 6.524944e+03 
9.676768e-02 5.715658e+03 6.081116e+03 
1.018081e-01 5.275059e+03 5.677421e+03 
1.068485e-01 4.941653e+03 5.309481e+03 
1.118889e-01 4.692116e+03 4.973455e+03 
1.169293e-01 4.492533e+03 4.665974e+03 
1.219697e-01 4.310672e+03 4.384073e+03 
1.270101e-01 4.123133e+03 4.125144e+03 
1.320505e-01 3.917153e+03 3.886884e+03 
1.370909e-01 3.690719e+03 3.667260e+03 
1.421313e-01 3.451988e+03 3.464469e+03 
1.471717e-01 3.214601e+03 3.276915e+03 
1.522121e-01 2.992658e+03 3.103176e+03 
1.572525e-01 2.796813e+03 2.941988e+03 
1.622929e-01 2.633402e+03 2.792221e+03 
1.673333e-01 2.502746e+03 2.652867e+03 
1.723737e-01 2.399229e+03 2.523022e+03 
1.774141e-01 2.313588e+03 2.401875e+03 
1.824545e-01 2.236259e+03 2.288697e+03 
1.874949e-01 2.159565e+03 2.182831e+03 
1.925354e-01 2.078302e+03 2.083684e+03 
1.975758e-01 1.990205e+03 1.990722e+03 
2.026162e-01 1.896435e+03 1.903460e+03 
2.076566e-01 1.801004e+03 1.821458e+03 
2.126970e-01 1.708535e+03 1.744317e+03 
2.177374e-01 1.623108e+03 1.671675e+03 
2.227778e-01 1.547231e+03 1.603201e+03 
2.278182e-01 1.481882e+03 1.538593e+03 
2.328586e-01 1.426313e+03 1.477577e+03 
2.378990e-01 1.378423e+03 1.419900e+03 
2.429394e-01 1.335530e+03 1.365331e+03 
2.479798e-01 1.295009e+03 1.313658e+03 
2.530202e-01 1.254660e+03 1.264688e+03 
2.580606e-01 1.212968e+03 1.218242e+03 
2.631010e-01 1.169589e+03 1.174154e+03 
2.681414e-01 1.125297e+03 1.132274e+03 
2.731818e-01 1.081522e+03 1.092461e+03 
2.782222e-01 1.039535e+03 1.054586e+03 
2.832626e-01 1.000275e+03 1.018529e+03 
2.883030e-01 9.643424e+02 9.841803e+02 
2.933434e-01 9.319919e+02 9.514366e+02 
2.983838e-01 9.029944e+02 9.202029e+02 
3.034242e-01 8.766106e+02 8.903908e+02 
3.084646e-01 8.518944e+02 8.619181e+02 
3.135051e-01 8.280493e+02 8.347084e+02 
3.185455e-01 8.045455e+02 8.086905e+02 
3.235859e-01 7.810947e+02 7.837981e+02 
3.286263e-01 7.575725e+02 7.599693e+02 
3.336667e-01 7.341578e+02 7.371463e+02 
3.387071e-01 7.112050e+02 7.152751e+02 
3.437475e-01 6.891480e+02 6.943053e+02 
3.487879e-01 6.682915e+02 6.741895e+02 
3.538283e-01 6.487597e+02 6.548834e+02 
3.588687e-01 6.305305e+02 6.363457e+02 
3.639091e-01 6.135008e+02 6.185373e+02 
3.689495e-01 5.974832e+02 6.014217e+02 
3.739899e-01 5.822174e+02 5.849646e+02 
3.790303e-01 5.674597e+02 5.691337e+02 
3.840707e-01 5.530173e+02 5.538986e+02 
3.891111e-01 5.388268e+02 5.392308e+02 
3.941515e-01 5.248658e+02 5.251033e+02 
3.991919e-01 5.111752e+02 5.114907e+02 
4.042323e-01 4.978183e+02 4.983691e+02 
4.092727e-01 4.849165e+02 4.857160e+02 
4.143131e-01 4.725615e+02 4.735100e+02 
4.193535e-01 4.607846e+02 4.617309e+02 
4.243939e-01 4.495593e+02 4.503596e+02 
4.294343e-01 4.388335e+02 4.393783e+02 
4.344747e-01 4.285668e+02 4.287697e+02 
4.395152e-01 4.186981e+02 4.185177e+02 
4.445556e-01 4.091425e+02 4.086071e+02 
4.495960e-01 3.998229e+02 3.990233e+02 
4.546364e-01 3.907159e+02 3.897526e+02 
4.596768e-01 3.818294e+02 3.807819e+02 
4.647172e-01 3.731713e+02 3.720987e+02 
4.697576e-01 3.647398e+02 3.636914e+02 
4.747980e-01 3.565525e+02 3.555487e+02 
4.798384e-01 3.486355e+02 3.476599e+02 
4.848788e-01 3.410050e+02 3.400150e+02 
4.899192e-01 3.336585e+02 3.326044e+02 
4.949596e-01 3.265676e+02 3.254188e+02 
5.000000e-01 3.197029e+02 3.184495e+02 
