1.000000e-03 3.119566e+03 3.119564e+03 
6.040404e-03 1.406298e+04 1.410891e+04 
1.108081e-02 1.924792e+04 1.927378e+04 
1.612121e-02 2.091499e+04 2.125359e+04 
2.116162e-02 2.047585e+04 2.156517e+04 
2.620202e-02 1.892205e+04 2.103927e+04 
3.124242e-02 1.696459e+04 2.010951e+04 
3.628283e-02 1.506169e+04 1.900130e+04 
4.132323e-02 1.345101e+04 1.783597e+04 
4.636364e-02 1.219437e+04 1.667972e+04 
5.140404e-02 1.126501e+04 1.556793e+04 
5.644444e-02 1.055630e+04 1.451830e+04 
6.148485e-02 9.959401e+03 1.353834e+04 
6.652525e-02 9.381568e+03 1.262967e+04 
7.156566e-02 8.763421e+03 1.179063e+04 
7.660606e-02 8.090096e+03 1.101775e+04 
8.164646e-02 7.388533e+03 1.030669e+04 
8.668687e-02 6.705703e+03 9.652808e+03 
9.172727e-02 6.083783e+03 9.051438e+03 
9.676768e-02 5.552670e+03 8.498089e+03 
1.018081e-01 5.127988e+03 7.988534e+03 
1.068485e-01 4.806869e+03 7.518859e+03 
1.118889e-01 4.566850e+03 7.085473e+03 
1.169293e-01 4.375077e+03 6.685102e+03 
1.219697e-01 4.200254e+03 6.314778e+03 
1.270101e-01 4.019615e+03 5.971814e+03 
1.320505e-01 3.820720e+03 5.653783e+03 
1.370909e-01 3.601598e+03 5.358495e+03 
1.421313e-01 3.370200e+03 5.083976e+03 
1.471717e-01 3.139847e+03 4.828442e+03 
1.522121e-01 2.924332e+03 4.590287e+03 
1.572525e-01 2.734106e+03 4.368058e+03 
1.622929e-01 2.575406e+03 4.160442e+03 
1.673333e-01 2.448591e+03 3.966252e+03 
1.723737e-01 2.348212e+03 3.784412e+03 
1.774141e-01 2.265233e+03 3.613948e+03 
1.824545e-01 2.190310e+03 3.453974e+03 
1.874949e-01 2.115935e+03 3.303687e+03 
1.925354e-01 2.037009e+03 3.162354e+03 
1.975758e-01 1.951312e+03 3.029310e+03 
2.026162e-01 1.859978e+03 2.903946e+03 
2.076566e-01 1.766941e+03 2.785706e+03 
2.126970e-01 1.676739e+03 2.674084e+03 
2.177374e-01 1.593382e+03 2.568614e+03 
2.227778e-01 1.519342e+03 2.468871e+03 
2.278182e-01 1.455591e+03 2.374463e+03 
2.328586e-01 1.401403e+03 2.285031e+03 
2.378990e-01 1.354723e+03 2.200245e+03 
2.429394e-01 1.312922e+03 2.119801e+03 
2.479798e-01 1.273424e+03 2.043418e+03 
2.530202e-01 1.234067e+03 1.970838e+03 
2.580606e-01 1.193362e+03 1.901822e+03 
2.631010e-01 1.150971e+03 1.836148e+03 
2.681414e-01 1.107655e+03 1.773611e+03 
2.731818e-01 1.064822e+03 1.714023e+03 
2.782222e-01 1.023725e+03 1.657207e+03 
2.832626e-01 9.852888e+02 1.603000e+03 
2.883030e-01 9.501109e+02 1.551251e+03 
2.933434e-01 9.184428e+02 1.501817e+03 
2.983838e-01 8.900622e+02 1.454568e+03 
3.034242e-01 8.642427e+02 1.409381e+03 
3.084646e-01 8.400535e+02 1.366143e+03 
3.135051e-01 8.167104e+02 1.324745e+03 
3.185455e-01 7.936914e+02 1.285090e+03 
3.235859e-01 7.707129e+02 1.247083e+03 
3.286263e-01 7.476521e+02 1.210638e+03 
3.336667e-01 7.246861e+02 1.175673e+03 
3.387071e-01 7.021650e+02 1.142112e+03 
3.437475e-01 6.805179e+02 1.109882e+03 
3.487879e-01 6.600463e+02 1.078918e+03 
3.538283e-01 6.408739e+02 1.049155e+03 
3.588687e-01 6.229798e+02 1.020534e+03 
3.639091e-01 6.062630e+02 9.930002e+02 
3.689495e-01 5.905390e+02 9.664999e+02 
3.739899e-01 5.755512e+02 9.409842e+02 
3.790303e-01 5.610592e+02 9.164063e+02 
3.840707e-01 5.468728e+02 8.927224e+02 
3.891111e-01 5.329295e+02 8.698910e+02 
3.941515e-01 5.192073e+02 8.478730e+02 
3.991919e-01 5.057471e+02 8.266315e+02 
4.042323e-01 4.926116e+02 8.061314e+02 
4.092727e-01 4.799213e+02 7.863399e+02 
4.143131e-01 4.677674e+02 7.672257e+02 
4.193535e-01 4.561810e+02 7.487591e+02 
4.243939e-01 4.451363e+02 7.309122e+02 
4.294343e-01 4.345822e+02 7.136585e+02 
4.344747e-01 4.244787e+02 6.969727e+02 
4.395152e-01 4.147658e+02 6.808311e+02 
4.445556e-01 4.053595e+02 6.652108e+02 
4.495960e-01 3.961836e+02 6.500905e+02 
4.546364e-01 3.872151e+02 6.354497e+02 
4.596768e-01 3.784620e+02 6.212689e+02 
4.647172e-01 3.699322e+02 6.075297e+02 
4.697576e-01 3.616241e+02 5.942145e+02 
4.747980e-01 3.535554e+02 5.813066e+02 
4.798384e-01 3.457520e+02 5.687900e+02 
4.848788e-01 3.382301e+02 5.566497e+02 
4.899192e-01 3.309874e+02 5.448710e+02 
4.949596e-01 3.239960e+02 5.334403e+02 
5.000000e-01 3.172268e+02 5.223444e+02 
