1.000000e-03 3.460628e+03 3.460625e+03 
6.040404e-03 1.533193e+04 1.544695e+04 
1.108081e-02 2.088144e+04 2.099100e+04 
1.612121e-02 2.261228e+04 2.266487e+04 
2.116162e-02 2.205966e+04 2.194851e+04 
2.620202e-02 2.030080e+04 2.017133e+04 
3.124242e-02 1.811031e+04 1.825177e+04 
3.628283e-02 1.598949e+04 1.651149e+04 
4.132323e-02 1.420010e+04 1.498807e+04 
4.636364e-02 1.281031e+04 1.365303e+04 
5.140404e-02 1.179527e+04 1.247500e+04 
5.644444e-02 1.103747e+04 1.142938e+04 
6.148485e-02 1.041584e+04 1.049724e+04 
6.652525e-02 9.825995e+03 9.663483e+03 
7.156566e-02 9.195772e+03 8.915668e+03 
7.660606e-02 8.501041e+03 8.243267e+03 
8.164646e-02 7.765221e+03 7.637259e+03 
8.668687e-02 7.037239e+03 7.089850e+03 
9.172727e-02 6.365084e+03 6.594275e+03 
9.676768e-02 5.784609e+03 6.144648e+03 
1.018081e-01 5.316743e+03 5.735836e+03 
1.068485e-01 4.963066e+03 5.363354e+03 
1.118889e-01 4.703576e+03 5.023280e+03 
1.169293e-01 4.504509e+03 4.712173e+03 
1.219697e-01 4.331195e+03 4.427013e+03 
1.270101e-01 4.156516e+03 4.165145e+03 
1.320505e-01 3.963567e+03 3.924225e+03 
1.370909e-01 3.746558e+03 3.702187e+03 
1.421313e-01 3.510889e+03 3.497199e+03 
1.471717e-01 3.269945e+03 3.307639e+03 
1.522121e-01 3.039047e+03 3.132066e+03 
1.572525e-01 2.831328e+03 2.969195e+03 
1.622929e-01 2.655614e+03 2.817883e+03 
1.673333e-01 2.514832e+03 2.677106e+03 
1.723737e-01 2.405058e+03 2.545948e+03 
1.774141e-01 2.317763e+03 2.423588e+03 
1.824545e-01 2.242901e+03 2.309286e+03 
1.874949e-01 2.171411e+03 2.202377e+03 
1.925354e-01 2.096420e+03 2.102262e+03 
1.975758e-01 2.013891e+03 2.008399e+03 
2.026162e-01 1.923520e+03 1.920297e+03 
2.076566e-01 1.828544e+03 1.837511e+03 
2.126970e-01 1.733807e+03 1.759638e+03 
2.177374e-01 1.644078e+03 1.686310e+03 
2.227778e-01 1.563042e+03 1.617194e+03 
2.278182e-01 1.492760e+03 1.551984e+03 
2.328586e-01 1.433430e+03 1.490401e+03 
2.378990e-01 1.383494e+03 1.432192e+03 
2.429394e-01 1.340353e+03 1.377122e+03 
2.479798e-01 1.301077e+03 1.324977e+03 
2.530202e-01 1.262949e+03 1.275561e+03 
2.580606e-01 1.223816e+03 1.228694e+03 
2.631010e-01 1.182532e+03 1.184209e+03 
2.681414e-01 1.139304e+03 1.141952e+03 
2.731818e-01 1.095383e+03 1.101783e+03 
2.782222e-01 1.052288e+03 1.063570e+03 
2.832626e-01 1.011270e+03 1.027193e+03 
2.883030e-01 9.733023e+02 9.925402e+02 
2.933434e-01 9.390012e+02 9.595074e+02 
2.983838e-01 9.085245e+02 9.279988e+02 
3.034242e-01 8.813770e+02 8.979251e+02 
3.084646e-01 8.566325e+02 8.692033e+02 
3.135051e-01 8.332902e+02 8.417562e+02 
3.185455e-01 8.105694e+02 8.155119e+02 
3.235859e-01 7.879507e+02 7.904034e+02 
3.286263e-01 7.651196e+02 7.663682e+02 
3.336667e-01 7.420390e+02 7.433481e+02 
3.387071e-01 7.189879e+02 7.212883e+02 
3.437475e-01 6.964307e+02 7.001381e+02 
3.487879e-01 6.748420e+02 6.798496e+02 
3.538283e-01 6.545098e+02 6.603781e+02 
3.588687e-01 6.355536e+02 6.416818e+02 
3.639091e-01 6.179565e+02 6.237214e+02 
3.689495e-01 6.016086e+02 6.064599e+02 
3.739899e-01 5.862687e+02 5.898628e+02 
3.790303e-01 5.716381e+02 5.738974e+02 
3.840707e-01 5.574368e+02 5.585331e+02 
3.891111e-01 5.434873e+02 5.437410e+02 
3.941515e-01 5.297093e+02 5.294940e+02 
3.991919e-01 5.160856e+02 5.157665e+02 
4.042323e-01 5.026714e+02 5.025342e+02 
4.092727e-01 4.895658e+02 4.897745e+02 
4.143131e-01 4.769051e+02 4.774657e+02 
4.193535e-01 4.648078e+02 4.655876e+02 
4.243939e-01 4.532908e+02 4.541209e+02 
4.294343e-01 4.423376e+02 4.430474e+02 
4.344747e-01 4.319129e+02 4.323500e+02 
4.395152e-01 4.219605e+02 4.220122e+02 
4.445556e-01 4.123968e+02 4.120187e+02 
4.495960e-01 4.031268e+02 4.023548e+02 
4.546364e-01 3.940747e+02 3.930066e+02 
4.596768e-01 3.852110e+02 3.839610e+02 
4.647172e-01 3.765369e+02 3.752055e+02 
4.697576e-01 3.680575e+02 3.667281e+02 
4.747980e-01 3.597867e+02 3.585176e+02 
4.798384e-01 3.517456e+02 3.505632e+02 
4.848788e-01 3.439744e+02 3.428548e+02 
4.899192e-01 3.364897e+02 3.353825e+02 
4.949596e-01 3.292903e+02 3.281372e+02 
5.000000e-01 3.223521e+02 3.211101e+02 
