1.000000e-03 4.274389e+03 4.274386e+03 
6.040404e-03 1.901820e+04 1.916983e+04 
1.108081e-02 2.599314e+04 2.620909e+04 
1.612121e-02 2.810121e+04 2.835997e+04 
2.116162e-02 2.718053e+04 2.720905e+04 
2.620202e-02 2.459298e+04 2.438044e+04 
3.124242e-02 2.137776e+04 2.133910e+04 
3.628283e-02 1.824843e+04 1.871546e+04 
4.132323e-02 1.560543e+04 1.657071e+04 
4.636364e-02 1.357639e+04 1.480843e+04 
5.140404e-02 1.216203e+04 1.333245e+04 
5.644444e-02 1.122380e+04 1.207367e+04 
6.148485e-02 1.059215e+04 1.098500e+04 
6.652525e-02 1.011426e+04 1.003362e+04 
7.156566e-02 9.645752e+03 9.195701e+03 
7.660606e-02 9.094106e+03 8.453215e+03 
8.164646e-02 8.425698e+03 7.792024e+03 
8.668687e-02 7.664999e+03 7.200749e+03 
9.172727e-02 6.869887e+03 6.670049e+03 
9.676768e-02 6.106848e+03 6.192141e+03 
1.018081e-01 5.434780e+03 5.760467e+03 
1.068485e-01 4.893557e+03 5.369459e+03 
1.118889e-01 4.496002e+03 5.014352e+03 
1.169293e-01 4.227447e+03 4.691049e+03 
1.219697e-01 4.056295e+03 4.396010e+03 
1.270101e-01 3.944230e+03 4.126161e+03 
1.320505e-01 3.853227e+03 3.878825e+03 
1.370909e-01 3.750031e+03 3.651665e+03 
1.421313e-01 3.611314e+03 3.442627e+03 
1.471717e-01 3.428582e+03 3.249908e+03 
1.522121e-01 3.208136e+03 3.071918e+03 
1.572525e-01 2.966218e+03 2.907248e+03 
1.622929e-01 2.723662e+03 2.754652e+03 
1.673333e-01 2.500951e+03 2.613021e+03 
1.723737e-01 2.313383e+03 2.481367e+03 
1.774141e-01 2.167960e+03 2.358810e+03 
1.824545e-01 2.063319e+03 2.244559e+03 
1.874949e-01 1.992306e+03 2.137908e+03 
1.925354e-01 1.944590e+03 2.038221e+03 
1.975758e-01 1.908184e+03 1.944926e+03 
2.026162e-01 1.871257e+03 1.857507e+03 
2.076566e-01 1.824265e+03 1.775497e+03 
2.126970e-01 1.762198e+03 1.698476e+03 
2.177374e-01 1.684998e+03 1.626059e+03 
2.227778e-01 1.596619e+03 1.557901e+03 
2.278182e-01 1.503407e+03 1.493684e+03 
2.328586e-01 1.412438e+03 1.433121e+03 
2.378990e-01 1.329928e+03 1.375948e+03 
2.429394e-01 1.260012e+03 1.321927e+03 
2.479798e-01 1.204278e+03 1.270837e+03 
2.530202e-01 1.162060e+03 1.222477e+03 
2.580606e-01 1.130878e+03 1.176662e+03 
2.631010e-01 1.106882e+03 1.133223e+03 
2.681414e-01 1.085625e+03 1.092003e+03 
2.731818e-01 1.063104e+03 1.052859e+03 
2.782222e-01 1.036654e+03 1.015658e+03 
2.832626e-01 1.005186e+03 9.802781e+02 
2.883030e-01 9.689666e+02 9.466059e+02 
2.933434e-01 9.293269e+02 9.145368e+02 
2.983838e-01 8.884017e+02 8.839740e+02 
3.034242e-01 8.486613e+02 8.548275e+02 
3.084646e-01 8.122917e+02 8.270141e+02 
3.135051e-01 7.806345e+02 8.004561e+02 
3.185455e-01 7.540884e+02 7.750816e+02 
3.235859e-01 7.323080e+02 7.508235e+02 
3.286263e-01 7.143805e+02 7.276194e+02 
3.336667e-01 6.990112e+02 7.054110e+02 
3.387071e-01 6.847192e+02 6.841439e+02 
3.437475e-01 6.701245e+02 6.637674e+02 
3.487879e-01 6.542913e+02 6.442340e+02 
3.538283e-01 6.368424e+02 6.254992e+02 
3.588687e-01 6.179256e+02 6.075215e+02 
3.639091e-01 5.980342e+02 5.902620e+02 
3.689495e-01 5.778917e+02 5.736840e+02 
3.739899e-01 5.582911e+02 5.577533e+02 
3.790303e-01 5.399492e+02 5.424376e+02 
3.840707e-01 5.233579e+02 5.277068e+02 
3.891111e-01 5.086900e+02 5.135323e+02 
3.941515e-01 4.958361e+02 4.998873e+02 
3.991919e-01 4.844743e+02 4.867466e+02 
4.042323e-01 4.741568e+02 4.740865e+02 
4.092727e-01 4.643811e+02 4.618845e+02 
4.143131e-01 4.546680e+02 4.501195e+02 
4.193535e-01 4.446754e+02 4.387714e+02 
4.243939e-01 4.342537e+02 4.278215e+02 
4.294343e-01 4.234368e+02 4.172519e+02 
4.344747e-01 4.123885e+02 4.070457e+02 
4.395152e-01 4.013180e+02 3.971870e+02 
4.445556e-01 3.904900e+02 3.876607e+02 
4.495960e-01 3.801540e+02 3.784525e+02 
4.546364e-01 3.705170e+02 3.695488e+02 
4.596768e-01 3.616444e+02 3.609367e+02 
4.647172e-01 3.535018e+02 3.526041e+02 
4.697576e-01 3.459765e+02 3.445393e+02 
4.747980e-01 3.389236e+02 3.367313e+02 
4.798384e-01 3.321927e+02 3.291698e+02 
4.848788e-01 3.256054e+02 3.218447e+02 
4.899192e-01 3.190208e+02 3.147467e+02 
4.949596e-01 3.123695e+02 3.078666e+02 
5.000000e-01 3.056481e+02 3.011961e+02 
