1.000000e-03 3.605914e+03 3.605911e+03 
6.040404e-03 1.632104e+04 1.644748e+04 
1.108081e-02 2.247195e+04 2.262877e+04 
1.612121e-02 2.447276e+04 2.462298e+04 
2.116162e-02 2.389188e+04 2.384899e+04 
2.620202e-02 2.188836e+04 2.171978e+04 
3.124242e-02 1.933646e+04 1.939147e+04 
3.628283e-02 1.683086e+04 1.732669e+04 
4.132323e-02 1.470226e+04 1.557791e+04 
4.636364e-02 1.305382e+04 1.409089e+04 
5.140404e-02 1.188438e+04 1.280901e+04 
5.644444e-02 1.107216e+04 1.169040e+04 
6.148485e-02 1.047244e+04 1.070536e+04 
6.652525e-02 9.963647e+03 9.832147e+03 
7.156566e-02 9.432590e+03 9.054161e+03 
7.660606e-02 8.818501e+03 8.358198e+03 
8.164646e-02 8.116587e+03 7.733460e+03 
8.668687e-02 7.367262e+03 7.170944e+03 
9.172727e-02 6.627798e+03 6.663035e+03 
9.676768e-02 5.951077e+03 6.203234e+03 
1.018081e-01 5.378166e+03 5.785955e+03 
1.068485e-01 4.931816e+03 5.406377e+03 
1.118889e-01 4.610092e+03 5.060315e+03 
1.169293e-01 4.388665e+03 4.744128e+03 
1.219697e-01 4.231579e+03 4.454638e+03 
1.270101e-01 4.102301e+03 4.189062e+03 
1.320505e-01 3.970268e+03 3.944955e+03 
1.370909e-01 3.813610e+03 3.720168e+03 
1.421313e-01 3.622748e+03 3.512801e+03 
1.471717e-01 3.401242e+03 3.321179e+03 
1.522121e-01 3.162527e+03 3.143811e+03 
1.572525e-01 2.924788e+03 2.979376e+03 
1.622929e-01 2.705725e+03 2.826698e+03 
1.673333e-01 2.518711e+03 2.684726e+03 
1.723737e-01 2.370109e+03 2.552520e+03 
1.774141e-01 2.258604e+03 2.429239e+03 
1.824545e-01 2.177114e+03 2.314128e+03 
1.874949e-01 2.115693e+03 2.206508e+03 
1.925354e-01 2.063463e+03 2.105766e+03 
1.975758e-01 2.010159e+03 2.011350e+03 
2.026162e-01 1.947959e+03 1.922760e+03 
2.076566e-01 1.873527e+03 1.839544e+03 
2.126970e-01 1.788004e+03 1.761291e+03 
2.177374e-01 1.695687e+03 1.687627e+03 
2.227778e-01 1.602310e+03 1.618214e+03 
2.278182e-01 1.513684e+03 1.552742e+03 
2.328586e-01 1.434633e+03 1.490928e+03 
2.378990e-01 1.367965e+03 1.432513e+03 
2.429394e-01 1.314041e+03 1.377263e+03 
2.479798e-01 1.271185e+03 1.324959e+03 
2.530202e-01 1.236507e+03 1.275404e+03 
2.580606e-01 1.206502e+03 1.228413e+03 
2.631010e-01 1.177522e+03 1.183820e+03 
2.681414e-01 1.146484e+03 1.141468e+03 
2.731818e-01 1.111737e+03 1.101216e+03 
2.782222e-01 1.073249e+03 1.062932e+03 
2.832626e-01 1.032183e+03 1.026492e+03 
2.883030e-01 9.902134e+02 9.917850e+02 
2.933434e-01 9.491474e+02 9.587058e+02 
2.983838e-01 9.107203e+02 9.271575e+02 
3.034242e-01 8.763022e+02 8.970501e+02 
3.084646e-01 8.465214e+02 8.683000e+02 
3.135051e-01 8.211233e+02 8.408295e+02 
3.185455e-01 7.992144e+02 8.145661e+02 
3.235859e-01 7.796219e+02 7.894423e+02 
3.286263e-01 7.611936e+02 7.653953e+02 
3.336667e-01 7.428981e+02 7.423664e+02 
3.387071e-01 7.239346e+02 7.203006e+02 
3.437475e-01 7.039158e+02 6.991467e+02 
3.487879e-01 6.829367e+02 6.788568e+02 
3.538283e-01 6.614914e+02 6.593858e+02 
3.588687e-01 6.402451e+02 6.406917e+02 
3.639091e-01 6.198146e+02 6.227350e+02 
3.689495e-01 6.006611e+02 6.054786e+02 
3.739899e-01 5.830675e+02 5.888876e+02 
3.790303e-01 5.671524e+02 5.729295e+02 
3.840707e-01 5.528062e+02 5.575733e+02 
3.891111e-01 5.396922e+02 5.427902e+02 
3.941515e-01 5.273892e+02 5.285528e+02 
3.991919e-01 5.154884e+02 5.148354e+02 
4.042323e-01 5.036823e+02 5.016139e+02 
4.092727e-01 4.917842e+02 4.888654e+02 
4.143131e-01 4.797151e+02 4.765681e+02 
4.193535e-01 4.675207e+02 4.647018e+02 
4.243939e-01 4.553700e+02 4.532472e+02 
4.294343e-01 4.434695e+02 4.421860e+02 
4.344747e-01 4.320241e+02 4.315010e+02 
4.395152e-01 4.211660e+02 4.211757e+02 
4.445556e-01 4.109538e+02 4.111949e+02 
4.495960e-01 4.014033e+02 4.015437e+02 
4.546364e-01 3.924620e+02 3.922082e+02 
4.596768e-01 3.840117e+02 3.831754e+02 
4.647172e-01 3.759094e+02 3.744325e+02 
4.697576e-01 3.680229e+02 3.659678e+02 
4.747980e-01 3.602579e+02 3.577698e+02 
4.798384e-01 3.525540e+02 3.498279e+02 
4.848788e-01 3.449063e+02 3.421319e+02 
4.899192e-01 3.373263e+02 3.346719e+02 
4.949596e-01 3.298567e+02 3.274388e+02 
5.000000e-01 3.225688e+02 3.204237e+02 
