1.000000e-03 4.619775e+03 4.619771e+03 
6.040404e-03 2.060115e+04 2.076497e+04 
1.108081e-02 2.800932e+04 2.825196e+04 
1.612121e-02 3.006515e+04 3.035770e+04 
2.116162e-02 2.882596e+04 2.884906e+04 
2.620202e-02 2.582127e+04 2.558462e+04 
3.124242e-02 2.221021e+04 2.219531e+04 
3.628283e-02 1.877302e+04 1.933268e+04 
4.132323e-02 1.592929e+04 1.702604e+04 
4.636364e-02 1.379193e+04 1.515038e+04 
5.140404e-02 1.234391e+04 1.359195e+04 
5.644444e-02 1.140752e+04 1.227138e+04 
6.148485e-02 1.079488e+04 1.113536e+04 
6.652525e-02 1.032555e+04 1.014713e+04 
7.156566e-02 9.846266e+03 9.280212e+03 
7.660606e-02 9.261417e+03 8.514714e+03 
8.164646e-02 8.542698e+03 7.835159e+03 
8.668687e-02 7.724281e+03 7.229170e+03 
9.172727e-02 6.875694e+03 6.686648e+03 
9.676768e-02 6.074030e+03 6.199229e+03 
1.018081e-01 5.384199e+03 5.759904e+03 
1.068485e-01 4.844871e+03 5.362746e+03 
1.118889e-01 4.461858e+03 5.002709e+03 
1.169293e-01 4.213533e+03 4.675470e+03 
1.219697e-01 4.062842e+03 4.377306e+03 
1.270101e-01 3.967271e+03 4.105000e+03 
1.320505e-01 3.884398e+03 3.855754e+03 
1.370909e-01 3.778205e+03 3.627133e+03 
1.421313e-01 3.626751e+03 3.417005e+03 
1.471717e-01 3.425685e+03 3.223502e+03 
1.522121e-01 3.185987e+03 3.044978e+03 
1.572525e-01 2.927865e+03 2.879982e+03 
1.622929e-01 2.675290e+03 2.727230e+03 
1.673333e-01 2.450744e+03 2.585583e+03 
1.723737e-01 2.268714e+03 2.454028e+03 
1.774141e-01 2.133366e+03 2.331662e+03 
1.824545e-01 2.040468e+03 2.217678e+03 
1.874949e-01 1.980565e+03 2.111355e+03 
1.925354e-01 1.941485e+03 2.012045e+03 
1.975758e-01 1.909748e+03 1.919164e+03 
2.026162e-01 1.872516e+03 1.832190e+03 
2.076566e-01 1.820703e+03 1.750647e+03 
2.126970e-01 1.750937e+03 1.674109e+03 
2.177374e-01 1.665342e+03 1.602187e+03 
2.227778e-01 1.569861e+03 1.534530e+03 
2.278182e-01 1.472151e+03 1.470819e+03 
2.328586e-01 1.379891e+03 1.410762e+03 
2.378990e-01 1.299192e+03 1.354095e+03 
2.429394e-01 1.233519e+03 1.300574e+03 
2.479798e-01 1.183515e+03 1.249980e+03 
2.530202e-01 1.147335e+03 1.202110e+03 
2.580606e-01 1.121190e+03 1.156777e+03 
2.631010e-01 1.100300e+03 1.113812e+03 
2.681414e-01 1.079894e+03 1.073056e+03 
2.731818e-01 1.056270e+03 1.034368e+03 
2.782222e-01 1.027286e+03 9.976123e+02 
2.832626e-01 9.924463e+02 9.626676e+02 
2.883030e-01 9.527433e+02 9.294203e+02 
2.933434e-01 9.103769e+02 8.977659e+02 
2.983838e-01 8.681265e+02 8.676072e+02 
3.034242e-01 8.286115e+02 8.388545e+02 
3.084646e-01 7.937092e+02 8.114244e+02 
3.135051e-01 7.643264e+02 7.852397e+02 
3.185455e-01 7.404782e+02 7.602283e+02 
3.235859e-01 7.213686e+02 7.363235e+02 
3.286263e-01 7.055819e+02 7.134629e+02 
3.336667e-01 6.914528e+02 6.915884e+02 
3.387071e-01 6.773955e+02 6.706460e+02 
3.437475e-01 6.622085e+02 6.505850e+02 
3.487879e-01 6.452472e+02 6.313581e+02 
3.538283e-01 6.264233e+02 6.129213e+02 
3.588687e-01 6.061796e+02 5.952331e+02 
3.639091e-01 5.853320e+02 5.782548e+02 
3.689495e-01 5.648187e+02 5.619502e+02 
3.739899e-01 5.454751e+02 5.462850e+02 
3.790303e-01 5.278988e+02 5.312273e+02 
3.840707e-01 5.123885e+02 5.167472e+02 
3.891111e-01 4.989428e+02 5.028162e+02 
3.941515e-01 4.872787e+02 4.894080e+02 
3.991919e-01 4.768703e+02 4.764973e+02 
4.042323e-01 4.671154e+02 4.640608e+02 
4.092727e-01 4.574717e+02 4.520761e+02 
4.143131e-01 4.475491e+02 4.405223e+02 
4.193535e-01 4.371528e+02 4.293796e+02 
4.243939e-01 4.262526e+02 4.186293e+02 
4.294343e-01 4.149733e+02 4.082539e+02 
4.344747e-01 4.035805e+02 3.982365e+02 
4.395152e-01 3.923995e+02 3.885615e+02 
4.445556e-01 3.817370e+02 3.792138e+02 
4.495960e-01 3.718006e+02 3.701793e+02 
4.546364e-01 3.626651e+02 3.614447e+02 
4.596768e-01 3.543323e+02 3.529971e+02 
4.647172e-01 3.467156e+02 3.448246e+02 
4.697576e-01 3.396404e+02 3.369157e+02 
4.747980e-01 3.329060e+02 3.292595e+02 
4.798384e-01 3.262976e+02 3.218456e+02 
4.848788e-01 3.196790e+02 3.146644e+02 
4.899192e-01 3.129763e+02 3.077065e+02 
4.949596e-01 3.061846e+02 3.009629e+02 
5.000000e-01 2.993376e+02 2.944252e+02 
