1.000000e-03 2.757415e+03 2.757412e+03 
6.040404e-03 1.217896e+04 1.226320e+04 
1.108081e-02 1.647244e+04 1.646887e+04 
1.612121e-02 1.790963e+04 1.776614e+04 
2.116162e-02 1.777322e+04 1.754418e+04 
2.620202e-02 1.684553e+04 1.668330e+04 
3.124242e-02 1.561576e+04 1.561740e+04 
3.628283e-02 1.436475e+04 1.451476e+04 
4.132323e-02 1.322281e+04 1.344241e+04 
4.636364e-02 1.221400e+04 1.242959e+04 
5.140404e-02 1.134073e+04 1.148846e+04 
5.644444e-02 1.053130e+04 1.062233e+04 
6.148485e-02 9.768476e+03 9.829764e+03 
6.652525e-02 9.036226e+03 9.106858e+03 
7.156566e-02 8.337042e+03 8.448550e+03 
7.660606e-02 7.685541e+03 7.849384e+03 
8.164646e-02 7.099161e+03 7.303935e+03 
8.668687e-02 6.584159e+03 6.807036e+03 
9.172727e-02 6.136270e+03 6.353894e+03 
9.676768e-02 5.748324e+03 5.940128e+03 
1.018081e-01 5.409153e+03 5.561780e+03 
1.068485e-01 5.101582e+03 5.215294e+03 
1.118889e-01 4.810403e+03 4.897487e+03 
1.169293e-01 4.528540e+03 4.605520e+03 
1.219697e-01 4.257268e+03 4.336862e+03 
1.270101e-01 4.000029e+03 4.089257e+03 
1.320505e-01 3.761075e+03 3.860697e+03 
1.370909e-01 3.544117e+03 3.649389e+03 
1.421313e-01 3.349713e+03 3.453736e+03 
1.471717e-01 3.175199e+03 3.272309e+03 
1.522121e-01 3.017521e+03 3.103832e+03 
1.572525e-01 2.873704e+03 2.947159e+03 
1.622929e-01 2.740264e+03 2.801266e+03 
1.673333e-01 2.613427e+03 2.665229e+03 
1.723737e-01 2.491287e+03 2.538221e+03 
1.774141e-01 2.374298e+03 2.419494e+03 
1.824545e-01 2.263452e+03 2.308373e+03 
1.874949e-01 2.159261e+03 2.204250e+03 
1.925354e-01 2.061972e+03 2.106572e+03 
1.975758e-01 1.971845e+03 2.014839e+03 
2.026162e-01 1.888667e+03 1.928598e+03 
2.076566e-01 1.811516e+03 1.847435e+03 
2.126970e-01 1.739199e+03 1.770975e+03 
2.177374e-01 1.670803e+03 1.698875e+03 
2.227778e-01 1.605706e+03 1.630821e+03 
2.278182e-01 1.543580e+03 1.566528e+03 
2.328586e-01 1.484379e+03 1.505733e+03 
2.378990e-01 1.428084e+03 1.448196e+03 
2.429394e-01 1.374571e+03 1.393698e+03 
2.479798e-01 1.323822e+03 1.342034e+03 
2.530202e-01 1.275879e+03 1.293019e+03 
2.580606e-01 1.230679e+03 1.246482e+03 
2.631010e-01 1.187965e+03 1.202262e+03 
2.681414e-01 1.147370e+03 1.160215e+03 
2.731818e-01 1.108645e+03 1.120206e+03 
2.782222e-01 1.071713e+03 1.082108e+03 
2.832626e-01 1.036437e+03 1.045807e+03 
2.883030e-01 1.002666e+03 1.011194e+03 
2.933434e-01 9.703345e+02 9.781710e+02 
2.983838e-01 9.394390e+02 9.466443e+02 
3.034242e-01 9.099619e+02 9.165281e+02 
3.084646e-01 8.818005e+02 8.877422e+02 
3.135051e-01 8.548594e+02 8.602120e+02 
3.185455e-01 8.290986e+02 8.338678e+02 
3.235859e-01 8.044611e+02 8.086447e+02 
3.286263e-01 7.808441e+02 7.844821e+02 
3.336667e-01 7.581713e+02 7.613232e+02 
3.387071e-01 7.363966e+02 7.391150e+02 
3.437475e-01 7.154865e+02 7.178078e+02 
3.487879e-01 6.954034e+02 6.973551e+02 
3.538283e-01 6.760845e+02 6.777132e+02 
3.588687e-01 6.575058e+02 6.588412e+02 
3.639091e-01 6.396566e+02 6.407007e+02 
3.689495e-01 6.225030e+02 6.232555e+02 
3.739899e-01 6.059887e+02 6.064717e+02 
3.790303e-01 5.900705e+02 5.903173e+02 
3.840707e-01 5.747336e+02 5.747622e+02 
3.891111e-01 5.599711e+02 5.597780e+02 
3.941515e-01 5.457452e+02 5.453381e+02 
3.991919e-01 5.319950e+02 5.314172e+02 
4.042323e-01 5.187257e+02 5.179914e+02 
4.092727e-01 5.059239e+02 5.050384e+02 
4.143131e-01 4.935730e+02 4.925369e+02 
4.193535e-01 4.816443e+02 4.804668e+02 
4.243939e-01 4.700975e+02 4.688090e+02 
4.294343e-01 4.589452e+02 4.575457e+02 
4.344747e-01 4.481779e+02 4.466597e+02 
4.395152e-01 4.377649e+02 4.361349e+02 
4.445556e-01 4.276773e+02 4.259559e+02 
4.495960e-01 4.179048e+02 4.161084e+02 
4.546364e-01 4.084536e+02 4.065784e+02 
4.596768e-01 3.993097e+02 3.973529e+02 
4.647172e-01 3.904456e+02 3.884194e+02 
4.697576e-01 3.818464e+02 3.797662e+02 
4.747980e-01 3.735156e+02 3.713820e+02 
4.798384e-01 3.654465e+02 3.632561e+02 
4.848788e-01 3.576212e+02 3.553783e+02 
4.899192e-01 3.500215e+02 3.477389e+02 
4.949596e-01 3.426447e+02 3.403287e+02 
5.000000e-01 3.354937e+02 3.331390e+02 
