1.000000e-03 2.996119e+03 2.996116e+03 
6.040404e-03 1.327006e+04 1.336707e+04 
1.108081e-02 1.810706e+04 1.816815e+04 
1.612121e-02 1.971984e+04 1.969313e+04 
2.116162e-02 1.943693e+04 1.928834e+04 
2.620202e-02 1.815510e+04 1.804049e+04 
3.124242e-02 1.649724e+04 1.661876e+04 
3.628283e-02 1.485753e+04 1.525897e+04 
4.132323e-02 1.343821e+04 1.401113e+04 
4.636364e-02 1.228713e+04 1.287712e+04 
5.140404e-02 1.140468e+04 1.184942e+04 
5.644444e-02 1.067782e+04 1.091916e+04 
6.148485e-02 1.003035e+04 1.007753e+04 
6.652525e-02 9.398883e+03 9.316045e+03 
7.156566e-02 8.742011e+03 8.626752e+03 
7.660606e-02 8.058277e+03 8.002264e+03 
8.164646e-02 7.377155e+03 7.435832e+03 
8.668687e-02 6.738234e+03 6.921350e+03 
9.172727e-02 6.170601e+03 6.453337e+03 
9.676768e-02 5.689865e+03 6.026899e+03 
1.018081e-01 5.300782e+03 5.637681e+03 
1.068485e-01 4.994942e+03 5.281819e+03 
1.118889e-01 4.748926e+03 4.955886e+03 
1.169293e-01 4.533075e+03 4.656847e+03 
1.219697e-01 4.323441e+03 4.382009e+03 
1.270101e-01 4.106842e+03 4.128988e+03 
1.320505e-01 3.879426e+03 3.895664e+03 
1.370909e-01 3.644953e+03 3.680158e+03 
1.421313e-01 3.412518e+03 3.480793e+03 
1.471717e-01 3.192892e+03 3.296077e+03 
1.522121e-01 2.994832e+03 3.124680e+03 
1.572525e-01 2.823315e+03 2.965411e+03 
1.622929e-01 2.679537e+03 2.817203e+03 
1.673333e-01 2.560205e+03 2.679101e+03 
1.723737e-01 2.458288e+03 2.550247e+03 
1.774141e-01 2.365784e+03 2.429868e+03 
1.824545e-01 2.276188e+03 2.317266e+03 
1.874949e-01 2.185509e+03 2.211815e+03 
1.925354e-01 2.092071e+03 2.112944e+03 
1.975758e-01 1.996340e+03 2.020139e+03 
2.026162e-01 1.900854e+03 1.932933e+03 
2.076566e-01 1.809183e+03 1.850902e+03 
2.126970e-01 1.724283e+03 1.773660e+03 
2.177374e-01 1.647695e+03 1.700855e+03 
2.227778e-01 1.579783e+03 1.632166e+03 
2.278182e-01 1.519860e+03 1.567300e+03 
2.328586e-01 1.466336e+03 1.505988e+03 
2.378990e-01 1.417037e+03 1.447986e+03 
2.429394e-01 1.369970e+03 1.393067e+03 
2.479798e-01 1.323817e+03 1.341025e+03 
2.530202e-01 1.277819e+03 1.291669e+03 
2.580606e-01 1.231727e+03 1.244823e+03 
2.631010e-01 1.185917e+03 1.200327e+03 
2.681414e-01 1.141389e+03 1.158031e+03 
2.731818e-01 1.099165e+03 1.117798e+03 
2.782222e-01 1.059820e+03 1.079499e+03 
2.832626e-01 1.023425e+03 1.043018e+03 
2.883030e-01 9.898241e+02 1.008245e+03 
2.933434e-01 9.587553e+02 9.750778e+02 
2.983838e-01 9.297756e+02 9.434232e+02 
3.034242e-01 9.022660e+02 9.131934e+02 
3.084646e-01 8.756247e+02 8.843071e+02 
3.135051e-01 8.495052e+02 8.566883e+02 
3.185455e-01 8.238735e+02 8.302664e+02 
3.235859e-01 7.988179e+02 8.049756e+02 
3.286263e-01 7.744407e+02 7.807543e+02 
3.336667e-01 7.508818e+02 7.575450e+02 
3.387071e-01 7.283474e+02 7.352939e+02 
3.437475e-01 7.070123e+02 7.139508e+02 
3.487879e-01 6.869026e+02 6.934684e+02 
3.538283e-01 6.678986e+02 6.738026e+02 
3.588687e-01 6.498150e+02 6.549120e+02 
3.639091e-01 6.325032e+02 6.367576e+02 
3.689495e-01 6.158454e+02 6.193030e+02 
3.739899e-01 5.997354e+02 6.025137e+02 
3.790303e-01 5.840611e+02 5.863575e+02 
3.840707e-01 5.687813e+02 5.708039e+02 
3.891111e-01 5.539298e+02 5.558244e+02 
3.941515e-01 5.395527e+02 5.413918e+02 
3.991919e-01 5.256822e+02 5.274807e+02 
4.042323e-01 5.123348e+02 5.140671e+02 
4.092727e-01 4.995111e+02 5.011283e+02 
4.143131e-01 4.872262e+02 4.886429e+02 
4.193535e-01 4.754446e+02 4.765905e+02 
4.243939e-01 4.641068e+02 4.649521e+02 
4.294343e-01 4.531529e+02 4.537095e+02 
4.344747e-01 4.425410e+02 4.428454e+02 
4.395152e-01 4.322558e+02 4.323437e+02 
4.445556e-01 4.222769e+02 4.221889e+02 
4.495960e-01 4.125748e+02 4.123664e+02 
4.546364e-01 4.031492e+02 4.028622e+02 
4.596768e-01 3.940114e+02 3.936632e+02 
4.647172e-01 3.851687e+02 3.847570e+02 
4.697576e-01 3.766167e+02 3.761315e+02 
4.747980e-01 3.683418e+02 3.677754e+02 
4.798384e-01 3.603295e+02 3.596781e+02 
4.848788e-01 3.525812e+02 3.518293e+02 
4.899192e-01 3.450834e+02 3.442192e+02 
4.949596e-01 3.378082e+02 3.368385e+02 
5.000000e-01 3.307402e+02 3.296785e+02 
