1.000000e-03 2.915141e+03 2.915139e+03 
6.040404e-03 1.266532e+04 1.287093e+04 
1.108081e-02 1.703535e+04 1.736865e+04 
1.612121e-02 1.845818e+04 1.898333e+04 
2.116162e-02 1.827201e+04 1.912559e+04 
2.620202e-02 1.728444e+04 1.854963e+04 
3.124242e-02 1.599684e+04 1.764159e+04 
3.628283e-02 1.469516e+04 1.659769e+04 
4.132323e-02 1.351086e+04 1.552102e+04 
4.636364e-02 1.246692e+04 1.446622e+04 
5.140404e-02 1.156464e+04 1.346136e+04 
5.644444e-02 1.073003e+04 1.251959e+04 
6.148485e-02 9.945024e+03 1.164557e+04 
6.652525e-02 9.192905e+03 1.083922e+04 
7.156566e-02 8.475928e+03 1.009789e+04 
7.660606e-02 7.808706e+03 9.417619e+03 
8.164646e-02 7.208722e+03 8.793905e+03 
8.668687e-02 6.682105e+03 8.222104e+03 
9.172727e-02 6.224332e+03 7.697690e+03 
9.676768e-02 5.827963e+03 7.216381e+03 
1.018081e-01 5.481545e+03 6.774208e+03 
1.068485e-01 5.167570e+03 6.367526e+03 
1.118889e-01 4.870569e+03 5.993025e+03 
1.169293e-01 4.583331e+03 5.647707e+03 
1.219697e-01 4.307112e+03 5.328868e+03 
1.270101e-01 4.045361e+03 5.034075e+03 
1.320505e-01 3.802344e+03 4.761142e+03 
1.370909e-01 3.581776e+03 4.508101e+03 
1.421313e-01 3.384188e+03 4.273186e+03 
1.471717e-01 3.206854e+03 4.054809e+03 
1.522121e-01 3.046665e+03 3.851540e+03 
1.572525e-01 2.900593e+03 3.662092e+03 
1.622929e-01 2.765105e+03 3.485304e+03 
1.673333e-01 2.636380e+03 3.320130e+03 
1.723737e-01 2.512485e+03 3.165623e+03 
1.774141e-01 2.393869e+03 3.020926e+03 
1.824545e-01 2.281523e+03 2.885265e+03 
1.874949e-01 2.175958e+03 2.757937e+03 
1.925354e-01 2.077412e+03 2.638301e+03 
1.975758e-01 1.986140e+03 2.525777e+03 
2.026162e-01 1.901920e+03 2.419836e+03 
2.076566e-01 1.823817e+03 2.319995e+03 
2.126970e-01 1.750625e+03 2.225814e+03 
2.177374e-01 1.681419e+03 2.136890e+03 
2.227778e-01 1.615570e+03 2.052853e+03 
2.278182e-01 1.552744e+03 1.973367e+03 
2.328586e-01 1.492892e+03 1.898121e+03 
2.378990e-01 1.435993e+03 1.826830e+03 
2.429394e-01 1.381919e+03 1.759232e+03 
2.479798e-01 1.330648e+03 1.695086e+03 
2.530202e-01 1.282221e+03 1.634170e+03 
2.580606e-01 1.236574e+03 1.576277e+03 
2.631010e-01 1.193444e+03 1.521219e+03 
2.681414e-01 1.152461e+03 1.468820e+03 
2.731818e-01 1.113375e+03 1.418917e+03 
2.782222e-01 1.076104e+03 1.371360e+03 
2.832626e-01 1.040513e+03 1.326010e+03 
2.883030e-01 1.006447e+03 1.282737e+03 
2.933434e-01 9.738385e+02 1.241419e+03 
2.983838e-01 9.426844e+02 1.201946e+03 
3.034242e-01 9.129655e+02 1.164213e+03 
3.084646e-01 8.845776e+02 1.128122e+03 
3.135051e-01 8.574244e+02 1.093583e+03 
3.185455e-01 8.314649e+02 1.060511e+03 
3.235859e-01 8.066411e+02 1.028826e+03 
3.286263e-01 7.828493e+02 9.984564e+02 
3.336667e-01 7.600124e+02 9.693310e+02 
3.387071e-01 7.380835e+02 9.413855e+02 
3.437475e-01 7.170284e+02 9.145591e+02 
3.487879e-01 6.968091e+02 8.887948e+02 
3.538283e-01 6.773622e+02 8.640392e+02 
3.588687e-01 6.586631e+02 8.402420e+02 
3.639091e-01 6.407007e+02 8.173560e+02 
3.689495e-01 6.234405e+02 7.953367e+02 
3.739899e-01 6.068260e+02 7.741424e+02 
3.790303e-01 5.908134e+02 7.537337e+02 
3.840707e-01 5.753876e+02 7.340736e+02 
3.891111e-01 5.605413e+02 7.151269e+02 
3.941515e-01 5.462365e+02 6.968608e+02 
3.991919e-01 5.324121e+02 6.792441e+02 
4.042323e-01 5.190727e+02 6.622473e+02 
4.092727e-01 5.062049e+02 6.458427e+02 
4.143131e-01 4.937917e+02 6.300039e+02 
4.193535e-01 4.818044e+02 6.147060e+02 
4.243939e-01 4.702024e+02 5.999254e+02 
4.294343e-01 4.589980e+02 5.856400e+02 
4.344747e-01 4.481815e+02 5.718284e+02 
4.395152e-01 4.377222e+02 5.584706e+02 
4.445556e-01 4.275910e+02 5.455476e+02 
4.495960e-01 4.177773e+02 5.330413e+02 
4.546364e-01 4.082873e+02 5.209345e+02 
4.596768e-01 3.991068e+02 5.092110e+02 
4.647172e-01 3.902082e+02 4.978553e+02 
4.697576e-01 3.815766e+02 4.868526e+02 
4.747980e-01 3.732152e+02 4.761889e+02 
4.798384e-01 3.651174e+02 4.658508e+02 
4.848788e-01 3.572648e+02 4.558257e+02 
4.899192e-01 3.496397e+02 4.461014e+02 
4.949596e-01 3.422388e+02 4.366664e+02 
5.000000e-01 3.350652e+02 4.275098e+02 
