1.000000e-03 3.616085e+03 3.616082e+03 
6.040404e-03 1.565036e+04 1.576502e+04 
1.108081e-02 2.097131e+04 2.105416e+04 
1.612121e-02 2.244625e+04 2.243701e+04 
2.116162e-02 2.173075e+04 2.157318e+04 
2.620202e-02 1.992510e+04 1.981440e+04 
3.124242e-02 1.778056e+04 1.796996e+04 
3.628283e-02 1.575671e+04 1.629073e+04 
4.132323e-02 1.407231e+04 1.480330e+04 
4.636364e-02 1.276803e+04 1.348682e+04 
5.140404e-02 1.178973e+04 1.231780e+04 
5.644444e-02 1.102490e+04 1.127660e+04 
6.148485e-02 1.034947e+04 1.034698e+04 
6.652525e-02 9.680374e+03 9.515206e+03 
7.156566e-02 8.973938e+03 8.769448e+03 
7.660606e-02 8.229077e+03 8.099425e+03 
8.164646e-02 7.480375e+03 7.496176e+03 
8.668687e-02 6.775867e+03 6.951877e+03 
9.172727e-02 6.154618e+03 6.459705e+03 
9.676768e-02 5.639960e+03 6.013700e+03 
1.018081e-01 5.236976e+03 5.608661e+03 
1.068485e-01 4.930917e+03 5.240043e+03 
1.118889e-01 4.691764e+03 4.903873e+03 
1.169293e-01 4.485544e+03 4.596667e+03 
1.219697e-01 4.284397e+03 4.315375e+03 
1.270101e-01 4.070885e+03 4.057312e+03 
1.320505e-01 3.838758e+03 3.820118e+03 
1.370909e-01 3.593923e+03 3.601710e+03 
1.421313e-01 3.349317e+03 3.400249e+03 
1.471717e-01 3.118167e+03 3.214103e+03 
1.522121e-01 2.910852e+03 3.041828e+03 
1.572525e-01 2.734118e+03 2.882138e+03 
1.622929e-01 2.590209e+03 2.733888e+03 
1.673333e-01 2.475034e+03 2.596055e+03 
1.723737e-01 2.379257e+03 2.467725e+03 
1.774141e-01 2.292815e+03 2.348079e+03 
1.824545e-01 2.208316e+03 2.236381e+03 
1.874949e-01 2.121208e+03 2.131970e+03 
1.925354e-01 2.029124e+03 2.034248e+03 
1.975758e-01 1.932460e+03 1.942679e+03 
2.026162e-01 1.834713e+03 1.856774e+03 
2.076566e-01 1.740713e+03 1.776095e+03 
2.126970e-01 1.654282e+03 1.700239e+03 
2.177374e-01 1.577329e+03 1.628845e+03 
2.227778e-01 1.510248e+03 1.561582e+03 
2.278182e-01 1.452246e+03 1.498148e+03 
2.328586e-01 1.401461e+03 1.438268e+03 
2.378990e-01 1.355357e+03 1.381690e+03 
2.429394e-01 1.311366e+03 1.328185e+03 
2.479798e-01 1.267583e+03 1.277542e+03 
2.530202e-01 1.223004e+03 1.229568e+03 
2.580606e-01 1.177593e+03 1.184083e+03 
2.631010e-01 1.132150e+03 1.140925e+03 
2.681414e-01 1.087833e+03 1.099944e+03 
2.731818e-01 1.045767e+03 1.060999e+03 
2.782222e-01 1.006737e+03 1.023963e+03 
2.832626e-01 9.710608e+02 9.887177e+02 
2.883030e-01 9.386577e+02 9.551525e+02 
2.933434e-01 9.091064e+02 9.231661e+02 
2.983838e-01 8.817034e+02 8.926643e+02 
3.034242e-01 8.557172e+02 8.635596e+02 
3.084646e-01 8.305011e+02 8.357707e+02 
3.135051e-01 8.056167e+02 8.092221e+02 
3.185455e-01 7.809424e+02 7.838434e+02 
3.235859e-01 7.565707e+02 7.595692e+02 
3.286263e-01 7.327432e+02 7.363384e+02 
3.336667e-01 7.097412e+02 7.140938e+02 
3.387071e-01 6.878070e+02 6.927823e+02 
3.437475e-01 6.671293e+02 6.723540e+02 
3.487879e-01 6.477705e+02 6.527624e+02 
3.538283e-01 6.296097e+02 6.339639e+02 
3.588687e-01 6.124431e+02 6.159176e+02 
3.639091e-01 5.960548e+02 5.985851e+02 
3.689495e-01 5.802768e+02 5.819306e+02 
3.739899e-01 5.649899e+02 5.659202e+02 
3.790303e-01 5.500639e+02 5.505222e+02 
3.840707e-01 5.354457e+02 5.357067e+02 
3.891111e-01 5.211737e+02 5.214456e+02 
3.941515e-01 5.073290e+02 5.077126e+02 
3.991919e-01 4.939872e+02 4.944826e+02 
4.042323e-01 4.811823e+02 4.817323e+02 
4.092727e-01 4.689224e+02 4.694393e+02 
4.143131e-01 4.572073e+02 4.575828e+02 
4.193535e-01 4.460122e+02 4.461430e+02 
4.243939e-01 4.352675e+02 4.351012e+02 
4.294343e-01 4.249034e+02 4.244397e+02 
4.344747e-01 4.148620e+02 4.141419e+02 
4.395152e-01 4.051138e+02 4.041918e+02 
4.445556e-01 3.956413e+02 3.945746e+02 
4.495960e-01 3.864202e+02 3.852759e+02 
4.546364e-01 3.774479e+02 3.762823e+02 
4.596768e-01 3.687454e+02 3.675810e+02 
4.647172e-01 3.603221e+02 3.591600e+02 
4.697576e-01 3.521917e+02 3.510076e+02 
4.747980e-01 3.443372e+02 3.431128e+02 
4.798384e-01 3.367456e+02 3.354654e+02 
4.848788e-01 3.294192e+02 3.280554e+02 
4.899192e-01 3.223374e+02 3.208734e+02 
4.949596e-01 3.154622e+02 3.139104e+02 
5.000000e-01 3.087797e+02 3.071578e+02 
