1.000000e-03 3.874546e+03 3.874543e+03 
6.040404e-03 1.725750e+04 1.739162e+04 
1.108081e-02 2.359199e+04 2.376209e+04 
1.612121e-02 2.554528e+04 2.571423e+04 
2.116162e-02 2.480163e+04 2.476394e+04 
2.620202e-02 2.259307e+04 2.241538e+04 
3.124242e-02 1.984257e+04 1.989678e+04 
3.628283e-02 1.717199e+04 1.769054e+04 
4.132323e-02 1.492185e+04 1.584073e+04 
4.636364e-02 1.319214e+04 1.428098e+04 
5.140404e-02 1.197718e+04 1.294559e+04 
5.644444e-02 1.114189e+04 1.178680e+04 
6.148485e-02 1.053471e+04 1.077106e+04 
6.652525e-02 1.002309e+04 9.874113e+03 
7.156566e-02 9.488678e+03 9.077606e+03 
7.660606e-02 8.867483e+03 8.367108e+03 
8.164646e-02 8.153291e+03 7.730926e+03 
8.668687e-02 7.387338e+03 7.159388e+03 
9.172727e-02 6.628715e+03 6.644374e+03 
9.676768e-02 5.934036e+03 6.178995e+03 
1.018081e-01 5.347045e+03 5.757364e+03 
1.068485e-01 4.891549e+03 5.374418e+03 
1.118889e-01 4.565549e+03 5.025786e+03 
1.169293e-01 4.343708e+03 4.707675e+03 
1.219697e-01 4.189247e+03 4.416786e+03 
1.270101e-01 4.064857e+03 4.150236e+03 
1.320505e-01 3.938171e+03 3.905504e+03 
1.370909e-01 3.785805e+03 3.680373e+03 
1.421313e-01 3.597164e+03 3.472894e+03 
1.471717e-01 3.375499e+03 3.281344e+03 
1.522121e-01 3.134915e+03 3.104199e+03 
1.572525e-01 2.894205e+03 2.940109e+03 
1.622929e-01 2.671779e+03 2.787872e+03 
1.673333e-01 2.481870e+03 2.646418e+03 
1.723737e-01 2.331405e+03 2.514790e+03 
1.774141e-01 2.219424e+03 2.392135e+03 
1.824545e-01 2.138712e+03 2.277684e+03 
1.874949e-01 2.079107e+03 2.170749e+03 
1.925354e-01 2.029315e+03 2.070710e+03 
1.975758e-01 1.978693e+03 1.977009e+03 
2.026162e-01 1.919046e+03 1.889140e+03 
2.076566e-01 1.846531e+03 1.806646e+03 
2.126970e-01 1.762026e+03 1.729113e+03 
2.177374e-01 1.669894e+03 1.656165e+03 
2.227778e-01 1.576103e+03 1.587460e+03 
2.278182e-01 1.486802e+03 1.522687e+03 
2.328586e-01 1.407096e+03 1.461561e+03 
2.378990e-01 1.339975e+03 1.403823e+03 
2.429394e-01 1.285933e+03 1.349236e+03 
2.479798e-01 1.243442e+03 1.297582e+03 
2.530202e-01 1.209656e+03 1.248662e+03 
2.580606e-01 1.180886e+03 1.202293e+03 
2.631010e-01 1.153238e+03 1.158306e+03 
2.681414e-01 1.123482e+03 1.116546e+03 
2.731818e-01 1.089844e+03 1.076871e+03 
2.782222e-01 1.052234e+03 1.039148e+03 
2.832626e-01 1.011730e+03 1.003256e+03 
2.883030e-01 9.699595e+02 9.690812e+02 
2.933434e-01 9.288643e+02 9.365204e+02 
2.983838e-01 8.903628e+02 9.054765e+02 
3.034242e-01 8.559401e+02 8.758597e+02 
3.084646e-01 8.262601e+02 8.475867e+02 
3.135051e-01 8.010911e+02 8.205800e+02 
3.185455e-01 7.795691e+02 7.947676e+02 
3.235859e-01 7.605417e+02 7.700822e+02 
3.286263e-01 7.428065e+02 7.464614e+02 
3.336667e-01 7.252293e+02 7.238467e+02 
3.387071e-01 7.069129e+02 7.021836e+02 
3.437475e-01 6.874341e+02 6.814211e+02 
3.487879e-01 6.668856e+02 6.615116e+02 
3.538283e-01 6.457734e+02 6.424105e+02 
3.588687e-01 6.247495e+02 6.240760e+02 
3.639091e-01 6.044408e+02 6.064689e+02 
3.689495e-01 5.853737e+02 5.895524e+02 
3.739899e-01 5.679143e+02 5.732920e+02 
3.790303e-01 5.521959e+02 5.576552e+02 
3.840707e-01 5.380928e+02 5.426117e+02 
3.891111e-01 5.252763e+02 5.281327e+02 
3.941515e-01 5.133137e+02 5.141911e+02 
3.991919e-01 5.017961e+02 5.007616e+02 
4.042323e-01 4.903948e+02 4.878202e+02 
4.092727e-01 4.788628e+02 4.753441e+02 
4.143131e-01 4.670947e+02 4.633122e+02 
4.193535e-01 4.551553e+02 4.517041e+02 
4.243939e-01 4.432149e+02 4.405009e+02 
4.294343e-01 4.315000e+02 4.296845e+02 
4.344747e-01 4.202095e+02 4.192379e+02 
4.395152e-01 4.094786e+02 4.091449e+02 
4.445556e-01 3.994118e+02 3.993903e+02 
4.495960e-01 3.900311e+02 3.899595e+02 
4.546364e-01 3.812868e+02 3.808388e+02 
4.596768e-01 3.730494e+02 3.720152e+02 
4.647172e-01 3.651677e+02 3.634764e+02 
4.697576e-01 3.575118e+02 3.552105e+02 
4.747980e-01 3.499765e+02 3.472065e+02 
4.798384e-01 3.424991e+02 3.394537e+02 
4.848788e-01 3.350477e+02 3.319421e+02 
4.899192e-01 3.276303e+02 3.246620e+02 
4.949596e-01 3.203125e+02 3.176044e+02 
5.000000e-01 3.131672e+02 3.107606e+02 
