1.000000e-03 5.336807e+03 5.336802e+03 
6.040404e-03 2.357343e+04 2.376194e+04 
1.108081e-02 3.173584e+04 3.202577e+04 
1.612121e-02 3.371953e+04 3.407296e+04 
2.116162e-02 3.197001e+04 3.199752e+04 
2.620202e-02 2.828830e+04 2.801756e+04 
3.124242e-02 2.402041e+04 2.402865e+04 
3.628283e-02 2.005183e+04 2.073495e+04 
4.132323e-02 1.683594e+04 1.812576e+04 
4.636364e-02 1.447049e+04 1.603236e+04 
5.140404e-02 1.291072e+04 1.431170e+04 
5.644444e-02 1.193310e+04 1.286654e+04 
6.148485e-02 1.131544e+04 1.163252e+04 
6.652525e-02 1.084115e+04 1.056578e+04 
7.156566e-02 1.034365e+04 9.635085e+03 
7.660606e-02 9.716083e+03 8.817186e+03 
8.164646e-02 8.928906e+03 8.094183e+03 
8.668687e-02 8.025913e+03 7.451893e+03 
9.172727e-02 7.092786e+03 6.878842e+03 
9.676768e-02 6.221596e+03 6.365599e+03 
1.018081e-01 5.484942e+03 5.904318e+03 
1.068485e-01 4.921189e+03 5.488408e+03 
1.118889e-01 4.531587e+03 5.112287e+03 
1.169293e-01 4.289433e+03 4.771200e+03 
1.219697e-01 4.152430e+03 4.461072e+03 
1.270101e-01 4.071111e+03 4.178393e+03 
1.320505e-01 3.996326e+03 3.920129e+03 
1.370909e-01 3.888596e+03 3.683645e+03 
1.421313e-01 3.726385e+03 3.466643e+03 
1.471717e-01 3.507679e+03 3.267115e+03 
1.522121e-01 3.246137e+03 3.083300e+03 
1.572525e-01 2.965934e+03 2.913646e+03 
1.622929e-01 2.695906e+03 2.756786e+03 
1.673333e-01 2.461321e+03 2.611509e+03 
1.723737e-01 2.276385e+03 2.476740e+03 
1.774141e-01 2.143168e+03 2.351525e+03 
1.824545e-01 2.055317e+03 2.235011e+03 
1.874949e-01 2.002204e+03 2.126438e+03 
1.925354e-01 1.969915e+03 2.025125e+03 
1.975758e-01 1.942527e+03 1.930459e+03 
2.026162e-01 1.905609e+03 1.841891e+03 
2.076566e-01 1.850173e+03 1.758925e+03 
2.126970e-01 1.774201e+03 1.681115e+03 
2.177374e-01 1.681257e+03 1.608055e+03 
2.227778e-01 1.578391e+03 1.539379e+03 
2.278182e-01 1.474481e+03 1.474754e+03 
2.328586e-01 1.378280e+03 1.413879e+03 
2.378990e-01 1.296337e+03 1.356478e+03 
2.429394e-01 1.231789e+03 1.302300e+03 
2.479798e-01 1.184397e+03 1.251115e+03 
2.530202e-01 1.151360e+03 1.202716e+03 
2.580606e-01 1.128156e+03 1.156908e+03 
2.631010e-01 1.109354e+03 1.113517e+03 
2.681414e-01 1.089748e+03 1.072380e+03 
2.731818e-01 1.065417e+03 1.033350e+03 
2.782222e-01 1.034404e+03 9.962884e+02 
2.832626e-01 9.967584e+02 9.610700e+02 
2.883030e-01 9.541306e+02 9.275783e+02 
2.933434e-01 9.092155e+02 8.957057e+02 
2.983838e-01 8.651533e+02 8.653528e+02 
3.034242e-01 8.247698e+02 8.364274e+02 
3.084646e-01 7.900187e+02 8.088441e+02 
3.135051e-01 7.615898e+02 7.825239e+02 
3.185455e-01 7.390900e+02 7.573930e+02 
3.235859e-01 7.213291e+02 7.333832e+02 
3.286263e-01 7.066353e+02 7.104307e+02 
3.336667e-01 6.931767e+02 6.884764e+02 
3.387071e-01 6.792298e+02 6.674648e+02 
3.437475e-01 6.635402e+02 6.473445e+02 
3.487879e-01 6.455865e+02 6.280674e+02 
3.538283e-01 6.255935e+02 6.095883e+02 
3.588687e-01 6.042859e+02 5.918652e+02 
3.639091e-01 5.826000e+02 5.748587e+02 
3.689495e-01 5.615295e+02 5.585318e+02 
3.739899e-01 5.419802e+02 5.428499e+02 
3.790303e-01 5.245910e+02 5.277806e+02 
3.840707e-01 5.095879e+02 5.132932e+02 
3.891111e-01 4.967669e+02 4.993591e+02 
3.941515e-01 4.856533e+02 4.859514e+02 
3.991919e-01 4.756456e+02 4.730447e+02 
4.042323e-01 4.661070e+02 4.606151e+02 
4.092727e-01 4.564745e+02 4.486401e+02 
4.143131e-01 4.463360e+02 4.370984e+02 
4.193535e-01 4.355476e+02 4.259701e+02 
4.243939e-01 4.241857e+02 4.152362e+02 
4.294343e-01 4.124995e+02 4.048789e+02 
4.344747e-01 4.008117e+02 3.948813e+02 
4.395152e-01 3.894636e+02 3.852274e+02 
4.445556e-01 3.787719e+02 3.759022e+02 
4.495960e-01 3.689456e+02 3.668914e+02 
4.546364e-01 3.600346e+02 3.581813e+02 
4.596768e-01 3.519656e+02 3.497593e+02 
4.647172e-01 3.445884e+02 3.416130e+02 
4.697576e-01 3.376893e+02 3.337311e+02 
4.747980e-01 3.310392e+02 3.261024e+02 
4.798384e-01 3.244326e+02 3.187166e+02 
4.848788e-01 3.177334e+02 3.115638e+02 
4.899192e-01 3.108923e+02 3.046347e+02 
4.949596e-01 3.039337e+02 2.979202e+02 
5.000000e-01 2.969427e+02 2.914119e+02 
