1.000000e-03 4.609267e+03 4.609263e+03 
6.040404e-03 2.049021e+04 2.065546e+04 
1.108081e-02 2.794522e+04 2.819734e+04 
1.612121e-02 3.010908e+04 3.043493e+04 
2.116162e-02 2.897307e+04 2.904448e+04 
2.620202e-02 2.602561e+04 2.578535e+04 
3.124242e-02 2.241060e+04 2.231435e+04 
3.628283e-02 1.891579e+04 1.936242e+04 
4.132323e-02 1.598147e+04 1.699262e+04 
4.636364e-02 1.374543e+04 1.507992e+04 
5.140404e-02 1.220506e+04 1.350239e+04 
5.644444e-02 1.120647e+04 1.217364e+04 
6.148485e-02 1.056533e+04 1.103574e+04 
6.652525e-02 1.011007e+04 1.004912e+04 
7.156566e-02 9.679971e+03 9.185686e+03 
7.660606e-02 9.166212e+03 8.424582e+03 
8.164646e-02 8.520885e+03 7.749788e+03 
8.668687e-02 7.760287e+03 7.148614e+03 
9.172727e-02 6.942286e+03 6.610787e+03 
9.676768e-02 6.139946e+03 6.127851e+03 
1.018081e-01 5.421923e+03 5.692752e+03 
1.068485e-01 4.837031e+03 5.299546e+03 
1.118889e-01 4.404242e+03 4.943188e+03 
1.169293e-01 4.113194e+03 4.619364e+03 
1.219697e-01 3.934139e+03 4.324366e+03 
1.270101e-01 3.828776e+03 4.054991e+03 
1.320505e-01 3.756561e+03 3.808462e+03 
1.370909e-01 3.679315e+03 3.582357e+03 
1.421313e-01 3.567784e+03 3.374564e+03 
1.471717e-01 3.407750e+03 3.183227e+03 
1.522121e-01 3.201134e+03 3.006716e+03 
1.572525e-01 2.962442e+03 2.843593e+03 
1.622929e-01 2.713321e+03 2.692585e+03 
1.673333e-01 2.477083e+03 2.552565e+03 
1.723737e-01 2.273028e+03 2.422528e+03 
1.774141e-01 2.111874e+03 2.301582e+03 
1.824545e-01 1.995123e+03 2.188927e+03 
1.874949e-01 1.917394e+03 2.083849e+03 
1.925354e-01 1.869124e+03 1.985706e+03 
1.975758e-01 1.838298e+03 1.893923e+03 
2.026162e-01 1.811812e+03 1.807980e+03 
2.076566e-01 1.777887e+03 1.727409e+03 
2.126970e-01 1.728714e+03 1.651786e+03 
2.177374e-01 1.661791e+03 1.580728e+03 
2.227778e-01 1.579499e+03 1.513887e+03 
2.278182e-01 1.487711e+03 1.450946e+03 
2.328586e-01 1.393982e+03 1.391619e+03 
2.378990e-01 1.305777e+03 1.335642e+03 
2.429394e-01 1.228865e+03 1.282777e+03 
2.479798e-01 1.166501e+03 1.232805e+03 
2.530202e-01 1.119349e+03 1.185524e+03 
2.580606e-01 1.085731e+03 1.140753e+03 
2.631010e-01 1.062123e+03 1.098321e+03 
2.681414e-01 1.043915e+03 1.058073e+03 
2.731818e-01 1.026469e+03 1.019869e+03 
2.782222e-01 1.006091e+03 9.835744e+02 
2.832626e-01 9.805181e+02 9.490698e+02 
2.883030e-01 9.489945e+02 9.162428e+02 
2.933434e-01 9.122114e+02 8.849897e+02 
2.983838e-01 8.721209e+02 8.552148e+02 
3.034242e-01 8.314107e+02 8.268292e+02 
3.084646e-01 7.927617e+02 7.997506e+02 
3.135051e-01 7.582290e+02 7.739024e+02 
3.185455e-01 7.289341e+02 7.492136e+02 
3.235859e-01 7.051229e+02 7.256181e+02 
3.286263e-01 6.862768e+02 7.030542e+02 
3.336667e-01 6.712315e+02 6.814646e+02 
3.387071e-01 6.583891e+02 6.607958e+02 
3.437475e-01 6.461054e+02 6.409977e+02 
3.487879e-01 6.330236e+02 6.220237e+02 
3.538283e-01 6.182800e+02 6.038300e+02 
3.588687e-01 6.015763e+02 5.863758e+02 
3.639091e-01 5.831244e+02 5.696229e+02 
3.689495e-01 5.635601e+02 5.535352e+02 
3.739899e-01 5.437671e+02 5.380792e+02 
3.790303e-01 5.246635e+02 5.232232e+02 
3.840707e-01 5.070140e+02 5.089376e+02 
3.891111e-01 4.912806e+02 4.951943e+02 
3.941515e-01 4.776197e+02 4.819673e+02 
3.991919e-01 4.659136e+02 4.692316e+02 
4.042323e-01 4.557831e+02 4.569641e+02 
4.092727e-01 4.466794e+02 4.451427e+02 
4.143131e-01 4.380044e+02 4.337468e+02 
4.193535e-01 4.292447e+02 4.227569e+02 
4.243939e-01 4.200715e+02 4.121544e+02 
4.294343e-01 4.103372e+02 4.019220e+02 
4.344747e-01 4.000633e+02 3.920431e+02 
4.395152e-01 3.894149e+02 3.825022e+02 
4.445556e-01 3.786751e+02 3.732844e+02 
4.495960e-01 3.681739e+02 3.643758e+02 
4.546364e-01 3.582191e+02 3.557633e+02 
4.596768e-01 3.489995e+02 3.474341e+02 
4.647172e-01 3.405835e+02 3.393763e+02 
4.697576e-01 3.329528e+02 3.315788e+02 
4.747980e-01 3.260123e+02 3.240307e+02 
4.798384e-01 3.195959e+02 3.167218e+02 
4.848788e-01 3.134874e+02 3.096425e+02 
4.899192e-01 3.074750e+02 3.027836e+02 
4.949596e-01 3.014118e+02 2.961362e+02 
5.000000e-01 2.952366e+02 2.896920e+02 
