1.000000e-03 3.493824e+03 3.493821e+03 
6.040404e-03 1.586293e+04 1.598352e+04 
1.108081e-02 2.172197e+04 2.185196e+04 
1.612121e-02 2.353885e+04 2.362854e+04 
2.116162e-02 2.290616e+04 2.281359e+04 
2.620202e-02 2.097090e+04 2.083031e+04 
3.124242e-02 1.857273e+04 1.871173e+04 
3.628283e-02 1.626218e+04 1.682395e+04 
4.132323e-02 1.432838e+04 1.520018e+04 
4.636364e-02 1.284570e+04 1.379752e+04 
5.140404e-02 1.179226e+04 1.257312e+04 
5.644444e-02 1.103459e+04 1.149493e+04 
6.148485e-02 1.044001e+04 1.053941e+04 
6.652525e-02 9.884808e+03 9.688581e+03 
7.156566e-02 9.284286e+03 8.928136e+03 
7.660606e-02 8.603982e+03 8.246313e+03 
8.164646e-02 7.861752e+03 7.633249e+03 
8.668687e-02 7.108031e+03 7.080554e+03 
9.172727e-02 6.398788e+03 6.581037e+03 
9.676768e-02 5.779492e+03 6.128498e+03 
1.018081e-01 5.279280e+03 5.717569e+03 
1.068485e-01 4.904565e+03 5.343588e+03 
1.118889e-01 4.637455e+03 5.002496e+03 
1.169293e-01 4.444232e+03 4.690748e+03 
1.219697e-01 4.287429e+03 4.405241e+03 
1.270101e-01 4.134886e+03 4.143256e+03 
1.320505e-01 3.963359e+03 3.902398e+03 
1.370909e-01 3.761823e+03 3.680560e+03 
1.421313e-01 3.532972e+03 3.475880e+03 
1.471717e-01 3.289773e+03 3.286709e+03 
1.522121e-01 3.049305e+03 3.111585e+03 
1.572525e-01 2.827779e+03 2.949209e+03 
1.622929e-01 2.637629e+03 2.798422e+03 
1.673333e-01 2.485168e+03 2.658192e+03 
1.723737e-01 2.369028e+03 2.527593e+03 
1.774141e-01 2.281130e+03 2.405797e+03 
1.824545e-01 2.210813e+03 2.292060e+03 
1.874949e-01 2.147652e+03 2.185714e+03 
1.925354e-01 2.082640e+03 2.086154e+03 
1.975758e-01 2.009431e+03 1.992836e+03 
2.026162e-01 1.925704e+03 1.905269e+03 
2.076566e-01 1.833381e+03 1.823005e+03 
2.126970e-01 1.737444e+03 1.745640e+03 
2.177374e-01 1.643712e+03 1.672806e+03 
2.227778e-01 1.557155e+03 1.604169e+03 
2.278182e-01 1.481243e+03 1.539422e+03 
2.328586e-01 1.417443e+03 1.478288e+03 
2.378990e-01 1.365088e+03 1.420511e+03 
2.429394e-01 1.321939e+03 1.365859e+03 
2.479798e-01 1.284862e+03 1.314117e+03 
2.530202e-01 1.250384e+03 1.265089e+03 
2.580606e-01 1.215387e+03 1.218596e+03 
2.631010e-01 1.177887e+03 1.174471e+03 
2.681414e-01 1.137393e+03 1.132560e+03 
2.731818e-01 1.094695e+03 1.092724e+03 
2.782222e-01 1.051290e+03 1.054832e+03 
2.832626e-01 1.008774e+03 1.018763e+03 
2.883030e-01 9.686942e+02 9.844064e+02 
2.933434e-01 9.322914e+02 9.516586e+02 
2.983838e-01 9.001473e+02 9.204239e+02 
3.034242e-01 8.720843e+02 8.906135e+02 
3.084646e-01 8.473292e+02 8.621449e+02 
3.135051e-01 8.248382e+02 8.349411e+02 
3.185455e-01 8.035703e+02 8.089308e+02 
3.235859e-01 7.826184e+02 7.840474e+02 
3.286263e-01 7.613035e+02 7.602285e+02 
3.336667e-01 7.393305e+02 7.374164e+02 
3.387071e-01 7.168684e+02 7.155568e+02 
3.437475e-01 6.943532e+02 6.945991e+02 
3.487879e-01 6.723222e+02 6.744957e+02 
3.538283e-01 6.512613e+02 6.552025e+02 
3.588687e-01 6.315355e+02 6.366777e+02 
3.639091e-01 6.133490e+02 6.188823e+02 
3.689495e-01 5.966896e+02 6.017797e+02 
3.739899e-01 5.813454e+02 5.853355e+02 
3.790303e-01 5.670000e+02 5.695174e+02 
3.840707e-01 5.533265e+02 5.542950e+02 
3.891111e-01 5.400305e+02 5.396396e+02 
3.941515e-01 5.268740e+02 5.255242e+02 
3.991919e-01 5.137293e+02 5.119236e+02 
4.042323e-01 5.005862e+02 4.988136e+02 
4.092727e-01 4.875656e+02 4.861718e+02 
4.143131e-01 4.748411e+02 4.739767e+02 
4.193535e-01 4.625516e+02 4.622082e+02 
4.243939e-01 4.507924e+02 4.508472e+02 
4.294343e-01 4.396303e+02 4.398757e+02 
4.344747e-01 4.290949e+02 4.292766e+02 
4.395152e-01 4.191551e+02 4.190338e+02 
4.445556e-01 4.097076e+02 4.091320e+02 
4.495960e-01 4.006231e+02 3.995566e+02 
4.546364e-01 3.918053e+02 3.902939e+02 
4.596768e-01 3.831949e+02 3.813309e+02 
4.647172e-01 3.747428e+02 3.726551e+02 
4.697576e-01 3.664110e+02 3.642547e+02 
4.747980e-01 3.582101e+02 3.561186e+02 
4.798384e-01 3.501805e+02 3.482362e+02 
4.848788e-01 3.423826e+02 3.405973e+02 
4.899192e-01 3.348561e+02 3.331923e+02 
4.949596e-01 3.276034e+02 3.260120e+02 
5.000000e-01 3.206289e+02 3.190477e+02 
