1.000000e-03 3.712621e+03 3.712618e+03 
6.040404e-03 1.654690e+04 1.672544e+04 
1.108081e-02 2.251739e+04 2.290546e+04 
1.612121e-02 2.430675e+04 2.535334e+04 
2.116162e-02 2.358722e+04 2.583307e+04 
2.620202e-02 2.154695e+04 2.529752e+04 
3.124242e-02 1.904835e+04 2.425446e+04 
3.628283e-02 1.665295e+04 2.297690e+04 
4.132323e-02 1.465303e+04 2.161519e+04 
4.636364e-02 1.312119e+04 2.025268e+04 
5.140404e-02 1.203236e+04 1.893480e+04 
5.644444e-02 1.124842e+04 1.768500e+04 
6.148485e-02 1.063294e+04 1.651394e+04 
6.652525e-02 1.005931e+04 1.542480e+04 
7.156566e-02 9.441085e+03 1.441652e+04 
7.660606e-02 8.743160e+03 1.348564e+04 
8.164646e-02 7.983681e+03 1.262753e+04 
8.668687e-02 7.213817e+03 1.183701e+04 
9.172727e-02 6.490239e+03 1.110879e+04 
9.676768e-02 5.858863e+03 1.043775e+04 
1.018081e-01 5.348983e+03 9.818975e+03 
1.068485e-01 4.966847e+03 9.247923e+03 
1.118889e-01 4.694116e+03 8.720388e+03 
1.169293e-01 4.496490e+03 8.232521e+03 
1.219697e-01 4.335958e+03 7.780817e+03 
1.270101e-01 4.179945e+03 7.362097e+03 
1.320505e-01 4.004942e+03 6.973479e+03 
1.370909e-01 3.799825e+03 6.612358e+03 
1.421313e-01 3.567336e+03 6.276376e+03 
1.471717e-01 3.320579e+03 5.963404e+03 
1.522121e-01 3.076792e+03 5.671516e+03 
1.572525e-01 2.852311e+03 5.398970e+03 
1.622929e-01 2.659646e+03 5.144189e+03 
1.673333e-01 2.505124e+03 4.905745e+03 
1.723737e-01 2.387321e+03 4.682342e+03 
1.774141e-01 2.298062e+03 4.472804e+03 
1.824545e-01 2.226581e+03 4.276062e+03 
1.874949e-01 2.162361e+03 4.091144e+03 
1.925354e-01 2.096331e+03 3.917165e+03 
1.975758e-01 2.022103e+03 3.753317e+03 
2.026162e-01 1.937345e+03 3.598863e+03 
2.076566e-01 1.843997e+03 3.453128e+03 
2.126970e-01 1.747073e+03 3.315497e+03 
2.177374e-01 1.652423e+03 3.185404e+03 
2.227778e-01 1.565038e+03 3.062331e+03 
2.278182e-01 1.488398e+03 2.945802e+03 
2.328586e-01 1.423969e+03 2.835380e+03 
2.378990e-01 1.371071e+03 2.730661e+03 
2.429394e-01 1.327446e+03 2.631275e+03 
2.479798e-01 1.289942e+03 2.536880e+03 
2.530202e-01 1.255067e+03 2.447159e+03 
2.580606e-01 1.219691e+03 2.361821e+03 
2.631010e-01 1.181823e+03 2.280594e+03 
2.681414e-01 1.140970e+03 2.203230e+03 
2.731818e-01 1.097928e+03 2.129495e+03 
2.782222e-01 1.054195e+03 2.059174e+03 
2.832626e-01 1.011375e+03 1.992068e+03 
2.883030e-01 9.710156e+02 1.927989e+03 
2.933434e-01 9.343588e+02 1.866766e+03 
2.983838e-01 9.019851e+02 1.808237e+03 
3.034242e-01 8.737140e+02 1.752252e+03 
3.084646e-01 8.487685e+02 1.698670e+03 
3.135051e-01 8.261014e+02 1.647361e+03 
3.185455e-01 8.046687e+02 1.598202e+03 
3.235859e-01 7.835615e+02 1.551079e+03 
3.286263e-01 7.620995e+02 1.505885e+03 
3.336667e-01 7.399875e+02 1.462519e+03 
3.387071e-01 7.173946e+02 1.420888e+03 
3.437475e-01 6.947572e+02 1.380904e+03 
3.487879e-01 6.726124e+02 1.342483e+03 
3.538283e-01 6.514462e+02 1.305547e+03 
3.588687e-01 6.316228e+02 1.270025e+03 
3.639091e-01 6.133456e+02 1.235846e+03 
3.689495e-01 5.966018e+02 1.202947e+03 
3.739899e-01 5.811786e+02 1.171266e+03 
3.790303e-01 5.667592e+02 1.140746e+03 
3.840707e-01 5.530161e+02 1.111332e+03 
3.891111e-01 5.396551e+02 1.082975e+03 
3.941515e-01 5.264380e+02 1.055624e+03 
3.991919e-01 5.132370e+02 1.029235e+03 
4.042323e-01 5.000418e+02 1.003765e+03 
4.092727e-01 4.869732e+02 9.791722e+02 
4.143131e-01 4.742044e+02 9.554189e+02 
4.193535e-01 4.618738e+02 9.324683e+02 
4.243939e-01 4.500764e+02 9.102859e+02 
4.294343e-01 4.388787e+02 8.888387e+02 
4.344747e-01 4.283098e+02 8.680958e+02 
4.395152e-01 4.183385e+02 8.480275e+02 
4.445556e-01 4.088614e+02 8.286059e+02 
4.495960e-01 3.997492e+02 8.098044e+02 
4.546364e-01 3.909057e+02 7.915976e+02 
4.596768e-01 3.822716e+02 7.739616e+02 
4.647172e-01 3.737980e+02 7.568736e+02 
4.697576e-01 3.654465e+02 7.403117e+02 
4.747980e-01 3.572279e+02 7.242552e+02 
4.798384e-01 3.491824e+02 7.086845e+02 
4.848788e-01 3.413700e+02 6.935808e+02 
4.899192e-01 3.338301e+02 6.789262e+02 
4.949596e-01 3.265652e+02 6.647035e+02 
5.000000e-01 3.195795e+02 6.508966e+02 
