1.000000e-03 9.012727e+03 9.012719e+03 
6.040404e-03 3.964348e+04 3.998253e+04 
1.108081e-02 5.329776e+04 5.401544e+04 
1.612121e-02 5.619415e+04 5.742007e+04 
2.116162e-02 5.233088e+04 5.305193e+04 
2.620202e-02 4.483711e+04 4.430090e+04 
3.124242e-02 3.620577e+04 3.526552e+04 
3.628283e-02 2.816876e+04 2.808377e+04 
4.132323e-02 2.165153e+04 2.287969e+04 
4.636364e-02 1.689930e+04 1.912778e+04 
5.140404e-02 1.378913e+04 1.634213e+04 
5.644444e-02 1.196451e+04 1.419722e+04 
6.148485e-02 1.104570e+04 1.249084e+04 
6.652525e-02 1.067759e+04 1.109714e+04 
7.156566e-02 1.055608e+04 9.935286e+03 
7.660606e-02 1.042033e+04 8.951267e+03 
8.164646e-02 1.007237e+04 8.107453e+03 
8.668687e-02 9.417707e+03 7.376649e+03 
9.172727e-02 8.477589e+03 6.738548e+03 
9.676768e-02 7.362088e+03 6.177578e+03 
1.018081e-01 6.220740e+03 5.681527e+03 
1.068485e-01 5.191973e+03 5.240640e+03 
1.118889e-01 4.365355e+03 4.847007e+03 
1.169293e-01 3.774318e+03 4.494133e+03 
1.219697e-01 3.410048e+03 4.176630e+03 
1.270101e-01 3.238075e+03 3.889984e+03 
1.320505e-01 3.209910e+03 3.630386e+03 
1.370909e-01 3.268254e+03 3.394602e+03 
1.421313e-01 3.352296e+03 3.179866e+03 
1.471717e-01 3.405120e+03 2.983802e+03 
1.522121e-01 3.381473e+03 2.804357e+03 
1.572525e-01 3.256159e+03 2.639752e+03 
1.622929e-01 3.031665e+03 2.488437e+03 
1.673333e-01 2.737211e+03 2.349056e+03 
1.723737e-01 2.416806e+03 2.220421e+03 
1.774141e-01 2.112401e+03 2.101486e+03 
1.824545e-01 1.854013e+03 1.991325e+03 
1.874949e-01 1.657976e+03 1.889122e+03 
1.925354e-01 1.529409e+03 1.794150e+03 
1.975758e-01 1.464087e+03 1.705762e+03 
2.026162e-01 1.450141e+03 1.623381e+03 
2.076566e-01 1.470320e+03 1.546491e+03 
2.126970e-01 1.504977e+03 1.474628e+03 
2.177374e-01 1.534769e+03 1.407376e+03 
2.227778e-01 1.542942e+03 1.344362e+03 
2.278182e-01 1.518058e+03 1.285246e+03 
2.328586e-01 1.456685e+03 1.229723e+03 
2.378990e-01 1.364343e+03 1.177517e+03 
2.429394e-01 1.253059e+03 1.128376e+03 
2.479798e-01 1.137203e+03 1.082072e+03 
2.530202e-01 1.029804e+03 1.038398e+03 
2.580606e-01 9.404198e+02 9.971634e+02 
2.631010e-01 8.742711e+02 9.581958e+02 
2.681414e-01 8.323537e+02 9.213369e+02 
2.731818e-01 8.121878e+02 8.864418e+02 
2.782222e-01 8.088093e+02 8.533776e+02 
2.832626e-01 8.157521e+02 8.220223e+02 
2.883030e-01 8.258202e+02 7.922636e+02 
2.933434e-01 8.319699e+02 7.639983e+02 
2.983838e-01 8.284079e+02 7.371310e+02 
3.034242e-01 8.117806e+02 7.115737e+02 
3.084646e-01 7.818779e+02 6.872453e+02 
3.135051e-01 7.413644e+02 6.640706e+02 
3.185455e-01 6.947549e+02 6.419800e+02 
3.235859e-01 6.471114e+02 6.209089e+02 
3.286263e-01 6.030217e+02 6.007974e+02 
3.336667e-01 5.659523e+02 5.815899e+02 
3.387071e-01 5.378776e+02 5.632346e+02 
3.437475e-01 5.191751e+02 5.456834e+02 
3.487879e-01 5.088148e+02 5.288915e+02 
3.538283e-01 5.047673e+02 5.128169e+02 
3.588687e-01 5.044200e+02 4.974206e+02 
3.639091e-01 5.049728e+02 4.826662e+02 
3.689495e-01 5.037998e+02 4.685195e+02 
3.739899e-01 4.987908e+02 4.549486e+02 
3.790303e-01 4.888010e+02 4.419237e+02 
3.840707e-01 4.738136e+02 4.294167e+02 
3.891111e-01 4.548653e+02 4.174014e+02 
3.941515e-01 4.336084e+02 4.058530e+02 
3.991919e-01 4.119535e+02 3.947486e+02 
4.042323e-01 3.916537e+02 3.840662e+02 
4.092727e-01 3.741003e+02 3.737855e+02 
4.143131e-01 3.601196e+02 3.638871e+02 
4.193535e-01 3.498845e+02 3.543529e+02 
4.243939e-01 3.430268e+02 3.451658e+02 
4.294343e-01 3.387783e+02 3.363097e+02 
4.344747e-01 3.361300e+02 3.277693e+02 
4.395152e-01 3.339478e+02 3.195304e+02 
4.445556e-01 3.311454e+02 3.115792e+02 
4.495960e-01 3.268941e+02 3.039030e+02 
4.546364e-01 3.207640e+02 2.964896e+02 
4.596768e-01 3.127408e+02 2.893275e+02 
4.647172e-01 3.031633e+02 2.824059e+02 
4.697576e-01 2.926135e+02 2.757144e+02 
4.747980e-01 2.818267e+02 2.692432e+02 
4.798384e-01 2.715331e+02 2.629832e+02 
4.848788e-01 2.623154e+02 2.569254e+02 
4.899192e-01 2.545246e+02 2.510616e+02 
4.949596e-01 2.482684e+02 2.453838e+02 
5.000000e-01 2.434364e+02 2.398844e+02 
