1.000000e-03 3.085293e+03 3.085291e+03 
6.040404e-03 1.345839e+04 1.355361e+04 
1.108081e-02 1.807699e+04 1.810096e+04 
1.612121e-02 1.948084e+04 1.937742e+04 
2.116162e-02 1.910287e+04 1.889733e+04 
2.620202e-02 1.784340e+04 1.771585e+04 
3.124242e-02 1.628386e+04 1.638172e+04 
3.628283e-02 1.476562e+04 1.508035e+04 
4.132323e-02 1.344667e+04 1.386300e+04 
4.636364e-02 1.234994e+04 1.274266e+04 
5.140404e-02 1.145375e+04 1.172013e+04 
5.644444e-02 1.066867e+04 1.079130e+04 
6.148485e-02 9.930443e+03 9.949802e+03 
6.652525e-02 9.205976e+03 9.188338e+03 
7.156566e-02 8.486768e+03 8.499445e+03 
7.660606e-02 7.786452e+03 7.875907e+03 
8.164646e-02 7.132985e+03 7.310985e+03 
8.668687e-02 6.551386e+03 6.798513e+03 
9.172727e-02 6.052909e+03 6.332922e+03 
9.676768e-02 5.637414e+03 5.909229e+03 
1.018081e-01 5.294808e+03 5.522996e+03 
1.068485e-01 5.004237e+03 5.170285e+03 
1.118889e-01 4.741581e+03 4.847610e+03 
1.169293e-01 4.488052e+03 4.551886e+03 
1.219697e-01 4.234769e+03 4.280380e+03 
1.270101e-01 3.980948e+03 4.030676e+03 
1.320505e-01 3.732151e+03 3.800631e+03 
1.370909e-01 3.497200e+03 3.588344e+03 
1.421313e-01 3.283231e+03 3.392127e+03 
1.471717e-01 3.093112e+03 3.210477e+03 
1.522121e-01 2.926627e+03 3.042055e+03 
1.572525e-01 2.782231e+03 2.885666e+03 
1.622929e-01 2.656077e+03 2.740242e+03 
1.673333e-01 2.541317e+03 2.604825e+03 
1.723737e-01 2.431562e+03 2.478558e+03 
1.774141e-01 2.323689e+03 2.360667e+03 
1.824545e-01 2.217507e+03 2.250458e+03 
1.874949e-01 2.113750e+03 2.147304e+03 
1.925354e-01 2.013293e+03 2.050640e+03 
1.975758e-01 1.917999e+03 1.959953e+03 
2.026162e-01 1.830035e+03 1.874779e+03 
2.076566e-01 1.750254e+03 1.794697e+03 
2.126970e-01 1.677977e+03 1.719324e+03 
2.177374e-01 1.611814e+03 1.648312e+03 
2.227778e-01 1.550423e+03 1.581342e+03 
2.278182e-01 1.492669e+03 1.518124e+03 
2.328586e-01 1.437428e+03 1.458394e+03 
2.378990e-01 1.383921e+03 1.401909e+03 
2.429394e-01 1.331904e+03 1.348445e+03 
2.479798e-01 1.281555e+03 1.297799e+03 
2.530202e-01 1.233246e+03 1.249783e+03 
2.580606e-01 1.187375e+03 1.204224e+03 
2.631010e-01 1.144237e+03 1.160963e+03 
2.681414e-01 1.103894e+03 1.119853e+03 
2.731818e-01 1.066128e+03 1.080759e+03 
2.782222e-01 1.030593e+03 1.043556e+03 
2.832626e-01 9.969124e+02 1.008127e+03 
2.883030e-01 9.647589e+02 9.743652e+02 
2.933434e-01 9.339041e+02 9.421713e+02 
2.983838e-01 9.041751e+02 9.114528e+02 
3.034242e-01 8.754844e+02 8.821238e+02 
3.084646e-01 8.478311e+02 8.541044e+02 
3.135051e-01 8.212937e+02 8.273205e+02 
3.185455e-01 7.959429e+02 8.017027e+02 
3.235859e-01 7.717758e+02 7.771865e+02 
3.286263e-01 7.487344e+02 7.537117e+02 
3.336667e-01 7.267562e+02 7.312221e+02 
3.387071e-01 7.057823e+02 7.096650e+02 
3.437475e-01 6.857203e+02 6.889912e+02 
3.487879e-01 6.664383e+02 6.691547e+02 
3.538283e-01 6.478340e+02 6.501123e+02 
3.588687e-01 6.298835e+02 6.318235e+02 
3.639091e-01 6.126006e+02 6.142504e+02 
3.689495e-01 5.959606e+02 5.973571e+02 
3.739899e-01 5.799185e+02 5.811103e+02 
3.790303e-01 5.644619e+02 5.654785e+02 
3.840707e-01 5.496035e+02 5.504318e+02 
3.891111e-01 5.353330e+02 5.359425e+02 
3.941515e-01 5.216035e+02 5.219841e+02 
3.991919e-01 5.083666e+02 5.085319e+02 
4.042323e-01 4.956014e+02 4.955624e+02 
4.092727e-01 4.832925e+02 4.830536e+02 
4.143131e-01 4.714023e+02 4.709846e+02 
4.193535e-01 4.598987e+02 4.593355e+02 
4.243939e-01 4.487707e+02 4.480879e+02 
4.294343e-01 4.380165e+02 4.372239e+02 
4.344747e-01 4.276268e+02 4.267270e+02 
4.395152e-01 4.175822e+02 4.165812e+02 
4.445556e-01 4.078631e+02 4.067717e+02 
4.495960e-01 3.984644e+02 3.972840e+02 
4.546364e-01 3.893786e+02 3.881048e+02 
4.596768e-01 3.805851e+02 3.792212e+02 
4.647172e-01 3.720624e+02 3.706210e+02 
4.697576e-01 3.638045e+02 3.622928e+02 
4.747980e-01 3.558074e+02 3.542255e+02 
4.798384e-01 3.480494e+02 3.464086e+02 
4.848788e-01 3.405261e+02 3.388322e+02 
4.899192e-01 3.332255e+02 3.314870e+02 
4.949596e-01 3.261399e+02 3.243637e+02 
5.000000e-01 3.192711e+02 3.174540e+02 
