1.000000e-03 4.610891e+03 4.610887e+03 
6.040404e-03 2.054546e+04 2.070864e+04 
1.108081e-02 2.785336e+04 2.809052e+04 
1.612121e-02 2.981541e+04 3.009118e+04 
2.116162e-02 2.851623e+04 2.852124e+04 
2.620202e-02 2.549391e+04 2.526643e+04 
3.124242e-02 2.190328e+04 2.192763e+04 
3.628283e-02 1.851251e+04 1.911692e+04 
4.132323e-02 1.572662e+04 1.684973e+04 
4.636364e-02 1.364591e+04 1.500176e+04 
5.140404e-02 1.224567e+04 1.346285e+04 
5.644444e-02 1.134085e+04 1.215660e+04 
6.148485e-02 1.074361e+04 1.103159e+04 
6.652525e-02 1.027035e+04 1.005222e+04 
7.156566e-02 9.775273e+03 9.192705e+03 
7.660606e-02 9.169892e+03 8.433575e+03 
8.164646e-02 8.432484e+03 7.759612e+03 
8.668687e-02 7.603448e+03 7.158610e+03 
9.172727e-02 6.755890e+03 6.620584e+03 
9.676768e-02 5.966927e+03 6.137251e+03 
1.018081e-01 5.298507e+03 5.701659e+03 
1.068485e-01 4.784036e+03 5.307927e+03 
1.118889e-01 4.423911e+03 4.951046e+03 
1.169293e-01 4.193033e+03 4.626721e+03 
1.219697e-01 4.052723e+03 4.331254e+03 
1.270101e-01 3.959477e+03 4.061446e+03 
1.320505e-01 3.870808e+03 3.814521e+03 
1.370909e-01 3.752909e+03 3.588058e+03 
1.421313e-01 3.587876e+03 3.379940e+03 
1.471717e-01 3.375324e+03 3.188310e+03 
1.522121e-01 3.128771e+03 3.011535e+03 
1.572525e-01 2.869533e+03 2.848173e+03 
1.622929e-01 2.621843e+03 2.696950e+03 
1.673333e-01 2.406931e+03 2.556735e+03 
1.723737e-01 2.236795e+03 2.426522e+03 
1.774141e-01 2.112954e+03 2.305415e+03 
1.824545e-01 2.029065e+03 2.192614e+03 
1.874949e-01 1.974769e+03 2.087402e+03 
1.925354e-01 1.937544e+03 1.989138e+03 
1.975758e-01 1.903771e+03 1.897243e+03 
2.026162e-01 1.861330e+03 1.811197e+03 
2.076566e-01 1.802726e+03 1.730530e+03 
2.126970e-01 1.726577e+03 1.654819e+03 
2.177374e-01 1.636640e+03 1.583679e+03 
2.227778e-01 1.539576e+03 1.516761e+03 
2.278182e-01 1.443055e+03 1.453749e+03 
2.328586e-01 1.354345e+03 1.394355e+03 
2.378990e-01 1.278689e+03 1.338315e+03 
2.429394e-01 1.218590e+03 1.285391e+03 
2.479798e-01 1.173627e+03 1.235362e+03 
2.530202e-01 1.141060e+03 1.188029e+03 
2.580606e-01 1.116648e+03 1.143206e+03 
2.631010e-01 1.095571e+03 1.100726e+03 
2.681414e-01 1.073428e+03 1.060433e+03 
2.731818e-01 1.047109e+03 1.022184e+03 
2.782222e-01 1.015137e+03 9.858477e+02 
2.832626e-01 9.777254e+02 9.513026e+02 
2.883030e-01 9.365009e+02 9.184366e+02 
2.933434e-01 8.939224e+02 8.871460e+02 
2.983838e-01 8.526974e+02 8.573349e+02 
3.034242e-01 8.151101e+02 8.289144e+02 
3.084646e-01 7.826109e+02 8.018019e+02 
3.135051e-01 7.557161e+02 7.759209e+02 
3.185455e-01 7.339867e+02 7.512004e+02 
3.235859e-01 7.162694e+02 7.275740e+02 
3.286263e-01 7.010259e+02 7.049801e+02 
3.336667e-01 6.866362e+02 6.833614e+02 
3.387071e-01 6.717228e+02 6.626642e+02 
3.437475e-01 6.553571e+02 6.428384e+02 
3.487879e-01 6.371621e+02 6.238374e+02 
3.538283e-01 6.173666e+02 6.056175e+02 
3.588687e-01 5.966461e+02 5.881377e+02 
3.639091e-01 5.758888e+02 5.713596e+02 
3.689495e-01 5.559581e+02 5.552475e+02 
3.739899e-01 5.375251e+02 5.397675e+02 
3.790303e-01 5.210172e+02 5.248881e+02 
3.840707e-01 5.065871e+02 5.105796e+02 
3.891111e-01 4.940534e+02 4.968139e+02 
3.941515e-01 4.829736e+02 4.835648e+02 
3.991919e-01 4.727674e+02 4.708077e+02 
4.042323e-01 4.628834e+02 4.585191e+02 
4.092727e-01 4.529001e+02 4.466771e+02 
4.143131e-01 4.425341e+02 4.352609e+02 
4.193535e-01 4.316867e+02 4.242511e+02 
4.243939e-01 4.204398e+02 4.136291e+02 
4.294343e-01 4.090044e+02 4.033776e+02 
4.344747e-01 3.976975e+02 3.934799e+02 
4.395152e-01 3.868188e+02 3.839206e+02 
4.445556e-01 3.765783e+02 3.746848e+02 
4.495960e-01 3.671096e+02 3.657585e+02 
4.546364e-01 3.584368e+02 3.571284e+02 
4.596768e-01 3.505073e+02 3.487821e+02 
4.647172e-01 3.431656e+02 3.407076e+02 
4.697576e-01 3.362086e+02 3.328935e+02 
4.747980e-01 3.294434e+02 3.253292e+02 
4.798384e-01 3.227205e+02 3.180044e+02 
4.848788e-01 3.159553e+02 3.109094e+02 
4.899192e-01 3.091107e+02 3.040350e+02 
4.949596e-01 3.022051e+02 2.973725e+02 
5.000000e-01 2.953219e+02 2.909134e+02 
