1.000000e-03 4.884527e+03 4.884523e+03 
6.040404e-03 2.164774e+04 2.181917e+04 
1.108081e-02 2.926729e+04 2.952468e+04 
1.612121e-02 3.123765e+04 3.154330e+04 
2.116162e-02 2.977029e+04 2.978035e+04 
2.620202e-02 2.650109e+04 2.625239e+04 
3.124242e-02 2.265887e+04 2.267387e+04 
3.628283e-02 1.905663e+04 1.968791e+04 
4.132323e-02 1.611671e+04 1.729774e+04 
4.636364e-02 1.393752e+04 1.536189e+04 
5.140404e-02 1.248543e+04 1.375804e+04 
5.644444e-02 1.155801e+04 1.240221e+04 
6.148485e-02 1.095474e+04 1.123835e+04 
6.652525e-02 1.048062e+04 1.022788e+04 
7.156566e-02 9.980315e+03 9.343071e+03 
7.660606e-02 9.359600e+03 8.563097e+03 
8.164646e-02 8.597068e+03 7.871779e+03 
8.668687e-02 7.736592e+03 7.256201e+03 
9.172727e-02 6.856098e+03 6.705843e+03 
9.676768e-02 6.038166e+03 6.212008e+03 
1.018081e-01 5.348511e+03 5.767425e+03 
1.068485e-01 4.821410e+03 5.365957e+03 
1.118889e-01 4.456271e+03 5.002387e+03 
1.169293e-01 4.226138e+03 4.672256e+03 
1.219697e-01 4.090081e+03 4.371730e+03 
1.270101e-01 4.002079e+03 4.097500e+03 
1.320505e-01 3.917456e+03 3.846696e+03 
1.370909e-01 3.800670e+03 3.616819e+03 
1.421313e-01 3.632973e+03 3.405689e+03 
1.471717e-01 3.414374e+03 3.211394e+03 
1.522121e-01 3.159517e+03 3.032255e+03 
1.572525e-01 2.891501e+03 2.866793e+03 
1.622929e-01 2.636287e+03 2.713697e+03 
1.673333e-01 2.416136e+03 2.571810e+03 
1.723737e-01 2.243356e+03 2.440102e+03 
1.774141e-01 2.119079e+03 2.317654e+03 
1.824545e-01 2.036436e+03 2.203650e+03 
1.874949e-01 1.984594e+03 2.097356e+03 
1.925354e-01 1.950099e+03 1.998116e+03 
1.975758e-01 1.918395e+03 1.905341e+03 
2.026162e-01 1.876709e+03 1.818500e+03 
2.076566e-01 1.817434e+03 1.737114e+03 
2.126970e-01 1.739432e+03 1.660751e+03 
2.177374e-01 1.646750e+03 1.589019e+03 
2.227778e-01 1.546567e+03 1.521565e+03 
2.278182e-01 1.447242e+03 1.458065e+03 
2.328586e-01 1.356436e+03 1.398226e+03 
2.378990e-01 1.279663e+03 1.341782e+03 
2.429394e-01 1.219380e+03 1.288488e+03 
2.479798e-01 1.175005e+03 1.238123e+03 
2.530202e-01 1.143514e+03 1.190482e+03 
2.580606e-01 1.120301e+03 1.145378e+03 
2.631010e-01 1.100229e+03 1.102641e+03 
2.681414e-01 1.078673e+03 1.062112e+03 
2.731818e-01 1.052388e+03 1.023648e+03 
2.782222e-01 1.019914e+03 9.871140e+02 
2.832626e-01 9.815574e+02 9.523879e+02 
2.883030e-01 9.391337e+02 9.193559e+02 
2.933434e-01 8.953643e+02 8.879130e+02 
2.983838e-01 8.531709e+02 8.579620e+02 
3.034242e-01 8.149675e+02 8.294131e+02 
3.084646e-01 7.822397e+02 8.021828e+02 
3.135051e-01 7.554525e+02 7.761936e+02 
3.185455e-01 7.341005e+02 7.513736e+02 
3.235859e-01 7.168973e+02 7.276559e+02 
3.286263e-01 7.021517e+02 7.049782e+02 
3.336667e-01 6.881332e+02 6.832824e+02 
3.387071e-01 6.733959e+02 6.625144e+02 
3.437475e-01 6.569563e+02 6.426237e+02 
3.487879e-01 6.384783e+02 6.235630e+02 
3.538283e-01 6.182560e+02 6.052884e+02 
3.588687e-01 5.970657e+02 5.877584e+02 
3.639091e-01 5.758671e+02 5.709344e+02 
3.689495e-01 5.555780e+02 5.547801e+02 
3.739899e-01 5.369324e+02 5.392616e+02 
3.790303e-01 5.203773e+02 5.243469e+02 
3.840707e-01 5.060385e+02 5.100061e+02 
3.891111e-01 4.936925e+02 4.962111e+02 
3.941515e-01 4.828269e+02 4.829353e+02 
3.991919e-01 4.728141e+02 4.701537e+02 
4.042323e-01 4.630664e+02 4.578430e+02 
4.092727e-01 4.531360e+02 4.459810e+02 
4.143131e-01 4.427357e+02 4.345467e+02 
4.193535e-01 4.317642e+02 4.235206e+02 
4.243939e-01 4.203343e+02 4.128839e+02 
4.294343e-01 4.087088e+02 4.026192e+02 
4.344747e-01 3.972337e+02 3.927098e+02 
4.395152e-01 3.862202e+02 3.831400e+02 
4.445556e-01 3.759123e+02 3.738950e+02 
4.495960e-01 3.664326e+02 3.649607e+02 
4.546364e-01 3.578042e+02 3.563236e+02 
4.596768e-01 3.499546e+02 3.479713e+02 
4.647172e-01 3.427039e+02 3.398916e+02 
4.697576e-01 3.358259e+02 3.320733e+02 
4.747980e-01 3.291081e+02 3.245054e+02 
4.798384e-01 3.224116e+02 3.171778e+02 
4.848788e-01 3.156292e+02 3.100807e+02 
4.899192e-01 3.087363e+02 3.032049e+02 
4.949596e-01 3.017603e+02 2.965414e+02 
5.000000e-01 2.948055e+02 2.900819e+02 
