1.000000e-03 3.977009e+03 3.977006e+03 
6.040404e-03 1.814604e+04 1.828908e+04 
1.108081e-02 2.491793e+04 2.511463e+04 
1.612121e-02 2.697929e+04 2.719611e+04 
2.116162e-02 2.611211e+04 2.609932e+04 
2.620202e-02 2.364877e+04 2.345081e+04 
3.124242e-02 2.060286e+04 2.063499e+04 
3.628283e-02 1.766157e+04 1.820414e+04 
4.132323e-02 1.520064e+04 1.620014e+04 
4.636364e-02 1.332901e+04 1.453606e+04 
5.140404e-02 1.203964e+04 1.312886e+04 
5.644444e-02 1.118174e+04 1.191935e+04 
6.148485e-02 1.059026e+04 1.086690e+04 
6.652525e-02 1.011046e+04 9.942801e+03 
7.156566e-02 9.610348e+03 9.125884e+03 
7.660606e-02 9.012931e+03 8.399844e+03 
8.164646e-02 8.302285e+03 7.751717e+03 
8.668687e-02 7.516836e+03 7.170938e+03 
9.172727e-02 6.721179e+03 6.648749e+03 
9.676768e-02 5.981457e+03 6.177791e+03 
1.018081e-01 5.351837e+03 5.751826e+03 
1.068485e-01 4.862825e+03 5.365526e+03 
1.118889e-01 4.515368e+03 5.014315e+03 
1.169293e-01 4.285675e+03 4.694242e+03 
1.219697e-01 4.137011e+03 4.401883e+03 
1.270101e-01 4.029169e+03 4.134258e+03 
1.320505e-01 3.924865e+03 3.888767e+03 
1.370909e-01 3.794449e+03 3.663131e+03 
1.421313e-01 3.622227e+03 3.455351e+03 
1.471717e-01 3.408753e+03 3.263663e+03 
1.522121e-01 3.167205e+03 3.086511e+03 
1.572525e-01 2.917370e+03 2.922518e+03 
1.622929e-01 2.680511e+03 2.770461e+03 
1.673333e-01 2.474647e+03 2.629251e+03 
1.723737e-01 2.310368e+03 2.497918e+03 
1.774141e-01 2.188994e+03 2.375596e+03 
1.824545e-01 2.104341e+03 2.261508e+03 
1.874949e-01 2.046175e+03 2.154957e+03 
1.925354e-01 2.002577e+03 2.055317e+03 
1.975758e-01 1.961482e+03 1.962023e+03 
2.026162e-01 1.912312e+03 1.874567e+03 
2.076566e-01 1.848814e+03 1.792488e+03 
2.126970e-01 1.770002e+03 1.715368e+03 
2.177374e-01 1.679550e+03 1.642830e+03 
2.227778e-01 1.583772e+03 1.574530e+03 
2.278182e-01 1.489764e+03 1.510156e+03 
2.328586e-01 1.403857e+03 1.449420e+03 
2.378990e-01 1.330424e+03 1.392065e+03 
2.429394e-01 1.271337e+03 1.337851e+03 
2.479798e-01 1.225998e+03 1.286560e+03 
2.530202e-01 1.191840e+03 1.237994e+03 
2.580606e-01 1.164935e+03 1.191968e+03 
2.631010e-01 1.140788e+03 1.148314e+03 
2.681414e-01 1.115395e+03 1.106877e+03 
2.731818e-01 1.086108e+03 1.067515e+03 
2.782222e-01 1.051944e+03 1.030094e+03 
2.832626e-01 1.013331e+03 9.944949e+02 
2.883030e-01 9.717342e+02 9.606035e+02 
2.933434e-01 9.293788e+02 9.283162e+02 
2.983838e-01 8.886982e+02 8.975365e+02 
3.034242e-01 8.517262e+02 8.681748e+02 
3.084646e-01 8.196472e+02 8.401480e+02 
3.135051e-01 7.926935e+02 8.133791e+02 
3.185455e-01 7.703470e+02 7.877960e+02 
3.235859e-01 7.515617e+02 7.633321e+02 
3.286263e-01 7.349549e+02 7.399248e+02 
3.336667e-01 7.190308e+02 7.175162e+02 
3.387071e-01 7.025609e+02 6.960520e+02 
3.437475e-01 6.847988e+02 6.754813e+02 
3.487879e-01 6.655393e+02 6.557570e+02 
3.538283e-01 6.450727e+02 6.368344e+02 
3.588687e-01 6.240020e+02 6.186722e+02 
3.639091e-01 6.030896e+02 6.012313e+02 
3.689495e-01 5.831083e+02 5.844753e+02 
3.739899e-01 5.646748e+02 5.683697e+02 
3.790303e-01 5.480940e+02 5.528825e+02 
3.840707e-01 5.333873e+02 5.379832e+02 
3.891111e-01 5.203502e+02 5.236434e+02 
3.941515e-01 5.085982e+02 5.098364e+02 
3.991919e-01 4.976405e+02 4.965367e+02 
4.042323e-01 4.869705e+02 4.837207e+02 
4.092727e-01 4.761906e+02 4.713658e+02 
4.143131e-01 4.650828e+02 4.594508e+02 
4.193535e-01 4.536300e+02 4.479558e+02 
4.243939e-01 4.419457e+02 4.368619e+02 
4.294343e-01 4.302131e+02 4.261510e+02 
4.344747e-01 4.186785e+02 4.158065e+02 
4.395152e-01 4.075975e+02 4.058121e+02 
4.445556e-01 3.971706e+02 3.961529e+02 
4.495960e-01 3.875051e+02 3.868143e+02 
4.546364e-01 3.785812e+02 3.777828e+02 
4.596768e-01 3.702960e+02 3.690456e+02 
4.647172e-01 3.625192e+02 3.605902e+02 
4.697576e-01 3.551083e+02 3.524051e+02 
4.747980e-01 3.478938e+02 3.444793e+02 
4.798384e-01 3.407299e+02 3.368022e+02 
4.848788e-01 3.335343e+02 3.293639e+02 
4.899192e-01 3.263096e+02 3.221548e+02 
4.949596e-01 3.191046e+02 3.151659e+02 
5.000000e-01 3.119743e+02 3.083886e+02 
