1.000000e-03 3.970814e+03 3.970810e+03 
6.040404e-03 1.801511e+04 1.815682e+04 
1.108081e-02 2.463058e+04 2.482027e+04 
1.612121e-02 2.657591e+04 2.677514e+04 
2.116162e-02 2.565104e+04 2.562320e+04 
2.620202e-02 2.318552e+04 2.299809e+04 
3.124242e-02 2.017878e+04 2.024242e+04 
3.628283e-02 1.729943e+04 1.787005e+04 
4.132323e-02 1.490599e+04 1.591146e+04 
4.636364e-02 1.309535e+04 1.428111e+04 
5.140404e-02 1.185263e+04 1.289956e+04 
5.644444e-02 1.102295e+04 1.171038e+04 
6.148485e-02 1.044405e+04 1.067471e+04 
6.652525e-02 9.959369e+03 9.764934e+03 
7.156566e-02 9.446284e+03 8.960532e+03 
7.660606e-02 8.834990e+03 8.245614e+03 
8.164646e-02 8.116373e+03 7.607491e+03 
8.668687e-02 7.332107e+03 7.035784e+03 
9.172727e-02 6.548104e+03 6.521869e+03 
9.676768e-02 5.829203e+03 6.058490e+03 
1.018081e-01 5.225932e+03 5.639491e+03 
1.068485e-01 4.763618e+03 5.259610e+03 
1.118889e-01 4.438482e+03 4.914326e+03 
1.169293e-01 4.224005e+03 4.599736e+03 
1.219697e-01 4.082641e+03 4.312459e+03 
1.270101e-01 3.974744e+03 4.049550e+03 
1.320505e-01 3.863966e+03 3.808442e+03 
1.370909e-01 3.723314e+03 3.586886e+03 
1.421313e-01 3.541138e+03 3.382906e+03 
1.471717e-01 3.321294e+03 3.194764e+03 
1.522121e-01 3.078586e+03 3.020925e+03 
1.572525e-01 2.832942e+03 2.860030e+03 
1.622929e-01 2.604801e+03 2.710872e+03 
1.673333e-01 2.410684e+03 2.572380e+03 
1.723737e-01 2.258805e+03 2.443597e+03 
1.774141e-01 2.148114e+03 2.323669e+03 
1.824545e-01 2.070961e+03 2.211831e+03 
1.874949e-01 2.016538e+03 2.107398e+03 
1.925354e-01 1.973126e+03 2.009752e+03 
1.975758e-01 1.929138e+03 1.918339e+03 
2.026162e-01 1.875164e+03 1.832657e+03 
2.076566e-01 1.806475e+03 1.752253e+03 
2.126970e-01 1.723754e+03 1.676718e+03 
2.177374e-01 1.631817e+03 1.605678e+03 
2.227778e-01 1.537215e+03 1.538797e+03 
2.278182e-01 1.446658e+03 1.475766e+03 
2.328586e-01 1.365706e+03 1.416306e+03 
2.378990e-01 1.297841e+03 1.360159e+03 
2.429394e-01 1.244054e+03 1.307094e+03 
2.479798e-01 1.202948e+03 1.256895e+03 
2.530202e-01 1.171407e+03 1.209367e+03 
2.580606e-01 1.145280e+03 1.164329e+03 
2.631010e-01 1.120296e+03 1.121616e+03 
2.681414e-01 1.093058e+03 1.081076e+03 
2.731818e-01 1.061621e+03 1.042568e+03 
2.782222e-01 1.025568e+03 1.005964e+03 
2.832626e-01 9.857990e+02 9.711432e+02 
2.883030e-01 9.441443e+02 9.379959e+02 
2.933434e-01 9.028717e+02 9.064197e+02 
2.983838e-01 8.641941e+02 8.763201e+02 
3.034242e-01 8.297040e+02 8.476092e+02 
3.084646e-01 8.001303e+02 8.202056e+02 
3.135051e-01 7.753838e+02 7.940335e+02 
3.185455e-01 7.546880e+02 7.690226e+02 
3.235859e-01 7.368323e+02 7.451072e+02 
3.286263e-01 7.203802e+02 7.222262e+02 
3.336667e-01 7.040130e+02 7.003228e+02 
3.387071e-01 6.867854e+02 6.793436e+02 
3.437475e-01 6.682352e+02 6.592390e+02 
3.487879e-01 6.483982e+02 6.399626e+02 
3.538283e-01 6.277071e+02 6.214708e+02 
3.588687e-01 6.068690e+02 6.037230e+02 
3.639091e-01 5.866557e+02 5.866810e+02 
3.689495e-01 5.677018e+02 5.703089e+02 
3.739899e-01 5.504144e+02 5.545732e+02 
3.790303e-01 5.349372e+02 5.394424e+02 
3.840707e-01 5.211775e+02 5.248867e+02 
3.891111e-01 5.088476e+02 5.108783e+02 
3.941515e-01 4.974965e+02 4.973908e+02 
3.991919e-01 4.866275e+02 4.843996e+02 
4.042323e-01 4.758102e+02 4.718814e+02 
4.092727e-01 4.647933e+02 4.598141e+02 
4.143131e-01 4.534870e+02 4.481770e+02 
4.193535e-01 4.419363e+02 4.369505e+02 
4.243939e-01 4.302915e+02 4.261161e+02 
4.294343e-01 4.187611e+02 4.156563e+02 
4.344747e-01 4.076095e+02 4.055546e+02 
4.395152e-01 3.970368e+02 3.957952e+02 
4.445556e-01 3.871711e+02 3.863634e+02 
4.495960e-01 3.780187e+02 3.772451e+02 
4.546364e-01 3.695104e+02 3.684269e+02 
4.596768e-01 3.615532e+02 3.598963e+02 
4.647172e-01 3.540040e+02 3.516412e+02 
4.697576e-01 3.466958e+02 3.436503e+02 
4.747980e-01 3.394879e+02 3.359128e+02 
4.798384e-01 3.322930e+02 3.284183e+02 
4.848788e-01 3.250904e+02 3.211571e+02 
4.899192e-01 3.179094e+02 3.141199e+02 
4.949596e-01 3.107959e+02 3.072979e+02 
5.000000e-01 3.038131e+02 3.006826e+02 
