1.000000e-03 3.275555e+03 3.275552e+03 
6.040404e-03 1.457981e+04 1.468643e+04 
1.108081e-02 1.983138e+04 1.991229e+04 
1.612121e-02 2.147041e+04 2.146890e+04 
2.116162e-02 2.098630e+04 2.084217e+04 
2.620202e-02 1.940263e+04 1.929052e+04 
3.124242e-02 1.743629e+04 1.760213e+04 
3.628283e-02 1.553882e+04 1.603876e+04 
4.132323e-02 1.393677e+04 1.463880e+04 
4.636364e-02 1.268247e+04 1.338920e+04 
5.140404e-02 1.173799e+04 1.227164e+04 
5.644444e-02 1.099656e+04 1.127011e+04 
6.148485e-02 1.034851e+04 1.037103e+04 
6.652525e-02 9.709522e+03 9.562675e+03 
7.156566e-02 9.030936e+03 8.834772e+03 
7.660606e-02 8.308819e+03 8.178230e+03 
8.164646e-02 7.577057e+03 7.585016e+03 
8.668687e-02 6.882787e+03 7.048035e+03 
9.172727e-02 6.264138e+03 6.561031e+03 
9.676768e-02 5.744994e+03 6.118498e+03 
1.018081e-01 5.334099e+03 5.715588e+03 
1.068485e-01 5.021404e+03 5.348040e+03 
1.118889e-01 4.779019e+03 5.012104e+03 
1.169293e-01 4.572736e+03 4.704478e+03 
1.219697e-01 4.374026e+03 4.422254e+03 
1.270101e-01 4.164845e+03 4.162864e+03 
1.320505e-01 3.938037e+03 3.924039e+03 
1.370909e-01 3.696532e+03 3.703771e+03 
1.421313e-01 3.451865e+03 3.500279e+03 
1.471717e-01 3.217648e+03 3.311983e+03 
1.522121e-01 3.005593e+03 3.137475e+03 
1.572525e-01 2.823080e+03 2.975500e+03 
1.622929e-01 2.672941e+03 2.824939e+03 
1.673333e-01 2.552215e+03 2.684788e+03 
1.723737e-01 2.452934e+03 2.554150e+03 
1.774141e-01 2.365321e+03 2.432217e+03 
1.824545e-01 2.281035e+03 2.318263e+03 
1.874949e-01 2.194576e+03 2.211634e+03 
1.925354e-01 2.103087e+03 2.111740e+03 
1.975758e-01 2.006622e+03 2.018046e+03 
2.026162e-01 1.908060e+03 1.930070e+03 
2.076566e-01 1.811902e+03 1.847372e+03 
2.126970e-01 1.722199e+03 1.769554e+03 
2.177374e-01 1.641660e+03 1.696253e+03 
2.227778e-01 1.571234e+03 1.627139e+03 
2.278182e-01 1.510424e+03 1.561910e+03 
2.328586e-01 1.457446e+03 1.500290e+03 
2.378990e-01 1.409786e+03 1.442028e+03 
2.429394e-01 1.364963e+03 1.386893e+03 
2.479798e-01 1.320893e+03 1.334671e+03 
2.530202e-01 1.276184e+03 1.285169e+03 
2.580606e-01 1.230338e+03 1.238207e+03 
2.631010e-01 1.183968e+03 1.193620e+03 
2.681414e-01 1.138337e+03 1.151257e+03 
2.731818e-01 1.094712e+03 1.110976e+03 
2.782222e-01 1.053901e+03 1.072648e+03 
2.832626e-01 1.016353e+03 1.036152e+03 
2.883030e-01 9.822142e+02 1.001379e+03 
2.933434e-01 9.512529e+02 9.682236e+02 
2.983838e-01 9.228071e+02 9.365915e+02 
3.034242e-01 8.960029e+02 9.063934e+02 
3.084646e-01 8.701116e+02 8.775469e+02 
3.135051e-01 8.446757e+02 8.499750e+02 
3.185455e-01 8.195041e+02 8.236062e+02 
3.235859e-01 7.945228e+02 7.983737e+02 
3.286263e-01 7.698944e+02 7.742153e+02 
3.336667e-01 7.459440e+02 7.510727e+02 
3.387071e-01 7.230187e+02 7.288917e+02 
3.437475e-01 7.013541e+02 7.076214e+02 
3.487879e-01 6.810032e+02 6.872142e+02 
3.538283e-01 6.619126e+02 6.676255e+02 
3.588687e-01 6.439478e+02 6.488134e+02 
3.639091e-01 6.269101e+02 6.307388e+02 
3.689495e-01 6.105869e+02 6.133649e+02 
3.739899e-01 5.947514e+02 5.966569e+02 
3.790303e-01 5.793013e+02 5.805824e+02 
3.840707e-01 5.641743e+02 5.651108e+02 
3.891111e-01 5.494024e+02 5.502131e+02 
3.941515e-01 5.349949e+02 5.358623e+02 
3.991919e-01 5.210233e+02 5.220328e+02 
4.042323e-01 5.075763e+02 5.087003e+02 
4.092727e-01 4.947205e+02 4.958421e+02 
4.143131e-01 4.824460e+02 4.834367e+02 
4.193535e-01 4.706962e+02 4.714637e+02 
4.243939e-01 4.594299e+02 4.599038e+02 
4.294343e-01 4.485950e+02 4.487389e+02 
4.344747e-01 4.381427e+02 4.379517e+02 
4.395152e-01 4.280003e+02 4.275260e+02 
4.445556e-01 4.181141e+02 4.174461e+02 
4.495960e-01 4.084792e+02 4.076976e+02 
4.546364e-01 3.991139e+02 3.982664e+02 
4.596768e-01 3.900195e+02 3.891393e+02 
4.647172e-01 3.811911e+02 3.803039e+02 
4.697576e-01 3.726347e+02 3.717481e+02 
4.747980e-01 3.643735e+02 3.634608e+02 
4.798384e-01 3.564137e+02 3.554311e+02 
4.848788e-01 3.487276e+02 3.476488e+02 
4.899192e-01 3.412889e+02 3.401041e+02 
4.949596e-01 3.340728e+02 3.327878e+02 
5.000000e-01 3.270751e+02 3.256910e+02 
