1.000000e-03 3.911998e+03 3.911995e+03 
6.040404e-03 1.762510e+04 1.776103e+04 
1.108081e-02 2.407327e+04 2.424351e+04 
1.612121e-02 2.599280e+04 2.615204e+04 
2.116162e-02 2.514638e+04 2.508828e+04 
2.620202e-02 2.282512e+04 2.265119e+04 
3.124242e-02 1.998804e+04 2.008963e+04 
3.628283e-02 1.727201e+04 1.786150e+04 
4.132323e-02 1.501386e+04 1.599509e+04 
4.636364e-02 1.330018e+04 1.441970e+04 
5.140404e-02 1.211402e+04 1.306936e+04 
5.644444e-02 1.129972e+04 1.189668e+04 
6.148485e-02 1.070207e+04 1.086840e+04 
6.652525e-02 1.017599e+04 9.960340e+03 
7.156566e-02 9.608660e+03 9.154091e+03 
7.660606e-02 8.944563e+03 8.435107e+03 
8.164646e-02 8.188466e+03 7.791557e+03 
8.668687e-02 7.390268e+03 7.213626e+03 
9.172727e-02 6.614293e+03 6.693063e+03 
9.676768e-02 5.919295e+03 6.222859e+03 
1.018081e-01 5.347425e+03 5.797025e+03 
1.068485e-01 4.915881e+03 5.410409e+03 
1.118889e-01 4.614231e+03 5.058562e+03 
1.169293e-01 4.410319e+03 4.737629e+03 
1.219697e-01 4.264323e+03 4.444253e+03 
1.270101e-01 4.137737e+03 4.175506e+03 
1.320505e-01 3.998483e+03 3.928827e+03 
1.370909e-01 3.825851e+03 3.701966e+03 
1.421313e-01 3.614632e+03 3.492944e+03 
1.471717e-01 3.374121e+03 3.300014e+03 
1.522121e-01 3.121826e+03 3.121632e+03 
1.572525e-01 2.877804e+03 2.956430e+03 
1.622929e-01 2.660095e+03 2.803190e+03 
1.673333e-01 2.480901e+03 2.660828e+03 
1.723737e-01 2.343927e+03 2.528378e+03 
1.774141e-01 2.244477e+03 2.404974e+03 
1.824545e-01 2.172628e+03 2.289842e+03 
1.874949e-01 2.116744e+03 2.182285e+03 
1.925354e-01 2.065228e+03 2.081676e+03 
1.975758e-01 2.007944e+03 1.987451e+03 
2.026162e-01 1.938441e+03 1.899100e+03 
2.076566e-01 1.855371e+03 1.816162e+03 
2.126970e-01 1.762002e+03 1.738219e+03 
2.177374e-01 1.664376e+03 1.664890e+03 
2.227778e-01 1.569139e+03 1.595833e+03 
2.278182e-01 1.482145e+03 1.530731e+03 
2.328586e-01 1.407353e+03 1.469300e+03 
2.378990e-01 1.346294e+03 1.411276e+03 
2.429394e-01 1.298117e+03 1.356422e+03 
2.479798e-01 1.260193e+03 1.304519e+03 
2.530202e-01 1.228767e+03 1.255364e+03 
2.580606e-01 1.199649e+03 1.208774e+03 
2.631010e-01 1.169151e+03 1.164580e+03 
2.681414e-01 1.135049e+03 1.122624e+03 
2.731818e-01 1.096805e+03 1.082764e+03 
2.782222e-01 1.055217e+03 1.044866e+03 
2.832626e-01 1.011885e+03 1.008809e+03 
2.883030e-01 9.688351e+02 9.744773e+02 
2.933434e-01 9.281598e+02 9.417675e+02 
2.983838e-01 8.915205e+02 9.105819e+02 
3.034242e-01 8.597405e+02 8.808303e+02 
3.084646e-01 8.326984e+02 8.524288e+02 
3.135051e-01 8.096039e+02 8.252995e+02 
3.185455e-01 7.893234e+02 7.993700e+02 
3.235859e-01 7.705633e+02 7.745727e+02 
3.286263e-01 7.520712e+02 7.508448e+02 
3.336667e-01 7.328869e+02 7.281274e+02 
3.387071e-01 7.125652e+02 7.063660e+02 
3.437475e-01 6.911947e+02 6.855091e+02 
3.487879e-01 6.692334e+02 6.655089e+02 
3.538283e-01 6.473330e+02 6.463206e+02 
3.588687e-01 6.261540e+02 6.279022e+02 
3.639091e-01 6.062891e+02 6.102143e+02 
3.689495e-01 5.881166e+02 5.932200e+02 
3.739899e-01 5.717390e+02 5.768846e+02 
3.790303e-01 5.569935e+02 5.611754e+02 
3.840707e-01 5.435494e+02 5.460620e+02 
3.891111e-01 5.309956e+02 5.315154e+02 
3.941515e-01 5.189069e+02 5.175086e+02 
3.991919e-01 5.069181e+02 5.040159e+02 
4.042323e-01 4.947731e+02 4.910133e+02 
4.092727e-01 4.824084e+02 4.784781e+02 
4.143131e-01 4.699251e+02 4.663888e+02 
4.193535e-01 4.575148e+02 4.547251e+02 
4.243939e-01 4.453608e+02 4.434680e+02 
4.294343e-01 4.336589e+02 4.325993e+02 
4.344747e-01 4.225671e+02 4.221018e+02 
4.395152e-01 4.121909e+02 4.119595e+02 
4.445556e-01 4.025303e+02 4.021568e+02 
4.495960e-01 3.934841e+02 3.926794e+02 
4.546364e-01 3.849088e+02 3.835134e+02 
4.596768e-01 3.766774e+02 3.746457e+02 
4.647172e-01 3.686767e+02 3.660639e+02 
4.697576e-01 3.607963e+02 3.577562e+02 
4.747980e-01 3.529542e+02 3.497115e+02 
4.798384e-01 3.451388e+02 3.419191e+02 
4.848788e-01 3.374060e+02 3.343688e+02 
4.899192e-01 3.298209e+02 3.270510e+02 
4.949596e-01 3.224394e+02 3.199567e+02 
5.000000e-01 3.153121e+02 3.130770e+02 
