1.000000e-03 2.836012e+03 2.836009e+03 
6.040404e-03 1.271179e+04 1.280320e+04 
1.108081e-02 1.742861e+04 1.748501e+04 
1.612121e-02 1.903942e+04 1.900892e+04 
2.116162e-02 1.880839e+04 1.866178e+04 
2.620202e-02 1.760297e+04 1.749687e+04 
3.124242e-02 1.602836e+04 1.615644e+04 
3.628283e-02 1.446808e+04 1.486557e+04 
4.132323e-02 1.311657e+04 1.367403e+04 
4.636364e-02 1.202279e+04 1.258608e+04 
5.140404e-02 1.118047e+04 1.159649e+04 
5.644444e-02 1.047921e+04 1.069811e+04 
6.148485e-02 9.848598e+03 9.883397e+03 
6.652525e-02 9.228077e+03 9.144825e+03 
7.156566e-02 8.579200e+03 8.475151e+03 
7.660606e-02 7.904006e+03 7.867559e+03 
8.164646e-02 7.235515e+03 7.315750e+03 
8.668687e-02 6.613552e+03 6.813980e+03 
9.172727e-02 6.065053e+03 6.357062e+03 
9.676768e-02 5.603347e+03 5.940345e+03 
1.018081e-01 5.231331e+03 5.559673e+03 
1.068485e-01 4.938595e+03 5.211350e+03 
1.118889e-01 4.700772e+03 4.892087e+03 
1.169293e-01 4.487937e+03 4.598967e+03 
1.219697e-01 4.277545e+03 4.329397e+03 
1.270101e-01 4.058521e+03 4.081076e+03 
1.320505e-01 3.829096e+03 3.851957e+03 
1.370909e-01 3.594649e+03 3.640221e+03 
1.421313e-01 3.364836e+03 3.444244e+03 
1.471717e-01 3.149974e+03 3.262580e+03 
1.522121e-01 2.958192e+03 3.093937e+03 
1.572525e-01 2.793783e+03 2.937158e+03 
1.622929e-01 2.656665e+03 2.791208e+03 
1.673333e-01 2.542388e+03 2.655155e+03 
1.723737e-01 2.443150e+03 2.528163e+03 
1.774141e-01 2.351210e+03 2.409480e+03 
1.824545e-01 2.260875e+03 2.298426e+03 
1.874949e-01 2.168778e+03 2.194389e+03 
1.925354e-01 2.073823e+03 2.096812e+03 
1.975758e-01 1.977166e+03 2.005193e+03 
2.026162e-01 1.881937e+03 1.919075e+03 
2.076566e-01 1.791759e+03 1.838043e+03 
2.126970e-01 1.709181e+03 1.761720e+03 
2.177374e-01 1.635238e+03 1.689762e+03 
2.227778e-01 1.569778e+03 1.621854e+03 
2.278182e-01 1.511893e+03 1.557709e+03 
2.328586e-01 1.459742e+03 1.497064e+03 
2.378990e-01 1.411014e+03 1.439678e+03 
2.429394e-01 1.363847e+03 1.385330e+03 
2.479798e-01 1.317180e+03 1.333816e+03 
2.530202e-01 1.270569e+03 1.284951e+03 
2.580606e-01 1.224038e+03 1.238561e+03 
2.631010e-01 1.178174e+03 1.194489e+03 
2.681414e-01 1.134018e+03 1.152587e+03 
2.731818e-01 1.092523e+03 1.112721e+03 
2.782222e-01 1.054111e+03 1.074764e+03 
2.832626e-01 1.018668e+03 1.038602e+03 
2.883030e-01 9.859114e+02 1.004126e+03 
2.933434e-01 9.554843e+02 9.712363e+02 
2.983838e-01 9.268765e+02 9.398411e+02 
3.034242e-01 8.994741e+02 9.098538e+02 
3.084646e-01 8.727598e+02 8.811944e+02 
3.135051e-01 8.465001e+02 8.537880e+02 
3.185455e-01 8.207386e+02 8.275651e+02 
3.235859e-01 7.956322e+02 8.024608e+02 
3.286263e-01 7.713392e+02 7.784143e+02 
3.336667e-01 7.480068e+02 7.553690e+02 
3.387071e-01 7.257869e+02 7.332719e+02 
3.437475e-01 7.048018e+02 7.120733e+02 
3.487879e-01 6.850354e+02 6.917267e+02 
3.538283e-01 6.663134e+02 6.721886e+02 
3.588687e-01 6.484289e+02 6.534180e+02 
3.639091e-01 6.312283e+02 6.353766e+02 
3.689495e-01 6.146128e+02 6.180282e+02 
3.739899e-01 5.985053e+02 6.013389e+02 
3.790303e-01 5.828287e+02 5.852769e+02 
3.840707e-01 5.675570e+02 5.698121e+02 
3.891111e-01 5.527296e+02 5.549161e+02 
3.941515e-01 5.384190e+02 5.405623e+02 
3.991919e-01 5.246557e+02 5.267256e+02 
4.042323e-01 5.114403e+02 5.133821e+02 
4.092727e-01 4.987568e+02 5.005094e+02 
4.143131e-01 4.865869e+02 4.880864e+02 
4.193535e-01 4.748991e+02 4.760929e+02 
4.243939e-01 4.636340e+02 4.645101e+02 
4.294343e-01 4.527321e+02 4.533199e+02 
4.344747e-01 4.421550e+02 4.425055e+02 
4.395152e-01 4.318839e+02 4.320506e+02 
4.445556e-01 4.219176e+02 4.219400e+02 
4.495960e-01 4.122469e+02 4.121592e+02 
4.546364e-01 4.028603e+02 4.026945e+02 
4.596768e-01 3.937625e+02 3.935328e+02 
4.647172e-01 3.849610e+02 3.846618e+02 
4.697576e-01 3.764549e+02 3.760696e+02 
4.747980e-01 3.682346e+02 3.677450e+02 
4.798384e-01 3.602785e+02 3.596774e+02 
4.848788e-01 3.525662e+02 3.518567e+02 
4.899192e-01 3.450919e+02 3.442731e+02 
4.949596e-01 3.378438e+02 3.369176e+02 
5.000000e-01 3.307960e+02 3.297812e+02 
