1.000000e-03 2.525469e+03 2.525467e+03 
6.040404e-03 1.119919e+04 1.127954e+04 
1.108081e-02 1.530674e+04 1.531945e+04 
1.612121e-02 1.679437e+04 1.668942e+04 
2.116162e-02 1.678748e+04 1.659377e+04 
2.620202e-02 1.599385e+04 1.584616e+04 
3.124242e-02 1.487443e+04 1.488211e+04 
3.628283e-02 1.370750e+04 1.387391e+04 
4.132323e-02 1.263274e+04 1.288748e+04 
4.636364e-02 1.168621e+04 1.195082e+04 
5.140404e-02 1.088301e+04 1.107600e+04 
5.644444e-02 1.014994e+04 1.026700e+04 
6.148485e-02 9.462134e+03 9.523388e+03 
6.652525e-02 8.799236e+03 8.842330e+03 
7.156566e-02 8.151841e+03 8.219785e+03 
7.660606e-02 7.529733e+03 7.651207e+03 
8.164646e-02 6.954207e+03 7.131962e+03 
8.668687e-02 6.441067e+03 6.657555e+03 
9.172727e-02 5.992961e+03 6.223762e+03 
9.676768e-02 5.605330e+03 5.826681e+03 
1.018081e-01 5.271623e+03 5.462755e+03 
1.068485e-01 4.980288e+03 5.128763e+03 
1.118889e-01 4.714274e+03 4.821807e+03 
1.169293e-01 4.458763e+03 4.539284e+03 
1.219697e-01 4.208021e+03 4.278863e+03 
1.270101e-01 3.963944e+03 4.038458e+03 
1.320505e-01 3.730649e+03 3.816204e+03 
1.370909e-01 3.512558e+03 3.610430e+03 
1.421313e-01 3.313290e+03 3.419640e+03 
1.471717e-01 3.134356e+03 3.242496e+03 
1.522121e-01 2.974752e+03 3.077794e+03 
1.572525e-01 2.831963e+03 2.924457e+03 
1.622929e-01 2.702775e+03 2.781512e+03 
1.673333e-01 2.583337e+03 2.648087e+03 
1.723737e-01 2.469742e+03 2.523394e+03 
1.774141e-01 2.359860e+03 2.406721e+03 
1.824545e-01 2.253489e+03 2.297425e+03 
1.874949e-01 2.151260e+03 2.194924e+03 
1.925354e-01 2.053965e+03 2.098689e+03 
1.975758e-01 1.962424e+03 2.008241e+03 
2.026162e-01 1.877450e+03 1.923144e+03 
2.076566e-01 1.799200e+03 1.843002e+03 
2.126970e-01 1.727005e+03 1.767450e+03 
2.177374e-01 1.659858e+03 1.696161e+03 
2.227778e-01 1.596833e+03 1.628829e+03 
2.278182e-01 1.537130e+03 1.565181e+03 
2.328586e-01 1.479994e+03 1.504960e+03 
2.378990e-01 1.425066e+03 1.447936e+03 
2.429394e-01 1.372377e+03 1.393893e+03 
2.479798e-01 1.322060e+03 1.342635e+03 
2.530202e-01 1.274113e+03 1.293981e+03 
2.580606e-01 1.228512e+03 1.247763e+03 
2.631010e-01 1.185372e+03 1.203828e+03 
2.681414e-01 1.144757e+03 1.162033e+03 
2.731818e-01 1.106475e+03 1.122246e+03 
2.782222e-01 1.070121e+03 1.084345e+03 
2.832626e-01 1.035375e+03 1.048216e+03 
2.883030e-01 1.002137e+03 1.013755e+03 
2.933434e-01 9.703363e+02 9.808635e+02 
2.983838e-01 9.398452e+02 9.494515e+02 
3.034242e-01 9.105369e+02 9.194344e+02 
3.084646e-01 8.823772e+02 8.907336e+02 
3.135051e-01 8.554328e+02 8.632759e+02 
3.185455e-01 8.297104e+02 8.369928e+02 
3.235859e-01 8.051214e+02 8.118204e+02 
3.286263e-01 7.815643e+02 7.876993e+02 
3.336667e-01 7.589974e+02 7.645735e+02 
3.387071e-01 7.373826e+02 7.423909e+02 
3.437475e-01 7.166624e+02 7.211025e+02 
3.487879e-01 6.967354e+02 7.006625e+02 
3.538283e-01 6.775189e+02 6.810278e+02 
3.588687e-01 6.590038e+02 6.621581e+02 
3.639091e-01 6.412001e+02 6.440154e+02 
3.689495e-01 6.240771e+02 6.265641e+02 
3.739899e-01 6.075797e+02 6.097706e+02 
3.790303e-01 5.916793e+02 5.936033e+02 
3.840707e-01 5.763765e+02 5.780325e+02 
3.891111e-01 5.616483e+02 5.630301e+02 
3.941515e-01 5.474499e+02 5.485697e+02 
3.991919e-01 5.337445e+02 5.346263e+02 
4.042323e-01 5.205092e+02 5.211764e+02 
4.092727e-01 5.077334e+02 5.081976e+02 
4.143131e-01 4.954062e+02 4.956689e+02 
4.193535e-01 4.834841e+02 4.835705e+02 
4.243939e-01 4.719499e+02 4.718833e+02 
4.294343e-01 4.607995e+02 4.605897e+02 
4.344747e-01 4.500245e+02 4.496727e+02 
4.395152e-01 4.396086e+02 4.391162e+02 
4.445556e-01 4.295256e+02 4.289051e+02 
4.495960e-01 4.197586e+02 4.190249e+02 
4.546364e-01 4.103041e+02 4.094620e+02 
4.596768e-01 4.011555e+02 4.002032e+02 
4.647172e-01 3.922935e+02 3.912363e+02 
4.697576e-01 3.836993e+02 3.825496e+02 
4.747980e-01 3.753611e+02 3.741317e+02 
4.798384e-01 3.672768e+02 3.659721e+02 
4.848788e-01 3.594419e+02 3.580607e+02 
4.899192e-01 3.518406e+02 3.503878e+02 
4.949596e-01 3.444544e+02 3.429441e+02 
5.000000e-01 3.372825e+02 3.357211e+02 
