1.000000e-03 4.347558e+03 4.347554e+03 
6.040404e-03 1.912357e+04 1.926937e+04 
1.108081e-02 2.575043e+04 2.592360e+04 
1.612121e-02 2.748837e+04 2.762928e+04 
2.116162e-02 2.633618e+04 2.624358e+04 
2.620202e-02 2.371420e+04 2.354913e+04 
3.124242e-02 2.064624e+04 2.082342e+04 
3.628283e-02 1.778566e+04 1.848122e+04 
4.132323e-02 1.545628e+04 1.652379e+04 
4.636364e-02 1.371821e+04 1.487126e+04 
5.140404e-02 1.252962e+04 1.345478e+04 
5.644444e-02 1.170516e+04 1.222553e+04 
6.148485e-02 1.107998e+04 1.114907e+04 
6.652525e-02 1.049547e+04 1.020007e+04 
7.156566e-02 9.851099e+03 9.359065e+03 
7.660606e-02 9.104454e+03 8.610563e+03 
8.164646e-02 8.276114e+03 7.941909e+03 
8.668687e-02 7.427473e+03 7.342586e+03 
9.172727e-02 6.628723e+03 6.803754e+03 
9.676768e-02 5.937900e+03 6.317911e+03 
1.018081e-01 5.389912e+03 5.878655e+03 
1.068485e-01 4.989812e+03 5.480492e+03 
1.118889e-01 4.714742e+03 5.118688e+03 
1.169293e-01 4.525399e+03 4.789148e+03 
1.219697e-01 4.378662e+03 4.488316e+03 
1.270101e-01 4.235198e+03 4.213098e+03 
1.320505e-01 4.065781e+03 3.960790e+03 
1.370909e-01 3.857169e+03 3.729024e+03 
1.421313e-01 3.613484e+03 3.515721e+03 
1.471717e-01 3.350366e+03 3.319049e+03 
1.522121e-01 3.088053e+03 3.137392e+03 
1.572525e-01 2.846566e+03 2.969319e+03 
1.622929e-01 2.641962e+03 2.813560e+03 
1.673333e-01 2.481883e+03 2.668987e+03 
1.723737e-01 2.363826e+03 2.534593e+03 
1.774141e-01 2.278064e+03 2.409481e+03 
1.824545e-01 2.212441e+03 2.292845e+03 
1.874949e-01 2.154876e+03 2.183964e+03 
1.925354e-01 2.094314e+03 2.082191e+03 
1.975758e-01 2.022651e+03 1.986942e+03 
2.026162e-01 1.937003e+03 1.897691e+03 
2.076566e-01 1.840108e+03 1.813961e+03 
2.126970e-01 1.738191e+03 1.735322e+03 
2.177374e-01 1.638181e+03 1.661385e+03 
2.227778e-01 1.546019e+03 1.591793e+03 
2.278182e-01 1.466055e+03 1.526225e+03 
2.328586e-01 1.400268e+03 1.464387e+03 
2.378990e-01 1.348019e+03 1.406010e+03 
2.429394e-01 1.306574e+03 1.350850e+03 
2.479798e-01 1.271938e+03 1.298682e+03 
2.530202e-01 1.239824e+03 1.249300e+03 
2.580606e-01 1.206563e+03 1.202518e+03 
2.631010e-01 1.169894e+03 1.158160e+03 
2.681414e-01 1.129194e+03 1.116068e+03 
2.731818e-01 1.085298e+03 1.076095e+03 
2.782222e-01 1.039987e+03 1.038106e+03 
2.832626e-01 9.954075e+02 1.001975e+03 
2.883030e-01 9.535856e+02 9.675884e+02 
2.933434e-01 9.160200e+02 9.348380e+02 
2.983838e-01 8.833805e+02 9.036253e+02 
3.034242e-01 8.554667e+02 8.738585e+02 
3.084646e-01 8.314453e+02 8.454526e+02 
3.135051e-01 8.100386e+02 8.183285e+02 
3.185455e-01 7.898570e+02 7.924125e+02 
3.235859e-01 7.697391e+02 7.676364e+02 
3.286263e-01 7.489113e+02 7.439362e+02 
3.336667e-01 7.270771e+02 7.212526e+02 
3.387071e-01 7.043968e+02 6.995300e+02 
3.437475e-01 6.813891e+02 6.787166e+02 
3.487879e-01 6.587571e+02 6.587640e+02 
3.538283e-01 6.371839e+02 6.396268e+02 
3.588687e-01 6.171609e+02 6.212626e+02 
3.639091e-01 5.988858e+02 6.036315e+02 
3.689495e-01 5.823315e+02 5.866963e+02 
3.739899e-01 5.673090e+02 5.704221e+02 
3.790303e-01 5.534576e+02 5.547758e+02 
3.840707e-01 5.403218e+02 5.397266e+02 
3.891111e-01 5.274756e+02 5.252454e+02 
3.941515e-01 5.146213e+02 5.113049e+02 
3.991919e-01 5.016453e+02 4.978794e+02 
4.042323e-01 4.885796e+02 4.849445e+02 
4.092727e-01 4.755481e+02 4.724774e+02 
4.143131e-01 4.627194e+02 4.604565e+02 
4.193535e-01 4.503088e+02 4.488614e+02 
4.243939e-01 4.385025e+02 4.376729e+02 
4.294343e-01 4.273954e+02 4.268727e+02 
4.344747e-01 4.169950e+02 4.164436e+02 
4.395152e-01 4.072370e+02 4.063694e+02 
4.445556e-01 3.980152e+02 3.966347e+02 
4.495960e-01 3.892023e+02 3.872247e+02 
4.546364e-01 3.806632e+02 3.781257e+02 
4.596768e-01 3.722799e+02 3.693245e+02 
4.647172e-01 3.639801e+02 3.608088e+02 
4.697576e-01 3.557594e+02 3.525665e+02 
4.747980e-01 3.476471e+02 3.445866e+02 
4.798384e-01 3.396863e+02 3.368584e+02 
4.848788e-01 3.319362e+02 3.293716e+02 
4.899192e-01 3.244505e+02 3.221167e+02 
4.949596e-01 3.172717e+02 3.150845e+02 
5.000000e-01 3.104162e+02 3.082662e+02 
