1.000000e-03 2.559698e+03 2.559696e+03 
6.040404e-03 1.170956e+04 1.179537e+04 
1.108081e-02 1.620696e+04 1.625954e+04 
1.612121e-02 1.784250e+04 1.781435e+04 
2.116162e-02 1.775551e+04 1.761819e+04 
2.620202e-02 1.673217e+04 1.662103e+04 
3.124242e-02 1.532754e+04 1.542223e+04 
3.628283e-02 1.390102e+04 1.424523e+04 
4.132323e-02 1.264400e+04 1.314618e+04 
4.636364e-02 1.160709e+04 1.213446e+04 
5.140404e-02 1.080205e+04 1.120840e+04 
5.644444e-02 1.013295e+04 1.036336e+04 
6.148485e-02 9.532636e+03 9.593687e+03 
6.652525e-02 8.949816e+03 8.893335e+03 
7.156566e-02 8.345096e+03 8.256233e+03 
7.660606e-02 7.715238e+03 7.676508e+03 
8.164646e-02 7.086017e+03 7.148630e+03 
8.668687e-02 6.493854e+03 6.667483e+03 
9.172727e-02 5.965358e+03 6.228397e+03 
9.676768e-02 5.514088e+03 5.827147e+03 
1.018081e-01 5.144399e+03 5.459934e+03 
1.068485e-01 4.850365e+03 5.123353e+03 
1.118889e-01 4.612432e+03 4.814365e+03 
1.169293e-01 4.404172e+03 4.530257e+03 
1.219697e-01 4.202893e+03 4.268613e+03 
1.270101e-01 3.995874e+03 4.027278e+03 
1.320505e-01 3.779866e+03 3.804330e+03 
1.370909e-01 3.558131e+03 3.598055e+03 
1.421313e-01 3.338298e+03 3.406923e+03 
1.471717e-01 3.129812e+03 3.229565e+03 
1.522121e-01 2.940606e+03 3.064754e+03 
1.572525e-01 2.775535e+03 2.911391e+03 
1.622929e-01 2.635945e+03 2.768491e+03 
1.673333e-01 2.519010e+03 2.635166e+03 
1.723737e-01 2.418679e+03 2.510618e+03 
1.774141e-01 2.327749e+03 2.394125e+03 
1.824545e-01 2.240158e+03 2.285037e+03 
1.874949e-01 2.152234e+03 2.182767e+03 
1.925354e-01 2.062196e+03 2.086779e+03 
1.975758e-01 1.970276e+03 1.996591e+03 
2.026162e-01 1.878560e+03 1.911762e+03 
2.076566e-01 1.790213e+03 1.831893e+03 
2.126970e-01 1.708070e+03 1.756619e+03 
2.177374e-01 1.633586e+03 1.685608e+03 
2.227778e-01 1.567023e+03 1.618556e+03 
2.278182e-01 1.507909e+03 1.555184e+03 
2.328586e-01 1.454935e+03 1.495237e+03 
2.378990e-01 1.406235e+03 1.438483e+03 
2.429394e-01 1.359855e+03 1.384706e+03 
2.479798e-01 1.314470e+03 1.333710e+03 
2.530202e-01 1.269469e+03 1.285311e+03 
2.580606e-01 1.224646e+03 1.239344e+03 
2.631010e-01 1.180210e+03 1.195653e+03 
2.681414e-01 1.136868e+03 1.154096e+03 
2.731818e-01 1.095535e+03 1.114541e+03 
2.782222e-01 1.056894e+03 1.076865e+03 
2.832626e-01 1.021120e+03 1.040955e+03 
2.883030e-01 9.879747e+02 1.006707e+03 
2.933434e-01 9.571690e+02 9.740225e+02 
2.983838e-01 9.283578e+02 9.428112e+02 
3.034242e-01 9.010604e+02 9.129887e+02 
3.084646e-01 8.747512e+02 8.844765e+02 
3.135051e-01 8.490401e+02 8.572016e+02 
3.185455e-01 8.237948e+02 8.310955e+02 
3.235859e-01 7.991171e+02 8.060948e+02 
3.286263e-01 7.751556e+02 7.821397e+02 
3.336667e-01 7.520122e+02 7.591748e+02 
3.387071e-01 7.298171e+02 7.371479e+02 
3.437475e-01 7.086928e+02 7.160102e+02 
3.487879e-01 6.887152e+02 6.957161e+02 
3.538283e-01 6.698394e+02 6.762227e+02 
3.588687e-01 6.518927e+02 6.574897e+02 
3.639091e-01 6.347013e+02 6.394793e+02 
3.689495e-01 6.181363e+02 6.221561e+02 
3.739899e-01 6.021110e+02 6.054865e+02 
3.790303e-01 5.865747e+02 5.894392e+02 
3.840707e-01 5.714620e+02 5.739846e+02 
3.891111e-01 5.567554e+02 5.590946e+02 
3.941515e-01 5.424909e+02 5.447430e+02 
3.991919e-01 5.287188e+02 5.309050e+02 
4.042323e-01 5.154747e+02 5.175570e+02 
4.092727e-01 5.027456e+02 5.046770e+02 
4.143131e-01 4.905086e+02 4.922440e+02 
4.193535e-01 4.787514e+02 4.802382e+02 
4.243939e-01 4.674401e+02 4.686408e+02 
4.294343e-01 4.565304e+02 4.574342e+02 
4.344747e-01 4.459662e+02 4.466014e+02 
4.395152e-01 4.357083e+02 4.361265e+02 
4.445556e-01 4.257511e+02 4.259945e+02 
4.495960e-01 4.160901e+02 4.161909e+02 
4.546364e-01 4.067112e+02 4.067023e+02 
4.596768e-01 3.976119e+02 3.975156e+02 
4.647172e-01 3.887868e+02 3.886185e+02 
4.697576e-01 3.802408e+02 3.799994e+02 
4.747980e-01 3.719784e+02 3.716472e+02 
4.798384e-01 3.639867e+02 3.635514e+02 
4.848788e-01 3.562434e+02 3.557017e+02 
4.899192e-01 3.487357e+02 3.480887e+02 
4.949596e-01 3.414557e+02 3.407033e+02 
5.000000e-01 3.343882e+02 3.335367e+02 
