1.000000e-03 2.605731e+03 2.605729e+03 
6.040404e-03 1.150271e+04 1.158425e+04 
1.108081e-02 1.564547e+04 1.564852e+04 
1.612121e-02 1.710976e+04 1.698331e+04 
2.116162e-02 1.707354e+04 1.686050e+04 
2.620202e-02 1.626195e+04 1.610043e+04 
3.124242e-02 1.513495e+04 1.512313e+04 
3.628283e-02 1.396378e+04 1.409667e+04 
4.132323e-02 1.288111e+04 1.308924e+04 
4.636364e-02 1.191565e+04 1.213135e+04 
5.140404e-02 1.108086e+04 1.123649e+04 
5.644444e-02 1.030847e+04 1.040928e+04 
6.148485e-02 9.584433e+03 9.649432e+03 
6.652525e-02 8.889145e+03 8.954060e+03 
7.156566e-02 8.220672e+03 8.318962e+03 
7.660606e-02 7.591021e+03 7.739404e+03 
8.164646e-02 7.018681e+03 7.210557e+03 
8.668687e-02 6.513044e+03 6.727750e+03 
9.172727e-02 6.070803e+03 6.286598e+03 
9.676768e-02 5.685515e+03 5.883058e+03 
1.018081e-01 5.349444e+03 5.513450e+03 
1.068485e-01 5.049087e+03 5.174451e+03 
1.118889e-01 4.768312e+03 4.863071e+03 
1.169293e-01 4.497276e+03 4.576630e+03 
1.219697e-01 4.234719e+03 4.312732e+03 
1.270101e-01 3.983959e+03 4.069234e+03 
1.320505e-01 3.749089e+03 3.844222e+03 
1.370909e-01 3.533345e+03 3.635983e+03 
1.421313e-01 3.338364e+03 3.442986e+03 
1.471717e-01 3.163335e+03 3.263861e+03 
1.522121e-01 3.005767e+03 3.097378e+03 
1.572525e-01 2.862588e+03 2.942436e+03 
1.622929e-01 2.730661e+03 2.798043e+03 
1.673333e-01 2.606490e+03 2.663309e+03 
1.723737e-01 2.487578e+03 2.537429e+03 
1.774141e-01 2.373188e+03 2.419679e+03 
1.824545e-01 2.263922e+03 2.309405e+03 
1.874949e-01 2.160569e+03 2.206013e+03 
1.925354e-01 2.063461e+03 2.108966e+03 
1.975758e-01 1.973059e+03 2.017776e+03 
2.026162e-01 1.889470e+03 1.932001e+03 
2.076566e-01 1.812090e+03 1.851237e+03 
2.126970e-01 1.739887e+03 1.775116e+03 
2.177374e-01 1.671979e+03 1.703303e+03 
2.227778e-01 1.607641e+03 1.635491e+03 
2.278182e-01 1.546289e+03 1.571400e+03 
2.328586e-01 1.487598e+03 1.510771e+03 
2.378990e-01 1.431597e+03 1.453370e+03 
2.429394e-01 1.378374e+03 1.398980e+03 
2.479798e-01 1.327806e+03 1.347400e+03 
2.530202e-01 1.279781e+03 1.298449e+03 
2.580606e-01 1.234335e+03 1.251956e+03 
2.631010e-01 1.191474e+03 1.207765e+03 
2.681414e-01 1.150955e+03 1.165732e+03 
2.731818e-01 1.112399e+03 1.125724e+03 
2.782222e-01 1.075543e+03 1.087617e+03 
2.832626e-01 1.040313e+03 1.051297e+03 
2.883030e-01 1.006675e+03 1.016658e+03 
2.933434e-01 9.744849e+02 9.836005e+02 
2.983838e-01 9.436198e+02 9.520334e+02 
3.034242e-01 9.140551e+02 9.218714e+02 
3.084646e-01 8.858197e+02 8.930352e+02 
3.135051e-01 8.588808e+02 8.654507e+02 
3.185455e-01 8.331033e+02 8.390489e+02 
3.235859e-01 8.083924e+02 8.137654e+02 
3.286263e-01 7.847176e+02 7.895399e+02 
3.336667e-01 7.620503e+02 7.663163e+02 
3.387071e-01 7.403015e+02 7.440419e+02 
3.437475e-01 7.193738e+02 7.226672e+02 
3.487879e-01 6.992357e+02 7.021460e+02 
3.538283e-01 6.798825e+02 6.824350e+02 
3.588687e-01 6.612883e+02 6.634935e+02 
3.639091e-01 6.434017e+02 6.452832e+02 
3.689495e-01 6.261771e+02 6.277681e+02 
3.739899e-01 6.095997e+02 6.109145e+02 
3.790303e-01 5.936532e+02 5.946905e+02 
3.840707e-01 5.782979e+02 5.790661e+02 
3.891111e-01 5.634853e+02 5.640132e+02 
3.941515e-01 5.491891e+02 5.495050e+02 
3.991919e-01 5.354051e+02 5.355164e+02 
4.042323e-01 5.221160e+02 5.220237e+02 
4.092727e-01 5.092809e+02 5.090045e+02 
4.143131e-01 4.968651e+02 4.964376e+02 
4.193535e-01 4.848738e+02 4.843028e+02 
4.243939e-01 4.732991e+02 4.725813e+02 
4.294343e-01 4.621147e+02 4.612551e+02 
4.344747e-01 4.512933e+02 4.503072e+02 
4.395152e-01 4.408205e+02 4.397214e+02 
4.445556e-01 4.306907e+02 4.294824e+02 
4.495960e-01 4.208925e+02 4.195758e+02 
4.546364e-01 4.114054e+02 4.099877e+02 
4.596768e-01 4.022094e+02 4.007051e+02 
4.647172e-01 3.932954e+02 3.917156e+02 
4.697576e-01 3.846632e+02 3.830072e+02 
4.747980e-01 3.763007e+02 3.745688e+02 
4.798384e-01 3.681898e+02 3.663896e+02 
4.848788e-01 3.603153e+02 3.584596e+02 
4.899192e-01 3.526720e+02 3.507689e+02 
4.949596e-01 3.452675e+02 3.433084e+02 
5.000000e-01 3.380828e+02 3.360693e+02 
