1.000000e-03 5.000986e+03 5.000981e+03 
6.040404e-03 2.284186e+04 2.302836e+04 
1.108081e-02 3.131920e+04 3.163257e+04 
1.612121e-02 3.373234e+04 3.417251e+04 
2.116162e-02 3.230942e+04 3.244809e+04 
2.620202e-02 2.877377e+04 2.847938e+04 
3.124242e-02 2.447259e+04 2.428412e+04 
3.628283e-02 2.034301e+04 2.077668e+04 
4.132323e-02 1.690535e+04 1.802444e+04 
4.636364e-02 1.431831e+04 1.585327e+04 
5.140404e-02 1.257159e+04 1.409766e+04 
5.644444e-02 1.147855e+04 1.264236e+04 
6.148485e-02 1.082658e+04 1.141165e+04 
6.652525e-02 1.040748e+04 1.035508e+04 
7.156566e-02 1.003248e+04 9.437658e+03 
7.660606e-02 9.565596e+03 8.634109e+03 
8.164646e-02 8.936954e+03 7.925413e+03 
8.668687e-02 8.152551e+03 7.296812e+03 
9.172727e-02 7.273738e+03 6.736558e+03 
9.676768e-02 6.388197e+03 6.235118e+03 
1.018081e-01 5.582467e+03 5.784632e+03 
1.068485e-01 4.919925e+03 5.378548e+03 
1.118889e-01 4.428023e+03 5.011347e+03 
1.169293e-01 4.100477e+03 4.678348e+03 
1.219697e-01 3.908606e+03 4.375549e+03 
1.270101e-01 3.812204e+03 4.099515e+03 
1.320505e-01 3.765310e+03 3.847279e+03 
1.370909e-01 3.721851e+03 3.616268e+03 
1.421313e-01 3.643877e+03 3.404242e+03 
1.471717e-01 3.509306e+03 3.209244e+03 
1.522121e-01 3.314494e+03 3.029558e+03 
1.572525e-01 3.071803e+03 2.863674e+03 
1.622929e-01 2.804689e+03 2.710260e+03 
1.673333e-01 2.541890e+03 2.568139e+03 
1.723737e-01 2.309143e+03 2.436264e+03 
1.774141e-01 2.122236e+03 2.313705e+03 
1.824545e-01 1.985911e+03 2.199635e+03 
1.874949e-01 1.896781e+03 2.093313e+03 
1.925354e-01 1.846127e+03 1.994074e+03 
1.975758e-01 1.821381e+03 1.901325e+03 
2.026162e-01 1.807351e+03 1.814528e+03 
2.076566e-01 1.789006e+03 1.733203e+03 
2.126970e-01 1.754899e+03 1.656912e+03 
2.177374e-01 1.699381e+03 1.585262e+03 
2.227778e-01 1.622794e+03 1.517897e+03 
2.278182e-01 1.530290e+03 1.454492e+03 
2.328586e-01 1.430107e+03 1.394751e+03 
2.378990e-01 1.331579e+03 1.338408e+03 
2.429394e-01 1.242929e+03 1.285217e+03 
2.479798e-01 1.169661e+03 1.234955e+03 
2.530202e-01 1.114121e+03 1.187417e+03 
2.580606e-01 1.075601e+03 1.142416e+03 
2.631010e-01 1.050914e+03 1.099781e+03 
2.681414e-01 1.035223e+03 1.059352e+03 
2.731818e-01 1.023117e+03 1.020986e+03 
2.782222e-01 1.009597e+03 9.845491e+02 
2.832626e-01 9.907965e+02 9.499173e+02 
2.883030e-01 9.645551e+02 9.169772e+02 
2.933434e-01 9.306831e+02 8.856239e+02 
2.983838e-01 8.908286e+02 8.557601e+02 
3.034242e-01 8.478854e+02 8.272958e+02 
3.084646e-01 8.051906e+02 8.001475e+02 
3.135051e-01 7.657165e+02 7.742378e+02 
3.185455e-01 7.315833e+02 7.494948e+02 
3.235859e-01 7.038988e+02 7.258516e+02 
3.286263e-01 6.826343e+02 7.032459e+02 
3.336667e-01 6.667975e+02 6.816197e+02 
3.387071e-01 6.547478e+02 6.609189e+02 
3.437475e-01 6.445584e+02 6.410931e+02 
3.487879e-01 6.343486e+02 6.220951e+02 
3.538283e-01 6.225863e+02 6.038808e+02 
3.588687e-01 6.083437e+02 5.864090e+02 
3.639091e-01 5.914154e+02 5.696412e+02 
3.689495e-01 5.722787e+02 5.535410e+02 
3.739899e-01 5.518555e+02 5.380746e+02 
3.790303e-01 5.312614e+02 5.232102e+02 
3.840707e-01 5.115834e+02 5.089179e+02 
3.891111e-01 4.937195e+02 4.951695e+02 
3.941515e-01 4.782502e+02 4.819386e+02 
3.991919e-01 4.653064e+02 4.692003e+02 
4.042323e-01 4.546120e+02 4.569313e+02 
4.092727e-01 4.456321e+02 4.451093e+02 
4.143131e-01 4.376670e+02 4.337137e+02 
4.193535e-01 4.300266e+02 4.227248e+02 
4.243939e-01 4.221253e+02 4.121240e+02 
4.294343e-01 4.135296e+02 4.018938e+02 
4.344747e-01 4.040425e+02 3.920176e+02 
4.395152e-01 3.937381e+02 3.824798e+02 
4.445556e-01 3.828943e+02 3.732656e+02 
4.495960e-01 3.719091e+02 3.643609e+02 
4.546364e-01 3.611777e+02 3.557524e+02 
4.596768e-01 3.510539e+02 3.474276e+02 
4.647172e-01 3.417987e+02 3.393744e+02 
4.697576e-01 3.335320e+02 3.315816e+02 
4.747980e-01 3.262328e+02 3.240383e+02 
4.798384e-01 3.197460e+02 3.167344e+02 
4.848788e-01 3.138202e+02 3.096601e+02 
4.899192e-01 3.081894e+02 3.028062e+02 
4.949596e-01 3.026369e+02 2.961639e+02 
5.000000e-01 2.969644e+02 2.897248e+02 
