1.000000e-03 3.002980e+03 3.002977e+03 
6.040404e-03 1.320318e+04 1.329413e+04 
1.108081e-02 1.775853e+04 1.777222e+04 
1.612121e-02 1.915205e+04 1.903311e+04 
2.116162e-02 1.880002e+04 1.858728e+04 
2.620202e-02 1.759065e+04 1.746671e+04 
3.124242e-02 1.609265e+04 1.618903e+04 
3.628283e-02 1.463483e+04 1.493019e+04 
4.132323e-02 1.336458e+04 1.374359e+04 
4.636364e-02 1.230071e+04 1.264583e+04 
5.140404e-02 1.141539e+04 1.164039e+04 
5.644444e-02 1.062542e+04 1.072486e+04 
6.148485e-02 9.874727e+03 9.893963e+03 
6.652525e-02 9.137960e+03 9.141103e+03 
7.156566e-02 8.412361e+03 8.459295e+03 
7.660606e-02 7.716427e+03 7.841658e+03 
8.164646e-02 7.077952e+03 7.281697e+03 
8.668687e-02 6.516890e+03 6.773426e+03 
9.172727e-02 6.038884e+03 6.311415e+03 
9.676768e-02 5.640233e+03 5.890788e+03 
1.018081e-01 5.307226e+03 5.507193e+03 
1.068485e-01 5.017016e+03 5.156762e+03 
1.118889e-01 4.746852e+03 4.836064e+03 
1.169293e-01 4.482279e+03 4.542058e+03 
1.219697e-01 4.218900e+03 4.272051e+03 
1.270101e-01 3.958967e+03 4.023657e+03 
1.320505e-01 3.709805e+03 3.794759e+03 
1.370909e-01 3.479754e+03 3.583479e+03 
1.421313e-01 3.273423e+03 3.388147e+03 
1.471717e-01 3.091290e+03 3.207277e+03 
1.522121e-01 2.931821e+03 3.039542e+03 
1.572525e-01 2.792170e+03 2.883761e+03 
1.622929e-01 2.667091e+03 2.738873e+03 
1.673333e-01 2.549690e+03 2.603930e+03 
1.723737e-01 2.435433e+03 2.478081e+03 
1.774141e-01 2.323347e+03 2.360561e+03 
1.824545e-01 2.214217e+03 2.250681e+03 
1.874949e-01 2.108981e+03 2.147818e+03 
1.925354e-01 2.008870e+03 2.051410e+03 
1.975758e-01 1.915748e+03 1.960951e+03 
2.026162e-01 1.830846e+03 1.875978e+03 
2.076566e-01 1.753839e+03 1.796073e+03 
2.126970e-01 1.683286e+03 1.720856e+03 
2.177374e-01 1.617761e+03 1.649981e+03 
2.227778e-01 1.556114e+03 1.583132e+03 
2.278182e-01 1.497335e+03 1.520020e+03 
2.328586e-01 1.440694e+03 1.460383e+03 
2.378990e-01 1.385909e+03 1.403977e+03 
2.429394e-01 1.333068e+03 1.350583e+03 
2.479798e-01 1.282472e+03 1.299997e+03 
2.530202e-01 1.234472e+03 1.252032e+03 
2.580606e-01 1.189329e+03 1.206517e+03 
2.631010e-01 1.147050e+03 1.163292e+03 
2.681414e-01 1.107384e+03 1.122212e+03 
2.731818e-01 1.069990e+03 1.083143e+03 
2.782222e-01 1.034501e+03 1.045959e+03 
2.832626e-01 1.000624e+03 1.010544e+03 
2.883030e-01 9.681274e+02 9.767934e+02 
2.933434e-01 9.368647e+02 9.446065e+02 
2.983838e-01 9.067895e+02 9.138915e+02 
3.034242e-01 8.779036e+02 8.845631e+02 
3.084646e-01 8.502211e+02 8.565416e+02 
3.135051e-01 8.237930e+02 8.297532e+02 
3.185455e-01 7.986096e+02 8.041287e+02 
3.235859e-01 7.746058e+02 7.796040e+02 
3.286263e-01 7.516872e+02 7.561190e+02 
3.336667e-01 7.297760e+02 7.336175e+02 
3.387071e-01 7.087914e+02 7.120472e+02 
3.437475e-01 6.886284e+02 6.913591e+02 
3.487879e-01 6.691994e+02 6.715071e+02 
3.538283e-01 6.504680e+02 6.524483e+02 
3.588687e-01 6.324474e+02 6.341422e+02 
3.639091e-01 6.151185e+02 6.165511e+02 
3.689495e-01 5.984412e+02 5.996392e+02 
3.739899e-01 5.823882e+02 5.833733e+02 
3.790303e-01 5.669524e+02 5.677217e+02 
3.840707e-01 5.521241e+02 5.526550e+02 
3.891111e-01 5.378609e+02 5.381453e+02 
3.941515e-01 5.241085e+02 5.241662e+02 
3.991919e-01 5.108351e+02 5.106931e+02 
4.042323e-01 4.980285e+02 4.977025e+02 
4.092727e-01 4.856707e+02 4.851724e+02 
4.143131e-01 4.737293e+02 4.730820e+02 
4.193535e-01 4.621802e+02 4.614116e+02 
4.243939e-01 4.510232e+02 4.501425e+02 
4.294343e-01 4.402517e+02 4.392571e+02 
4.344747e-01 4.298461e+02 4.287387e+02 
4.395152e-01 4.197791e+02 4.185716e+02 
4.445556e-01 4.100419e+02 4.087407e+02 
4.495960e-01 4.006272e+02 3.992318e+02 
4.546364e-01 3.915169e+02 3.900314e+02 
4.596768e-01 3.826932e+02 3.811268e+02 
4.647172e-01 3.741418e+02 3.725057e+02 
4.697576e-01 3.658569e+02 3.641567e+02 
4.747980e-01 3.578301e+02 3.560688e+02 
4.798384e-01 3.500464e+02 3.482315e+02 
4.848788e-01 3.424948e+02 3.406349e+02 
4.899192e-01 3.351704e+02 3.332695e+02 
4.949596e-01 3.280701e+02 3.261264e+02 
5.000000e-01 3.211846e+02 3.191969e+02 
