1.000000e-03 3.719329e+03 3.719325e+03 
6.040404e-03 1.665668e+04 1.678485e+04 
1.108081e-02 2.275007e+04 2.290012e+04 
1.612121e-02 2.461313e+04 2.474017e+04 
2.116162e-02 2.390066e+04 2.383182e+04 
2.620202e-02 2.180930e+04 2.165117e+04 
3.124242e-02 1.922289e+04 1.932785e+04 
3.628283e-02 1.672712e+04 1.727925e+04 
4.132323e-02 1.463506e+04 1.554074e+04 
4.636364e-02 1.303124e+04 1.405721e+04 
5.140404e-02 1.190077e+04 1.277470e+04 
5.644444e-02 1.110717e+04 1.165360e+04 
6.148485e-02 1.050715e+04 1.066554e+04 
6.652525e-02 9.971744e+03 9.789490e+03 
7.156566e-02 9.399343e+03 9.009125e+03 
7.660606e-02 8.741881e+03 8.311342e+03 
8.164646e-02 8.006630e+03 7.685337e+03 
8.668687e-02 7.241063e+03 7.122053e+03 
9.172727e-02 6.503476e+03 6.613803e+03 
9.676768e-02 5.845312e+03 6.154019e+03 
1.018081e-01 5.303153e+03 5.737048e+03 
1.068485e-01 4.891350e+03 5.358008e+03 
1.118889e-01 4.599053e+03 5.012667e+03 
1.169293e-01 4.395483e+03 4.697341e+03 
1.219697e-01 4.242802e+03 4.408815e+03 
1.270101e-01 4.105717e+03 4.144279e+03 
1.320505e-01 3.956059e+03 3.901266e+03 
1.370909e-01 3.776684e+03 3.677605e+03 
1.421313e-01 3.564154e+03 3.471385e+03 
1.471717e-01 3.327714e+03 3.280915e+03 
1.522121e-01 3.083967e+03 3.104696e+03 
1.572525e-01 2.851012e+03 2.941401e+03 
1.622929e-01 2.644438e+03 2.789845e+03 
1.673333e-01 2.474365e+03 2.648975e+03 
1.723737e-01 2.343333e+03 2.517847e+03 
1.774141e-01 2.246239e+03 2.395617e+03 
1.824545e-01 2.173512e+03 2.281529e+03 
1.874949e-01 2.114260e+03 2.174903e+03 
1.925354e-01 2.057925e+03 2.075124e+03 
1.975758e-01 1.995911e+03 1.981641e+03 
2.026162e-01 1.922930e+03 1.893954e+03 
2.076566e-01 1.838513e+03 1.811609e+03 
2.126970e-01 1.746043e+03 1.734199e+03 
2.177374e-01 1.651165e+03 1.661348e+03 
2.227778e-01 1.559796e+03 1.592719e+03 
2.278182e-01 1.476927e+03 1.528004e+03 
2.328586e-01 1.405797e+03 1.466919e+03 
2.378990e-01 1.347289e+03 1.409208e+03 
2.429394e-01 1.300239e+03 1.354636e+03 
2.479798e-01 1.262050e+03 1.302985e+03 
2.530202e-01 1.229268e+03 1.254059e+03 
2.580606e-01 1.198211e+03 1.207675e+03 
2.631010e-01 1.165746e+03 1.163667e+03 
2.681414e-01 1.130031e+03 1.121879e+03 
2.731818e-01 1.090860e+03 1.082170e+03 
2.782222e-01 1.049247e+03 1.044409e+03 
2.832626e-01 1.006742e+03 1.008475e+03 
2.883030e-01 9.650889e+02 9.742546e+02 
2.933434e-01 9.260152e+02 9.416451e+02 
2.983838e-01 8.908635e+02 9.105500e+02 
3.034242e-01 8.602136e+02 8.808798e+02 
3.084646e-01 8.338194e+02 8.525517e+02 
3.135051e-01 8.108244e+02 8.254885e+02 
3.185455e-01 7.901287e+02 7.996184e+02 
3.235859e-01 7.706409e+02 7.748744e+02 
3.286263e-01 7.513293e+02 7.511943e+02 
3.336667e-01 7.314324e+02 7.285198e+02 
3.387071e-01 7.106398e+02 7.067965e+02 
3.437475e-01 6.890981e+02 6.859738e+02 
3.487879e-01 6.672921e+02 6.660039e+02 
3.538283e-01 6.458335e+02 6.468426e+02 
3.588687e-01 6.252622e+02 6.284480e+02 
3.639091e-01 6.059992e+02 6.107810e+02 
3.689495e-01 5.883252e+02 5.938050e+02 
3.739899e-01 5.722866e+02 5.774856e+02 
3.790303e-01 5.576781e+02 5.617903e+02 
3.840707e-01 5.441686e+02 5.466887e+02 
3.891111e-01 5.313914e+02 5.321523e+02 
3.941515e-01 5.189918e+02 5.181539e+02 
3.991919e-01 5.066906e+02 5.046682e+02 
4.042323e-01 4.943167e+02 4.916713e+02 
4.092727e-01 4.818316e+02 4.791404e+02 
4.143131e-01 4.693393e+02 4.670544e+02 
4.193535e-01 4.570232e+02 4.553930e+02 
4.243939e-01 4.450655e+02 4.441372e+02 
4.294343e-01 4.336042e+02 4.332690e+02 
4.344747e-01 4.227356e+02 4.227713e+02 
4.395152e-01 4.125158e+02 4.126280e+02 
4.445556e-01 4.029386e+02 4.028238e+02 
4.495960e-01 3.939143e+02 3.933443e+02 
4.546364e-01 3.852966e+02 3.841756e+02 
4.596768e-01 3.769654e+02 3.753048e+02 
4.647172e-01 3.688394e+02 3.667195e+02 
4.697576e-01 3.608462e+02 3.584079e+02 
4.747980e-01 3.529358e+02 3.503590e+02 
4.798384e-01 3.451027e+02 3.425620e+02 
4.848788e-01 3.373813e+02 3.350069e+02 
4.899192e-01 3.298346e+02 3.276841e+02 
4.949596e-01 3.225305e+02 3.205845e+02 
5.000000e-01 3.154904e+02 3.136994e+02 
