1.000000e-03 3.090146e+03 3.090144e+03 
6.040404e-03 1.385006e+04 1.395146e+04 
1.108081e-02 1.894701e+04 1.902051e+04 
1.612121e-02 2.062953e+04 2.062128e+04 
2.116162e-02 2.028620e+04 2.014427e+04 
2.620202e-02 1.887407e+04 1.876029e+04 
3.124242e-02 1.706684e+04 1.720972e+04 
3.628283e-02 1.529405e+04 1.574922e+04 
4.132323e-02 1.377378e+04 1.442532e+04 
4.636364e-02 1.256363e+04 1.323284e+04 
5.140404e-02 1.165288e+04 1.215890e+04 
5.644444e-02 1.091948e+04 1.119112e+04 
6.148485e-02 1.027670e+04 1.031842e+04 
6.652525e-02 9.647349e+03 9.530825e+03 
7.156566e-02 8.983488e+03 8.819311e+03 
7.660606e-02 8.280466e+03 8.175739e+03 
8.164646e-02 7.569723e+03 7.592790e+03 
8.668687e-02 6.895919e+03 7.063920e+03 
9.172727e-02 6.293935e+03 6.583304e+03 
9.676768e-02 5.784957e+03 6.145770e+03 
1.018081e-01 5.377102e+03 5.746741e+03 
1.068485e-01 5.062353e+03 5.382167e+03 
1.118889e-01 4.815959e+03 5.048470e+03 
1.169293e-01 4.605425e+03 4.742486e+03 
1.219697e-01 4.402873e+03 4.461417e+03 
1.270101e-01 4.191699e+03 4.202787e+03 
1.320505e-01 3.965641e+03 3.964400e+03 
1.370909e-01 3.727195e+03 3.744310e+03 
1.421313e-01 3.486314e+03 3.540784e+03 
1.471717e-01 3.255715e+03 3.352283e+03 
1.522121e-01 3.046098e+03 3.177433e+03 
1.572525e-01 2.864634e+03 3.015007e+03 
1.622929e-01 2.713890e+03 2.863908e+03 
1.673333e-01 2.591061e+03 2.723151e+03 
1.723737e-01 2.488991e+03 2.591854e+03 
1.774141e-01 2.398666e+03 2.469223e+03 
1.824545e-01 2.312123e+03 2.354542e+03 
1.874949e-01 2.224197e+03 2.247167e+03 
1.925354e-01 2.132076e+03 2.146514e+03 
1.975758e-01 2.035677e+03 2.052054e+03 
2.026162e-01 1.937676e+03 1.963311e+03 
2.076566e-01 1.842161e+03 1.879847e+03 
2.126970e-01 1.752870e+03 1.801270e+03 
2.177374e-01 1.672200e+03 1.727217e+03 
2.227778e-01 1.601117e+03 1.657362e+03 
2.278182e-01 1.539274e+03 1.591404e+03 
2.328586e-01 1.485076e+03 1.529069e+03 
2.378990e-01 1.436102e+03 1.470106e+03 
2.429394e-01 1.389933e+03 1.414284e+03 
2.479798e-01 1.344770e+03 1.361391e+03 
2.530202e-01 1.299410e+03 1.311235e+03 
2.580606e-01 1.253286e+03 1.263635e+03 
2.631010e-01 1.206746e+03 1.218426e+03 
2.681414e-01 1.160926e+03 1.175457e+03 
2.731818e-01 1.117088e+03 1.134587e+03 
2.782222e-01 1.076070e+03 1.095685e+03 
2.832626e-01 1.038204e+03 1.058633e+03 
2.883030e-01 1.003520e+03 1.023317e+03 
2.933434e-01 9.718346e+02 9.896359e+02 
2.983838e-01 9.426566e+02 9.574925e+02 
3.034242e-01 9.152173e+02 9.267979e+02 
3.084646e-01 8.887568e+02 8.974692e+02 
3.135051e-01 8.627831e+02 8.694291e+02 
3.185455e-01 8.371442e+02 8.426057e+02 
3.235859e-01 8.118624e+02 8.169319e+02 
3.286263e-01 7.870291e+02 7.923450e+02 
3.336667e-01 7.628480e+02 7.687865e+02 
3.387071e-01 7.396312e+02 7.462017e+02 
3.437475e-01 7.176468e+02 7.245394e+02 
3.487879e-01 6.969788e+02 7.037515e+02 
3.538283e-01 6.775460e+02 6.837932e+02 
3.588687e-01 6.591886e+02 6.646223e+02 
3.639091e-01 6.417279e+02 6.461992e+02 
3.689495e-01 6.250084e+02 6.284868e+02 
3.739899e-01 6.088491e+02 6.114501e+02 
3.790303e-01 5.930965e+02 5.950562e+02 
3.840707e-01 5.776841e+02 5.792742e+02 
3.891111e-01 5.626369e+02 5.640751e+02 
3.941515e-01 5.480086e+02 5.494313e+02 
3.991919e-01 5.338389e+02 5.353170e+02 
4.042323e-01 5.201735e+02 5.217078e+02 
4.092727e-01 5.070621e+02 5.085805e+02 
4.143131e-01 4.945283e+02 4.959134e+02 
4.193535e-01 4.825481e+02 4.836860e+02 
4.243939e-01 4.710470e+02 4.718786e+02 
4.294343e-01 4.599634e+02 4.604730e+02 
4.344747e-01 4.492521e+02 4.494516e+02 
4.395152e-01 4.388777e+02 4.387980e+02 
4.445556e-01 4.287958e+02 4.284963e+02 
4.495960e-01 4.189735e+02 4.185319e+02 
4.546364e-01 4.094099e+02 4.088905e+02 
4.596768e-01 4.001198e+02 3.995588e+02 
4.647172e-01 3.911201e+02 3.905241e+02 
4.697576e-01 3.824111e+02 3.817743e+02 
4.747980e-01 3.739826e+02 3.732979e+02 
4.798384e-01 3.658322e+02 3.650840e+02 
4.848788e-01 3.579645e+02 3.571221e+02 
4.899192e-01 3.503607e+02 3.494025e+02 
4.949596e-01 3.429922e+02 3.419157e+02 
5.000000e-01 3.358326e+02 3.346526e+02 
