1.000000e-03 3.286077e+03 3.286074e+03 
6.040404e-03 1.454313e+04 1.464946e+04 
1.108081e-02 1.973107e+04 1.980491e+04 
1.612121e-02 2.134113e+04 2.132554e+04 
2.116162e-02 2.086797e+04 2.071473e+04 
2.620202e-02 1.932132e+04 1.920747e+04 
3.124242e-02 1.740141e+04 1.756023e+04 
3.628283e-02 1.554576e+04 1.602458e+04 
4.132323e-02 1.397229e+04 1.464117e+04 
4.636364e-02 1.273278e+04 1.340097e+04 
5.140404e-02 1.178563e+04 1.228854e+04 
5.644444e-02 1.103414e+04 1.128965e+04 
6.148485e-02 1.036858e+04 1.039173e+04 
6.652525e-02 9.712998e+03 9.583682e+03 
7.156566e-02 9.023464e+03 8.855560e+03 
7.660606e-02 8.298765e+03 8.198493e+03 
8.164646e-02 7.571747e+03 7.604579e+03 
8.668687e-02 6.887117e+03 7.066805e+03 
9.172727e-02 6.279755e+03 6.578967e+03 
9.676768e-02 5.770861e+03 6.135589e+03 
1.018081e-01 5.366599e+03 5.731845e+03 
1.068485e-01 5.055361e+03 5.363486e+03 
1.118889e-01 4.809562e+03 5.026770e+03 
1.169293e-01 4.596335e+03 4.718398e+03 
1.219697e-01 4.389241e+03 4.435465e+03 
1.270101e-01 4.172230e+03 4.175403e+03 
1.320505e-01 3.939759e+03 3.935943e+03 
1.370909e-01 3.695986e+03 3.715075e+03 
1.421313e-01 3.452331e+03 3.511019e+03 
1.471717e-01 3.221823e+03 3.322191e+03 
1.522121e-01 3.014335e+03 3.147182e+03 
1.572525e-01 2.835955e+03 2.984736e+03 
1.622929e-01 2.688582e+03 2.833731e+03 
1.673333e-01 2.568730e+03 2.693163e+03 
1.723737e-01 2.468336e+03 2.562131e+03 
1.774141e-01 2.377958e+03 2.439827e+03 
1.824545e-01 2.290062e+03 2.325524e+03 
1.874949e-01 2.200033e+03 2.218566e+03 
1.925354e-01 2.105995e+03 2.118361e+03 
1.975758e-01 2.008238e+03 2.024375e+03 
2.026162e-01 1.909689e+03 1.936122e+03 
2.076566e-01 1.814620e+03 1.853162e+03 
2.126970e-01 1.726666e+03 1.775097e+03 
2.177374e-01 1.647897e+03 1.701562e+03 
2.227778e-01 1.578806e+03 1.632227e+03 
2.278182e-01 1.518553e+03 1.566788e+03 
2.328586e-01 1.465315e+03 1.504971e+03 
2.378990e-01 1.416742e+03 1.446520e+03 
2.429394e-01 1.370586e+03 1.391206e+03 
2.479798e-01 1.325087e+03 1.338815e+03 
2.530202e-01 1.279119e+03 1.289152e+03 
2.580606e-01 1.232492e+03 1.242037e+03 
2.631010e-01 1.185892e+03 1.197305e+03 
2.681414e-01 1.140504e+03 1.154803e+03 
2.731818e-01 1.097395e+03 1.114391e+03 
2.782222e-01 1.057189e+03 1.075937e+03 
2.832626e-01 1.020182e+03 1.039322e+03 
2.883030e-01 9.863940e+02 1.004435e+03 
2.933434e-01 9.554638e+02 9.711711e+02 
2.983838e-01 9.267559e+02 9.394353e+02 
3.034242e-01 8.994765e+02 9.091382e+02 
3.084646e-01 8.730386e+02 8.801972e+02 
3.135051e-01 8.471158e+02 8.525349e+02 
3.185455e-01 8.215356e+02 8.260798e+02 
3.235859e-01 7.963187e+02 8.007646e+02 
3.286263e-01 7.716426e+02 7.765271e+02 
3.336667e-01 7.477944e+02 7.533089e+02 
3.387071e-01 7.250620e+02 7.310554e+02 
3.437475e-01 7.035718e+02 7.097156e+02 
3.487879e-01 6.833446e+02 6.892418e+02 
3.538283e-01 6.642978e+02 6.695892e+02 
3.588687e-01 6.462873e+02 6.507159e+02 
3.639091e-01 6.291194e+02 6.325825e+02 
3.689495e-01 6.125878e+02 6.151520e+02 
3.739899e-01 5.965416e+02 5.983898e+02 
3.790303e-01 5.809064e+02 5.822632e+02 
3.840707e-01 5.656598e+02 5.667415e+02 
3.891111e-01 5.508032e+02 5.517957e+02 
3.941515e-01 5.363656e+02 5.373985e+02 
3.991919e-01 5.224129e+02 5.235244e+02 
4.042323e-01 5.090153e+02 5.101490e+02 
4.092727e-01 4.962013e+02 4.972495e+02 
4.143131e-01 4.839378e+02 4.848042e+02 
4.193535e-01 4.721657e+02 4.727929e+02 
4.243939e-01 4.608537e+02 4.611960e+02 
4.294343e-01 4.499616e+02 4.499955e+02 
4.344747e-01 4.394297e+02 4.391739e+02 
4.395152e-01 4.292004e+02 4.287150e+02 
4.445556e-01 4.192397e+02 4.186031e+02 
4.495960e-01 4.095533e+02 4.088236e+02 
4.546364e-01 4.001595e+02 3.993626e+02 
4.596768e-01 3.910446e+02 3.902067e+02 
4.647172e-01 3.822046e+02 3.813434e+02 
4.697576e-01 3.736466e+02 3.727608e+02 
4.747980e-01 3.653866e+02 3.644474e+02 
4.798384e-01 3.574197e+02 3.563926e+02 
4.848788e-01 3.497094e+02 3.485859e+02 
4.899192e-01 3.422354e+02 3.410177e+02 
4.949596e-01 3.349907e+02 3.336786e+02 
5.000000e-01 3.279630e+02 3.265598e+02 
