1.000000e-03 2.935302e+03 2.935299e+03 
6.040404e-03 1.263107e+04 1.271884e+04 
1.108081e-02 1.700224e+04 1.700880e+04 
1.612121e-02 1.843652e+04 1.830937e+04 
2.116162e-02 1.824662e+04 1.802924e+04 
2.620202e-02 1.723852e+04 1.708900e+04 
3.124242e-02 1.592311e+04 1.595380e+04 
3.628283e-02 1.459879e+04 1.479771e+04 
4.132323e-02 1.340479e+04 1.368434e+04 
4.636364e-02 1.237376e+04 1.263918e+04 
5.140404e-02 1.148179e+04 1.167179e+04 
5.644444e-02 1.067782e+04 1.078385e+04 
6.148485e-02 9.919737e+03 9.972847e+03 
6.652525e-02 9.187917e+03 9.234160e+03 
7.156566e-02 8.477635e+03 8.562215e+03 
7.660606e-02 7.804719e+03 7.951176e+03 
8.164646e-02 7.192089e+03 7.395329e+03 
8.668687e-02 6.652332e+03 6.889278e+03 
9.172727e-02 6.184834e+03 6.428048e+03 
9.676768e-02 5.783755e+03 6.007107e+03 
1.018081e-01 5.439466e+03 5.622375e+03 
1.068485e-01 5.134943e+03 5.270189e+03 
1.118889e-01 4.850684e+03 4.947282e+03 
1.169293e-01 4.574746e+03 4.650738e+03 
1.219697e-01 4.304963e+03 4.377965e+03 
1.270101e-01 4.044925e+03 4.126652e+03 
1.320505e-01 3.799336e+03 3.894743e+03 
1.370909e-01 3.573221e+03 3.680407e+03 
1.421313e-01 3.369552e+03 3.482008e+03 
1.471717e-01 3.188173e+03 3.298090e+03 
1.522121e-01 3.026659e+03 3.127346e+03 
1.572525e-01 2.881670e+03 2.968611e+03 
1.622929e-01 2.749255e+03 2.820836e+03 
1.673333e-01 2.624836e+03 2.683082e+03 
1.723737e-01 2.505110e+03 2.554503e+03 
1.774141e-01 2.389120e+03 2.434338e+03 
1.824545e-01 2.277537e+03 2.321900e+03 
1.874949e-01 2.171298e+03 2.216569e+03 
1.925354e-01 2.071211e+03 2.117781e+03 
1.975758e-01 1.978168e+03 2.025028e+03 
2.026162e-01 1.892559e+03 1.937849e+03 
2.076566e-01 1.813854e+03 1.855822e+03 
2.126970e-01 1.740942e+03 1.778565e+03 
2.177374e-01 1.672736e+03 1.705730e+03 
2.227778e-01 1.608238e+03 1.636998e+03 
2.278182e-01 1.546629e+03 1.572079e+03 
2.328586e-01 1.487546e+03 1.510705e+03 
2.378990e-01 1.430979e+03 1.452634e+03 
2.429394e-01 1.376985e+03 1.397640e+03 
2.479798e-01 1.325565e+03 1.345517e+03 
2.530202e-01 1.276729e+03 1.296078e+03 
2.580606e-01 1.230649e+03 1.249146e+03 
2.631010e-01 1.187352e+03 1.204562e+03 
2.681414e-01 1.146554e+03 1.162177e+03 
2.731818e-01 1.107814e+03 1.121853e+03 
2.782222e-01 1.070841e+03 1.083464e+03 
2.832626e-01 1.035551e+03 1.046893e+03 
2.883030e-01 1.001824e+03 1.012029e+03 
2.933434e-01 9.694783e+02 9.787727e+02 
2.983838e-01 9.384056e+02 9.470295e+02 
3.034242e-01 9.086367e+02 9.167122e+02 
3.084646e-01 8.802249e+02 8.877395e+02 
3.135051e-01 8.531126e+02 8.600358e+02 
3.185455e-01 8.271929e+02 8.335305e+02 
3.235859e-01 8.023916e+02 8.081578e+02 
3.286263e-01 7.786773e+02 7.838562e+02 
3.336667e-01 7.559995e+02 7.605683e+02 
3.387071e-01 7.342374e+02 7.382404e+02 
3.437475e-01 7.132942e+02 7.168221e+02 
3.487879e-01 6.931420e+02 6.962663e+02 
3.538283e-01 6.737745e+02 6.765288e+02 
3.588687e-01 6.551604e+02 6.575683e+02 
3.639091e-01 6.372475e+02 6.393457e+02 
3.689495e-01 6.200023e+02 6.218246e+02 
3.739899e-01 6.034231e+02 6.049706e+02 
3.790303e-01 5.874900e+02 5.887513e+02 
3.840707e-01 5.721499e+02 5.731363e+02 
3.891111e-01 5.573519e+02 5.580969e+02 
3.941515e-01 5.430828e+02 5.436061e+02 
3.991919e-01 5.293387e+02 5.296384e+02 
4.042323e-01 5.160802e+02 5.161697e+02 
4.092727e-01 5.032687e+02 5.031773e+02 
4.143131e-01 4.908853e+02 4.906398e+02 
4.193535e-01 4.789272e+02 4.785367e+02 
4.243939e-01 4.673909e+02 4.668490e+02 
4.294343e-01 4.562452e+02 4.555584e+02 
4.344747e-01 4.454550e+02 4.446478e+02 
4.395152e-01 4.350190e+02 4.341008e+02 
4.445556e-01 4.249394e+02 4.239019e+02 
4.495960e-01 4.151901e+02 4.140365e+02 
4.546364e-01 4.057433e+02 4.044907e+02 
4.596768e-01 3.965910e+02 3.952512e+02 
4.647172e-01 3.877285e+02 3.863056e+02 
4.697576e-01 3.791454e+02 3.776418e+02 
4.747980e-01 3.708265e+02 3.692485e+02 
4.798384e-01 3.627569e+02 3.611150e+02 
4.848788e-01 3.549272e+02 3.532310e+02 
4.899192e-01 3.473396e+02 3.455866e+02 
4.949596e-01 3.399838e+02 3.381727e+02 
5.000000e-01 3.328419e+02 3.309803e+02 
