1.000000e-03 3.846330e+03 3.846327e+03 
6.040404e-03 1.723037e+04 1.736360e+04 
1.108081e-02 2.353016e+04 2.370122e+04 
1.612121e-02 2.541556e+04 2.558378e+04 
2.116162e-02 2.459448e+04 2.454929e+04 
2.620202e-02 2.232122e+04 2.214483e+04 
3.124242e-02 1.953248e+04 1.960794e+04 
3.628283e-02 1.685369e+04 1.740400e+04 
4.132323e-02 1.461982e+04 1.556423e+04 
4.636364e-02 1.292035e+04 1.401697e+04 
5.140404e-02 1.174274e+04 1.269469e+04 
5.644444e-02 1.093818e+04 1.154898e+04 
6.148485e-02 1.035479e+04 1.054601e+04 
6.652525e-02 9.853576e+03 9.661385e+03 
7.156566e-02 9.318241e+03 8.876659e+03 
7.660606e-02 8.689409e+03 8.177359e+03 
8.164646e-02 7.967129e+03 7.551770e+03 
8.668687e-02 7.197342e+03 6.990217e+03 
9.172727e-02 6.441803e+03 6.484590e+03 
9.676768e-02 5.758014e+03 6.028017e+03 
1.018081e-01 5.189383e+03 5.614636e+03 
1.068485e-01 4.756468e+03 5.239413e+03 
1.118889e-01 4.452174e+03 4.898005e+03 
1.169293e-01 4.247704e+03 4.586649e+03 
1.219697e-01 4.104937e+03 4.302077e+03 
1.270101e-01 3.986121e+03 4.041436e+03 
1.320505e-01 3.859201e+03 3.802231e+03 
1.370909e-01 3.702091e+03 3.582274e+03 
1.421313e-01 3.506918e+03 3.379638e+03 
1.471717e-01 3.280042e+03 3.192626e+03 
1.522121e-01 3.037519e+03 3.019736e+03 
1.572525e-01 2.799133e+03 2.859637e+03 
1.622929e-01 2.583146e+03 2.711146e+03 
1.673333e-01 2.402765e+03 2.573211e+03 
1.723737e-01 2.263199e+03 2.444892e+03 
1.774141e-01 2.161343e+03 2.325349e+03 
1.824545e-01 2.088738e+03 2.213829e+03 
1.874949e-01 2.034439e+03 2.109656e+03 
1.925354e-01 1.986813e+03 2.012221e+03 
1.975758e-01 1.935446e+03 1.920976e+03 
2.026162e-01 1.873064e+03 1.835427e+03 
2.076566e-01 1.797101e+03 1.755126e+03 
2.126970e-01 1.709838e+03 1.679666e+03 
2.177374e-01 1.616511e+03 1.608681e+03 
2.227778e-01 1.523502e+03 1.541834e+03 
2.278182e-01 1.436982e+03 1.478822e+03 
2.328586e-01 1.361564e+03 1.419367e+03 
2.378990e-01 1.299368e+03 1.363214e+03 
2.429394e-01 1.250145e+03 1.310133e+03 
2.479798e-01 1.211827e+03 1.259909e+03 
2.530202e-01 1.181038e+03 1.212350e+03 
2.580606e-01 1.153743e+03 1.167274e+03 
2.631010e-01 1.126076e+03 1.124520e+03 
2.681414e-01 1.095276e+03 1.083934e+03 
2.731818e-01 1.060277e+03 1.045377e+03 
2.782222e-01 1.021532e+03 1.008721e+03 
2.832626e-01 9.803898e+02 9.738473e+02 
2.883030e-01 9.386905e+02 9.406452e+02 
2.933434e-01 8.985417e+02 9.090132e+02 
2.983838e-01 8.618141e+02 8.788570e+02 
3.034242e-01 8.296698e+02 8.500893e+02 
3.084646e-01 8.023265e+02 8.226286e+02 
3.135051e-01 7.792058e+02 7.963996e+02 
3.185455e-01 7.592683e+02 7.713320e+02 
3.235859e-01 7.413108e+02 7.473604e+02 
3.286263e-01 7.240626e+02 7.244238e+02 
3.336667e-01 7.064127e+02 7.024654e+02 
3.387071e-01 6.876867e+02 6.814320e+02 
3.437475e-01 6.677488e+02 6.612741e+02 
3.487879e-01 6.469444e+02 6.419453e+02 
3.538283e-01 6.258825e+02 6.234021e+02 
3.588687e-01 6.052252e+02 6.056038e+02 
3.639091e-01 5.855848e+02 5.885124e+02 
3.689495e-01 5.674495e+02 5.720920e+02 
3.739899e-01 5.510722e+02 5.563091e+02 
3.790303e-01 5.364155e+02 5.411320e+02 
3.840707e-01 5.232152e+02 5.265312e+02 
3.891111e-01 5.110726e+02 5.124788e+02 
3.941515e-01 4.995552e+02 4.989484e+02 
3.991919e-01 4.882721e+02 4.859153e+02 
4.042323e-01 4.769200e+02 4.733563e+02 
4.092727e-01 4.653227e+02 4.612492e+02 
4.143131e-01 4.534967e+02 4.495734e+02 
4.193535e-01 4.416062e+02 4.383092e+02 
4.243939e-01 4.298511e+02 4.274381e+02 
4.294343e-01 4.184374e+02 4.169426e+02 
4.344747e-01 4.075409e+02 4.068061e+02 
4.395152e-01 3.972892e+02 3.970130e+02 
4.445556e-01 3.877505e+02 3.875482e+02 
4.495960e-01 3.788865e+02 3.783979e+02 
4.546364e-01 3.705685e+02 3.695487e+02 
4.596768e-01 3.626523e+02 3.609878e+02 
4.647172e-01 3.550053e+02 3.527033e+02 
4.697576e-01 3.475152e+02 3.446838e+02 
4.747980e-01 3.400934e+02 3.369184e+02 
4.798384e-01 3.326787e+02 3.293969e+02 
4.848788e-01 3.252872e+02 3.221094e+02 
4.899192e-01 3.179798e+02 3.150466e+02 
4.949596e-01 3.108325e+02 3.081998e+02 
5.000000e-01 3.038976e+02 3.015603e+02 
