1.000000e-03 3.413372e+03 3.413369e+03 
6.040404e-03 1.543398e+04 1.555327e+04 
1.108081e-02 2.126314e+04 2.140309e+04 
1.612121e-02 2.319458e+04 2.331791e+04 
2.116162e-02 2.270834e+04 2.265493e+04 
2.620202e-02 2.088759e+04 2.073321e+04 
3.124242e-02 1.854452e+04 1.860905e+04 
3.628283e-02 1.623078e+04 1.670453e+04 
4.132323e-02 1.425395e+04 1.507371e+04 
4.636364e-02 1.271327e+04 1.367389e+04 
5.140404e-02 1.160598e+04 1.245816e+04 
5.644444e-02 1.082504e+04 1.139118e+04 
6.148485e-02 1.023436e+04 1.044742e+04 
6.652525e-02 9.723698e+03 9.607883e+03 
7.156566e-02 9.191417e+03 8.857786e+03 
7.660606e-02 8.583895e+03 8.185206e+03 
8.164646e-02 7.899699e+03 7.580271e+03 
8.668687e-02 7.178313e+03 7.034663e+03 
9.172727e-02 6.472857e+03 6.541292e+03 
9.676768e-02 5.831232e+03 6.094067e+03 
1.018081e-01 5.289395e+03 5.687726e+03 
1.068485e-01 4.866466e+03 5.317705e+03 
1.118889e-01 4.559171e+03 4.980031e+03 
1.169293e-01 4.343624e+03 4.671235e+03 
1.219697e-01 4.185267e+03 4.388281e+03 
1.270101e-01 4.050047e+03 4.128504e+03 
1.320505e-01 3.910300e+03 3.889560e+03 
1.370909e-01 3.747369e+03 3.669382e+03 
1.421313e-01 3.553928e+03 3.466144e+03 
1.471717e-01 3.334506e+03 3.278226e+03 
1.522121e-01 3.102445e+03 3.104194e+03 
1.572525e-01 2.874440e+03 2.942768e+03 
1.622929e-01 2.666286e+03 2.792811e+03 
1.673333e-01 2.489557e+03 2.653305e+03 
1.723737e-01 2.349066e+03 2.523339e+03 
1.774141e-01 2.242669e+03 2.402096e+03 
1.824545e-01 2.163088e+03 2.288844e+03 
1.874949e-01 2.100742e+03 2.182921e+03 
1.925354e-01 2.045580e+03 2.083733e+03 
1.975758e-01 1.988472e+03 1.990741e+03 
2.026162e-01 1.922917e+03 1.903458e+03 
2.076566e-01 1.846431e+03 1.821444e+03 
2.126970e-01 1.760670e+03 1.744298e+03 
2.177374e-01 1.670067e+03 1.671656e+03 
2.227778e-01 1.579958e+03 1.603187e+03 
2.278182e-01 1.495413e+03 1.538587e+03 
2.328586e-01 1.420500e+03 1.477581e+03 
2.378990e-01 1.357382e+03 1.419917e+03 
2.429394e-01 1.305926e+03 1.365362e+03 
2.479798e-01 1.264259e+03 1.313706e+03 
2.530202e-01 1.229551e+03 1.264752e+03 
2.580606e-01 1.198543e+03 1.218323e+03 
2.631010e-01 1.168030e+03 1.174253e+03 
2.681414e-01 1.135449e+03 1.132391e+03 
2.731818e-01 1.099549e+03 1.092596e+03 
2.782222e-01 1.060589e+03 1.054739e+03 
2.832626e-01 1.019810e+03 1.018700e+03 
2.883030e-01 9.788571e+02 9.843683e+02 
2.933434e-01 9.393101e+02 9.516415e+02 
2.983838e-01 9.025866e+02 9.204243e+02 
3.034242e-01 8.697612e+02 8.906282e+02 
3.084646e-01 8.412338e+02 8.621709e+02 
3.135051e-01 8.166099e+02 8.349762e+02 
3.185455e-01 7.949596e+02 8.089726e+02 
3.235859e-01 7.751875e+02 7.840940e+02 
3.286263e-01 7.562665e+02 7.602784e+02 
3.336667e-01 7.373542e+02 7.374680e+02 
3.387071e-01 7.178514e+02 7.156088e+02 
3.437475e-01 6.975068e+02 6.946504e+02 
3.487879e-01 6.765025e+02 6.745455e+02 
3.538283e-01 6.553234e+02 6.552497e+02 
3.588687e-01 6.345885e+02 6.367218e+02 
3.639091e-01 6.148229e+02 6.189226e+02 
3.689495e-01 5.963554e+02 6.018157e+02 
3.739899e-01 5.793795e+02 5.853669e+02 
3.790303e-01 5.639242e+02 5.695437e+02 
3.840707e-01 5.498301e+02 5.543158e+02 
3.891111e-01 5.367828e+02 5.396548e+02 
3.941515e-01 5.243921e+02 5.255337e+02 
3.991919e-01 5.123102e+02 5.119271e+02 
4.042323e-01 5.003032e+02 4.988110e+02 
4.092727e-01 4.882445e+02 4.861631e+02 
4.143131e-01 4.761092e+02 4.739618e+02 
4.193535e-01 4.639701e+02 4.621871e+02 
4.243939e-01 4.519731e+02 4.508199e+02 
4.294343e-01 4.403142e+02 4.398423e+02 
4.344747e-01 4.291556e+02 4.292371e+02 
4.395152e-01 4.185780e+02 4.189883e+02 
4.445556e-01 4.086109e+02 4.090805e+02 
4.495960e-01 3.992371e+02 3.994993e+02 
4.546364e-01 3.903953e+02 3.902308e+02 
4.596768e-01 3.819763e+02 3.812621e+02 
4.647172e-01 3.738527e+02 3.725807e+02 
4.697576e-01 3.659182e+02 3.641750e+02 
4.747980e-01 3.580994e+02 3.560336e+02 
4.798384e-01 3.503664e+02 3.481460e+02 
4.848788e-01 3.427246e+02 3.405020e+02 
4.899192e-01 3.351858e+02 3.330921e+02 
4.949596e-01 3.278049e+02 3.259070e+02 
5.000000e-01 3.206254e+02 3.189381e+02 
