1.000000e-03 4.607798e+03 4.607794e+03 
6.040404e-03 2.070375e+04 2.086675e+04 
1.108081e-02 2.810681e+04 2.834547e+04 
1.612121e-02 3.008124e+04 3.035330e+04 
2.116162e-02 2.874210e+04 2.873140e+04 
2.620202e-02 2.566381e+04 2.543213e+04 
3.124242e-02 2.202744e+04 2.207780e+04 
3.628283e-02 1.861442e+04 1.926378e+04 
4.132323e-02 1.582912e+04 1.699375e+04 
4.636364e-02 1.376498e+04 1.514072e+04 
5.140404e-02 1.238910e+04 1.359501e+04 
5.644444e-02 1.150366e+04 1.228109e+04 
6.148485e-02 1.091507e+04 1.114821e+04 
6.652525e-02 1.043504e+04 1.016115e+04 
7.156566e-02 9.917675e+03 9.294343e+03 
7.660606e-02 9.278593e+03 8.528400e+03 
8.164646e-02 8.505172e+03 7.848133e+03 
8.668687e-02 7.646164e+03 7.241329e+03 
9.172727e-02 6.780091e+03 6.697978e+03 
9.676768e-02 5.986384e+03 6.209763e+03 
1.018081e-01 5.325663e+03 5.769696e+03 
1.068485e-01 4.826683e+03 5.371861e+03 
1.118889e-01 4.484497e+03 5.011213e+03 
1.169293e-01 4.269228e+03 4.683426e+03 
1.219697e-01 4.138573e+03 4.384773e+03 
1.270101e-01 4.046728e+03 4.112029e+03 
1.320505e-01 3.950607e+03 3.862392e+03 
1.370909e-01 3.818007e+03 3.633422e+03 
1.421313e-01 3.634572e+03 3.422982e+03 
1.471717e-01 3.404227e+03 3.229199e+03 
1.522121e-01 3.143849e+03 3.050422e+03 
1.572525e-01 2.877143e+03 2.885199e+03 
1.622929e-01 2.629203e+03 2.732241e+03 
1.673333e-01 2.420045e+03 2.590406e+03 
1.723737e-01 2.259058e+03 2.458680e+03 
1.774141e-01 2.144919e+03 2.336158e+03 
1.824545e-01 2.069295e+03 2.222030e+03 
1.874949e-01 2.020351e+03 2.115574e+03 
1.925354e-01 1.984443e+03 2.016141e+03 
1.975758e-01 1.947429e+03 1.923146e+03 
2.026162e-01 1.897922e+03 1.836065e+03 
2.076566e-01 1.830304e+03 1.754423e+03 
2.126970e-01 1.745349e+03 1.677791e+03 
2.177374e-01 1.648424e+03 1.605781e+03 
2.227778e-01 1.547144e+03 1.538041e+03 
2.278182e-01 1.449659e+03 1.474251e+03 
2.328586e-01 1.362877e+03 1.414119e+03 
2.378990e-01 1.291176e+03 1.357380e+03 
2.429394e-01 1.235843e+03 1.303792e+03 
2.479798e-01 1.195313e+03 1.253133e+03 
2.530202e-01 1.165891e+03 1.205200e+03 
2.580606e-01 1.142706e+03 1.159808e+03 
2.631010e-01 1.120747e+03 1.116785e+03 
2.681414e-01 1.095929e+03 1.075974e+03 
2.731818e-01 1.065788e+03 1.037232e+03 
2.782222e-01 1.029654e+03 1.000425e+03 
2.832626e-01 9.885340e+02 9.654306e+02 
2.883030e-01 9.446654e+02 9.321351e+02 
2.933434e-01 9.008696e+02 9.004339e+02 
2.983838e-01 8.598348e+02 8.702299e+02 
3.034242e-01 8.235415e+02 8.414332e+02 
3.084646e-01 7.929912e+02 8.139604e+02 
3.135051e-01 7.681451e+02 7.877341e+02 
3.185455e-01 7.480945e+02 7.626822e+02 
3.235859e-01 7.313543e+02 7.387380e+02 
3.286263e-01 7.161970e+02 7.158390e+02 
3.336667e-01 7.010251e+02 6.939271e+02 
3.387071e-01 6.846606e+02 6.729481e+02 
3.437475e-01 6.664582e+02 6.528515e+02 
3.487879e-01 6.464283e+02 6.335899e+02 
3.538283e-01 6.251316e+02 6.151191e+02 
3.588687e-01 6.034501e+02 5.973977e+02 
3.639091e-01 5.823304e+02 5.803870e+02 
3.689495e-01 5.625651e+02 5.640506e+02 
3.739899e-01 5.446974e+02 5.483544e+02 
3.790303e-01 5.289802e+02 5.332664e+02 
3.840707e-01 5.153467e+02 5.187565e+02 
3.891111e-01 5.034059e+02 5.047965e+02 
3.941515e-01 4.925681e+02 4.913598e+02 
3.991919e-01 4.822245e+02 4.784213e+02 
4.042323e-01 4.718801e+02 4.659574e+02 
4.092727e-01 4.611994e+02 4.539460e+02 
4.143131e-01 4.500313e+02 4.423659e+02 
4.193535e-01 4.383963e+02 4.311976e+02 
4.243939e-01 4.265008e+02 4.204221e+02 
4.294343e-01 4.146678e+02 4.100220e+02 
4.344747e-01 4.032110e+02 3.999804e+02 
4.395152e-01 3.923894e+02 3.902817e+02 
4.445556e-01 3.823556e+02 3.809107e+02 
4.495960e-01 3.731577e+02 3.718534e+02 
4.546364e-01 3.647515e+02 3.630964e+02 
4.596768e-01 3.569963e+02 3.546268e+02 
4.647172e-01 3.496895e+02 3.464327e+02 
4.697576e-01 3.426128e+02 3.385026e+02 
4.747980e-01 3.355995e+02 3.308256e+02 
4.798384e-01 3.285520e+02 3.233914e+02 
4.848788e-01 3.214254e+02 3.161902e+02 
4.899192e-01 3.142288e+02 3.092125e+02 
4.949596e-01 3.070390e+02 3.024496e+02 
5.000000e-01 2.999659e+02 2.958930e+02 
