1.000000e-03 3.762848e+03 3.762845e+03 
6.040404e-03 1.715430e+04 1.728916e+04 
1.108081e-02 2.367152e+04 2.385475e+04 
1.612121e-02 2.578035e+04 2.598347e+04 
2.116162e-02 2.511548e+04 2.510986e+04 
2.620202e-02 2.290713e+04 2.271688e+04 
3.124242e-02 2.009759e+04 2.010152e+04 
3.628283e-02 1.733690e+04 1.781028e+04 
4.132323e-02 1.499211e+04 1.590381e+04 
4.636364e-02 1.318204e+04 1.431039e+04 
5.140404e-02 1.191171e+04 1.295614e+04 
5.644444e-02 1.105339e+04 1.178728e+04 
6.148485e-02 1.045262e+04 1.076655e+04 
6.652525e-02 9.974051e+03 9.867509e+03 
7.156566e-02 9.488123e+03 9.070525e+03 
7.660606e-02 8.916790e+03 8.360432e+03 
8.164646e-02 8.240083e+03 7.725111e+03 
8.668687e-02 7.490684e+03 7.154642e+03 
9.172727e-02 6.726699e+03 6.640762e+03 
9.676768e-02 6.008199e+03 6.176501e+03 
1.018081e-01 5.386010e+03 5.755929e+03 
1.068485e-01 4.892546e+03 5.373961e+03 
1.118889e-01 4.534003e+03 5.026217e+03 
1.169293e-01 4.291791e+03 4.708904e+03 
1.219697e-01 4.131724e+03 4.418723e+03 
1.270101e-01 4.016123e+03 4.152800e+03 
1.320505e-01 3.909818e+03 3.908618e+03 
1.370909e-01 3.784432e+03 3.683968e+03 
1.421313e-01 3.622662e+03 3.476906e+03 
1.471717e-01 3.421656e+03 3.285718e+03 
1.522121e-01 3.191318e+03 3.108884e+03 
1.572525e-01 2.949417e+03 2.945060e+03 
1.622929e-01 2.716105e+03 2.793049e+03 
1.673333e-01 2.509067e+03 2.651785e+03 
1.723737e-01 2.339607e+03 2.520317e+03 
1.774141e-01 2.210779e+03 2.397792e+03 
1.824545e-01 2.118574e+03 2.283448e+03 
1.874949e-01 2.054240e+03 2.176598e+03 
1.925354e-01 2.006916e+03 2.076625e+03 
1.975758e-01 1.964920e+03 1.982971e+03 
2.026162e-01 1.917714e+03 1.895135e+03 
2.076566e-01 1.858344e+03 1.812661e+03 
2.126970e-01 1.784703e+03 1.735137e+03 
2.177374e-01 1.699101e+03 1.662186e+03 
2.227778e-01 1.606642e+03 1.593470e+03 
2.278182e-01 1.513831e+03 1.528678e+03 
2.328586e-01 1.427058e+03 1.467526e+03 
2.378990e-01 1.351230e+03 1.409756e+03 
2.429394e-01 1.288776e+03 1.355132e+03 
2.479798e-01 1.239687e+03 1.303436e+03 
2.530202e-01 1.202098e+03 1.254470e+03 
2.580606e-01 1.172793e+03 1.208051e+03 
2.631010e-01 1.147770e+03 1.164012e+03 
2.681414e-01 1.122939e+03 1.122197e+03 
2.731818e-01 1.095152e+03 1.082465e+03 
2.782222e-01 1.062890e+03 1.044684e+03 
2.832626e-01 1.026234e+03 1.008731e+03 
2.883030e-01 9.863022e+02 9.744956e+02 
2.933434e-01 9.448963e+02 9.418726e+02 
2.983838e-01 9.041528e+02 9.107657e+02 
3.034242e-01 8.661810e+02 8.810854e+02 
3.084646e-01 8.325599e+02 8.527485e+02 
3.135051e-01 8.039120e+02 8.256778e+02 
3.185455e-01 7.799568e+02 7.998012e+02 
3.235859e-01 7.598209e+02 7.750517e+02 
3.286263e-01 7.423254e+02 7.513670e+02 
3.336667e-01 7.261575e+02 7.286886e+02 
3.387071e-01 7.100429e+02 7.069621e+02 
3.437475e-01 6.929939e+02 6.861367e+02 
3.487879e-01 6.745319e+02 6.661647e+02 
3.538283e-01 6.547471e+02 6.470016e+02 
3.588687e-01 6.341346e+02 6.286057e+02 
3.639091e-01 6.133896e+02 6.109377e+02 
3.689495e-01 5.932099e+02 5.939610e+02 
3.739899e-01 5.742139e+02 5.776411e+02 
3.790303e-01 5.568568e+02 5.619456e+02 
3.840707e-01 5.413590e+02 5.468440e+02 
3.891111e-01 5.276243e+02 5.323076e+02 
3.941515e-01 5.153213e+02 5.183094e+02 
3.991919e-01 5.040036e+02 5.048241e+02 
4.042323e-01 4.932158e+02 4.918276e+02 
4.092727e-01 4.825528e+02 4.792973e+02 
4.143131e-01 4.717097e+02 4.672118e+02 
4.193535e-01 4.605295e+02 4.555511e+02 
4.243939e-01 4.490360e+02 4.442959e+02 
4.294343e-01 4.373994e+02 4.334284e+02 
4.344747e-01 4.258495e+02 4.229314e+02 
4.395152e-01 4.146260e+02 4.127888e+02 
4.445556e-01 4.039225e+02 4.029853e+02 
4.495960e-01 3.938762e+02 3.935064e+02 
4.546364e-01 3.845688e+02 3.843385e+02 
4.596768e-01 3.759628e+02 3.754683e+02 
4.647172e-01 3.679501e+02 3.668837e+02 
4.697576e-01 3.603694e+02 3.585728e+02 
4.747980e-01 3.530594e+02 3.505244e+02 
4.798384e-01 3.458892e+02 3.427280e+02 
4.848788e-01 3.387634e+02 3.351735e+02 
4.899192e-01 3.316162e+02 3.278513e+02 
4.949596e-01 3.244391e+02 3.207522e+02 
5.000000e-01 3.172896e+02 3.138675e+02 
