1.000000e-03 3.204172e+03 3.204169e+03 
6.040404e-03 1.430671e+04 1.441064e+04 
1.108081e-02 1.948138e+04 1.955400e+04 
1.612121e-02 2.112039e+04 2.110498e+04 
2.116162e-02 2.068681e+04 2.053492e+04 
2.620202e-02 1.917857e+04 1.906765e+04 
3.124242e-02 1.729269e+04 1.745447e+04 
3.628283e-02 1.546581e+04 1.594585e+04 
4.132323e-02 1.391600e+04 1.458344e+04 
4.636364e-02 1.269492e+04 1.335956e+04 
5.140404e-02 1.176301e+04 1.225989e+04 
5.644444e-02 1.102048e+04 1.127102e+04 
6.148485e-02 1.036186e+04 1.038101e+04 
6.652525e-02 9.710668e+03 9.579203e+03 
7.156566e-02 9.022849e+03 8.856024e+03 
7.660606e-02 8.298501e+03 8.202867e+03 
8.164646e-02 7.572490e+03 7.612039e+03 
8.668687e-02 6.890087e+03 7.076691e+03 
9.172727e-02 6.285753e+03 6.590748e+03 
9.676768e-02 5.780145e+03 6.148836e+03 
1.018081e-01 5.379341e+03 5.746213e+03 
1.068485e-01 5.071312e+03 5.378694e+03 
1.118889e-01 4.827669e+03 5.042589e+03 
1.169293e-01 4.615141e+03 4.734645e+03 
1.219697e-01 4.407368e+03 4.451988e+03 
1.270101e-01 4.188914e+03 4.192079e+03 
1.320505e-01 3.954683e+03 3.952674e+03 
1.370909e-01 3.709546e+03 3.731782e+03 
1.421313e-01 3.464949e+03 3.527635e+03 
1.471717e-01 3.233975e+03 3.338665e+03 
1.522121e-01 3.026815e+03 3.163473e+03 
1.572525e-01 2.849401e+03 3.000810e+03 
1.622929e-01 2.703198e+03 2.849563e+03 
1.673333e-01 2.584302e+03 2.708733e+03 
1.723737e-01 2.484337e+03 2.577424e+03 
1.774141e-01 2.393908e+03 2.454833e+03 
1.824545e-01 2.305551e+03 2.340234e+03 
1.874949e-01 2.214706e+03 2.232976e+03 
1.925354e-01 2.119465e+03 2.132469e+03 
1.975758e-01 2.020525e+03 2.038179e+03 
2.026162e-01 1.921215e+03 1.949624e+03 
2.076566e-01 1.825751e+03 1.866365e+03 
2.126970e-01 1.737688e+03 1.788002e+03 
2.177374e-01 1.659001e+03 1.714175e+03 
2.227778e-01 1.590130e+03 1.644551e+03 
2.278182e-01 1.530169e+03 1.578829e+03 
2.328586e-01 1.477091e+03 1.516733e+03 
2.378990e-01 1.428463e+03 1.458011e+03 
2.429394e-01 1.382021e+03 1.402431e+03 
2.479798e-01 1.336096e+03 1.349780e+03 
2.530202e-01 1.289608e+03 1.299863e+03 
2.580606e-01 1.242425e+03 1.252501e+03 
2.631010e-01 1.195331e+03 1.207527e+03 
2.681414e-01 1.149584e+03 1.164790e+03 
2.731818e-01 1.106272e+03 1.124149e+03 
2.782222e-01 1.065982e+03 1.085473e+03 
2.832626e-01 1.028933e+03 1.048641e+03 
2.883030e-01 9.951158e+02 1.013543e+03 
2.933434e-01 9.641765e+02 9.800743e+02 
2.983838e-01 9.354011e+02 9.481391e+02 
3.034242e-01 9.079901e+02 9.176483e+02 
3.084646e-01 8.813348e+02 8.885188e+02 
3.135051e-01 8.551288e+02 8.606734e+02 
3.185455e-01 8.292843e+02 8.340402e+02 
3.235859e-01 8.038144e+02 8.085521e+02 
3.286263e-01 7.789061e+02 7.841464e+02 
3.336667e-01 7.548714e+02 7.607647e+02 
3.387071e-01 7.319900e+02 7.383522e+02 
3.437475e-01 7.104099e+02 7.168580e+02 
3.487879e-01 6.901158e+02 6.962340e+02 
3.538283e-01 6.709877e+02 6.764354e+02 
3.588687e-01 6.528787e+02 6.574201e+02 
3.639091e-01 6.356037e+02 6.391487e+02 
3.689495e-01 6.189594e+02 6.215840e+02 
3.739899e-01 6.027803e+02 6.046912e+02 
3.790303e-01 5.869896e+02 5.884376e+02 
3.840707e-01 5.715846e+02 5.727922e+02 
3.891111e-01 5.565868e+02 5.577262e+02 
3.941515e-01 5.420266e+02 5.432121e+02 
3.991919e-01 5.279621e+02 5.292241e+02 
4.042323e-01 5.144632e+02 5.157378e+02 
4.092727e-01 5.015564e+02 5.027304e+02 
4.143131e-01 4.892148e+02 4.901801e+02 
4.193535e-01 4.773709e+02 4.780665e+02 
4.243939e-01 4.659740e+02 4.663700e+02 
4.294343e-01 4.549913e+02 4.550724e+02 
4.344747e-01 4.443659e+02 4.441563e+02 
4.395152e-01 4.340468e+02 4.336052e+02 
4.445556e-01 4.239964e+02 4.234036e+02 
4.495960e-01 4.142132e+02 4.135366e+02 
4.546364e-01 4.047236e+02 4.039903e+02 
4.596768e-01 3.955269e+02 3.947512e+02 
4.647172e-01 3.866111e+02 3.858068e+02 
4.697576e-01 3.779810e+02 3.771451e+02 
4.747980e-01 3.696479e+02 3.687546e+02 
4.798384e-01 3.616113e+02 3.606245e+02 
4.848788e-01 3.538392e+02 3.527444e+02 
4.899192e-01 3.463040e+02 3.451045e+02 
4.949596e-01 3.389897e+02 3.376955e+02 
5.000000e-01 3.318912e+02 3.305084e+02 
