1.000000e-03 5.395234e+03 5.395229e+03 
6.040404e-03 2.392059e+04 2.411585e+04 
1.108081e-02 3.240530e+04 3.272526e+04 
1.612121e-02 3.462081e+04 3.505752e+04 
2.116162e-02 3.295955e+04 3.308189e+04 
2.620202e-02 2.921613e+04 2.892255e+04 
3.124242e-02 2.476583e+04 2.461570e+04 
3.628283e-02 2.054580e+04 2.104150e+04 
4.132323e-02 1.706325e+04 1.824145e+04 
4.636364e-02 1.445893e+04 1.603153e+04 
5.140404e-02 1.270983e+04 1.424324e+04 
5.644444e-02 1.161628e+04 1.276027e+04 
6.148485e-02 1.095840e+04 1.150626e+04 
6.652525e-02 1.052142e+04 1.043016e+04 
7.156566e-02 1.011872e+04 9.496452e+03 
7.660606e-02 9.617877e+03 8.679330e+03 
8.164646e-02 8.954595e+03 7.959341e+03 
8.668687e-02 8.140457e+03 7.321349e+03 
9.172727e-02 7.242198e+03 6.753288e+03 
9.676768e-02 6.350030e+03 6.245356e+03 
1.018081e-01 5.549088e+03 5.789475e+03 
1.068485e-01 4.898342e+03 5.378908e+03 
1.118889e-01 4.420697e+03 5.007988e+03 
1.169293e-01 4.106190e+03 4.671905e+03 
1.219697e-01 3.923659e+03 4.366558e+03 
1.270101e-01 3.831122e+03 4.088422e+03 
1.320505e-01 3.781449e+03 3.834461e+03 
1.370909e-01 3.728806e+03 3.602042e+03 
1.421313e-01 3.637401e+03 3.388875e+03 
1.471717e-01 3.488574e+03 3.192962e+03 
1.522121e-01 3.281695e+03 3.012552e+03 
1.572525e-01 3.031041e+03 2.846105e+03 
1.622929e-01 2.761620e+03 2.692265e+03 
1.673333e-01 2.501992e+03 2.549833e+03 
1.723737e-01 2.276451e+03 2.417744e+03 
1.774141e-01 2.098602e+03 2.295056e+03 
1.824545e-01 1.971052e+03 2.180926e+03 
1.874949e-01 1.888927e+03 2.074602e+03 
1.925354e-01 1.842701e+03 1.975412e+03 
1.975758e-01 1.819241e+03 1.882753e+03 
2.026162e-01 1.803155e+03 1.796082e+03 
2.076566e-01 1.779889e+03 1.714912e+03 
2.126970e-01 1.739314e+03 1.638800e+03 
2.177374e-01 1.677454e+03 1.567350e+03 
2.227778e-01 1.596003e+03 1.500201e+03 
2.278182e-01 1.500916e+03 1.437024e+03 
2.328586e-01 1.400702e+03 1.377524e+03 
2.378990e-01 1.304469e+03 1.321428e+03 
2.429394e-01 1.219787e+03 1.268492e+03 
2.479798e-01 1.151265e+03 1.218488e+03 
2.530202e-01 1.100300e+03 1.171212e+03 
2.580606e-01 1.065347e+03 1.126475e+03 
2.631010e-01 1.042793e+03 1.084104e+03 
2.681414e-01 1.027636e+03 1.043941e+03 
2.731818e-01 1.014548e+03 1.005838e+03 
2.782222e-01 9.988255e+02 9.696633e+02 
2.832626e-01 9.771692e+02 9.352916e+02 
2.883030e-01 9.481164e+02 9.026092e+02 
2.933434e-01 9.121089e+02 8.715106e+02 
2.983838e-01 8.711951e+02 8.418983e+02 
3.034242e-01 8.283685e+02 8.136820e+02 
3.084646e-01 7.868195e+02 7.867780e+02 
3.135051e-01 7.492585e+02 7.611087e+02 
3.185455e-01 7.174497e+02 7.366020e+02 
3.235859e-01 6.920259e+02 7.131910e+02 
3.286263e-01 6.725727e+02 6.908133e+02 
3.336667e-01 6.578835e+02 6.694109e+02 
3.387071e-01 6.462448e+02 6.489296e+02 
3.437475e-01 6.357741e+02 6.293190e+02 
3.487879e-01 6.247161e+02 6.105319e+02 
3.538283e-01 6.117630e+02 5.925243e+02 
3.588687e-01 5.963095e+02 5.752549e+02 
3.639091e-01 5.784515e+02 5.586852e+02 
3.689495e-01 5.588428e+02 5.427791e+02 
3.739899e-01 5.384433e+02 5.275026e+02 
3.790303e-01 5.183292e+02 5.128241e+02 
3.840707e-01 4.995052e+02 4.987136e+02 
3.891111e-01 4.827282e+02 4.851431e+02 
3.941515e-01 4.683709e+02 4.720863e+02 
3.991919e-01 4.563707e+02 4.595183e+02 
4.042323e-01 4.463340e+02 4.474158e+02 
4.092727e-01 4.376700e+02 4.357569e+02 
4.143131e-01 4.297211e+02 4.245206e+02 
4.193535e-01 4.218454e+02 4.136875e+02 
4.243939e-01 4.135242e+02 4.032392e+02 
4.294343e-01 4.044494e+02 3.931581e+02 
4.344747e-01 3.945622e+02 3.834278e+02 
4.395152e-01 3.840424e+02 3.740327e+02 
4.445556e-01 3.731987e+02 3.649580e+02 
4.495960e-01 3.624116e+02 3.561898e+02 
4.546364e-01 3.520491e+02 3.477149e+02 
4.596768e-01 3.424155e+02 3.395207e+02 
4.647172e-01 3.336981e+02 3.315953e+02 
4.697576e-01 3.259328e+02 3.239275e+02 
4.747980e-01 3.190245e+02 3.165066e+02 
4.798384e-01 3.127768e+02 3.093224e+02 
4.848788e-01 3.069566e+02 3.023653e+02 
4.899192e-01 3.013237e+02 2.956260e+02 
4.949596e-01 2.956667e+02 2.890959e+02 
5.000000e-01 2.898386e+02 2.827667e+02 
