1.000000e-03 3.562847e+03 3.562844e+03 
6.040404e-03 1.614063e+04 1.626304e+04 
1.108081e-02 2.203571e+04 2.216567e+04 
1.612121e-02 2.381237e+04 2.389726e+04 
2.116162e-02 2.311308e+04 2.301297e+04 
2.620202e-02 2.111238e+04 2.097444e+04 
3.124242e-02 1.866465e+04 1.882033e+04 
3.628283e-02 1.632376e+04 1.690816e+04 
4.132323e-02 1.437599e+04 1.526566e+04 
4.636364e-02 1.288995e+04 1.384783e+04 
5.140404e-02 1.183756e+04 1.261098e+04 
5.644444e-02 1.107996e+04 1.152262e+04 
6.148485e-02 1.048120e+04 1.055880e+04 
6.652525e-02 9.914482e+03 9.701242e+03 
7.156566e-02 9.299242e+03 8.935358e+03 
7.660606e-02 8.603986e+03 8.249156e+03 
8.164646e-02 7.849317e+03 7.632578e+03 
8.668687e-02 7.087507e+03 7.077075e+03 
9.172727e-02 6.375776e+03 6.575325e+03 
9.676768e-02 5.759589e+03 6.121023e+03 
1.018081e-01 5.266322e+03 5.708712e+03 
1.068485e-01 4.899626e+03 5.333663e+03 
1.118889e-01 4.638677e+03 4.991756e+03 
1.169293e-01 4.448440e+03 4.679400e+03 
1.219697e-01 4.291427e+03 4.393457e+03 
1.270101e-01 4.135550e+03 4.131172e+03 
1.320505e-01 3.958141e+03 3.890128e+03 
1.370909e-01 3.749815e+03 3.668196e+03 
1.421313e-01 3.515447e+03 3.463495e+03 
1.471717e-01 3.269313e+03 3.274364e+03 
1.522121e-01 3.028589e+03 3.099329e+03 
1.572525e-01 2.809111e+03 2.937080e+03 
1.622929e-01 2.622689e+03 2.786451e+03 
1.673333e-01 2.474931e+03 2.646402e+03 
1.723737e-01 2.362991e+03 2.516004e+03 
1.774141e-01 2.277828e+03 2.394424e+03 
1.824545e-01 2.208415e+03 2.280913e+03 
1.874949e-01 2.144428e+03 2.174799e+03 
1.925354e-01 2.077419e+03 2.075477e+03 
1.975758e-01 2.001465e+03 1.982400e+03 
2.026162e-01 1.914943e+03 1.895074e+03 
2.076566e-01 1.820601e+03 1.813051e+03 
2.126970e-01 1.723904e+03 1.735926e+03 
2.177374e-01 1.630711e+03 1.663330e+03 
2.227778e-01 1.545661e+03 1.594926e+03 
2.278182e-01 1.471768e+03 1.530410e+03 
2.328586e-01 1.410011e+03 1.469502e+03 
2.378990e-01 1.359453e+03 1.411947e+03 
2.429394e-01 1.317533e+03 1.357512e+03 
2.479798e-01 1.280864e+03 1.305982e+03 
2.530202e-01 1.245988e+03 1.257161e+03 
2.580606e-01 1.210008e+03 1.210869e+03 
2.631010e-01 1.171351e+03 1.166939e+03 
2.681414e-01 1.129851e+03 1.125220e+03 
2.731818e-01 1.086515e+03 1.085569e+03 
2.782222e-01 1.042891e+03 1.047857e+03 
2.832626e-01 1.000637e+03 1.011964e+03 
2.883030e-01 9.612702e+02 9.777774e+02 
2.933434e-01 9.258128e+02 9.451948e+02 
2.983838e-01 8.946111e+02 9.141205e+02 
3.034242e-01 8.673115e+02 8.844658e+02 
3.084646e-01 8.430406e+02 8.561481e+02 
3.135051e-01 8.207667e+02 8.290908e+02 
3.185455e-01 7.994301e+02 8.032226e+02 
3.235859e-01 7.781581e+02 7.784770e+02 
3.286263e-01 7.564025e+02 7.547918e+02 
3.336667e-01 7.340720e+02 7.321094e+02 
3.387071e-01 7.114037e+02 7.103755e+02 
3.437475e-01 6.888590e+02 6.895397e+02 
3.487879e-01 6.669641e+02 6.695548e+02 
3.538283e-01 6.461890e+02 6.503763e+02 
3.588687e-01 6.268675e+02 6.319628e+02 
3.639091e-01 6.091046e+02 6.142755e+02 
3.689495e-01 5.927866e+02 5.972778e+02 
3.739899e-01 5.776671e+02 5.809354e+02 
3.790303e-01 5.634396e+02 5.652160e+02 
3.840707e-01 5.498044e+02 5.500894e+02 
3.891111e-01 5.364519e+02 5.355271e+02 
3.941515e-01 5.231803e+02 5.215021e+02 
3.991919e-01 5.099090e+02 5.079892e+02 
4.042323e-01 4.967062e+02 4.949644e+02 
4.092727e-01 4.837125e+02 4.824054e+02 
4.143131e-01 4.710696e+02 4.702907e+02 
4.193535e-01 4.588996e+02 4.586003e+02 
4.243939e-01 4.472955e+02 4.473152e+02 
4.294343e-01 4.363165e+02 4.364175e+02 
4.344747e-01 4.259615e+02 4.258902e+02 
4.395152e-01 4.161519e+02 4.157172e+02 
4.445556e-01 4.067768e+02 4.058831e+02 
4.495960e-01 3.977313e+02 3.963737e+02 
4.546364e-01 3.889332e+02 3.871752e+02 
4.596768e-01 3.803296e+02 3.782746e+02 
4.647172e-01 3.718592e+02 3.696595e+02 
4.697576e-01 3.635161e+02 3.613182e+02 
4.747980e-01 3.553323e+02 3.532397e+02 
4.798384e-01 3.473576e+02 3.454133e+02 
4.848788e-01 3.396339e+02 3.378289e+02 
4.899192e-01 3.321789e+02 3.304770e+02 
4.949596e-01 3.250011e+02 3.233484e+02 
5.000000e-01 3.181117e+02 3.164346e+02 
