1.000000e-03 2.496928e+03 2.496926e+03 
6.040404e-03 1.095902e+04 1.104439e+04 
1.108081e-02 1.490162e+04 1.490093e+04 
1.612121e-02 1.638127e+04 1.623881e+04 
2.116162e-02 1.651289e+04 1.627698e+04 
2.620202e-02 1.593746e+04 1.570824e+04 
3.124242e-02 1.503645e+04 1.488151e+04 
3.628283e-02 1.403042e+04 1.396031e+04 
4.132323e-02 1.303288e+04 1.302538e+04 
4.636364e-02 1.208502e+04 1.211812e+04 
5.140404e-02 1.121450e+04 1.125920e+04 
5.644444e-02 1.039974e+04 1.045775e+04 
6.148485e-02 9.640027e+03 9.716447e+03 
6.652525e-02 8.937582e+03 9.034356e+03 
7.156566e-02 8.289305e+03 8.408642e+03 
7.660606e-02 7.697772e+03 7.835540e+03 
8.164646e-02 7.166290e+03 7.310930e+03 
8.668687e-02 6.690267e+03 6.830668e+03 
9.172727e-02 6.259558e+03 6.390767e+03 
9.676768e-02 5.867105e+03 5.987489e+03 
1.018081e-01 5.509742e+03 5.617387e+03 
1.068485e-01 5.181939e+03 5.277318e+03 
1.118889e-01 4.876361e+03 4.964434e+03 
1.169293e-01 4.590002e+03 4.676167e+03 
1.219697e-01 4.323479e+03 4.410207e+03 
1.270101e-01 4.077784e+03 4.164480e+03 
1.320505e-01 3.852340e+03 3.937125e+03 
1.370909e-01 3.645814e+03 3.726472e+03 
1.421313e-01 3.456191e+03 3.531024e+03 
1.471717e-01 3.281092e+03 3.349435e+03 
1.522121e-01 3.118112e+03 3.180499e+03 
1.572525e-01 2.965803e+03 3.023127e+03 
1.622929e-01 2.823500e+03 2.876341e+03 
1.673333e-01 2.690087e+03 2.739259e+03 
1.723737e-01 2.564741e+03 2.611085e+03 
1.774141e-01 2.447186e+03 2.491098e+03 
1.824545e-01 2.337191e+03 2.378648e+03 
1.874949e-01 2.234364e+03 2.273143e+03 
1.925354e-01 2.138029e+03 2.174048e+03 
1.975758e-01 2.047611e+03 2.080875e+03 
2.026162e-01 1.962602e+03 1.993182e+03 
2.076566e-01 1.882486e+03 1.910564e+03 
2.126970e-01 1.806851e+03 1.832653e+03 
2.177374e-01 1.735375e+03 1.759111e+03 
2.227778e-01 1.667728e+03 1.689632e+03 
2.278182e-01 1.603654e+03 1.623931e+03 
2.328586e-01 1.542991e+03 1.561752e+03 
2.378990e-01 1.485609e+03 1.502855e+03 
2.429394e-01 1.431305e+03 1.447023e+03 
2.479798e-01 1.379748e+03 1.394054e+03 
2.530202e-01 1.330710e+03 1.343763e+03 
2.580606e-01 1.284065e+03 1.295979e+03 
2.631010e-01 1.239780e+03 1.250543e+03 
2.681414e-01 1.197658e+03 1.207311e+03 
2.731818e-01 1.157438e+03 1.166146e+03 
2.782222e-01 1.119053e+03 1.126924e+03 
2.832626e-01 1.082466e+03 1.089528e+03 
2.883030e-01 1.047607e+03 1.053851e+03 
2.933434e-01 1.014299e+03 1.019793e+03 
2.983838e-01 9.824114e+02 9.872604e+02 
3.034242e-01 9.519230e+02 9.561666e+02 
3.084646e-01 9.227805e+02 9.264310e+02 
3.135051e-01 8.948964e+02 8.979782e+02 
3.185455e-01 8.681541e+02 8.707379e+02 
3.235859e-01 8.425005e+02 8.446446e+02 
3.286263e-01 8.179165e+02 8.196369e+02 
3.336667e-01 7.943544e+02 7.956574e+02 
3.387071e-01 7.717385e+02 7.726523e+02 
3.437475e-01 7.499881e+02 7.505713e+02 
3.487879e-01 7.290850e+02 7.293672e+02 
3.538283e-01 7.090094e+02 7.089957e+02 
3.588687e-01 6.897152e+02 6.894152e+02 
3.639091e-01 6.711415e+02 6.705866e+02 
3.689495e-01 6.532462e+02 6.524731e+02 
3.739899e-01 6.360276e+02 6.350402e+02 
3.790303e-01 6.194540e+02 6.182552e+02 
3.840707e-01 6.034784e+02 6.020875e+02 
3.891111e-01 5.880634e+02 5.865082e+02 
3.941515e-01 5.731933e+02 5.714900e+02 
3.991919e-01 5.588614e+02 5.570070e+02 
4.042323e-01 5.450371e+02 5.430351e+02 
4.092727e-01 5.316847e+02 5.295512e+02 
4.143131e-01 5.187750e+02 5.165335e+02 
4.193535e-01 5.063057e+02 5.039615e+02 
4.243939e-01 4.942683e+02 4.918157e+02 
4.294343e-01 4.826305e+02 4.800777e+02 
4.344747e-01 4.713674e+02 4.687301e+02 
4.395152e-01 4.604656e+02 4.577561e+02 
4.445556e-01 4.499252e+02 4.471402e+02 
4.495960e-01 4.397290e+02 4.368674e+02 
4.546364e-01 4.298503e+02 4.269236e+02 
4.596768e-01 4.202741e+02 4.172952e+02 
4.647172e-01 4.109955e+02 4.079696e+02 
4.697576e-01 4.020126e+02 3.989345e+02 
4.747980e-01 3.933045e+02 3.901783e+02 
4.798384e-01 3.848531e+02 3.816902e+02 
4.848788e-01 3.766533e+02 3.734595e+02 
4.899192e-01 3.686995e+02 3.654764e+02 
4.949596e-01 3.609832e+02 3.577313e+02 
5.000000e-01 3.534909e+02 3.502150e+02 
