1.000000e-03 3.401988e+03 3.401985e+03 
6.040404e-03 1.465474e+04 1.476130e+04 
1.108081e-02 1.971769e+04 1.978970e+04 
1.612121e-02 2.122246e+04 2.120418e+04 
2.116162e-02 2.068255e+04 2.052912e+04 
2.620202e-02 1.910416e+04 1.899344e+04 
3.124242e-02 1.717690e+04 1.733646e+04 
3.628283e-02 1.532736e+04 1.579884e+04 
4.132323e-02 1.376422e+04 1.441715e+04 
4.636364e-02 1.253320e+04 1.318093e+04 
5.140404e-02 1.159126e+04 1.207402e+04 
5.644444e-02 1.083911e+04 1.108166e+04 
6.148485e-02 1.017200e+04 1.019093e+04 
6.652525e-02 9.515552e+03 9.390417e+03 
7.156566e-02 8.827225e+03 8.669976e+03 
7.660606e-02 8.107464e+03 8.020575e+03 
8.164646e-02 7.390088e+03 7.434201e+03 
8.668687e-02 6.718418e+03 6.903766e+03 
9.172727e-02 6.125089e+03 6.423015e+03 
9.676768e-02 5.629186e+03 5.986442e+03 
1.018081e-01 5.235701e+03 5.589208e+03 
1.068485e-01 4.932145e+03 5.227054e+03 
1.118889e-01 4.690751e+03 4.896240e+03 
1.169293e-01 4.479478e+03 4.593474e+03 
1.219697e-01 4.272751e+03 4.315858e+03 
1.270101e-01 4.056357e+03 4.060835e+03 
1.320505e-01 3.825755e+03 3.826148e+03 
1.370909e-01 3.585552e+03 3.609802e+03 
1.421313e-01 3.347108e+03 3.410027e+03 
1.471717e-01 3.122673e+03 3.225254e+03 
1.522121e-01 2.921749e+03 3.054086e+03 
1.572525e-01 2.749800e+03 2.895279e+03 
1.622929e-01 2.607926e+03 2.747723e+03 
1.673333e-01 2.492143e+03 2.610426e+03 
1.723737e-01 2.394284e+03 2.482497e+03 
1.774141e-01 2.305414e+03 2.363138e+03 
1.824545e-01 2.218466e+03 2.251632e+03 
1.874949e-01 2.129308e+03 2.147331e+03 
1.925354e-01 2.036231e+03 2.049652e+03 
1.975758e-01 1.939991e+03 1.958069e+03 
2.026162e-01 1.843797e+03 1.872102e+03 
2.076566e-01 1.751609e+03 1.791320e+03 
2.126970e-01 1.666741e+03 1.715330e+03 
2.177374e-01 1.590978e+03 1.643773e+03 
2.227778e-01 1.524582e+03 1.576325e+03 
2.278182e-01 1.466641e+03 1.512687e+03 
2.328586e-01 1.415181e+03 1.452589e+03 
2.378990e-01 1.367907e+03 1.395782e+03 
2.429394e-01 1.322683e+03 1.342039e+03 
2.479798e-01 1.277978e+03 1.291151e+03 
2.530202e-01 1.232834e+03 1.242926e+03 
2.580606e-01 1.187139e+03 1.197188e+03 
2.631010e-01 1.141689e+03 1.153776e+03 
2.681414e-01 1.097668e+03 1.112539e+03 
2.731818e-01 1.056061e+03 1.073339e+03 
2.782222e-01 1.017390e+03 1.036049e+03 
2.832626e-01 9.818204e+02 1.000551e+03 
2.883030e-01 9.493258e+02 9.667366e+02 
2.933434e-01 9.195333e+02 9.345038e+02 
2.983838e-01 8.917817e+02 9.037589e+02 
3.034242e-01 8.652938e+02 8.744148e+02 
3.084646e-01 8.395393e+02 8.463907e+02 
3.135051e-01 8.142557e+02 8.196110e+02 
3.185455e-01 7.893419e+02 7.940057e+02 
3.235859e-01 7.648416e+02 7.695094e+02 
3.286263e-01 7.409264e+02 7.460609e+02 
3.336667e-01 7.178776e+02 7.236034e+02 
3.387071e-01 6.959720e+02 7.020837e+02 
3.437475e-01 6.753083e+02 6.814519e+02 
3.487879e-01 6.558746e+02 6.616614e+02 
3.538283e-01 6.375380e+02 6.426687e+02 
3.588687e-01 6.201675e+02 6.244328e+02 
3.639091e-01 6.035816e+02 6.069153e+02 
3.689495e-01 5.875911e+02 5.900802e+02 
3.739899e-01 5.720537e+02 5.738937e+02 
3.790303e-01 5.569010e+02 5.583240e+02 
3.840707e-01 5.421334e+02 5.433410e+02 
3.891111e-01 5.277726e+02 5.289168e+02 
3.941515e-01 5.138417e+02 5.150246e+02 
3.991919e-01 5.003977e+02 5.016395e+02 
4.042323e-01 4.875040e+02 4.887380e+02 
4.092727e-01 4.751759e+02 4.762977e+02 
4.143131e-01 4.633797e+02 4.642976e+02 
4.193535e-01 4.520618e+02 4.527179e+02 
4.243939e-01 4.411645e+02 4.415397e+02 
4.294343e-01 4.306610e+02 4.307454e+02 
4.344747e-01 4.205076e+02 4.203181e+02 
4.395152e-01 4.106396e+02 4.102418e+02 
4.445556e-01 4.010317e+02 4.005016e+02 
4.495960e-01 3.916942e+02 3.910831e+02 
4.546364e-01 3.826396e+02 3.819727e+02 
4.596768e-01 3.738649e+02 3.731576e+02 
4.647172e-01 3.653633e+02 3.646256e+02 
4.697576e-01 3.571380e+02 3.563650e+02 
4.747980e-01 3.491953e+02 3.483649e+02 
4.798384e-01 3.415373e+02 3.406147e+02 
4.848788e-01 3.341328e+02 3.331044e+02 
4.899192e-01 3.269478e+02 3.258247e+02 
4.949596e-01 3.199747e+02 3.187663e+02 
5.000000e-01 3.132114e+02 3.119208e+02 
