1.000000e-03 3.445258e+03 3.445255e+03 
6.040404e-03 1.542829e+04 1.554466e+04 
1.108081e-02 2.105408e+04 2.116990e+04 
1.612121e-02 2.280018e+04 2.286467e+04 
2.116162e-02 2.221697e+04 2.211226e+04 
2.620202e-02 2.040181e+04 2.026994e+04 
3.124242e-02 1.814829e+04 1.829057e+04 
3.628283e-02 1.597221e+04 1.650836e+04 
4.132323e-02 1.414306e+04 1.495860e+04 
4.636364e-02 1.273005e+04 1.360775e+04 
5.140404e-02 1.170907e+04 1.242059e+04 
5.644444e-02 1.095748e+04 1.137001e+04 
6.148485e-02 1.035073e+04 1.043556e+04 
6.652525e-02 9.776696e+03 9.601184e+03 
7.156566e-02 9.160521e+03 8.853849e+03 
7.660606e-02 8.474769e+03 8.182636e+03 
8.164646e-02 7.740973e+03 7.578268e+03 
8.668687e-02 7.008081e+03 7.032777e+03 
9.172727e-02 6.327017e+03 6.539281e+03 
9.676768e-02 5.736973e+03 6.091812e+03 
1.018081e-01 5.261633e+03 5.685180e+03 
1.068485e-01 4.903813e+03 5.314864e+03 
1.118889e-01 4.644268e+03 4.976913e+03 
1.169293e-01 4.449331e+03 4.667870e+03 
1.219697e-01 4.283604e+03 4.384704e+03 
1.270101e-01 4.118232e+03 4.124750e+03 
1.320505e-01 3.934040e+03 3.885665e+03 
1.370909e-01 3.723525e+03 3.665377e+03 
1.421313e-01 3.491362e+03 3.462057e+03 
1.471717e-01 3.250909e+03 3.274085e+03 
1.522121e-01 3.018115e+03 3.100019e+03 
1.572525e-01 2.807092e+03 2.938580e+03 
1.622929e-01 2.627715e+03 2.788627e+03 
1.673333e-01 2.484167e+03 2.649138e+03 
1.723737e-01 2.373419e+03 2.519201e+03 
1.774141e-01 2.287064e+03 2.397999e+03 
1.824545e-01 2.214665e+03 2.284794e+03 
1.874949e-01 2.146716e+03 2.178926e+03 
1.925354e-01 2.075732e+03 2.079798e+03 
1.975758e-01 1.996974e+03 1.986871e+03 
2.026162e-01 1.909414e+03 1.899657e+03 
2.076566e-01 1.815787e+03 1.817714e+03 
2.126970e-01 1.721111e+03 1.740641e+03 
2.177374e-01 1.630556e+03 1.668073e+03 
2.227778e-01 1.548263e+03 1.599678e+03 
2.278182e-01 1.476672e+03 1.535154e+03 
2.328586e-01 1.416395e+03 1.474223e+03 
2.378990e-01 1.366197e+03 1.416634e+03 
2.429394e-01 1.323566e+03 1.362154e+03 
2.479798e-01 1.285498e+03 1.310571e+03 
2.530202e-01 1.248989e+03 1.261691e+03 
2.580606e-01 1.211562e+03 1.215333e+03 
2.631010e-01 1.171815e+03 1.171334e+03 
2.681414e-01 1.129752e+03 1.129541e+03 
2.731818e-01 1.086489e+03 1.089813e+03 
2.782222e-01 1.043521e+03 1.052023e+03 
2.832626e-01 1.002259e+03 1.016049e+03 
2.883030e-01 9.638503e+02 9.817809e+02 
2.933434e-01 9.291498e+02 9.491162e+02 
2.983838e-01 8.984276e+02 9.179594e+02 
3.034242e-01 8.712758e+02 8.882223e+02 
3.084646e-01 8.467825e+02 8.598226e+02 
3.135051e-01 8.239627e+02 8.326838e+02 
3.185455e-01 8.019611e+02 8.067349e+02 
3.235859e-01 7.800879e+02 7.819093e+02 
3.286263e-01 7.579076e+02 7.581454e+02 
3.336667e-01 7.353281e+02 7.353853e+02 
3.387071e-01 7.126058e+02 7.135750e+02 
3.437475e-01 6.902161e+02 6.926642e+02 
3.487879e-01 6.686261e+02 6.726055e+02 
3.538283e-01 6.481951e+02 6.533548e+02 
3.588687e-01 6.291417e+02 6.348705e+02 
3.639091e-01 6.115232e+02 6.171139e+02 
3.689495e-01 5.952394e+02 6.000483e+02 
3.739899e-01 5.800551e+02 5.836396e+02 
3.790303e-01 5.656553e+02 5.678555e+02 
3.840707e-01 5.517540e+02 5.526656e+02 
3.891111e-01 5.381360e+02 5.380415e+02 
3.941515e-01 5.246671e+02 5.239562e+02 
3.991919e-01 5.112970e+02 5.103845e+02 
4.042323e-01 4.980557e+02 4.973023e+02 
4.092727e-01 4.850590e+02 4.846873e+02 
4.143131e-01 4.724689e+02 4.725181e+02 
4.193535e-01 4.604060e+02 4.607746e+02 
4.243939e-01 4.489033e+02 4.494378e+02 
4.294343e-01 4.379769e+02 4.384896e+02 
4.344747e-01 4.276121e+02 4.279131e+02 
4.395152e-01 4.177602e+02 4.176922e+02 
4.445556e-01 4.083253e+02 4.078116e+02 
4.495960e-01 3.991960e+02 3.982567e+02 
4.546364e-01 3.902884e+02 3.890140e+02 
4.596768e-01 3.815761e+02 3.800703e+02 
4.647172e-01 3.730436e+02 3.714133e+02 
4.697576e-01 3.646730e+02 3.630312e+02 
4.747980e-01 3.564821e+02 3.549129e+02 
4.798384e-01 3.484991e+02 3.470477e+02 
4.848788e-01 3.407808e+02 3.394257e+02 
4.899192e-01 3.333485e+02 3.320370e+02 
4.949596e-01 3.261931e+02 3.248727e+02 
5.000000e-01 3.192957e+02 3.179241e+02 
