1.000000e-03 4.882444e+03 4.882440e+03 
6.040404e-03 2.206951e+04 2.225018e+04 
1.108081e-02 3.017634e+04 3.046553e+04 
1.612121e-02 3.249484e+04 3.288732e+04 
2.116162e-02 3.118089e+04 3.129630e+04 
2.620202e-02 2.787054e+04 2.760731e+04 
3.124242e-02 2.382950e+04 2.368861e+04 
3.628283e-02 1.993512e+04 2.038520e+04 
4.132323e-02 1.667766e+04 1.776750e+04 
4.636364e-02 1.420975e+04 1.568304e+04 
5.140404e-02 1.252571e+04 1.398414e+04 
5.644444e-02 1.145654e+04 1.256690e+04 
6.148485e-02 1.079994e+04 1.136245e+04 
6.652525e-02 1.036043e+04 1.032442e+04 
7.156566e-02 9.961909e+03 9.420340e+03 
7.660606e-02 9.478671e+03 8.626523e+03 
8.164646e-02 8.847121e+03 7.924994e+03 
8.668687e-02 8.073716e+03 7.301697e+03 
9.172727e-02 7.217371e+03 6.745373e+03 
9.676768e-02 6.360055e+03 6.246831e+03 
1.018081e-01 5.581793e+03 5.798465e+03 
1.068485e-01 4.940737e+03 5.393904e+03 
1.118889e-01 4.462132e+03 5.027768e+03 
1.169293e-01 4.139936e+03 4.695479e+03 
1.219697e-01 3.946135e+03 4.393117e+03 
1.270101e-01 3.841871e+03 4.117305e+03 
1.320505e-01 3.783435e+03 3.865126e+03 
1.370909e-01 3.727322e+03 3.634045e+03 
1.421313e-01 3.638410e+03 3.421850e+03 
1.471717e-01 3.497018e+03 3.226607e+03 
1.522121e-01 3.300791e+03 3.046619e+03 
1.572525e-01 3.061666e+03 2.880391e+03 
1.622929e-01 2.801695e+03 2.726603e+03 
1.673333e-01 2.547344e+03 2.584085e+03 
1.723737e-01 2.322205e+03 2.451800e+03 
1.774141e-01 2.141084e+03 2.328823e+03 
1.824545e-01 2.008171e+03 2.214331e+03 
1.874949e-01 1.919563e+03 2.107586e+03 
1.925354e-01 1.866698e+03 2.007928e+03 
1.975758e-01 1.837735e+03 1.914765e+03 
2.026162e-01 1.818500e+03 1.827561e+03 
2.076566e-01 1.794970e+03 1.745836e+03 
2.126970e-01 1.756595e+03 1.669156e+03 
2.177374e-01 1.698478e+03 1.597127e+03 
2.227778e-01 1.621320e+03 1.529392e+03 
2.278182e-01 1.530202e+03 1.465628e+03 
2.328586e-01 1.432737e+03 1.405540e+03 
2.378990e-01 1.337459e+03 1.348861e+03 
2.429394e-01 1.251840e+03 1.295344e+03 
2.479798e-01 1.180847e+03 1.244767e+03 
2.530202e-01 1.126498e+03 1.196925e+03 
2.580606e-01 1.087967e+03 1.151630e+03 
2.631010e-01 1.062174e+03 1.108711e+03 
2.681414e-01 1.044610e+03 1.068009e+03 
2.731818e-01 1.030225e+03 1.029379e+03 
2.782222e-01 1.014386e+03 9.926876e+02 
2.832626e-01 9.936553e+02 9.578104e+02 
2.883030e-01 9.662217e+02 9.246339e+02 
2.933434e-01 9.320402e+02 8.930526e+02 
2.983838e-01 8.926762e+02 8.629690e+02 
3.034242e-01 8.507940e+02 8.342929e+02 
3.084646e-01 8.094067e+02 8.069404e+02 
3.135051e-01 7.711855e+02 7.808338e+02 
3.185455e-01 7.380671e+02 7.559010e+02 
3.235859e-01 7.109412e+02 7.320747e+02 
3.286263e-01 6.897137e+02 7.092925e+02 
3.336667e-01 6.734250e+02 6.874960e+02 
3.387071e-01 6.605526e+02 6.666309e+02 
3.437475e-01 6.493391e+02 6.466466e+02 
3.487879e-01 6.380814e+02 6.274957e+02 
3.538283e-01 6.254290e+02 6.091338e+02 
3.588687e-01 6.105803e+02 5.915196e+02 
3.639091e-01 5.933916e+02 5.746142e+02 
3.689495e-01 5.743447e+02 5.583812e+02 
3.739899e-01 5.542894e+02 5.427866e+02 
3.790303e-01 5.342107e+02 5.277982e+02 
3.840707e-01 5.150842e+02 5.133861e+02 
3.891111e-01 4.976730e+02 4.995219e+02 
3.941515e-01 4.824635e+02 4.861791e+02 
3.991919e-01 4.695769e+02 4.733327e+02 
4.042323e-01 4.587264e+02 4.609590e+02 
4.092727e-01 4.494099e+02 4.490359e+02 
4.143131e-01 4.409944e+02 4.375424e+02 
4.193535e-01 4.328776e+02 4.264587e+02 
4.243939e-01 4.245378e+02 4.157662e+02 
4.294343e-01 4.156092e+02 4.054472e+02 
4.344747e-01 4.059411e+02 3.954851e+02 
4.395152e-01 3.956058e+02 3.858640e+02 
4.445556e-01 3.848603e+02 3.765691e+02 
4.495960e-01 3.740533e+02 3.675863e+02 
4.546364e-01 3.635370e+02 3.589021e+02 
4.596768e-01 3.536092e+02 3.505038e+02 
4.647172e-01 3.444847e+02 3.423794e+02 
4.697576e-01 3.362663e+02 3.345176e+02 
4.747980e-01 3.289177e+02 3.269073e+02 
4.798384e-01 3.222975e+02 3.195385e+02 
4.848788e-01 3.161816e+02 3.124011e+02 
4.899192e-01 3.103439e+02 3.054860e+02 
4.949596e-01 3.045756e+02 2.987843e+02 
5.000000e-01 2.987257e+02 2.922876e+02 
