1.000000e-03 2.786642e+03 2.786640e+03 
6.040404e-03 1.256321e+04 1.265413e+04 
1.108081e-02 1.729384e+04 1.735689e+04 
1.612121e-02 1.894093e+04 1.892679e+04 
2.116162e-02 1.873660e+04 1.860259e+04 
2.620202e-02 1.753839e+04 1.743209e+04 
3.124242e-02 1.595561e+04 1.607993e+04 
3.628283e-02 1.437957e+04 1.478328e+04 
4.132323e-02 1.301258e+04 1.359226e+04 
4.636364e-02 1.191226e+04 1.250861e+04 
5.140404e-02 1.107274e+04 1.152506e+04 
5.644444e-02 1.038620e+04 1.063325e+04 
6.148485e-02 9.777506e+03 9.824979e+03 
6.652525e-02 9.182781e+03 9.092440e+03 
7.156566e-02 8.557215e+03 8.428266e+03 
7.660606e-02 7.896429e+03 7.825616e+03 
8.164646e-02 7.231291e+03 7.278211e+03 
8.668687e-02 6.604151e+03 6.780349e+03 
9.172727e-02 6.045605e+03 6.326892e+03 
9.676768e-02 5.572337e+03 5.913237e+03 
1.018081e-01 5.190195e+03 5.535277e+03 
1.068485e-01 4.891992e+03 5.189357e+03 
1.118889e-01 4.655632e+03 4.872226e+03 
1.169293e-01 4.451106e+03 4.581001e+03 
1.219697e-01 4.252640e+03 4.313119e+03 
1.270101e-01 4.045615e+03 4.066302e+03 
1.320505e-01 3.825917e+03 3.838528e+03 
1.370909e-01 3.597260e+03 3.627996e+03 
1.421313e-01 3.368504e+03 3.433099e+03 
1.471717e-01 3.150587e+03 3.252406e+03 
1.522121e-01 2.953037e+03 3.084636e+03 
1.572525e-01 2.782199e+03 2.928646e+03 
1.622929e-01 2.639955e+03 2.783407e+03 
1.673333e-01 2.523068e+03 2.647998e+03 
1.723737e-01 2.424355e+03 2.521590e+03 
1.774141e-01 2.335492e+03 2.403438e+03 
1.824545e-01 2.249869e+03 2.292866e+03 
1.874949e-01 2.162996e+03 2.189267e+03 
1.925354e-01 2.072554e+03 2.092091e+03 
1.975758e-01 1.978637e+03 2.000837e+03 
2.026162e-01 1.883964e+03 1.915054e+03 
2.076566e-01 1.792544e+03 1.834328e+03 
2.126970e-01 1.707694e+03 1.758286e+03 
2.177374e-01 1.631173e+03 1.686586e+03 
2.227778e-01 1.563468e+03 1.618914e+03 
2.278182e-01 1.504148e+03 1.554987e+03 
2.328586e-01 1.451803e+03 1.494542e+03 
2.378990e-01 1.404090e+03 1.437341e+03 
2.429394e-01 1.358682e+03 1.383163e+03 
2.479798e-01 1.313971e+03 1.331807e+03 
2.530202e-01 1.269121e+03 1.283087e+03 
2.580606e-01 1.223895e+03 1.236833e+03 
2.631010e-01 1.178649e+03 1.192885e+03 
2.681414e-01 1.134311e+03 1.151099e+03 
2.731818e-01 1.092017e+03 1.111339e+03 
2.782222e-01 1.052589e+03 1.073483e+03 
2.832626e-01 1.016296e+03 1.037413e+03 
2.883030e-01 9.829951e+02 1.003023e+03 
2.933434e-01 9.523320e+02 9.702133e+02 
2.983838e-01 9.238662e+02 9.388927e+02 
3.034242e-01 8.969634e+02 9.089749e+02 
3.084646e-01 8.709828e+02 8.803801e+02 
3.135051e-01 8.454626e+02 8.530341e+02 
3.185455e-01 8.202463e+02 8.268676e+02 
3.235859e-01 7.954246e+02 8.018158e+02 
3.286263e-01 7.711855e+02 7.778185e+02 
3.336667e-01 7.477335e+02 7.548192e+02 
3.387071e-01 7.252632e+02 7.327650e+02 
3.437475e-01 7.039526e+02 7.116066e+02 
3.487879e-01 6.838970e+02 6.912977e+02 
3.538283e-01 6.650418e+02 6.717948e+02 
3.588687e-01 6.471975e+02 6.530572e+02 
3.639091e-01 6.301576e+02 6.350467e+02 
3.689495e-01 6.137451e+02 6.177274e+02 
3.739899e-01 5.978482e+02 6.010653e+02 
3.790303e-01 5.823910e+02 5.850288e+02 
3.840707e-01 5.673040e+02 5.695879e+02 
3.891111e-01 5.525708e+02 5.547144e+02 
3.941515e-01 5.382439e+02 5.403818e+02 
3.991919e-01 5.244069e+02 5.265648e+02 
4.042323e-01 5.111097e+02 5.132399e+02 
4.092727e-01 4.983604e+02 5.003848e+02 
4.143131e-01 4.861415e+02 4.879782e+02 
4.193535e-01 4.744251e+02 4.760002e+02 
4.243939e-01 4.631750e+02 4.644319e+02 
4.294343e-01 4.523406e+02 4.532554e+02 
4.344747e-01 4.418571e+02 4.424537e+02 
4.395152e-01 4.316697e+02 4.320109e+02 
4.445556e-01 4.217581e+02 4.219117e+02 
4.495960e-01 4.121232e+02 4.121416e+02 
4.546364e-01 4.027667e+02 4.026869e+02 
4.596768e-01 3.936821e+02 3.935347e+02 
4.647172e-01 3.848666e+02 3.846725e+02 
4.697576e-01 3.763310e+02 3.760886e+02 
4.747980e-01 3.680858e+02 3.677719e+02 
4.798384e-01 3.601271e+02 3.597117e+02 
4.848788e-01 3.524303e+02 3.518979e+02 
4.899192e-01 3.449694e+02 3.443209e+02 
4.949596e-01 3.377332e+02 3.369714e+02 
5.000000e-01 3.307111e+02 3.298408e+02 
