1.000000e-03 2.544360e+03 2.544358e+03 
6.040404e-03 1.117885e+04 1.125815e+04 
1.108081e-02 1.524929e+04 1.525681e+04 
1.612121e-02 1.672819e+04 1.661424e+04 
2.116162e-02 1.673695e+04 1.653717e+04 
2.620202e-02 1.597416e+04 1.582120e+04 
3.124242e-02 1.488962e+04 1.488399e+04 
3.628283e-02 1.375244e+04 1.389381e+04 
4.132323e-02 1.269750e+04 1.291848e+04 
4.636364e-02 1.175694e+04 1.198839e+04 
5.140404e-02 1.094823e+04 1.111724e+04 
5.644444e-02 1.020190e+04 1.031007e+04 
6.148485e-02 9.500914e+03 9.567091e+03 
6.652525e-02 8.828343e+03 8.885876e+03 
7.156566e-02 8.176298e+03 8.262656e+03 
7.660606e-02 7.555210e+03 7.693064e+03 
8.164646e-02 6.985794e+03 7.172586e+03 
8.668687e-02 6.481290e+03 6.696814e+03 
9.172727e-02 6.040195e+03 6.261582e+03 
9.676768e-02 5.655801e+03 5.863030e+03 
1.018081e-01 5.321284e+03 5.497628e+03 
1.068485e-01 5.025234e+03 5.162179e+03 
1.118889e-01 4.751738e+03 4.853796e+03 
1.169293e-01 4.488156e+03 4.569888e+03 
1.219697e-01 4.230978e+03 4.308129e+03 
1.270101e-01 3.983195e+03 4.066437e+03 
1.320505e-01 3.749409e+03 3.842949e+03 
1.370909e-01 3.533217e+03 3.635994e+03 
1.421313e-01 3.336815e+03 3.444078e+03 
1.471717e-01 3.160233e+03 3.265859e+03 
1.522121e-01 3.001835e+03 3.100135e+03 
1.572525e-01 2.858978e+03 2.945825e+03 
1.622929e-01 2.728302e+03 2.801956e+03 
1.673333e-01 2.606040e+03 2.667652e+03 
1.723737e-01 2.489057e+03 2.542124e+03 
1.774141e-01 2.376279e+03 2.424658e+03 
1.824545e-01 2.268040e+03 2.314609e+03 
1.874949e-01 2.164983e+03 2.211392e+03 
1.925354e-01 2.067569e+03 2.114478e+03 
1.975758e-01 1.976412e+03 2.023384e+03 
2.026162e-01 1.892108e+03 1.937674e+03 
2.076566e-01 1.814359e+03 1.856947e+03 
2.126970e-01 1.742125e+03 1.780842e+03 
2.177374e-01 1.674344e+03 1.709024e+03 
2.227778e-01 1.610371e+03 1.641191e+03 
2.278182e-01 1.549573e+03 1.577065e+03 
2.328586e-01 1.491390e+03 1.516389e+03 
2.378990e-01 1.435586e+03 1.458931e+03 
2.429394e-01 1.382264e+03 1.404476e+03 
2.479798e-01 1.331583e+03 1.352825e+03 
2.530202e-01 1.283478e+03 1.303796e+03 
2.580606e-01 1.237858e+03 1.257220e+03 
2.631010e-01 1.194704e+03 1.212944e+03 
2.681414e-01 1.153974e+03 1.170823e+03 
2.731818e-01 1.115444e+03 1.130724e+03 
2.782222e-01 1.078727e+03 1.092525e+03 
2.832626e-01 1.043568e+03 1.056112e+03 
2.883030e-01 1.009897e+03 1.021379e+03 
2.933434e-01 9.776981e+02 9.882277e+02 
2.983838e-01 9.468766e+02 9.565669e+02 
3.034242e-01 9.173068e+02 9.263116e+02 
3.084646e-01 8.889591e+02 8.973826e+02 
3.135051e-01 8.618595e+02 8.697062e+02 
3.185455e-01 8.359931e+02 8.432136e+02 
3.235859e-01 8.112632e+02 8.178404e+02 
3.286263e-01 7.875541e+02 7.935266e+02 
3.336667e-01 7.648083e+02 7.702160e+02 
3.387071e-01 7.429943e+02 7.478560e+02 
3.437475e-01 7.220643e+02 7.263972e+02 
3.487879e-01 7.019401e+02 7.057936e+02 
3.538283e-01 6.825440e+02 6.860017e+02 
3.588687e-01 6.638667e+02 6.669809e+02 
3.639091e-01 6.459122e+02 6.486930e+02 
3.689495e-01 6.286579e+02 6.311019e+02 
3.739899e-01 6.120519e+02 6.141740e+02 
3.790303e-01 5.960411e+02 5.978773e+02 
3.840707e-01 5.806116e+02 5.821820e+02 
3.891111e-01 5.657579e+02 5.670596e+02 
3.941515e-01 5.514474e+02 5.524837e+02 
3.991919e-01 5.376330e+02 5.384289e+02 
4.042323e-01 5.242879e+02 5.248716e+02 
4.092727e-01 5.113998e+02 5.117894e+02 
4.143131e-01 4.989583e+02 4.991609e+02 
4.193535e-01 4.869414e+02 4.869661e+02 
4.243939e-01 4.753215e+02 4.751861e+02 
4.294343e-01 4.640814e+02 4.638028e+02 
4.344747e-01 4.532182e+02 4.527991e+02 
4.395152e-01 4.427213e+02 4.421590e+02 
4.445556e-01 4.325653e+02 4.318671e+02 
4.495960e-01 4.227250e+02 4.219088e+02 
4.546364e-01 4.131910e+02 4.122703e+02 
4.596768e-01 4.039644e+02 4.029386e+02 
4.647172e-01 3.950320e+02 3.939012e+02 
4.697576e-01 3.863692e+02 3.851461e+02 
4.747980e-01 3.779632e+02 3.766622e+02 
4.798384e-01 3.698151e+02 3.684387e+02 
4.848788e-01 3.619154e+02 3.604654e+02 
4.899192e-01 3.542521e+02 3.527325e+02 
4.949596e-01 3.468133e+02 3.452309e+02 
5.000000e-01 3.395887e+02 3.379516e+02 
