1.000000e-03 4.724721e+03 4.724717e+03 
6.040404e-03 2.132971e+04 2.150382e+04 
1.108081e-02 2.947517e+04 2.976853e+04 
1.612121e-02 3.209264e+04 3.252819e+04 
2.116162e-02 3.112375e+04 3.131834e+04 
2.620202e-02 2.808159e+04 2.781714e+04 
3.124242e-02 2.417895e+04 2.387694e+04 
3.628283e-02 2.029289e+04 2.048089e+04 
4.132323e-02 1.694638e+04 1.778444e+04 
4.636364e-02 1.434210e+04 1.565218e+04 
5.140404e-02 1.250400e+04 1.392968e+04 
5.644444e-02 1.130609e+04 1.250381e+04 
6.148485e-02 1.056118e+04 1.129903e+04 
6.652525e-02 1.009436e+04 1.026486e+04 
7.156566e-02 9.734589e+03 9.366512e+03 
7.660606e-02 9.336733e+03 8.579007e+03 
8.164646e-02 8.813628e+03 7.883698e+03 
8.668687e-02 8.146026e+03 7.266199e+03 
9.172727e-02 7.369158e+03 6.715112e+03 
9.676768e-02 6.548505e+03 6.221210e+03 
1.018081e-01 5.758378e+03 5.776903e+03 
1.068485e-01 5.065313e+03 5.375866e+03 
1.118889e-01 4.513250e+03 5.012771e+03 
1.169293e-01 4.115403e+03 4.683095e+03 
1.219697e-01 3.857442e+03 4.382973e+03 
1.270101e-01 3.708955e+03 4.109079e+03 
1.320505e-01 3.632668e+03 3.858537e+03 
1.370909e-01 3.589161e+03 3.628851e+03 
1.421313e-01 3.540738e+03 3.417844e+03 
1.471717e-01 3.457033e+03 3.223613e+03 
1.522121e-01 3.321132e+03 3.044483e+03 
1.572525e-01 3.131926e+03 2.878982e+03 
1.622929e-01 2.902470e+03 2.725809e+03 
1.673333e-01 2.654937e+03 2.583810e+03 
1.723737e-01 2.414152e+03 2.451961e+03 
1.774141e-01 2.201111e+03 2.329350e+03 
1.824545e-01 2.028692e+03 2.215162e+03 
1.874949e-01 1.901399e+03 2.108670e+03 
1.925354e-01 1.816944e+03 2.009221e+03 
1.975758e-01 1.767871e+03 1.916226e+03 
2.026162e-01 1.742942e+03 1.829160e+03 
2.076566e-01 1.728720e+03 1.747544e+03 
2.126970e-01 1.712114e+03 1.670948e+03 
2.177374e-01 1.682892e+03 1.598982e+03 
2.227778e-01 1.635208e+03 1.531293e+03 
2.278182e-01 1.568044e+03 1.467560e+03 
2.328586e-01 1.484821e+03 1.407491e+03 
2.378990e-01 1.392448e+03 1.350818e+03 
2.429394e-01 1.299392e+03 1.297299e+03 
2.479798e-01 1.213397e+03 1.246712e+03 
2.530202e-01 1.139982e+03 1.198853e+03 
2.580606e-01 1.082056e+03 1.153537e+03 
2.631010e-01 1.040006e+03 1.110591e+03 
2.681414e-01 1.012043e+03 1.069858e+03 
2.731818e-01 9.944949e+02 1.031195e+03 
2.782222e-01 9.825445e+02 9.944674e+02 
2.832626e-01 9.713257e+02 9.595523e+02 
2.883030e-01 9.568349e+02 9.263362e+02 
2.933434e-01 9.364333e+02 8.947143e+02 
2.983838e-01 9.090185e+02 8.645892e+02 
3.034242e-01 8.750109e+02 8.358710e+02 
3.084646e-01 8.362718e+02 8.084762e+02 
3.135051e-01 7.956781e+02 7.823272e+02 
3.185455e-01 7.562778e+02 7.573521e+02 
3.235859e-01 7.206090e+02 7.334837e+02 
3.286263e-01 6.902822e+02 7.106598e+02 
3.336667e-01 6.659094e+02 6.888221e+02 
3.387071e-01 6.472783e+02 6.679164e+02 
3.437475e-01 6.334403e+02 6.478921e+02 
3.487879e-01 6.228977e+02 6.287018e+02 
3.538283e-01 6.138234e+02 6.103014e+02 
3.588687e-01 6.044677e+02 5.926493e+02 
3.639091e-01 5.934881e+02 5.757069e+02 
3.689495e-01 5.801486e+02 5.594378e+02 
3.739899e-01 5.643317e+02 5.438078e+02 
3.790303e-01 5.464345e+02 5.287850e+02 
3.840707e-01 5.272437e+02 5.143393e+02 
3.891111e-01 5.077850e+02 5.004425e+02 
3.941515e-01 4.891261e+02 4.870678e+02 
3.991919e-01 4.721480e+02 4.741904e+02 
4.042323e-01 4.573809e+02 4.617866e+02 
4.092727e-01 4.449673e+02 4.498342e+02 
4.143131e-01 4.347164e+02 4.383122e+02 
4.193535e-01 4.261947e+02 4.272009e+02 
4.243939e-01 4.188095e+02 4.164815e+02 
4.294343e-01 4.118928e+02 4.061365e+02 
4.344747e-01 4.048179e+02 3.961490e+02 
4.395152e-01 3.971366e+02 3.865035e+02 
4.445556e-01 3.886194e+02 3.771848e+02 
4.495960e-01 3.792658e+02 3.681789e+02 
4.546364e-01 3.692615e+02 3.594723e+02 
4.596768e-01 3.589312e+02 3.510523e+02 
4.647172e-01 3.486403e+02 3.429070e+02 
4.697576e-01 3.387824e+02 3.350247e+02 
4.747980e-01 3.296590e+02 3.273947e+02 
4.798384e-01 3.214467e+02 3.200067e+02 
4.848788e-01 3.141850e+02 3.128509e+02 
4.899192e-01 3.077829e+02 3.059178e+02 
4.949596e-01 3.020576e+02 2.991987e+02 
5.000000e-01 2.967807e+02 2.926851e+02 
