1.000000e-03 1.379565e+04 1.379564e+04 
6.040404e-03 5.997127e+04 6.050229e+04 
1.108081e-02 7.914668e+04 8.039922e+04 
1.612121e-02 8.160310e+04 8.381309e+04 
2.116162e-02 7.385925e+04 7.521415e+04 
2.620202e-02 6.099922e+04 6.018054e+04 
3.124242e-02 4.701810e+04 4.548646e+04 
3.628283e-02 3.457434e+04 3.441088e+04 
4.132323e-02 2.493845e+04 2.682242e+04 
4.636364e-02 1.826954e+04 2.164255e+04 
5.140404e-02 1.416695e+04 1.798264e+04 
5.644444e-02 1.196816e+04 1.528254e+04 
6.148485e-02 1.103395e+04 1.321025e+04 
6.652525e-02 1.087219e+04 1.156742e+04 
7.156566e-02 1.107835e+04 1.023142e+04 
7.660606e-02 1.127020e+04 9.123150e+03 
8.164646e-02 1.113046e+04 8.189331e+03 
8.668687e-02 1.050122e+04 7.392647e+03 
9.172727e-02 9.411785e+03 6.706030e+03 
9.676768e-02 8.026436e+03 6.109265e+03 
1.018081e-01 6.569274e+03 5.586871e+03 
1.068485e-01 5.248765e+03 5.126746e+03 
1.118889e-01 4.202655e+03 4.719267e+03 
1.169293e-01 3.479706e+03 4.356667e+03 
1.219697e-01 3.060299e+03 4.032602e+03 
1.270101e-01 2.892665e+03 3.741832e+03 
1.320505e-01 2.915424e+03 3.479996e+03 
1.370909e-01 3.062412e+03 3.243428e+03 
1.421313e-01 3.259660e+03 3.029030e+03 
1.471717e-01 3.426897e+03 2.834165e+03 
1.522121e-01 3.491007e+03 2.656576e+03 
1.572525e-01 3.407485e+03 2.494324e+03 
1.622929e-01 3.175426e+03 2.345730e+03 
1.673333e-01 2.834126e+03 2.209339e+03 
1.723737e-01 2.443855e+03 2.083883e+03 
1.774141e-01 2.064258e+03 1.968251e+03 
1.824545e-01 1.740972e+03 1.861470e+03 
1.874949e-01 1.499876e+03 1.762682e+03 
1.925354e-01 1.347771e+03 1.671130e+03 
1.975758e-01 1.277899e+03 1.586142e+03 
2.026162e-01 1.275725e+03 1.507123e+03 
2.076566e-01 1.322210e+03 1.433542e+03 
2.126970e-01 1.394518e+03 1.364924e+03 
2.177374e-01 1.466765e+03 1.300845e+03 
2.227778e-01 1.513601e+03 1.240925e+03 
2.278182e-01 1.516137e+03 1.184821e+03 
2.328586e-01 1.466825e+03 1.132225e+03 
2.378990e-01 1.370626e+03 1.082859e+03 
2.429394e-01 1.242552e+03 1.036472e+03 
2.479798e-01 1.102799e+03 9.928340e+02 
2.530202e-01 9.707952e+02 9.517396e+02 
2.580606e-01 8.608184e+02 9.130001e+02 
2.631010e-01 7.803587e+02 8.764442e+02 
2.681414e-01 7.310196e+02 8.419155e+02 
2.731818e-01 7.104748e+02 8.092712e+02 
2.782222e-01 7.135489e+02 7.783805e+02 
2.832626e-01 7.327076e+02 7.491237e+02 
2.883030e-01 7.586858e+02 7.213909e+02 
2.933434e-01 7.817024e+02 6.950811e+02 
2.983838e-01 7.931533e+02 6.701015e+02 
3.034242e-01 7.872658e+02 6.463665e+02 
3.084646e-01 7.623245e+02 6.237972e+02 
3.135051e-01 7.207930e+02 6.023207e+02 
3.185455e-01 6.683718e+02 5.818697e+02 
3.235859e-01 6.121905e+02 5.623818e+02 
3.286263e-01 5.590014e+02 5.437992e+02 
3.336667e-01 5.140000e+02 5.260685e+02 
3.387071e-01 4.802669e+02 5.091398e+02 
3.437475e-01 4.587261e+02 4.929670e+02 
3.487879e-01 4.485087e+02 4.775070e+02 
3.538283e-01 4.474451e+02 4.627198e+02 
3.588687e-01 4.524572e+02 4.485680e+02 
3.639091e-01 4.599204e+02 4.350170e+02 
3.689495e-01 4.660724e+02 4.220341e+02 
3.739899e-01 4.676201e+02 4.095890e+02 
3.790303e-01 4.624539e+02 3.976533e+02 
3.840707e-01 4.500288e+02 3.862004e+02 
3.891111e-01 4.312886e+02 3.752054e+02 
3.941515e-01 4.082527e+02 3.646449e+02 
3.991919e-01 3.835214e+02 3.544971e+02 
4.042323e-01 3.597059e+02 3.447413e+02 
4.092727e-01 3.389390e+02 3.353583e+02 
4.143131e-01 3.225582e+02 3.263298e+02 
4.193535e-01 3.110673e+02 3.176388e+02 
4.243939e-01 3.042752e+02 3.092691e+02 
4.294343e-01 3.013953e+02 3.012057e+02 
4.344747e-01 3.011633e+02 2.934341e+02 
4.395152e-01 3.020507e+02 2.859410e+02 
4.445556e-01 3.025390e+02 2.787135e+02 
4.495960e-01 3.013587e+02 2.717397e+02 
4.546364e-01 2.976656e+02 2.650082e+02 
4.596768e-01 2.911432e+02 2.585082e+02 
4.647172e-01 2.820356e+02 2.522296e+02 
4.697576e-01 2.710909e+02 2.461627e+02 
4.747980e-01 2.593207e+02 2.402984e+02 
4.798384e-01 2.477502e+02 2.346281e+02 
4.848788e-01 2.372462e+02 2.291436e+02 
4.899192e-01 2.284275e+02 2.238371e+02 
4.949596e-01 2.216248e+02 2.187012e+02 
5.000000e-01 2.168421e+02 2.137289e+02 
