1 0.3255824450603186 0.09123968889658213 66.76765045779742 0.9704072330184093 0.8122968956137584 0.00010066641878307427 1. 1.
2 0.3164303281771791 0.036344165299746656 67.75262750433404 0.9726164602108651 0.8097714992337035 0.00010027856345383737 1. 1.
3 0.31366944719631784 0.07720652021039293 67.10586426342131 0.9646893573312529 0.8117613594057139 0.00010186414876410505 1. 1.
4 0.3247368017114211 0.06463885588564915 68.0375933377493 0.9645183353868962 0.8161399656686221 0.00010041948923903358 1. 1.
5 0.3122460071020577 0.07803736118954877 67.10452040602951 0.9764788266056592 0.815709034595494 0.00010028132796255799 1. 1.
6 0.3143468034085972 0.06587422028060612 67.22109092975462 0.9701485760324159 0.8086934801106322 0.00009936032202894676 1. 1.
7 0.31457822790383055 0.0676670762861217 66.71886376895408 0.9769270259219042 0.8219847309627168 0.00010050473132722324 1. 1.
8 0.30909226993406314 0.018792895812471292 67.02905216549371 0.9666982707716283 0.8119205396686084 0.00009881021092943845 1. 1.
9 0.31735721979619 0.06435377442611415 67.42900384941929 0.9564511295066586 0.8075939248221218 0.00009930715563330236 1. 1.
10 0.31554101537165713 0.020116144071055348 67.50832355388575 0.9673787959253708 0.8055228123439868 0.00010003572396174392 1. 1.
11 0.31919647621580655 0.02129501186027141 67.362460144397 0.9587455130619023 0.8083161710598409 0.00009961678467317339 1. 1.
12 0.33007341789560357 0.042103299630716136 67.66667485553475 0.9717885308378436 0.8085124508225359 0.00009835097035126767 1. 1.
13 0.3092127078219345 0.04061277915423592 67.19596110306124 0.9558409295821226 0.8098513002652116 0.00010233214524493728 1. 1.
14 0.3281384099359293 0.04765552409789379 67.13693571531049 0.9601583109571933 0.8094306352599393 0.00009751034766787724 1. 1.
15 0.30663132789698766 0.09548173594307807 67.42366860851119 0.967597908689106 0.8162199058206776 0.00009744932578258295 1. 1.
16 0.3083284880948197 0.05447258954846527 67.26595332583045 0.9540256175978127 0.8076847590453886 0.00010055369777744083 1. 1.
17 0.33455298415770623 0.0676730345964047 66.64812672781717 0.9482030807249413 0.813803985903155 0.00010194945613125261 1. 1.
18 0.31170620021389256 0.08196610061094352 67.24785724076916 0.9752834548177176 0.802698774485781 0.00009812709589950332 1. 1.
19 0.31245064014183244 0.00786236834163323 67.41457915649468 0.9669184320172093 0.8208965705439142 0.00009768513328525479 1. 1.
20 0.3204197787764911 0.0838817085799419 67.06369940840457 0.9784370422708907 0.8087518693893709 0.00009976892460354015 1. 1.
21 0.3214710488493172 0.05621523766639261 66.88913415597473 0.9620805391645494 0.8093136607551272 0.00009941519925166958 1. 1.
22 0.3177688673293848 0.03079327089091871 67.57391082625949 0.9734958231769004 0.8124283639164246 0.00010022135902683193 1. 1.
23 0.3274773621080204 0.1087410675147033 66.93877907083947 0.9691903637800069 0.8202173712157321 0.00009945517023271362 1. 1.
24 0.3160030296472484 0.06442048185444704 66.8493841559264 0.9675395394169612 0.8071312139341714 0.00010206671158936081 1. 1.
25 0.3022772995612132 0.030930840216432675 67.47157183575862 0.9663089192514753 0.8155248842191445 0.00010006571300544308 1. 1.
26 0.3120202243029148 0.03045091606507194 67.40854812576407 0.9770163218236413 0.8170506820091876 0.00009944729528670753 1. 1.
27 0.32159566257361244 0.04131745138998927 67.1428131879936 0.9584057343109813 0.8167985802016176 0.00009933880249273884 1. 1.
28 0.30700138195346605 0.00870710871841291 67.5920255808178 0.9799346187342781 0.8154404799970438 0.00009908734773566454 1. 1.
29 0.30574975157480655 0.050708562225342056 67.53846569593453 0.9711152095787653 0.8147018884025908 0.00010087022270431688 1. 1.
30 0.3138321130067619 0.04013048293889023 67.33188076363197 0.9643268597393936 0.8081811325886166 0.00009934963681873858 1. 1.
31 0.3195360108230709 0.05432358338968297 67.7303066261967 0.9616525579456268 0.8070866851269561 0.00010055077988635941 1. 1.
32 0.3265411431629951 0.06105661734743809 67.85405905777316 0.9587391180701462 0.8161598557919917 0.00010085886708029914 1. 1.
33 0.32388447947893007 0.061820958450832075 67.38301092281608 0.9685173240239848 0.8129553689780565 0.00010194577838592553 1. 1.
34 0.30785307141079943 0.05838683369169603 66.81288240284935 0.9690365739623672 0.8106960627673977 0.00009987545505388088 1. 1.
35 0.29580775757987604 0.14605233251427557 67.31909785048126 0.9550690142610629 0.8090480570462767 0.00010021798772174532 1. 1.
36 0.29899438136738654 0.0038979899283885025 67.56769509369921 0.9601778099933392 0.8168214775691134 0.00010011501001291496 1. 1.
37 0.31351296964769326 0.005584293073962118 67.2242344861796 0.9787280217251482 0.8088275979103301 0.00009929945554338288 1. 1.
38 0.30238663138579025 0.08240728176885927 66.94177255300403 0.974654493978791 0.8166216217167619 0.00009853945742842077 1. 1.
39 0.3162493460264433 0.0755838393036824 67.57335064420363 0.9618729655078072 0.8104969523361026 0.00010076197081327383 1. 1.
40 0.32757006967111346 0.018339835785622118 67.79353310337812 0.9697150386887143 0.8138388934975942 0.00009936123921515827 1. 1.
41 0.3242589771174779 0.05744291739685633 66.6546479511741 0.9713822133890273 0.8167249013881652 0.00010012652925972198 1. 1.
42 0.30558192721484445 0.07892886781906605 67.15982535818851 0.9598356622571605 0.8109596855796645 0.0001018905594798603 1. 1.
43 0.3142507323608331 0.10414448034004348 67.78009268446212 0.9779957719975629 0.8106367266895596 0.00010073159586393273 1. 1.
44 0.3110721868638736 0.09360047244835262 68.29670975420089 0.9520555661826199 0.8050244173690562 0.00010205346379960859 1. 1.
45 0.3178758001515635 0.004943765559905833 67.37462708912794 0.9672993495191448 0.8128292571136175 0.00009995935629390849 1. 1.
46 0.3126344077972967 0.06304061372244217 67.49822331405498 0.962167396269812 0.8142921258437724 0.00009904700819835333 1. 1.
47 0.311044023838565 0.0309567798817475 67.34335047979825 0.9752769896733513 0.8132552528716234 0.00010011899684105488 1. 1.
48 0.32252516723731317 0.07194825881458039 67.0155007891818 0.9734820089867622 0.8123542709774796 0.00009962901289442555 1. 1.
49 0.3098810567364954 0.06407077495531494 66.549230180706 0.9690019232409238 0.8085549864588344 0.0001010174253150437 1. 1.
50 0.3271212515833603 0.05633841447583947 67.52120517696181 0.9708684316646089 0.8093078285977447 0.00010080845453337745 1. 1.
51 0.3221242516593439 0.08663698013393134 67.43042663298382 0.951019232863702 0.8139892634698149 0.00010012945823681057 1. 1.
52 0.3147248810887783 0.052558070219251275 67.91434547925557 0.9698256183415904 0.8101159281863258 0.00010121228920146531 1. 1.
53 0.3202825255136478 0.032312151739771325 67.96022219540781 0.9707068717666064 0.8143808447636507 0.00009944942770005574 1. 1.
54 0.3352215157047399 0.05164032546075671 67.01922811758969 0.9679332344006274 0.8126393223502111 0.00009918336638599476 1. 1.
55 0.3084863839660548 0.033419411664302325 67.21496615167679 0.96047174222795 0.8135325749483769 0.0001012544823020727 1. 1.
56 0.32283959969369325 0.05886156392613912 66.5222589971232 0.9515882840856349 0.8082009614710273 0.00009974696219566176 1. 1.
57 0.30470798120372555 0.13347216185751648 68.17865394538572 0.9607461056308314 0.8158657743366861 0.00009855542558496162 1. 1.
58 0.32380490356542757 0.05442091613029736 66.96661970193885 0.9594165547815355 0.8120717667319937 0.00009856802841257043 1. 1.
59 0.30154022018496934 0.08285564227783686 66.91379612531865 0.962949388710878 0.817264750541886 0.00010130054182188115 1. 1.
60 0.31759472656636484 0.15223097928546758 67.58324563723842 0.9580083992249773 0.8126754073282345 0.0000996242520533216 1. 1.
61 0.31084124467666313 0.04479935262675848 67.71045940132228 0.9689847029596865 0.8149554343816624 0.00010076572357077575 1. 1.
62 0.32142646363077493 0.043432727010451436 67.66390786574586 0.9685357026909039 0.8124640816161214 0.00010113407424780594 1. 1.
63 0.31862475625457326 0.06757258284094537 67.1848230942862 0.9730579275574188 0.8130355644486483 0.00009967479566073181 1. 1.
64 0.33061627907344876 0.10844021864686662 67.92392675436966 0.963454406164244 0.8168321311840826 0.00009930270643784663 1. 1.
65 0.30466857937478525 0.08058783243980382 67.23777368271652 0.955389660000123 0.8136011463125457 0.00010014162675837491 1. 1.
66 0.30471505071314303 0.08475825588649127 67.2562163858679 0.9685128070577774 0.813139574640369 0.00009943579161991068 1. 1.
67 0.3279972486554171 0.02248566368040812 66.77166866460112 0.9741465706990323 0.8187498233836219 0.00010021426214064686 1. 1.
68 0.3045258311199892 0.07680822807623006 67.57496862400502 0.9616523992799607 0.8107056931651513 0.00010025004008581845 1. 1.
69 0.32077168923405336 0.06509119210698754 67.27276285997957 0.9541486974944284 0.8036581669448255 0.00010003581796835101 1. 1.
70 0.3078074411580824 0.06288297692516166 67.92344410007179 0.9681930378170409 0.811204835715005 0.00010193312981962685 1. 1.
71 0.3074792111819721 0.06101257491945565 67.86013118487703 0.9669816069857347 0.8153436624851331 0.00010053055099331956 1. 1.
72 0.30546373776740665 0.07843519959635219 66.84391172503969 0.9757592289377788 0.8101378267069013 0.00010017765328192262 1. 1.
73 0.3072555090295677 0.07600322016742025 67.04588359513029 0.9620813148303204 0.8150370688635827 0.00009952189709668151 1. 1.
74 0.31761745584644624 0.020918686642135666 68.0000423460166 0.9661082021160476 0.817829269402268 0.00010019459286878295 1. 1.
75 0.3075897518918743 0.09437818705227344 67.07495837723683 0.9710463053945607 0.8137656236931295 0.00010039540235124381 1. 1.
76 0.3102887149082478 0.03457500590500871 67.55566303082264 0.9741625405220935 0.8087161844206603 0.00010100632225414606 1. 1.
77 0.3063986385115885 0.042883844392938936 67.64331516511182 0.9715756693021584 0.8093623660834383 0.00010144209837630235 1. 1.
78 0.31398624562779387 0.03713388589193076 67.4617060938698 0.9654663141774458 0.8111270324481896 0.00009807305926109815 1. 1.
79 0.31204121411529595 0.0176914437224623 66.7682653661911 0.9714568792692128 0.8117805260614748 0.00009907878880709076 1. 1.
80 0.3246607086627752 0.027141745854834243 66.84082425262805 0.965135524555011 0.814155382330616 0.00010051727670799154 1. 1.
81 0.3051698093019312 0.03042039986951539 67.24567428073476 0.9695812282619383 0.8083266708403991 0.0000992752924603752 1. 1.
82 0.3156063749802117 0.11122261789427237 67.21657918126724 0.967436668223358 0.8106132605258878 0.00009898774373116698 1. 1.
83 0.30804510248920164 0.029914633332595204 67.59531426749179 0.9650252140583934 0.8138507086283038 0.00009820700057689013 1. 1.
84 0.3311042997090623 0.0846275064295336 67.41610339535394 0.955801175315999 0.8046650402757675 0.00009825350908019798 1. 1.
85 0.3067801519422319 0.024272073638222563 66.99850666900457 0.9680048437514935 0.8104336055565101 0.00009979585434019389 1. 1.
86 0.3145968681128953 0.016722030690862373 67.36409029747966 0.964546908854981 0.815715112878069 0.00009917898452241943 1. 1.
87 0.3263193599606984 0.045335931603094404 67.48853251518827 0.9776810233625827 0.8134812284728351 0.00010106373711134484 1. 1.
88 0.31205532663946145 0.13757196308594277 66.38068275518049 0.9609478794126672 0.8120416011977085 0.00009881344364264293 1. 1.
89 0.31754294322812077 0.06934460444257848 67.78634473658886 0.9596883522679271 0.8127942341415838 0.00010015455329034063 1. 1.
90 0.30869986334778166 0.027746986393545073 67.18239020022025 0.9675715093734032 0.8128389311947063 0.00010001896251492433 1. 1.
91 0.31286603632280097 0.017059728856252364 67.29730151986917 0.9649296977084261 0.806537466104298 0.00009953511577239826 1. 1.
92 0.31084210477784524 0.047803894559369106 66.56411128296274 0.9550132993297862 0.8107025105081579 0.00009800100219439237 1. 1.
93 0.3252878119777766 0.04879160748384675 66.74826160184054 0.9730615408535086 0.8102986219704016 0.00010005382627189762 1. 1.
94 0.3130093174313055 0.059786795486023066 66.9696150779084 0.9519601381368907 0.8116604279495236 0.00010108898947095074 1. 1.
95 0.30413182696036134 0.047701323040439635 67.13379034977227 0.9502746981644857 0.8124861327060589 0.00009956475888424472 1. 1.
96 0.322449603765903 0.01093537919485485 66.87741126073698 0.9519711646319219 0.81003708943442 0.00009869016991690737 1. 1.
97 0.3267855280559708 0.07874077698188128 67.84173543396297 0.9665078400223496 0.8120224560986369 0.00010164011055299553 1. 1.
98 0.31734960823831054 0.06245826172665294 67.15777533454605 0.971889677995638 0.8118209615308675 0.00009943402713822596 1. 1.
99 0.3286902771240048 0.01647650972313852 67.21335989578336 0.963659670781978 0.8112046748166455 0.00010048738715050221 1. 1.
100 0.3292798186797526 0.05458270887832188 67.29495093504875 0.9716591191181366 0.8132907275532789 0.00009900637336693751 1. 1.
101 0.3223977401827235 0.08103486887626382 67.10404300074873 0.9686773295186604 0.8101343379190006 0.00010132557936466393 1. 1.
102 0.3228512526293116 0.03539781742097032 66.31945172298185 0.9760837611952021 0.8134043415296993 0.00009886825541847373 1. 1.
103 0.3238473701577098 0.042794723689408704 66.85936001590328 0.9600530033723799 0.808653393292761 0.00010043344779052588 1. 1.
104 0.31396402712985433 0.07928788279551975 67.07160110718081 0.966504236458357 0.8147100954143726 0.0000990810905909096 1. 1.
105 0.3287388168833579 0.038458769738896795 67.1895012066207 0.9558044660922396 0.8163020975998838 0.00010081196777886427 1. 1.
106 0.30940774438493884 0.02834674568346103 66.897241407419 0.9663279506905854 0.8204052279256788 0.00009971908579874491 1. 1.
107 0.31990953577063824 0.0470280473218683 67.36053445929112 0.9706383016858443 0.8120476481627363 0.00009891363316287149 1. 1.
108 0.31528702335881237 0.03519025609265664 66.96717982106483 0.9702458493003238 0.8154865550056517 0.00009990536158084099 1. 1.
109 0.3070272857157602 0.16990130794414027 67.43418368781008 0.9710005394096537 0.807980327789303 0.00010033178635768636 1. 1.
110 0.3176847185321682 0.07076298525028135 67.31483323014066 0.9597664473351796 0.8045032698841609 0.0001001274895812044 1. 1.
111 0.3087939249855103 0.046633309933175535 67.58002816442166 0.968566344832102 0.8112265043476492 0.00009953810010733173 1. 1.
112 0.3226270023760385 0.10644775677073647 67.5943334049863 0.9648176099669531 0.8140269554686578 0.00009934241717829168 1. 1.
113 0.30453802995935775 0.034328162871984313 67.49866536420966 0.9748539485531639 0.806467677007157 0.00010172781551463034 1. 1.
114 0.31827457962098216 0.06863835387710177 67.5451052472108 0.9762856949922089 0.8117469881127233 0.00009943599671265996 1. 1.
115 0.31375979742978005 0.03019458757952377 67.83805204036491 0.9653855615635544 0.8129134467904602 0.00010083679418579769 1. 1.
116 0.31225949359390187 0.05628915581269553 67.8338249746714 0.955842650747399 0.810383024193366 0.00009868259479996366 1. 1.
117 0.3376599198422572 0.06010817221135429 67.73096327523443 0.9750207870351051 0.8193577355807693 0.0000986443425210561 1. 1.
118 0.3202659477452862 0.0731481693888374 67.62494033097289 0.9613263676083436 0.8137885398320839 0.00010080002281394107 1. 1.
119 0.3067182234327768 0.05522976638020708 67.28978991222564 0.9586162765151137 0.8124140290139881 0.00010134898053599668 1. 1.
120 0.3215413190534871 0.012314560382024359 66.75713479103707 0.9514010590387287 0.8083719454749572 0.00009974309922682052 1. 1.
121 0.31153799147023253 0.030857154475987303 67.23213556721578 0.9666105656559181 0.809362288715687 0.00010058487268900282 1. 1.
122 0.3184159192567265 0.06800852028350937 66.23301905920886 0.967689110872125 0.8140669197274678 0.00009983678806338238 1. 1.
123 0.3225417228283479 0.0112657397214206 67.20368182051125 0.9644039620418364 0.8068059831966685 0.00010009754905676163 1. 1.
124 0.3167181271180683 0.03134160307799999 67.33909751837236 0.9669608475957508 0.8073702897357037 0.00009794633048931494 1. 1.
125 0.32239153669769083 0.05585291448681306 67.66628689773697 0.9737328847099811 0.8144306255565097 0.00010052926575863702 1. 1.
126 0.3071871097493373 0.004081639015557394 67.06913049505363 0.9759743769153538 0.8126601719444212 0.00010133274476586318 1. 1.
127 0.30794106064275995 0.06096170476974309 66.96234025228806 0.9768027936599635 0.8119158321120945 0.00010110950502473287 1. 1.
128 0.315329981664187 0.04142513767785812 67.25373239762146 0.9629105064288209 0.8160279578436769 0.00009938460063741654 1. 1.
129 0.3203860479626166 0.04059166899740308 66.72302732142357 0.9678477660963338 0.810661780461422 0.00009917967157247003 1. 1.
130 0.32887057371334727 0.07863161697797241 67.25690763606352 0.9703198538120803 0.8118935055707401 0.00009984516756821071 1. 1.
131 0.3130187302463933 0.028374954936082004 67.49500304863568 0.9664124320139483 0.8074009049408011 0.00010002923445461096 1. 1.
132 0.3192414020579742 0.06958892422061166 66.62124254866299 0.9603838849304993 0.8138580734187475 0.00010163986156286597 1. 1.
133 0.31048402517329354 0.019136727672002782 66.77660930992829 0.9630606080005281 0.8050888838224571 0.00010054632394429119 1. 1.
134 0.32160633205656314 0.056832274365885525 67.46110972100414 0.9801536067381892 0.8097683614669177 0.00009990053696583784 1. 1.
135 0.3025081294697185 0.000653822928127816 67.01767867306125 0.9643899211732115 0.8122574682467568 0.00009994375530709505 1. 1.
136 0.3081257392564057 0.09159007843220437 67.12926018028969 0.9750458188089418 0.8115357777616409 0.00009975159027021692 1. 1.
137 0.31568319433885844 0.02854663970295414 67.69766885836073 0.9644563007190742 0.8070909034845352 0.000099966215768386 1. 1.
138 0.31559070730394395 0.09561557824792202 67.29262778012877 0.9710549938530088 0.811669300063725 0.00009806449500075221 1. 1.
139 0.31518402181215505 0.03214299241695595 66.78450128466557 0.9538660936322472 0.8106321504150383 0.0000995216457005747 1. 1.
140 0.32024662929564934 0.021200652954276006 67.67408905177516 0.9564235778363567 0.8166475098718695 0.00010128022754746837 1. 1.
141 0.314669267264916 0.05704933474580615 68.00067838442354 0.9586043128131403 0.8135780697749748 0.00009947388639587167 1. 1.
142 0.3191813784099758 0.002046547471010518 68.0084970056004 0.9700090712583098 0.8183568277904798 0.00009964553314247786 1. 1.
143 0.3249147980523491 0.07996713108570622 67.16955143940847 0.9767118106658986 0.8137568041438191 0.00010127739604423092 1. 1.
144 0.312651308886729 0.021306519519062775 66.96696250170105 0.9626025604215859 0.8055546625285085 0.000099164500908737 1. 1.
145 0.3066146536471679 0.03747596471882903 67.5460156891085 0.9682550406791068 0.8167077034032874 0.00010019997093221675 1. 1.
146 0.3112824164886987 0.045761706944569956 66.95039043657118 0.9596613878888208 0.809848480007603 0.00009965445072186065 1. 1.
147 0.30969342745757833 0.025131081390107165 67.44201812691645 0.9706715761088842 0.8109397578551832 0.00009974346108322593 1. 1.
148 0.3204890355442683 0.05006956227426221 66.92309196774931 0.9635741330930365 0.8040814891419101 0.00010006598709519048 1. 1.
149 0.3206590030099993 0.018670430126116536 67.5188792425078 0.9754835562772093 0.8170341722717626 0.00009837411288732185 1. 1.
150 0.3169862275840427 0.07937456299140941 66.36253266615203 0.969299012705265 0.8112607309202143 0.00009989756283826523 1. 1.
151 0.30567501495804333 0.08745042891501498 67.6754101403919 0.9592730341296866 0.8117803837011893 0.00010103261129768007 1. 1.
152 0.3096625712819684 0.0029169256903605403 67.51463636209367 0.9628511794672886 0.8141101422831771 0.00010150721275396309 1. 1.
153 0.31681483324468124 0.00033409255035603963 67.49399222403777 0.9625895113798522 0.820557561898132 0.00010021482215819791 1. 1.
154 0.308222249735185 0.02081652136857202 67.19761955605574 0.9735736639347679 0.8142446595221476 0.00009932933456297143 1. 1.
155 0.3044388440271442 0.07184517458954107 67.25034325352652 0.9595735414851893 0.8070097214515585 0.00010017646170030284 1. 1.
156 0.3102924848643494 0.07167236678308485 67.08655038141286 0.978547877315859 0.8048735009620437 0.00010051263921105959 1. 1.
157 0.31864234250795936 0.005681310370105462 67.75219864223426 0.977807874678266 0.8185995409282322 0.00009933714928358142 1. 1.
158 0.31154555473337164 0.07991590564462833 67.28734937174141 0.9583114445810209 0.8110560935361408 0.00009932943767148262 1. 1.
159 0.3377564838050615 0.040449922707420545 67.46161867809573 0.9619873485110205 0.8158448670235595 0.00010082758677419366 1. 1.
160 0.3250134766833706 0.05691628522869841 67.10507487358056 0.9522567902478689 0.8160152995457425 0.00010025071338640645 1. 1.
161 0.3106987111502154 0.08061676860369038 67.58389212251183 0.9550597815181316 0.8069168920305648 0.00010074770458323547 1. 1.
162 0.3250596685080828 0.044197456275324204 67.1145669208552 0.9650173736205686 0.815762239380202 0.00009869309688035481 1. 1.
163 0.31942920751039916 0.07766468794453141 67.62652939598779 0.9617120533202544 0.8079502345592893 0.00009901265499257715 1. 1.
164 0.3317341306058164 0.05284533930878153 68.0133316298324 0.967754580931207 0.8132311395031327 0.00009994264635533334 1. 1.
165 0.31121675144557753 0.04453337018934329 66.76214978053086 0.958994100660399 0.8048725358532447 0.00009902148099952573 1. 1.
166 0.3177822519667624 0.042644006318969994 67.63499779179035 0.9735717729726139 0.8079184226138196 0.0001020343780636162 1. 1.
167 0.32357024002749485 0.04659113248442104 67.36618649321832 0.9688238463735246 0.8076566379546163 0.00009975738470941177 1. 1.
168 0.3233305642908332 0.03655241720772079 66.97504237880969 0.961620570333206 0.8196166983021492 0.00009840938595455553 1. 1.
169 0.31616413502996366 0.0704614337713793 67.13835365039967 0.9599210749757365 0.810202650498538 0.00009979790076549086 1. 1.
170 0.31460104654863175 0.04352936102656298 67.6637161244783 0.9702574329494051 0.8147140601293232 0.00010135533543378618 1. 1.
171 0.30242509418407654 0.027798884469117158 67.4499271992802 0.9648982951269953 0.8086659342395028 0.00010059739356451947 1. 1.
172 0.31622814802895594 0.05318499639597224 67.35102608083395 0.965914878495932 0.806317355764211 0.00009964416655746464 1. 1.
173 0.3196770817300069 0.07809732811543352 67.58198112365174 0.9616480146548697 0.8097345132383424 0.00009865518594634497 1. 1.
174 0.32844187786372553 0.05791076698459943 67.27820402386564 0.9566808593644599 0.8158671520907425 0.00010133341960018245 1. 1.
175 0.31751280246013697 0.04034712591745754 68.0203696216591 0.9655477725079774 0.8056252852452942 0.00009937099868176864 1. 1.
176 0.3018283962630832 0.033624565377064215 68.13513260805942 0.9863692493731697 0.8094884012502783 0.00010009727023622083 1. 1.
177 0.310302711660641 0.0002586437330345179 67.55350303906891 0.9632260774527874 0.8131377751172132 0.00009975095949535896 1. 1.
178 0.3190726332910493 0.041317469803952865 67.14529219013579 0.9702314128670007 0.8116323786405083 0.00009911877726224787 1. 1.
179 0.31423051411373554 0.03347993818590284 67.28171929236068 0.9561639023349631 0.8151011234447716 0.00010019132845998167 1. 1.
180 0.32188699821037664 0.05495381890179182 66.59289050509607 0.967147248546015 0.8240580252790703 0.00009971558407036533 1. 1.
181 0.298193180422922 0.04362973633707193 67.42126840303112 0.9774683739722774 0.8117603301377273 0.00009821050361891267 1. 1.
182 0.33078057729692045 0.024946135032036628 67.23139506818465 0.9731122879403911 0.8106266005835271 0.00009863551888999618 1. 1.
183 0.3181907842662542 0.04995949168746099 66.73459610680588 0.9777199702055112 0.8134529047702141 0.00010195336355410048 1. 1.
184 0.3111016702718679 0.06445067977140585 67.64015907939962 0.9727384287772076 0.8179618600026988 0.00009742804186527155 1. 1.
185 0.3143069586485989 0.05127754878697533 67.0259536540692 0.9775046574766155 0.8095714830113288 0.00010106663744565565 1. 1.
186 0.321469322453138 0.08069875432007131 67.53216979089332 0.9664537203770555 0.8117810419866354 0.00009873524397512601 1. 1.
187 0.32222532939464066 0.0923044402239133 67.11994331990645 0.9617639846873952 0.808071779573092 0.00009958031962399283 1. 1.
188 0.3161313755100889 0.022222812112215 67.47578857133776 0.9707081801634725 0.8126467513097908 0.00009835631358845671 1. 1.
189 0.31930268581871013 0.05556078402972633 66.64401408294636 0.9652360582524423 0.8144078167287526 0.00009957055526189867 1. 1.
190 0.30261711731047575 0.08348618223297043 66.90125957799668 0.9597062675631425 0.8134986008427385 0.00010094149464557181 1. 1.
191 0.3176203860798147 0.06513788764400383 66.55970566211386 0.962649659216757 0.804685798779504 0.00010062443231152683 1. 1.
192 0.32692572461839176 0.06375965280188071 66.51204491052626 0.9621186274843437 0.8121553604239667 0.00010128691192250429 1. 1.
193 0.30879445086150525 0.005523972721439847 67.98475446079172 0.9665348912135152 0.8094448064566706 0.00009941546239879233 1. 1.
194 0.3249922896726486 0.13638884354482994 67.28000118670313 0.953693770277193 0.8140402950779086 0.00009978426245840719 1. 1.
195 0.32478466355664487 0.09145378283922573 67.13903420379309 0.9662691600335158 0.8130674954475045 0.000101662556869933 1. 1.
196 0.30647439561619483 0.08002138924549067 67.13040552823172 0.9679926150854142 0.8090734039222808 0.00010145402038184014 1. 1.
197 0.3165214141532231 0.03939327962959309 66.94781077861599 0.959149756981574 0.815027283318148 0.00009794608346039102 1. 1.
198 0.31988537133677925 0.011019594173906598 66.93303478596157 0.9587721726305624 0.8106668812295987 0.00009966795769549434 1. 1.
199 0.3212483438679401 0.0735020064355985 67.3466123364391 0.9764551260289697 0.814185919553191 0.0000998165792217245 1. 1.
200 0.3210594747159619 0.04688351489656963 67.60489909134968 0.9550552096259227 0.8098505530096329 0.00009893176099863687 1. 1.
201 0.3214965305174189 0.07188940634599567 67.55628279272918 0.9575561098351852 0.8114330572988744 0.00010167699676185545 1. 1.
202 0.3115254746937266 0.040872280947627106 66.9954790646098 0.9692382451372391 0.8096171755781364 0.00010114649695741158 1. 1.
203 0.32098841212703766 0.03966163362102782 67.62036347995334 0.9607410479159643 0.8146639630793542 0.00009985120129047777 1. 1.
204 0.30350970075163164 0.08428709943994822 67.53827254126448 0.9778434033180878 0.8151670357331086 0.00009965917079870123 1. 1.
205 0.3121968943621678 0.0292045406687382 67.65424954915444 0.9632103637054188 0.8093144380947244 0.00009928352055862545 1. 1.
206 0.30587741111983013 0.08122767546912646 67.4694776047991 0.9687915189247794 0.8132411491890625 0.00009956292365416425 1. 1.
207 0.3060088576854929 0.047572249611600594 67.13671720652566 0.9549256422581527 0.8098206640892789 0.00010037592855452587 1. 1.
208 0.3182186523251929 0.10268252325356289 66.9486939050024 0.9652644830019277 0.8120557496745499 0.00010058181967108668 1. 1.
209 0.3067439215290454 0.016591484866855792 67.53473565252862 0.9680900709529848 0.8086003557707462 0.00009929423742372112 1. 1.
210 0.3298558008964559 0.031130908850069142 67.5429022112707 0.969727761893497 0.8227828698651823 0.00009982389649146541 1. 1.
211 0.32234131688363127 0.028335369745653167 67.38224452715374 0.965872287948563 0.8102053293185615 0.00010040688599038261 1. 1.
212 0.30978256266410364 0.02097193078095264 67.35191179436062 0.9650611830336199 0.8170543273456097 0.00009810242617637193 1. 1.
213 0.3125465257276175 0.03719750180818421 67.66518257846514 0.954645109069431 0.8104819242608712 0.00009961463212466661 1. 1.
214 0.3057310468214703 0.06267544929620658 66.50284355063856 0.9692725607992685 0.810218766300562 0.00009865793872279119 1. 1.
215 0.3114134460128497 0.04191193382181092 66.88504750967599 0.9706854239123015 0.8111569769010234 0.00009987272188427258 1. 1.
216 0.31877545164669846 0.02690114654969748 67.31810167196699 0.9647711423129394 0.8029148786551955 0.0001006369163618015 1. 1.
217 0.3052670280425468 0.11679841547644465 67.37186201249588 0.9622753952666795 0.8084412404336327 0.00010081677461699637 1. 1.
218 0.31730209993563635 0.02446503278572879 67.77629385397084 0.9601926455646473 0.811675518679904 0.00009895254242125754 1. 1.
219 0.30963277359180075 0.13392500829053122 67.2952767592588 0.9720463034569288 0.8133385239609953 0.00009855045613248555 1. 1.
220 0.31179669479265104 0.07268432753273749 67.87847312782296 0.9635219317952132 0.8124857732646233 0.00009968961561410411 1. 1.
221 0.30538160089969446 0.05606566162972576 67.07426231132109 0.9738062792942276 0.8104346172586069 0.00009884541490647142 1. 1.
222 0.304883773631165 0.05278966192116215 67.2678889110662 0.9518862973083723 0.816941990981748 0.00010099088280359963 1. 1.
223 0.3302700698145738 0.0049142413824759396 67.40053982671078 0.9562872080193509 0.8164700559833139 0.00010128811591363475 1. 1.
224 0.2948152419804288 0.030943031665633135 66.44496184581146 0.9654786438564109 0.8064005177078188 0.00010043203559990282 1. 1.
225 0.31770317115116337 0.02002478770119251 67.76053918484044 0.9615451043863374 0.8121588067383108 0.00009935368645789512 1. 1.
226 0.32064752401682206 0.03765000887041771 67.51916324941052 0.9558930624112163 0.811401355897795 0.00010037687146477636 1. 1.
227 0.3130641016869988 0.09668377630994066 66.13792219250607 0.9577640496091135 0.8080345161441255 0.00009916580390735163 1. 1.
228 0.30924768056878654 0.046348617881185765 67.20187975247475 0.9561875755651115 0.8217824971828468 0.0000983913736323864 1. 1.
229 0.3114833059366718 0.10311219483798698 67.5300748276257 0.9781759331008014 0.8122623098010285 0.00009953376394723742 1. 1.
230 0.30427807886432734 0.009282506697587962 67.89795370045393 0.9672732823351602 0.8167952061372886 0.00010020785096523985 1. 1.
231 0.32494698846873415 0.05294825301265389 67.34295951330205 0.9622838538106998 0.8127504197879968 0.00009866734186841232 1. 1.
232 0.31519713355969486 0.11019969363454044 67.04832767194354 0.9710353877502018 0.8127504991929544 0.00010078328897876763 1. 1.
233 0.32626763398544223 0.01916382857465347 67.18896679875569 0.9717949291139094 0.8118427874773021 0.00010197959243690728 1. 1.
234 0.31935628535114946 0.030852080002342123 68.03661259000525 0.9585959810645875 0.8156344096347637 0.0001012539257244419 1. 1.
235 0.31538070100455534 0.09730735950911339 67.15639884501901 0.9705045352400554 0.8156009760369188 0.00010114812087917866 1. 1.
236 0.31932995051790064 0.05514949230354436 68.052477626674 0.9754707759465621 0.8141068622044323 0.00010002291093368151 1. 1.
237 0.3154213599469456 0.06515948198841219 67.2487035872285 0.9606943397411125 0.8169406942121262 0.00010033596952398873 1. 1.
238 0.31841361953246566 0.02185533955749295 67.68528168499421 0.9761345615572705 0.813814629900832 0.00010037626372689822 1. 1.
239 0.3146856411269351 0.06995323598098883 67.57080453785468 0.9675035256993109 0.8181346780474457 0.0000995558995150356 1. 1.
240 0.31419339868060386 0.01055421371320052 66.86174277580047 0.9756127890452438 0.8222594306881563 0.00010044497461009612 1. 1.
241 0.3095842487144759 0.05140957151676038 67.60234891549361 0.9679000304927907 0.8085859646572157 0.00010105377734119144 1. 1.
242 0.30890968626993254 0.007654193359301606 68.05206115428835 0.9571631059658515 0.8213325166801614 0.00010217883742761712 1. 1.
243 0.3063475299832029 0.04190556840520263 67.78445450397477 0.9629776474599759 0.8129680843393331 0.00010032884098961243 1. 1.
244 0.30932248960162295 0.08284612720807955 67.16221775790093 0.9604065525988862 0.8095220339013915 0.00010099024852640492 1. 1.
245 0.30677358820376865 0.04740324764233223 67.45174604416374 0.9550554596169207 0.8142547382271123 0.00010119544512181978 1. 1.
246 0.32088278811701465 0.07941412380751056 67.58830859061598 0.9780135558606855 0.8137852443806296 0.00010002990355901323 1. 1.
247 0.298247669191941 0.0027924621431144533 67.27006488575938 0.9643712580779877 0.8145563092648115 0.0001006315464930153 1. 1.
248 0.34957460896630604 0.07056151789566938 66.93954749775939 0.963626017998625 0.8154317603821607 0.00009931384229818843 1. 1.
249 0.3031582008193658 0.02990924662062216 67.41696757858848 0.9635195481028858 0.8126312038718168 0.00009971340551750477 1. 1.
250 0.3142789267915962 0.053811159227788716 67.91563856075244 0.9600943671327631 0.8141995946532803 0.00010023859743976704 1. 1.
251 0.3104487358218002 0.09500333874252656 66.79776437023519 0.9544651085740705 0.8133527357096177 0.00009896803793254536 1. 1.
252 0.3046749490730663 0.0189382828035687 67.67980003478439 0.9764604263116202 0.8108577346784647 0.00009929590269341325 1. 1.
253 0.3101227597291197 0.1091695436055671 67.8400384945585 0.9663433276363279 0.80905335982906 0.00009880678262154418 1. 1.
254 0.3127010459905356 0.03359709625217601 66.91204323352224 0.9675229498150588 0.8125586849941274 0.00009992656674807479 1. 1.
255 0.3257689324629766 0.14201913022488438 67.72179338375618 0.9638868847828652 0.8128835329742644 0.0001007242589986766 1. 1.
256 0.3263988833546602 0.06948550426489047 66.60848208292083 0.9625190062364722 0.8157098920651643 0.00009983736934463565 1. 1.
257 0.3298697115343051 0.0999891361594406 67.47883249661758 0.9736604745534337 0.8143622537902092 0.00010193571990423264 1. 1.
258 0.3023143591563542 0.03480321731105599 66.55039140450545 0.964717363807419 0.8104061308355828 0.00009971183778787997 1. 1.
259 0.310593795908926 0.047786524485120184 67.17725145456707 0.9601355784148479 0.8093674789202482 0.00009974158396820491 1. 1.
260 0.3085411159740993 0.08525689880543044 66.90947982729607 0.9582018683999038 0.8087651109822517 0.00009828263312794773 1. 1.
261 0.3193784077764086 0.05922008842174388 67.64297358365666 0.9597679037416605 0.8170721015131842 0.00010121120812376913 1. 1.
262 0.3252976105141343 0.030939851440444577 67.27753301291142 0.9639343947393331 0.8086046184269733 0.00009996373682238067 1. 1.
263 0.3167663647020687 0.024525365184323664 67.44225884920611 0.96054112856373 0.8108627874822733 0.00010001962071050672 1. 1.
264 0.31274371572213616 0.020137896437582455 66.3101244626335 0.9639382226590034 0.8144231457890705 0.00010027900906398636 1. 1.
265 0.3080311497688244 0.0925126658617755 67.50473097404388 0.9627270336115986 0.8131329191853321 0.00009967193412664141 1. 1.
266 0.3426882058906128 0.035992089475163615 67.53466655228297 0.9632036065619379 0.8157505455964642 0.00009904787863568372 1. 1.
267 0.320275534018093 0.06036489843428766 67.8252818166564 0.9618872548700071 0.8127413728589495 0.00010044187050818913 1. 1.
268 0.30833386685273123 0.09200852570395453 66.82092346644845 0.9871988335773426 0.8149354547575808 0.00010136809060401761 1. 1.
269 0.3276481973967296 0.0435180185646112 67.70130294709875 0.9815610738238622 0.8150423210657411 0.00009913894959649497 1. 1.
270 0.3197526858057914 0.0486770767633409 67.57141659001836 0.9566219438492857 0.8133726777843525 0.00009855531966976834 1. 1.
271 0.31979392857607175 0.04577561390868317 67.64393252759034 0.9653018397105849 0.8141058151936216 0.00010095859179369539 1. 1.
272 0.32053188567302227 0.0043186249019817186 67.39206391985414 0.9678054727935932 0.8130597843544479 0.00009955153112240437 1. 1.
273 0.32006302355989313 0.02811408173906336 67.16337260108341 0.9449394350477496 0.8202711912820225 0.00009951828999373954 1. 1.
274 0.32920695335895966 0.03063290625543529 66.73467808728311 0.9670924030355352 0.8090924402941676 0.00010030844489939126 1. 1.
275 0.32671037473889647 0.019603104945524707 67.21773143680015 0.9706681019679217 0.813154884721848 0.0000999530431319298 1. 1.
276 0.3160072003145875 0.07213280148622674 67.45044272191514 0.9704060306771383 0.8108646384774089 0.00010028898964532691 1. 1.
277 0.3078411572213184 0.009689449688173653 67.86570421411353 0.9576314319020628 0.8113973366794077 0.00009921525878959389 1. 1.
278 0.3123900354885957 0.03635145506910564 67.35370748437482 0.9649733384669181 0.8117514504084528 0.0001007379472504697 1. 1.
279 0.3156337041160689 0.10781687636119794 67.83710913274513 0.9601986652068563 0.8199934638273978 0.0001007798928668668 1. 1.
280 0.32146940588312967 0.0652747611543486 67.0014297626564 0.9644268921960494 0.8108539738151372 0.00010129606046941905 1. 1.
281 0.3157829180823327 0.057633865443794854 67.51353849675436 0.9786012704179945 0.817580830339635 0.00009911555910985416 1. 1.
282 0.29250209220657886 0.07638922730105745 66.90182730607106 0.9716218797336122 0.8083266850067016 0.00009906406920482146 1. 1.
283 0.3103960208241633 0.01147836426791208 67.58611269656097 0.9634666768634724 0.8157866090083673 0.00009934115741990652 1. 1.
284 0.31554914088334207 0.0012291316156791618 67.20345600150218 0.9702312406972843 0.8104982012936468 0.00010082394867748903 1. 1.
285 0.3166573842541669 0.10173948573347114 67.58630695788383 0.968749906902086 0.8143750364769593 0.00009835193829394096 1. 1.
286 0.31342170171506534 0.006587075589491544 66.98649360487089 0.9681757441763689 0.8173963344738607 0.00010075197987440546 1. 1.
287 0.3123883490476935 0.06626785197679816 68.11723647317957 0.9595938437862174 0.811460409055274 0.00009991134386982026 1. 1.
288 0.31614980819808813 0.00020090287184283684 67.19023249373029 0.9735824521421002 0.802349803343019 0.00010020751244341577 1. 1.
289 0.30471868592220214 0.03037262260021551 67.76647309771269 0.978940291625482 0.8087708412864785 0.00009944186913851977 1. 1.
290 0.3182510628238596 0.05402478214157836 66.97717093174434 0.9827843348451824 0.8095165446653222 0.00010085199438009666 1. 1.
291 0.31798728793513065 0.04320830712963226 67.67008988756601 0.961922466451544 0.8201886006525668 0.00009940744143917722 1. 1.
292 0.32667623394167605 0.03855240515704302 66.84960737048846 0.9706144519193186 0.8143473223394146 0.00009877025358526915 1. 1.
293 0.3102096564434644 0.07671958697172926 67.26657134441247 0.9724365225185265 0.8087747538504304 0.00010248241107353463 1. 1.
294 0.3263416701028365 0.02652881897018393 67.20519419567066 0.9626933873912787 0.8095502198544865 0.00010075938709610619 1. 1.
295 0.31117031998723593 0.04878962141251078 67.34036197447267 0.9677694742990745 0.8057472034677213 0.00010143141727177635 1. 1.
296 0.32473202364473036 0.07396995727103306 67.79335382712937 0.9633169949717102 0.8162166716660655 0.00010023527540306056 1. 1.
297 0.3116906243534604 0.032738418862591004 67.11286747367198 0.9731993363576903 0.8115597498537199 0.00009827096334278612 1. 1.
298 0.3230481410886199 0.011431299939044709 67.76761359825228 0.9708271825658025 0.8141356607355976 0.00009913370754914068 1. 1.
299 0.31884287677492484 0.10051369322176669 67.46175543703666 0.9679930461235244 0.8018849780611406 0.00009933953656138901 1. 1.
300 0.3187646891533529 0.024513791194899513 67.92425910976864 0.963793225381925 0.8118356528899795 0.00010081127447817346 1. 1.
301 0.2990361004129336 0.022584131691171787 67.79276329121642 0.9710422856418319 0.8124918221484677 0.00009839804131133943 1. 1.
302 0.30773815851296493 0.07016945107727314 67.13307398889113 0.9737723519693907 0.81624433291808 0.00010235772869829197 1. 1.
303 0.3239351569135854 0.007196759478535174 67.23698893051818 0.9659622786140742 0.809294501879733 0.0001002640924430961 1. 1.
304 0.3070018018548911 0.12326015249797292 66.94269058521473 0.9652225777983381 0.809125739311869 0.00010066571017043884 1. 1.
305 0.312350218220224 0.03943494667923327 66.60958489982522 0.9618074640734843 0.8086449948341838 0.00010109960018111402 1. 1.
306 0.32413698246185235 0.050184386761835044 67.01819861603715 0.95801067902817 0.8108346985423692 0.00010038673582722035 1. 1.
307 0.31236133499371666 0.010496167336422918 67.0659954517471 0.9671357317103427 0.8108998440713782 0.00010027246213253373 1. 1.
308 0.31077085160604284 0.029156923154311898 67.45995184687195 0.9657057301475197 0.8098941735640498 0.00010075395497269472 1. 1.
309 0.3185214639132217 0.07379766348165373 67.14958337021712 0.9542195106709306 0.8215848660101597 0.00009937458498136981 1. 1.
310 0.3260843263087039 0.09205579084730747 67.73363335399559 0.9720008383906985 0.811754980838364 0.00009942673850169044 1. 1.
311 0.3146020768049812 0.048799756173435085 67.45309071114494 0.9683049297020139 0.813935994613298 0.00009937099681143997 1. 1.
312 0.3087131997511017 0.017771921447958874 67.55722489751419 0.9697617260784605 0.8169828312468552 0.00010137493061978216 1. 1.
313 0.30238213104439793 0.04491600051283319 67.19758185012051 0.960478655236857 0.8087798902009827 0.00010112048170475309 1. 1.
314 0.3178707262112 0.04930005095672668 66.83281503236464 0.9658765615896213 0.8085318349815269 0.00010107024924103213 1. 1.
315 0.3032891590676071 0.05677812686032287 67.64202264284236 0.9652744844941001 0.8106870586402903 0.00010166543431267359 1. 1.
316 0.3137759296308965 0.03955047730438137 67.00239041396166 0.9523731790533928 0.815342614977573 0.00009964792779787896 1. 1.
317 0.31672116204038625 0.044372701148970094 66.55686654151489 0.9588408044608643 0.813669356685363 0.00009967077823960193 1. 1.
318 0.3137986140679205 0.03457649589197949 66.69085631855515 0.9625774816067708 0.811021553349287 0.00010005485052786286 1. 1.
319 0.3126244301321943 0.009233343709137531 67.13843702665015 0.9563997260335032 0.8106984768298167 0.00009982746824939601 1. 1.
320 0.3216851047322464 0.11467117878408126 66.8841404348907 0.959632161056131 0.8090057849388927 0.00010231169104242503 1. 1.
321 0.3233104204995574 0.036683634883842214 67.19557349021056 0.9682219348844522 0.8096594854317607 0.00010179230616376962 1. 1.
322 0.30587123145438255 0.024226974921804097 66.98370885104883 0.9597476722583272 0.8148654430364046 0.00010021512102920544 1. 1.
323 0.31477741927419833 0.038786463864420515 67.14394224845898 0.9622756402386281 0.8122106159934682 0.00010055920941029761 1. 1.
324 0.31283610093836894 0.038137308136527256 66.6810213165665 0.9632744387037021 0.8090258183065658 0.0001001549159011948 1. 1.
325 0.31617626792401626 0.05070447042937912 66.98542767810352 0.9763941749011367 0.8084547529975602 0.00010186419305328375 1. 1.
326 0.3215388170922489 0.04303596937767199 66.92472192054815 0.9616365952073515 0.8058157584615071 0.00010039478280136994 1. 1.
327 0.3108877495997194 0.031358043608422606 66.69872035371431 0.973690743981058 0.8175626327991445 0.0001012171469443609 1. 1.
328 0.3238926221535109 0.016841703271983546 66.92620325512596 0.9677358810843023 0.8072411007228932 0.00009966005689672222 1. 1.
329 0.32892858792762997 0.06760919731613596 67.15522729553429 0.9593886634198234 0.8139633762863925 0.00010035185756754989 1. 1.
330 0.3258943443961941 0.04371584358776494 67.31769336649856 0.9688508727276965 0.819700532422311 0.00009895328541481044 1. 1.
331 0.3113567868067797 0.08552568120133716 67.70856585722585 0.9610586192638623 0.8128547379694935 0.0000987551457617191 1. 1.
332 0.328605032858553 0.037679844787957745 67.31428086216891 0.9786978275637149 0.8125066461845092 0.00010007024784934593 1. 1.
333 0.3170494435653848 0.07493818450037174 68.16589398675707 0.96852338702574 0.8137468330153879 0.00010150888892011898 1. 1.
334 0.31282667739504577 0.011650246805502702 67.88706123305285 0.9431779028701527 0.8071761357086534 0.00010010803357034805 1. 1.
335 0.3241646813037772 0.01154426906588208 66.90663155766248 0.9687535923900602 0.8096639541482723 0.00009962656677035038 1. 1.
336 0.3055035951905197 0.09029382133565862 66.94611551095258 0.9556702865975545 0.8133061589881981 0.00009959431777445381 1. 1.
337 0.3295126789268407 0.019941927031988275 67.40874684811467 0.9705536266395853 0.8086281753295758 0.00010097065405970835 1. 1.
338 0.30927398061856565 0.015426177839244382 67.51858162454947 0.961038777871099 0.817292906672279 0.00010016501459649872 1. 1.
339 0.33227426197219545 0.07809326418830594 67.80844531561539 0.9711614117155752 0.821228302397958 0.00010088232625375855 1. 1.
340 0.31674262208682796 0.030425611675393652 67.7088487197854 0.9747975003274222 0.8089704457631205 0.00009937503399027413 1. 1.
341 0.3214837558689122 0.03563844168237051 67.67396997369673 0.9819854404493795 0.8160907935551336 0.00009872574580135568 1. 1.
342 0.32508497509992823 0.03947693024356648 67.49289429533188 0.9659702280561129 0.8209529210314136 0.00010111543932396575 1. 1.
343 0.33056643924354395 0.018147014336899435 66.8147742947088 0.9715928667457826 0.8115695922982729 0.00009803559580926593 1. 1.
344 0.3055294485766296 0.014155079699397152 67.21369796775332 0.9644554076397606 0.8110187011052222 0.00009890281764255122 1. 1.
345 0.3242638820028727 0.032940009266957705 67.37193226614228 0.9695574511417849 0.8060654728034379 0.00009942849594502627 1. 1.
346 0.30573504051233436 0.054160082858123994 67.37521275313026 0.9720928433026986 0.8151027779262157 0.00010148184559352867 1. 1.
347 0.2998605733154791 0.06418295612398099 67.06821944524594 0.9568480880228118 0.8206003014389939 0.00010008448904208259 1. 1.
348 0.3152949797029354 0.03641525539950737 67.1741297422187 0.9503381653620049 0.8030766091423072 0.000100196145212662 1. 1.
349 0.32522870953124067 0.09353048295977304 66.32399896415302 0.9561831324538983 0.8088649489052641 0.00009938836993624172 1. 1.
350 0.31643049635463755 0.059584695475664286 67.5431256656277 0.9641501822372884 0.807504468555434 0.00009951099425146282 1. 1.
351 0.3009117119425789 0.045142881847944794 66.99692663206243 0.9634903987629686 0.8102423173670082 0.00010095258623931101 1. 1.
352 0.31204401542992843 0.05423790821307558 67.26743376804617 0.9662167158623178 0.8117593705232309 0.00010103603487089141 1. 1.
353 0.309878783563828 0.05628487735338894 67.48136308811611 0.9755204663064035 0.8129660152930882 0.00009809881419900301 1. 1.
354 0.3063481079015566 0.05723411896478475 67.70479150310703 0.9620892734347494 0.8143969796088791 0.00010021705109139589 1. 1.
355 0.30888662285498547 0.07659245952571006 67.53481726747574 0.9645003434304056 0.8139179269055984 0.00009973428091244216 1. 1.
356 0.30770485762767763 0.025024967782942352 66.49860181734181 0.9655208834327506 0.8092610410931483 0.00009862700121295239 1. 1.
357 0.3100882205951593 0.02410321588182937 66.89864765356805 0.9682264882146921 0.812625277282869 0.00010146339358165652 1. 1.
358 0.3263663718338805 0.047211424833232 66.8941315799925 0.961096454401694 0.8169455091832439 0.00009912304349255032 1. 1.
359 0.3209740491243306 0.047920697780272324 66.85347742567085 0.966944215880359 0.8128672745618973 0.00009914799161274925 1. 1.
360 0.32338478133365384 0.11745138732851759 67.35079625031197 0.9750381138871279 0.818793808203297 0.00010009391080904227 1. 1.
361 0.32099757631166304 0.05411546972154282 67.69199077989384 0.9591994561674548 0.8135531415191924 0.00009961620960542171 1. 1.
362 0.3062808427307611 0.06536477258304477 67.22923369454733 0.9616581955403932 0.8154758876866524 0.00010019872414680928 1. 1.
363 0.30355250083468427 0.07262155764722969 67.0058731874258 0.9644152643655657 0.8099084470045994 0.00009926862856107093 1. 1.
364 0.3219595130647676 0.03775483933804812 67.19125244587836 0.9684346280421441 0.8217611507047882 0.00010104402289649814 1. 1.
365 0.3086767258518037 0.06161027234442574 67.20425377222476 0.9441134307866946 0.8152464680054208 0.00009971639559603737 1. 1.
366 0.3142301768390308 0.07343825373766719 67.25248998958095 0.9599645436691328 0.807757412039465 0.00009977175815562907 1. 1.
367 0.31919480846905546 0.10067199903374266 67.56089257133219 0.960161191581547 0.8072093679196114 0.00010058861551587276 1. 1.
368 0.3070893584664159 0.08011937396217023 67.50540937190152 0.9548457754967489 0.8164371291067195 0.00010044823609699648 1. 1.
369 0.32270290019893455 0.09585700219419546 67.22212631599616 0.9740250617183126 0.8169651494942519 0.00010084000691236943 1. 1.
370 0.3201008427990848 0.029636961539674073 66.5845436256154 0.9573235144520397 0.808612503268678 0.00010037741426894715 1. 1.
371 0.30568519890697726 0.023043604247688258 67.98697330745557 0.9724390423546494 0.8087320646075666 0.00009929042544954114 1. 1.
372 0.31219678940474804 0.03813350910550645 66.82737043637725 0.9699780512292598 0.8072904221608375 0.00010093858005238743 1. 1.
373 0.31038451356256336 0.0035464374495040724 66.99929127608328 0.9586980241110565 0.8118610138035942 0.00009887226700643633 1. 1.
374 0.30055479715262884 0.02643818272094177 68.04629564762779 0.9676226099039099 0.8126437167327228 0.00009960488552538557 1. 1.
375 0.32007567354195526 0.0710783191336074 67.35766554335704 0.9721255989920635 0.8133621159725198 0.00010097429567813082 1. 1.
376 0.31657168109499884 0.042084071689272584 67.76525486542928 0.965095834363864 0.8109492624385023 0.00009893148263400853 1. 1.
377 0.3261186422266431 0.06413252541719261 67.40298536685681 0.9712111233880272 0.8120537589626082 0.00010192855400074115 1. 1.
378 0.3268269862150048 0.07107658621684237 67.57993650211297 0.9614544652029703 0.8138006961081473 0.0000990249836470268 1. 1.
379 0.312778717137673 0.014723108711612726 67.35428346651176 0.9653617877440324 0.8158449222107615 0.00010031599322088972 1. 1.
380 0.3222656704463315 0.02643364611921931 68.09103798565516 0.9743587223657967 0.8134414360301275 0.00009834933786491564 1. 1.
381 0.30863943266645555 0.015519314166164616 67.00751843688685 0.9687854624252422 0.8112378851225114 0.00009972199810815284 1. 1.
382 0.307456685805579 0.03648401634610053 67.56432845368127 0.9723624023681788 0.8150539537380594 0.00010064525589507792 1. 1.
383 0.31358742137654844 0.06990416562133929 67.33903173169324 0.9687528142728972 0.8137314377744376 0.00009942468555674506 1. 1.
384 0.30635722354625305 0.029900713184051027 66.69623439766804 0.9637950492663467 0.813024008097702 0.00009979549878105768 1. 1.
385 0.3196766511541233 0.042504441179860006 67.23954251440499 0.9630776879205291 0.8063064605341497 0.0000993222758344811 1. 1.
386 0.31590321527586007 0.0024115274209706924 67.07905072605053 0.9626568608078588 0.8054500346607872 0.0000986001113733157 1. 1.
387 0.2963504495431603 0.06371637334577807 67.21309650887068 0.9591572634424387 0.8183415841741113 0.00009974172404668507 1. 1.
388 0.3167245531151664 0.06249824401794206 66.89121009316003 0.9697189597167871 0.8127596631501949 0.00010135170867011213 1. 1.
389 0.3062917574075712 0.04239700713886724 66.66084699338556 0.968144526780333 0.8144607174329583 0.00010126221211834575 1. 1.
390 0.30741025015589374 0.06411279718927242 67.45611169170219 0.9645948372846085 0.8095025916348446 0.00009934535493034921 1. 1.
391 0.30486853786087664 0.013813951696667034 67.53002954815953 0.9631604115373305 0.8071253351237132 0.00009946077075332346 1. 1.
392 0.312433698852792 0.038977062249272554 67.32262597153 0.9625780834754016 0.8133247915144918 0.0000993040340182475 1. 1.
393 0.326189643973377 0.011681507026102739 67.17856874185387 0.9751414402623133 0.810078949305139 0.00009844314308705168 1. 1.
394 0.32845808253151776 0.0673525236507871 67.77902305048995 0.9704114460591188 0.8045043733717493 0.000099735771007789 1. 1.
395 0.32354614681262023 0.10222195845228196 67.08643652663835 0.9630560127531477 0.8129787321381835 0.00010139161212089174 1. 1.
396 0.32909997752191406 0.06409964067401515 68.28731821771224 0.9709652978047273 0.8133750566812028 0.00010085233371532285 1. 1.
397 0.31307846398153516 0.030504797948789422 67.45003474941036 0.9585962449845057 0.8083030547575909 0.0001010365465941833 1. 1.
398 0.326450208647242 0.006710439015313895 67.07637637928028 0.9670989341524137 0.8095300882252187 0.0001004719425683649 1. 1.
399 0.31652137662875557 0.057423475925323236 66.86209733828906 0.9771014586295379 0.8135467122333768 0.00010027579716985187 1. 1.
400 0.3113329307798555 0.011540924892309574 67.08065635431026 0.9574852248558637 0.8084059980000841 0.00009929377732098991 1. 1.
401 0.32461211966882336 0.07478866243998669 67.1498913361605 0.9640189713255285 0.8108782291051415 0.00010172740345257861 1. 1.
402 0.314203732026254 0.05585491415115041 67.66803039314411 0.9577243101827767 0.7999040894962758 0.0001001817102125238 1. 1.
403 0.3131406977250344 0.013223881362966587 66.83741617510296 0.9703460145400887 0.8129426768293367 0.00009960915549022284 1. 1.
404 0.31436610369721774 0.07412168994593932 66.91471232406359 0.9647571890275133 0.8176989159157917 0.00009929136593208355 1. 1.
405 0.3096892765716167 0.08933468622542945 67.19168439624947 0.9637434978486493 0.8145317394372013 0.00010120408604316577 1. 1.
406 0.3155042003424269 0.03957412101030993 67.36703159262838 0.9689858230439581 0.8149104638603896 0.00010072026414649191 1. 1.
407 0.31253710031254833 0.022361244149328288 67.25383809986967 0.9641176042379462 0.8137456315347834 0.00010118332331724178 1. 1.
408 0.3405810311106084 0.06674244977134788 67.35232817404071 0.9682184086527479 0.813186430819101 0.00009975781282438994 1. 1.
409 0.32585118585586464 0.019255910292350128 66.76187233092095 0.9710007074730478 0.8115425210646233 0.00009869685545154657 1. 1.
410 0.3213697110273557 0.03346275253921281 67.44305962959751 0.9727620539438456 0.8083869716928354 0.00009985632738297656 1. 1.
411 0.3217293676499384 0.02606422237554061 67.70862564043063 0.9778115299690617 0.8121589672590055 0.00009837520980158354 1. 1.
412 0.3214483232556469 0.15392293677300523 67.09019068720315 0.9806686734388194 0.8131415502714119 0.0001016282870620132 1. 1.
413 0.30453320970013364 0.06850171044718496 67.8099708596853 0.9642519464586814 0.8112013417539248 0.00010109531572297959 1. 1.
414 0.3135868286538105 0.07645726940684461 67.58460990255153 0.9679683093862982 0.815075614353716 0.00010009536078152608 1. 1.
415 0.2951145409344378 0.02219243374755656 67.13678724418988 0.9688905936214751 0.8142123359311153 0.0000993878077424371 1. 1.
416 0.32091344867742067 0.055016599493934795 66.55642177017315 0.9792119952533112 0.811642873067786 0.00009996477389187313 1. 1.
417 0.3133529753726022 0.03510950173178567 67.3364823518126 0.9718273598239926 0.816993072497674 0.00010012253319247592 1. 1.
418 0.2981604003808456 0.034811880419898265 68.01801373291102 0.9667825840105605 0.8080924715296586 0.00009781905230388245 1. 1.
419 0.31664794811061864 0.062319957303497577 67.14181803208905 0.967050045428272 0.8096342648784381 0.00009942759410808545 1. 1.
420 0.3137127792000947 0.08527185870704174 66.99762389410802 0.9661098932875256 0.8063881830083526 0.00010076473422267517 1. 1.
421 0.3140782217308351 0.04417201314121485 67.09333750654976 0.9628639673207873 0.8100245917527498 0.00010068584442989758 1. 1.
422 0.32214775221155567 0.09094439072625726 67.88056731068232 0.9655850857092314 0.8165365508182246 0.00009993408872413865 1. 1.
423 0.3142237641389638 0.04277307555087574 67.2032796142859 0.960232264468984 0.8112981172680895 0.00009848558513606998 1. 1.
424 0.3099076841524821 0.017138894870521428 67.62945164294607 0.9718810751325119 0.8085289427268542 0.00010030227227245097 1. 1.
425 0.324136603054785 0.07679055311551022 67.43822442539224 0.9534490307736536 0.8044623235203372 0.00009800059345531355 1. 1.
426 0.32073825698501557 0.033417631393422194 66.3923392614681 0.9703433381519532 0.8099629849069641 0.00009852522906177848 1. 1.
427 0.3264071459001493 0.021887112050741377 67.32549699499137 0.9649582806871435 0.8107273914309634 0.00009973023196771706 1. 1.
428 0.3051505516895575 0.0064060560324911905 67.27132930469594 0.9688253073846403 0.8164656275498919 0.00010018600256336247 1. 1.
429 0.32506329784461846 0.04440643548695793 67.56461699539395 0.9625208982525725 0.8089705352151306 0.00009962649622099272 1. 1.
430 0.3232621763345774 0.005165892838469931 67.54370836080992 0.9728812175104927 0.8103555512216541 0.00010003432876075308 1. 1.
431 0.3189020564096006 0.0693749718137964 66.68704885285854 0.9615087897171938 0.810081970617398 0.00010004118254176867 1. 1.
432 0.31466267327354697 0.03143765099714607 66.5254604776693 0.9516608977312927 0.8164363486021435 0.00010063484071507519 1. 1.
433 0.33039332332160876 0.046311991011435946 67.68757816471623 0.9569705541915188 0.8143798790396556 0.0000999553844214409 1. 1.
434 0.3256940481284181 0.01881041169458724 66.91830522877468 0.9569206235306317 0.8100104268996507 0.00009971584851781054 1. 1.
435 0.3202209162061788 0.02426814853060999 66.86666264001448 0.9631615275859119 0.8202146179277818 0.00009940433052587459 1. 1.
436 0.31624566599080284 0.10626067227738611 67.00393420467256 0.966920853971913 0.8005623128041428 0.00010094389782176044 1. 1.
437 0.32451937145121373 0.0033014064985224315 67.61030847949532 0.9777244614190691 0.8160675139754204 0.00009926040873241453 1. 1.
438 0.322823366932063 0.017000499623684252 67.75945710400518 0.9678640424370959 0.8114793900690606 0.00010028925039334239 1. 1.
439 0.3171475131837531 0.0819231715595159 66.56073107754254 0.9617651167216038 0.8091296977262764 0.00009873712201604926 1. 1.
440 0.3299795215886582 0.10524274539351804 67.120110176464 0.958418628195895 0.8156921658067522 0.0000997444729310741 1. 1.
441 0.32518273046315044 0.02503036774797734 67.47251819513977 0.9867000935295411 0.8132135948316939 0.00009832354074034603 1. 1.
442 0.31844825396122817 0.0945490202989201 67.09647729124237 0.9853363466190862 0.807414960859527 0.00010061096570252358 1. 1.
443 0.31091632569052396 0.04698222049764245 67.36133832295185 0.9678860910088687 0.8130221021931843 0.00010080839613966765 1. 1.
444 0.31962160339453927 0.015656281682632084 67.26104483469136 0.9720014353508928 0.8094581477017433 0.00010105684228008491 1. 1.
445 0.3328391770058053 0.06824953988185549 67.95521467469705 0.9595606891304006 0.8111624405810863 0.00009755044880255442 1. 1.
446 0.30063986357695943 0.0028021432203824 67.09141451771306 0.9633791948641321 0.8118424387320455 0.00009909123778846679 1. 1.
447 0.33755520759781726 0.08773395355076047 67.68281814287545 0.9590960017894276 0.8090339894479527 0.00010076215870355612 1. 1.
448 0.3199975046164446 0.05818772897702537 67.08134961245217 0.9744183590463862 0.8159795132085502 0.000099145747339307 1. 1.
449 0.3281145007888286 0.020387197060308986 66.99272711166948 0.9688692276577876 0.8179074452450169 0.0000993911270972882 1. 1.
450 0.3094728424921665 0.07631456222595012 66.81163696345249 0.9553928872155004 0.8112697662466566 0.00010197006146613555 1. 1.
451 0.3048952890082516 0.0689854665331129 67.0498968785141 0.9801021950402726 0.8059960641655158 0.00010135982291848596 1. 1.
452 0.3144932976998118 0.047371074504918995 67.36808442011521 0.9604739328547176 0.8160413376069434 0.00009991281398460359 1. 1.
453 0.31600173538758886 0.033419091833673864 67.62061603624986 0.9668408128762256 0.8223729073327888 0.00010002415393334555 1. 1.
454 0.30980552031978875 0.050780683666644434 66.86858514171752 0.9664409024828776 0.8173576335715927 0.00009977164959584964 1. 1.
455 0.33184209066864045 0.08511264798742821 67.34766712100921 0.9535300720988721 0.8048175443784472 0.00009912306740116242 1. 1.
456 0.3235407414801117 0.008413852410239488 67.95920717304354 0.9769362748939636 0.8165399868419158 0.00009713158333140498 1. 1.
457 0.3331506812125754 0.06773874950420286 67.72502163103658 0.966931481538644 0.8154708415851427 0.0001003752656204037 1. 1.
458 0.31713948271490816 0.0055136899935776945 68.03486219152745 0.9605741381417277 0.8149624678304914 0.00010036060015127928 1. 1.
459 0.3093146418694711 0.0032521096293105997 66.86883192911091 0.9654069688810342 0.8070494691440245 0.00009954574897633516 1. 1.
460 0.32055066675985927 0.06821833165367808 67.5708020959532 0.9608411472094976 0.8086088726360219 0.00010059820320932122 1. 1.
461 0.317216297321713 0.0414591396863822 66.70340124888999 0.9694870307243653 0.8080868062032133 0.00009999841368660926 1. 1.
462 0.31708493150060457 0.003093405462406898 67.6458236486795 0.9695410769937111 0.808497856383152 0.0001005439950204774 1. 1.
463 0.3144859580784603 0.00787944297836058 67.5788075811353 0.97002879055715 0.8119134252257321 0.00009936062417560967 1. 1.
464 0.3127789787778551 0.04610884407274572 67.26262665132107 0.9693846115071711 0.8115345351025243 0.00010127494614661951 1. 1.
465 0.3082241771844455 0.06533792902197483 66.53757478241528 0.9611346487676992 0.8132723497637786 0.00010102226160813341 1. 1.
466 0.33442921612448073 0.03955006831227026 67.4624771096718 0.9644829777962655 0.8123365969748968 0.00009854706202483784 1. 1.
467 0.31781489850061434 0.026954554493711126 67.14607504017707 0.9735872016710432 0.810808253465207 0.00010057601108151436 1. 1.
468 0.32382702375780525 0.02516637036919051 66.94952825151108 0.9548682395465283 0.8146721012269421 0.00009952439188989767 1. 1.
469 0.3093800557104349 0.06724002609274245 66.83718462063143 0.971144903073943 0.8107163211825864 0.0000998122568942157 1. 1.
470 0.31850088819260874 0.042223919549392704 66.69145418431151 0.9719630608642205 0.812480572336929 0.00010122452084559597 1. 1.
471 0.32367227873650917 0.018639204091646953 67.47430768978943 0.9607422521474436 0.8094509164366589 0.00010061271913702785 1. 1.
472 0.3298562029953928 0.09652863568470661 67.31148573707634 0.9665137876550857 0.816766677295367 0.00010018328313413479 1. 1.
473 0.31302740237368804 0.02292293798412012 67.54203046447245 0.9700978293010147 0.8111217709037898 0.0000972802407370005 1. 1.
474 0.32583359918806865 0.09353903424542576 68.12491959117463 0.9637028436253121 0.8163317935093674 0.00010149387204564258 1. 1.
475 0.3183170083176957 0.025300461946885493 67.63033866151045 0.9562606688814911 0.8114540520880912 0.0001004645087409006 1. 1.
476 0.3073866295773082 0.05088111792112313 67.85963665991824 0.9586973315934494 0.8108536542768898 0.00009938898161215089 1. 1.
477 0.3089676282427521 0.024985804349846166 67.01430573769628 0.9526649641980401 0.8149392236317828 0.00009849783137514167 1. 1.
478 0.30229644513079995 0.09639888435188382 67.44725177161293 0.9631054902859478 0.807778593494984 0.00010010869802166041 1. 1.
479 0.310690724768326 0.07925831048217634 67.35493018370177 0.9506762692680732 0.81456312842437 0.00010025314510229433 1. 1.
480 0.31294049174158145 0.08139974349284498 67.73283228750695 0.9695167466870499 0.8091769945481516 0.00010207240358164142 1. 1.
481 0.3106988309411048 0.040847740348257694 67.89095886785441 0.9640398591459572 0.8177919537697458 0.00009896088254751772 1. 1.
482 0.31437713470277845 0.04540741722459829 67.3151631033185 0.9690059157049964 0.8107914792355513 0.00009973109432834887 1. 1.
483 0.323536518146393 0.06440846537444722 68.01522978055509 0.9674325571694492 0.810341995854096 0.00009963327333757194 1. 1.
484 0.31352080779208125 0.08949244967811472 67.7434089986673 0.9623752824249008 0.8079427415075712 0.00009942730017016753 1. 1.
485 0.31864946245482034 0.005593467432830394 66.78564411552208 0.9575070081312598 0.8194424087878587 0.00010107411548915722 1. 1.
486 0.3306325334102394 0.09184235610704014 67.44939615762952 0.9532225486011145 0.8008750374681347 0.0000987371486297645 1. 1.
487 0.31620517037387985 0.043528326872347346 66.9595756747053 0.9634162291112761 0.8062768342923196 0.00010027509269885295 1. 1.
488 0.33235660256645194 0.0205831714379738 67.45144606395606 0.9678243652966589 0.8136879247595888 0.00009964756476456193 1. 1.
489 0.3201452682128598 0.02217563629133347 67.55545047675955 0.964513427069736 0.8173710062834085 0.00009945432679534248 1. 1.
490 0.31058427344218903 0.0648695956474547 67.61520445489978 0.958571324194665 0.8082181887733316 0.00010110102760120356 1. 1.
491 0.3248391208080096 0.06218773128049698 66.80347209220747 0.9657835670298174 0.8094698792941722 0.00009920506785472832 1. 1.
492 0.30950528153977985 0.09050433425881246 67.30688322042958 0.9747976706088968 0.8117671389750104 0.00009889805457795948 1. 1.
493 0.3190670241870063 0.09822704468663077 67.41224651868559 0.9603468462936704 0.8064490578558794 0.00009977064349759889 1. 1.
494 0.32153481308834286 0.09097252749029983 67.63233710575487 0.9712650619290868 0.816927418054046 0.00010041889967198798 1. 1.
495 0.31605975742836 0.04490618046858857 67.31041208646015 0.9714234949997945 0.8107707860713959 0.00010027345922193219 1. 1.
496 0.33108352443746014 0.013220338778802153 67.35762074757176 0.9602969434847458 0.8064258005085818 0.00009879721716830277 1. 1.
497 0.31915656974596274 0.019554307149107903 67.250167144816 0.9743503560355311 0.8041793601215376 0.0000994093360252999 1. 1.
498 0.3135505976997809 0.03130048473892066 67.45240656995685 0.9650623391380618 0.8068181535457984 0.000100973072102444 1. 1.
499 0.3159093760820485 0.04263453973921735 67.7103031563654 0.9706683000876306 0.8136274133164978 0.00009966687429201879 1. 1.
500 0.29341276133714095 0.0315374309618789 67.57599077087117 0.9631832572162079 0.8073786298391434 0.0000983700107696788 1. 1.