1 0.3124489096018114 0.0902981380528558 66.49731114824993 0.9746086082150542 0.8124496770844447 1.e-15 1. 1.
2 0.3198035461992888 0.0839452795672425 67.15216702017771 0.9660397481010425 0.8112284727154273 1.e-15 1. 1.
3 0.3122167523655294 0.08092023070570939 67.6273361488406 0.9627986962343681 0.8161697761927763 1.e-15 1. 1.
4 0.3170671132000176 0.038314063767048975 67.363224099951 0.9733161075616453 0.8141486495306672 1.e-15 1. 1.
5 0.31794819032424937 0.02554775083682349 67.77394982705768 0.977221365871176 0.8093978809306054 1.e-15 1. 1.
6 0.3207555641826482 0.03345189233914287 66.97337702291945 0.9621053372889942 0.8127021970576169 1.e-15 1. 1.
7 0.3118755009020105 0.07103192648018751 67.77998350434909 0.9655537580014361 0.8102856293735345 1.e-15 1. 1.
8 0.3232029651257558 0.08502690241261927 67.22837386755322 0.977856036597671 0.8144419894899376 1.e-15 1. 1.
9 0.32069538495821914 0.08287588068823998 66.89760869272058 0.9634244863052287 0.8118819226232474 1.e-15 1. 1.
10 0.3232120194554404 0.0662761963828352 67.88722030515622 0.9635995961902837 0.8186348895124019 1.e-15 1. 1.
11 0.3144716695483254 0.0033904334678686587 67.22620550814413 0.9539589868135241 0.8130849187740362 1.e-15 1. 1.
12 0.3161991644990368 0.03765318085670942 67.324905354646 0.9736616705718248 0.8125847478444971 1.e-15 1. 1.
13 0.3316891351883454 0.041135113426643936 67.04279505540765 0.9597934567641866 0.8190057086843718 1.e-15 1. 1.
14 0.32839264896121895 0.07355979612554987 67.65082829086865 0.9677421318433331 0.8164207119770958 1.e-15 1. 1.
15 0.3204460165733755 0.057969021907553056 67.47822438749915 0.9855421781342029 0.8148967278226406 1.e-15 1. 1.
16 0.32759975070995667 0.0846302142743193 66.79385938939687 0.9708417265189919 0.8112384271199574 1.e-15 1. 1.
17 0.31743049457552364 0.10917959233443368 67.51187184190437 0.9566585336978558 0.8118332534070186 1.e-15 1. 1.
18 0.312482779326631 0.02030251134298961 66.65545229142045 0.9685131235505087 0.8134177379162881 1.e-15 1. 1.
19 0.318692494234772 0.06554615988865874 66.60845197314141 0.9643874635954611 0.8216360869890657 1.e-15 1. 1.
20 0.3167976640748765 0.13365587322284336 67.69770021045461 0.969722603907972 0.8136766405111381 1.e-15 1. 1.
21 0.3192002161359616 0.004176375431830484 67.83405567307665 0.9658779211952127 0.8054052063058201 1.e-15 1. 1.
22 0.31933964127596115 0.04002011931449588 67.49552331977742 0.9644991740399874 0.8127133010987536 1.e-15 1. 1.
23 0.3170911877311708 0.07977276626765183 67.7966076954749 0.9640486515546437 0.8197630745809517 1.e-15 1. 1.
24 0.332606806953394 0.042824710418464196 67.36376629768158 0.9744560558237059 0.8138129473752372 1.e-15 1. 1.
25 0.33076347863892064 0.04311833602096397 67.38843354007335 0.9589624009649581 0.8111844409680481 1.e-15 1. 1.
26 0.31875085976358825 0.06164900135343605 66.3725475154849 0.9633594719491722 0.8023986375606516 1.e-15 1. 1.
27 0.30722795197466657 0.07976023874559719 67.36600995539094 0.9618881940622771 0.8131584281002688 1.e-15 1. 1.
28 0.3311965107781299 0.06518950472203125 67.48789087159071 0.9790789376915988 0.8167087101338434 1.e-15 1. 1.
29 0.31548261769020836 0.03472259411997432 66.38986358912541 0.9669590182211377 0.8150403641627032 1.e-15 1. 1.
30 0.3248956023055138 0.09431359907739845 67.94133420724127 0.9567346352170695 0.8172425008145423 1.e-15 1. 1.
31 0.3207218558406294 0.04347521393193081 66.66699417808934 0.9735680434965326 0.8133985800845001 1.e-15 1. 1.
32 0.3197239560670526 0.081581442151533 67.40853616199686 0.9612525535915871 0.8089677300273597 1.e-15 1. 1.
33 0.3302039578631524 0.062240656058582144 67.67267074547121 0.9608313835515654 0.8159230722884664 1.e-15 1. 1.
34 0.3071781317549875 0.042092154087546296 67.41155629099853 0.9455688359793456 0.8046211281930489 1.e-15 1. 1.
35 0.3070343925962554 0.034589116293881284 67.2152687447622 0.9660312625945419 0.8084497845962392 1.e-15 1. 1.
36 0.31430789181867086 0.04994605263318378 67.20798347796149 0.9752504090842824 0.8117793065437925 1.e-15 1. 1.
37 0.3171118010320031 0.1161251513618642 67.03325617505465 0.9625361050666812 0.8142213822289642 1.e-15 1. 1.
38 0.30186937303793543 0.024829269673064057 67.40120500047117 0.9533267296587935 0.8119543903260038 1.e-15 1. 1.
39 0.31108655055814055 0.07553433661877026 68.11611507751708 0.968663044676054 0.80965380712733 1.e-15 1. 1.
40 0.3315556053768325 0.082604341495148 67.11745310259853 0.9576191265798574 0.8076222550563965 1.e-15 1. 1.
41 0.3147830951414236 0.04859750022239934 67.63279788480052 0.9747196023720843 0.8164266459108076 1.e-15 1. 1.
42 0.3271231186852112 0.009985714098634135 67.94568050587264 0.9713470616525969 0.8083220381233642 1.e-15 1. 1.
43 0.3162390835485036 0.07566611592999069 66.92666409641586 0.9762323736491846 0.8023588702064863 1.e-15 1. 1.
44 0.3257714826871843 0.11497163798665447 66.96237331377075 0.956193688558871 0.8133611436035043 1.e-15 1. 1.
45 0.2944035791815641 0.049119256168487536 67.44240337493957 0.976294961866753 0.8131088685146639 1.e-15 1. 1.
46 0.3205247043632769 0.055999931506049865 66.31223646639992 0.9741518285489483 0.8150254549161668 1.e-15 1. 1.
47 0.33102685626498224 0.04599945735853289 67.08825723257993 0.9537426406030364 0.8078864585002582 1.e-15 1. 1.
48 0.3232896600742302 0.04863714381448767 67.31097568673962 0.9599415140182561 0.8129524757825941 1.e-15 1. 1.
49 0.331947723860427 0.07246659635403996 66.90140115095676 0.9549265034587922 0.8148738083688849 1.e-15 1. 1.
50 0.33351822786067087 0.061427428650830146 67.38190648394705 0.9645830530175632 0.8108256833329668 1.e-15 1. 1.
51 0.31473951091680324 0.0018856791043077858 67.55668689324737 0.9598697848792634 0.8104084623979242 1.e-15 1. 1.
52 0.31075301175415815 0.0416661271795884 68.10654975208044 0.9663058984539433 0.8127426438413973 1.e-15 1. 1.
53 0.3174558698407566 0.04233569340734518 67.27605899529269 0.960098878676748 0.810893258944252 1.e-15 1. 1.
54 0.3077222175920114 0.00263174910262981 68.40592239457953 0.9729804232716887 0.801840468392578 1.e-15 1. 1.
55 0.320030335311382 0.04572068788635414 67.31248506107244 0.9619362540282242 0.8149992410538792 1.e-15 1. 1.
56 0.3319458477259377 0.0714207502970661 66.8936373583049 0.9596386167559173 0.8126720712271144 1.e-15 1. 1.
57 0.33018493313263275 0.05958724248654654 67.3872484870052 0.9687032776799313 0.8185563377261691 1.e-15 1. 1.
58 0.3195123960016857 0.07185824606288527 67.37561516860404 0.9659476355982098 0.8111320565757865 1.e-15 1. 1.
59 0.2947488723395453 0.014159161620351232 67.69234361869293 0.9730421881260984 0.8116155875694644 1.e-15 1. 1.
60 0.3064473014488669 0.0026922218265303527 66.99725413475484 0.9638858885755208 0.815273500192673 1.e-15 1. 1.
61 0.30473878606195226 0.03701132900937149 66.7895012768604 0.9585122234416097 0.8033260164452038 1.e-15 1. 1.
62 0.3271864749766782 0.06112941577113723 67.4347557304421 0.9611452242075541 0.814022922783134 1.e-15 1. 1.
63 0.30906197995989565 0.07313503985844973 67.29165765843767 0.9665199500821787 0.8188946826724925 1.e-15 1. 1.
64 0.3295651634947002 0.077405854342179 66.95564808625491 0.960218283244109 0.8066855137046023 1.e-15 1. 1.
65 0.3171620296437094 0.05068620188875112 67.14259945138376 0.977544848597971 0.8139143355844932 1.e-15 1. 1.
66 0.3181362758186008 0.0013494497716518838 67.58101300958735 0.9672433747278257 0.8174039650469738 1.e-15 1. 1.
67 0.31371831155587543 0.11703807122064436 67.92804696107315 0.9603691349444442 0.8086904977734672 1.e-15 1. 1.
68 0.2992440090645945 0.02235011846320069 66.49924056480745 0.9667040765685134 0.8029933487810474 1.e-15 1. 1.
69 0.3153824267345407 0.06960149751108378 67.17837965935415 0.9681743986395918 0.8066209031635626 1.e-15 1. 1.
70 0.3229567493623886 0.06599174524037367 67.1511314748298 0.9774259219440788 0.8141118998828302 1.e-15 1. 1.
71 0.31923538444923405 0.06369513096296625 66.89370161928765 0.9768173759706027 0.8053255215812255 1.e-15 1. 1.
72 0.31011769333083405 0.04127747618841145 67.14305121032288 0.9509974932929139 0.808501396059349 1.e-15 1. 1.
73 0.3119691512211045 0.03787296395713702 67.42024910971406 0.9684285731403306 0.8153136731235807 1.e-15 1. 1.
74 0.31765185196498447 0.05867947409777564 67.57823561159447 0.9719908767758416 0.8169005363003876 1.e-15 1. 1.
75 0.3177714147295218 0.032754809290325704 67.97176606515674 0.9677784612691122 0.8086432109431803 1.e-15 1. 1.
76 0.3173036439491484 0.017590385150781186 66.662146357132 0.9652578224907072 0.8071260293909946 1.e-15 1. 1.
77 0.3060071891771688 0.05466361166444454 67.64638045360614 0.9647783609488251 0.8192472808078152 1.e-15 1. 1.
78 0.32722518609609896 0.03246250675880369 66.82684901499054 0.9771544925349811 0.8049728141064212 1.e-15 1. 1.
79 0.3074662088691684 0.014707788762493533 67.15949550570056 0.9667869619495348 0.8102181898122863 1.e-15 1. 1.
80 0.29196466059640214 0.020157955737687885 67.52425381241893 0.9726742280069584 0.8029051387543735 1.e-15 1. 1.
81 0.3217012301614236 0.05555114432061478 67.2350652040975 0.9673773839899862 0.8134449383272387 1.e-15 1. 1.
82 0.31781301547900453 0.03661150950430741 67.34471051592713 0.9693397767682933 0.8199973440464494 1.e-15 1. 1.
83 0.3121612380215248 0.035736662856845194 66.9129970976789 0.9664190178981847 0.8164773562370985 1.e-15 1. 1.
84 0.3032252167943266 0.016920732649111293 67.70026023631122 0.9535512365846007 0.8135305460237052 1.e-15 1. 1.
85 0.3203592325596668 0.06061435966881148 67.78645887838444 0.9669087908270972 0.803501032599995 1.e-15 1. 1.
86 0.3326467842501426 0.05667936879564668 67.03311361294536 0.9677809368273864 0.8125646885290543 1.e-15 1. 1.
87 0.3102196797809653 0.06823908143453905 67.83663875100402 0.9739257633935163 0.8118468084618441 1.e-15 1. 1.
88 0.33164534976836907 0.06627343738092176 67.31256178971115 0.9722411589367718 0.8157821330477831 1.e-15 1. 1.
89 0.31153914995101223 0.03574564144187712 67.35892742240966 0.9705239016427425 0.8185588581730902 1.e-15 1. 1.
90 0.3135244473642771 0.04978703665296805 67.01067562885905 0.9785880431746601 0.8125695200407269 1.e-15 1. 1.
91 0.306644728817829 0.006498832232244685 66.9673695236342 0.9648835946119859 0.8229092505278809 1.e-15 1. 1.
92 0.31161980413091017 0.03533801923212922 67.34325893008165 0.9505767396186205 0.8038270540645235 1.e-15 1. 1.
93 0.3185031597505565 0.04741400481209036 67.09665946275905 0.9692503836367728 0.8114818333988293 1.e-15 1. 1.
94 0.32727360505163405 0.08200332183783379 66.39911973588751 0.9720555544201773 0.8148779581534561 1.e-15 1. 1.
95 0.3217264192702994 0.03537060325877545 68.15257212952156 0.9685713762059317 0.8073323752801723 1.e-15 1. 1.
96 0.315434172961229 0.015834000625409655 67.38902161736515 0.9592240562541001 0.8099499644464477 1.e-15 1. 1.
97 0.31830820485025535 0.06165982905208675 67.70315769525321 0.9543251640670503 0.8155944206974082 1.e-15 1. 1.
98 0.34386267600095455 0.09152603964292252 67.62549013455752 0.9605910462219112 0.8148577270057146 1.e-15 1. 1.
99 0.29432572389685485 0.1286332951551869 67.63105739453694 0.9658430244320658 0.8108759032189958 1.e-15 1. 1.
100 0.32974836701321947 0.04799096478994231 67.33937382341009 0.9619714146024101 0.8202526117418845 1.e-15 1. 1.
101 0.3166226426122089 0.08528925588096789 66.54600121537143 0.968857258514053 0.8183142952294148 1.e-15 1. 1.
102 0.31090441641468897 0.004587810767222755 67.70124952199444 0.9586415800527878 0.8129152204310802 1.e-15 1. 1.
103 0.3176848674751556 0.019502152337469686 68.02479701112382 0.9695434081997916 0.8067945893248124 1.e-15 1. 1.
104 0.3150454351698419 0.005996698988996567 67.78033780260904 0.963251676134515 0.8115265485422256 1.e-15 1. 1.
105 0.3043840402743269 0.02047993844281326 67.52273719707767 0.9693956811321467 0.814598625172264 1.e-15 1. 1.
106 0.32129623176034594 0.06492492281408882 67.08379108544874 0.9633295979250857 0.8074975418530919 1.e-15 1. 1.
107 0.31934985492818724 0.04262877369785372 67.0230185043856 0.9633279309915714 0.8197791783907364 1.e-15 1. 1.
108 0.30331524148759825 0.07123767273722698 67.40081070494718 0.9624262064875276 0.8158789976066056 1.e-15 1. 1.
109 0.3153775312497163 0.022796715076576025 67.05436617677842 0.9663576657617069 0.8144043143558012 1.e-15 1. 1.
110 0.3151702238600131 0.10158229263229072 67.25397513241664 0.9637430266688558 0.8108671233917808 1.e-15 1. 1.
111 0.3072139341153349 0.051255213845935226 67.51426672392293 0.9624535936706491 0.8196891298840104 1.e-15 1. 1.
112 0.3009618795126393 0.046395654364760924 67.60388705113834 0.9734542683989446 0.8162673006390662 1.e-15 1. 1.
113 0.3328524904911675 0.016142237735987483 66.92342954156423 0.9632069116658772 0.8128275874093419 1.e-15 1. 1.
114 0.30674781838695236 0.053790944942543474 66.75933933398395 0.9695144259255484 0.8185312454678935 1.e-15 1. 1.
115 0.31095127997287086 0.016967415345600645 67.42379775016474 0.9640567791863933 0.8167966200194914 1.e-15 1. 1.
116 0.3114168164310525 0.07772055500478195 67.49631656003702 0.9603673501048894 0.8171446092976608 1.e-15 1. 1.
117 0.3133252542636945 0.029466327320215875 67.60131066510873 0.9729195853078464 0.8071328128316801 1.e-15 1. 1.
118 0.31181558282471944 0.07602538673289169 67.85031402456299 0.9730779967198163 0.8059756784733276 1.e-15 1. 1.
119 0.32373824850872246 0.006131329277776987 66.58042017607802 0.9700164190554892 0.8146526054046017 1.e-15 1. 1.
120 0.3135617155437041 0.038004116064615456 67.30477303029909 0.9654340918908585 0.8131666166778799 1.e-15 1. 1.
121 0.2944186135800708 0.03911227892671239 67.49378645021888 0.9746510715621617 0.811305598759135 1.e-15 1. 1.
122 0.3061401652012692 0.05522530767531585 66.62132755122191 0.9675737657080417 0.8126402574460379 1.e-15 1. 1.
123 0.316148099587043 0.0284256166138203 67.11182303583898 0.9594196759153409 0.8119727692666241 1.e-15 1. 1.
124 0.3240668188447699 0.07100720424158449 67.40476411525465 0.9488144374076222 0.8120964538836759 1.e-15 1. 1.
125 0.31734328765586933 0.003924774192258888 67.02669056484847 0.9593472104210454 0.8149446748397113 1.e-15 1. 1.
126 0.30518975556149247 0.052255727452578914 67.36757030966514 0.9627512598060711 0.8112008274220844 1.e-15 1. 1.
127 0.32251613189333933 0.04176824406082353 67.38013412855008 0.9732382189359309 0.8101408433120798 1.e-15 1. 1.
128 0.3245863020920821 0.03684017055208103 67.67357964433187 0.9708403999733641 0.8102232263655812 1.e-15 1. 1.
129 0.32330561921349926 0.07435969870247615 67.6477949641969 0.9610702142654156 0.810494886329995 1.e-15 1. 1.
130 0.31363406948538647 0.04843652438263558 67.45870021331494 0.9712751670116508 0.8219870980668491 1.e-15 1. 1.
131 0.3104461923449925 0.03326732536380031 66.94905380665244 0.964007154235558 0.8065440091053128 1.e-15 1. 1.
132 0.32368456390751105 0.05817415604116642 67.91031469811935 0.9688630093587374 0.8105848790138508 1.e-15 1. 1.
133 0.3103310249087578 0.1155161860052379 67.40737561876209 0.9697097003437188 0.8160476843714178 1.e-15 1. 1.
134 0.3264382717811082 0.04728910951592162 66.40991680936659 0.957753180386894 0.8158282708614972 1.e-15 1. 1.
135 0.3158326758546331 0.04863238536304058 67.23220081058464 0.9639002240084539 0.8123534338067211 1.e-15 1. 1.
136 0.3127680175962409 0.0827739143654132 67.1270484237014 0.9709092608682803 0.8175785793016185 1.e-15 1. 1.
137 0.2992919021056356 0.029569702305650345 67.52321848065205 0.963879939896363 0.8079664254148599 1.e-15 1. 1.
138 0.31979168090152854 0.026514583623379977 66.69140965394618 0.9730482851253829 0.8185477310053622 1.e-15 1. 1.
139 0.31186262567056033 0.047787870261476746 66.84018144420084 0.9644718627945922 0.8080620855771722 1.e-15 1. 1.
140 0.311834160602857 0.05115474097541553 67.27336853449354 0.969084611444496 0.8115458311516386 1.e-15 1. 1.
141 0.3183325769604003 0.06808745771035928 67.2387412065151 0.9578867112169764 0.8140173313950427 1.e-15 1. 1.
142 0.300698180998797 0.023739780095194393 67.10342938540137 0.9613492472283849 0.8103004921959305 1.e-15 1. 1.
143 0.32365872796722017 0.05105866939962889 67.52423766597495 0.9638274627686931 0.8039086751014778 1.e-15 1. 1.
144 0.32991261020793544 0.009221525726936408 67.08852013672642 0.9769907923521074 0.8089826431539533 1.e-15 1. 1.
145 0.2997218159344216 0.04932388362311441 67.51227953038088 0.9596650907317305 0.8062300855751141 1.e-15 1. 1.
146 0.29769678637236824 0.02293044557218324 67.03250383327801 0.9564975045878545 0.8085112540704665 1.e-15 1. 1.
147 0.3213207493543939 0.05926481155852445 66.93303838065403 0.9577617840346123 0.8106563577658467 1.e-15 1. 1.
148 0.3357382022375263 0.03884896381997568 67.82360179362678 0.9704865166004158 0.813817097580646 1.e-15 1. 1.
149 0.3205414741234944 0.059707673308475935 67.2622987196236 0.9700983887300099 0.8114448275216332 1.e-15 1. 1.
150 0.32048615649338386 0.010462397115187316 67.42963168151769 0.978799390367216 0.8122045163954833 1.e-15 1. 1.
151 0.3205159598879661 0.039020128642118394 67.84620244596107 0.9621428018021526 0.8109835651514503 1.e-15 1. 1.
152 0.315232755077875 0.09672927667049427 67.61569251115502 0.9746526581401719 0.8141819984271007 1.e-15 1. 1.
153 0.3043915394383358 0.055033384063201574 67.09010855448452 0.9699629998557677 0.8130471281349841 1.e-15 1. 1.
154 0.3030120925042015 0.05598992684605531 67.53628429646534 0.9544508113787833 0.8138010013962306 1.e-15 1. 1.
155 0.3217176925319158 0.05937550962922232 67.21447106544693 0.9647830392886931 0.7989980647234846 1.e-15 1. 1.
156 0.3035918747847397 0.019870711365634633 67.496518527569 0.9509672847966176 0.8052651430423219 1.e-15 1. 1.
157 0.3267688601170198 0.06194822689528008 67.34811665074288 0.957398210963165 0.8143566051407695 1.e-15 1. 1.
158 0.31584222941287154 0.02618323659688548 67.71786155836234 0.9678117015313161 0.8105504077536685 1.e-15 1. 1.
159 0.3152355080721511 0.05461900357201838 66.98806894709955 0.9727482855321918 0.8133379497163391 1.e-15 1. 1.
160 0.3055421381530838 0.03699021373368172 67.31084864668681 0.9588867148206371 0.8126183862806555 1.e-15 1. 1.
161 0.3359963018556058 0.06151521638358819 67.54207599447352 0.9632052476046176 0.8121862663059574 1.e-15 1. 1.
162 0.3276636114586441 0.12771176121393624 67.23166585567576 0.965025154379643 0.8192443272766828 1.e-15 1. 1.
163 0.32700406868373827 0.05001594095004335 67.223138124427 0.9736857962536944 0.8069183056292324 1.e-15 1. 1.
164 0.3226677387619054 0.05889204522742356 67.36320869175475 0.9681288738727045 0.8130242726806626 1.e-15 1. 1.
165 0.3155693963922117 0.0884109975434546 67.46418602292474 0.9684610040569205 0.8077875907390966 1.e-15 1. 1.
166 0.31391695167707717 0.038271831347771915 67.34883674419152 0.9777900963677467 0.8101922270670214 1.e-15 1. 1.
167 0.30918324140936215 0.06667596224135225 67.53380119713565 0.9546709220785601 0.8190280100314186 1.e-15 1. 1.
168 0.3145042037126941 0.06092427965034323 67.4633397075882 0.9667662685892362 0.8210954600107494 1.e-15 1. 1.
169 0.31924238768163377 0.09726242249463471 67.37176273147811 0.9795229086124198 0.8129244048020159 1.e-15 1. 1.
170 0.30720575627861635 0.03691535325927033 67.23630815265138 0.9575670609236712 0.8041524273873584 1.e-15 1. 1.
171 0.30431644197221097 0.03854524393359235 67.38070924167889 0.9602614888042424 0.8175872557970674 1.e-15 1. 1.
172 0.29799427654002136 0.04895356221747441 67.23762319333011 0.970301199963068 0.8097673961363158 1.e-15 1. 1.
173 0.3199951294901201 0.04004239930081254 67.44748126058661 0.9703505369710977 0.8152633520740005 1.e-15 1. 1.
174 0.30676960386654334 0.07701483910605181 66.77025805951241 0.9707647913449539 0.8103248168244547 1.e-15 1. 1.
175 0.3235271644935356 0.0771876957105331 67.70200340057035 0.9589905734001766 0.8080628478449597 1.e-15 1. 1.
176 0.3137341348383648 0.030036845107948372 66.98471039955935 0.9679750600509297 0.8089078397975218 1.e-15 1. 1.
177 0.30077381517829743 0.09572312152295742 67.2847698820694 0.9613124547698879 0.8113325465286525 1.e-15 1. 1.
178 0.31922362358874173 0.09375323679387326 67.16799885316077 0.973987257435891 0.8242151616764798 1.e-15 1. 1.
179 0.3097862087464912 0.0984364822489956 67.30398470245592 0.9605620685387668 0.8059683406452355 1.e-15 1. 1.
180 0.3032647391665229 0.07424688896347637 67.61053090177818 0.971259979764983 0.8137444413220546 1.e-15 1. 1.
181 0.31003249663548277 0.05303551075915164 67.41427474801011 0.9671490760372042 0.817391675090294 1.e-15 1. 1.
182 0.3164231688209293 0.044221417816358105 67.35190386224012 0.9712016555186669 0.8148647922985406 1.e-15 1. 1.
183 0.3035355693603514 0.06347977461420329 67.53631911412903 0.9595797433923395 0.8095675341111978 1.e-15 1. 1.
184 0.31447021066823616 0.014871079572949426 67.89683959967323 0.9699397688536997 0.8084309490263182 1.e-15 1. 1.
185 0.31838286488496087 0.05569683813792154 67.22202710969171 0.9652390608806971 0.8063257255591069 1.e-15 1. 1.
186 0.3162564702330004 0.028352407823911976 67.52315290537614 0.964727770164683 0.8037493147592971 1.e-15 1. 1.
187 0.303124385703749 0.059760464890785375 66.80955200330719 0.972967182943803 0.808952908317057 1.e-15 1. 1.
188 0.3163678539188686 0.05681161499558638 68.00377204793048 0.971931753942283 0.8188741916416522 1.e-15 1. 1.
189 0.3276135481932427 0.025435893524908555 67.77268201428193 0.9515109181584727 0.8149348086421796 1.e-15 1. 1.
190 0.32144614332889326 0.015628424663721496 67.68055402958694 0.9665044402529064 0.8177602585636107 1.e-15 1. 1.
191 0.31763086183386746 0.05613719893253413 67.29799138863993 0.9646067298814605 0.8183478150297878 1.e-15 1. 1.
192 0.31312765041115315 0.1301200317371739 67.80834942367477 0.9799017504926717 0.815319299595938 1.e-15 1. 1.
193 0.3162222782781356 0.0657587957019971 66.7523454023145 0.9702801668325164 0.807301558463433 1.e-15 1. 1.
194 0.30971146990329207 0.06398470455344216 67.41921683872556 0.9624351889020154 0.8187578323224436 1.e-15 1. 1.
195 0.30422106418458794 0.07402588455523988 67.27497198219949 0.9644725631327581 0.8102794959083384 1.e-15 1. 1.
196 0.32144169673671436 0.05768202242863388 67.48822296224759 0.9597273031406585 0.812542031065158 1.e-15 1. 1.
197 0.3239631549622827 0.10997418727236495 68.51490090303399 0.9678595297504625 0.8178120990015209 1.e-15 1. 1.
198 0.30380129142050805 0.06413098745042893 67.22707640645322 0.9753748953865777 0.8129998741649823 1.e-15 1. 1.
199 0.30774206003174215 0.06954518695629527 67.26648545184618 0.9756052520904462 0.8158492690354359 1.e-15 1. 1.
200 0.32996881922945515 0.08949957500990596 66.77763171331581 0.961465343243439 0.813874403201891 1.e-15 1. 1.
201 0.3139064962881127 0.015201062157230175 67.28072638747933 0.9612461756402335 0.8199591498065958 1.e-15 1. 1.
202 0.3180310464824035 0.12375652365383105 67.72477270573192 0.971996002463525 0.8121789651124198 1.e-15 1. 1.
203 0.32735363886325025 0.013304027009011676 67.63617322761412 0.9688639539434785 0.8136956646869902 1.e-15 1. 1.
204 0.3172503297985184 0.07310450834110498 66.82795444178177 0.9695194261085479 0.807017337426689 1.e-15 1. 1.
205 0.32711005092890133 0.04351432925455272 67.32422922268864 0.9598390042330524 0.807913498802863 1.e-15 1. 1.
206 0.3128003902171107 0.036328158259120495 68.02831514545066 0.9725533650986935 0.8115362593079266 1.e-15 1. 1.
207 0.3188927817542393 0.04107769534918546 68.29698051667233 0.961514075487916 0.8117965102667938 1.e-15 1. 1.
208 0.32754318577194497 0.048486680602842565 66.53828460527045 0.9693358848105743 0.810993967004932 1.e-15 1. 1.
209 0.3216748976112004 0.05359411139774407 66.92042623453055 0.9707126407153579 0.8132548777404117 1.e-15 1. 1.
210 0.33028087989235 0.026302843169555955 67.6691345477301 0.9584857398558102 0.8181281681202961 1.e-15 1. 1.
211 0.3414826946731105 0.09515744560156503 67.68784403067231 0.9703528123566727 0.8084128469637913 1.e-15 1. 1.
212 0.3111905010460789 0.0798025805836924 68.40335571419494 0.9703274801245381 0.8108086211142705 1.e-15 1. 1.
213 0.31292057752148333 0.0163816042062229 67.3185525497303 0.9677084265171052 0.812303197768915 1.e-15 1. 1.
214 0.3111388521014868 0.018049097340895978 68.16449763515187 0.9739891468040383 0.8161856272612661 1.e-15 1. 1.
215 0.31578310979498075 0.07518612317421379 66.96280400494885 0.9758576034202419 0.8096194275274925 1.e-15 1. 1.
216 0.3154924825805321 0.06110726357859396 67.37527866073843 0.9623764318327882 0.8095542932812263 1.e-15 1. 1.
217 0.33058537449371045 0.05996411519814292 67.46380084162115 0.9782040989008929 0.8152009478940858 1.e-15 1. 1.
218 0.33239465275079294 0.028832248935820353 66.71116352396957 0.9624763695165335 0.8065689168086835 1.e-15 1. 1.
219 0.32122827708192375 0.06517293382515868 66.87705840567958 0.9588043571558272 0.8111810735462915 1.e-15 1. 1.
220 0.3100409929521035 0.07925172722116629 67.55935978750199 0.9575981396409547 0.8109458766674585 1.e-15 1. 1.
221 0.30009295182151774 0.0619122588499474 67.25125945473712 0.9580334940746716 0.810279866745777 1.e-15 1. 1.
222 0.31511056364492257 0.08680165699612387 66.94036730359558 0.9673386467155849 0.810015089510168 1.e-15 1. 1.
223 0.3035987564645241 0.0022418068720394674 67.51444452390426 0.9672799655350823 0.8161779612461351 1.e-15 1. 1.
224 0.31333180065212957 0.015628063409816047 66.93063130814774 0.9611846608014726 0.8109545298924337 1.e-15 1. 1.
225 0.2989795993430006 0.02792869416763085 67.8832845018175 0.9649523792914815 0.8133990744592755 1.e-15 1. 1.
226 0.3165431643807931 0.010007168601100035 67.59468963773683 0.9698286666788243 0.8105762522337892 1.e-15 1. 1.
227 0.3124974503203823 0.03933697545640391 67.49738676475687 0.9641693735506169 0.810559965828728 1.e-15 1. 1.
228 0.31334375829215755 0.056768695539462496 67.2035062493129 0.9796051650857945 0.8164968497808192 1.e-15 1. 1.
229 0.3061025010151832 0.06493642827005186 67.55514026084796 0.9676491618893599 0.815577072714631 1.e-15 1. 1.
230 0.32314278835155796 0.043474772527176325 67.67167005228808 0.9649561376505389 0.8051786039208035 1.e-15 1. 1.
231 0.32273049861476627 0.06794644648983719 67.85265293363159 0.9637973307074637 0.8180103752164845 1.e-15 1. 1.
232 0.3097180861261667 0.017218955617722236 67.5124036422003 0.9668243921852828 0.8118303477666919 1.e-15 1. 1.
233 0.32119131100791376 0.011024526296886217 67.38347319947918 0.965500941840606 0.8104724743125277 1.e-15 1. 1.
234 0.3091023089032437 0.05270857883859316 68.08538723920825 0.9733188714861936 0.8066241753677946 1.e-15 1. 1.
235 0.31623643250455086 0.049067930833413737 67.4460075404655 0.9656481453964867 0.8060206258031655 1.e-15 1. 1.
236 0.3145697674165177 0.027052989936474647 67.78990066422996 0.9689855104264758 0.8209357262862793 1.e-15 1. 1.
237 0.29881301642573743 0.07066857226624676 67.2134068809732 0.98012807930498 0.8131873166097157 1.e-15 1. 1.
238 0.3010984538862417 0.06025144881775649 67.76936725719364 0.9572414364212541 0.8081732561840721 1.e-15 1. 1.
239 0.3126314422637868 0.058175685896197774 67.30440010441443 0.9619711512107207 0.8094260624894576 1.e-15 1. 1.
240 0.32799385181827745 0.047447614474994265 66.31460219432714 0.9739210862845581 0.8124536387508595 1.e-15 1. 1.
241 0.30097455163023684 0.08435537687798583 67.6854883903351 0.9744949096799965 0.8095837128522467 1.e-15 1. 1.
242 0.30898220242682906 0.048441027714807114 67.76059778549087 0.9596192418885419 0.8084193398011832 1.e-15 1. 1.
243 0.3161125714980461 0.039085947104350226 67.56529806005346 0.9685931063149995 0.8165281606953317 1.e-15 1. 1.
244 0.33291142293840686 0.08641488776476805 67.23277575931861 0.9575953638295245 0.8185679038545407 1.e-15 1. 1.
245 0.31539128911236675 0.10995913572909255 66.96241468947485 0.9552444714280907 0.8134087767815668 1.e-15 1. 1.
246 0.318682787803329 0.027792885495010994 67.65186414499125 0.974656246734314 0.8116534489474256 1.e-15 1. 1.
247 0.31103428208884004 0.062662045265647 67.93609962158814 0.9646530866548334 0.8123611731763835 1.e-15 1. 1.
248 0.31185092155050287 0.04728835038728266 67.49079264146236 0.9704276762553378 0.8130622838723038 1.e-15 1. 1.
249 0.3124584754406606 0.009358335425004055 67.13585027330191 0.9659178910307139 0.8098458909156064 1.e-15 1. 1.
250 0.3208767431846501 0.08897656450426092 67.33708260673993 0.9609352624001128 0.8103443762225072 1.e-15 1. 1.
251 0.3217511268938237 0.0340815584283349 67.61242500140446 0.9623727935392087 0.8101554073244625 1.e-15 1. 1.
252 0.3082916220687683 0.04023400357643239 66.47740281438045 0.9749201024806485 0.8123084996922412 1.e-15 1. 1.
253 0.3091119581215165 0.0866161022568313 67.53918680506048 0.9496404088837436 0.8107258624348441 1.e-15 1. 1.
254 0.32655764175958163 0.04240446038252894 67.41763872130034 0.9571436124900086 0.8119585870073378 1.e-15 1. 1.
255 0.3150848048041635 0.042149079112224055 66.63748989661615 0.9651820429752656 0.8107017787420105 1.e-15 1. 1.
256 0.3192570996222919 0.08571001960354727 66.63878625856589 0.9716940130892922 0.8135001422723954 1.e-15 1. 1.
257 0.31506813469560696 0.04183389230291079 67.94248906581977 0.9747893437945298 0.814103703807949 1.e-15 1. 1.
258 0.31885877679581365 0.043130072354218646 67.71162448566912 0.9667267167717509 0.8104709373682802 1.e-15 1. 1.
259 0.32477426930244035 0.007839258176456587 67.43232773999894 0.9697977780740284 0.8069501313177545 1.e-15 1. 1.
260 0.3175338951311839 0.04266215745884425 67.26794383238708 0.9627971736476024 0.809002523834386 1.e-15 1. 1.
261 0.3038358201028881 0.06683543942446199 67.59695286185926 0.9639553149499639 0.8161963146782105 1.e-15 1. 1.
262 0.3191513341587085 0.059841172839734835 67.1013637447952 0.9616785590009241 0.8163870811535974 1.e-15 1. 1.
263 0.3264911504023124 0.05939361406740009 67.47162943503146 0.9708525232801746 0.8176734467015149 1.e-15 1. 1.
264 0.31511550380050296 0.048843436516122544 67.34274533800584 0.9728107018319372 0.8103754060687987 1.e-15 1. 1.
265 0.31183782141182503 0.08696794793743617 67.41987047363236 0.960056206721841 0.8106909208648034 1.e-15 1. 1.
266 0.32023122876067417 0.0006953707342015683 68.23098193718448 0.9673349043947406 0.8094607647258241 1.e-15 1. 1.
267 0.305429954580912 0.06455625275629108 66.83173617438052 0.9811047080359561 0.8093396635423508 1.e-15 1. 1.
268 0.30761835566884715 0.027100048323053405 67.37669887631317 0.9635006538204672 0.8134461504948839 1.e-15 1. 1.
269 0.30677148298425155 0.07435985187299401 66.79001913025886 0.959703934752043 0.8146944419591389 1.e-15 1. 1.
270 0.3295664117336376 0.05090073872861894 66.73973952136842 0.967874163056995 0.8125590096001429 1.e-15 1. 1.
271 0.3191179290492111 0.013998617385388525 66.75732718452579 0.96450819659706 0.8132528976660823 1.e-15 1. 1.
272 0.3094255125013364 0.005329995958288529 67.12821352538856 0.9662899248219423 0.8082328608637617 1.e-15 1. 1.
273 0.3389490093261709 0.03171570611390642 66.80693595993048 0.9680956234885313 0.8156905767779702 1.e-15 1. 1.
274 0.31560390127297955 0.10452071667376248 67.36617733136082 0.9759043064029805 0.8123784532037325 1.e-15 1. 1.
275 0.31017666077910955 0.04586881569892595 66.87470206702972 0.9719781516609024 0.8082449009845997 1.e-15 1. 1.
276 0.3205753136640435 0.08431444846648753 66.98307923950539 0.9823545435595131 0.8200524754105293 1.e-15 1. 1.
277 0.320602495730252 0.0008539725383234428 67.38703265896065 0.9703467367565749 0.8071917520609679 1.e-15 1. 1.
278 0.3215983864532557 0.13614267153194937 67.16652650048216 0.9732051945580071 0.8078355018802937 1.e-15 1. 1.
279 0.3069658431938278 0.04676812174909664 67.89181101880253 0.9758558898814339 0.8172838497517393 1.e-15 1. 1.
280 0.30221759719500885 0.03972700179216265 67.54793022906894 0.9825649268980994 0.8179659747918231 1.e-15 1. 1.
281 0.3128872033441532 0.06250622821289366 67.61797092186939 0.9712887315001713 0.8121037535624022 1.e-15 1. 1.
282 0.31815347559667917 0.0729256920354077 67.96481762614852 0.9613086144845596 0.8051862207357269 1.e-15 1. 1.
283 0.3159049765847199 0.04711416886265911 67.41395163192881 0.9666951426214194 0.80799179253894 1.e-15 1. 1.
284 0.3201815913673284 0.03561961327805996 67.34930267286384 0.966320576024825 0.8166662677148423 1.e-15 1. 1.
285 0.3152413131593318 0.0930506621785599 66.73628720762429 0.9672712260679827 0.8096669655159874 1.e-15 1. 1.
286 0.3218512923802317 0.059989684573701144 67.0616932933131 0.958591089951656 0.813690658124515 1.e-15 1. 1.
287 0.33145671858238557 0.0478399183920582 67.52931833618233 0.9546801916877088 0.8114920312031431 1.e-15 1. 1.
288 0.31176579774540303 0.06142170008930116 67.87910916846813 0.9610439201969768 0.8059624366837348 1.e-15 1. 1.
289 0.33880485527069937 0.016437466039872832 67.45446885502211 0.9632583537219432 0.8125051824773728 1.e-15 1. 1.
290 0.31573869563674917 0.030231349959010022 66.98873997417842 0.9736151754041916 0.8111335280899233 1.e-15 1. 1.
291 0.30127494569457114 0.009380975205728559 67.89634354808894 0.9689063680980683 0.8110500791129523 1.e-15 1. 1.
292 0.3231391422993713 0.0594280450026906 67.24686953041586 0.9623340845111502 0.8051409226695693 1.e-15 1. 1.
293 0.32612283366501127 0.024812638232502557 67.63778735867564 0.971536053150152 0.8045188688647088 1.e-15 1. 1.
294 0.3202483835147014 0.04404049849851992 67.49034579805316 0.9727224251913582 0.8150415925450807 1.e-15 1. 1.
295 0.30052074524631045 0.09528033034025829 67.58238071059073 0.9693513469659245 0.8154009506063339 1.e-15 1. 1.
296 0.3124047530674998 0.002873799880297935 68.29787293137174 0.9744628266495989 0.8181021386899854 1.e-15 1. 1.
297 0.33169292847110476 0.06469007515548462 66.77536765736264 0.9573778058544956 0.8116203972282715 1.e-15 1. 1.
298 0.31448987049099725 0.03606225888746237 67.25229686567133 0.9676011347861514 0.817642703650231 1.e-15 1. 1.
299 0.3028231655993821 0.013210358483220302 68.51223052002943 0.9488299377516034 0.8173877046947511 1.e-15 1. 1.
300 0.317837553857947 0.014011307277572702 67.14952971005731 0.9697059091729073 0.8122137159494798 1.e-15 1. 1.
301 0.31328822619514474 0.07166884565851563 67.04699954819948 0.9600637832882123 0.8125380662378754 1.e-15 1. 1.
302 0.3169508343740107 0.052606449960582405 66.76859133338291 0.9571121286998414 0.8109073775918961 1.e-15 1. 1.
303 0.32326742898000854 0.07091416759745978 67.00381402996031 0.9720528810764572 0.8200826427704553 1.e-15 1. 1.
304 0.30855153020177406 0.03534289142680916 67.66462799821545 0.965864547506683 0.8171107795921491 1.e-15 1. 1.
305 0.2985266873936855 0.0720944735337523 68.13988442210484 0.9597467871907758 0.8167507518348355 1.e-15 1. 1.
306 0.3098016284297242 0.07319007773887909 67.26151261559954 0.9674860545682925 0.8052388943794409 1.e-15 1. 1.
307 0.3166593341274644 0.0635155060650125 67.18403511741464 0.961492098728948 0.8170389853199868 1.e-15 1. 1.
308 0.31901327160897935 0.10334270495310649 67.20107640761714 0.9543928931437256 0.8122707539493422 1.e-15 1. 1.
309 0.31724481422856804 0.07080093489274043 66.76295152756293 0.967405817590723 0.8146031013604824 1.e-15 1. 1.
310 0.31134357282678066 0.0833123131472826 68.18020978209836 0.9703918467931999 0.8107756116043948 1.e-15 1. 1.
311 0.31454207989188543 0.0978390724436543 66.56428001318619 0.9740864417577006 0.8110368489300585 1.e-15 1. 1.
312 0.3166921620449013 0.10040510626017127 67.98757940189424 0.9725790920490962 0.808695695726855 1.e-15 1. 1.
313 0.3206573592682113 0.04082507601866158 67.7234009686745 0.9705951179535937 0.8142480665840037 1.e-15 1. 1.
314 0.31972468244640073 0.0646540200703875 68.0481034428336 0.9687791399756432 0.8200077957348505 1.e-15 1. 1.
315 0.31268400098708427 0.031884910418935784 67.30542433141076 0.9798361015477277 0.8142648099207951 1.e-15 1. 1.
316 0.33723466758433784 0.06285298535933492 67.65550209844699 0.9868707104630187 0.8194916380774847 1.e-15 1. 1.
317 0.31957599331697567 0.053145457101661096 66.71412436360959 0.9687147452043948 0.8128101706585822 1.e-15 1. 1.
318 0.31250604456064074 0.05212121420321034 67.2167760799482 0.989224274886455 0.813674538302818 1.e-15 1. 1.
319 0.3116840773069667 0.020269155053631385 67.37633624653297 0.972636957074555 0.8103213661706848 1.e-15 1. 1.
320 0.30100888652823693 0.05924679827475629 66.68726836373855 0.9748648289935743 0.8143135571284348 1.e-15 1. 1.
321 0.32631901729563256 0.016087366684540187 67.07405747542403 0.9663834629959359 0.8174260251498114 1.e-15 1. 1.
322 0.32844863882653497 0.03310815405869115 66.91989756511778 0.9535114528434796 0.8142335476801555 1.e-15 1. 1.
323 0.3166273597447525 0.05649560670681043 67.57814719238516 0.9680545100902959 0.8119273275555943 1.e-15 1. 1.
324 0.32014494342381394 0.024812748269618705 67.17470652168048 0.9529561750697089 0.8086792712871639 1.e-15 1. 1.
325 0.3040857688329427 0.0065514510977714435 66.79598248787471 0.9701037072889682 0.8084783510469669 1.e-15 1. 1.
326 0.32611393618018675 0.058040174953458736 67.54102523227843 0.9579208528982074 0.808924746005222 1.e-15 1. 1.
327 0.3186607209898486 0.005746028779288578 68.14166053522975 0.9747427436212913 0.8140901405687172 1.e-15 1. 1.
328 0.32155571143348344 0.0305285735513411 67.81511394728679 0.9511439721777589 0.8124859082836089 1.e-15 1. 1.
329 0.3025598325565298 0.02095202262960478 67.12225640776617 0.9642572916317412 0.8084410469828774 1.e-15 1. 1.
330 0.3261598216094365 0.08368524710683128 67.35625843697599 0.9681618360486107 0.8068480391863158 1.e-15 1. 1.
331 0.3178343171224391 0.03658275654422207 67.35737120511538 0.9638159525405208 0.8131710675426913 1.e-15 1. 1.
332 0.3112231354926161 0.07273451068752282 67.28120290589465 0.9745290308352546 0.8060305687512664 1.e-15 1. 1.
333 0.33246445056642393 0.046713274695243535 66.49321948777995 0.9646987588073705 0.8160649668845746 1.e-15 1. 1.
334 0.3221470492224218 0.08983332095470845 67.59753066890038 0.9715490457612878 0.8147602355567768 1.e-15 1. 1.
335 0.2982980748705985 0.05350240530918362 67.19256036768378 0.9715358239345412 0.814002459167331 1.e-15 1. 1.
336 0.3061180903093035 0.09690802600307852 67.4421538616163 0.9578110154085253 0.810371864098471 1.e-15 1. 1.
337 0.2987626234866036 0.07775697285240514 67.26183560919762 0.9702696986381428 0.8177143483028587 1.e-15 1. 1.
338 0.3275663082609747 0.05304276072068565 67.52992303410477 0.9633628391283527 0.8091043956858704 1.e-15 1. 1.
339 0.308176296456252 0.04798427337399175 67.78644671274557 0.9565302567230717 0.8137079246844503 1.e-15 1. 1.
340 0.3347909940562563 0.06672375541654771 67.65934432447507 0.9618872169326316 0.8122957238321138 1.e-15 1. 1.
341 0.3006096941327947 0.06252550997615147 68.03245200322017 0.9543813157586892 0.8152515233254302 1.e-15 1. 1.
342 0.3067815281470292 0.047879470973868445 67.4446522821871 0.9761745510465144 0.8143257976509591 1.e-15 1. 1.
343 0.3290355843682553 0.07561530129997743 67.9114850011733 0.9609100146261111 0.8130067449417574 1.e-15 1. 1.
344 0.31159182363755633 0.019923025361763255 67.1943486860422 0.9717109203934221 0.8128239853821636 1.e-15 1. 1.
345 0.3161169853778453 0.051446776511479914 67.7835026740725 0.9596966261873605 0.8154197875140415 1.e-15 1. 1.
346 0.3218639408128682 0.12378559101918966 66.76583718634899 0.9654060002941286 0.8183070599391284 1.e-15 1. 1.
347 0.29920640802649945 0.05765351468712798 67.19761159274167 0.9694892875072038 0.8120089750263872 1.e-15 1. 1.
348 0.31262991150416614 0.009335913311616893 67.364679890412 0.9595758908504409 0.8188823571947029 1.e-15 1. 1.
349 0.3074429188592861 0.0952357100324702 67.4178144375099 0.963258350738949 0.8153646516591396 1.e-15 1. 1.
350 0.30810456695365773 0.04940312394131036 67.12706715304103 0.9621001137502335 0.8108482566058686 1.e-15 1. 1.
351 0.31662589484391135 0.0831997551254937 67.2619880861641 0.9737730223702076 0.812353671916858 1.e-15 1. 1.
352 0.3177587395230408 0.050249638265284766 66.38092912277558 0.9643585332470583 0.8104232554443476 1.e-15 1. 1.
353 0.31442740051409845 0.0003261527375499479 67.66963099220531 0.9621816535538718 0.8140886821067014 1.e-15 1. 1.
354 0.32555515318190864 0.0180641870138692 67.6063110238267 0.9758410618064585 0.8139827742209391 1.e-15 1. 1.
355 0.3212416836708522 0.04270983310105292 67.40284785677063 0.9588580343593728 0.813404628309714 1.e-15 1. 1.
356 0.30324144105322653 0.09693253890744243 67.28506823918079 0.957699257074099 0.8091883103598615 1.e-15 1. 1.
357 0.315292750000133 0.005842164281869663 67.13990156168938 0.9703633134175795 0.8108036344914037 1.e-15 1. 1.
358 0.30960637432065236 0.09859935805933435 67.70833032789871 0.9687816598183131 0.8126469761219118 1.e-15 1. 1.
359 0.32390613629865533 0.04407048135840873 68.31438438918971 0.971009419587253 0.8079964327146513 1.e-15 1. 1.
360 0.3213972951826081 0.10631707345961958 67.03930205718636 0.9756312245414529 0.8170079583817141 1.e-15 1. 1.
361 0.30951648225869444 0.020223262745443556 66.82918987693742 0.9695749280117925 0.8146903035838301 1.e-15 1. 1.
362 0.32327977348855097 0.03402151245434184 67.8189795357741 0.9554879216494992 0.8128370758895274 1.e-15 1. 1.
363 0.3128509718259251 0.015576479402363258 67.8585400022192 0.9622063635238304 0.8088658803531934 1.e-15 1. 1.
364 0.32155535089682324 0.06909169994650984 67.56410954373067 0.968291506501606 0.8148864698179125 1.e-15 1. 1.
365 0.31354562322648355 0.07155571426011101 67.41083564643299 0.9724711150814905 0.8117273617993265 1.e-15 1. 1.
366 0.3078782413430334 0.06515071535314898 67.08658216788622 0.950016288253505 0.8193768601043748 1.e-15 1. 1.
367 0.29470508696460446 0.05004503742402487 67.27806445107687 0.9701172269574682 0.8089055125337443 1.e-15 1. 1.
368 0.32955572798192734 0.05741287547206399 67.92910440509088 0.9646663585378452 0.8068629536484846 1.e-15 1. 1.
369 0.31278718038498116 0.06005607106633309 67.57861020827161 0.968949858276947 0.8202587241601675 1.e-15 1. 1.
370 0.3169241128568704 0.05490245207377633 67.44901557849677 0.9586479285746994 0.8119313359257696 1.e-15 1. 1.
371 0.3205813289996691 0.042746993399421666 66.88075362076763 0.9651546349330126 0.8170906951417873 1.e-15 1. 1.
372 0.3165880127878287 0.04955321665281676 67.01978216871363 0.969007062733657 0.8091509874566853 1.e-15 1. 1.
373 0.30885202088798314 0.07135422238457004 67.85636798573003 0.967984881717627 0.8117741891340992 1.e-15 1. 1.
374 0.3123747919149204 0.001876844225600166 67.31289662774397 0.9598857483557625 0.8056571369067416 1.e-15 1. 1.
375 0.3122393173173186 0.03844324283228098 67.63525663348857 0.9608065766251016 0.8234201171718492 1.e-15 1. 1.
376 0.3136596482123335 0.07185695046199765 67.25352007191934 0.9549905623655174 0.8095391725663506 1.e-15 1. 1.
377 0.3252562368442224 0.051451616221316 67.9139862856408 0.9653930993132328 0.8189217330847645 1.e-15 1. 1.
378 0.3175724577475181 0.001157034142461849 67.70836982899213 0.9595683398409457 0.815697981169909 1.e-15 1. 1.
379 0.32565284976515513 0.07623612826731799 67.63505195871657 0.9624877232724297 0.8111465267122019 1.e-15 1. 1.
380 0.3295674610590885 0.012585383089408729 67.44973506197142 0.9577713925121865 0.8050814710319986 1.e-15 1. 1.
381 0.3193174256265489 0.08175800148906379 67.57583789939112 0.9600926043160355 0.8153484343194853 1.e-15 1. 1.
382 0.3204363297365637 0.06514665351900156 66.78548071324622 0.965799847020936 0.811820939548561 1.e-15 1. 1.
383 0.30732937318647696 0.04443785050391236 66.25090534728966 0.9559192868494737 0.8102581308921217 1.e-15 1. 1.
384 0.32750846216288493 0.1722633467346366 67.96878898483268 0.9637270026831328 0.8062183236686311 1.e-15 1. 1.
385 0.31625155342185474 0.05402832759481598 67.49032563484593 0.966463154007445 0.8039403915278416 1.e-15 1. 1.
386 0.3292838762824482 0.08529449580648815 66.7137155457278 0.9644503492711359 0.806680964699709 1.e-15 1. 1.
387 0.29890612218710216 0.04926276750078058 67.6104013962229 0.9669182190410142 0.8104826219835098 1.e-15 1. 1.
388 0.31891800334872755 0.007530361695526899 67.11949478912791 0.964475171646659 0.8135177112983704 1.e-15 1. 1.
389 0.3188876996110767 0.04161734800076493 66.79073033072898 0.9707585512702676 0.8177781360991215 1.e-15 1. 1.
390 0.3173049529684493 0.02497503373393235 67.21252736487926 0.9651692648302013 0.8151284203092457 1.e-15 1. 1.
391 0.31735883990721353 0.04592643778752932 67.23323568171433 0.9633181959865722 0.8019221419385494 1.e-15 1. 1.
392 0.3205824996546288 0.018938692177086946 67.38945905427339 0.963022697649896 0.813325862168367 1.e-15 1. 1.
393 0.31893956555405983 0.039569709926172834 67.43276444054625 0.9667749737016192 0.8112734648106348 1.e-15 1. 1.
394 0.3268060783136135 0.00040456883464421584 66.77307255934508 0.9577436930456917 0.8128361445394299 1.e-15 1. 1.
395 0.3144850867280301 0.06982920687506636 67.25676645644945 0.9589887232616191 0.8224520654365174 1.e-15 1. 1.
396 0.3112046792549434 0.08583695644686101 67.18929383979776 0.9623831398569526 0.8064589655217446 1.e-15 1. 1.
397 0.32356440956975085 0.10826911913451032 68.24430337294879 0.9836975670919799 0.8094777910034007 1.e-15 1. 1.
398 0.31759823669689063 0.042326960565168555 66.92689799604096 0.9631228359572694 0.8185718277519078 1.e-15 1. 1.
399 0.3183161870947852 0.0617757315287166 66.64247959218649 0.9642425934217119 0.8203560241521245 1.e-15 1. 1.
400 0.3195426785514306 0.04115541538774917 68.18908266912076 0.9623377636829904 0.8140249359695026 1.e-15 1. 1.
401 0.33221834243317716 0.012135323909027697 67.84956299335605 0.9639082895856771 0.8081438504541235 1.e-15 1. 1.
402 0.31566696937545885 0.05147689347065705 67.3020454597952 0.9714773674521733 0.811089362405556 1.e-15 1. 1.
403 0.3197970110433571 0.06040296495120688 66.88470118118501 0.973285728534258 0.8128182189646382 1.e-15 1. 1.
404 0.29834185893568377 0.014640133110138134 67.62859451427838 0.9592150361094799 0.8110274356283149 1.e-15 1. 1.
405 0.32320394679694875 0.0653993462559339 68.15032706206925 0.975725060996187 0.8061882788913547 1.e-15 1. 1.
406 0.3247814954001482 0.0832271522218369 67.78980871380948 0.9646034491336626 0.8168941006242669 1.e-15 1. 1.
407 0.32535286009391984 0.02383264137749199 67.37444154542129 0.9794508105770391 0.8182757279880388 1.e-15 1. 1.
408 0.3244402692899787 0.024410350597620315 67.64613590774366 0.9745956545082948 0.8093061397237884 1.e-15 1. 1.
409 0.3210262603714569 0.049919847288301636 67.68852941566718 0.9572779199632592 0.8109692296810695 1.e-15 1. 1.
410 0.32152050156804185 0.008012003733646508 67.95390929335368 0.9692569905391136 0.8172385063197692 1.e-15 1. 1.
411 0.3115733799020464 0.09073670089028113 67.28670939238783 0.9732936852037637 0.8200723810626064 1.e-15 1. 1.
412 0.30670805645229626 0.02551912918019099 68.0133049300892 0.9689239249442507 0.8109184600233157 1.e-15 1. 1.
413 0.3200965231703091 0.10867745771996565 66.76886812990537 0.9738270339993744 0.8127749077615817 1.e-15 1. 1.
414 0.32307269240448533 0.004177613230574917 67.2645151391359 0.9703005246550594 0.8138538481521248 1.e-15 1. 1.
415 0.3109378184351947 0.060458145087230145 66.88677411202671 0.963667775298567 0.8128366184390033 1.e-15 1. 1.
416 0.3179232832042556 0.04887180841843136 66.7852580313065 0.9594399929716605 0.8086120230872763 1.e-15 1. 1.
417 0.31003060349387823 0.024399125877159988 66.51646577344634 0.9709296000218167 0.8045514038357879 1.e-15 1. 1.
418 0.3251920498787344 0.05647664287838607 67.03446886214417 0.9699017354411608 0.812441314175887 1.e-15 1. 1.
419 0.3253143164905202 0.08598798717654729 66.85373979809366 0.9692166901807435 0.8243354518600299 1.e-15 1. 1.
420 0.32359779380614606 0.06626939006291498 66.91073144799743 0.968768051414071 0.8091519819487657 1.e-15 1. 1.
421 0.32726354312151207 0.08675738109314399 68.5021003636309 0.9665797943232107 0.8126004677545783 1.e-15 1. 1.
422 0.30800273350920127 0.0652034541557387 67.20971290085757 0.9731316661137022 0.8089146510291461 1.e-15 1. 1.
423 0.32463830106127595 0.10337909708819937 66.98511920503172 0.9816714413422715 0.8126501175869416 1.e-15 1. 1.
424 0.317100194296497 0.015440782019932223 67.74412666801238 0.9697503674089428 0.814230964386165 1.e-15 1. 1.
425 0.3117146180328893 0.0517988180207602 67.0423332244042 0.9668394484115956 0.8100438037126747 1.e-15 1. 1.
426 0.31914617143990276 0.08209107860160378 66.7852984656882 0.9686087684507896 0.8110359654255811 1.e-15 1. 1.
427 0.3081166552324234 0.03699509622401866 67.85043624927717 0.9767951913383567 0.8150178741101636 1.e-15 1. 1.
428 0.31181081856423987 0.021795714041461488 67.23941629336308 0.9697430980865616 0.8081044450114582 1.e-15 1. 1.
429 0.3055616171168713 0.020494174185544545 68.04774899274973 0.9707592470647408 0.8133812576212697 1.e-15 1. 1.
430 0.30295992744343725 0.0584890106069587 67.06198472972558 0.968237668633365 0.8171198962912763 1.e-15 1. 1.
431 0.330070281190287 0.07387262832119981 67.03025545536978 0.9565234689780714 0.8144821002215185 1.e-15 1. 1.
432 0.3318893467845066 0.060573553775207005 67.80867595266356 0.9627023237587425 0.8183866071802898 1.e-15 1. 1.
433 0.3040709463411112 0.02518950353740064 67.34256971000526 0.9709316492680125 0.8127124496192885 1.e-15 1. 1.
434 0.30187106156921556 0.04778148121868369 66.87403743107558 0.9680710682061953 0.8164790417379155 1.e-15 1. 1.
435 0.3129145288545031 0.09374831794719753 67.65524808400485 0.9617182322927486 0.8103867281479558 1.e-15 1. 1.
436 0.33298871125669643 0.04681421091593157 67.80282296933274 0.9631091083332591 0.8104417982007485 1.e-15 1. 1.
437 0.32553748771086044 0.08845380636039948 68.14104770881097 0.9714716222103488 0.8139237097184752 1.e-15 1. 1.
438 0.3134217879685918 0.005399745012333722 67.82914896696744 0.9609388425703237 0.8160405026317651 1.e-15 1. 1.
439 0.3060983972726814 0.0008283468356147447 67.40826153483853 0.9601857447850053 0.8062385253063513 1.e-15 1. 1.
440 0.30838718666699294 0.06610988285544118 67.28453080702323 0.9708473458566813 0.8109128350140605 1.e-15 1. 1.
441 0.31556117398188055 0.051995550467195055 66.35195286100324 0.972937329639526 0.8085690969047591 1.e-15 1. 1.
442 0.3037655091332995 0.10218968283288646 66.61106050206435 0.9455215840391649 0.816103806618255 1.e-15 1. 1.
443 0.31887048552006375 0.11326401913998754 67.16552080123701 0.9685989899934478 0.8143219917884174 1.e-15 1. 1.
444 0.32139639599729536 0.06308572270914582 66.55334764281824 0.9727743182457913 0.8090106264243053 1.e-15 1. 1.
445 0.30183722023386794 0.03419619763683507 67.0839680692814 0.9668196300065954 0.8132782877053333 1.e-15 1. 1.
446 0.33242077103694806 0.06200128290964313 66.56370947521545 0.9632181565088184 0.8122533917916872 1.e-15 1. 1.
447 0.31458996526903116 0.04751175448896125 67.39506007720644 0.951438488582614 0.8125814663519808 1.e-15 1. 1.
448 0.30897308892878267 0.06564236331355555 67.70618385258348 0.9746524752131149 0.8118934050429355 1.e-15 1. 1.
449 0.30639549768942376 0.01301096719574446 67.567077572266 0.9719644482672526 0.8049513417838888 1.e-15 1. 1.
450 0.320291836573729 0.0011910457081152348 67.44857247492901 0.9747068133215632 0.8129658405292393 1.e-15 1. 1.
451 0.31244710416909893 0.02362225467429531 66.97485820578208 0.9568161227520924 0.8126857916555544 1.e-15 1. 1.
452 0.3270614013658539 0.011164793626506637 67.55364137709955 0.976614011332807 0.8124425591621686 1.e-15 1. 1.
453 0.30766717396564613 0.0251444996457975 67.43415155918592 0.970183216722901 0.8127938859175246 1.e-15 1. 1.
454 0.3141809501175291 0.0865373295231048 68.46192106395284 0.9618370601919038 0.8113811494917373 1.e-15 1. 1.
455 0.3201757965134525 0.03612863972140325 67.54498209823755 0.9569986007018756 0.8152241265144774 1.e-15 1. 1.
456 0.31384967697909893 0.019288579596756047 67.08427900647435 0.9591003913209444 0.8174797184396173 1.e-15 1. 1.
457 0.30789685047060356 0.03171525380403181 66.46485066794938 0.9796308117843172 0.8159118473694355 1.e-15 1. 1.
458 0.29829267364452383 0.0259169785465186 67.79610240873565 0.9726474318514989 0.8167410847274097 1.e-15 1. 1.
459 0.3128199161503535 0.050442113597578705 67.31897379358693 0.967705730458442 0.8118767347522529 1.e-15 1. 1.
460 0.3306143610870745 0.05721362046608286 67.0502126896329 0.9661678016621035 0.8153187977268089 1.e-15 1. 1.
461 0.30754988780603026 0.0729653420139357 67.03588425743936 0.9522861712177499 0.8139112541860518 1.e-15 1. 1.
462 0.30725783445652183 0.03886984794623623 66.93099843846561 0.9698603299213997 0.8127355137020237 1.e-15 1. 1.
463 0.3029392908209589 0.021622966876252724 67.26640982541564 0.9757065410968828 0.816795764545923 1.e-15 1. 1.
464 0.3180721643666003 0.048408527129929615 67.46771303303315 0.9586837113677132 0.8130968091480729 1.e-15 1. 1.
465 0.29831220026317756 0.01569678119839056 67.0290876047155 0.9629868244785136 0.8124887828130768 1.e-15 1. 1.
466 0.3075562078164972 0.030369236986585252 67.9464154697048 0.9653964894220882 0.8135114894124676 1.e-15 1. 1.
467 0.307196725993635 0.05689360168544017 67.50149487340681 0.9590529125322202 0.8153799605707676 1.e-15 1. 1.
468 0.3169748518921898 0.046359291707790365 67.46416327843204 0.9643829867768677 0.8074472560023699 1.e-15 1. 1.
469 0.30562960082217094 0.017256703705968608 68.46828335137121 0.9599735370624969 0.8082344047561582 1.e-15 1. 1.
470 0.3129615840186894 0.049489414811386016 67.69353273799872 0.9671149718812723 0.8096282196963868 1.e-15 1. 1.
471 0.31880816962565206 0.006697534041375276 67.37311549483391 0.9856526376362812 0.8137594471863647 1.e-15 1. 1.
472 0.3174509532341912 0.09250884324274636 66.91996095304728 0.9560200513265074 0.8096536116125415 1.e-15 1. 1.
473 0.3049955403509124 0.09777831207026089 67.01878749220938 0.964808282522984 0.8051043068929975 1.e-15 1. 1.
474 0.3027008682717579 0.057523821352484794 67.8018323648448 0.9614765154501064 0.8138776381649656 1.e-15 1. 1.
475 0.31881785315595335 0.054551360788420385 67.63558413078275 0.9671527135494953 0.8129882409678922 1.e-15 1. 1.
476 0.30845037210545834 0.08334198367976015 67.63434300586171 0.9690526608774277 0.8078041199437487 1.e-15 1. 1.
477 0.32070680456573264 0.07147292079700537 66.96726830867804 0.9498073059368188 0.81448644533416 1.e-15 1. 1.
478 0.3180080068723045 0.030916672188042914 67.31170144561521 0.9493694983132184 0.8231760576571114 1.e-15 1. 1.
479 0.30206534732893686 0.022785026151566412 67.01166745847637 0.9762966854422831 0.8101145205769329 1.e-15 1. 1.
480 0.3176399339905081 0.04279012227482424 67.3662135455939 0.9584076491875658 0.8114835477710386 1.e-15 1. 1.
481 0.3226781911289827 0.005520165299169336 66.93055100009758 0.9709525999001706 0.8149113368517609 1.e-15 1. 1.
482 0.30317447563743016 0.045145798110551305 67.21618355006548 0.9645352922703843 0.8074513606678078 1.e-15 1. 1.
483 0.3245890437731779 0.09199574961764037 67.57796118258918 0.967099285861641 0.8148464738599077 1.e-15 1. 1.
484 0.3239887475447966 0.06786806319435232 68.00145869270968 0.9672236565154371 0.8043956951758103 1.e-15 1. 1.
485 0.3220286609939126 0.021411172569710358 67.81622253890012 0.9662135083222687 0.8057230186024249 1.e-15 1. 1.
486 0.31614396727042204 0.10016221304059472 67.40903646731293 0.9614088473095103 0.8203380619497378 1.e-15 1. 1.
487 0.31451202253247745 0.06965963225212407 67.10859246607842 0.9700605176259295 0.8064882941618637 1.e-15 1. 1.
488 0.29270885905264565 0.0355606180934329 67.88360559062646 0.9637154675740702 0.8136790822587567 1.e-15 1. 1.
489 0.3067159549904824 0.0021389322832528965 67.52556482866993 0.9615205180475491 0.8140515460797156 1.e-15 1. 1.
490 0.3227204618882333 0.03641385188398875 67.5939664562175 0.9583573668497947 0.8106727639011505 1.e-15 1. 1.
491 0.31703394975719945 0.05039300256833806 66.57018290062935 0.9743690310807184 0.8117363321004777 1.e-15 1. 1.
492 0.3018433530901689 0.060081598715479204 66.4683159735099 0.9635016457066872 0.8155881889823888 1.e-15 1. 1.
493 0.3307169736927194 0.0609814493252048 67.7933047753274 0.9689573098602591 0.8164378435065366 1.e-15 1. 1.
494 0.32741677114240286 0.038949576360683816 67.12597492030847 0.9761850292947747 0.8152041219333193 1.e-15 1. 1.
495 0.31984995036071195 0.07254262190994881 67.67589714531903 0.966213694530152 0.8102132196086109 1.e-15 1. 1.
496 0.32779821756525696 0.022909718707406414 67.04137347226983 0.9746635021327855 0.8058927424851001 1.e-15 1. 1.
497 0.31238272772837666 0.0709048795690889 67.72123374820374 0.9770152113554778 0.8146743658740164 1.e-15 1. 1.
498 0.313681863872793 0.07070339301568264 67.49290701864957 0.9705273456208169 0.8098740301568144 1.e-15 1. 1.
499 0.3284996428996911 0.028784271864258176 67.89301639290562 0.9610952571050356 0.8131231974766355 1.e-15 1. 1.
500 0.3159831446468294 0.08977972288940056 67.14724358283641 0.9634543155069462 0.8161374584537261 1.e-15 1. 1.